   0.0000000e+00  -7.3902000e-03   1.1033900e+01   2.0000000e+00
   1.0000000e+00  -4.3074500e+00   1.2039100e+01   2.0000000e+00
   2.0000000e+00   1.7377800e+01  -4.2773800e+00  -1.0000000e+00
   3.0000000e+00   6.0246600e+00   1.7269800e+01  -2.0000000e+00
   4.0000000e+00   1.8813200e+01  -2.9126600e-01  -1.0000000e+00
   5.0000000e+00   9.7645100e+00  -4.5065000e+00   1.0000000e+00
   6.0000000e+00   8.7568400e-01   1.4580800e+01   2.0000000e+00
   7.0000000e+00  -2.3443500e+00  -7.5743300e-02   1.0000000e+00
   8.0000000e+00  -3.7690400e+00   1.4160800e+00  -3.0000000e+00
   9.0000000e+00   1.4337700e+01   6.3727000e+00   1.0000000e+00
   1.0000000e+01  -5.1235300e+00  -1.0365600e+01   1.0000000e+00
   1.1000000e+01   2.1159600e+00   2.9207500e+00  -3.0000000e+00
   1.2000000e+01   4.2216400e+00   9.9926000e+00   2.0000000e+00
   1.3000000e+01   3.3599300e-01  -1.8409100e+01  -1.0000000e+00
   1.4000000e+01  -3.1523900e-01   3.9090900e-01  -3.0000000e+00
   1.5000000e+01   1.3817300e+01  -1.1129000e+01  -2.0000000e+00
   1.6000000e+01   1.5734700e+01   2.8507900e+00  -2.0000000e+00
   1.7000000e+01   3.5780400e+00   1.1963100e+01   2.0000000e+00
   1.8000000e+01   1.6648900e+00   4.9675100e+00  -3.0000000e+00
   1.9000000e+01  -8.4332400e+00   1.2799500e+01   2.0000000e+00
   2.0000000e+01   4.5726500e+00  -1.7366000e+01  -2.0000000e+00
   2.1000000e+01   1.6478900e+01  -8.3929300e+00  -2.0000000e+00
   2.2000000e+01  -1.4803300e+01  -1.0793400e+01  -1.0000000e+00
   2.3000000e+01   1.7934600e+01   5.4399200e+00  -1.0000000e+00
   2.4000000e+01   2.3500500e+00  -1.7881400e+01  -1.0000000e+00
   2.5000000e+01   1.3981000e+01   1.2242800e+01  -1.0000000e+00
   2.6000000e+01  -1.0521200e+01  -1.5413200e+01  -1.0000000e+00
   2.7000000e+01   1.2357500e+01  -1.7944200e+00   1.0000000e+00
   2.8000000e+01   1.5868400e+01  -1.0474100e+01  -1.0000000e+00
   2.9000000e+01  -5.8597600e+00   8.7296800e-01  -3.0000000e+00
   3.0000000e+01  -9.2233200e+00  -1.1266700e+01   1.0000000e+00
   3.1000000e+01   1.3562200e+01   2.2257400e+00   1.0000000e+00
   3.2000000e+01  -6.9191700e+00  -1.6436000e+01  -2.0000000e+00
   3.3000000e+01  -1.1296300e+01  -1.1749900e+01  -2.0000000e+00
   3.4000000e+01  -1.4269100e+01   6.6092100e+00  -2.0000000e+00
   3.5000000e+01  -1.2168000e+01  -8.1078900e+00   1.0000000e+00
   3.6000000e+01  -1.2197800e+01   2.6109800e-01  -3.0000000e+00
   3.7000000e+01   1.2235000e+01   1.3830100e+01  -1.0000000e+00
   3.8000000e+01   8.2602000e+00  -1.0677400e+01   1.0000000e+00
   3.9000000e+01   1.2064900e+00   7.0178400e+00   2.0000000e+00
   4.0000000e+01  -1.7521800e+00   1.9181800e+00  -3.0000000e+00
   4.1000000e+01  -1.3449400e+01  -1.2359000e+01  -1.0000000e+00
   4.2000000e+01  -1.1347400e+01   9.6940500e+00   2.0000000e+00
   4.3000000e+01  -7.4905000e+00   1.6557300e+01  -2.0000000e+00
   4.4000000e+01   4.6711600e+00  -9.7174000e+00   1.0000000e+00
   4.5000000e+01   1.0289000e+01   5.3097900e+00   1.0000000e+00
   4.6000000e+01  -1.4394600e+01   9.9784400e-01  -3.0000000e+00
   4.7000000e+01   1.1765100e+01  -3.8252700e+00   1.0000000e+00
   4.8000000e+01  -1.4570500e+01  -3.0882000e+00  -2.0000000e+00
   4.9000000e+01  -7.5528600e+00  -5.2407300e+00   1.0000000e+00
   5.0000000e+01  -2.7223500e+00   1.3630400e+01   2.0000000e+00
   5.1000000e+01  -8.4521400e+00  -1.5092800e+00  -3.0000000e+00
   5.2000000e+01   1.2233100e+01  -9.4042900e+00   0.0000000e+00
   5.3000000e+01   1.1489500e+01   1.7084200e+00   1.0000000e+00
   5.4000000e+01   7.0556300e+00  -1.4713400e+01   1.0000000e+00
   5.5000000e+01  -1.3988300e+01  -1.0528600e+00  -3.0000000e+00
   5.6000000e+01   1.1890600e+01   1.1627600e+01  -2.0000000e+00
   5.7000000e+01  -7.9646300e+00   5.0328800e+00   2.0000000e+00
   5.8000000e+01   1.3371700e+01   1.0038200e+01  -2.0000000e+00
   5.9000000e+01  -9.5423400e-01  -9.2503700e+00   1.0000000e+00
   6.0000000e+01  -5.3086200e+00  -1.8015500e+01  -1.0000000e+00
   6.1000000e+01   1.1326100e+01  -5.9030800e+00   1.0000000e+00
   6.2000000e+01   1.0300300e+01  -2.3322700e+00   1.0000000e+00
   6.3000000e+01  -1.1871100e+01  -1.3838800e+01  -1.0000000e+00
   6.4000000e+01   2.9909400e+00   1.4101200e+01   2.0000000e+00
   6.5000000e+01   8.8029200e+00  -9.0233100e-01   1.0000000e+00
   6.6000000e+01  -2.3420900e+00   5.9834700e+00   2.0000000e+00
   6.7000000e+01   1.5775200e+00  -6.6634500e+00   1.0000000e+00
   6.8000000e+01  -8.1229000e+00   1.0668300e+00  -3.0000000e+00
   6.9000000e+01  -1.3420500e+01   1.0109700e+01  -2.0000000e+00
   7.0000000e+01  -1.5090800e+01   2.9314500e+00   2.0000000e+00
   7.1000000e+01   5.2138800e+00  -7.6861100e+00   1.0000000e+00
   7.2000000e+01  -5.8918600e+00   4.8177000e+00   2.0000000e+00
   7.3000000e+01  -1.6326600e+01  -9.1622600e+00  -1.0000000e+00
   7.4000000e+01   1.3956100e+01   4.3006600e+00   1.0000000e+00
   7.5000000e+01  -1.0777000e+01   7.7180000e+00   2.0000000e+00
   7.6000000e+01  -8.0291200e+00  -7.3183700e+00   1.0000000e+00
   7.7000000e+01  -3.6006500e+00   1.0053300e+01   2.0000000e+00
   7.8000000e+01  -1.4084800e+01   1.2133900e+01  -1.0000000e+00
   7.9000000e+01  -1.7218800e+01   3.2875200e+00  -2.0000000e+00
   8.0000000e+01  -2.4723000e+00   1.9440000e+01  -1.0000000e+00
   8.1000000e+01  -4.3471400e+00  -6.0493500e-01   1.0000000e+00
   8.2000000e+01  -1.8674300e+01   1.7749900e+00  -1.0000000e+00
   8.3000000e+01   1.5970900e+01  -2.7682600e+00  -2.0000000e+00
   8.4000000e+01  -3.0614600e+00  -9.7398100e+00   1.0000000e+00
   8.5000000e+01  -9.9756200e+00   5.5542300e+00   2.0000000e+00
   8.6000000e+01   3.8685500e+00   1.7594100e+01  -2.0000000e+00
   8.7000000e+01   1.5426500e+01   1.0755900e+01  -1.0000000e+00
   8.8000000e+01   1.6424300e+00   1.8217600e+01  -1.0000000e+00
   8.9000000e+01   9.1861700e+00  -6.5189900e+00   1.0000000e+00
   9.0000000e+01  -5.8937300e+00   1.8237500e+01  -1.0000000e+00
   9.1000000e+01   8.6397400e+00  -1.6204900e+01  -2.0000000e+00
   9.2000000e+01  -7.2362500e+00   8.8021400e+00   2.0000000e+00
   9.3000000e+01   9.3514700e+00   1.2231400e+00   1.0000000e+00
   9.4000000e+01  -1.6223200e+00  -1.9073400e+01  -1.0000000e+00
   9.5000000e+01  -9.0493600e+00  -1.6955100e+01  -1.0000000e+00
   9.6000000e+01  -1.2535400e+01  -2.5754800e+00  -3.0000000e+00
   9.7000000e+01  -1.6375300e+01   6.8779200e+00  -1.0000000e+00
   9.8000000e+01   8.6391700e+00   1.4702600e+01  -2.0000000e+00
   9.9000000e+01   2.7233600e+00  -2.5878600e+00   1.0000000e+00
   1.0000000e+02  -1.0504000e+01  -2.0620800e+00  -3.0000000e+00
   1.0100000e+02   5.2046400e+00   5.8756100e+00  -3.0000000e+00
   1.0200000e+02   1.1331000e+00  -1.0872800e+00   1.0000000e+00
   1.0300000e+02   6.3065200e+00   4.1331800e+00  -3.0000000e+00
   1.0400000e+02   2.0714100e+00   1.0536500e+01   2.0000000e+00
   1.0500000e+02   6.7353200e+00  -1.4332200e+00   1.0000000e+00
   1.0600000e+02   2.6137000e+00  -1.0219500e+01   1.0000000e+00
   1.0700000e+02   9.8972400e+00   1.0887700e+01  -3.0000000e+00
   1.0800000e+02   5.6786700e+00   2.1074900e+00  -3.0000000e+00
   1.0900000e+02   8.2626800e+00  -2.9772100e+00   1.0000000e+00
   1.1000000e+02  -9.6011000e+00   1.7030700e+01  -1.0000000e+00
   1.1100000e+02   3.1504600e+00  -8.2168500e+00   1.0000000e+00
   1.1200000e+02   1.0892800e+01  -2.6781600e-01   1.0000000e+00
   1.1300000e+02   1.6827700e+01  -6.3259000e+00  -2.0000000e+00
   1.1400000e+02  -1.0900000e+01   1.9083200e+00  -3.0000000e+00
   1.1500000e+02  -1.3099700e+01  -4.6120100e+00  -2.0000000e+00
   1.1600000e+02  -2.6486900e+00  -1.5406000e+01   1.0000000e+00
   1.1700000e+02  -1.8751200e+01  -2.3450700e+00  -1.0000000e+00
   1.1800000e+02   6.5600900e+00  -1.6733600e+01  -2.0000000e+00
   1.1900000e+02   2.1333300e+00  -4.5942700e+00   1.0000000e+00
   1.2000000e+02  -1.5744400e+00   9.5750700e+00   2.0000000e+00
   1.2100000e+02  -1.2837900e+01  -1.0097200e+01  -2.0000000e+00
   1.2200000e+02   1.1771500e+01  -1.1529800e+01  -2.0000000e+00
   1.2300000e+02  -1.3715700e+01  -6.6075400e+00  -2.0000000e+00
   1.2400000e+02   5.5666700e+00  -1.3244200e+01   1.0000000e+00
   1.2500000e+02  -1.0081400e+01  -7.6927600e+00   1.0000000e+00
   1.2600000e+02   1.5113600e+00  -1.4248400e+01   1.0000000e+00
   1.2700000e+02   1.1202400e+01  -1.3606300e+01  -2.0000000e+00
   1.2800000e+02  -3.2843200e+00   1.5625600e+01   2.0000000e+00
   1.2900000e+02  -4.1796500e+00  -1.3777900e+01   1.0000000e+00
   1.3000000e+02  -9.6263600e+00  -5.6266300e+00   1.0000000e+00
   1.3100000e+02  -6.5086400e+00   6.8141600e+00   2.0000000e+00
   1.3200000e+02  -1.6096500e+01  -7.0409900e-01  -2.0000000e+00
   1.3300000e+02  -1.1394800e+01   4.0011400e+00   2.0000000e+00
   1.3400000e+02  -9.1480600e-01  -1.6160700e+00   1.0000000e+00
   1.3500000e+02  -5.5506700e+00  -4.6722800e+00   1.0000000e+00
   1.3600000e+02   1.0676500e+01  -1.5707800e+01  -1.0000000e+00
   1.3700000e+02   5.9499000e-01   8.9848900e+00   2.0000000e+00
   1.3800000e+02   3.6093100e+00  -6.1195500e+00   1.0000000e+00
   1.3900000e+02   5.0562200e+00  -1.5304700e+01   1.0000000e+00
   1.4000000e+02   9.1610500e+00  -1.4085200e+01  -2.0000000e+00
   1.4100000e+02  -7.7115400e+00  -1.2905300e+01   1.0000000e+00
   1.4200000e+02  -5.6854300e+00  -1.2352700e+01   1.0000000e+00
   1.4300000e+02   3.2266300e+00  -5.4147800e-01   1.0000000e+00
   1.4400000e+02   1.5134200e+01   8.1550500e-01   1.0000000e+00
   1.4500000e+02   5.0472100e+00   1.3442000e+01   2.0000000e+00
   1.4600000e+02  -2.4355900e+00  -7.6673700e+00   1.0000000e+00
   1.4700000e+02   1.3303600e+01  -1.3317400e+01  -1.0000000e+00
   1.4800000e+02  -1.1063700e+01  -4.0961500e+00   1.0000000e+00
   1.4900000e+02   3.5428900e+00  -1.3819300e+01   1.0000000e+00
   1.5000000e+02   1.1103000e+00  -8.8169000e+00   1.0000000e+00
   1.5100000e+02   1.1936500e+01   3.7723800e+00   1.0000000e+00
   1.5200000e+02   1.4550800e+01  -1.2642400e+00   1.0000000e+00
   1.5300000e+02  -5.1445500e+00   8.3581900e+00   2.0000000e+00
   1.5400000e+02  -4.5594800e+00  -8.2708100e+00   1.0000000e+00
   1.5500000e+02   1.5918800e+01   4.9631300e+00  -2.0000000e+00
   1.5600000e+02   6.4459900e-02   3.0146800e+00  -3.0000000e+00
   1.5700000e+02   6.1345300e-01  -3.1120800e+00   1.0000000e+00
   1.5800000e+02  -8.5998400e+00   7.0866900e+00   2.0000000e+00
   1.5900000e+02  -1.3506800e+01   4.4567700e+00   2.0000000e+00
   1.6000000e+02  -1.5342300e+01  -5.0384000e+00  -1.0000000e+00
   1.6100000e+02   1.6571700e+01  -7.8064500e-01  -2.0000000e+00
   1.6200000e+02  -1.0939000e+01   1.5397800e+01  -1.0000000e+00
   1.6300000e+02   1.7096000e+00   8.8682400e-01  -3.0000000e+00
   1.6400000e+02  -3.0570200e+00   8.0373900e+00   2.0000000e+00
   1.6500000e+02   5.2017000e+00   1.9171900e+01  -1.0000000e+00
   1.6600000e+02   1.7836600e+01   3.3365800e+00  -1.0000000e+00
   1.6700000e+02  -6.8304500e+00   1.4532900e+01   2.0000000e+00
   1.6800000e+02  -9.3242600e+00   9.2124400e+00   2.0000000e+00
   1.6900000e+02  -1.9360800e+00  -5.6386300e+00   1.0000000e+00
   1.7000000e+02  -6.3045300e-01  -1.4806600e+01   1.0000000e+00
   1.7100000e+02   1.3056800e+01   1.5824200e-01   1.0000000e+00
   1.7200000e+02  -6.3761100e+00   1.2413100e+01   2.0000000e+00
   1.7300000e+02  -1.5786400e+01  -7.0822800e+00  -2.0000000e+00
   1.7400000e+02   8.1892000e+00   1.6741600e+01  -1.0000000e+00
   1.7500000e+02  -1.6000700e+01   1.1006700e+01  -1.0000000e+00
   1.7600000e+02   7.6460300e+00  -1.2648600e+01   1.0000000e+00
   1.7700000e+02   7.7885400e+00   1.0912100e+01  -3.0000000e+00
   1.7800000e+02   7.2597100e+00   7.0878100e-01   1.0000000e+00
   1.7900000e+02   1.4433400e+00   1.2597200e+01   2.0000000e+00
   1.8000000e+02  -9.3880600e+00   3.4001100e+00  -3.0000000e+00
   1.8100000e+02   4.7427000e+00  -1.9906000e+00   1.0000000e+00
   1.8200000e+02   2.9653200e+00  -1.5840900e+01  -2.0000000e+00
   1.8300000e+02  -5.2507300e+00   2.8680800e+00  -3.0000000e+00
   1.8400000e+02  -2.1942700e-02  -1.2828900e+01   1.0000000e+00
   1.8500000e+02  -1.2801500e+01   8.1252500e+00   0.0000000e+00
   1.8600000e+02   1.6564900e+01   7.2181400e+00  -2.0000000e+00
   1.8700000e+02   9.9358800e+00   3.2678600e+00   1.0000000e+00
   1.8800000e+02  -3.5044600e+00  -4.1537800e+00   1.0000000e+00
   1.8900000e+02  -1.8566100e+01  -2.9095200e-01  -1.0000000e+00
   1.9000000e+02   5.2181400e+00   5.7875800e-03   1.0000000e+00
   1.9100000e+02  -9.8787100e+00  -1.3272600e+01  -2.0000000e+00
   1.9200000e+02  -6.0330300e+00  -6.7777200e+00   1.0000000e+00
   1.9300000e+02   1.4322400e+01  -9.0579700e+00  -2.0000000e+00
   1.9400000e+02   5.7286900e+00   1.1435900e+01   2.0000000e+00
   1.9500000e+02  -1.7148600e+00   1.7267300e+01  -2.0000000e+00
   1.9600000e+02  -1.2936700e+01   2.4752600e+00   2.0000000e+00
   1.9700000e+02   5.0066400e-01  -1.0799700e+01   1.0000000e+00
   1.9800000e+02  -1.8233800e+01   5.1682200e+00  -1.0000000e+00
   1.9900000e+02  -1.2775000e+00   1.5099900e+01   2.0000000e+00
   2.0000000e+02   1.0728900e+01   1.5330700e+01  -1.0000000e+00
   2.0100000e+02  -7.8015200e+00   1.0782600e+01   2.0000000e+00
   2.0200000e+02  -7.3102500e+00   2.9993200e+00  -3.0000000e+00
   2.0300000e+02  -1.2069200e+01   6.0650800e+00   2.0000000e+00
   2.0400000e+02  -9.8711900e+00   1.1308800e+01   2.0000000e+00
   2.0500000e+02  -1.0764100e+01  -9.6560100e+00   1.0000000e+00
   2.0600000e+02   8.2874700e+00   4.7621700e+00  -3.0000000e+00
   2.0700000e+02   1.3282300e+01  -5.2097200e+00   0.0000000e+00
   2.0800000e+02   1.0234500e+01  -1.0080900e+01   1.0000000e+00
   2.0900000e+02   1.8106800e+01  -2.3207400e+00  -1.0000000e+00
   2.1000000e+02   5.7441700e+00  -5.6537300e+00   1.0000000e+00
   2.1100000e+02   6.6708500e+00  -9.1851800e+00   1.0000000e+00
   2.1200000e+02  -7.3817000e+00  -1.8505100e+01  -1.0000000e+00
   2.1300000e+02  -5.9235400e-01   1.3073400e+01   2.0000000e+00
   2.1400000e+02   1.2801300e+01  -7.3991100e+00   1.0000000e+00
   2.1500000e+02  -4.9347000e+00  -2.6344100e+00   1.0000000e+00
   2.1600000e+02   1.7237700e+01   1.2224600e+00  -2.0000000e+00
   2.1700000e+02  -9.9619500e-01   7.5399700e+00   2.0000000e+00
   2.1800000e+02   1.2837900e+01   7.8853600e+00   1.0000000e+00
   2.1900000e+02  -5.6502900e+00   1.0398800e+01   2.0000000e+00
   2.2000000e+02  -1.2202000e+00  -1.7000000e+01  -2.0000000e+00
   2.2100000e+02   8.8468800e+00   6.7735700e+00  -3.0000000e+00
   2.2200000e+02   2.0270000e+00  -1.2230100e+01   1.0000000e+00
   2.2300000e+02   1.0333200e+01   1.2992200e+01  -2.0000000e+00
   2.2400000e+02   8.6131700e+00   8.8667500e+00  -3.0000000e+00
   2.2500000e+02  -3.9000300e+00   1.7705000e+01  -2.0000000e+00
   2.2600000e+02  -7.0142400e+00  -3.1888800e+00   1.0000000e+00
   2.2700000e+02  -1.7888400e+01  -6.7301700e+00  -1.0000000e+00
   2.2800000e+02   1.4918700e+01   8.4991700e+00  -2.0000000e+00
   2.2900000e+02   6.7582500e+00   7.2796700e+00  -3.0000000e+00
   2.3000000e+02  -3.7876100e+00   4.3788300e+00  -3.0000000e+00
   2.3100000e+02  -9.0334000e+00  -3.6447800e+00   1.0000000e+00
   2.3200000e+02   1.0833200e+01   7.3249600e+00  -3.0000000e+00
   2.3300000e+02   3.2432500e-01   1.6620700e+01  -2.0000000e+00
   2.3400000e+02  -1.2044600e+01   1.1691400e+01  -2.0000000e+00
   2.3500000e+02  -1.2652200e+01   1.3756300e+01  -1.0000000e+00
   2.3600000e+02  -1.6444100e+01   1.3235100e+00  -2.0000000e+00
   2.3700000e+02  -4.7311300e+00  -1.5926600e+01  -2.0000000e+00
   2.3800000e+02   4.5305500e+00   1.5546300e+01   2.0000000e+00
   2.3900000e+02  -2.9023100e+00  -2.1612600e+00   1.0000000e+00
   2.4000000e+02  -4.1586900e-01  -7.1825700e+00   1.0000000e+00
   2.4100000e+02  -8.8651500e+00   1.4866500e+01  -2.0000000e+00
   2.4200000e+02   1.4823400e+01  -6.8894000e+00   1.0000000e+00
   2.4300000e+02  -5.4079200e+00   1.6126200e+01  -2.0000000e+00
   2.4400000e+02  -8.4656400e+00  -1.4938100e+01  -2.0000000e+00
   2.4500000e+02   6.2788800e+00   9.3270300e+00   2.0000000e+00
   2.4600000e+02   7.7430800e+00  -5.0215000e+00   1.0000000e+00
   2.4700000e+02   1.3857400e+01  -3.2221200e+00   1.0000000e+00
   2.4800000e+02  -1.5215200e+01   9.0512800e+00  -2.0000000e+00
   2.4900000e+02  -2.2170600e+00   1.1621900e+01   2.0000000e+00
   2.5000000e+02  -1.5794900e+01   4.8805200e+00  -2.0000000e+00
   2.5100000e+02  -9.9603600e+00  -4.5610600e-02  -3.0000000e+00
   2.5200000e+02  -7.1536000e+00  -1.0875200e+01   1.0000000e+00
   2.5300000e+02  -2.1513000e+00  -1.3336500e+01   1.0000000e+00
   2.5400000e+02   1.5371300e+01  -4.8221300e+00  -2.0000000e+00
   2.5500000e+02   6.5499500e+00   1.5021200e+01  -2.0000000e+00
   2.5600000e+02  -1.7490000e+00   3.9993300e+00  -3.0000000e+00
   2.5700000e+02   1.2296700e+01   5.8596400e+00   1.0000000e+00
   2.5800000e+02   6.0886700e+00  -1.8901500e+01  -1.0000000e+00
   2.5900000e+02   7.2356700e+00  -7.1684600e+00   1.0000000e+00
   2.6000000e+02  -6.3481700e+00  -1.1194700e+00  -3.0000000e+00
   2.6100000e+02   3.8730000e+00   4.1838700e+00  -3.0000000e+00
   2.6200000e+02  -1.5637900e+00  -1.1298500e+01   1.0000000e+00
   2.6300000e+02   4.0492900e+00  -1.1798100e+01   1.0000000e+00
   2.6400000e+02  -3.5957700e+00  -1.1754200e+01   1.0000000e+00
   2.6500000e+02  -4.0370000e+00  -6.1957900e+00   1.0000000e+00
   2.6600000e+02  -1.1638900e+01  -6.0941900e+00   1.0000000e+00
   2.6700000e+02  -3.3048900e+00  -1.7451400e+01  -2.0000000e+00
   2.6800000e+02   2.6398100e+00   8.5262600e+00   2.0000000e+00
   2.6900000e+02   6.2644400e+00  -3.4569300e+00   1.0000000e+00
   2.7000000e+02   7.2545100e+00   1.2963000e+01  -3.0000000e+00
   2.7100000e+02  -4.7639400e+00   1.4153800e+01   2.0000000e+00
   2.7200000e+02  -2.1227400e-01   1.9113000e+01  -1.0000000e+00
   2.7300000e+02   9.7671500e+00  -1.2114400e+01   1.0000000e+00
   2.7400000e+02   2.3490400e+00   1.6164900e+01  -2.0000000e+00
   2.7500000e+02  -1.0575700e+01   1.3355400e+01  -2.0000000e+00
   2.7600000e+02   8.1220100e+00  -1.8286100e+01  -1.0000000e+00
   2.7700000e+02  -1.7982300e+01  -4.2929800e+00  -1.0000000e+00
   2.7800000e+02  -1.8533000e+01  -8.6927400e+00  -1.0000000e+00
   2.7900000e+02   4.7277000e+00   7.9143300e+00   2.0000000e+00
   2.8000000e+02  -6.5931100e+00  -8.8834000e+00   1.0000000e+00
   2.8100000e+02  -6.2794600e+00  -1.4407700e+01   1.0000000e+00
   2.8200000e+02   1.1410000e+01   9.3931500e+00  -3.0000000e+00
   2.8300000e+02   6.1194600e+00  -1.1192500e+01   1.0000000e+00
   2.8400000e+02   9.4644800e-02  -5.1705200e+00   1.0000000e+00
   2.8500000e+02   3.2120700e+00   6.4286300e+00   2.0000000e+00
   2.8600000e+02  -8.6531900e+00  -9.2865000e+00   1.0000000e+00
   2.8700000e+02  -4.4043800e+00   6.4345800e+00   2.0000000e+00
   2.8800000e+02   8.1315600e-01  -1.6327000e+01  -2.0000000e+00
   2.8900000e+02   8.6740800e+00  -8.6310200e+00   1.0000000e+00
   2.9000000e+02  -1.6637900e+01  -2.7003100e+00  -1.0000000e+00
   2.9100000e+02   4.2614600e+00  -4.0798600e+00   1.0000000e+00
   2.9200000e+02  -3.1520300e-01   5.5308000e+00  -3.0000000e+00
   2.9300000e+02  -1.4241600e+01  -8.6027400e+00  -2.0000000e+00
   2.9400000e+02   1.8642200e+01   7.3796100e+00  -1.0000000e+00
   2.9500000e+02   3.6786100e+00   1.4990800e+00  -3.0000000e+00
   2.9600000e+02   7.8862300e+00   2.7333200e+00   1.0000000e+00
   2.9700000e+02  -1.3901600e+00  -3.6464700e+00   1.0000000e+00
   2.9800000e+02   1.0780500e+01  -7.9047500e+00   1.0000000e+00
   2.9900000e+02   1.8425400e+01  -7.6919500e+00  -1.0000000e+00
