   0.0000000e+00  -4.6500000e+00  -2.5390000e+01   0.0000000e+00   2.0000000e+00   0.0000000e+00
   1.0000000e+00   4.0500000e+00  -2.4200000e+01   0.0000000e+00   0.0000000e+00   0.0000000e+00
   2.0000000e+00   2.1680000e+01   4.6500000e+00   0.0000000e+00   2.0000000e+00   0.0000000e+00
   3.0000000e+00  -3.3500000e+00  -1.4550000e+01   0.0000000e+00   2.0000000e+00   0.0000000e+00
   4.0000000e+00   2.4580000e+01  -4.1000000e+00   0.0000000e+00   3.0000000e+00   0.0000000e+00
   5.0000000e+00  -4.6000000e+00  -1.0580000e+01   0.0000000e+00   2.0000000e+00   0.0000000e+00
   6.0000000e+00  -3.5900000e+00   2.5660000e+01   0.0000000e+00   1.0000000e+00   0.0000000e+00
   7.0000000e+00  -1.8790000e+01  -1.1120000e+01   0.0000000e+00   3.0000000e+00   0.0000000e+00
   8.0000000e+00  -3.3900000e+00   7.3000000e+00   0.0000000e+00   3.0000000e+00   0.0000000e+00
   9.0000000e+00   1.5840000e+01  -1.5650000e+01   0.0000000e+00   3.0000000e+00   0.0000000e+00
   1.0000000e+01   3.4900000e+00  -2.6200000e+01   0.0000000e+00   0.0000000e+00   0.0000000e+00
   1.1000000e+01  -1.8550000e+01   1.2850000e+01   0.0000000e+00   3.0000000e+00   0.0000000e+00
   1.2000000e+01  -3.8100000e+00  -1.8000000e-01   0.0000000e+00   2.0000000e+00   0.0000000e+00
   1.3000000e+01  -1.1750000e+01  -4.7700000e+00   0.0000000e+00   3.0000000e+00   0.0000000e+00
   1.4000000e+01   2.1880000e+01  -1.4100000e+01   0.0000000e+00   0.0000000e+00   0.0000000e+00
   1.5000000e+01   4.2500000e+00   1.7800000e+00   0.0000000e+00   3.0000000e+00   0.0000000e+00
   1.6000000e+01   1.0780000e+01  -3.1000000e-01   0.0000000e+00   2.0000000e+00   0.0000000e+00
   1.7000000e+01   8.9600000e+00   1.7600000e+01   0.0000000e+00   2.0000000e+00   0.0000000e+00
   1.8000000e+01  -3.7300000e+00  -5.9800000e+00   0.0000000e+00   2.0000000e+00   0.0000000e+00
   1.9000000e+01  -1.2610000e+01  -1.1850000e+01   0.0000000e+00   3.0000000e+00   0.0000000e+00
   2.0000000e+01  -4.2500000e+00   1.0800000e+01   0.0000000e+00   3.0000000e+00   0.0000000e+00
   2.1000000e+01   6.1300000e+00   2.0600000e+01   0.0000000e+00   3.0000000e+00   0.0000000e+00
   2.2000000e+01   3.6800000e+00  -5.9100000e+00   0.0000000e+00   3.0000000e+00   0.0000000e+00
   2.3000000e+01  -1.3800000e+01  -4.5200000e+00   0.0000000e+00   3.0000000e+00   0.0000000e+00
   2.4000000e+01   5.3300000e+00   2.4110000e+01   0.0000000e+00   0.0000000e+00   0.0000000e+00
   2.5000000e+01   1.6700000e+01   1.4700000e+00   0.0000000e+00   2.0000000e+00   0.0000000e+00
   2.6000000e+01  -6.7300000e+00   2.1250000e+01   0.0000000e+00   3.0000000e+00   0.0000000e+00
   2.7000000e+01   3.2100000e+00   1.0710000e+01   0.0000000e+00   3.0000000e+00   0.0000000e+00
   2.8000000e+01   3.0000000e-02  -2.5350000e+01   0.0000000e+00   0.0000000e+00   0.0000000e+00
   2.9000000e+01  -1.3950000e+01   1.5840000e+01   0.0000000e+00   3.0000000e+00   0.0000000e+00
   3.0000000e+01   2.8300000e+00   3.2900000e+00   0.0000000e+00   3.0000000e+00   0.0000000e+00
   3.1000000e+01   8.3000000e-01   2.8000000e+00   0.0000000e+00   3.0000000e+00   0.0000000e+00
   3.2000000e+01  -1.7190000e+01  -1.4900000e+01   0.0000000e+00   3.0000000e+00   0.0000000e+00
   3.3000000e+01  -1.2560000e+01  -2.8800000e+00   0.0000000e+00   3.0000000e+00   0.0000000e+00
   3.4000000e+01  -1.5950000e+01   1.5340000e+01   0.0000000e+00   3.0000000e+00   0.0000000e+00
   3.5000000e+01  -2.0790000e+01  -1.8500000e+00   0.0000000e+00   3.0000000e+00   0.0000000e+00
   3.6000000e+01  -1.8450000e+01   4.5700000e+00   0.0000000e+00   3.0000000e+00   0.0000000e+00
   3.7000000e+01  -1.0500000e+01  -3.1300000e+00   0.0000000e+00   3.0000000e+00   0.0000000e+00
   3.8000000e+01  -1.2770000e+01   1.9810000e+01   0.0000000e+00   3.0000000e+00   0.0000000e+00
   3.9000000e+01  -8.5800000e+00   2.4000000e+00   0.0000000e+00   3.0000000e+00   0.0000000e+00
   4.0000000e+01  -5.6600000e+00   1.2300000e+01   0.0000000e+00   3.0000000e+00   0.0000000e+00
   4.1000000e+01   1.5310000e+01  -1.7650000e+01   0.0000000e+00   3.0000000e+00   0.0000000e+00
   4.2000000e+01   1.2270000e+01  -1.8200000e+00   0.0000000e+00   3.0000000e+00   0.0000000e+00
   4.3000000e+01  -2.2830000e+01   9.0100000e+00   0.0000000e+00   0.0000000e+00   0.0000000e+00
   4.4000000e+01  -1.3400000e+01  -1.0000000e+00   0.0000000e+00   3.0000000e+00   0.0000000e+00
   4.5000000e+01  -2.0400000e+01  -7.3200000e+00   0.0000000e+00   3.0000000e+00   0.0000000e+00
   4.6000000e+01  -1.1350000e+01   1.8310000e+01   0.0000000e+00   3.0000000e+00   0.0000000e+00
   4.7000000e+01  -1.0600000e+00   1.5220000e+01   0.0000000e+00   3.0000000e+00   0.0000000e+00
   4.8000000e+01  -2.0380000e+01   3.8500000e+00   0.0000000e+00   3.0000000e+00   0.0000000e+00
   4.9000000e+01   6.8200000e+00  -1.4100000e+00   0.0000000e+00   2.0000000e+00   0.0000000e+00
   5.0000000e+01   2.2300000e+00   1.2900000e+00   0.0000000e+00   3.0000000e+00   0.0000000e+00
   5.1000000e+01  -1.9980000e+01   1.4330000e+01   0.0000000e+00   3.0000000e+00   0.0000000e+00
   5.2000000e+01  -1.2180000e+01  -8.3300000e+00   0.0000000e+00   3.0000000e+00   0.0000000e+00
   5.3000000e+01   1.8750000e+01   1.7200000e+00   0.0000000e+00   2.0000000e+00   0.0000000e+00
   5.4000000e+01   1.0710000e+01   3.6400000e+00   0.0000000e+00   3.0000000e+00   0.0000000e+00
   5.5000000e+01   7.7100000e+00  -4.8600000e+00   0.0000000e+00   3.0000000e+00   0.0000000e+00
   5.6000000e+01   1.8150000e+01   3.6900000e+00   0.0000000e+00   2.0000000e+00   0.0000000e+00
   5.7000000e+01   1.6440000e+01   9.6200000e+00   0.0000000e+00   3.0000000e+00   0.0000000e+00
   5.8000000e+01   7.8300000e+00   1.3640000e+01   0.0000000e+00   2.0000000e+00   0.0000000e+00
   5.9000000e+01  -2.0100000e+00  -1.2960000e+01   0.0000000e+00   2.0000000e+00   0.0000000e+00
   6.0000000e+01   6.2600000e+00  -3.3900000e+00   0.0000000e+00   3.0000000e+00   0.0000000e+00
   6.1000000e+01   1.7590000e+01   1.8560000e+01   0.0000000e+00   0.0000000e+00   0.0000000e+00
   6.2000000e+01   1.6770000e+01  -1.9130000e+01   0.0000000e+00   0.0000000e+00   0.0000000e+00
   6.3000000e+01   1.5300000e+00   1.7680000e+01   0.0000000e+00   3.0000000e+00   0.0000000e+00
   6.4000000e+01   2.4200000e+01   1.3900000e+00   0.0000000e+00   0.0000000e+00   0.0000000e+00
   6.5000000e+01   5.8900000e+00  -1.8300000e+01   0.0000000e+00   3.0000000e+00   0.0000000e+00
   6.6000000e+01   1.4800000e+00  -1.3880000e+01   0.0000000e+00   3.0000000e+00   0.0000000e+00
   6.7000000e+01  -4.0500000e+00  -1.2600000e+01   0.0000000e+00   2.0000000e+00   0.0000000e+00
   6.8000000e+01   1.9530000e+01  -9.1700000e+00   0.0000000e+00   3.0000000e+00   0.0000000e+00
   6.9000000e+01  -7.9100000e+00   1.7280000e+01   0.0000000e+00   3.0000000e+00   0.0000000e+00
   7.0000000e+01   1.4420000e+01   1.0120000e+01   0.0000000e+00   3.0000000e+00   0.0000000e+00
   7.1000000e+01  -2.3830000e+01  -2.5000000e+00   0.0000000e+00   0.0000000e+00   0.0000000e+00
   7.2000000e+01  -2.4000000e-01   1.1750000e+01   0.0000000e+00   3.0000000e+00   0.0000000e+00
   7.3000000e+01   1.7900000e+00   1.2220000e+01   0.0000000e+00   3.0000000e+00   0.0000000e+00
   7.4000000e+01  -1.6300000e+01  -7.8300000e+00   0.0000000e+00   3.0000000e+00   0.0000000e+00
   7.5000000e+01  -1.0750000e+01   2.0290000e+01   0.0000000e+00   3.0000000e+00   0.0000000e+00
   7.6000000e+01  -5.5700000e+00  -2.3480000e+01   0.0000000e+00   3.0000000e+00   0.0000000e+00
   7.7000000e+01  -1.3900000e+00   7.8000000e+00   0.0000000e+00   3.0000000e+00   0.0000000e+00
   7.8000000e+01   2.3080000e+01   6.1700000e+00   0.0000000e+00   2.0000000e+00   0.0000000e+00
   7.9000000e+01   7.3600000e+00   2.4570000e+01   0.0000000e+00   0.0000000e+00   0.0000000e+00
   8.0000000e+01  -1.1440000e+01   5.4000000e+00   0.0000000e+00   3.0000000e+00   0.0000000e+00
   8.1000000e+01  -1.4880000e+01   6.4100000e+00   0.0000000e+00   3.0000000e+00   0.0000000e+00
   8.2000000e+01   1.8720000e+01   1.4580000e+01   0.0000000e+00   3.0000000e+00   0.0000000e+00
   8.3000000e+01  -2.2100000e+01   1.3770000e+01   0.0000000e+00   0.0000000e+00   0.0000000e+00
   8.4000000e+01   9.5000000e-01   1.5690000e+01   0.0000000e+00   3.0000000e+00   0.0000000e+00
   8.5000000e+01  -1.0940000e+01  -6.6700000e+00   0.0000000e+00   3.0000000e+00   0.0000000e+00
   8.6000000e+01   1.7860000e+01   1.1110000e+01   0.0000000e+00   3.0000000e+00   0.0000000e+00
   8.7000000e+01   2.5520000e+01  -7.5800000e+00   0.0000000e+00   3.0000000e+00   0.0000000e+00
   8.8000000e+01   2.4990000e+01  -9.5900000e+00   0.0000000e+00   0.0000000e+00   0.0000000e+00
   8.9000000e+01   1.4410000e+01  -1.4190000e+01   0.0000000e+00   3.0000000e+00   0.0000000e+00
   9.0000000e+01  -1.9670000e+01  -1.8220000e+01   0.0000000e+00   0.0000000e+00   0.0000000e+00
   9.1000000e+01   8.0900000e+00   6.1300000e+00   0.0000000e+00   3.0000000e+00   0.0000000e+00
   9.2000000e+01   6.7600000e+00   2.2600000e+01   0.0000000e+00   3.0000000e+00   0.0000000e+00
   9.3000000e+01   2.1060000e+01   6.6300000e+00   0.0000000e+00   3.0000000e+00   0.0000000e+00
   9.4000000e+01  -7.2600000e+00  -1.0720000e+01   0.0000000e+00   2.0000000e+00   0.0000000e+00
   9.5000000e+01  -3.1700000e+00   1.8300000e+00   0.0000000e+00   3.0000000e+00   0.0000000e+00
   9.6000000e+01   1.2410000e+01  -1.4710000e+01   0.0000000e+00   3.0000000e+00   0.0000000e+00
   9.7000000e+01   1.4770000e+01  -1.9630000e+01   0.0000000e+00   3.0000000e+00   0.0000000e+00
   9.8000000e+01  -9.7800000e+00  -1.4000000e+01   0.0000000e+00   3.0000000e+00   0.0000000e+00
   9.9000000e+01  -1.4320000e+01  -1.7060000e+01   0.0000000e+00   3.0000000e+00   0.0000000e+00
   1.0000000e+02  -1.2990000e+01  -6.4200000e+00   0.0000000e+00   3.0000000e+00   0.0000000e+00
   1.0100000e+02  -2.2120000e+01  -1.2510000e+01   0.0000000e+00   3.0000000e+00   0.0000000e+00
   1.0200000e+02  -6.2900000e+00  -3.0300000e+00   0.0000000e+00   0.0000000e+00   0.0000000e+00
   1.0300000e+02   3.6400000e+00  -2.2000000e-01   0.0000000e+00   2.0000000e+00   0.0000000e+00
   1.0400000e+02  -2.1190000e+01   1.0380000e+01   0.0000000e+00   0.0000000e+00   0.0000000e+00
   1.0500000e+02   1.6260000e+01  -8.1000000e-01   0.0000000e+00   3.0000000e+00   0.0000000e+00
   1.0600000e+02   8.9600000e+00  -1.3780000e+01   0.0000000e+00   3.0000000e+00   0.0000000e+00
   1.0700000e+02  -3.9100000e+00   1.8230000e+01   0.0000000e+00   3.0000000e+00   0.0000000e+00
   1.0800000e+02   9.5200000e+00   7.6300000e+00   0.0000000e+00   3.0000000e+00   0.0000000e+00
   1.0900000e+02  -1.0240000e+01  -1.7560000e+01   0.0000000e+00   3.0000000e+00   0.0000000e+00
   1.1000000e+02   1.3280000e+01   1.4100000e+01   0.0000000e+00   3.0000000e+00   0.0000000e+00
   1.1100000e+02   6.0500000e+00   6.5800000e+00   0.0000000e+00   2.0000000e+00   0.0000000e+00
   1.1200000e+02  -3.9800000e+00   5.3300000e+00   0.0000000e+00   3.0000000e+00   0.0000000e+00
   1.1300000e+02   2.0720000e+01   1.4110000e+01   0.0000000e+00   3.0000000e+00   0.0000000e+00
   1.1400000e+02   1.9290000e+01   1.2590000e+01   0.0000000e+00   3.0000000e+00   0.0000000e+00
   1.1500000e+02  -1.4050000e+01   2.9500000e+00   0.0000000e+00   3.0000000e+00   0.0000000e+00
   1.1600000e+02   2.2650000e+01   2.8200000e+00   0.0000000e+00   2.0000000e+00   0.0000000e+00
   1.1700000e+02   6.0400000e+00  -1.0830000e+01   0.0000000e+00   3.0000000e+00   0.0000000e+00
   1.1800000e+02  -1.5900000e+00   2.6150000e+01   0.0000000e+00   0.0000000e+00   0.0000000e+00
   1.1900000e+02  -1.7500000e+00  -5.4000000e+00   0.0000000e+00   3.0000000e+00   0.0000000e+00
   1.2000000e+02  -3.1700000e+00  -3.9200000e+00   0.0000000e+00   2.0000000e+00   0.0000000e+00
   1.2100000e+02  -8.0700000e+00  -8.8300000e+00   0.0000000e+00   2.0000000e+00   0.0000000e+00
   1.2200000e+02   3.9000000e+00  -1.8840000e+01   0.0000000e+00   3.0000000e+00   0.0000000e+00
   1.2300000e+02  -1.2270000e+01   8.8900000e+00   0.0000000e+00   3.0000000e+00   0.0000000e+00
   1.2400000e+02  -1.6390000e+01  -1.6810000e+01   0.0000000e+00   3.0000000e+00   0.0000000e+00
   1.2500000e+02  -8.5200000e+00   1.5300000e+01   0.0000000e+00   3.0000000e+00   0.0000000e+00
   1.2600000e+02   1.3000000e+00   2.3160000e+01   0.0000000e+00   3.0000000e+00   0.0000000e+00
   1.2700000e+02   9.6000000e+00   1.9550000e+01   0.0000000e+00   2.0000000e+00   0.0000000e+00
   1.2800000e+02   8.5900000e+00  -8.3200000e+00   0.0000000e+00   3.0000000e+00   0.0000000e+00
   1.2900000e+02   1.8450000e+01   9.1000000e+00   0.0000000e+00   3.0000000e+00   0.0000000e+00
   1.3000000e+02  -1.8290000e+01   1.4600000e+00   0.0000000e+00   3.0000000e+00   0.0000000e+00
   1.3100000e+02  -8.7400000e+00   2.0770000e+01   0.0000000e+00   3.0000000e+00   0.0000000e+00
   1.3200000e+02   7.3500000e+00  -1.9780000e+01   0.0000000e+00   3.0000000e+00   0.0000000e+00
   1.3300000e+02  -1.9750000e+01   8.8900000e+00   0.0000000e+00   3.0000000e+00   0.0000000e+00
   1.3400000e+02   1.1520000e+01  -1.1240000e+01   0.0000000e+00   3.0000000e+00   0.0000000e+00
   1.3500000e+02  -2.0280000e+01   1.9800000e+01   0.0000000e+00   1.0000000e+00   0.0000000e+00
   1.3600000e+02  -1.5050000e+01  -6.1900000e+00   0.0000000e+00   3.0000000e+00   0.0000000e+00
   1.3700000e+02   1.8420000e+01  -1.3170000e+01   0.0000000e+00   3.0000000e+00   0.0000000e+00
   1.3800000e+02   8.2000000e-01  -2.9000000e+00   0.0000000e+00   2.0000000e+00   0.0000000e+00
   1.3900000e+02  -7.4900000e+00  -5.4100000e+00   0.0000000e+00   2.0000000e+00   0.0000000e+00
   1.4000000e+02  -2.2480000e+01  -7.0600000e+00   0.0000000e+00   3.0000000e+00   0.0000000e+00
   1.4100000e+02  -1.8350000e+01  -7.5800000e+00   0.0000000e+00   3.0000000e+00   0.0000000e+00
   1.4200000e+02   1.7010000e+01   2.0540000e+01   0.0000000e+00   0.0000000e+00   0.0000000e+00
   1.4300000e+02   1.4060000e+01  -8.7300000e+00   0.0000000e+00   3.0000000e+00   0.0000000e+00
   1.4400000e+02  -1.5150000e+01  -1.5170000e+01   0.0000000e+00   3.0000000e+00   0.0000000e+00
   1.4500000e+02   4.1000000e+00   7.2300000e+00   0.0000000e+00   2.0000000e+00   0.0000000e+00
   1.4600000e+02   3.6000000e-01   1.3720000e+01   0.0000000e+00   3.0000000e+00   0.0000000e+00
   1.4700000e+02  -3.7000000e-01  -1.2000000e+00   0.0000000e+00   2.0000000e+00   0.0000000e+00
   1.4800000e+02   3.0000000e-02  -1.8560000e+01   0.0000000e+00   2.0000000e+00   0.0000000e+00
   1.4900000e+02   2.7140000e+01  -1.5400000e+00   0.0000000e+00   1.0000000e+00   0.0000000e+00
   1.5000000e+02  -2.0500000e+01  -1.6330000e+01   0.0000000e+00   0.0000000e+00   0.0000000e+00
   1.5100000e+02  -2.0620000e+01   1.2350000e+01   0.0000000e+00   0.0000000e+00   0.0000000e+00
   1.5200000e+02  -1.8240000e+01   2.0300000e+01   0.0000000e+00   0.0000000e+00   0.0000000e+00
   1.5300000e+02  -8.8000000e-01  -8.9400000e+00   0.0000000e+00   3.0000000e+00   0.0000000e+00
   1.5400000e+02   1.9300000e+01  -1.6630000e+01   0.0000000e+00   0.0000000e+00   0.0000000e+00
   1.5500000e+02  -1.6900000e+01   5.9200000e+00   0.0000000e+00   3.0000000e+00   0.0000000e+00
   1.5600000e+02   1.1540000e+01   7.1400000e+00   0.0000000e+00   3.0000000e+00   0.0000000e+00
   1.5700000e+02   1.3850000e+01   1.2100000e+01   0.0000000e+00   3.0000000e+00   0.0000000e+00
   1.5800000e+02   1.1850000e+01   1.2580000e+01   0.0000000e+00   3.0000000e+00   0.0000000e+00
   1.5900000e+02  -9.4100000e+00   5.9000000e+00   0.0000000e+00   3.0000000e+00   0.0000000e+00
   1.6000000e+02   5.7000000e-01  -2.3210000e+01   0.0000000e+00   2.0000000e+00   0.0000000e+00
   1.6100000e+02  -1.5930000e+01  -1.3270000e+01   0.0000000e+00   3.0000000e+00   0.0000000e+00
   1.6200000e+02  -9.3700000e+00  -1.9490000e+01   0.0000000e+00   3.0000000e+00   0.0000000e+00
   1.6300000e+02  -6.0200000e+00  -9.0900000e+00   0.0000000e+00   2.0000000e+00   0.0000000e+00
   1.6400000e+02  -1.0000000e+01   3.9300000e+00   0.0000000e+00   3.0000000e+00   0.0000000e+00
   1.6500000e+02   2.1680000e+01  -1.1700000e+00   0.0000000e+00   3.0000000e+00   0.0000000e+00
   1.6600000e+02  -2.4100000e+00  -1.7100000e+00   0.0000000e+00   3.0000000e+00   0.0000000e+00
   1.6700000e+02  -2.8900000e+00  -1.6550000e+01   0.0000000e+00   2.0000000e+00   0.0000000e+00
   1.6800000e+02  -2.3860000e+01   5.0300000e+00   0.0000000e+00   0.0000000e+00   0.0000000e+00
   1.6900000e+02   1.0780000e+01  -2.0730000e+01   0.0000000e+00   3.0000000e+00   0.0000000e+00
   1.7000000e+02   1.1330000e+01   1.6700000e+00   0.0000000e+00   2.0000000e+00   0.0000000e+00
   1.7100000e+02   1.3570000e+01   1.9520000e+01   0.0000000e+00   2.0000000e+00   0.0000000e+00
   1.7200000e+02   1.4610000e+01  -6.7500000e+00   0.0000000e+00   3.0000000e+00   0.0000000e+00
   1.7300000e+02   5.6600000e+00   2.9000000e-01   0.0000000e+00   2.0000000e+00   0.0000000e+00
   1.7400000e+02  -9.2200000e+00   4.4000000e-01   0.0000000e+00   3.0000000e+00   0.0000000e+00
   1.7500000e+02   1.6600000e+01  -6.2400000e+00   0.0000000e+00   3.0000000e+00   0.0000000e+00
   1.7600000e+02  -1.4540000e+01   1.3840000e+01   0.0000000e+00   3.0000000e+00   0.0000000e+00
   1.7700000e+02   1.3700000e+01  -3.3000000e+00   0.0000000e+00   3.0000000e+00   0.0000000e+00
   1.7800000e+02   1.9860000e+01   1.0610000e+01   0.0000000e+00   3.0000000e+00   0.0000000e+00
   1.7900000e+02  -2.6350000e+01  -5.7900000e+00   0.0000000e+00   1.0000000e+00   0.0000000e+00
   1.8000000e+02  -1.9160000e+01   1.0890000e+01   0.0000000e+00   3.0000000e+00   0.0000000e+00
   1.8100000e+02  -2.8800000e+00  -9.4500000e+00   0.0000000e+00   2.0000000e+00   0.0000000e+00
   1.8200000e+02   1.0380000e+01   1.1110000e+01   0.0000000e+00   3.0000000e+00   0.0000000e+00
   1.8300000e+02  -7.1000000e+00   1.3800000e+01   0.0000000e+00   3.0000000e+00   0.0000000e+00
   1.8400000e+02  -1.0000000e-02   6.2900000e+00   0.0000000e+00   3.0000000e+00   0.0000000e+00
   1.8500000e+02  -5.3900000e+00   6.8400000e+00   0.0000000e+00   3.0000000e+00   0.0000000e+00
   1.8600000e+02  -2.3270000e+01  -5.1500000e+00   0.0000000e+00   3.0000000e+00   0.0000000e+00
   1.8700000e+02   2.4300000e+00   2.7140000e+01   0.0000000e+00   1.0000000e+00   0.0000000e+00
   1.8800000e+02  -1.6680000e+01  -2.3900000e+00   0.0000000e+00   3.0000000e+00   0.0000000e+00
   1.8900000e+02  -2.6550000e+01  -2.8000000e-01   0.0000000e+00   1.0000000e+00   0.0000000e+00
   1.9000000e+02   1.2970000e+01  -1.2720000e+01   0.0000000e+00   3.0000000e+00   0.0000000e+00
   1.9100000e+02  -3.0600000e+00   1.4750000e+01   0.0000000e+00   3.0000000e+00   0.0000000e+00
   1.9200000e+02   4.1300000e+00   2.0150000e+01   0.0000000e+00   3.0000000e+00   0.0000000e+00
   1.9300000e+02   8.7800000e+00  -2.1260000e+01   0.0000000e+00   3.0000000e+00   0.0000000e+00
   1.9400000e+02   1.4970000e+01   2.1030000e+01   0.0000000e+00   0.0000000e+00   0.0000000e+00
   1.9500000e+02  -7.6300000e+00  -2.3300000e+01   0.0000000e+00   0.0000000e+00   0.0000000e+00
   1.9600000e+02  -1.5480000e+01  -9.7200000e+00   0.0000000e+00   3.0000000e+00   0.0000000e+00
   1.9700000e+02  -1.8320000e+01   7.4100000e+00   0.0000000e+00   3.0000000e+00   0.0000000e+00
   1.9800000e+02  -2.5900000e+00  -2.5550000e+01   0.0000000e+00   2.0000000e+00   0.0000000e+00
   1.9900000e+02   1.2030000e+01  -9.2500000e+00   0.0000000e+00   3.0000000e+00   0.0000000e+00
   2.0000000e+02  -2.4800000e+00   1.6720000e+01   0.0000000e+00   3.0000000e+00   0.0000000e+00
   2.0100000e+02   3.3100000e+00   2.3620000e+01   0.0000000e+00   3.0000000e+00   0.0000000e+00
   2.0200000e+02   7.4800000e+00   8.1100000e+00   0.0000000e+00   2.0000000e+00   0.0000000e+00
   2.0300000e+02  -1.2860000e+01   6.8900000e+00   0.0000000e+00   3.0000000e+00   0.0000000e+00
   2.0400000e+02   1.2190000e+01   2.2070000e+01   0.0000000e+00   0.0000000e+00   0.0000000e+00
   2.0500000e+02   1.7150000e+01  -4.2500000e+00   0.0000000e+00   3.0000000e+00   0.0000000e+00
   2.0600000e+02  -1.1110000e+01   1.2830000e+01   0.0000000e+00   3.0000000e+00   0.0000000e+00
   2.0700000e+02   1.7300000e+01  -1.7140000e+01   0.0000000e+00   3.0000000e+00   0.0000000e+00
   2.0800000e+02  -1.1820000e+01  -1.3760000e+01   0.0000000e+00   3.0000000e+00   0.0000000e+00
   2.0900000e+02  -7.2000000e-01   2.2680000e+01   0.0000000e+00   3.0000000e+00   0.0000000e+00
   2.1000000e+02   6.7000000e+00   4.6200000e+00   0.0000000e+00   2.0000000e+00   0.0000000e+00
   2.1100000e+02   6.9700000e+00  -1.4320000e+01   0.0000000e+00   3.0000000e+00   0.0000000e+00
   2.1200000e+02  -9.7600000e+00  -2.3050000e+01   0.0000000e+00   0.0000000e+00   0.0000000e+00
   2.1300000e+02  -2.8100000e+00   9.3000000e+00   0.0000000e+00   3.0000000e+00   0.0000000e+00
   2.1400000e+02   2.1200000e+00   1.9680000e+01   0.0000000e+00   3.0000000e+00   0.0000000e+00
   2.1500000e+02  -1.7730000e+01   9.3900000e+00   0.0000000e+00   3.0000000e+00   0.0000000e+00
   2.1600000e+02  -7.4900000e+00  -1.4150000e+01   0.0000000e+00   2.0000000e+00   0.0000000e+00
   2.1700000e+02   1.2000000e+00   1.0230000e+01   0.0000000e+00   3.0000000e+00   0.0000000e+00
   2.1800000e+02  -9.9400000e+00   1.6800000e+01   0.0000000e+00   3.0000000e+00   0.0000000e+00
   2.1900000e+02   1.6800000e+00  -6.4300000e+00   0.0000000e+00   3.0000000e+00   0.0000000e+00
   2.2000000e+02  -1.6240000e+01   1.1900000e+00   0.0000000e+00   3.0000000e+00   0.0000000e+00
   2.2100000e+02  -2.0850000e+01   1.7820000e+01   0.0000000e+00   0.0000000e+00   0.0000000e+00
   2.2200000e+02  -2.2810000e+01   1.1670000e+01   0.0000000e+00   1.0000000e+00   0.0000000e+00
   2.2300000e+02  -1.5950000e+01  -2.2300000e+01   0.0000000e+00   1.0000000e+00   0.0000000e+00
   2.2400000e+02   6.2300000e+00  -2.3800000e+01   0.0000000e+00   0.0000000e+00   0.0000000e+00
   2.2500000e+02  -1.9540000e+01  -1.9000000e-01   0.0000000e+00   3.0000000e+00   0.0000000e+00
   2.2600000e+02   1.4150000e+01   2.2920000e+01   0.0000000e+00   0.0000000e+00   0.0000000e+00
   2.2700000e+02   1.6420000e+01   2.2520000e+01   0.0000000e+00   1.0000000e+00   0.0000000e+00
   2.2800000e+02   3.0100000e+00  -1.5360000e+01   0.0000000e+00   3.0000000e+00   0.0000000e+00
   2.2900000e+02  -2.0040000e+01  -1.2760000e+01   0.0000000e+00   3.0000000e+00   0.0000000e+00
   2.3000000e+02  -5.2600000e+00  -1.9920000e+01   0.0000000e+00   3.0000000e+00   0.0000000e+00
   2.3100000e+02  -9.0200000e+00  -1.5910000e+01   0.0000000e+00   3.0000000e+00   0.0000000e+00
   2.3200000e+02   1.4150000e+01   4.6700000e+00   0.0000000e+00   3.0000000e+00   0.0000000e+00
   2.3300000e+02   1.4730000e+01   2.6900000e+00   0.0000000e+00   2.0000000e+00   0.0000000e+00
   2.3400000e+02   5.5200000e+00  -2.5780000e+01   0.0000000e+00   1.0000000e+00   0.0000000e+00
   2.3500000e+02  -9.6900000e+00  -5.0200000e+00   0.0000000e+00   3.0000000e+00   0.0000000e+00
   2.3600000e+02   1.6720000e+01   1.5070000e+01   0.0000000e+00   3.0000000e+00   0.0000000e+00
   2.3700000e+02   1.0190000e+01   2.1560000e+01   0.0000000e+00   3.0000000e+00   0.0000000e+00
   2.3800000e+02   2.3660000e+01  -6.4000000e-01   0.0000000e+00   3.0000000e+00   0.0000000e+00
   2.3900000e+02  -1.0000000e-02  -1.2440000e+01   0.0000000e+00   3.0000000e+00   0.0000000e+00
   2.4000000e+02  -6.4700000e+00  -2.1600000e+01   0.0000000e+00   3.0000000e+00   0.0000000e+00
   2.4100000e+02  -1.3120000e+01   1.2350000e+01   0.0000000e+00   3.0000000e+00   0.0000000e+00
   2.4200000e+02   5.8200000e+00   1.3160000e+01   0.0000000e+00   2.0000000e+00   0.0000000e+00
   2.4300000e+02  -5.9900000e+00   4.8500000e+00   0.0000000e+00   3.0000000e+00   0.0000000e+00
   2.4400000e+02   1.4960000e+01  -1.2190000e+01   0.0000000e+00   3.0000000e+00   0.0000000e+00
   2.4500000e+02   1.5860000e+01   1.1610000e+01   0.0000000e+00   3.0000000e+00   0.0000000e+00
   2.4600000e+02  -1.7370000e+01   1.6830000e+01   0.0000000e+00   3.0000000e+00   0.0000000e+00
   2.4700000e+02   7.6800000e+00   8.4000000e-01   0.0000000e+00   2.0000000e+00   0.0000000e+00
   2.4800000e+02  -2.6430000e+01   2.5200000e+00   0.0000000e+00   1.0000000e+00   0.0000000e+00
   2.4900000e+02   2.5700000e+00  -2.2740000e+01   0.0000000e+00   3.0000000e+00   0.0000000e+00
   2.5000000e+02  -1.9170000e+01  -5.6700000e+00   0.0000000e+00   3.0000000e+00   0.0000000e+00
   2.5100000e+02   9.8300000e+00   1.3090000e+01   0.0000000e+00   2.0000000e+00   0.0000000e+00
   2.5200000e+02   6.2000000e-01   8.2500000e+00   0.0000000e+00   3.0000000e+00   0.0000000e+00
   2.5300000e+02  -1.7950000e+01   1.4850000e+01   0.0000000e+00   3.0000000e+00   0.0000000e+00
   2.5400000e+02   9.5100000e+00  -1.1770000e+01   0.0000000e+00   3.0000000e+00   0.0000000e+00
   2.5500000e+02   2.4460000e+01  -1.1580000e+01   0.0000000e+00   1.0000000e+00   0.0000000e+00
   2.5600000e+02  -1.6760000e+01  -2.0400000e+01   0.0000000e+00   0.0000000e+00   0.0000000e+00
   2.5700000e+02  -1.1430000e+01  -1.9240000e+01   0.0000000e+00   3.0000000e+00   0.0000000e+00
   2.5800000e+02  -1.7550000e+01  -9.4800000e+00   0.0000000e+00   3.0000000e+00   0.0000000e+00
   2.5900000e+02   2.4060000e+01   4.3600000e+00   0.0000000e+00   0.0000000e+00   0.0000000e+00
   2.6000000e+02   1.8220000e+01  -2.0620000e+01   0.0000000e+00   1.0000000e+00   0.0000000e+00
   2.6100000e+02   5.5300000e+00   1.8620000e+01   0.0000000e+00   3.0000000e+00   0.0000000e+00
   2.6200000e+02   9.7100000e+00  -4.3500000e+00   0.0000000e+00   3.0000000e+00   0.0000000e+00
   2.6300000e+02   1.7850000e+01  -1.5160000e+01   0.0000000e+00   3.0000000e+00   0.0000000e+00
   2.6400000e+02   1.2600000e+01  -7.2700000e+00   0.0000000e+00   3.0000000e+00   0.0000000e+00
   2.6500000e+02  -2.1210000e+01  -5.4200000e+00   0.0000000e+00   3.0000000e+00   0.0000000e+00
   2.6600000e+02   2.0990000e+01  -1.0660000e+01   0.0000000e+00   3.0000000e+00   0.0000000e+00
   2.6700000e+02   1.7590000e+01   5.6700000e+00   0.0000000e+00   3.0000000e+00   0.0000000e+00
   2.6800000e+02   7.8800000e+00  -1.7790000e+01   0.0000000e+00   3.0000000e+00   0.0000000e+00
   2.6900000e+02   1.1710000e+01  -3.8000000e+00   0.0000000e+00   3.0000000e+00   0.0000000e+00
   2.7000000e+02  -9.6700000e+00   1.1340000e+01   0.0000000e+00   3.0000000e+00   0.0000000e+00
   2.7100000e+02   1.2740000e+01   3.1800000e+00   0.0000000e+00   2.0000000e+00   0.0000000e+00
   2.7200000e+02  -1.4200000e+01   9.0000000e-01   0.0000000e+00   3.0000000e+00   0.0000000e+00
   2.7300000e+02   2.2500000e+00  -4.4200000e+00   0.0000000e+00   3.0000000e+00   0.0000000e+00
   2.7400000e+02  -8.3000000e+00  -3.5100000e+00   0.0000000e+00   2.0000000e+00   0.0000000e+00
   2.7500000e+02  -1.9620000e+01  -9.2200000e+00   0.0000000e+00   3.0000000e+00   0.0000000e+00
   2.7600000e+02  -6.1200000e+00  -7.0000000e+00   0.0000000e+00   2.0000000e+00   0.0000000e+00
   2.7700000e+02   4.7900000e+00  -2.2290000e+01   0.0000000e+00   3.0000000e+00   0.0000000e+00
   2.7800000e+02   1.5000000e+01   8.1300000e+00   0.0000000e+00   3.0000000e+00   0.0000000e+00
   2.7900000e+02  -1.1690000e+01   1.0860000e+01   0.0000000e+00   3.0000000e+00   0.0000000e+00
   2.8000000e+02  -2.3000000e+00  -2.1990000e+01   0.0000000e+00   2.0000000e+00   0.0000000e+00
   2.8100000e+02   7.5200000e+00  -1.2300000e+01   0.0000000e+00   3.0000000e+00   0.0000000e+00
   2.8200000e+02  -1.4630000e+01  -2.6400000e+00   0.0000000e+00   3.0000000e+00   0.0000000e+00
   2.8300000e+02  -1.4240000e+01  -8.0700000e+00   0.0000000e+00   3.0000000e+00   0.0000000e+00
   2.8400000e+02  -2.5770000e+01  -8.4200000e+00   0.0000000e+00   1.0000000e+00   0.0000000e+00
   2.8500000e+02   1.6300000e+00  -7.3000000e-01   0.0000000e+00   2.0000000e+00   0.0000000e+00
   2.8600000e+02   1.5570000e+01   1.9050000e+01   0.0000000e+00   3.0000000e+00   0.0000000e+00
   2.8700000e+02   5.9300000e+00   2.6090000e+01   0.0000000e+00   1.0000000e+00   0.0000000e+00
   2.8800000e+02   1.1100000e+00  -8.4300000e+00   0.0000000e+00   3.0000000e+00   0.0000000e+00
   2.8900000e+02  -2.1590000e+01   4.0000000e-02   0.0000000e+00   3.0000000e+00   0.0000000e+00
   2.9000000e+02   1.9700000e+01  -1.7400000e+00   0.0000000e+00   3.0000000e+00   0.0000000e+00
   2.9100000e+02   2.4040000e+01  -6.1200000e+00   0.0000000e+00   3.0000000e+00   0.0000000e+00
   2.9200000e+02  -6.1200000e+00  -1.8040000e+01   0.0000000e+00   3.0000000e+00   0.0000000e+00
   2.9300000e+02  -2.4520000e+01  -6.7900000e+00   0.0000000e+00   0.0000000e+00   0.0000000e+00
   2.9400000e+02  -1.1060000e+01  -1.5660000e+01   0.0000000e+00   3.0000000e+00   0.0000000e+00
   2.9500000e+02  -1.4670000e+01  -1.1620000e+01   0.0000000e+00   3.0000000e+00   0.0000000e+00
   2.9600000e+02  -2.1280000e+01  -1.4430000e+01   0.0000000e+00   3.0000000e+00   0.0000000e+00
   2.9700000e+02   4.4300000e+00  -1.6840000e+01   0.0000000e+00   3.0000000e+00   0.0000000e+00
   2.9800000e+02  -5.1700000e+00   1.3600000e+00   0.0000000e+00   2.0000000e+00   0.0000000e+00
   2.9900000e+02   1.6970000e+01  -1.1690000e+01   0.0000000e+00   3.0000000e+00   0.0000000e+00
   3.0000000e+02  -2.1500000e+00   2.4180000e+01   0.0000000e+00   0.0000000e+00   0.0000000e+00
   3.0100000e+02  -1.5130000e+01   1.1850000e+01   0.0000000e+00   3.0000000e+00   0.0000000e+00
   3.0200000e+02   1.2680000e+01   2.4400000e+01   0.0000000e+00   1.0000000e+00   0.0000000e+00
   3.0300000e+02   2.2590000e+01  -4.6500000e+00   0.0000000e+00   3.0000000e+00   0.0000000e+00
   3.0400000e+02  -2.1860000e+01   5.5400000e+00   0.0000000e+00   3.0000000e+00   0.0000000e+00
   3.0500000e+02  -4.8400000e+00   8.8300000e+00   0.0000000e+00   3.0000000e+00   0.0000000e+00
   3.0600000e+02   4.2500000e+00  -3.9200000e+00   0.0000000e+00   3.0000000e+00   0.0000000e+00
   3.0700000e+02  -2.5080000e+01  -4.1500000e+00   0.0000000e+00   0.0000000e+00   0.0000000e+00
   3.0800000e+02   1.5280000e+01   1.3590000e+01   0.0000000e+00   3.0000000e+00   0.0000000e+00
   3.0900000e+02   1.0270000e+01  -2.3400000e+00   0.0000000e+00   3.0000000e+00   0.0000000e+00
   3.1000000e+02  -1.4230000e+01   2.1290000e+01   0.0000000e+00   0.0000000e+00   0.0000000e+00
   3.1100000e+02  -5.9200000e+00   1.7760000e+01   0.0000000e+00   3.0000000e+00   0.0000000e+00
   3.1200000e+02   8.2600000e+00  -2.8700000e+00   0.0000000e+00   3.0000000e+00   0.0000000e+00
   3.1300000e+02  -1.5450000e+01  -7.4000000e-01   0.0000000e+00   3.0000000e+00   0.0000000e+00
   3.1400000e+02   6.6000000e+00  -8.8400000e+00   0.0000000e+00   3.0000000e+00   0.0000000e+00
   3.1500000e+02  -9.1100000e+00   1.3320000e+01   0.0000000e+00   3.0000000e+00   0.0000000e+00
   3.1600000e+02  -1.1130000e+01  -1.1700000e+00   0.0000000e+00   3.0000000e+00   0.0000000e+00
   3.1700000e+02   2.3310000e+01   1.1660000e+01   0.0000000e+00   1.0000000e+00   0.0000000e+00
   3.1800000e+02   4.0400000e+00  -1.1360000e+01   0.0000000e+00   3.0000000e+00   0.0000000e+00
   3.1900000e+02   4.4000000e+00   1.4670000e+01   0.0000000e+00   3.0000000e+00   0.0000000e+00
   3.2000000e+02  -2.7200000e+00   2.2170000e+01   0.0000000e+00   3.0000000e+00   0.0000000e+00
   3.2100000e+02  -2.3730000e+01  -8.6900000e+00   0.0000000e+00   0.0000000e+00   0.0000000e+00
   3.2200000e+02   3.7900000e+00   1.2690000e+01   0.0000000e+00   3.0000000e+00   0.0000000e+00
   3.2300000e+02   1.9840000e+01  -1.4630000e+01   0.0000000e+00   0.0000000e+00   0.0000000e+00
   3.2400000e+02   2.0200000e+00   6.7600000e+00   0.0000000e+00   3.0000000e+00   0.0000000e+00
   3.2500000e+02  -3.2000000e-01  -6.8900000e+00   0.0000000e+00   3.0000000e+00   0.0000000e+00
   3.2600000e+02  -1.0500000e+00  -2.0330000e+01   0.0000000e+00   2.0000000e+00   0.0000000e+00
   3.2700000e+02   2.2980000e+01  -1.0120000e+01   0.0000000e+00   0.0000000e+00   0.0000000e+00
   3.2800000e+02  -1.0850000e+01   7.3800000e+00   0.0000000e+00   3.0000000e+00   0.0000000e+00
   3.2900000e+02  -2.1680000e+01  -8.9600000e+00   0.0000000e+00   3.0000000e+00   0.0000000e+00
   3.3000000e+02   2.2050000e+01  -6.6700000e+00   0.0000000e+00   3.0000000e+00   0.0000000e+00
   3.3100000e+02  -5.9000000e-01   4.3200000e+00   0.0000000e+00   3.0000000e+00   0.0000000e+00
   3.3200000e+02   1.8060000e+01  -7.7100000e+00   0.0000000e+00   3.0000000e+00   0.0000000e+00
   3.3300000e+02  -1.7490000e+01  -4.5000000e-01   0.0000000e+00   3.0000000e+00   0.0000000e+00
   3.3400000e+02   1.1170000e+01  -5.8000000e+00   0.0000000e+00   3.0000000e+00   0.0000000e+00
   3.3500000e+02  -7.6800000e+00   1.1810000e+01   0.0000000e+00   3.0000000e+00   0.0000000e+00
   3.3600000e+02   2.9500000e+00   1.6180000e+01   0.0000000e+00   3.0000000e+00   0.0000000e+00
   3.3700000e+02   1.0710000e+01   1.6530000e+01   0.0000000e+00   2.0000000e+00   0.0000000e+00
   3.3800000e+02   4.9500000e+00   1.6640000e+01   0.0000000e+00   3.0000000e+00   0.0000000e+00
   3.3900000e+02   1.3150000e+01  -5.2800000e+00   0.0000000e+00   3.0000000e+00   0.0000000e+00
   3.4000000e+02   8.7200000e+00   1.5540000e+01   0.0000000e+00   2.0000000e+00   0.0000000e+00
   3.4100000e+02   8.9700000e+00   9.6100000e+00   0.0000000e+00   3.0000000e+00   0.0000000e+00
   3.4200000e+02  -1.1800000e+00  -3.4000000e+00   0.0000000e+00   2.0000000e+00   0.0000000e+00
   3.4300000e+02  -1.0600000e+01  -2.1150000e+01   0.0000000e+00   3.0000000e+00   0.0000000e+00
   3.4400000e+02   2.6300000e+00   8.7300000e+00   0.0000000e+00   3.0000000e+00   0.0000000e+00
   3.4500000e+02   2.0620000e+01  -5.1800000e+00   0.0000000e+00   3.0000000e+00   0.0000000e+00
   3.4600000e+02   6.9700000e+00   1.0110000e+01   0.0000000e+00   2.0000000e+00   0.0000000e+00
   3.4700000e+02   1.8980000e+01  -1.1170000e+01   0.0000000e+00   3.0000000e+00   0.0000000e+00
   3.4800000e+02  -1.7990000e+01  -1.3010000e+01   0.0000000e+00   3.0000000e+00   0.0000000e+00
   3.4900000e+02   1.7530000e+01  -9.7100000e+00   0.0000000e+00   3.0000000e+00   0.0000000e+00
   3.5000000e+02  -1.2290000e+01  -1.7310000e+01   0.0000000e+00   3.0000000e+00   0.0000000e+00
   3.5100000e+02   1.9100000e+00  -1.9370000e+01   0.0000000e+00   2.0000000e+00   0.0000000e+00
   3.5200000e+02  -1.8720000e+01  -2.1000000e+00   0.0000000e+00   3.0000000e+00   0.0000000e+00
   3.5300000e+02  -2.1770000e+01  -1.7960000e+01   0.0000000e+00   1.0000000e+00   0.0000000e+00
   3.5400000e+02  -1.5000000e-01   2.4660000e+01   0.0000000e+00   3.0000000e+00   0.0000000e+00
   3.5500000e+02   6.4200000e+00   1.5140000e+01   0.0000000e+00   3.0000000e+00   0.0000000e+00
   3.5600000e+02  -1.4790000e+01   1.9310000e+01   0.0000000e+00   3.0000000e+00   0.0000000e+00
   3.5700000e+02  -1.0120000e+01  -8.5800000e+00   0.0000000e+00   3.0000000e+00   0.0000000e+00
   3.5800000e+02   1.2720000e+01   1.6080000e+01   0.0000000e+00   3.0000000e+00   0.0000000e+00
   3.5900000e+02  -1.6500000e+00   1.3250000e+01   0.0000000e+00   3.0000000e+00   0.0000000e+00
   3.6000000e+02   6.8000000e+00  -2.1800000e+01   0.0000000e+00   3.0000000e+00   0.0000000e+00
   3.6100000e+02   1.0980000e+01   9.1200000e+00   0.0000000e+00   3.0000000e+00   0.0000000e+00
   3.6200000e+02  -1.7630000e+01  -1.8470000e+01   0.0000000e+00   3.0000000e+00   0.0000000e+00
   3.6300000e+02   3.5300000e+00   1.8170000e+01   0.0000000e+00   3.0000000e+00   0.0000000e+00
   3.6400000e+02  -1.2190000e+01   2.1810000e+01   0.0000000e+00   3.0000000e+00   0.0000000e+00
   3.6500000e+02   1.3560000e+01   6.6400000e+00   0.0000000e+00   3.0000000e+00   0.0000000e+00
   3.6600000e+02  -1.2030000e+01   3.4200000e+00   0.0000000e+00   3.0000000e+00   0.0000000e+00
   3.6700000e+02   2.2460000e+01  -1.2120000e+01   0.0000000e+00   0.0000000e+00   0.0000000e+00
   3.6800000e+02   8.7800000e+00   2.3060000e+01   0.0000000e+00   3.0000000e+00   0.0000000e+00
   3.6900000e+02   2.5700000e+00  -9.9000000e+00   0.0000000e+00   3.0000000e+00   0.0000000e+00
   3.7000000e+02   1.1320000e+01  -1.8700000e+01   0.0000000e+00   3.0000000e+00   0.0000000e+00
   3.7100000e+02   2.0470000e+01   8.6300000e+00   0.0000000e+00   3.0000000e+00   0.0000000e+00
   3.7200000e+02   1.4150000e+01   1.7550000e+01   0.0000000e+00   3.0000000e+00   0.0000000e+00
   3.7300000e+02  -3.4900000e+00  -2.3650000e+01   0.0000000e+00   3.0000000e+00   0.0000000e+00
   3.7400000e+02   1.9060000e+01   7.1200000e+00   0.0000000e+00   3.0000000e+00   0.0000000e+00
   3.7500000e+02   2.5650000e+01  -7.0000000e-02   0.0000000e+00   0.0000000e+00   0.0000000e+00
   3.7600000e+02  -1.0520000e+01   1.4810000e+01   0.0000000e+00   3.0000000e+00   0.0000000e+00
   3.7700000e+02  -1.1940000e+01   1.6310000e+01   0.0000000e+00   3.0000000e+00   0.0000000e+00
   3.7800000e+02  -1.3360000e+01   1.7820000e+01   0.0000000e+00   3.0000000e+00   0.0000000e+00
   3.7900000e+02  -1.3000000e+00   2.0670000e+01   0.0000000e+00   3.0000000e+00   0.0000000e+00
   3.8000000e+02  -6.1100000e+00  -1.2420000e+01   0.0000000e+00   2.0000000e+00   0.0000000e+00
   3.8100000e+02  -1.5870000e+01  -4.3000000e+00   0.0000000e+00   3.0000000e+00   0.0000000e+00
   3.8200000e+02  -6.5800000e+00   2.8700000e+00   0.0000000e+00   3.0000000e+00   0.0000000e+00
   3.8300000e+02  -2.4860000e+01   8.4200000e+00   0.0000000e+00   1.0000000e+00   0.0000000e+00
   3.8400000e+02   9.1500000e+00  -6.3300000e+00   0.0000000e+00   3.0000000e+00   0.0000000e+00
   3.8500000e+02  -2.2020000e+01  -3.5100000e+00   0.0000000e+00   3.0000000e+00   0.0000000e+00
   3.8600000e+02  -8.5200000e+00  -2.1400000e+01   0.0000000e+00   3.0000000e+00   0.0000000e+00
   3.8700000e+02   3.4800000e+00  -1.3350000e+01   0.0000000e+00   3.0000000e+00   0.0000000e+00
   3.8800000e+02  -9.1000000e+00  -1.6100000e+00   0.0000000e+00   0.0000000e+00   0.0000000e+00
   3.8900000e+02  -7.9900000e+00   4.3700000e+00   0.0000000e+00   3.0000000e+00   0.0000000e+00
   3.9000000e+02  -2.2950000e+01  -1.0630000e+01   0.0000000e+00   3.0000000e+00   0.0000000e+00
   3.9100000e+02   1.0790000e+01   2.3590000e+01   0.0000000e+00   0.0000000e+00   0.0000000e+00
   3.9200000e+02   2.7050000e+01   1.4600000e+00   0.0000000e+00   1.0000000e+00   0.0000000e+00
   3.9300000e+02  -9.3200000e+00  -1.0470000e+01   0.0000000e+00   3.0000000e+00   0.0000000e+00
   3.9400000e+02   1.6210000e+01  -2.1110000e+01   0.0000000e+00   0.0000000e+00   0.0000000e+00
   3.9500000e+02  -1.4600000e+00  -1.0950000e+01   0.0000000e+00   2.0000000e+00   0.0000000e+00
   3.9600000e+02   1.2790000e+01   1.8000000e-01   0.0000000e+00   2.0000000e+00   0.0000000e+00
   3.9700000e+02  -1.7930000e+01  -4.0300000e+00   0.0000000e+00   3.0000000e+00   0.0000000e+00
   3.9800000e+02  -4.7200000e+00   2.1700000e+01   0.0000000e+00   3.0000000e+00   0.0000000e+00
   3.9900000e+02  -2.5890000e+01  -2.2500000e+00   0.0000000e+00   1.0000000e+00   0.0000000e+00
   4.0000000e+02   1.8760000e+01  -1.8620000e+01   0.0000000e+00   0.0000000e+00   0.0000000e+00
   4.0100000e+02   1.5200000e+00  -2.6790000e+01   0.0000000e+00   1.0000000e+00   0.0000000e+00
   4.0200000e+02   3.3500000e+00  -2.0830000e+01   0.0000000e+00   2.0000000e+00   0.0000000e+00
   4.0300000e+02  -1.3100000e+01  -1.5420000e+01   0.0000000e+00   3.0000000e+00   0.0000000e+00
   4.0400000e+02  -1.4710000e+01  -2.0650000e+01   0.0000000e+00   0.0000000e+00   0.0000000e+00
   4.0500000e+02   2.4000000e-01  -4.9200000e+00   0.0000000e+00   3.0000000e+00   0.0000000e+00
   4.0600000e+02  -8.5100000e+00  -1.2360000e+01   0.0000000e+00   2.0000000e+00   0.0000000e+00
   4.0700000e+02  -8.1700000e+00  -1.7810000e+01   0.0000000e+00   3.0000000e+00   0.0000000e+00
   4.0800000e+02  -1.5460000e+01   4.4400000e+00   0.0000000e+00   3.0000000e+00   0.0000000e+00
   4.0900000e+02   1.9620000e+01   1.8100000e+01   0.0000000e+00   1.0000000e+00   0.0000000e+00
   4.1000000e+02   9.3400000e+00  -1.9240000e+01   0.0000000e+00   3.0000000e+00   0.0000000e+00
   4.1100000e+02   2.5140000e+01  -2.1000000e+00   0.0000000e+00   0.0000000e+00   0.0000000e+00
   4.1200000e+02  -1.0590000e+01   1.9600000e+00   0.0000000e+00   3.0000000e+00   0.0000000e+00
   4.1300000e+02   1.3860000e+01  -1.6180000e+01   0.0000000e+00   3.0000000e+00   0.0000000e+00
   4.1400000e+02  -4.9300000e+00  -1.6370000e+01   0.0000000e+00   2.0000000e+00   0.0000000e+00
   4.1500000e+02  -6.2600000e+00   1.0320000e+01   0.0000000e+00   3.0000000e+00   0.0000000e+00
   4.1600000e+02   1.4720000e+01   1.5570000e+01   0.0000000e+00   3.0000000e+00   0.0000000e+00
   4.1700000e+02  -1.3450000e+01   4.9200000e+00   0.0000000e+00   3.0000000e+00   0.0000000e+00
   4.1800000e+02   3.1400000e+00  -7.9100000e+00   0.0000000e+00   3.0000000e+00   0.0000000e+00
   4.1900000e+02   1.0600000e+01  -7.7900000e+00   0.0000000e+00   3.0000000e+00   0.0000000e+00
   4.2000000e+02   1.0420000e+01  -1.5240000e+01   0.0000000e+00   3.0000000e+00   0.0000000e+00
   4.2100000e+02  -1.1600000e+00   2.3100000e+00   0.0000000e+00   3.0000000e+00   0.0000000e+00
   4.2200000e+02  -2.0300000e+00  -1.8420000e+01   0.0000000e+00   3.0000000e+00   0.0000000e+00
   4.2300000e+02   1.9150000e+01  -3.7300000e+00   0.0000000e+00   3.0000000e+00   0.0000000e+00
   4.2400000e+02  -2.1400000e+01   1.5820000e+01   0.0000000e+00   3.0000000e+00   0.0000000e+00
   4.2500000e+02  -8.5000000e-01  -1.6700000e+01   0.0000000e+00   2.0000000e+00   0.0000000e+00
   4.2600000e+02   2.3530000e+01  -8.1200000e+00   0.0000000e+00   3.0000000e+00   0.0000000e+00
   4.2700000e+02   7.1000000e-01   2.1170000e+01   0.0000000e+00   3.0000000e+00   0.0000000e+00
   4.2800000e+02  -2.0370000e+01   1.7300000e+00   0.0000000e+00   3.0000000e+00   0.0000000e+00
   4.2900000e+02  -5.3300000e+00   1.9740000e+01   0.0000000e+00   3.0000000e+00   0.0000000e+00
   4.3000000e+02   6.4200000e+00  -1.6300000e+01   0.0000000e+00   3.0000000e+00   0.0000000e+00
   4.3100000e+02  -4.3700000e+00  -2.1790000e+01   0.0000000e+00   3.0000000e+00   0.0000000e+00
   4.3200000e+02   4.1000000e-01   2.6660000e+01   0.0000000e+00   0.0000000e+00   0.0000000e+00
   4.3300000e+02  -6.9700000e+00  -1.6130000e+01   0.0000000e+00   2.0000000e+00   0.0000000e+00
   4.3400000e+02  -8.8500000e+00   7.8700000e+00   0.0000000e+00   3.0000000e+00   0.0000000e+00
   4.3500000e+02   1.7290000e+01   1.3090000e+01   0.0000000e+00   3.0000000e+00   0.0000000e+00
   4.3600000e+02  -1.7800000e+00   3.0000000e-01   0.0000000e+00   3.0000000e+00   0.0000000e+00
   4.3700000e+02   2.6640000e+01  -3.5800000e+00   0.0000000e+00   0.0000000e+00   0.0000000e+00
   4.3800000e+02  -6.7100000e+00  -2.5190000e+01   0.0000000e+00   0.0000000e+00   0.0000000e+00
   4.3900000e+02  -1.5650000e+01   2.2780000e+01   0.0000000e+00   1.0000000e+00   0.0000000e+00
   4.4000000e+02   2.1870000e+01   1.0130000e+01   0.0000000e+00   0.0000000e+00   0.0000000e+00
   4.4100000e+02   1.3510000e+01  -1.0700000e+01   0.0000000e+00   3.0000000e+00   0.0000000e+00
   4.4200000e+02   1.0040000e+01  -9.7900000e+00   0.0000000e+00   3.0000000e+00   0.0000000e+00
   4.4300000e+02   1.2130000e+01   5.1600000e+00   0.0000000e+00   3.0000000e+00   0.0000000e+00
   4.4400000e+02  -1.2660000e+01  -2.0890000e+01   0.0000000e+00   3.0000000e+00   0.0000000e+00
   4.4500000e+02  -1.9970000e+01  -3.7500000e+00   0.0000000e+00   3.0000000e+00   0.0000000e+00
   4.4600000e+02  -7.4000000e+00   6.3500000e+00   0.0000000e+00   3.0000000e+00   0.0000000e+00
   4.4700000e+02   1.7020000e+01   7.6300000e+00   0.0000000e+00   3.0000000e+00   0.0000000e+00
   4.4800000e+02   8.4300000e+00  -1.5770000e+01   0.0000000e+00   3.0000000e+00   0.0000000e+00
   4.4900000e+02  -1.5370000e+01   1.7330000e+01   0.0000000e+00   3.0000000e+00   0.0000000e+00
   4.5000000e+02   2.1280000e+01   1.2100000e+01   0.0000000e+00   0.0000000e+00   0.0000000e+00
   4.5100000e+02   7.1400000e+00  -6.8600000e+00   0.0000000e+00   3.0000000e+00   0.0000000e+00
   4.5200000e+02   2.0170000e+01   1.6090000e+01   0.0000000e+00   0.0000000e+00   0.0000000e+00
   4.5300000e+02  -1.0560000e+01  -1.2100000e+01   0.0000000e+00   3.0000000e+00   0.0000000e+00
   4.5400000e+02  -1.3890000e+01  -2.2550000e+01   0.0000000e+00   0.0000000e+00   0.0000000e+00
   4.5500000e+02  -2.5880000e+01   4.5600000e+00   0.0000000e+00   1.0000000e+00   0.0000000e+00
   4.5600000e+02   1.2100000e+01   1.8050000e+01   0.0000000e+00   2.0000000e+00   0.0000000e+00
   4.5700000e+02  -1.6720000e+01  -1.1350000e+01   0.0000000e+00   3.0000000e+00   0.0000000e+00
   4.5800000e+02   4.8400000e+00   3.7600000e+00   0.0000000e+00   2.0000000e+00   0.0000000e+00
   4.5900000e+02  -1.4000000e+00  -2.3870000e+01   0.0000000e+00   2.0000000e+00   0.0000000e+00
   4.6000000e+02   9.3100000e+00   2.1000000e+00   0.0000000e+00   2.0000000e+00   0.0000000e+00
   4.6100000e+02  -1.9240000e+01  -1.4660000e+01   0.0000000e+00   3.0000000e+00   0.0000000e+00
   4.6200000e+02  -8.2500000e+00   9.8400000e+00   0.0000000e+00   3.0000000e+00   0.0000000e+00
   4.6300000e+02  -1.6310000e+01   7.8900000e+00   0.0000000e+00   3.0000000e+00   0.0000000e+00
   4.6400000e+02   2.0300000e+00  -1.1890000e+01   0.0000000e+00   3.0000000e+00   0.0000000e+00
   4.6500000e+02   1.2760000e+01  -2.0200000e+01   0.0000000e+00   3.0000000e+00   0.0000000e+00
   4.6600000e+02  -8.9100000e+00  -2.4930000e+01   0.0000000e+00   1.0000000e+00   0.0000000e+00
   4.6700000e+02   1.5520000e+01  -1.0210000e+01   0.0000000e+00   3.0000000e+00   0.0000000e+00
   4.6800000e+02  -1.1850000e+01  -2.2830000e+01   0.0000000e+00   3.0000000e+00   0.0000000e+00
   4.6900000e+02  -6.8400000e+00   8.3400000e+00   0.0000000e+00   3.0000000e+00   0.0000000e+00
   4.7000000e+02  -2.3580000e+01  -4.5000000e-01   0.0000000e+00   3.0000000e+00   0.0000000e+00
   4.7100000e+02   1.0250000e+01  -2.2720000e+01   0.0000000e+00   3.0000000e+00   0.0000000e+00
   4.7200000e+02   8.8000000e+00  -8.8000000e-01   0.0000000e+00   2.0000000e+00   0.0000000e+00
   4.7300000e+02  -6.1600000e+00   2.3230000e+01   0.0000000e+00   3.0000000e+00   0.0000000e+00
   4.7400000e+02   4.7300000e+00   2.2120000e+01   0.0000000e+00   3.0000000e+00   0.0000000e+00
   4.7500000e+02  -4.8000000e-01   1.7200000e+01   0.0000000e+00   3.0000000e+00   0.0000000e+00
   4.7600000e+02  -2.0880000e+01  -1.0850000e+01   0.0000000e+00   3.0000000e+00   0.0000000e+00
   4.7700000e+02   5.5200000e+00  -1.2840000e+01   0.0000000e+00   3.0000000e+00   0.0000000e+00
   4.7800000e+02   1.0000000e-01   1.9170000e+01   0.0000000e+00   3.0000000e+00   0.0000000e+00
   4.7900000e+02  -6.5100000e+00   1.5770000e+01   0.0000000e+00   3.0000000e+00   0.0000000e+00
   4.8000000e+02   2.6040000e+01  -5.5600000e+00   0.0000000e+00   3.0000000e+00   0.0000000e+00
   4.8100000e+02   1.7710000e+01  -2.2700000e+00   0.0000000e+00   3.0000000e+00   0.0000000e+00
   4.8200000e+02   1.6050000e+01  -8.2200000e+00   0.0000000e+00   3.0000000e+00   0.0000000e+00
   4.8300000e+02   1.0080000e+01   5.6000000e+00   0.0000000e+00   3.0000000e+00   0.0000000e+00
   4.8400000e+02  -1.7140000e+01   1.1360000e+01   0.0000000e+00   3.0000000e+00   0.0000000e+00
   4.8500000e+02   1.4810000e+01   6.5000000e-01   0.0000000e+00   2.0000000e+00   0.0000000e+00
   4.8600000e+02   1.6150000e+01   1.7060000e+01   0.0000000e+00   3.0000000e+00   0.0000000e+00
   4.8700000e+02   2.0060000e+01  -7.1800000e+00   0.0000000e+00   3.0000000e+00   0.0000000e+00
   4.8800000e+02   2.3800000e+00   1.4200000e+01   0.0000000e+00   3.0000000e+00   0.0000000e+00
   4.8900000e+02   2.8100000e+00  -2.4300000e+00   0.0000000e+00   2.0000000e+00   0.0000000e+00
   4.9000000e+02   8.7000000e-01  -2.1160000e+01   0.0000000e+00   2.0000000e+00   0.0000000e+00
   4.9100000e+02  -1.4300000e+01   8.3800000e+00   0.0000000e+00   3.0000000e+00   0.0000000e+00
   4.9200000e+02   7.5400000e+00   1.9100000e+01   0.0000000e+00   3.0000000e+00   0.0000000e+00
   4.9300000e+02  -4.2900000e+00  -7.9700000e+00   0.0000000e+00   2.0000000e+00   0.0000000e+00
   4.9400000e+02   1.1280000e+01   1.4560000e+01   0.0000000e+00   2.0000000e+00   0.0000000e+00
   4.9500000e+02   8.3600000e+00   1.1640000e+01   0.0000000e+00   2.0000000e+00   0.0000000e+00
   4.9600000e+02  -3.1700000e+00  -2.0120000e+01   0.0000000e+00   3.0000000e+00   0.0000000e+00
   4.9700000e+02   9.8700000e+00  -1.7240000e+01   0.0000000e+00   3.0000000e+00   0.0000000e+00
   4.9800000e+02  -1.6560000e+01   1.3340000e+01   0.0000000e+00   3.0000000e+00   0.0000000e+00
   4.9900000e+02  -9.3300000e+00   1.8770000e+01   0.0000000e+00   3.0000000e+00   0.0000000e+00
   5.0000000e+02  -1.6800000e+01   1.8800000e+01   0.0000000e+00   3.0000000e+00   0.0000000e+00
   5.0100000e+02  -1.2170000e+01   6.5000000e-01   0.0000000e+00   3.0000000e+00   0.0000000e+00
   5.0200000e+02   1.0960000e+01  -1.3230000e+01   0.0000000e+00   3.0000000e+00   0.0000000e+00
   5.0300000e+02   4.5800000e+00  -9.3600000e+00   0.0000000e+00   3.0000000e+00   0.0000000e+00
   5.0400000e+02   6.9500000e+00   1.7120000e+01   0.0000000e+00   3.0000000e+00   0.0000000e+00
   5.0500000e+02  -1.3500000e+01  -1.8970000e+01   0.0000000e+00   3.0000000e+00   0.0000000e+00
   5.0600000e+02   1.5570000e+01   6.1600000e+00   0.0000000e+00   3.0000000e+00   0.0000000e+00
   5.0700000e+02  -1.5720000e+01   9.8700000e+00   0.0000000e+00   3.0000000e+00   0.0000000e+00
   5.0800000e+02  -7.3300000e+00  -1.9710000e+01   0.0000000e+00   3.0000000e+00   0.0000000e+00
   5.0900000e+02   3.4500000e+00   5.2800000e+00   0.0000000e+00   2.0000000e+00   0.0000000e+00
   5.1000000e+02  -2.4430000e+01   3.0500000e+00   0.0000000e+00   0.0000000e+00   0.0000000e+00
   5.1100000e+02   2.2490000e+01   8.1500000e+00   0.0000000e+00   0.0000000e+00   0.0000000e+00
   5.1200000e+02   2.4500000e+00  -1.7390000e+01   0.0000000e+00   2.0000000e+00   0.0000000e+00
   5.1300000e+02  -7.1000000e+00  -1.1500000e+00   0.0000000e+00   1.0000000e+00   0.0000000e+00
   5.1400000e+02   4.9900000e+00  -1.4840000e+01   0.0000000e+00   3.0000000e+00   0.0000000e+00
   5.1500000e+02   5.1200000e+00  -7.3700000e+00   0.0000000e+00   3.0000000e+00   0.0000000e+00
   5.1600000e+02  -5.3000000e-01  -1.4440000e+01   0.0000000e+00   2.0000000e+00   0.0000000e+00
   5.1700000e+02  -1.8810000e+01   1.8310000e+01   0.0000000e+00   0.0000000e+00   0.0000000e+00
   5.1800000e+02   1.5710000e+01  -2.7900000e+00   0.0000000e+00   3.0000000e+00   0.0000000e+00
   5.1900000e+02   2.3940000e+01   9.6100000e+00   0.0000000e+00   1.0000000e+00   0.0000000e+00
   5.2000000e+02   1.8700000e+00   2.5130000e+01   0.0000000e+00   0.0000000e+00   0.0000000e+00
   5.2100000e+02   1.0200000e+00  -1.5880000e+01   0.0000000e+00   2.0000000e+00   0.0000000e+00
   5.2200000e+02  -2.1310000e+01   7.5400000e+00   0.0000000e+00   3.0000000e+00   0.0000000e+00
   5.2300000e+02   1.4230000e+01  -2.1630000e+01   0.0000000e+00   3.0000000e+00   0.0000000e+00
   5.2400000e+02  -2.3000000e+00  -7.4600000e+00   0.0000000e+00   3.0000000e+00   0.0000000e+00
   5.2500000e+02  -8.1600000e+00   2.2750000e+01   0.0000000e+00   3.0000000e+00   0.0000000e+00
   5.2600000e+02   5.6000000e-01  -1.0430000e+01   0.0000000e+00   3.0000000e+00   0.0000000e+00
   5.2700000e+02   2.0300000e+00  -2.4760000e+01   0.0000000e+00   0.0000000e+00   0.0000000e+00
   5.2800000e+02  -1.9000000e+00   1.8700000e+01   0.0000000e+00   3.0000000e+00   0.0000000e+00
   5.2900000e+02  -5.4900000e+00  -4.9200000e+00   0.0000000e+00   2.0000000e+00   0.0000000e+00
   5.3000000e+02   5.7000000e+00  -5.3800000e+00   0.0000000e+00   3.0000000e+00   0.0000000e+00
   5.3100000e+02  -8.8700000e+00  -6.9200000e+00   0.0000000e+00   2.0000000e+00   0.0000000e+00
   5.3200000e+02  -1.7020000e+01   3.0900000e+00   0.0000000e+00   3.0000000e+00   0.0000000e+00
   5.3300000e+02  -4.4200000e+00  -2.1700000e+00   0.0000000e+00   2.0000000e+00   0.0000000e+00
   5.3400000e+02  -2.2430000e+01   3.5600000e+00   0.0000000e+00   3.0000000e+00   0.0000000e+00
   5.3500000e+02  -1.7120000e+01  -5.9200000e+00   0.0000000e+00   3.0000000e+00   0.0000000e+00
   5.3600000e+02  -2.2970000e+01   1.5700000e+00   0.0000000e+00   3.0000000e+00   0.0000000e+00
   5.3700000e+02  -4.0700000e+00  -1.8250000e+01   0.0000000e+00   3.0000000e+00   0.0000000e+00
   5.3800000e+02   1.5150000e+01  -4.7700000e+00   0.0000000e+00   3.0000000e+00   0.0000000e+00
   5.3900000e+02  -4.4900000e+00   1.6250000e+01   0.0000000e+00   3.0000000e+00   0.0000000e+00
   5.4000000e+02   3.9200000e+00   2.5610000e+01   0.0000000e+00   0.0000000e+00   0.0000000e+00
   5.4100000e+02  -2.3300000e+01   7.0000000e+00   0.0000000e+00   0.0000000e+00   0.0000000e+00
   5.4200000e+02  -1.3700000e+01   1.0370000e+01   0.0000000e+00   3.0000000e+00   0.0000000e+00
   5.4300000e+02  -1.6220000e+01   2.0790000e+01   0.0000000e+00   0.0000000e+00   0.0000000e+00
   5.4400000e+02  -1.5550000e+01  -1.8740000e+01   0.0000000e+00   3.0000000e+00   0.0000000e+00
   5.4500000e+02   1.6400000e+01  -1.3670000e+01   0.0000000e+00   3.0000000e+00   0.0000000e+00
   5.4600000e+02  -5.4000000e+00  -1.4360000e+01   0.0000000e+00   2.0000000e+00   0.0000000e+00
   5.4700000e+02  -1.3440000e+01  -9.9600000e+00   0.0000000e+00   3.0000000e+00   0.0000000e+00
   5.4800000e+02   5.2100000e+00   1.1200000e+01   0.0000000e+00   2.0000000e+00   0.0000000e+00
   5.4900000e+02  -1.9400000e+01   1.6330000e+01   0.0000000e+00   3.0000000e+00   0.0000000e+00
   5.5000000e+02   8.0400000e+00  -1.0300000e+01   0.0000000e+00   3.0000000e+00   0.0000000e+00
   5.5100000e+02  -8.1000000e-01   9.7700000e+00   0.0000000e+00   3.0000000e+00   0.0000000e+00
   5.5200000e+02  -3.3100000e+00   2.0200000e+01   0.0000000e+00   3.0000000e+00   0.0000000e+00
   5.5300000e+02   8.1500000e+00   2.1080000e+01   0.0000000e+00   3.0000000e+00   0.0000000e+00
   5.5400000e+02   5.3500000e+00  -2.0310000e+01   0.0000000e+00   3.0000000e+00   0.0000000e+00
   5.5500000e+02  -5.0800000e+00   1.4290000e+01   0.0000000e+00   3.0000000e+00   0.0000000e+00
   5.5600000e+02   1.2400000e+01   1.0600000e+01   0.0000000e+00   3.0000000e+00   0.0000000e+00
   5.5700000e+02   1.2250000e+01  -2.2200000e+01   0.0000000e+00   3.0000000e+00   0.0000000e+00
   5.5800000e+02   1.9670000e+01   5.1200000e+00   0.0000000e+00   3.0000000e+00   0.0000000e+00
   5.5900000e+02   2.5580000e+01   2.9400000e+00   0.0000000e+00   1.0000000e+00   0.0000000e+00
   5.6000000e+02  -1.0160000e+01   2.2260000e+01   0.0000000e+00   3.0000000e+00   0.0000000e+00
   5.6100000e+02   1.8240000e+01  -2.8000000e-01   0.0000000e+00   3.0000000e+00   0.0000000e+00
   5.6200000e+02  -1.2540000e+01   1.4340000e+01   0.0000000e+00   3.0000000e+00   0.0000000e+00
   5.6300000e+02   2.2000000e-01   7.8000000e-01   0.0000000e+00   3.0000000e+00   0.0000000e+00
   5.6400000e+02  -4.5800000e+00   3.3400000e+00   0.0000000e+00   3.0000000e+00   0.0000000e+00
   5.6500000e+02   1.4260000e+01  -1.3300000e+00   0.0000000e+00   3.0000000e+00   0.0000000e+00
   5.6600000e+02   8.6900000e+00   4.0700000e+00   0.0000000e+00   2.0000000e+00   0.0000000e+00
   5.6700000e+02  -2.5800000e+00   3.8200000e+00   0.0000000e+00   3.0000000e+00   0.0000000e+00
   5.6800000e+02   2.0390000e+01   3.0400000e+00   0.0000000e+00   2.0000000e+00   0.0000000e+00
   5.6900000e+02  -2.2500000e+00   1.1280000e+01   0.0000000e+00   3.0000000e+00   0.0000000e+00
   5.7000000e+02   2.1290000e+01  -1.6090000e+01   0.0000000e+00   1.0000000e+00   0.0000000e+00
   5.7100000e+02  -7.3200000e+00   1.9260000e+01   0.0000000e+00   3.0000000e+00   0.0000000e+00
   5.7200000e+02  -1.0270000e+01   9.3700000e+00   0.0000000e+00   3.0000000e+00   0.0000000e+00
   5.7300000e+02   2.0420000e+01  -1.2640000e+01   0.0000000e+00   3.0000000e+00   0.0000000e+00
   5.7400000e+02  -1.3880000e+01  -1.3510000e+01   0.0000000e+00   3.0000000e+00   0.0000000e+00
   5.7500000e+02   2.1530000e+01  -8.6600000e+00   0.0000000e+00   3.0000000e+00   0.0000000e+00
   5.7600000e+02  -7.1800000e+00   9.1000000e-01   0.0000000e+00   0.0000000e+00   0.0000000e+00
   5.7700000e+02   2.0210000e+01   2.9000000e-01   0.0000000e+00   2.0000000e+00   0.0000000e+00
   5.7800000e+02  -1.9870000e+01   6.0700000e+00   0.0000000e+00   3.0000000e+00   0.0000000e+00
   5.7900000e+02  -4.1400000e+00   2.3670000e+01   0.0000000e+00   0.0000000e+00   0.0000000e+00
   5.8000000e+02  -1.1370000e+01  -1.0210000e+01   0.0000000e+00   3.0000000e+00   0.0000000e+00
   5.8100000e+02   1.3320000e+01  -1.8170000e+01   0.0000000e+00   3.0000000e+00   0.0000000e+00
   5.8200000e+02   1.1590000e+01   2.0050000e+01   0.0000000e+00   2.0000000e+00   0.0000000e+00
   5.8300000e+02   1.4100000e+00   4.7900000e+00   0.0000000e+00   3.0000000e+00   0.0000000e+00
   5.8400000e+02   1.8600000e+01  -5.7200000e+00   0.0000000e+00   3.0000000e+00   0.0000000e+00
   5.8500000e+02   4.8200000e+00  -1.9100000e+00   0.0000000e+00   2.0000000e+00   0.0000000e+00
   5.8600000e+02   2.7100000e+00   2.1650000e+01   0.0000000e+00   3.0000000e+00   0.0000000e+00
   5.8700000e+02   5.0500000e+00   9.0600000e+00   0.0000000e+00   2.0000000e+00   0.0000000e+00
   5.8800000e+02   1.1860000e+01  -1.6710000e+01   0.0000000e+00   3.0000000e+00   0.0000000e+00
   5.8900000e+02   1.3000000e+01   8.6300000e+00   0.0000000e+00   3.0000000e+00   0.0000000e+00
   5.9000000e+02  -3.6600000e+00   1.2780000e+01   0.0000000e+00   3.0000000e+00   0.0000000e+00
   5.9100000e+02   6.5000000e+00   2.5500000e+00   0.0000000e+00   2.0000000e+00   0.0000000e+00
   5.9200000e+02   2.3120000e+01  -2.6400000e+00   0.0000000e+00   3.0000000e+00   0.0000000e+00
   5.9300000e+02   1.6160000e+01   4.1700000e+00   0.0000000e+00   2.0000000e+00   0.0000000e+00
   5.9400000e+02   2.2200000e+01   8.2000000e-01   0.0000000e+00   2.0000000e+00   0.0000000e+00
   5.9500000e+02  -2.4970000e+01   1.0600000e+00   0.0000000e+00   0.0000000e+00   0.0000000e+00
   5.9600000e+02   1.8170000e+01   1.6580000e+01   0.0000000e+00   0.0000000e+00   0.0000000e+00
   5.9700000e+02  -1.8440000e+01  -1.6560000e+01   0.0000000e+00   3.0000000e+00   0.0000000e+00
   5.9800000e+02   8.2600000e+00  -2.3300000e+01   0.0000000e+00   3.0000000e+00   0.0000000e+00
   5.9900000e+02   2.1140000e+01  -3.2000000e+00   0.0000000e+00   3.0000000e+00   0.0000000e+00
