   0.0000000e+00  -2.1020000e+01   1.2000000e+00   0.0000000e+00   3.0000000e+00   0.0000000e+00
   1.0000000e+00  -2.5000000e-01   2.1010000e+01   0.0000000e+00   3.0000000e+00   0.0000000e+00
   2.0000000e+00  -2.3870000e+01   1.3430000e+01   0.0000000e+00   1.0000000e+00   0.0000000e+00
   3.0000000e+00   6.8700000e+00  -1.7910000e+01   0.0000000e+00   3.0000000e+00   0.0000000e+00
   4.0000000e+00  -3.0000000e-01  -2.6900000e+01   0.0000000e+00   1.0000000e+00   0.0000000e+00
   5.0000000e+00  -5.5000000e+00   1.3660000e+01   0.0000000e+00   3.0000000e+00   0.0000000e+00
   6.0000000e+00  -3.3200000e+00  -1.0030000e+01   0.0000000e+00   2.0000000e+00   0.0000000e+00
   7.0000000e+00   1.6000000e-01   6.1100000e+00   0.0000000e+00   2.0000000e+00   0.0000000e+00
   8.0000000e+00  -2.0000000e+00   1.2880000e+01   0.0000000e+00   3.0000000e+00   0.0000000e+00
   9.0000000e+00   6.1900000e+00   2.4880000e+01   0.0000000e+00   2.0000000e+00   0.0000000e+00
   1.0000000e+01  -3.4500000e+00  -1.4340000e+01   0.0000000e+00   3.0000000e+00   0.0000000e+00
   1.1000000e+01   4.8300000e+00  -2.1490000e+01   0.0000000e+00   3.0000000e+00   0.0000000e+00
   1.2000000e+01  -2.0360000e+01   1.2670000e+01   0.0000000e+00   3.0000000e+00   0.0000000e+00
   1.3000000e+01  -1.3720000e+01  -2.1780000e+01   0.0000000e+00   0.0000000e+00   0.0000000e+00
   1.4000000e+01   8.6700000e+00   8.1200000e+00   0.0000000e+00   3.0000000e+00   0.0000000e+00
   1.5000000e+01   6.7000000e-01  -1.4330000e+01   0.0000000e+00   3.0000000e+00   0.0000000e+00
   1.6000000e+01   6.5600000e+00   1.1020000e+01   0.0000000e+00   3.0000000e+00   0.0000000e+00
   1.7000000e+01   8.9300000e+00  -1.4300000e+01   0.0000000e+00   3.0000000e+00   0.0000000e+00
   1.8000000e+01  -2.1710000e+01  -1.0330000e+01   0.0000000e+00   3.0000000e+00   0.0000000e+00
   1.9000000e+01   1.1550000e+01  -3.0300000e+00   0.0000000e+00   3.0000000e+00   0.0000000e+00
   2.0000000e+01  -2.2300000e+00   2.0380000e+01   0.0000000e+00   3.0000000e+00   0.0000000e+00
   2.1000000e+01   1.4930000e+01  -6.2000000e-01   0.0000000e+00   3.0000000e+00   0.0000000e+00
   2.2000000e+01  -2.4500000e+00  -8.1300000e+00   0.0000000e+00   2.0000000e+00   0.0000000e+00
   2.3000000e+01  -2.0140000e+01  -1.1740000e+01   0.0000000e+00   3.0000000e+00   0.0000000e+00
   2.4000000e+01  -4.8700000e+00   8.2200000e+00   0.0000000e+00   3.0000000e+00   0.0000000e+00
   2.5000000e+01   3.6700000e+00   2.4100000e+00   0.0000000e+00   2.0000000e+00   0.0000000e+00
   2.6000000e+01  -7.5200000e+00  -2.5280000e+01   0.0000000e+00   1.0000000e+00   0.0000000e+00
   2.7000000e+01   6.8800000e+00  -2.1500000e+01   0.0000000e+00   3.0000000e+00   0.0000000e+00
   2.8000000e+01   7.9400000e+00  -2.3460000e+01   0.0000000e+00   3.0000000e+00   0.0000000e+00
   2.9000000e+01  -1.3400000e+00  -2.5080000e+01   0.0000000e+00   0.0000000e+00   0.0000000e+00
   3.0000000e+01   3.7800000e+00  -1.6120000e+01   0.0000000e+00   3.0000000e+00   0.0000000e+00
   3.1000000e+01   1.7020000e+01  -3.5100000e+00   0.0000000e+00   3.0000000e+00   0.0000000e+00
   3.2000000e+01  -2.1480000e+01   1.6100000e+01   0.0000000e+00   0.0000000e+00   0.0000000e+00
   3.3000000e+01  -2.1920000e+01  -2.8500000e+00   0.0000000e+00   3.0000000e+00   0.0000000e+00
   3.4000000e+01  -5.2700000e+00  -1.0680000e+01   0.0000000e+00   2.0000000e+00   0.0000000e+00
   3.5000000e+01  -1.0590000e+01  -1.6320000e+01   0.0000000e+00   2.0000000e+00   0.0000000e+00
   3.6000000e+01   1.4730000e+01   1.4500000e+00   0.0000000e+00   3.0000000e+00   0.0000000e+00
   3.7000000e+01  -5.0800000e+00   1.5710000e+01   0.0000000e+00   3.0000000e+00   0.0000000e+00
   3.8000000e+01  -2.2330000e+01   1.2060000e+01   0.0000000e+00   0.0000000e+00   0.0000000e+00
   3.9000000e+01  -4.3000000e-01  -5.3800000e+00   0.0000000e+00   2.0000000e+00   0.0000000e+00
   4.0000000e+01  -9.2000000e-01   9.4600000e+00   0.0000000e+00   3.0000000e+00   0.0000000e+00
   4.1000000e+01  -3.4000000e-01  -1.9700000e+01   0.0000000e+00   3.0000000e+00   0.0000000e+00
   4.2000000e+01  -6.4800000e+00  -2.3490000e+01   0.0000000e+00   0.0000000e+00   0.0000000e+00
   4.3000000e+01  -1.2050000e+01   1.7220000e+01   0.0000000e+00   3.0000000e+00   0.0000000e+00
   4.4000000e+01   5.6600000e+00   2.2870000e+01   0.0000000e+00   2.0000000e+00   0.0000000e+00
   4.5000000e+01   1.7430000e+01  -7.6100000e+00   0.0000000e+00   2.0000000e+00   0.0000000e+00
   4.6000000e+01   7.6300000e+00   1.8420000e+01   0.0000000e+00   2.0000000e+00   0.0000000e+00
   4.7000000e+01  -3.9400000e+00  -4.6400000e+00   0.0000000e+00   3.0000000e+00   0.0000000e+00
   4.8000000e+01  -3.0700000e+00  -6.0000000e-01   0.0000000e+00   3.0000000e+00   0.0000000e+00
   4.9000000e+01  -7.2800000e+00   5.5800000e+00   0.0000000e+00   3.0000000e+00   0.0000000e+00
   5.0000000e+01  -2.8100000e+00   2.5880000e+01   0.0000000e+00   1.0000000e+00   0.0000000e+00
   5.1000000e+01  -2.2120000e+01  -1.2380000e+01   0.0000000e+00   3.0000000e+00   0.0000000e+00
   5.2000000e+01  -6.5900000e+00   1.7000000e-01   0.0000000e+00   3.0000000e+00   0.0000000e+00
   5.3000000e+01   1.5810000e+01   8.8300000e+00   0.0000000e+00   3.0000000e+00   0.0000000e+00
   5.4000000e+01   1.2850000e+01   2.3000000e+00   0.0000000e+00   3.0000000e+00   0.0000000e+00
   5.5000000e+01  -1.0940000e+01  -3.1000000e+00   0.0000000e+00   3.0000000e+00   0.0000000e+00
   5.6000000e+01   1.6170000e+01  -1.6160000e+01   0.0000000e+00   3.0000000e+00   0.0000000e+00
   5.7000000e+01   5.6000000e+00   1.5300000e+00   0.0000000e+00   3.0000000e+00   0.0000000e+00
   5.8000000e+01   1.0450000e+01   2.5500000e+01   0.0000000e+00   0.0000000e+00   0.0000000e+00
   5.9000000e+01   1.9110000e+01  -6.4100000e+00   0.0000000e+00   2.0000000e+00   0.0000000e+00
   6.0000000e+01   3.7000000e+00   2.2260000e+01   0.0000000e+00   3.0000000e+00   0.0000000e+00
   6.1000000e+01   9.0700000e+00   4.0200000e+00   0.0000000e+00   3.0000000e+00   0.0000000e+00
   6.2000000e+01   9.7300000e+00  -4.4600000e+00   0.0000000e+00   2.0000000e+00   0.0000000e+00
   6.3000000e+01  -1.0740000e+01  -1.0540000e+01   0.0000000e+00   3.0000000e+00   0.0000000e+00
   6.4000000e+01   9.9600000e+00  -1.9700000e+01   0.0000000e+00   3.0000000e+00   0.0000000e+00
   6.5000000e+01   1.7480000e+01   1.0030000e+01   0.0000000e+00   3.0000000e+00   0.0000000e+00
   6.6000000e+01   1.5400000e+01   1.2940000e+01   0.0000000e+00   3.0000000e+00   0.0000000e+00
   6.7000000e+01  -8.5500000e+00   1.6470000e+01   0.0000000e+00   3.0000000e+00   0.0000000e+00
   6.8000000e+01  -2.0570000e+01  -1.3780000e+01   0.0000000e+00   3.0000000e+00   0.0000000e+00
   6.9000000e+01  -1.9500000e+01  -1.9000000e-01   0.0000000e+00   3.0000000e+00   0.0000000e+00
   7.0000000e+01   1.7200000e+00  -1.6110000e+01   0.0000000e+00   3.0000000e+00   0.0000000e+00
   7.1000000e+01  -3.7000000e-01  -1.2530000e+01   0.0000000e+00   3.0000000e+00   0.0000000e+00
   7.2000000e+01  -1.0080000e+01   1.7860000e+01   0.0000000e+00   3.0000000e+00   0.0000000e+00
   7.3000000e+01  -4.4300000e+00  -2.3320000e+01   0.0000000e+00   3.0000000e+00   0.0000000e+00
   7.4000000e+01  -2.4090000e+01   3.9600000e+00   0.0000000e+00   0.0000000e+00   0.0000000e+00
   7.5000000e+01  -1.0090000e+01   9.3000000e-01   0.0000000e+00   3.0000000e+00   0.0000000e+00
   7.6000000e+01  -4.7800000e+00   2.5220000e+01   0.0000000e+00   0.0000000e+00   0.0000000e+00
   7.7000000e+01   1.8250000e+01  -1.2580000e+01   0.0000000e+00   2.0000000e+00   0.0000000e+00
   7.8000000e+01  -1.4440000e+01   1.4580000e+01   0.0000000e+00   3.0000000e+00   0.0000000e+00
   7.9000000e+01   2.0570000e+01  -3.1400000e+00   0.0000000e+00   3.0000000e+00   0.0000000e+00
   8.0000000e+01  -8.5500000e+00  -2.3500000e+01   0.0000000e+00   0.0000000e+00   0.0000000e+00
   8.1000000e+01  -1.4250000e+01  -9.7800000e+00   0.0000000e+00   3.0000000e+00   0.0000000e+00
   8.2000000e+01   1.5530000e+01  -6.7700000e+00   0.0000000e+00   3.0000000e+00   0.0000000e+00
   8.3000000e+01   1.9640000e+01  -1.1060000e+01   0.0000000e+00   2.0000000e+00   0.0000000e+00
   8.4000000e+01  -1.0610000e+01  -2.3540000e+01   0.0000000e+00   0.0000000e+00   0.0000000e+00
   8.5000000e+01  -1.7280000e+01   9.8900000e+00   0.0000000e+00   3.0000000e+00   0.0000000e+00
   8.6000000e+01   4.9100000e+00  -2.5230000e+01   0.0000000e+00   1.0000000e+00   0.0000000e+00
   8.7000000e+01  -1.4950000e+01  -1.4220000e+01   0.0000000e+00   2.0000000e+00   0.0000000e+00
   8.8000000e+01   2.4540000e+01  -7.0000000e+00   0.0000000e+00   0.0000000e+00   0.0000000e+00
   8.9000000e+01   4.8200000e+00  -1.7890000e+01   0.0000000e+00   3.0000000e+00   0.0000000e+00
   9.0000000e+01   1.3070000e+01   2.4000000e-01   0.0000000e+00   3.0000000e+00   0.0000000e+00
   9.1000000e+01  -1.8380000e+01  -3.6100000e+00   0.0000000e+00   3.0000000e+00   0.0000000e+00
   9.2000000e+01   1.5210000e+01   1.4990000e+01   0.0000000e+00   3.0000000e+00   0.0000000e+00
   9.3000000e+01  -8.3500000e+00   9.0000000e+00   0.0000000e+00   3.0000000e+00   0.0000000e+00
   9.4000000e+01   1.3050000e+01  -1.7910000e+01   0.0000000e+00   3.0000000e+00   0.0000000e+00
   9.5000000e+01   1.0960000e+01   3.1400000e+00   0.0000000e+00   3.0000000e+00   0.0000000e+00
   9.6000000e+01  -1.9280000e+01  -7.6500000e+00   0.0000000e+00   3.0000000e+00   0.0000000e+00
   9.7000000e+01  -5.5100000e+00  -1.7930000e+01   0.0000000e+00   3.0000000e+00   0.0000000e+00
   9.8000000e+01   1.1220000e+01   1.8730000e+01   0.0000000e+00   3.0000000e+00   0.0000000e+00
   9.9000000e+01  -1.8370000e+01   1.3330000e+01   0.0000000e+00   3.0000000e+00   0.0000000e+00
   1.0000000e+02  -2.3000000e+01   5.6000000e-01   0.0000000e+00   3.0000000e+00   0.0000000e+00
   1.0100000e+02  -5.7100000e+00   2.1160000e+01   0.0000000e+00   3.0000000e+00   0.0000000e+00
   1.0200000e+02  -4.6000000e-01   1.1470000e+01   0.0000000e+00   3.0000000e+00   0.0000000e+00
   1.0300000e+02   9.0300000e+00   2.7080000e+01   0.0000000e+00   1.0000000e+00   0.0000000e+00
   1.0400000e+02   9.6800000e+00  -2.1400000e+00   0.0000000e+00   3.0000000e+00   0.0000000e+00
   1.0500000e+02   1.5200000e+00   1.2100000e+01   0.0000000e+00   2.0000000e+00   0.0000000e+00
   1.0600000e+02   1.7090000e+01   1.4130000e+01   0.0000000e+00   3.0000000e+00   0.0000000e+00
   1.0700000e+02  -3.1100000e+00   1.6340000e+01   0.0000000e+00   3.0000000e+00   0.0000000e+00
   1.0800000e+02   1.1090000e+01  -7.0700000e+00   0.0000000e+00   2.0000000e+00   0.0000000e+00
   1.0900000e+02   2.7900000e+00   1.8210000e+01   0.0000000e+00   2.0000000e+00   0.0000000e+00
   1.1000000e+02   1.3720000e+01   1.1710000e+01   0.0000000e+00   3.0000000e+00   0.0000000e+00
   1.1100000e+02   4.7400000e+00  -6.7100000e+00   0.0000000e+00   2.0000000e+00   0.0000000e+00
   1.1200000e+02  -1.1170000e+01   2.1310000e+01   0.0000000e+00   0.0000000e+00   0.0000000e+00
   1.1300000e+02  -4.6000000e+00   7.8000000e-01   0.0000000e+00   3.0000000e+00   0.0000000e+00
   1.1400000e+02  -2.5440000e+01  -2.0900000e+00   0.0000000e+00   0.0000000e+00   0.0000000e+00
   1.1500000e+02   5.9900000e+00   1.7170000e+01   0.0000000e+00   2.0000000e+00   0.0000000e+00
   1.1600000e+02  -4.5000000e+00  -1.6140000e+01   0.0000000e+00   3.0000000e+00   0.0000000e+00
   1.1700000e+02  -1.2910000e+01   1.3190000e+01   0.0000000e+00   3.0000000e+00   0.0000000e+00
   1.1800000e+02  -8.6000000e+00  -1.5740000e+01   0.0000000e+00   2.0000000e+00   0.0000000e+00
   1.1900000e+02  -2.0820000e+01  -6.2700000e+00   0.0000000e+00   3.0000000e+00   0.0000000e+00
   1.2000000e+02   1.1170000e+01   1.0900000e+00   0.0000000e+00   3.0000000e+00   0.0000000e+00
   1.2100000e+02   2.0780000e+01  -5.2000000e+00   0.0000000e+00   3.0000000e+00   0.0000000e+00
   1.2200000e+02  -7.7000000e+00   3.5700000e+00   0.0000000e+00   3.0000000e+00   0.0000000e+00
   1.2300000e+02  -1.5120000e+01   3.0900000e+00   0.0000000e+00   3.0000000e+00   0.0000000e+00
   1.2400000e+02  -1.9620000e+01  -1.7100000e+01   0.0000000e+00   1.0000000e+00   0.0000000e+00
   1.2500000e+02  -9.4000000e+00  -4.5000000e+00   0.0000000e+00   3.0000000e+00   0.0000000e+00
   1.2600000e+02   1.7220000e+01  -2.1510000e+01   0.0000000e+00   1.0000000e+00   0.0000000e+00
   1.2700000e+02   7.4200000e+00   2.7800000e+00   0.0000000e+00   3.0000000e+00   0.0000000e+00
   1.2800000e+02   8.4500000e+00   1.0160000e+01   0.0000000e+00   3.0000000e+00   0.0000000e+00
   1.2900000e+02   1.4110000e+01  -1.2560000e+01   0.0000000e+00   3.0000000e+00   0.0000000e+00
   1.3000000e+02  -1.1190000e+01   4.3300000e+00   0.0000000e+00   3.0000000e+00   0.0000000e+00
   1.3100000e+02  -8.3400000e+00  -7.9100000e+00   0.0000000e+00   3.0000000e+00   0.0000000e+00
   1.3200000e+02   1.7100000e+00  -1.9700000e+01   0.0000000e+00   3.0000000e+00   0.0000000e+00
   1.3300000e+02  -5.4700000e+00  -2.5280000e+01   0.0000000e+00   0.0000000e+00   0.0000000e+00
   1.3400000e+02  -1.6420000e+01  -2.9700000e+00   0.0000000e+00   3.0000000e+00   0.0000000e+00
   1.3500000e+02   1.6670000e+01   1.8280000e+01   0.0000000e+00   0.0000000e+00   0.0000000e+00
   1.3600000e+02   1.3860000e+01  -7.9900000e+00   0.0000000e+00   2.0000000e+00   0.0000000e+00
   1.3700000e+02   4.7800000e+00  -1.0710000e+01   0.0000000e+00   3.0000000e+00   0.0000000e+00
   1.3800000e+02  -5.6100000e+00  -1.4300000e+01   0.0000000e+00   2.0000000e+00   0.0000000e+00
   1.3900000e+02   7.2000000e-01  -2.5060000e+01   0.0000000e+00   0.0000000e+00   0.0000000e+00
   1.4000000e+02   1.5770000e+01  -8.8100000e+00   0.0000000e+00   2.0000000e+00   0.0000000e+00
   1.4100000e+02   2.8400000e+00  -2.5150000e+01   0.0000000e+00   0.0000000e+00   0.0000000e+00
   1.4200000e+02   2.0990000e+01  -7.2500000e+00   0.0000000e+00   2.0000000e+00   0.0000000e+00
   1.4300000e+02  -1.5340000e+01  -6.3900000e+00   0.0000000e+00   3.0000000e+00   0.0000000e+00
   1.4400000e+02   8.2600000e+00   2.5140000e+01   0.0000000e+00   0.0000000e+00   0.0000000e+00
   1.4500000e+02   1.8490000e+01  -2.5000000e-01   0.0000000e+00   3.0000000e+00   0.0000000e+00
   1.4600000e+02   1.4340000e+01   5.5500000e+00   0.0000000e+00   3.0000000e+00   0.0000000e+00
   1.4700000e+02  -5.0300000e+00  -1.2300000e+00   0.0000000e+00   3.0000000e+00   0.0000000e+00
   1.4800000e+02   9.9700000e+00  -1.2500000e+01   0.0000000e+00   3.0000000e+00   0.0000000e+00
   1.4900000e+02  -1.6640000e+01  -1.2430000e+01   0.0000000e+00   3.0000000e+00   0.0000000e+00
   1.5000000e+02  -5.7400000e+00   4.1900000e+00   0.0000000e+00   3.0000000e+00   0.0000000e+00
   1.5100000e+02   1.6800000e+00  -8.9000000e+00   0.0000000e+00   3.0000000e+00   0.0000000e+00
   1.5200000e+02  -2.4740000e+01  -7.5500000e+00   0.0000000e+00   0.0000000e+00   0.0000000e+00
   1.5300000e+02  -2.2760000e+01   1.0050000e+01   0.0000000e+00   0.0000000e+00   0.0000000e+00
   1.5400000e+02   8.2000000e-01   1.7580000e+01   0.0000000e+00   3.0000000e+00   0.0000000e+00
   1.5500000e+02  -1.3120000e+01   2.0640000e+01   0.0000000e+00   0.0000000e+00   0.0000000e+00
   1.5600000e+02   2.0180000e+01   9.5000000e-01   0.0000000e+00   3.0000000e+00   0.0000000e+00
   1.5700000e+02  -5.9400000e+00   1.1640000e+01   0.0000000e+00   3.0000000e+00   0.0000000e+00
   1.5800000e+02   1.3600000e+00   5.4000000e-01   0.0000000e+00   2.0000000e+00   0.0000000e+00
   1.5900000e+02   6.6000000e-01  -7.1200000e+00   0.0000000e+00   2.0000000e+00   0.0000000e+00
   1.6000000e+02   4.5000000e-01  -1.3400000e+00   0.0000000e+00   2.0000000e+00   0.0000000e+00
   1.6100000e+02   1.5330000e+01  -4.7100000e+00   0.0000000e+00   3.0000000e+00   0.0000000e+00
   1.6200000e+02  -1.2710000e+01  -2.3580000e+01   0.0000000e+00   1.0000000e+00   0.0000000e+00
   1.6300000e+02  -7.4600000e+00   1.3040000e+01   0.0000000e+00   3.0000000e+00   0.0000000e+00
   1.6400000e+02  -1.3600000e+01   1.6700000e+00   0.0000000e+00   3.0000000e+00   0.0000000e+00
   1.6500000e+02  -6.1700000e+00   2.1800000e+00   0.0000000e+00   3.0000000e+00   0.0000000e+00
   1.6600000e+02   1.2600000e+00   1.9600000e+01   0.0000000e+00   3.0000000e+00   0.0000000e+00
   1.6700000e+02   1.4780000e+01   1.9080000e+01   0.0000000e+00   3.0000000e+00   0.0000000e+00
   1.6800000e+02  -1.3570000e+01   1.8630000e+01   0.0000000e+00   3.0000000e+00   0.0000000e+00
   1.6900000e+02   1.1020000e+01  -1.0740000e+01   0.0000000e+00   3.0000000e+00   0.0000000e+00
   1.7000000e+02  -2.9100000e+00   8.8500000e+00   0.0000000e+00   3.0000000e+00   0.0000000e+00
   1.7100000e+02  -2.0350000e+01  -4.2300000e+00   0.0000000e+00   3.0000000e+00   0.0000000e+00
   1.7200000e+02   1.6210000e+01   2.2390000e+01   0.0000000e+00   1.0000000e+00   0.0000000e+00
   1.7300000e+02  -2.4500000e+00   1.0870000e+01   0.0000000e+00   3.0000000e+00   0.0000000e+00
   1.7400000e+02   1.9160000e+01   1.1230000e+01   0.0000000e+00   3.0000000e+00   0.0000000e+00
   1.7500000e+02  -2.6090000e+01   3.4100000e+00   0.0000000e+00   1.0000000e+00   0.0000000e+00
   1.7600000e+02   7.8900000e+00  -1.9700000e+01   0.0000000e+00   3.0000000e+00   0.0000000e+00
   1.7700000e+02   5.8100000e+00  -8.9400000e+00   0.0000000e+00   3.0000000e+00   0.0000000e+00
   1.7800000e+02   1.9790000e+01   5.0500000e+00   0.0000000e+00   3.0000000e+00   0.0000000e+00
   1.7900000e+02   1.4110000e+01  -1.6120000e+01   0.0000000e+00   3.0000000e+00   0.0000000e+00
   1.8000000e+02   2.7200000e+00  -7.0400000e+00   0.0000000e+00   2.0000000e+00   0.0000000e+00
   1.8100000e+02  -3.9700000e+00   1.2260000e+01   0.0000000e+00   3.0000000e+00   0.0000000e+00
   1.8200000e+02  -1.0800000e+00   4.0000000e-02   0.0000000e+00   2.0000000e+00   0.0000000e+00
   1.8300000e+02  -1.9480000e+01   1.6750000e+01   0.0000000e+00   0.0000000e+00   0.0000000e+00
   1.8400000e+02   1.5140000e+01  -2.1540000e+01   0.0000000e+00   0.0000000e+00   0.0000000e+00
   1.8500000e+02  -1.0940000e+01   1.3800000e+01   0.0000000e+00   3.0000000e+00   0.0000000e+00
   1.8600000e+02   3.7500000e+00  -1.2520000e+01   0.0000000e+00   3.0000000e+00   0.0000000e+00
   1.8700000e+02   6.7000000e-01   2.5080000e+01   0.0000000e+00   0.0000000e+00   0.0000000e+00
   1.8800000e+02   6.2200000e+00   1.5130000e+01   0.0000000e+00   3.0000000e+00   0.0000000e+00
   1.8900000e+02  -4.4000000e+00  -6.6400000e+00   0.0000000e+00   3.0000000e+00   0.0000000e+00
   1.9000000e+02  -1.7940000e+01   1.5360000e+01   0.0000000e+00   3.0000000e+00   0.0000000e+00
   1.9100000e+02   1.6180000e+01  -1.2560000e+01   0.0000000e+00   3.0000000e+00   0.0000000e+00
   1.9200000e+02  -8.9800000e+00   1.4440000e+01   0.0000000e+00   3.0000000e+00   0.0000000e+00
   1.9300000e+02   6.9000000e-01  -1.7890000e+01   0.0000000e+00   3.0000000e+00   0.0000000e+00
   1.9400000e+02   2.4810000e+01   8.7300000e+00   0.0000000e+00   1.0000000e+00   0.0000000e+00
   1.9500000e+02   4.0100000e+00  -2.6400000e+00   0.0000000e+00   2.0000000e+00   0.0000000e+00
   1.9600000e+02  -2.3450000e+01  -1.4600000e+00   0.0000000e+00   3.0000000e+00   0.0000000e+00
   1.9700000e+02   2.2690000e+01  -6.0900000e+00   0.0000000e+00   3.0000000e+00   0.0000000e+00
   1.9800000e+02  -1.6650000e+01   4.4700000e+00   0.0000000e+00   3.0000000e+00   0.0000000e+00
   1.9900000e+02  -1.8600000e+01   3.8500000e+00   0.0000000e+00   3.0000000e+00   0.0000000e+00
   2.0000000e+02  -1.2050000e+01   2.9000000e-01   0.0000000e+00   3.0000000e+00   0.0000000e+00
   2.0100000e+02   2.1230000e+01   8.3200000e+00   0.0000000e+00   3.0000000e+00   0.0000000e+00
   2.0200000e+02   1.2890000e+01   1.9940000e+01   0.0000000e+00   2.0000000e+00   0.0000000e+00
   2.0300000e+02   1.8280000e+01   1.8000000e+00   0.0000000e+00   3.0000000e+00   0.0000000e+00
   2.0400000e+02   2.5000000e+00  -1.2200000e+00   0.0000000e+00   2.0000000e+00   0.0000000e+00
   2.0500000e+02  -3.2900000e+00   2.3790000e+01   0.0000000e+00   0.0000000e+00   0.0000000e+00
   2.0600000e+02  -7.0200000e+00   1.5060000e+01   0.0000000e+00   3.0000000e+00   0.0000000e+00
   2.0700000e+02  -3.7800000e+00   4.8200000e+00   0.0000000e+00   3.0000000e+00   0.0000000e+00
   2.0800000e+02  -1.4030000e+01  -3.3000000e-01   0.0000000e+00   3.0000000e+00   0.0000000e+00
   2.0900000e+02  -2.4980000e+01  -9.0000000e-02   0.0000000e+00   0.0000000e+00   0.0000000e+00
   2.1000000e+02   2.5490000e+01   2.5000000e+00   0.0000000e+00   3.0000000e+00   0.0000000e+00
   2.1100000e+02  -3.4200000e+00  -2.5140000e+01   0.0000000e+00   3.0000000e+00   0.0000000e+00
   2.1200000e+02  -1.8580000e+01  -1.3110000e+01   0.0000000e+00   3.0000000e+00   0.0000000e+00
   2.1300000e+02  -4.6200000e+00   1.7730000e+01   0.0000000e+00   3.0000000e+00   0.0000000e+00
   2.1400000e+02   1.0140000e+01   1.1350000e+01   0.0000000e+00   3.0000000e+00   0.0000000e+00
   2.1500000e+02   1.6230000e+01   4.7100000e+00   0.0000000e+00   3.0000000e+00   0.0000000e+00
   2.1600000e+02  -1.7090000e+01   1.9370000e+01   0.0000000e+00   3.0000000e+00   0.0000000e+00
   2.1700000e+02  -6.8100000e+00  -9.3200000e+00   0.0000000e+00   3.0000000e+00   0.0000000e+00
   2.1800000e+02  -1.3800000e+01   9.1400000e+00   0.0000000e+00   3.0000000e+00   0.0000000e+00
   2.1900000e+02  -1.3900000e+00  -1.4330000e+01   0.0000000e+00   3.0000000e+00   0.0000000e+00
   2.2000000e+02   1.5150000e+01  -1.4340000e+01   0.0000000e+00   3.0000000e+00   0.0000000e+00
   2.2100000e+02   1.0700000e+00   7.9800000e+00   0.0000000e+00   2.0000000e+00   0.0000000e+00
   2.2200000e+02  -1.3350000e+01   1.1160000e+01   0.0000000e+00   3.0000000e+00   0.0000000e+00
   2.2300000e+02   1.8100000e+01   3.8600000e+00   0.0000000e+00   3.0000000e+00   0.0000000e+00
   2.2400000e+02  -1.9700000e+00  -4.0100000e+00   0.0000000e+00   3.0000000e+00   0.0000000e+00
   2.2500000e+02   5.8000000e+00  -4.6600000e+00   0.0000000e+00   2.0000000e+00   0.0000000e+00
   2.2600000e+02  -2.9000000e-01   4.0300000e+00   0.0000000e+00   2.0000000e+00   0.0000000e+00
   2.2700000e+02  -1.4240000e+01   7.1000000e+00   0.0000000e+00   3.0000000e+00   0.0000000e+00
   2.2800000e+02   2.1870000e+01   2.1500000e+00   0.0000000e+00   3.0000000e+00   0.0000000e+00
   2.2900000e+02   1.3430000e+01  -3.9000000e+00   0.0000000e+00   3.0000000e+00   0.0000000e+00
   2.3000000e+02  -1.2700000e+01  -1.9940000e+01   0.0000000e+00   3.0000000e+00   0.0000000e+00
   2.3100000e+02  -3.4400000e+00  -1.7920000e+01   0.0000000e+00   3.0000000e+00   0.0000000e+00
   2.3200000e+02  -2.4100000e+00  -6.0400000e+00   0.0000000e+00   2.0000000e+00   0.0000000e+00
   2.3300000e+02  -2.3910000e+01  -3.5000000e+00   0.0000000e+00   0.0000000e+00   0.0000000e+00
   2.3400000e+02   2.3140000e+01   7.4700000e+00   0.0000000e+00   0.0000000e+00   0.0000000e+00
   2.3500000e+02  -7.8800000e+00  -5.8800000e+00   0.0000000e+00   3.0000000e+00   0.0000000e+00
   2.3600000e+02  -2.0570000e+01   3.2200000e+00   0.0000000e+00   3.0000000e+00   0.0000000e+00
   2.3700000e+02   2.5090000e+01   6.6100000e+00   0.0000000e+00   0.0000000e+00   0.0000000e+00
   2.3800000e+02   7.8800000e+00   1.6330000e+01   0.0000000e+00   3.0000000e+00   0.0000000e+00
   2.3900000e+02   1.3610000e+01  -5.9500000e+00   0.0000000e+00   2.0000000e+00   0.0000000e+00
   2.4000000e+02   1.1630000e+01   1.4620000e+01   0.0000000e+00   3.0000000e+00   0.0000000e+00
   2.4100000e+02  -1.2280000e+01   7.7500000e+00   0.0000000e+00   3.0000000e+00   0.0000000e+00
   2.4200000e+02  -6.8300000e+00   7.6000000e+00   0.0000000e+00   3.0000000e+00   0.0000000e+00
   2.4300000e+02   8.9400000e+00  -2.1500000e+01   0.0000000e+00   3.0000000e+00   0.0000000e+00
   2.4400000e+02  -2.0150000e+01   5.2400000e+00   0.0000000e+00   3.0000000e+00   0.0000000e+00
   2.4500000e+02  -1.3700000e+00  -1.7910000e+01   0.0000000e+00   3.0000000e+00   0.0000000e+00
   2.4600000e+02   2.2760000e+01   1.1590000e+01   0.0000000e+00   1.0000000e+00   0.0000000e+00
   2.4700000e+02   1.5130000e+01  -2.6600000e+00   0.0000000e+00   3.0000000e+00   0.0000000e+00
   2.4800000e+02  -1.8100000e+00   5.4400000e+00   0.0000000e+00   3.0000000e+00   0.0000000e+00
   2.4900000e+02  -1.5770000e+01  -2.1820000e+01   0.0000000e+00   1.0000000e+00   0.0000000e+00
   2.5000000e+02  -1.7090000e+01   2.4700000e+00   0.0000000e+00   3.0000000e+00   0.0000000e+00
   2.5100000e+02   9.0700000e+00   2.1600000e+01   0.0000000e+00   2.0000000e+00   0.0000000e+00
   2.5200000e+02   2.3350000e+01   5.4200000e+00   0.0000000e+00   3.0000000e+00   0.0000000e+00
   2.5300000e+02  -1.5570000e+01   1.0800000e+00   0.0000000e+00   3.0000000e+00   0.0000000e+00
   2.5400000e+02  -8.5600000e+00  -1.9910000e+01   0.0000000e+00   3.0000000e+00   0.0000000e+00
   2.5500000e+02  -1.8820000e+01   1.1310000e+01   0.0000000e+00   3.0000000e+00   0.0000000e+00
   2.5600000e+02   1.1360000e+01  -9.5000000e-01   0.0000000e+00   3.0000000e+00   0.0000000e+00
   2.5700000e+02   2.0870000e+01   1.2470000e+01   0.0000000e+00   0.0000000e+00   0.0000000e+00
   2.5800000e+02  -1.2720000e+01   5.7200000e+00   0.0000000e+00   3.0000000e+00   0.0000000e+00
   2.5900000e+02  -8.5600000e+00  -4.8000000e-01   0.0000000e+00   3.0000000e+00   0.0000000e+00
   2.6000000e+02   1.9370000e+01  -1.7980000e+01   0.0000000e+00   2.0000000e+00   0.0000000e+00
   2.6100000e+02  -1.1830000e+01   9.7800000e+00   0.0000000e+00   3.0000000e+00   0.0000000e+00
   2.6200000e+02  -5.9100000e+00  -5.2500000e+00   0.0000000e+00   3.0000000e+00   0.0000000e+00
   2.6300000e+02   1.9350000e+01   9.1700000e+00   0.0000000e+00   3.0000000e+00   0.0000000e+00
   2.6400000e+02   6.8600000e+00  -1.4300000e+01   0.0000000e+00   3.0000000e+00   0.0000000e+00
   2.6500000e+02  -7.6800000e+00   2.0530000e+01   0.0000000e+00   3.0000000e+00   0.0000000e+00
   2.6600000e+02  -1.5980000e+01   1.5970000e+01   0.0000000e+00   3.0000000e+00   0.0000000e+00
   2.6700000e+02   1.2020000e+01   1.0510000e+01   0.0000000e+00   3.0000000e+00   0.0000000e+00
   2.6800000e+02  -9.8700000e+00   1.0390000e+01   0.0000000e+00   3.0000000e+00   0.0000000e+00
   2.6900000e+02   1.2040000e+01  -8.9500000e+00   0.0000000e+00   2.0000000e+00   0.0000000e+00
   2.7000000e+02   5.8400000e+00  -1.6100000e+01   0.0000000e+00   3.0000000e+00   0.0000000e+00
   2.7100000e+02   9.9800000e+00  -2.3290000e+01   0.0000000e+00   0.0000000e+00   0.0000000e+00
   2.7200000e+02  -1.5760000e+01   8.5100000e+00   0.0000000e+00   3.0000000e+00   0.0000000e+00
   2.7300000e+02  -1.6850000e+01  -4.9900000e+00   0.0000000e+00   3.0000000e+00   0.0000000e+00
   2.7400000e+02   2.3000000e+00   1.6170000e+01   0.0000000e+00   2.0000000e+00   0.0000000e+00
   2.7500000e+02   2.0350000e+01  -1.6180000e+01   0.0000000e+00   2.0000000e+00   0.0000000e+00
   2.7600000e+02   6.7600000e+00  -7.1200000e+00   0.0000000e+00   2.0000000e+00   0.0000000e+00
   2.7700000e+02  -1.7750000e+01  -9.0500000e+00   0.0000000e+00   3.0000000e+00   0.0000000e+00
   2.7800000e+02   1.3330000e+01   1.5830000e+01   0.0000000e+00   3.0000000e+00   0.0000000e+00
   2.7900000e+02   1.4100000e+01  -1.9710000e+01   0.0000000e+00   3.0000000e+00   0.0000000e+00
   2.8000000e+02   5.7800000e+00  -5.3000000e-01   0.0000000e+00   2.0000000e+00   0.0000000e+00
   2.8100000e+02   9.7600000e+00   1.5450000e+01   0.0000000e+00   3.0000000e+00   0.0000000e+00
   2.8200000e+02  -1.9920000e+01  -2.2100000e+00   0.0000000e+00   3.0000000e+00   0.0000000e+00
   2.8300000e+02   2.2250000e+01  -1.9600000e+00   0.0000000e+00   3.0000000e+00   0.0000000e+00
   2.8400000e+02   2.6090000e+01  -3.6600000e+00   0.0000000e+00   0.0000000e+00   0.0000000e+00
   2.8500000e+02  -1.1170000e+01  -1.2550000e+01   0.0000000e+00   3.0000000e+00   0.0000000e+00
   2.8600000e+02   1.9100000e+00   1.4130000e+01   0.0000000e+00   2.0000000e+00   0.0000000e+00
   2.8700000e+02   1.6410000e+01   2.6600000e+00   0.0000000e+00   3.0000000e+00   0.0000000e+00
   2.8800000e+02   1.5120000e+01  -1.7930000e+01   0.0000000e+00   3.0000000e+00   0.0000000e+00
   2.8900000e+02  -9.6800000e+00   2.9400000e+00   0.0000000e+00   3.0000000e+00   0.0000000e+00
   2.9000000e+02  -5.4800000e+00  -2.1520000e+01   0.0000000e+00   3.0000000e+00   0.0000000e+00
   2.9100000e+02  -1.4890000e+01   1.2570000e+01   0.0000000e+00   3.0000000e+00   0.0000000e+00
   2.9200000e+02   1.4120000e+01   7.6200000e+00   0.0000000e+00   3.0000000e+00   0.0000000e+00
   2.9300000e+02   1.8800000e+01   1.5360000e+01   0.0000000e+00   0.0000000e+00   0.0000000e+00
   2.9400000e+02   2.1720000e+01  -1.4640000e+01   0.0000000e+00   0.0000000e+00   0.0000000e+00
   2.9500000e+02  -3.5600000e+00   1.4310000e+01   0.0000000e+00   3.0000000e+00   0.0000000e+00
   2.9600000e+02   6.9900000e+00   6.9200000e+00   0.0000000e+00   3.0000000e+00   0.0000000e+00
   2.9700000e+02   1.4530000e+01   3.5000000e+00   0.0000000e+00   3.0000000e+00   0.0000000e+00
   2.9800000e+02  -8.1100000e+00   1.8500000e+01   0.0000000e+00   3.0000000e+00   0.0000000e+00
   2.9900000e+02   5.3200000e+00   5.7100000e+00   0.0000000e+00   2.0000000e+00   0.0000000e+00
   3.0000000e+02   4.7000000e+00   1.1920000e+01   0.0000000e+00   2.0000000e+00   0.0000000e+00
   3.0100000e+02   1.8360000e+01   1.9480000e+01   0.0000000e+00   1.0000000e+00   0.0000000e+00
   3.0200000e+02   8.9300000e+00  -1.7910000e+01   0.0000000e+00   3.0000000e+00   0.0000000e+00
   3.0300000e+02   2.0360000e+01  -1.0900000e+00   0.0000000e+00   3.0000000e+00   0.0000000e+00
   3.0400000e+02  -7.4400000e+00  -3.8700000e+00   0.0000000e+00   3.0000000e+00   0.0000000e+00
   3.0500000e+02   7.0000000e-01  -2.1480000e+01   0.0000000e+00   3.0000000e+00   0.0000000e+00
   3.0600000e+02  -1.2740000e+01  -1.6290000e+01   0.0000000e+00   2.0000000e+00   0.0000000e+00
   3.0700000e+02  -7.2300000e+00   2.2580000e+01   0.0000000e+00   3.0000000e+00   0.0000000e+00
   3.0800000e+02   2.5250000e+01   4.5500000e+00   0.0000000e+00   3.0000000e+00   0.0000000e+00
   3.0900000e+02  -1.3700000e+00  -2.1480000e+01   0.0000000e+00   3.0000000e+00   0.0000000e+00
   3.1000000e+02   4.8700000e+00   9.7900000e+00   0.0000000e+00   3.0000000e+00   0.0000000e+00
   3.1100000e+02  -1.8160000e+01   5.8600000e+00   0.0000000e+00   3.0000000e+00   0.0000000e+00
   3.1200000e+02   6.0900000e+00  -2.5700000e+00   0.0000000e+00   2.0000000e+00   0.0000000e+00
   3.1300000e+02  -2.4200000e+00  -1.6130000e+01   0.0000000e+00   3.0000000e+00   0.0000000e+00
   3.1400000e+02   1.0990000e+01  -1.4310000e+01   0.0000000e+00   3.0000000e+00   0.0000000e+00
   3.1500000e+02  -1.4880000e+01  -4.3700000e+00   0.0000000e+00   3.0000000e+00   0.0000000e+00
   3.1600000e+02  -1.0320000e+01   8.3900000e+00   0.0000000e+00   3.0000000e+00   0.0000000e+00
   3.1700000e+02   2.1900000e+00   2.3660000e+01   0.0000000e+00   0.0000000e+00   0.0000000e+00
   3.1800000e+02  -2.1220000e+01   8.6400000e+00   0.0000000e+00   3.0000000e+00   0.0000000e+00
   3.1900000e+02   1.3670000e+01   2.3040000e+01   0.0000000e+00   0.0000000e+00   0.0000000e+00
   3.2000000e+02   1.3100000e+01   1.7880000e+01   0.0000000e+00   3.0000000e+00   0.0000000e+00
   3.2100000e+02  -4.2200000e+00   2.8000000e+00   0.0000000e+00   3.0000000e+00   0.0000000e+00
   3.2200000e+02  -1.0000000e-02  -3.3600000e+00   0.0000000e+00   2.0000000e+00   0.0000000e+00
   3.2300000e+02  -8.7600000e+00   2.3980000e+01   0.0000000e+00   0.0000000e+00   0.0000000e+00
   3.2400000e+02  -4.0000000e-02   1.3500000e+01   0.0000000e+00   3.0000000e+00   0.0000000e+00
   3.2500000e+02   2.7400000e+00  -1.4300000e+01   0.0000000e+00   3.0000000e+00   0.0000000e+00
   3.2600000e+02  -4.8600000e+00  -8.6600000e+00   0.0000000e+00   3.0000000e+00   0.0000000e+00
   3.2700000e+02  -1.2280000e+01  -9.1500000e+00   0.0000000e+00   3.0000000e+00   0.0000000e+00
   3.2800000e+02  -6.5700000e+00  -1.6140000e+01   0.0000000e+00   2.0000000e+00   0.0000000e+00
   3.2900000e+02   3.8800000e+00   3.1000000e-01   0.0000000e+00   2.0000000e+00   0.0000000e+00
   3.3000000e+02   3.7700000e+00  -1.9690000e+01   0.0000000e+00   3.0000000e+00   0.0000000e+00
   3.3100000e+02  -3.6000000e-01  -1.6120000e+01   0.0000000e+00   3.0000000e+00   0.0000000e+00
   3.3200000e+02   1.1440000e+01   1.6680000e+01   0.0000000e+00   3.0000000e+00   0.0000000e+00
   3.3300000e+02  -1.3170000e+01  -1.3180000e+01   0.0000000e+00   2.0000000e+00   0.0000000e+00
   3.3400000e+02   2.0700000e+01  -9.2900000e+00   0.0000000e+00   2.0000000e+00   0.0000000e+00
   3.3500000e+02   7.7700000e+00  -1.3100000e+00   0.0000000e+00   3.0000000e+00   0.0000000e+00
   3.3600000e+02  -3.4300000e+00  -2.1480000e+01   0.0000000e+00   3.0000000e+00   0.0000000e+00
   3.3700000e+02  -1.8180000e+01  -1.1070000e+01   0.0000000e+00   3.0000000e+00   0.0000000e+00
   3.3800000e+02  -1.0750000e+01   6.3700000e+00   0.0000000e+00   3.0000000e+00   0.0000000e+00
   3.3900000e+02  -9.8600000e+00  -6.5200000e+00   0.0000000e+00   3.0000000e+00   0.0000000e+00
   3.4000000e+02  -1.7900000e+01  -1.8280000e+01   0.0000000e+00   0.0000000e+00   0.0000000e+00
   3.4100000e+02  -1.1690000e+01  -1.8110000e+01   0.0000000e+00   3.0000000e+00   0.0000000e+00
   3.4200000e+02  -1.9910000e+01   1.4720000e+01   0.0000000e+00   3.0000000e+00   0.0000000e+00
   3.4300000e+02  -1.9760000e+01  -1.9180000e+01   0.0000000e+00   1.0000000e+00   0.0000000e+00
   3.4400000e+02  -9.2400000e+00   4.9700000e+00   0.0000000e+00   3.0000000e+00   0.0000000e+00
   3.4500000e+02  -2.4340000e+01  -5.5100000e+00   0.0000000e+00   0.0000000e+00   0.0000000e+00
   3.4600000e+02   1.0750000e+01   5.2100000e+00   0.0000000e+00   3.0000000e+00   0.0000000e+00
   3.4700000e+02   4.9800000e+00   7.7400000e+00   0.0000000e+00   2.0000000e+00   0.0000000e+00
   3.4800000e+02   9.9500000e+00   1.3400000e+01   0.0000000e+00   3.0000000e+00   0.0000000e+00
   3.4900000e+02   2.7600000e+00  -2.1480000e+01   0.0000000e+00   3.0000000e+00   0.0000000e+00
   3.5000000e+02   9.9600000e+00  -1.6090000e+01   0.0000000e+00   3.0000000e+00   0.0000000e+00
   3.5100000e+02  -1.0620000e+01  -1.9940000e+01   0.0000000e+00   3.0000000e+00   0.0000000e+00
   3.5200000e+02   1.1000000e+01  -1.7890000e+01   0.0000000e+00   3.0000000e+00   0.0000000e+00
   3.5300000e+02  -1.9700000e+01   7.2500000e+00   0.0000000e+00   3.0000000e+00   0.0000000e+00
   3.5400000e+02   9.3200000e+00   1.9570000e+01   0.0000000e+00   3.0000000e+00   0.0000000e+00
   3.5500000e+02   1.3910000e+01   9.6600000e+00   0.0000000e+00   3.0000000e+00   0.0000000e+00
   3.5600000e+02   1.7890000e+01   5.9100000e+00   0.0000000e+00   3.0000000e+00   0.0000000e+00
   3.5700000e+02  -1.0730000e+01   2.3320000e+01   0.0000000e+00   1.0000000e+00   0.0000000e+00
   3.5800000e+02  -1.6890000e+01  -1.6490000e+01   0.0000000e+00   2.0000000e+00   0.0000000e+00
   3.5900000e+02  -2.5240000e+01  -9.5700000e+00   0.0000000e+00   1.0000000e+00   0.0000000e+00
   3.6000000e+02   1.6010000e+01   6.7600000e+00   0.0000000e+00   3.0000000e+00   0.0000000e+00
   3.6100000e+02  -1.8820000e+01  -5.6200000e+00   0.0000000e+00   3.0000000e+00   0.0000000e+00
   3.6200000e+02  -1.5150000e+01   2.0080000e+01   0.0000000e+00   0.0000000e+00   0.0000000e+00
   3.6300000e+02  -1.1610000e+01   1.9230000e+01   0.0000000e+00   3.0000000e+00   0.0000000e+00
   3.6400000e+02   2.3790000e+01  -1.4670000e+01   0.0000000e+00   1.0000000e+00   0.0000000e+00
   3.6500000e+02  -2.2790000e+01  -6.9000000e+00   0.0000000e+00   3.0000000e+00   0.0000000e+00
   3.6600000e+02  -2.1680000e+01   6.6200000e+00   0.0000000e+00   3.0000000e+00   0.0000000e+00
   3.6700000e+02   4.8000000e+00  -1.4330000e+01   0.0000000e+00   3.0000000e+00   0.0000000e+00
   3.6800000e+02  -1.3200000e+00   2.4430000e+01   0.0000000e+00   0.0000000e+00   0.0000000e+00
   3.6900000e+02   1.6870000e+01   1.6210000e+01   0.0000000e+00   3.0000000e+00   0.0000000e+00
   3.7000000e+02  -1.4750000e+01  -2.0000000e+01   0.0000000e+00   0.0000000e+00   0.0000000e+00
   3.7100000e+02  -2.1880000e+01   1.4070000e+01   0.0000000e+00   0.0000000e+00   0.0000000e+00
   3.7200000e+02   2.3830000e+01  -1.0970000e+01   0.0000000e+00   1.0000000e+00   0.0000000e+00
   3.7300000e+02  -1.7700000e+00   2.2400000e+01   0.0000000e+00   3.0000000e+00   0.0000000e+00
   3.7400000e+02   3.8200000e+00  -2.3300000e+01   0.0000000e+00   0.0000000e+00   0.0000000e+00
   3.7500000e+02   1.6170000e+01  -1.9730000e+01   0.0000000e+00   0.0000000e+00   0.0000000e+00
   3.7600000e+02  -2.2600000e+00   3.4300000e+00   0.0000000e+00   3.0000000e+00   0.0000000e+00
   3.7700000e+02   1.2060000e+01  -2.3310000e+01   0.0000000e+00   1.0000000e+00   0.0000000e+00
   3.7800000e+02  -3.3300000e+00   6.8200000e+00   0.0000000e+00   3.0000000e+00   0.0000000e+00
   3.7900000e+02   1.5600000e+01   1.0870000e+01   0.0000000e+00   3.0000000e+00   0.0000000e+00
   3.8000000e+02   1.6800000e+00  -1.2540000e+01   0.0000000e+00   3.0000000e+00   0.0000000e+00
   3.8100000e+02   3.6900000e+00   4.4700000e+00   0.0000000e+00   2.0000000e+00   0.0000000e+00
   3.8200000e+02   7.8900000e+00  -1.2520000e+01   0.0000000e+00   3.0000000e+00   0.0000000e+00
   3.8300000e+02   1.2040000e+01  -1.2530000e+01   0.0000000e+00   3.0000000e+00   0.0000000e+00
   3.8400000e+02   9.5600000e+00   1.7520000e+01   0.0000000e+00   3.0000000e+00   0.0000000e+00
   3.8500000e+02  -1.4690000e+01  -1.1810000e+01   0.0000000e+00   3.0000000e+00   0.0000000e+00
   3.8600000e+02  -2.4520000e+01   1.9500000e+00   0.0000000e+00   0.0000000e+00   0.0000000e+00
   3.8700000e+02   7.2800000e+00   2.0450000e+01   0.0000000e+00   2.0000000e+00   0.0000000e+00
   3.8800000e+02   3.1200000e+00   8.6100000e+00   0.0000000e+00   2.0000000e+00   0.0000000e+00
   3.8900000e+02   1.3250000e+01  -1.8200000e+00   0.0000000e+00   3.0000000e+00   0.0000000e+00
   3.9000000e+02  -2.3800000e+00  -2.3280000e+01   0.0000000e+00   3.0000000e+00   0.0000000e+00
   3.9100000e+02  -1.4680000e+01   5.1000000e+00   0.0000000e+00   3.0000000e+00   0.0000000e+00
   3.9200000e+02   7.5000000e+00   7.2000000e-01   0.0000000e+00   3.0000000e+00   0.0000000e+00
   3.9300000e+02   1.8270000e+01  -1.9730000e+01   0.0000000e+00   0.0000000e+00   0.0000000e+00
   3.9400000e+02   4.1400000e+00   2.4310000e+01   0.0000000e+00   0.0000000e+00   0.0000000e+00
   3.9500000e+02  -1.6000000e+00   1.4920000e+01   0.0000000e+00   3.0000000e+00   0.0000000e+00
   3.9600000e+02  -9.1800000e+00  -1.1970000e+01   0.0000000e+00   3.0000000e+00   0.0000000e+00
   3.9700000e+02   1.2030000e+01  -1.9700000e+01   0.0000000e+00   3.0000000e+00   0.0000000e+00
   3.9800000e+02  -1.4020000e+01   1.6610000e+01   0.0000000e+00   3.0000000e+00   0.0000000e+00
   3.9900000e+02  -5.2600000e+00   2.3180000e+01   0.0000000e+00   3.0000000e+00   0.0000000e+00
   4.0000000e+02  -1.2470000e+01   1.5200000e+01   0.0000000e+00   3.0000000e+00   0.0000000e+00
   4.0100000e+02   1.6460000e+01   2.0340000e+01   0.0000000e+00   0.0000000e+00   0.0000000e+00
   4.0200000e+02   2.5860000e+01  -1.6300000e+00   0.0000000e+00   3.0000000e+00   0.0000000e+00
   4.0300000e+02  -2.5190000e+01   7.3200000e+00   0.0000000e+00   1.0000000e+00   0.0000000e+00
   4.0400000e+02   3.0000000e+00   1.0670000e+01   0.0000000e+00   2.0000000e+00   0.0000000e+00
   4.0500000e+02   1.9980000e+01   3.0100000e+00   0.0000000e+00   3.0000000e+00   0.0000000e+00
   4.0600000e+02  -1.6990000e+01  -1.4440000e+01   0.0000000e+00   2.0000000e+00   0.0000000e+00
   4.0700000e+02  -2.4200000e+00  -1.2530000e+01   0.0000000e+00   2.0000000e+00   0.0000000e+00
   4.0800000e+02   8.2500000e+00   1.2220000e+01   0.0000000e+00   3.0000000e+00   0.0000000e+00
   4.0900000e+02   1.4560000e+01   2.1140000e+01   0.0000000e+00   0.0000000e+00   0.0000000e+00
   4.1000000e+02   1.2050000e+01  -1.6100000e+01   0.0000000e+00   3.0000000e+00   0.0000000e+00
   4.1100000e+02  -6.3900000e+00   9.6100000e+00   0.0000000e+00   3.0000000e+00   0.0000000e+00
   4.1200000e+02  -9.1900000e+00   2.1940000e+01   0.0000000e+00   0.0000000e+00   0.0000000e+00
   4.1300000e+02   7.7100000e+00   2.3140000e+01   0.0000000e+00   2.0000000e+00   0.0000000e+00
   4.1400000e+02  -4.1900000e+00   1.9750000e+01   0.0000000e+00   3.0000000e+00   0.0000000e+00
   4.1500000e+02   1.6820000e+01  -1.4500000e+00   0.0000000e+00   3.0000000e+00   0.0000000e+00
   4.1600000e+02   9.7500000e+00   2.3570000e+01   0.0000000e+00   2.0000000e+00   0.0000000e+00
   4.1700000e+02  -1.7510000e+01   1.7360000e+01   0.0000000e+00   3.0000000e+00   0.0000000e+00
   4.1800000e+02  -4.4900000e+00  -1.2570000e+01   0.0000000e+00   2.0000000e+00   0.0000000e+00
   4.1900000e+02   2.1040000e+01   1.0410000e+01   0.0000000e+00   0.0000000e+00   0.0000000e+00
   4.2000000e+02   2.3990000e+01  -7.5000000e-01   0.0000000e+00   3.0000000e+00   0.0000000e+00
   4.2100000e+02   1.7300000e+00   2.1620000e+01   0.0000000e+00   3.0000000e+00   0.0000000e+00
   4.2200000e+02   1.1620000e+01   2.2730000e+01   0.0000000e+00   0.0000000e+00   0.0000000e+00
   4.2300000e+02   1.7220000e+01  -1.7960000e+01   0.0000000e+00   3.0000000e+00   0.0000000e+00
   4.2400000e+02  -5.3200000e+00   6.2100000e+00   0.0000000e+00   3.0000000e+00   0.0000000e+00
   4.2500000e+02  -1.5820000e+01  -1.8250000e+01   0.0000000e+00   3.0000000e+00   0.0000000e+00
   4.2600000e+02  -1.3740000e+01  -1.8150000e+01   0.0000000e+00   3.0000000e+00   0.0000000e+00
   4.2700000e+02  -1.1300000e+00   1.6950000e+01   0.0000000e+00   3.0000000e+00   0.0000000e+00
   4.2800000e+02   2.0600000e+00  -3.2800000e+00   0.0000000e+00   2.0000000e+00   0.0000000e+00
   4.2900000e+02   9.9700000e+00  -8.9500000e+00   0.0000000e+00   3.0000000e+00   0.0000000e+00
   4.3000000e+02  -7.6100000e+00  -1.3620000e+01   0.0000000e+00   2.0000000e+00   0.0000000e+00
   4.3100000e+02  -1.5330000e+01   1.0550000e+01   0.0000000e+00   3.0000000e+00   0.0000000e+00
   4.3200000e+02   8.9200000e+00  -1.0720000e+01   0.0000000e+00   3.0000000e+00   0.0000000e+00
   4.3300000e+02  -4.1000000e-01  -8.9000000e+00   0.0000000e+00   2.0000000e+00   0.0000000e+00
   4.3400000e+02   4.0200000e+00   1.3900000e+01   0.0000000e+00   2.0000000e+00   0.0000000e+00
   4.3500000e+02  -1.6840000e+01  -2.0050000e+01   0.0000000e+00   0.0000000e+00   0.0000000e+00
   4.3600000e+02   3.6000000e-01   1.5530000e+01   0.0000000e+00   3.0000000e+00   0.0000000e+00
   4.3700000e+02   5.5500000e+00   3.6100000e+00   0.0000000e+00   3.0000000e+00   0.0000000e+00
   4.3800000e+02   8.0000000e+00  -3.3500000e+00   0.0000000e+00   2.0000000e+00   0.0000000e+00
   4.3900000e+02   2.6400000e+00   2.5710000e+01   0.0000000e+00   1.0000000e+00   0.0000000e+00
   4.4000000e+02  -2.1240000e+01  -8.3000000e+00   0.0000000e+00   3.0000000e+00   0.0000000e+00
   4.4100000e+02  -1.5300000e+00  -1.9800000e+00   0.0000000e+00   3.0000000e+00   0.0000000e+00
   4.4200000e+02   2.4670000e+01  -9.0500000e+00   0.0000000e+00   1.0000000e+00   0.0000000e+00
   4.4300000e+02   1.1000000e+01  -2.1490000e+01   0.0000000e+00   0.0000000e+00   0.0000000e+00
   4.4400000e+02  -3.7500000e+00   2.1780000e+01   0.0000000e+00   3.0000000e+00   0.0000000e+00
   4.4500000e+02  -7.5700000e+00  -1.7940000e+01   0.0000000e+00   2.0000000e+00   0.0000000e+00
   4.4600000e+02   2.2910000e+01   9.5300000e+00   0.0000000e+00   0.0000000e+00   0.0000000e+00
   4.4700000e+02  -2.2100000e+01   4.5800000e+00   0.0000000e+00   3.0000000e+00   0.0000000e+00
   4.4800000e+02   9.0300000e+00  -7.1200000e+00   0.0000000e+00   2.0000000e+00   0.0000000e+00
   4.4900000e+02  -1.6420000e+01   1.3950000e+01   0.0000000e+00   3.0000000e+00   0.0000000e+00
   4.5000000e+02  -2.1030000e+01   1.8120000e+01   0.0000000e+00   1.0000000e+00   0.0000000e+00
   4.5100000e+02  -1.6200000e+01  -1.0410000e+01   0.0000000e+00   3.0000000e+00   0.0000000e+00
   4.5200000e+02  -9.5900000e+00  -2.1720000e+01   0.0000000e+00   3.0000000e+00   0.0000000e+00
   4.5300000e+02   2.3560000e+01   3.3500000e+00   0.0000000e+00   3.0000000e+00   0.0000000e+00
   4.5400000e+02  -7.9000000e+00   1.1020000e+01   0.0000000e+00   3.0000000e+00   0.0000000e+00
   4.5500000e+02  -4.4700000e+00  -1.9720000e+01   0.0000000e+00   3.0000000e+00   0.0000000e+00
   4.5600000e+02   1.3510000e+01   1.3780000e+01   0.0000000e+00   3.0000000e+00   0.0000000e+00
   4.5700000e+02   1.2380000e+01   2.4650000e+01   0.0000000e+00   1.0000000e+00   0.0000000e+00
   4.5800000e+02   1.7210000e+01  -5.5600000e+00   0.0000000e+00   3.0000000e+00   0.0000000e+00
   4.5900000e+02  -1.8990000e+01  -1.5130000e+01   0.0000000e+00   0.0000000e+00   0.0000000e+00
   4.6000000e+02  -1.7520000e+01   4.4000000e-01   0.0000000e+00   3.0000000e+00   0.0000000e+00
   4.6100000e+02   2.7700000e+00   6.5800000e+00   0.0000000e+00   2.0000000e+00   0.0000000e+00
   4.6200000e+02  -6.1600000e+00   1.9130000e+01   0.0000000e+00   3.0000000e+00   0.0000000e+00
   4.6300000e+02   2.6200000e+01  -5.7600000e+00   0.0000000e+00   1.0000000e+00   0.0000000e+00
   4.6400000e+02   1.3080000e+01  -1.4340000e+01   0.0000000e+00   3.0000000e+00   0.0000000e+00
   4.6500000e+02   1.7270000e+01   1.2080000e+01   0.0000000e+00   3.0000000e+00   0.0000000e+00
   4.6600000e+02   2.4350000e+01  -4.8400000e+00   0.0000000e+00   0.0000000e+00   0.0000000e+00
   4.6700000e+02  -1.0300000e+01  -8.5200000e+00   0.0000000e+00   3.0000000e+00   0.0000000e+00
   4.6800000e+02   1.3100000e+01  -1.0750000e+01   0.0000000e+00   2.0000000e+00   0.0000000e+00
   4.6900000e+02  -1.1640000e+01   2.3100000e+00   0.0000000e+00   3.0000000e+00   0.0000000e+00
   4.7000000e+02   2.3000000e-01   2.3020000e+01   0.0000000e+00   3.0000000e+00   0.0000000e+00
   4.7100000e+02  -1.9270000e+01   9.2900000e+00   0.0000000e+00   3.0000000e+00   0.0000000e+00
   4.7200000e+02  -1.4590000e+01   2.2070000e+01   0.0000000e+00   1.0000000e+00   0.0000000e+00
   4.7300000e+02  -1.3360000e+01  -5.7400000e+00   0.0000000e+00   3.0000000e+00   0.0000000e+00
   4.7400000e+02  -1.1390000e+01  -5.1300000e+00   0.0000000e+00   3.0000000e+00   0.0000000e+00
   4.7500000e+02  -6.3700000e+00  -7.2700000e+00   0.0000000e+00   3.0000000e+00   0.0000000e+00
   4.7600000e+02   2.5720000e+01   4.4000000e-01   0.0000000e+00   3.0000000e+00   0.0000000e+00
   4.7700000e+02   2.2470000e+01  -4.0200000e+00   0.0000000e+00   3.0000000e+00   0.0000000e+00
   4.7800000e+02   4.3400000e+00   1.5950000e+01   0.0000000e+00   2.0000000e+00   0.0000000e+00
   4.7900000e+02   2.4140000e+01  -2.8100000e+00   0.0000000e+00   3.0000000e+00   0.0000000e+00
   4.8000000e+02   4.7700000e+00   1.8840000e+01   0.0000000e+00   2.0000000e+00   0.0000000e+00
   4.8100000e+02  -1.6860000e+01   1.1940000e+01   0.0000000e+00   3.0000000e+00   0.0000000e+00
   4.8200000e+02  -1.1640000e+01  -1.4550000e+01   0.0000000e+00   2.0000000e+00   0.0000000e+00
   4.8300000e+02   1.1840000e+01   1.2570000e+01   0.0000000e+00   3.0000000e+00   0.0000000e+00
   4.8400000e+02   2.0470000e+01   1.6620000e+01   0.0000000e+00   1.0000000e+00   0.0000000e+00
   4.8500000e+02  -9.6500000e+00  -1.3970000e+01   0.0000000e+00   2.0000000e+00   0.0000000e+00
   4.8600000e+02  -2.1470000e+01  -8.4000000e-01   0.0000000e+00   3.0000000e+00   0.0000000e+00
   4.8700000e+02   9.3000000e+00   1.9500000e+00   0.0000000e+00   3.0000000e+00   0.0000000e+00
   4.8800000e+02  -1.7970000e+01  -1.5800000e+00   0.0000000e+00   3.0000000e+00   0.0000000e+00
   4.8900000e+02   6.7000000e-01  -1.0710000e+01   0.0000000e+00   3.0000000e+00   0.0000000e+00
   4.9000000e+02   1.7230000e+01  -1.0770000e+01   0.0000000e+00   2.0000000e+00   0.0000000e+00
   4.9100000e+02   1.0360000e+01   9.3000000e+00   0.0000000e+00   3.0000000e+00   0.0000000e+00
   4.9200000e+02   3.2700000e+00   2.0240000e+01   0.0000000e+00   3.0000000e+00   0.0000000e+00
   4.9300000e+02   2.1450000e+01   6.2700000e+00   0.0000000e+00   3.0000000e+00   0.0000000e+00
   4.9400000e+02  -1.5780000e+01  -8.4000000e+00   0.0000000e+00   3.0000000e+00   0.0000000e+00
   4.9500000e+02  -8.7700000e+00  -9.9300000e+00   0.0000000e+00   3.0000000e+00   0.0000000e+00
   4.9600000e+02  -1.9730000e+01  -9.7000000e+00   0.0000000e+00   3.0000000e+00   0.0000000e+00
   4.9700000e+02  -2.6500000e+01   1.3500000e+00   0.0000000e+00   1.0000000e+00   0.0000000e+00
   4.9800000e+02   3.7400000e+00  -8.8600000e+00   0.0000000e+00   3.0000000e+00   0.0000000e+00
   4.9900000e+02  -1.4450000e+01  -2.3500000e+00   0.0000000e+00   3.0000000e+00   0.0000000e+00
   5.0000000e+02  -1.3160000e+01   3.7000000e+00   0.0000000e+00   3.0000000e+00   0.0000000e+00
   5.0100000e+02  -2.0790000e+01   1.0660000e+01   0.0000000e+00   3.0000000e+00   0.0000000e+00
   5.0200000e+02  -9.4200000e+00   1.2410000e+01   0.0000000e+00   3.0000000e+00   0.0000000e+00
   5.0300000e+02  -8.1300000e+00   1.5400000e+00   0.0000000e+00   3.0000000e+00   0.0000000e+00
   5.0400000e+02   1.7700000e+00  -2.3290000e+01   0.0000000e+00   3.0000000e+00   0.0000000e+00
   5.0500000e+02  -9.6500000e+00   1.9880000e+01   0.0000000e+00   3.0000000e+00   0.0000000e+00
   5.0600000e+02  -1.5990000e+01  -9.5000000e-01   0.0000000e+00   3.0000000e+00   0.0000000e+00
   5.0700000e+02   7.1900000e+00   4.8500000e+00   0.0000000e+00   3.0000000e+00   0.0000000e+00
   5.0800000e+02  -5.4600000e+00  -3.2500000e+00   0.0000000e+00   3.0000000e+00   0.0000000e+00
   5.0900000e+02   1.6610000e+01   5.9000000e-01   0.0000000e+00   3.0000000e+00   0.0000000e+00
   5.1000000e+02   1.0570000e+01   7.2600000e+00   0.0000000e+00   3.0000000e+00   0.0000000e+00
   5.1100000e+02   1.2650000e+01   4.3500000e+00   0.0000000e+00   3.0000000e+00   0.0000000e+00
   5.1200000e+02   1.0400000e+00   1.0040000e+01   0.0000000e+00   2.0000000e+00   0.0000000e+00
   5.1300000e+02  -1.4800000e+01  -1.6280000e+01   0.0000000e+00   2.0000000e+00   0.0000000e+00
   5.1400000e+02   1.8980000e+01   1.3290000e+01   0.0000000e+00   3.0000000e+00   0.0000000e+00
   5.1500000e+02   5.8200000e+00  -1.2510000e+01   0.0000000e+00   3.0000000e+00   0.0000000e+00
   5.1600000e+02  -2.4730000e+01   9.4400000e+00   0.0000000e+00   1.0000000e+00   0.0000000e+00
   5.1700000e+02  -1.1820000e+01  -7.1300000e+00   0.0000000e+00   3.0000000e+00   0.0000000e+00
   5.1800000e+02  -2.4100000e+00  -1.9700000e+01   0.0000000e+00   3.0000000e+00   0.0000000e+00
   5.1900000e+02   1.6200000e+00   2.5900000e+00   0.0000000e+00   2.0000000e+00   0.0000000e+00
   5.2000000e+02   1.2220000e+01   8.4600000e+00   0.0000000e+00   3.0000000e+00   0.0000000e+00
   5.2100000e+02  -1.7740000e+01   7.8900000e+00   0.0000000e+00   3.0000000e+00   0.0000000e+00
   5.2200000e+02   1.3060000e+01  -2.1510000e+01   0.0000000e+00   0.0000000e+00   0.0000000e+00
   5.2300000e+02  -2.3210000e+01  -8.9300000e+00   0.0000000e+00   0.0000000e+00   0.0000000e+00
   5.2400000e+02   2.2770000e+01  -1.2870000e+01   0.0000000e+00   0.0000000e+00   0.0000000e+00
   5.2500000e+02  -8.9800000e+00  -2.4900000e+00   0.0000000e+00   3.0000000e+00   0.0000000e+00
   5.2600000e+02  -1.7310000e+01  -7.0200000e+00   0.0000000e+00   3.0000000e+00   0.0000000e+00
   5.2700000e+02   2.1670000e+01   4.2000000e+00   0.0000000e+00   3.0000000e+00   0.0000000e+00
   5.2800000e+02   7.8800000e+00  -5.4000000e+00   0.0000000e+00   2.0000000e+00   0.0000000e+00
   5.2900000e+02  -1.9070000e+01   1.8790000e+01   0.0000000e+00   0.0000000e+00   0.0000000e+00
   5.3000000e+02  -1.3900000e+00  -1.0740000e+01   0.0000000e+00   2.0000000e+00   0.0000000e+00
   5.3100000e+02   1.8700000e+01  -2.2900000e+00   0.0000000e+00   3.0000000e+00   0.0000000e+00
   5.3200000e+02  -7.5400000e+00  -2.1700000e+01   0.0000000e+00   3.0000000e+00   0.0000000e+00
   5.3300000e+02  -1.2910000e+01  -3.7300000e+00   0.0000000e+00   3.0000000e+00   0.0000000e+00
   5.3400000e+02  -2.3210000e+01   8.0300000e+00   0.0000000e+00   0.0000000e+00   0.0000000e+00
   5.3500000e+02   6.3900000e+00   1.3080000e+01   0.0000000e+00   3.0000000e+00   0.0000000e+00
   5.3600000e+02   1.8910000e+01  -4.3400000e+00   0.0000000e+00   3.0000000e+00   0.0000000e+00
   5.3700000e+02  -2.3690000e+01  -1.0980000e+01   0.0000000e+00   0.0000000e+00   0.0000000e+00
   5.3800000e+02  -6.8000000e+00   2.4590000e+01   0.0000000e+00   3.0000000e+00   0.0000000e+00
   5.3900000e+02  -1.5550000e+01   1.8010000e+01   0.0000000e+00   3.0000000e+00   0.0000000e+00
   5.4000000e+02   1.8230000e+01  -1.6160000e+01   0.0000000e+00   3.0000000e+00   0.0000000e+00
   5.4100000e+02   1.9560000e+01   7.1200000e+00   0.0000000e+00   3.0000000e+00   0.0000000e+00
   5.4200000e+02   5.2500000e+00   2.0840000e+01   0.0000000e+00   2.0000000e+00   0.0000000e+00
   5.4300000e+02   1.7690000e+01   7.9600000e+00   0.0000000e+00   3.0000000e+00   0.0000000e+00
   5.4400000e+02   1.1000000e+01   2.0770000e+01   0.0000000e+00   2.0000000e+00   0.0000000e+00
   5.4500000e+02   1.8560000e+01   1.7400000e+01   0.0000000e+00   0.0000000e+00   0.0000000e+00
   5.4600000e+02   9.4700000e+00  -1.0000000e-01   0.0000000e+00   3.0000000e+00   0.0000000e+00
   5.4700000e+02   1.6300000e+00  -5.3000000e+00   0.0000000e+00   2.0000000e+00   0.0000000e+00
   5.4800000e+02   2.7200000e+00  -1.0690000e+01   0.0000000e+00   3.0000000e+00   0.0000000e+00
   5.4900000e+02   1.6500000e+00   4.6900000e+00   0.0000000e+00   2.0000000e+00   0.0000000e+00
   5.5000000e+02  -7.0200000e+00  -1.8600000e+00   0.0000000e+00   3.0000000e+00   0.0000000e+00
   5.5100000e+02  -1.1650000e+01  -2.1740000e+01   0.0000000e+00   0.0000000e+00   0.0000000e+00
   5.5200000e+02  -4.4200000e+00   1.0250000e+01   0.0000000e+00   3.0000000e+00   0.0000000e+00
   5.5300000e+02   2.0720000e+01   1.4550000e+01   0.0000000e+00   0.0000000e+00   0.0000000e+00
   5.5400000e+02   1.8650000e+01  -9.2500000e+00   0.0000000e+00   2.0000000e+00   0.0000000e+00
   5.5500000e+02   2.2050000e+01   1.0000000e-01   0.0000000e+00   3.0000000e+00   0.0000000e+00
   5.5600000e+02  -1.3790000e+01  -7.7500000e+00   0.0000000e+00   3.0000000e+00   0.0000000e+00
   5.5700000e+02  -1.0510000e+01  -1.0900000e+00   0.0000000e+00   3.0000000e+00   0.0000000e+00
   5.5800000e+02  -2.6200000e+00   1.4100000e+00   0.0000000e+00   3.0000000e+00   0.0000000e+00
   5.5900000e+02   2.7500000e+00  -1.7910000e+01   0.0000000e+00   3.0000000e+00   0.0000000e+00
   5.6000000e+02  -6.5200000e+00  -1.9730000e+01   0.0000000e+00   3.0000000e+00   0.0000000e+00
   5.6100000e+02   1.9280000e+01  -1.4360000e+01   0.0000000e+00   2.0000000e+00   0.0000000e+00
   5.6200000e+02  -2.3630000e+01   5.9700000e+00   0.0000000e+00   0.0000000e+00   0.0000000e+00
   5.6300000e+02  -1.6200000e+01   6.5100000e+00   0.0000000e+00   3.0000000e+00   0.0000000e+00
   5.6400000e+02   7.9000000e+00  -1.6090000e+01   0.0000000e+00   3.0000000e+00   0.0000000e+00
   5.6500000e+02   1.4980000e+01   1.7040000e+01   0.0000000e+00   3.0000000e+00   0.0000000e+00
   5.6600000e+02   2.3770000e+01   1.3000000e+00   0.0000000e+00   3.0000000e+00   0.0000000e+00
   5.6700000e+02  -1.0500000e+01   1.5820000e+01   0.0000000e+00   3.0000000e+00   0.0000000e+00
   5.6800000e+02   6.8500000e+00  -1.0720000e+01   0.0000000e+00   3.0000000e+00   0.0000000e+00
   5.6900000e+02  -2.6700000e+00   1.8360000e+01   0.0000000e+00   3.0000000e+00   0.0000000e+00
   5.7000000e+02   2.2670000e+01  -8.4700000e+00   0.0000000e+00   0.0000000e+00   0.0000000e+00
   5.7100000e+02   8.8700000e+00   6.0700000e+00   0.0000000e+00   3.0000000e+00   0.0000000e+00
   5.7200000e+02  -6.5900000e+00   1.7120000e+01   0.0000000e+00   3.0000000e+00   0.0000000e+00
   5.7300000e+02  -7.1300000e+00  -1.1590000e+01   0.0000000e+00   2.0000000e+00   0.0000000e+00
   5.7400000e+02   7.8700000e+00  -8.9200000e+00   0.0000000e+00   3.0000000e+00   0.0000000e+00
   5.7500000e+02   1.7210000e+01  -1.4370000e+01   0.0000000e+00   3.0000000e+00   0.0000000e+00
   5.7600000e+02  -1.9050000e+01   1.8200000e+00   0.0000000e+00   3.0000000e+00   0.0000000e+00
   5.7700000e+02  -2.5910000e+01  -4.1100000e+00   0.0000000e+00   1.0000000e+00   0.0000000e+00
   5.7800000e+02  -1.1380000e+01   1.1790000e+01   0.0000000e+00   3.0000000e+00   0.0000000e+00
   5.7900000e+02   6.7500000e+00   8.9700000e+00   0.0000000e+00   3.0000000e+00   0.0000000e+00
   5.8000000e+02  -7.1000000e-01   1.8980000e+01   0.0000000e+00   3.0000000e+00   0.0000000e+00
   5.8100000e+02  -2.2560000e+01   2.5700000e+00   0.0000000e+00   3.0000000e+00   0.0000000e+00
   5.8200000e+02  -1.2720000e+01  -1.1170000e+01   0.0000000e+00   3.0000000e+00   0.0000000e+00
   5.8300000e+02   1.2450000e+01   6.4000000e+00   0.0000000e+00   3.0000000e+00   0.0000000e+00
   5.8400000e+02  -1.2480000e+01  -1.7200000e+00   0.0000000e+00   3.0000000e+00   0.0000000e+00
   5.8500000e+02  -3.2000000e-01  -2.3280000e+01   0.0000000e+00   3.0000000e+00   0.0000000e+00
   5.8600000e+02   2.1740000e+01  -1.1060000e+01   0.0000000e+00   0.0000000e+00   0.0000000e+00
   5.8700000e+02  -1.3900000e+00   7.4600000e+00   0.0000000e+00   3.0000000e+00   0.0000000e+00
   5.8800000e+02   5.8600000e+00  -2.3290000e+01   0.0000000e+00   0.0000000e+00   0.0000000e+00
   5.8900000e+02   1.1700000e+01  -5.0900000e+00   0.0000000e+00   2.0000000e+00   0.0000000e+00
   5.9000000e+02   2.0670000e+01  -1.2850000e+01   0.0000000e+00   2.0000000e+00   0.0000000e+00
   5.9100000e+02   8.0700000e+00   1.4260000e+01   0.0000000e+00   3.0000000e+00   0.0000000e+00
   5.9200000e+02  -8.7900000e+00   6.9800000e+00   0.0000000e+00   3.0000000e+00   0.0000000e+00
   5.9300000e+02  -9.6300000e+00  -1.8130000e+01   0.0000000e+00   2.0000000e+00   0.0000000e+00
   5.9400000e+02   3.6600000e+00  -4.6600000e+00   0.0000000e+00   2.0000000e+00   0.0000000e+00
   5.9500000e+02  -3.6000000e-01   1.9700000e+00   0.0000000e+00   2.0000000e+00   0.0000000e+00
   5.9600000e+02   5.8300000e+00  -1.9700000e+01   0.0000000e+00   3.0000000e+00   0.0000000e+00
   5.9700000e+02  -3.5000000e+00  -2.6300000e+00   0.0000000e+00   3.0000000e+00   0.0000000e+00
   5.9800000e+02   1.5170000e+01  -1.0780000e+01   0.0000000e+00   2.0000000e+00   0.0000000e+00
   5.9900000e+02  -2.2320000e+01  -4.8700000e+00   0.0000000e+00   3.0000000e+00   0.0000000e+00
