   0.0000000e+00   1.4970000e+01   7.5700000e+00   0.0000000e+00   3.0000000e+00   0.0000000e+00
   1.0000000e+00   8.7400000e+00   1.7210000e+01   0.0000000e+00   3.0000000e+00   0.0000000e+00
   2.0000000e+00  -6.0400000e+00   1.2860000e+01   0.0000000e+00   3.0000000e+00   0.0000000e+00
   3.0000000e+00  -2.1190000e+01  -1.4090000e+01   0.0000000e+00   0.0000000e+00   0.0000000e+00
   4.0000000e+00  -2.3250000e+01  -1.3910000e+01   0.0000000e+00   1.0000000e+00   0.0000000e+00
   5.0000000e+00  -1.4030000e+01  -1.6330000e+01   0.0000000e+00   3.0000000e+00   0.0000000e+00
   6.0000000e+00   7.6700000e+00  -4.1400000e+00   0.0000000e+00   3.0000000e+00   0.0000000e+00
   7.0000000e+00  -1.9130000e+01  -2.1700000e+00   0.0000000e+00   3.0000000e+00   0.0000000e+00
   8.0000000e+00  -2.0660000e+01   5.1200000e+00   0.0000000e+00   3.0000000e+00   0.0000000e+00
   9.0000000e+00  -2.4500000e+00   1.2740000e+01   0.0000000e+00   3.0000000e+00   0.0000000e+00
   1.0000000e+01   1.2910000e+01   7.7800000e+00   0.0000000e+00   3.0000000e+00   0.0000000e+00
   1.1000000e+01   5.7100000e+00  -1.3370000e+01   0.0000000e+00   3.0000000e+00   0.0000000e+00
   1.2000000e+01  -8.4600000e+00  -4.5900000e+00   0.0000000e+00   3.0000000e+00   0.0000000e+00
   1.3000000e+01   2.0660000e+01   1.2350000e+01   0.0000000e+00   3.0000000e+00   0.0000000e+00
   1.4000000e+01   2.2170000e+01  -3.9300000e+00   0.0000000e+00   3.0000000e+00   0.0000000e+00
   1.5000000e+01  -1.1520000e+01   9.9700000e+00   0.0000000e+00   3.0000000e+00   0.0000000e+00
   1.6000000e+01   2.3700000e+00  -9.2000000e-01   0.0000000e+00   3.0000000e+00   0.0000000e+00
   1.7000000e+01  -2.3100000e+00   1.6870000e+01   0.0000000e+00   3.0000000e+00   0.0000000e+00
   1.8000000e+01   9.4400000e+00  -5.2100000e+00   0.0000000e+00   3.0000000e+00   0.0000000e+00
   1.9000000e+01   2.0700000e+00   2.3310000e+01   0.0000000e+00   2.0000000e+00   0.0000000e+00
   2.0000000e+01   9.4100000e+00  -7.2700000e+00   0.0000000e+00   3.0000000e+00   0.0000000e+00
   2.1000000e+01  -4.9900000e+00  -2.2130000e+01   0.0000000e+00   3.0000000e+00   0.0000000e+00
   2.2000000e+01   1.1210000e+01  -6.2500000e+00   0.0000000e+00   3.0000000e+00   0.0000000e+00
   2.3000000e+01  -2.2600000e+01   2.0800000e+00   0.0000000e+00   3.0000000e+00   0.0000000e+00
   2.4000000e+01  -2.0580000e+01   7.1800000e+00   0.0000000e+00   3.0000000e+00   0.0000000e+00
   2.5000000e+01   2.6000000e+00   1.7900000e+01   0.0000000e+00   2.0000000e+00   0.0000000e+00
   2.6000000e+01  -5.7000000e+00   2.1110000e+01   0.0000000e+00   3.0000000e+00   0.0000000e+00
   2.7000000e+01  -9.5400000e+00  -9.4000000e+00   0.0000000e+00   3.0000000e+00   0.0000000e+00
   2.8000000e+01   3.3000000e-01  -1.2280000e+01   0.0000000e+00   3.0000000e+00   0.0000000e+00
   2.9000000e+01  -1.1600000e+01   7.9000000e+00   0.0000000e+00   3.0000000e+00   0.0000000e+00
   3.0000000e+01  -1.7170000e+01   2.9200000e+00   0.0000000e+00   3.0000000e+00   0.0000000e+00
   3.1000000e+01  -2.4690000e+01  -5.0800000e+00   0.0000000e+00   3.0000000e+00   0.0000000e+00
   3.2000000e+01  -9.6800000e+00   1.0910000e+01   0.0000000e+00   3.0000000e+00   0.0000000e+00
   3.3000000e+01  -4.6600000e+00  -1.4960000e+01   0.0000000e+00   3.0000000e+00   0.0000000e+00
   3.4000000e+01  -1.3190000e+01   1.3130000e+01   0.0000000e+00   3.0000000e+00   0.0000000e+00
   3.5000000e+01  -6.3300000e+00  -7.7400000e+00   0.0000000e+00   3.0000000e+00   0.0000000e+00
   3.6000000e+01  -8.0800000e+00   5.7000000e+00   0.0000000e+00   3.0000000e+00   0.0000000e+00
   3.7000000e+01  -1.4690000e+01   2.0450000e+01   0.0000000e+00   0.0000000e+00   0.0000000e+00
   3.8000000e+01  -2.4570000e+01  -3.0000000e+00   0.0000000e+00   3.0000000e+00   0.0000000e+00
   3.9000000e+01   2.5870000e+01  -8.0800000e+00   0.0000000e+00   1.0000000e+00   0.0000000e+00
   4.0000000e+01  -2.0380000e+01   1.3350000e+01   0.0000000e+00   0.0000000e+00   0.0000000e+00
   4.1000000e+01  -1.8750000e+01   8.1500000e+00   0.0000000e+00   3.0000000e+00   0.0000000e+00
   4.2000000e+01   6.2000000e+00   2.2920000e+01   0.0000000e+00   3.0000000e+00   0.0000000e+00
   4.3000000e+01   7.5200000e+00  -1.2390000e+01   0.0000000e+00   3.0000000e+00   0.0000000e+00
   4.4000000e+01  -7.4400000e+00   2.2230000e+01   0.0000000e+00   3.0000000e+00   0.0000000e+00
   4.5000000e+01   3.8800000e+00  -1.6450000e+01   0.0000000e+00   3.0000000e+00   0.0000000e+00
   4.6000000e+01   1.6420000e+01  -1.5640000e+01   0.0000000e+00   3.0000000e+00   0.0000000e+00
   4.7000000e+01   2.1700000e+00   1.4330000e+01   0.0000000e+00   2.0000000e+00   0.0000000e+00
   4.8000000e+01  -1.6680000e+01   1.5320000e+01   0.0000000e+00   3.0000000e+00   0.0000000e+00
   4.9000000e+01  -1.6850000e+01   1.1180000e+01   0.0000000e+00   3.0000000e+00   0.0000000e+00
   5.0000000e+01  -9.2800000e+00   2.1270000e+01   0.0000000e+00   3.0000000e+00   0.0000000e+00
   5.1000000e+01   7.5400000e+00   6.4900000e+00   0.0000000e+00   2.0000000e+00   0.0000000e+00
   5.2000000e+01   2.1930000e+01  -1.0570000e+01   0.0000000e+00   0.0000000e+00   0.0000000e+00
   5.3000000e+01   7.4500000e+00   2.4570000e+01   0.0000000e+00   0.0000000e+00   0.0000000e+00
   5.4000000e+01   9.2300000e+00  -1.7570000e+01   0.0000000e+00   3.0000000e+00   0.0000000e+00
   5.5000000e+01  -1.2900000e+01  -1.4600000e+01   0.0000000e+00   3.0000000e+00   0.0000000e+00
   5.6000000e+01  -1.1820000e+01   1.7200000e+00   0.0000000e+00   3.0000000e+00   0.0000000e+00
   5.7000000e+01  -3.7300000e+00  -1.6800000e+01   0.0000000e+00   3.0000000e+00   0.0000000e+00
   5.8000000e+01  -1.7600000e+00   2.4590000e+01   0.0000000e+00   2.0000000e+00   0.0000000e+00
   5.9000000e+01  -2.2210000e+01   1.2400000e+01   0.0000000e+00   0.0000000e+00   0.0000000e+00
   6.0000000e+01   9.5800000e+00   1.5350000e+01   0.0000000e+00   3.0000000e+00   0.0000000e+00
   6.1000000e+01  -7.8600000e+00   1.1900000e+01   0.0000000e+00   3.0000000e+00   0.0000000e+00
   6.2000000e+01  -1.3290000e+01  -2.1740000e+01   0.0000000e+00   0.0000000e+00   0.0000000e+00
   6.3000000e+01   1.0160000e+01   8.7000000e-01   0.0000000e+00   2.0000000e+00   0.0000000e+00
   6.4000000e+01  -1.6310000e+01  -1.9780000e+01   0.0000000e+00   0.0000000e+00   0.0000000e+00
   6.5000000e+01   5.8500000e+00   1.9330000e+01   0.0000000e+00   3.0000000e+00   0.0000000e+00
   6.6000000e+01  -3.3000000e-01   1.9970000e+01   0.0000000e+00   2.0000000e+00   0.0000000e+00
   6.7000000e+01  -2.0260000e+01  -1.5960000e+01   0.0000000e+00   3.0000000e+00   0.0000000e+00
   6.8000000e+01  -1.7990000e+01  -1.2520000e+01   0.0000000e+00   3.0000000e+00   0.0000000e+00
   6.9000000e+01  -2.2110000e+01  -1.2170000e+01   0.0000000e+00   0.0000000e+00   0.0000000e+00
   7.0000000e+01   4.0400000e+00  -6.1200000e+00   0.0000000e+00   3.0000000e+00   0.0000000e+00
   7.1000000e+01  -1.5430000e+01   1.8400000e+00   0.0000000e+00   3.0000000e+00   0.0000000e+00
   7.2000000e+01  -6.0900000e+00   1.0810000e+01   0.0000000e+00   3.0000000e+00   0.0000000e+00
   7.3000000e+01   5.0000000e-01  -3.9800000e+00   0.0000000e+00   3.0000000e+00   0.0000000e+00
   7.4000000e+01   1.9590000e+01   1.6900000e+00   0.0000000e+00   3.0000000e+00   0.0000000e+00
   7.5000000e+01  -2.4000000e+00   1.4790000e+01   0.0000000e+00   3.0000000e+00   0.0000000e+00
   7.6000000e+01   4.6400000e+00   1.7640000e+01   0.0000000e+00   3.0000000e+00   0.0000000e+00
   7.7000000e+01   2.1550000e+01   1.0490000e+01   0.0000000e+00   3.0000000e+00   0.0000000e+00
   7.8000000e+01   1.4490000e+01   2.2090000e+01   0.0000000e+00   1.0000000e+00   0.0000000e+00
   7.9000000e+01  -2.0880000e+01  -1.0600000e+00   0.0000000e+00   3.0000000e+00   0.0000000e+00
   8.0000000e+01  -4.8300000e+00  -1.8550000e+01   0.0000000e+00   3.0000000e+00   0.0000000e+00
   8.1000000e+01  -1.4200000e+00  -7.0500000e+00   0.0000000e+00   3.0000000e+00   0.0000000e+00
   8.2000000e+01   1.7900000e+01   5.4700000e+00   0.0000000e+00   3.0000000e+00   0.0000000e+00
   8.3000000e+01  -8.3000000e+00  -4.8000000e-01   0.0000000e+00   3.0000000e+00   0.0000000e+00
   8.4000000e+01   4.2000000e+00   7.0000000e-02   0.0000000e+00   3.0000000e+00   0.0000000e+00
   8.5000000e+01  -2.4350000e+01   3.1800000e+00   0.0000000e+00   3.0000000e+00   0.0000000e+00
   8.6000000e+01  -5.9600000e+00   1.4930000e+01   0.0000000e+00   3.0000000e+00   0.0000000e+00
   8.7000000e+01  -1.7310000e+01  -1.2200000e+00   0.0000000e+00   3.0000000e+00   0.0000000e+00
   8.8000000e+01  -1.0010000e+01   2.7000000e+00   0.0000000e+00   3.0000000e+00   0.0000000e+00
   8.9000000e+01   1.4620000e+01  -1.6650000e+01   0.0000000e+00   3.0000000e+00   0.0000000e+00
   9.0000000e+01  -1.0290000e+01  -5.5400000e+00   0.0000000e+00   3.0000000e+00   0.0000000e+00
   9.1000000e+01   5.6000000e+00  -1.9580000e+01   0.0000000e+00   3.0000000e+00   0.0000000e+00
   9.2000000e+01   7.5800000e+00  -8.2500000e+00   0.0000000e+00   3.0000000e+00   0.0000000e+00
   9.3000000e+01  -8.2400000e+00   1.6000000e+00   0.0000000e+00   3.0000000e+00   0.0000000e+00
   9.4000000e+01   2.3370000e+01  -2.2400000e+00   0.0000000e+00   3.0000000e+00   0.0000000e+00
   9.5000000e+01   1.3670000e+01   1.4900000e+01   0.0000000e+00   3.0000000e+00   0.0000000e+00
   9.6000000e+01  -9.1400000e+00  -2.1940000e+01   0.0000000e+00   3.0000000e+00   0.0000000e+00
   9.7000000e+01  -1.0070000e+01   6.3000000e-01   0.0000000e+00   3.0000000e+00   0.0000000e+00
   9.8000000e+01  -6.7600000e+00  -5.7300000e+00   0.0000000e+00   3.0000000e+00   0.0000000e+00
   9.9000000e+01  -1.6700000e+00  -1.6900000e+01   0.0000000e+00   3.0000000e+00   0.0000000e+00
   1.0000000e+02  -6.3300000e+00   4.6100000e+00   0.0000000e+00   3.0000000e+00   0.0000000e+00
   1.0100000e+02   1.8300000e+01  -8.4300000e+00   0.0000000e+00   2.0000000e+00   0.0000000e+00
   1.0200000e+02  -1.3650000e+01  -9.1800000e+00   0.0000000e+00   3.0000000e+00   0.0000000e+00
   1.0300000e+02   7.8900000e+00   1.0010000e+01   0.0000000e+00   3.0000000e+00   0.0000000e+00
   1.0400000e+02   1.8240000e+01  -1.4620000e+01   0.0000000e+00   3.0000000e+00   0.0000000e+00
   1.0500000e+02   1.8170000e+01  -1.8770000e+01   0.0000000e+00   0.0000000e+00   0.0000000e+00
   1.0600000e+02   1.7360000e+01   1.9940000e+01   0.0000000e+00   0.0000000e+00   0.0000000e+00
   1.0700000e+02   1.1170000e+01   2.0570000e+01   0.0000000e+00   3.0000000e+00   0.0000000e+00
   1.0800000e+02  -1.5480000e+01  -2.3000000e-01   0.0000000e+00   3.0000000e+00   0.0000000e+00
   1.0900000e+02  -2.2960000e+01  -6.2000000e+00   0.0000000e+00   3.0000000e+00   0.0000000e+00
   1.1000000e+02  -2.1200000e+00   2.0990000e+01   0.0000000e+00   2.0000000e+00   0.0000000e+00
   1.1100000e+02   1.7400000e+01   1.0910000e+01   0.0000000e+00   3.0000000e+00   0.0000000e+00
   1.1200000e+02  -2.0820000e+01   1.0000000e+00   0.0000000e+00   3.0000000e+00   0.0000000e+00
   1.1300000e+02   1.2860000e+01   1.6800000e+01   0.0000000e+00   3.0000000e+00   0.0000000e+00
   1.1400000e+02  -1.0140000e+01  -1.4300000e+00   0.0000000e+00   3.0000000e+00   0.0000000e+00
   1.1500000e+02   2.1500000e+00  -1.1270000e+01   0.0000000e+00   3.0000000e+00   0.0000000e+00
   1.1600000e+02   7.4000000e+00  -1.8590000e+01   0.0000000e+00   3.0000000e+00   0.0000000e+00
   1.1700000e+02   6.3700000e+00   4.7700000e+00   0.0000000e+00   2.0000000e+00   0.0000000e+00
   1.1800000e+02   2.0110000e+01  -7.4600000e+00   0.0000000e+00   2.0000000e+00   0.0000000e+00
   1.1900000e+02  -1.1680000e+01   5.8500000e+00   0.0000000e+00   3.0000000e+00   0.0000000e+00
   1.2000000e+02  -7.4800000e+00  -9.4400000e+00   0.0000000e+00   3.0000000e+00   0.0000000e+00
   1.2100000e+02   1.8770000e+01  -5.8500000e+00   0.0000000e+00   2.0000000e+00   0.0000000e+00
   1.2200000e+02   1.5820000e+01   5.6900000e+00   0.0000000e+00   3.0000000e+00   0.0000000e+00
   1.2300000e+02  -3.5300000e+00  -1.3250000e+01   0.0000000e+00   3.0000000e+00   0.0000000e+00
   1.2400000e+02   2.3830000e+01  -7.7900000e+00   0.0000000e+00   0.0000000e+00   0.0000000e+00
   1.2500000e+02   3.3000000e+00   2.4960000e+01   0.0000000e+00   0.0000000e+00   0.0000000e+00
   1.2600000e+02  -6.5500000e+00  -1.1300000e+01   0.0000000e+00   3.0000000e+00   0.0000000e+00
   1.2700000e+02  -1.6860000e+01  -1.0800000e+01   0.0000000e+00   3.0000000e+00   0.0000000e+00
   1.2800000e+02   4.4000000e+00   4.2000000e+00   0.0000000e+00   2.0000000e+00   0.0000000e+00
   1.2900000e+02   3.7900000e+00  -2.0580000e+01   0.0000000e+00   3.0000000e+00   0.0000000e+00
   1.3000000e+02   2.2870000e+01   3.1800000e+00   0.0000000e+00   3.0000000e+00   0.0000000e+00
   1.3100000e+02   1.5900000e+00  -2.6200000e+01   0.0000000e+00   1.0000000e+00   0.0000000e+00
   1.3200000e+02  -1.0950000e+01   2.4490000e+01   0.0000000e+00   1.0000000e+00   0.0000000e+00
   1.3300000e+02   2.4490000e+01   8.3500000e+00   0.0000000e+00   1.0000000e+00   0.0000000e+00
   1.3400000e+02  -1.5640000e+01  -4.3500000e+00   0.0000000e+00   3.0000000e+00   0.0000000e+00
   1.3500000e+02  -1.1600000e+01  -9.2900000e+00   0.0000000e+00   3.0000000e+00   0.0000000e+00
   1.3600000e+02   8.5000000e-01   2.1640000e+01   0.0000000e+00   2.0000000e+00   0.0000000e+00
   1.3700000e+02  -1.4960000e+01  -1.4460000e+01   0.0000000e+00   3.0000000e+00   0.0000000e+00
   1.3800000e+02   2.0450000e+01  -1.8000000e-01   0.0000000e+00   3.0000000e+00   0.0000000e+00
   1.3900000e+02  -5.4000000e+00  -9.5800000e+00   0.0000000e+00   3.0000000e+00   0.0000000e+00
   1.4000000e+02  -1.1100000e+00   1.2900000e+00   0.0000000e+00   3.0000000e+00   0.0000000e+00
   1.4100000e+02   2.6500000e+00   5.3100000e+00   0.0000000e+00   3.0000000e+00   0.0000000e+00
   1.4200000e+02   9.1400000e+00   1.1730000e+01   0.0000000e+00   3.0000000e+00   0.0000000e+00
   1.4300000e+02  -1.5930000e+01  -1.2630000e+01   0.0000000e+00   3.0000000e+00   0.0000000e+00
   1.4400000e+02  -4.4100000e+00   7.6400000e+00   0.0000000e+00   3.0000000e+00   0.0000000e+00
   1.4500000e+02  -1.2040000e+01  -4.4600000e+00   0.0000000e+00   3.0000000e+00   0.0000000e+00
   1.4600000e+02  -8.1600000e+00   3.6500000e+00   0.0000000e+00   3.0000000e+00   0.0000000e+00
   1.4700000e+02   3.3000000e+00   2.7080000e+01   0.0000000e+00   1.0000000e+00   0.0000000e+00
   1.4800000e+02   2.2600000e+00  -5.0600000e+00   0.0000000e+00   3.0000000e+00   0.0000000e+00
   1.4900000e+02  -1.2160000e+01  -2.0010000e+01   0.0000000e+00   3.0000000e+00   0.0000000e+00
   1.5000000e+02   9.1700000e+00  -2.1720000e+01   0.0000000e+00   3.0000000e+00   0.0000000e+00
   1.5100000e+02  -1.8460000e+01   1.6400000e+01   0.0000000e+00   3.0000000e+00   0.0000000e+00
   1.5200000e+02  -1.8370000e+01  -1.9640000e+01   0.0000000e+00   1.0000000e+00   0.0000000e+00
   1.5300000e+02   1.9960000e+01   5.2600000e+00   0.0000000e+00   3.0000000e+00   0.0000000e+00
   1.5400000e+02   1.7780000e+01   1.4460000e+01   0.0000000e+00   3.0000000e+00   0.0000000e+00
   1.5500000e+02   2.2010000e+01   5.0600000e+00   0.0000000e+00   3.0000000e+00   0.0000000e+00
   1.5600000e+02   1.1350000e+01   2.5400000e+00   0.0000000e+00   3.0000000e+00   0.0000000e+00
   1.5700000e+02  -1.9300000e+00  -2.6180000e+01   0.0000000e+00   1.0000000e+00   0.0000000e+00
   1.5800000e+02  -1.8520000e+01   1.4320000e+01   0.0000000e+00   3.0000000e+00   0.0000000e+00
   1.5900000e+02  -1.2320000e+01  -2.3580000e+01   0.0000000e+00   1.0000000e+00   0.0000000e+00
   1.6000000e+02   2.6280000e+01  -4.4000000e+00   0.0000000e+00   1.0000000e+00   0.0000000e+00
   1.6100000e+02   2.3000000e-01  -2.0500000e+01   0.0000000e+00   3.0000000e+00   0.0000000e+00
   1.6200000e+02   1.4500000e+01   1.3010000e+01   0.0000000e+00   3.0000000e+00   0.0000000e+00
   1.6300000e+02  -3.7700000e+00   2.4130000e+01   0.0000000e+00   2.0000000e+00   0.0000000e+00
   1.6400000e+02   4.2300000e+00   1.4030000e+01   0.0000000e+00   2.0000000e+00   0.0000000e+00
   1.6500000e+02  -6.1800000e+00   8.7300000e+00   0.0000000e+00   3.0000000e+00   0.0000000e+00
   1.6600000e+02  -7.8300000e+00  -1.6620000e+01   0.0000000e+00   3.0000000e+00   0.0000000e+00
   1.6700000e+02   1.1620000e+01   1.5110000e+01   0.0000000e+00   3.0000000e+00   0.0000000e+00
   1.6800000e+02  -4.0600000e+00   1.7950000e+01   0.0000000e+00   3.0000000e+00   0.0000000e+00
   1.6900000e+02   5.0000000e+00   1.2110000e+01   0.0000000e+00   2.0000000e+00   0.0000000e+00
   1.7000000e+02   2.9900000e+00   1.1620000e+01   0.0000000e+00   2.0000000e+00   0.0000000e+00
   1.7100000e+02   7.5000000e-01   2.2800000e+00   0.0000000e+00   3.0000000e+00   0.0000000e+00
   1.7200000e+02   1.5720000e+01   1.4670000e+01   0.0000000e+00   3.0000000e+00   0.0000000e+00
   1.7300000e+02   6.1900000e+00  -2.6590000e+01   0.0000000e+00   1.0000000e+00   0.0000000e+00
   1.7400000e+02   1.1720000e+01   6.1000000e+00   0.0000000e+00   3.0000000e+00   0.0000000e+00
   1.7500000e+02  -2.4180000e+01   9.3900000e+00   0.0000000e+00   1.0000000e+00   0.0000000e+00
   1.7600000e+02  -7.7100000e+00   1.6020000e+01   0.0000000e+00   3.0000000e+00   0.0000000e+00
   1.7700000e+02   2.9000000e-01   2.4350000e+01   0.0000000e+00   2.0000000e+00   0.0000000e+00
   1.7800000e+02   8.3400000e+00   1.3630000e+01   0.0000000e+00   3.0000000e+00   0.0000000e+00
   1.7900000e+02   2.3230000e+01   6.7100000e+00   0.0000000e+00   0.0000000e+00   0.0000000e+00
   1.8000000e+02   2.8900000e+00   9.4900000e+00   0.0000000e+00   2.0000000e+00   0.0000000e+00
   1.8100000e+02   2.4090000e+01   4.8500000e+00   0.0000000e+00   0.0000000e+00   0.0000000e+00
   1.8200000e+02   1.3770000e+01   5.8800000e+00   0.0000000e+00   3.0000000e+00   0.0000000e+00
   1.8300000e+02   2.3890000e+01  -9.8500000e+00   0.0000000e+00   1.0000000e+00   0.0000000e+00
   1.8400000e+02   2.0950000e+01  -5.5900000e+00   0.0000000e+00   2.0000000e+00   0.0000000e+00
   1.8500000e+02   1.8620000e+01   1.2570000e+01   0.0000000e+00   3.0000000e+00   0.0000000e+00
   1.8600000e+02   2.0090000e+01  -9.5100000e+00   0.0000000e+00   3.0000000e+00   0.0000000e+00
   1.8700000e+02   7.3300000e+00  -2.2740000e+01   0.0000000e+00   3.0000000e+00   0.0000000e+00
   1.8800000e+02  -1.4700000e+00  -1.3280000e+01   0.0000000e+00   3.0000000e+00   0.0000000e+00
   1.8900000e+02   1.9840000e+01   1.4240000e+01   0.0000000e+00   3.0000000e+00   0.0000000e+00
   1.9000000e+02  -1.0840000e+01  -1.4680000e+01   0.0000000e+00   3.0000000e+00   0.0000000e+00
   1.9100000e+02  -9.3600000e+00   1.9210000e+01   0.0000000e+00   3.0000000e+00   0.0000000e+00
   1.9200000e+02   2.0000000e+01  -1.5720000e+01   0.0000000e+00   0.0000000e+00   0.0000000e+00
   1.9300000e+02   9.6300000e+00   6.2800000e+00   0.0000000e+00   3.0000000e+00   0.0000000e+00
   1.9400000e+02   6.6100000e+00   2.6460000e+01   0.0000000e+00   1.0000000e+00   0.0000000e+00
   1.9500000e+02  -2.6070000e+01   6.3100000e+00   0.0000000e+00   1.0000000e+00   0.0000000e+00
   1.9600000e+02   1.1040000e+01  -1.6580000e+01   0.0000000e+00   3.0000000e+00   0.0000000e+00
   1.9700000e+02   2.1650000e+01   1.5000000e+00   0.0000000e+00   3.0000000e+00   0.0000000e+00
   1.9800000e+02   1.4750000e+01  -8.3200000e+00   0.0000000e+00   3.0000000e+00   0.0000000e+00
   1.9900000e+02   1.1200000e+01  -8.3200000e+00   0.0000000e+00   3.0000000e+00   0.0000000e+00
   2.0000000e+02   1.4650000e+01  -1.4580000e+01   0.0000000e+00   3.0000000e+00   0.0000000e+00
   2.0100000e+02   7.9000000e+00   1.9090000e+01   0.0000000e+00   3.0000000e+00   0.0000000e+00
   2.0200000e+02  -1.4580000e+01  -7.3500000e+00   0.0000000e+00   3.0000000e+00   0.0000000e+00
   2.0300000e+02  -2.2400000e+01   6.2200000e+00   0.0000000e+00   3.0000000e+00   0.0000000e+00
   2.0400000e+02  -1.5100000e+01   1.0100000e+01   0.0000000e+00   3.0000000e+00   0.0000000e+00
   2.0500000e+02  -2.8500000e+00   2.3800000e+00   0.0000000e+00   3.0000000e+00   0.0000000e+00
   2.0600000e+02  -7.9300000e+00   9.8300000e+00   0.0000000e+00   3.0000000e+00   0.0000000e+00
   2.0700000e+02  -1.1020000e+01  -1.8260000e+01   0.0000000e+00   3.0000000e+00   0.0000000e+00
   2.0800000e+02  -2.5700000e+00  -1.5050000e+01   0.0000000e+00   3.0000000e+00   0.0000000e+00
   2.0900000e+02   1.6680000e+01   3.8000000e+00   0.0000000e+00   3.0000000e+00   0.0000000e+00
   2.1000000e+02  -2.9900000e+00  -1.7500000e+00   0.0000000e+00   3.0000000e+00   0.0000000e+00
   2.1100000e+02   1.9220000e+01  -1.8400000e+00   0.0000000e+00   3.0000000e+00   0.0000000e+00
   2.1200000e+02  -1.4920000e+01   1.4240000e+01   0.0000000e+00   3.0000000e+00   0.0000000e+00
   2.1300000e+02   5.6600000e+00  -1.7520000e+01   0.0000000e+00   3.0000000e+00   0.0000000e+00
   2.1400000e+02  -1.4000000e-01  -2.5100000e+01   0.0000000e+00   0.0000000e+00   0.0000000e+00
   2.1500000e+02   1.4280000e+01   4.6000000e-01   0.0000000e+00   3.0000000e+00   0.0000000e+00
   2.1600000e+02   1.8190000e+01  -1.6700000e+01   0.0000000e+00   0.0000000e+00   0.0000000e+00
   2.1700000e+02   1.6500000e+01  -9.4200000e+00   0.0000000e+00   3.0000000e+00   0.0000000e+00
   2.1800000e+02   1.6950000e+01   1.6380000e+01   0.0000000e+00   3.0000000e+00   0.0000000e+00
   2.1900000e+02   1.9990000e+01  -1.7790000e+01   0.0000000e+00   1.0000000e+00   0.0000000e+00
   2.2000000e+02   8.7600000e+00   8.1400000e+00   0.0000000e+00   3.0000000e+00   0.0000000e+00
   2.2100000e+02   5.8900000e+00  -3.0600000e+00   0.0000000e+00   3.0000000e+00   0.0000000e+00
   2.2200000e+02  -4.4600000e+00  -1.1410000e+01   0.0000000e+00   3.0000000e+00   0.0000000e+00
   2.2300000e+02   2.5480000e+01  -2.4300000e+00   0.0000000e+00   0.0000000e+00   0.0000000e+00
   2.2400000e+02  -4.0300000e+00  -2.3960000e+01   0.0000000e+00   0.0000000e+00   0.0000000e+00
   2.2500000e+02  -1.8980000e+01   1.9500000e+00   0.0000000e+00   3.0000000e+00   0.0000000e+00
   2.2600000e+02   2.1080000e+01   1.5920000e+01   0.0000000e+00   3.0000000e+00   0.0000000e+00
   2.2700000e+02  -6.9000000e+00  -1.8450000e+01   0.0000000e+00   3.0000000e+00   0.0000000e+00
   2.2800000e+02   1.3090000e+01  -1.2100000e+00   0.0000000e+00   2.0000000e+00   0.0000000e+00
   2.2900000e+02  -1.9220000e+01  -4.2400000e+00   0.0000000e+00   3.0000000e+00   0.0000000e+00
   2.3000000e+02  -4.0100000e+00  -2.6050000e+01   0.0000000e+00   1.0000000e+00   0.0000000e+00
   2.3100000e+02  -2.2510000e+01   4.1600000e+00   0.0000000e+00   3.0000000e+00   0.0000000e+00
   2.3200000e+02   1.6170000e+01   9.2400000e+00   0.0000000e+00   3.0000000e+00   0.0000000e+00
   2.3300000e+02  -3.1800000e+00   2.6130000e+01   0.0000000e+00   2.0000000e+00   0.0000000e+00
   2.3400000e+02   9.1000000e+00  -2.3800000e+01   0.0000000e+00   3.0000000e+00   0.0000000e+00
   2.3500000e+02  -1.3850000e+01  -5.4200000e+00   0.0000000e+00   3.0000000e+00   0.0000000e+00
   2.3600000e+02  -1.6910000e+01   9.1200000e+00   0.0000000e+00   3.0000000e+00   0.0000000e+00
   2.3700000e+02  -2.3020000e+01  -1.0310000e+01   0.0000000e+00   0.0000000e+00   0.0000000e+00
   2.3800000e+02  -1.3350000e+01   8.9900000e+00   0.0000000e+00   3.0000000e+00   0.0000000e+00
   2.3900000e+02   3.9000000e+00  -1.4360000e+01   0.0000000e+00   3.0000000e+00   0.0000000e+00
   2.4000000e+02  -1.9000000e-01  -1.8420000e+01   0.0000000e+00   3.0000000e+00   0.0000000e+00
   2.4100000e+02   9.4700000e+00  -3.1400000e+00   0.0000000e+00   3.0000000e+00   0.0000000e+00
   2.4200000e+02  -4.1400000e+00   1.5900000e+01   0.0000000e+00   3.0000000e+00   0.0000000e+00
   2.4300000e+02   2.5030000e+01  -6.0800000e+00   0.0000000e+00   0.0000000e+00   0.0000000e+00
   2.4400000e+02   5.9600000e+00  -1.0000000e+00   0.0000000e+00   2.0000000e+00   0.0000000e+00
   2.4500000e+02  -2.0450000e+01   1.1300000e+01   0.0000000e+00   3.0000000e+00   0.0000000e+00
   2.4600000e+02  -3.8500000e+00   2.2080000e+01   0.0000000e+00   2.0000000e+00   0.0000000e+00
   2.4700000e+02  -1.1200000e+01   1.8250000e+01   0.0000000e+00   3.0000000e+00   0.0000000e+00
   2.4800000e+02  -9.6000000e+00   1.3020000e+01   0.0000000e+00   3.0000000e+00   0.0000000e+00
   2.4900000e+02   5.4800000e+00   1.5710000e+01   0.0000000e+00   3.0000000e+00   0.0000000e+00
   2.5000000e+02  -2.2270000e+01   1.0330000e+01   0.0000000e+00   0.0000000e+00   0.0000000e+00
   2.5100000e+02   1.6130000e+01   1.8270000e+01   0.0000000e+00   3.0000000e+00   0.0000000e+00
   2.5200000e+02   1.0910000e+01  -2.2810000e+01   0.0000000e+00   3.0000000e+00   0.0000000e+00
   2.5300000e+02   6.4000000e-01   2.1000000e-01   0.0000000e+00   3.0000000e+00   0.0000000e+00
   2.5400000e+02  -1.4860000e+01   1.6300000e+01   0.0000000e+00   3.0000000e+00   0.0000000e+00
   2.5500000e+02   2.3630000e+01   1.0250000e+01   0.0000000e+00   0.0000000e+00   0.0000000e+00
   2.5600000e+02   1.1140000e+01  -1.0380000e+01   0.0000000e+00   3.0000000e+00   0.0000000e+00
   2.5700000e+02  -1.8830000e+01   6.0700000e+00   0.0000000e+00   3.0000000e+00   0.0000000e+00
   2.5800000e+02   3.9700000e+00  -1.0250000e+01   0.0000000e+00   3.0000000e+00   0.0000000e+00
   2.5900000e+02  -6.1000000e+00  -2.3850000e+01   0.0000000e+00   0.0000000e+00   0.0000000e+00
   2.6000000e+02   1.5300000e+01   2.0160000e+01   0.0000000e+00   0.0000000e+00   0.0000000e+00
   2.6100000e+02  -1.5340000e+01   3.9100000e+00   0.0000000e+00   3.0000000e+00   0.0000000e+00
   2.6200000e+02  -1.3270000e+01   1.1070000e+01   0.0000000e+00   3.0000000e+00   0.0000000e+00
   2.6300000e+02   1.2760000e+01  -1.9720000e+01   0.0000000e+00   3.0000000e+00   0.0000000e+00
   2.6400000e+02   1.3070000e+01  -5.1700000e+00   0.0000000e+00   2.0000000e+00   0.0000000e+00
   2.6500000e+02   4.4200000e+00  -2.5520000e+01   0.0000000e+00   1.0000000e+00   0.0000000e+00
   2.6600000e+02   2.2760000e+01   1.2170000e+01   0.0000000e+00   3.0000000e+00   0.0000000e+00
   2.6700000e+02  -1.2860000e+01   2.1420000e+01   0.0000000e+00   3.0000000e+00   0.0000000e+00
   2.6800000e+02  -1.9400000e+00  -2.4060000e+01   0.0000000e+00   0.0000000e+00   0.0000000e+00
   2.6900000e+02  -5.7800000e+00  -1.6720000e+01   0.0000000e+00   3.0000000e+00   0.0000000e+00
   2.7000000e+02  -9.8900000e+00  -1.6520000e+01   0.0000000e+00   3.0000000e+00   0.0000000e+00
   2.7100000e+02   9.3000000e-01  -2.3340000e+01   0.0000000e+00   3.0000000e+00   0.0000000e+00
   2.7200000e+02  -1.3810000e+01  -3.3700000e+00   0.0000000e+00   3.0000000e+00   0.0000000e+00
   2.7300000e+02  -5.9000000e-01   1.5750000e+01   0.0000000e+00   2.0000000e+00   0.0000000e+00
   2.7400000e+02   7.4600000e+00  -1.6500000e+01   0.0000000e+00   3.0000000e+00   0.0000000e+00
   2.7500000e+02   1.0320000e+01   2.2460000e+01   0.0000000e+00   0.0000000e+00   0.0000000e+00
   2.7600000e+02   7.4800000e+00  -1.4440000e+01   0.0000000e+00   3.0000000e+00   0.0000000e+00
   2.7700000e+02   2.6800000e+00  -2.4430000e+01   0.0000000e+00   0.0000000e+00   0.0000000e+00
   2.7800000e+02   1.5000000e+00   2.6040000e+01   0.0000000e+00   0.0000000e+00   0.0000000e+00
   2.7900000e+02   1.2060000e+01   9.6800000e+00   0.0000000e+00   3.0000000e+00   0.0000000e+00
   2.8000000e+02  -1.4230000e+01  -1.9900000e+01   0.0000000e+00   0.0000000e+00   0.0000000e+00
   2.8100000e+02  -3.0700000e+00  -3.8800000e+00   0.0000000e+00   3.0000000e+00   0.0000000e+00
   2.8200000e+02   1.3010000e+01  -7.2300000e+00   0.0000000e+00   3.0000000e+00   0.0000000e+00
   2.8300000e+02  -1.8390000e+01   1.8490000e+01   0.0000000e+00   0.0000000e+00   0.0000000e+00
   2.8400000e+02   1.4720000e+01  -1.0460000e+01   0.0000000e+00   3.0000000e+00   0.0000000e+00
   2.8500000e+02   4.7600000e+00   6.2800000e+00   0.0000000e+00   2.0000000e+00   0.0000000e+00
   2.8600000e+02  -3.9400000e+00   2.0020000e+01   0.0000000e+00   3.0000000e+00   0.0000000e+00
   2.8700000e+02   1.2890000e+01  -1.3490000e+01   0.0000000e+00   3.0000000e+00   0.0000000e+00
   2.8800000e+02  -9.4500000e+00   1.7130000e+01   0.0000000e+00   3.0000000e+00   0.0000000e+00
   2.8900000e+02   7.3700000e+00  -2.0650000e+01   0.0000000e+00   3.0000000e+00   0.0000000e+00
   2.9000000e+02   1.8380000e+01   3.0000000e-02   0.0000000e+00   3.0000000e+00   0.0000000e+00
   2.9100000e+02  -4.6700000e+00   1.4300000e+00   0.0000000e+00   3.0000000e+00   0.0000000e+00
   2.9200000e+02  -2.2710000e+01  -2.0400000e+00   0.0000000e+00   3.0000000e+00   0.0000000e+00
   2.9300000e+02  -2.1300000e+00   1.8920000e+01   0.0000000e+00   2.0000000e+00   0.0000000e+00
   2.9400000e+02   1.2740000e+01  -2.1870000e+01   0.0000000e+00   3.0000000e+00   0.0000000e+00
   2.9500000e+02  -1.9350000e+01  -1.7800000e+01   0.0000000e+00   0.0000000e+00   0.0000000e+00
   2.9600000e+02  -1.3590000e+01   2.8100000e+00   0.0000000e+00   3.0000000e+00   0.0000000e+00
   2.9700000e+02   9.3100000e+00  -1.3450000e+01   0.0000000e+00   3.0000000e+00   0.0000000e+00
   2.9800000e+02   1.7980000e+01  -3.5700000e+00   0.0000000e+00   3.0000000e+00   0.0000000e+00
   2.9900000e+02   4.5000000e-01  -6.0600000e+00   0.0000000e+00   3.0000000e+00   0.0000000e+00
   3.0000000e+02   2.1100000e+00  -1.5380000e+01   0.0000000e+00   3.0000000e+00   0.0000000e+00
   3.0100000e+02  -2.1160000e+01  -7.2200000e+00   0.0000000e+00   3.0000000e+00   0.0000000e+00
   3.0200000e+02  -1.8800000e+00  -1.1190000e+01   0.0000000e+00   3.0000000e+00   0.0000000e+00
   3.0300000e+02   1.9450000e+01   1.0700000e+01   0.0000000e+00   3.0000000e+00   0.0000000e+00
   3.0400000e+02   1.0810000e+01   1.7030000e+01   0.0000000e+00   3.0000000e+00   0.0000000e+00
   3.0500000e+02   1.0850000e+01   7.9800000e+00   0.0000000e+00   3.0000000e+00   0.0000000e+00
   3.0600000e+02  -8.9500000e+00  -1.8350000e+01   0.0000000e+00   3.0000000e+00   0.0000000e+00
   3.0700000e+02  -6.2500000e+00   6.6700000e+00   0.0000000e+00   3.0000000e+00   0.0000000e+00
   3.0800000e+02   1.6560000e+01  -7.3300000e+00   0.0000000e+00   2.0000000e+00   0.0000000e+00
   3.0900000e+02  -3.8800000e+00  -2.0380000e+01   0.0000000e+00   3.0000000e+00   0.0000000e+00
   3.1000000e+02  -1.0260000e+01  -2.3660000e+01   0.0000000e+00   0.0000000e+00   0.0000000e+00
   3.1100000e+02  -3.1600000e+00  -5.9400000e+00   0.0000000e+00   3.0000000e+00   0.0000000e+00
   3.1200000e+02   4.6000000e+00   8.3400000e+00   0.0000000e+00   2.0000000e+00   0.0000000e+00
   3.1300000e+02   1.9010000e+01   1.6140000e+01   0.0000000e+00   3.0000000e+00   0.0000000e+00
   3.1400000e+02  -1.1950000e+01  -1.6420000e+01   0.0000000e+00   3.0000000e+00   0.0000000e+00
   3.1500000e+02   7.2700000e+00  -2.4800000e+01   0.0000000e+00   0.0000000e+00   0.0000000e+00
   3.1600000e+02   2.6150000e+01   4.6500000e+00   0.0000000e+00   1.0000000e+00   0.0000000e+00
   3.1700000e+02   7.0500000e+00   1.1900000e+01   0.0000000e+00   3.0000000e+00   0.0000000e+00
   3.1800000e+02  -1.3020000e+01   1.7290000e+01   0.0000000e+00   3.0000000e+00   0.0000000e+00
   3.1900000e+02   2.2980000e+01  -5.8800000e+00   0.0000000e+00   2.0000000e+00   0.0000000e+00
   3.2000000e+02   2.0260000e+01   1.7810000e+01   0.0000000e+00   0.0000000e+00   0.0000000e+00
   3.2100000e+02  -7.6600000e+00  -1.3060000e+01   0.0000000e+00   3.0000000e+00   0.0000000e+00
   3.2200000e+02  -1.2500000e+00  -2.8900000e+00   0.0000000e+00   3.0000000e+00   0.0000000e+00
   3.2300000e+02  -1.1990000e+01  -2.4000000e+00   0.0000000e+00   3.0000000e+00   0.0000000e+00
   3.2400000e+02   5.5000000e-01  -1.8800000e+00   0.0000000e+00   3.0000000e+00   0.0000000e+00
   3.2500000e+02  -1.1280000e+01   1.6150000e+01   0.0000000e+00   3.0000000e+00   0.0000000e+00
   3.2600000e+02   5.5000000e+00  -2.3750000e+01   0.0000000e+00   0.0000000e+00   0.0000000e+00
   3.2700000e+02  -1.0470000e+01  -7.5700000e+00   0.0000000e+00   3.0000000e+00   0.0000000e+00
   3.2800000e+02  -1.8630000e+01   1.2270000e+01   0.0000000e+00   3.0000000e+00   0.0000000e+00
   3.2900000e+02  -1.8680000e+01   1.0200000e+01   0.0000000e+00   3.0000000e+00   0.0000000e+00
   3.3000000e+02   1.2430000e+01   1.3210000e+01   0.0000000e+00   3.0000000e+00   0.0000000e+00
   3.3100000e+02   1.1400000e+00   1.2560000e+01   0.0000000e+00   2.0000000e+00   0.0000000e+00
   3.3200000e+02  -1.6440000e+01   2.1560000e+01   0.0000000e+00   1.0000000e+00   0.0000000e+00
   3.3300000e+02   2.1890000e+01  -8.5000000e+00   0.0000000e+00   0.0000000e+00   0.0000000e+00
   3.3400000e+02  -2.2120000e+01   1.4510000e+01   0.0000000e+00   1.0000000e+00   0.0000000e+00
   3.3500000e+02  -7.3400000e+00   2.4310000e+01   0.0000000e+00   2.0000000e+00   0.0000000e+00
   3.3600000e+02   2.1270000e+01  -2.0800000e+00   0.0000000e+00   3.0000000e+00   0.0000000e+00
   3.3700000e+02   1.3410000e+01   2.3400000e+00   0.0000000e+00   3.0000000e+00   0.0000000e+00
   3.3800000e+02   1.8180000e+01   1.8040000e+01   0.0000000e+00   0.0000000e+00   0.0000000e+00
   3.3900000e+02  -8.6000000e-01  -2.2300000e+01   0.0000000e+00   3.0000000e+00   0.0000000e+00
   3.4000000e+02   3.1000000e-01  -1.6400000e+01   0.0000000e+00   3.0000000e+00   0.0000000e+00
   3.4100000e+02  -4.5600000e+00   3.4900000e+00   0.0000000e+00   3.0000000e+00   0.0000000e+00
   3.4200000e+02   2.5820000e+01   1.1000000e+00   0.0000000e+00   0.0000000e+00   0.0000000e+00
   3.4300000e+02  -1.5010000e+01   1.2170000e+01   0.0000000e+00   3.0000000e+00   0.0000000e+00
   3.4400000e+02   1.9430000e+01   1.9680000e+01   0.0000000e+00   1.0000000e+00   0.0000000e+00
   3.4500000e+02   1.2820000e+01  -1.7650000e+01   0.0000000e+00   3.0000000e+00   0.0000000e+00
   3.4600000e+02   1.0700000e+00   1.0500000e+01   0.0000000e+00   3.0000000e+00   0.0000000e+00
   3.4700000e+02   1.7170000e+01  -1.6800000e+00   0.0000000e+00   3.0000000e+00   0.0000000e+00
   3.4800000e+02  -1.6520000e+01   1.9450000e+01   0.0000000e+00   0.0000000e+00   0.0000000e+00
   3.4900000e+02   8.2700000e+00   2.2690000e+01   0.0000000e+00   0.0000000e+00   0.0000000e+00
   3.5000000e+02   2.4240000e+01  -4.1500000e+00   0.0000000e+00   0.0000000e+00   0.0000000e+00
   3.5100000e+02   1.0470000e+01   4.4000000e+00   0.0000000e+00   3.0000000e+00   0.0000000e+00
   3.5200000e+02   1.6800000e+01  -5.2700000e+00   0.0000000e+00   2.0000000e+00   0.0000000e+00
   3.5300000e+02   4.0600000e+00  -4.0500000e+00   0.0000000e+00   3.0000000e+00   0.0000000e+00
   3.5400000e+02  -9.9200000e+00   4.7500000e+00   0.0000000e+00   3.0000000e+00   0.0000000e+00
   3.5500000e+02  -2.6700000e+00   6.5300000e+00   0.0000000e+00   3.0000000e+00   0.0000000e+00
   3.5600000e+02   3.7400000e+00  -2.2660000e+01   0.0000000e+00   3.0000000e+00   0.0000000e+00
   3.5700000e+02  -2.7400000e+00   4.4600000e+00   0.0000000e+00   3.0000000e+00   0.0000000e+00
   3.5800000e+02   2.3000000e+00  -2.9800000e+00   0.0000000e+00   3.0000000e+00   0.0000000e+00
   3.5900000e+02  -1.2720000e+01  -1.1020000e+01   0.0000000e+00   3.0000000e+00   0.0000000e+00
   3.6000000e+02  -7.7700000e+00   1.3960000e+01   0.0000000e+00   3.0000000e+00   0.0000000e+00
   3.6100000e+02   3.8100000e+00   1.9550000e+01   0.0000000e+00   3.0000000e+00   0.0000000e+00
   3.6200000e+02  -2.0490000e+01   9.2300000e+00   0.0000000e+00   3.0000000e+00   0.0000000e+00
   3.6300000e+02  -2.4750000e+01  -7.1800000e+00   0.0000000e+00   0.0000000e+00   0.0000000e+00
   3.6400000e+02  -5.7900000e+00   1.9050000e+01   0.0000000e+00   3.0000000e+00   0.0000000e+00
   3.6500000e+02  -1.6770000e+01   1.3240000e+01   0.0000000e+00   3.0000000e+00   0.0000000e+00
   3.6600000e+02   5.0000000e+00   2.1220000e+01   0.0000000e+00   3.0000000e+00   0.0000000e+00
   3.6700000e+02   1.3280000e+01   1.1340000e+01   0.0000000e+00   3.0000000e+00   0.0000000e+00
   3.6800000e+02   3.8400000e+00  -1.8510000e+01   0.0000000e+00   3.0000000e+00   0.0000000e+00
   3.6900000e+02  -1.0660000e+01  -1.1130000e+01   0.0000000e+00   3.0000000e+00   0.0000000e+00
   3.7000000e+02  -8.3000000e-01   7.5000000e+00   0.0000000e+00   3.0000000e+00   0.0000000e+00
   3.7100000e+02   2.0040000e+01  -1.3650000e+01   0.0000000e+00   0.0000000e+00   0.0000000e+00
   3.7200000e+02  -2.0750000e+01   3.0500000e+00   0.0000000e+00   3.0000000e+00   0.0000000e+00
   3.7300000e+02   3.9500000e+00  -1.2310000e+01   0.0000000e+00   3.0000000e+00   0.0000000e+00
   3.7400000e+02  -9.7100000e+00  -1.2950000e+01   0.0000000e+00   3.0000000e+00   0.0000000e+00
   3.7500000e+02   8.4300000e+00   4.6100000e+00   0.0000000e+00   3.0000000e+00   0.0000000e+00
   3.7600000e+02   6.1200000e+00   1.0800000e+00   0.0000000e+00   2.0000000e+00   0.0000000e+00
   3.7700000e+02   7.5300000e+00   1.5530000e+01   0.0000000e+00   3.0000000e+00   0.0000000e+00
   3.7800000e+02   1.0000000e+00   8.4500000e+00   0.0000000e+00   3.0000000e+00   0.0000000e+00
   3.7900000e+02  -1.1800000e+00  -7.7000000e-01   0.0000000e+00   3.0000000e+00   0.0000000e+00
   3.8000000e+02  -1.7770000e+01  -8.9400000e+00   0.0000000e+00   3.0000000e+00   0.0000000e+00
   3.8100000e+02  -1.9110000e+01  -1.4240000e+01   0.0000000e+00   3.0000000e+00   0.0000000e+00
   3.8200000e+02  -7.0700000e+00  -2.2030000e+01   0.0000000e+00   3.0000000e+00   0.0000000e+00
   3.8300000e+02  -2.4430000e+01   1.1000000e+00   0.0000000e+00   0.0000000e+00   0.0000000e+00
   3.8400000e+02  -7.0000000e-01   1.1620000e+01   0.0000000e+00   3.0000000e+00   0.0000000e+00
   3.8500000e+02   1.5860000e+01  -3.4300000e+00   0.0000000e+00   2.0000000e+00   0.0000000e+00
   3.8600000e+02   9.3500000e+00  -9.3300000e+00   0.0000000e+00   3.0000000e+00   0.0000000e+00
   3.8700000e+02  -8.6000000e+00  -1.1230000e+01   0.0000000e+00   3.0000000e+00   0.0000000e+00
   3.8800000e+02  -1.1200000e+01  -2.1830000e+01   0.0000000e+00   0.0000000e+00   0.0000000e+00
   3.8900000e+02  -1.8930000e+01   4.0000000e+00   0.0000000e+00   3.0000000e+00   0.0000000e+00
   3.9000000e+02  -1.4770000e+01   1.8380000e+01   0.0000000e+00   3.0000000e+00   0.0000000e+00
   3.9100000e+02   8.1100000e+00   5.7000000e-01   0.0000000e+00   2.0000000e+00   0.0000000e+00
   3.9200000e+02   1.6540000e+01   1.2780000e+01   0.0000000e+00   3.0000000e+00   0.0000000e+00
   3.9300000e+02   1.3250000e+01   2.0340000e+01   0.0000000e+00   0.0000000e+00   0.0000000e+00
   3.9400000e+02  -1.1000000e+01   2.2390000e+01   0.0000000e+00   0.0000000e+00   0.0000000e+00
   3.9500000e+02  -1.5250000e+01   5.9700000e+00   0.0000000e+00   3.0000000e+00   0.0000000e+00
   3.9600000e+02   5.7100000e+00   1.0180000e+01   0.0000000e+00   2.0000000e+00   0.0000000e+00
   3.9700000e+02   1.1250000e+01  -4.2000000e+00   0.0000000e+00   2.0000000e+00   0.0000000e+00
   3.9800000e+02   2.1870000e+01  -1.2650000e+01   0.0000000e+00   0.0000000e+00   0.0000000e+00
   3.9900000e+02   1.8750000e+01   3.5900000e+00   0.0000000e+00   3.0000000e+00   0.0000000e+00
   4.0000000e+02   9.2700000e+00  -1.5520000e+01   0.0000000e+00   3.0000000e+00   0.0000000e+00
   4.0100000e+02  -1.5170000e+01   8.0300000e+00   0.0000000e+00   3.0000000e+00   0.0000000e+00
   4.0200000e+02  -8.0000000e+00   7.7700000e+00   0.0000000e+00   3.0000000e+00   0.0000000e+00
   4.0300000e+02  -1.1780000e+01  -1.2860000e+01   0.0000000e+00   3.0000000e+00   0.0000000e+00
   4.0400000e+02  -1.1900000e+01  -3.4000000e-01   0.0000000e+00   3.0000000e+00   0.0000000e+00
   4.0500000e+02   9.9700000e+00   9.8300000e+00   0.0000000e+00   3.0000000e+00   0.0000000e+00
   4.0600000e+02   7.6300000e+00  -6.2000000e+00   0.0000000e+00   3.0000000e+00   0.0000000e+00
   4.0700000e+02  -2.9300000e+00  -2.2220000e+01   0.0000000e+00   3.0000000e+00   0.0000000e+00
   4.0800000e+02   6.6900000e+00   1.7410000e+01   0.0000000e+00   3.0000000e+00   0.0000000e+00
   4.0900000e+02   1.6390000e+01  -1.7730000e+01   0.0000000e+00   3.0000000e+00   0.0000000e+00
   4.1000000e+02  -5.8900000e+00   1.7000000e+01   0.0000000e+00   3.0000000e+00   0.0000000e+00
   4.1100000e+02  -5.6000000e+00  -1.3130000e+01   0.0000000e+00   3.0000000e+00   0.0000000e+00
   4.1200000e+02  -6.1000000e+00  -2.5960000e+01   0.0000000e+00   1.0000000e+00   0.0000000e+00
   4.1300000e+02   8.1000000e-01   4.3400000e+00   0.0000000e+00   3.0000000e+00   0.0000000e+00
   4.1400000e+02   1.1070000e+01  -1.4510000e+01   0.0000000e+00   3.0000000e+00   0.0000000e+00
   4.1500000e+02  -8.3900000e+00  -7.5300000e+00   0.0000000e+00   3.0000000e+00   0.0000000e+00
   4.1600000e+02  -8.1600000e+00  -2.3820000e+01   0.0000000e+00   0.0000000e+00   0.0000000e+00
   4.1700000e+02   1.2200000e+01   6.4000000e-01   0.0000000e+00   2.0000000e+00   0.0000000e+00
   4.1800000e+02  -1.4780000e+01  -1.0910000e+01   0.0000000e+00   3.0000000e+00   0.0000000e+00
   4.1900000e+02   1.7530000e+01   1.9100000e+00   0.0000000e+00   3.0000000e+00   0.0000000e+00
   4.2000000e+02   2.3720000e+01   1.3000000e+00   0.0000000e+00   3.0000000e+00   0.0000000e+00
   4.2100000e+02  -1.1750000e+01   3.7800000e+00   0.0000000e+00   3.0000000e+00   0.0000000e+00
   4.2200000e+02  -6.4100000e+00   2.5400000e+00   0.0000000e+00   3.0000000e+00   0.0000000e+00
   4.2300000e+02  -9.8600000e+00   6.8000000e+00   0.0000000e+00   3.0000000e+00   0.0000000e+00
   4.2400000e+02  -2.7700000e+00  -1.8640000e+01   0.0000000e+00   3.0000000e+00   0.0000000e+00
   4.2500000e+02   5.7400000e+00  -1.1310000e+01   0.0000000e+00   3.0000000e+00   0.0000000e+00
   4.2600000e+02   1.5130000e+01  -1.4900000e+00   0.0000000e+00   3.0000000e+00   0.0000000e+00
   4.2700000e+02   1.7100000e+00   1.9760000e+01   0.0000000e+00   2.0000000e+00   0.0000000e+00
   4.2800000e+02   1.4910000e+01   1.6560000e+01   0.0000000e+00   3.0000000e+00   0.0000000e+00
   4.2900000e+02   2.0810000e+01   3.3800000e+00   0.0000000e+00   3.0000000e+00   0.0000000e+00
   4.3000000e+02   2.1890000e+01   1.4030000e+01   0.0000000e+00   3.0000000e+00   0.0000000e+00
   4.3100000e+02  -1.7080000e+01   5.0000000e+00   0.0000000e+00   3.0000000e+00   0.0000000e+00
   4.3200000e+02   5.8200000e+00  -7.1900000e+00   0.0000000e+00   3.0000000e+00   0.0000000e+00
   4.3300000e+02  -2.6250000e+01   1.1000000e-01   0.0000000e+00   1.0000000e+00   0.0000000e+00
   4.3400000e+02  -6.5500000e+00  -1.6000000e+00   0.0000000e+00   3.0000000e+00   0.0000000e+00
   4.3500000e+02  -1.3200000e+00  -4.9700000e+00   0.0000000e+00   3.0000000e+00   0.0000000e+00
   4.3600000e+02  -1.5160000e+01  -1.8070000e+01   0.0000000e+00   3.0000000e+00   0.0000000e+00
   4.3700000e+02  -4.3400000e+00   9.6900000e+00   0.0000000e+00   3.0000000e+00   0.0000000e+00
   4.3800000e+02   1.4530000e+01  -2.0800000e+01   0.0000000e+00   3.0000000e+00   0.0000000e+00
   4.3900000e+02  -2.5800000e+00   8.5900000e+00   0.0000000e+00   3.0000000e+00   0.0000000e+00
   4.4000000e+02   6.2900000e+00   1.3820000e+01   0.0000000e+00   3.0000000e+00   0.0000000e+00
   4.4100000e+02   1.2970000e+01  -9.3700000e+00   0.0000000e+00   3.0000000e+00   0.0000000e+00
   4.4200000e+02  -8.0100000e+00  -2.0180000e+01   0.0000000e+00   3.0000000e+00   0.0000000e+00
   4.4300000e+02  -7.5400000e+00   2.0170000e+01   0.0000000e+00   3.0000000e+00   0.0000000e+00
   4.4400000e+02   2.0320000e+01   8.8200000e+00   0.0000000e+00   3.0000000e+00   0.0000000e+00
   4.4500000e+02  -1.7050000e+01  -1.4370000e+01   0.0000000e+00   3.0000000e+00   0.0000000e+00
   4.4600000e+02  -1.3720000e+01  -1.3100000e+00   0.0000000e+00   3.0000000e+00   0.0000000e+00
   4.4700000e+02   1.8290000e+01  -1.0490000e+01   0.0000000e+00   3.0000000e+00   0.0000000e+00
   4.4800000e+02   2.2530000e+01  -3.6000000e-01   0.0000000e+00   3.0000000e+00   0.0000000e+00
   4.4900000e+02   4.3300000e+00   2.1300000e+00   0.0000000e+00   2.0000000e+00   0.0000000e+00
   4.5000000e+02   1.4570000e+01  -1.8740000e+01   0.0000000e+00   3.0000000e+00   0.0000000e+00
   4.5100000e+02   5.6700000e+00  -1.5430000e+01   0.0000000e+00   3.0000000e+00   0.0000000e+00
   4.5200000e+02   1.2550000e+01   4.2100000e+00   0.0000000e+00   3.0000000e+00   0.0000000e+00
   4.5300000e+02   1.8230000e+01   9.0200000e+00   0.0000000e+00   3.0000000e+00   0.0000000e+00
   4.5400000e+02  -2.0270000e+01   1.5420000e+01   0.0000000e+00   0.0000000e+00   0.0000000e+00
   4.5500000e+02  -1.1370000e+01   1.4090000e+01   0.0000000e+00   3.0000000e+00   0.0000000e+00
   4.5600000e+02   4.0200000e+00  -8.1900000e+00   0.0000000e+00   3.0000000e+00   0.0000000e+00
   4.5700000e+02  -2.2950000e+01  -8.2500000e+00   0.0000000e+00   0.0000000e+00   0.0000000e+00
   4.5800000e+02   1.4000000e+00   1.6230000e+01   0.0000000e+00   2.0000000e+00   0.0000000e+00
   4.5900000e+02   2.0080000e+01  -1.1580000e+01   0.0000000e+00   3.0000000e+00   0.0000000e+00
   4.6000000e+02   9.9600000e+00   1.8900000e+01   0.0000000e+00   3.0000000e+00   0.0000000e+00
   4.6100000e+02  -1.8290000e+01   2.0550000e+01   0.0000000e+00   0.0000000e+00   0.0000000e+00
   4.6200000e+02  -2.9200000e+00   3.3000000e-01   0.0000000e+00   3.0000000e+00   0.0000000e+00
   4.6300000e+02  -2.0970000e+01  -1.0470000e+01   0.0000000e+00   3.0000000e+00   0.0000000e+00
   4.6400000e+02   2.1200000e+00  -1.3330000e+01   0.0000000e+00   3.0000000e+00   0.0000000e+00
   4.6500000e+02  -1.8990000e+01  -6.8800000e+00   0.0000000e+00   3.0000000e+00   0.0000000e+00
   4.6600000e+02   2.4950000e+01   2.9600000e+00   0.0000000e+00   0.0000000e+00   0.0000000e+00
   4.6700000e+02  -8.7800000e+00  -1.4790000e+01   0.0000000e+00   3.0000000e+00   0.0000000e+00
   4.6800000e+02  -8.3800000e+00  -2.5500000e+00   0.0000000e+00   3.0000000e+00   0.0000000e+00
   4.6900000e+02  -9.7000000e-01   2.2700000e+01   0.0000000e+00   2.0000000e+00   0.0000000e+00
   4.7000000e+02   9.2600000e+00   2.7400000e+00   0.0000000e+00   3.0000000e+00   0.0000000e+00
   4.7100000e+02   2.9200000e+00   2.1420000e+01   0.0000000e+00   3.0000000e+00   0.0000000e+00
   4.7200000e+02  -1.3430000e+01   6.9300000e+00   0.0000000e+00   3.0000000e+00   0.0000000e+00
   4.7300000e+02  -3.3500000e+00  -9.6500000e+00   0.0000000e+00   3.0000000e+00   0.0000000e+00
   4.7400000e+02   1.4080000e+01   1.8450000e+01   0.0000000e+00   3.0000000e+00   0.0000000e+00
   4.7500000e+02  -1.3660000e+01   7.5000000e-01   0.0000000e+00   3.0000000e+00   0.0000000e+00
   4.7600000e+02   1.8260000e+01  -1.2570000e+01   0.0000000e+00   3.0000000e+00   0.0000000e+00
   4.7700000e+02   9.5000000e+00  -1.0800000e+00   0.0000000e+00   2.0000000e+00   0.0000000e+00
   4.7800000e+02  -1.7490000e+01  -5.3600000e+00   0.0000000e+00   3.0000000e+00   0.0000000e+00
   4.7900000e+02   4.1500000e+00   2.3090000e+01   0.0000000e+00   3.0000000e+00   0.0000000e+00
   4.8000000e+02  -4.2600000e+00   1.1760000e+01   0.0000000e+00   3.0000000e+00   0.0000000e+00
   4.8100000e+02  -6.3000000e-01   1.3690000e+01   0.0000000e+00   2.0000000e+00   0.0000000e+00
   4.8200000e+02  -1.9060000e+01  -1.2000000e-01   0.0000000e+00   3.0000000e+00   0.0000000e+00
   4.8300000e+02  -2.4290000e+01   5.2400000e+00   0.0000000e+00   0.0000000e+00   0.0000000e+00
   4.8400000e+02  -6.4800000e+00   4.7000000e-01   0.0000000e+00   3.0000000e+00   0.0000000e+00
   4.8500000e+02  -2.0960000e+01  -3.1200000e+00   0.0000000e+00   3.0000000e+00   0.0000000e+00
   4.8600000e+02   1.7030000e+01   7.3600000e+00   0.0000000e+00   3.0000000e+00   0.0000000e+00
   4.8700000e+02  -4.4800000e+00   5.5700000e+00   0.0000000e+00   3.0000000e+00   0.0000000e+00
   4.8800000e+02  -1.5560000e+01  -2.3000000e+00   0.0000000e+00   3.0000000e+00   0.0000000e+00
   4.8900000e+02  -4.8000000e+00  -2.7400000e+00   0.0000000e+00   3.0000000e+00   0.0000000e+00
   4.9000000e+02  -9.9000000e-01   3.3600000e+00   0.0000000e+00   3.0000000e+00   0.0000000e+00
   4.9100000e+02  -1.6080000e+01  -1.6210000e+01   0.0000000e+00   3.0000000e+00   0.0000000e+00
   4.9200000e+02   2.4590000e+01  -5.6000000e-01   0.0000000e+00   3.0000000e+00   0.0000000e+00
   4.9300000e+02  -2.2830000e+01  -4.0900000e+00   0.0000000e+00   3.0000000e+00   0.0000000e+00
   4.9400000e+02   2.7700000e+00   7.3800000e+00   0.0000000e+00   3.0000000e+00   0.0000000e+00
   4.9500000e+02  -1.3850000e+01  -1.2740000e+01   0.0000000e+00   3.0000000e+00   0.0000000e+00
   4.9600000e+02   7.2100000e+00   2.8600000e+00   0.0000000e+00   2.0000000e+00   0.0000000e+00
   4.9700000e+02  -1.3100000e+01   1.5200000e+01   0.0000000e+00   3.0000000e+00   0.0000000e+00
   4.9800000e+02  -2.4490000e+01  -9.5000000e-01   0.0000000e+00   0.0000000e+00   0.0000000e+00
   4.9900000e+02   1.6320000e+01   2.0000000e-01   0.0000000e+00   3.0000000e+00   0.0000000e+00
   5.0000000e+02   9.1900000e+00  -1.9650000e+01   0.0000000e+00   3.0000000e+00   0.0000000e+00
   5.0100000e+02  -1.7230000e+01   8.5000000e-01   0.0000000e+00   3.0000000e+00   0.0000000e+00
   5.0200000e+02  -2.2330000e+01   8.2800000e+00   0.0000000e+00   0.0000000e+00   0.0000000e+00
   5.0300000e+02   6.6600000e+00   8.3600000e+00   0.0000000e+00   2.0000000e+00   0.0000000e+00
   5.0400000e+02   9.1000000e-01   6.4000000e+00   0.0000000e+00   3.0000000e+00   0.0000000e+00
   5.0500000e+02  -0.0000000e+00   1.7770000e+01   0.0000000e+00   2.0000000e+00   0.0000000e+00
   5.0600000e+02   4.4000000e-01  -8.1300000e+00   0.0000000e+00   3.0000000e+00   0.0000000e+00
   5.0700000e+02   2.5700000e+00   3.2500000e+00   0.0000000e+00   3.0000000e+00   0.0000000e+00
   5.0800000e+02   1.5480000e+01   2.1300000e+00   0.0000000e+00   3.0000000e+00   0.0000000e+00
   5.0900000e+02  -1.8910000e+01  -1.0660000e+01   0.0000000e+00   3.0000000e+00   0.0000000e+00
   5.1000000e+02   2.0700000e+00  -1.7450000e+01   0.0000000e+00   3.0000000e+00   0.0000000e+00
   5.1100000e+02  -2.0130000e+01   1.9580000e+01   0.0000000e+00   1.0000000e+00   0.0000000e+00
   5.1200000e+02   1.3790000e+01  -3.2000000e+00   0.0000000e+00   2.0000000e+00   0.0000000e+00
   5.1300000e+02  -4.7400000e+00  -6.3000000e-01   0.0000000e+00   3.0000000e+00   0.0000000e+00
   5.1400000e+02  -2.0220000e+01   1.7480000e+01   0.0000000e+00   0.0000000e+00   0.0000000e+00
   5.1500000e+02   1.1260000e+01  -2.1300000e+00   0.0000000e+00   2.0000000e+00   0.0000000e+00
   5.1600000e+02   1.4110000e+01   9.4500000e+00   0.0000000e+00   3.0000000e+00   0.0000000e+00
   5.1700000e+02  -7.6200000e+00   1.8100000e+01   0.0000000e+00   3.0000000e+00   0.0000000e+00
   5.1800000e+02  -5.5100000e+00   2.5330000e+01   0.0000000e+00   2.0000000e+00   0.0000000e+00
   5.1900000e+02   1.6490000e+01  -1.1510000e+01   0.0000000e+00   3.0000000e+00   0.0000000e+00
   5.2000000e+02  -9.5300000e+00   1.5060000e+01   0.0000000e+00   3.0000000e+00   0.0000000e+00
   5.2100000e+02  -1.7220000e+01  -1.7930000e+01   0.0000000e+00   0.0000000e+00   0.0000000e+00
   5.2200000e+02  -1.1420000e+01   1.2030000e+01   0.0000000e+00   3.0000000e+00   0.0000000e+00
   5.2300000e+02  -9.1000000e-01   5.4400000e+00   0.0000000e+00   3.0000000e+00   0.0000000e+00
   5.2400000e+02  -1.8200000e+00  -2.0480000e+01   0.0000000e+00   3.0000000e+00   0.0000000e+00
   5.2500000e+02   1.4890000e+01  -6.1300000e+00   0.0000000e+00   2.0000000e+00   0.0000000e+00
   5.2600000e+02   2.2400000e+00  -7.1200000e+00   0.0000000e+00   3.0000000e+00   0.0000000e+00
   5.2700000e+02  -1.0080000e+01  -2.0110000e+01   0.0000000e+00   3.0000000e+00   0.0000000e+00
   5.2800000e+02   1.2840000e+01  -1.5560000e+01   0.0000000e+00   3.0000000e+00   0.0000000e+00
   5.2900000e+02  -9.7500000e+00   8.8600000e+00   0.0000000e+00   3.0000000e+00   0.0000000e+00
   5.3000000e+02  -1.3070000e+01  -1.8170000e+01   0.0000000e+00   3.0000000e+00   0.0000000e+00
   5.3100000e+02  -5.4000000e-01   2.6290000e+01   0.0000000e+00   2.0000000e+00   0.0000000e+00
   5.3200000e+02   2.9000000e-01  -1.4340000e+01   0.0000000e+00   3.0000000e+00   0.0000000e+00
   5.3300000e+02  -4.9000000e+00  -4.8300000e+00   0.0000000e+00   3.0000000e+00   0.0000000e+00
   5.3400000e+02  -1.5700000e+01  -9.0700000e+00   0.0000000e+00   3.0000000e+00   0.0000000e+00
   5.3500000e+02   2.1800000e+01  -1.4710000e+01   0.0000000e+00   1.0000000e+00   0.0000000e+00
   5.3600000e+02  -1.5370000e+01  -2.1660000e+01   0.0000000e+00   1.0000000e+00   0.0000000e+00
   5.3700000e+02  -1.8190000e+01  -1.6090000e+01   0.0000000e+00   3.0000000e+00   0.0000000e+00
   5.3800000e+02  -9.1900000e+00   2.3370000e+01   0.0000000e+00   0.0000000e+00   0.0000000e+00
   5.3900000e+02  -4.2500000e+00  -7.8000000e+00   0.0000000e+00   3.0000000e+00   0.0000000e+00
   5.4000000e+02  -1.3700000e+00  -9.1000000e+00   0.0000000e+00   3.0000000e+00   0.0000000e+00
   5.4100000e+02  -2.2680000e+01   2.0000000e-02   0.0000000e+00   3.0000000e+00   0.0000000e+00
   5.4200000e+02  -1.6630000e+01   1.7390000e+01   0.0000000e+00   3.0000000e+00   0.0000000e+00
   5.4300000e+02  -1.6640000e+01  -7.2300000e+00   0.0000000e+00   3.0000000e+00   0.0000000e+00
   5.4400000e+02  -1.0220000e+01  -3.4900000e+00   0.0000000e+00   3.0000000e+00   0.0000000e+00
   5.4500000e+02   2.2000000e+00  -9.2100000e+00   0.0000000e+00   3.0000000e+00   0.0000000e+00
   5.4600000e+02  -1.7400000e+01  -3.2700000e+00   0.0000000e+00   3.0000000e+00   0.0000000e+00
   5.4700000e+02   9.3400000e+00  -1.1390000e+01   0.0000000e+00   3.0000000e+00   0.0000000e+00
   5.4800000e+02   1.9900000e+00  -2.1580000e+01   0.0000000e+00   3.0000000e+00   0.0000000e+00
   5.4900000e+02   1.6370000e+01  -1.9800000e+01   0.0000000e+00   3.0000000e+00   0.0000000e+00
   5.5000000e+02   5.3600000e+00   2.4820000e+01   0.0000000e+00   0.0000000e+00   0.0000000e+00
   5.5100000e+02  -5.6000000e+00   2.3190000e+01   0.0000000e+00   3.0000000e+00   0.0000000e+00
   5.5200000e+02   1.2030000e+01   1.8690000e+01   0.0000000e+00   3.0000000e+00   0.0000000e+00
   5.5300000e+02  -1.7000000e+01   7.0500000e+00   0.0000000e+00   3.0000000e+00   0.0000000e+00
   5.5400000e+02  -9.3400000e+00  -2.5510000e+01   0.0000000e+00   1.0000000e+00   0.0000000e+00
   5.5500000e+02   1.5320000e+01   1.1110000e+01   0.0000000e+00   3.0000000e+00   0.0000000e+00
   5.5600000e+02   1.4700000e+01  -1.2520000e+01   0.0000000e+00   3.0000000e+00   0.0000000e+00
   5.5700000e+02   5.7900000e+00  -9.2600000e+00   0.0000000e+00   3.0000000e+00   0.0000000e+00
   5.5800000e+02   2.4800000e+00   1.1800000e+00   0.0000000e+00   3.0000000e+00   0.0000000e+00
   5.5900000e+02   5.8400000e+00  -5.1300000e+00   0.0000000e+00   3.0000000e+00   0.0000000e+00
   5.6000000e+02  -1.2950000e+01   1.9350000e+01   0.0000000e+00   3.0000000e+00   0.0000000e+00
   5.6100000e+02   2.2390000e+01   8.6000000e+00   0.0000000e+00   0.0000000e+00   0.0000000e+00
   5.6200000e+02  -1.2530000e+01  -7.1500000e+00   0.0000000e+00   3.0000000e+00   0.0000000e+00
   5.6300000e+02   3.4400000e+00   1.5970000e+01   0.0000000e+00   3.0000000e+00   0.0000000e+00
   5.6400000e+02  -1.9820000e+01  -8.7700000e+00   0.0000000e+00   3.0000000e+00   0.0000000e+00
   5.6500000e+02   2.0300000e+00  -1.9530000e+01   0.0000000e+00   3.0000000e+00   0.0000000e+00
   5.6600000e+02   7.7000000e+00  -2.0900000e+00   0.0000000e+00   2.0000000e+00   0.0000000e+00
   5.6700000e+02   5.5500000e+00  -2.1660000e+01   0.0000000e+00   3.0000000e+00   0.0000000e+00
   5.6800000e+02   1.2910000e+01  -1.1430000e+01   0.0000000e+00   3.0000000e+00   0.0000000e+00
   5.6900000e+02   7.0600000e+00   2.0990000e+01   0.0000000e+00   3.0000000e+00   0.0000000e+00
   5.7000000e+02  -6.7200000e+00  -1.4880000e+01   0.0000000e+00   3.0000000e+00   0.0000000e+00
   5.7100000e+02   1.0980000e+01  -2.0730000e+01   0.0000000e+00   3.0000000e+00   0.0000000e+00
   5.7200000e+02   1.1100000e+01  -1.2450000e+01   0.0000000e+00   3.0000000e+00   0.0000000e+00
   5.7300000e+02  -1.1130000e+01   2.0310000e+01   0.0000000e+00   3.0000000e+00   0.0000000e+00
   5.7400000e+02   1.2370000e+01   2.2270000e+01   0.0000000e+00   0.0000000e+00   0.0000000e+00
   5.7500000e+02   1.0380000e+01   1.3440000e+01   0.0000000e+00   3.0000000e+00   0.0000000e+00
   5.7600000e+02   3.8000000e-01  -1.0220000e+01   0.0000000e+00   3.0000000e+00   0.0000000e+00
   5.7700000e+02   1.1210000e+01   1.1550000e+01   0.0000000e+00   3.0000000e+00   0.0000000e+00
   5.7800000e+02  -4.2100000e+00   1.3810000e+01   0.0000000e+00   3.0000000e+00   0.0000000e+00
   5.7900000e+02   2.7020000e+01   2.7700000e+00   0.0000000e+00   1.0000000e+00   0.0000000e+00
   5.8000000e+02   2.0040000e+01  -3.7500000e+00   0.0000000e+00   3.0000000e+00   0.0000000e+00
   5.8100000e+02   1.4620000e+01   4.0200000e+00   0.0000000e+00   3.0000000e+00   0.0000000e+00
   5.8200000e+02   9.5700000e+00   2.4410000e+01   0.0000000e+00   1.0000000e+00   0.0000000e+00
   5.8300000e+02  -7.6000000e-01   9.5600000e+00   0.0000000e+00   3.0000000e+00   0.0000000e+00
   5.8400000e+02  -6.6400000e+00  -3.6700000e+00   0.0000000e+00   3.0000000e+00   0.0000000e+00
   5.8500000e+02  -2.0050000e+01  -1.2380000e+01   0.0000000e+00   3.0000000e+00   0.0000000e+00
   5.8600000e+02   4.1200000e+00  -1.9900000e+00   0.0000000e+00   3.0000000e+00   0.0000000e+00
   5.8700000e+02   1.1010000e+01  -1.8640000e+01   0.0000000e+00   3.0000000e+00   0.0000000e+00
   5.8800000e+02  -2.5200000e+00   1.0660000e+01   0.0000000e+00   3.0000000e+00   0.0000000e+00
   5.8900000e+02   1.6460000e+01  -1.3580000e+01   0.0000000e+00   3.0000000e+00   0.0000000e+00
   5.9000000e+02  -2.4200000e+01  -1.2060000e+01   0.0000000e+00   1.0000000e+00   0.0000000e+00
   5.9100000e+02   9.1100000e+00   2.0780000e+01   0.0000000e+00   3.0000000e+00   0.0000000e+00
   5.9200000e+02  -2.1060000e+01  -5.1700000e+00   0.0000000e+00   3.0000000e+00   0.0000000e+00
   5.9300000e+02   2.1170000e+01   6.9500000e+00   0.0000000e+00   3.0000000e+00   0.0000000e+00
   5.9400000e+02  -5.9400000e+00  -2.0300000e+01   0.0000000e+00   3.0000000e+00   0.0000000e+00
   5.9500000e+02  -2.4160000e+01   7.2900000e+00   0.0000000e+00   0.0000000e+00   0.0000000e+00
   5.9600000e+02  -2.4800000e+01  -9.2600000e+00   0.0000000e+00   1.0000000e+00   0.0000000e+00
   5.9700000e+02   7.5500000e+00  -1.0330000e+01   0.0000000e+00   3.0000000e+00   0.0000000e+00
   5.9800000e+02  -1.3510000e+01   4.8600000e+00   0.0000000e+00   3.0000000e+00   0.0000000e+00
   5.9900000e+02   1.9110000e+01   7.1500000e+00   0.0000000e+00   3.0000000e+00   0.0000000e+00
