   0.0000000e+00   5.7600000e+00   1.0660000e+01   0.0000000e+00   3.0000000e+00   0.0000000e+00
   1.0000000e+00  -2.5430000e+01   2.5300000e+00   0.0000000e+00   0.0000000e+00   0.0000000e+00
   2.0000000e+00  -1.9450000e+01  -1.4220000e+01   0.0000000e+00   3.0000000e+00   0.0000000e+00
   3.0000000e+00   1.4460000e+01  -1.4900000e+01   0.0000000e+00   3.0000000e+00   0.0000000e+00
   4.0000000e+00  -7.3600000e+00  -2.5050000e+01   0.0000000e+00   1.0000000e+00   0.0000000e+00
   5.0000000e+00   2.6230000e+01   1.0600000e+00   0.0000000e+00   1.0000000e+00   0.0000000e+00
   6.0000000e+00  -5.9700000e+00   1.5120000e+01   0.0000000e+00   3.0000000e+00   0.0000000e+00
   7.0000000e+00   7.7500000e+00   1.1160000e+01   0.0000000e+00   3.0000000e+00   0.0000000e+00
   8.0000000e+00   3.4900000e+00   2.6600000e+00   0.0000000e+00   3.0000000e+00   0.0000000e+00
   9.0000000e+00   1.9570000e+01  -1.6830000e+01   0.0000000e+00   0.0000000e+00   0.0000000e+00
   1.0000000e+01   6.8100000e+00  -6.2500000e+00   0.0000000e+00   2.0000000e+00   0.0000000e+00
   1.1000000e+01   8.8000000e-01   1.3140000e+01   0.0000000e+00   3.0000000e+00   0.0000000e+00
   1.2000000e+01  -7.1400000e+00   1.1140000e+01   0.0000000e+00   3.0000000e+00   0.0000000e+00
   1.3000000e+01   7.4500000e+00   3.7500000e+00   0.0000000e+00   2.0000000e+00   0.0000000e+00
   1.4000000e+01   5.4700000e+00   3.2000000e+00   0.0000000e+00   3.0000000e+00   0.0000000e+00
   1.5000000e+01  -8.3000000e-01   2.0120000e+01   0.0000000e+00   3.0000000e+00   0.0000000e+00
   1.6000000e+01  -1.2860000e+01   1.7100000e+01   0.0000000e+00   3.0000000e+00   0.0000000e+00
   1.7000000e+01   1.0100000e+01  -1.8290000e+01   0.0000000e+00   3.0000000e+00   0.0000000e+00
   1.8000000e+01   2.1740000e+01   7.0000000e+00   0.0000000e+00   3.0000000e+00   0.0000000e+00
   1.9000000e+01   1.1700000e+00   2.0610000e+01   0.0000000e+00   3.0000000e+00   0.0000000e+00
   2.0000000e+01   2.1700000e+00  -2.6900000e+00   0.0000000e+00   2.0000000e+00   0.0000000e+00
   2.1000000e+01   2.1130000e+01   1.2280000e+01   0.0000000e+00   0.0000000e+00   0.0000000e+00
   2.2000000e+01   5.9000000e-01   5.6900000e+00   0.0000000e+00   3.0000000e+00   0.0000000e+00
   2.3000000e+01   1.6520000e+01  -2.6300000e+00   0.0000000e+00   3.0000000e+00   0.0000000e+00
   2.4000000e+01  -1.0300000e+01   6.6700000e+00   0.0000000e+00   3.0000000e+00   0.0000000e+00
   2.5000000e+01   6.0500000e+00  -1.9300000e+01   0.0000000e+00   2.0000000e+00   0.0000000e+00
   2.6000000e+01  -1.9990000e+01   2.7100000e+00   0.0000000e+00   3.0000000e+00   0.0000000e+00
   2.7000000e+01   1.6940000e+01   1.6820000e+01   0.0000000e+00   3.0000000e+00   0.0000000e+00
   2.8000000e+01   3.2600000e+00  -9.3500000e+00   0.0000000e+00   3.0000000e+00   0.0000000e+00
   2.9000000e+01  -4.2800000e+00   2.1140000e+01   0.0000000e+00   3.0000000e+00   0.0000000e+00
   3.0000000e+01   1.7980000e+01  -1.5500000e+01   0.0000000e+00   3.0000000e+00   0.0000000e+00
   3.1000000e+01   1.7460000e+01  -8.0300000e+00   0.0000000e+00   3.0000000e+00   0.0000000e+00
   3.2000000e+01  -7.0000000e+00  -4.0400000e+00   0.0000000e+00   2.0000000e+00   0.0000000e+00
   3.3000000e+01   2.0700000e+01   8.8000000e-01   0.0000000e+00   3.0000000e+00   0.0000000e+00
   3.4000000e+01  -1.3450000e+01  -1.5890000e+01   0.0000000e+00   3.0000000e+00   0.0000000e+00
   3.5000000e+01   2.4190000e+01  -1.1290000e+01   0.0000000e+00   1.0000000e+00   0.0000000e+00
   3.6000000e+01   7.8100000e+00  -1.5000000e-01   0.0000000e+00   2.0000000e+00   0.0000000e+00
   3.7000000e+01  -4.9300000e+00  -2.0100000e+01   0.0000000e+00   3.0000000e+00   0.0000000e+00
   3.8000000e+01  -3.6900000e+00   1.0150000e+01   0.0000000e+00   3.0000000e+00   0.0000000e+00
   3.9000000e+01  -3.4700000e+00  -9.8000000e-01   0.0000000e+00   2.0000000e+00   0.0000000e+00
   4.0000000e+01   1.1340000e+01  -2.1660000e+01   0.0000000e+00   0.0000000e+00   0.0000000e+00
   4.1000000e+01  -1.8510000e+01   4.1400000e+00   0.0000000e+00   3.0000000e+00   0.0000000e+00
   4.2000000e+01   3.7000000e-01  -1.2280000e+01   0.0000000e+00   3.0000000e+00   0.0000000e+00
   4.3000000e+01  -1.6020000e+01   1.5800000e+00   0.0000000e+00   3.0000000e+00   0.0000000e+00
   4.4000000e+01  -7.4500000e+00  -1.7550000e+01   0.0000000e+00   3.0000000e+00   0.0000000e+00
   4.5000000e+01  -1.0900000e+01  -1.8450000e+01   0.0000000e+00   3.0000000e+00   0.0000000e+00
   4.6000000e+01   7.1200000e+00  -4.2100000e+00   0.0000000e+00   2.0000000e+00   0.0000000e+00
   4.7000000e+01  -2.8400000e+00   1.9610000e+01   0.0000000e+00   3.0000000e+00   0.0000000e+00
   4.8000000e+01  -9.9800000e+00  -1.4990000e+01   0.0000000e+00   3.0000000e+00   0.0000000e+00
   4.9000000e+01   2.5530000e+01  -3.0400000e+00   0.0000000e+00   3.0000000e+00   0.0000000e+00
   5.0000000e+01   1.4700000e+00   2.1800000e+00   0.0000000e+00   3.0000000e+00   0.0000000e+00
   5.1000000e+01   2.1400000e+01   4.9800000e+00   0.0000000e+00   3.0000000e+00   0.0000000e+00
   5.2000000e+01   2.1770000e+01   1.4260000e+01   0.0000000e+00   1.0000000e+00   0.0000000e+00
   5.3000000e+01   5.5000000e-01  -1.9730000e+01   0.0000000e+00   3.0000000e+00   0.0000000e+00
   5.4000000e+01   1.8780000e+01  -2.0960000e+01   0.0000000e+00   1.0000000e+00   0.0000000e+00
   5.5000000e+01   1.8100000e+00  -1.0810000e+01   0.0000000e+00   3.0000000e+00   0.0000000e+00
   5.6000000e+01  -1.8870000e+01   1.5620000e+01   0.0000000e+00   3.0000000e+00   0.0000000e+00
   5.7000000e+01   1.0720000e+01  -4.8100000e+00   0.0000000e+00   3.0000000e+00   0.0000000e+00
   5.8000000e+01   2.2590000e+01  -9.9300000e+00   0.0000000e+00   0.0000000e+00   0.0000000e+00
   5.9000000e+01  -1.7490000e+01   1.4000000e-01   0.0000000e+00   3.0000000e+00   0.0000000e+00
   6.0000000e+01   1.1270000e+01   2.3040000e+01   0.0000000e+00   0.0000000e+00   0.0000000e+00
   6.1000000e+01  -2.7100000e+00  -7.6900000e+00   0.0000000e+00   3.0000000e+00   0.0000000e+00
   6.2000000e+01  -1.1000000e+00   2.5580000e+01   0.0000000e+00   1.0000000e+00   0.0000000e+00
   6.3000000e+01  -2.6930000e+01   1.1000000e+00   0.0000000e+00   1.0000000e+00   0.0000000e+00
   6.4000000e+01   2.0400000e+00   4.1900000e+00   0.0000000e+00   3.0000000e+00   0.0000000e+00
   6.5000000e+01   4.9000000e+00  -1.5340000e+01   0.0000000e+00   2.0000000e+00   0.0000000e+00
   6.6000000e+01   9.7300000e+00  -1.0930000e+01   0.0000000e+00   3.0000000e+00   0.0000000e+00
   6.7000000e+01   1.0110000e+01   4.1600000e+00   0.0000000e+00   2.0000000e+00   0.0000000e+00
   6.8000000e+01  -1.6460000e+01  -1.1320000e+01   0.0000000e+00   3.0000000e+00   0.0000000e+00
   6.9000000e+01   8.5100000e+00  -1.6980000e+01   0.0000000e+00   2.0000000e+00   0.0000000e+00
   7.0000000e+01  -5.9800000e+00  -1.6090000e+01   0.0000000e+00   3.0000000e+00   0.0000000e+00
   7.1000000e+01  -1.8430000e+01  -1.8230000e+01   0.0000000e+00   0.0000000e+00   0.0000000e+00
   7.2000000e+01   4.5800000e+00  -7.7700000e+00   0.0000000e+00   2.0000000e+00   0.0000000e+00
   7.3000000e+01   1.9720000e+01  -5.2400000e+00   0.0000000e+00   3.0000000e+00   0.0000000e+00
   7.4000000e+01  -1.1980000e+01   5.6000000e-01   0.0000000e+00   2.0000000e+00   0.0000000e+00
   7.5000000e+01  -1.0540000e+01  -5.5200000e+00   0.0000000e+00   3.0000000e+00   0.0000000e+00
   7.6000000e+01  -4.8400000e+00   1.9110000e+01   0.0000000e+00   3.0000000e+00   0.0000000e+00
   7.7000000e+01  -2.2080000e+01   1.1130000e+01   0.0000000e+00   0.0000000e+00   0.0000000e+00
   7.8000000e+01   4.5400000e+00  -2.0800000e+01   0.0000000e+00   3.0000000e+00   0.0000000e+00
   7.9000000e+01  -5.7000000e+00   9.6600000e+00   0.0000000e+00   3.0000000e+00   0.0000000e+00
   8.0000000e+01  -3.4700000e+00  -1.8650000e+01   0.0000000e+00   3.0000000e+00   0.0000000e+00
   8.1000000e+01   5.1800000e+00   8.6900000e+00   0.0000000e+00   3.0000000e+00   0.0000000e+00
   8.2000000e+01  -2.5980000e+01  -2.9800000e+00   0.0000000e+00   3.0000000e+00   0.0000000e+00
   8.3000000e+01  -1.1430000e+01   1.5610000e+01   0.0000000e+00   3.0000000e+00   0.0000000e+00
   8.4000000e+01   1.1600000e+00   7.6700000e+00   0.0000000e+00   3.0000000e+00   0.0000000e+00
   8.5000000e+01   1.5860000e+01  -6.7200000e+00   0.0000000e+00   3.0000000e+00   0.0000000e+00
   8.6000000e+01   2.8800000e+00   1.3650000e+01   0.0000000e+00   3.0000000e+00   0.0000000e+00
   8.7000000e+01   2.3710000e+01   7.7000000e+00   0.0000000e+00   0.0000000e+00   0.0000000e+00
   8.8000000e+01   1.5510000e+01  -8.7700000e+00   0.0000000e+00   3.0000000e+00   0.0000000e+00
   8.9000000e+01   1.4260000e+01  -5.4100000e+00   0.0000000e+00   3.0000000e+00   0.0000000e+00
   9.0000000e+01   5.7700000e+00   2.3580000e+01   0.0000000e+00   0.0000000e+00   0.0000000e+00
   9.1000000e+01   4.3300000e+00  -1.3350000e+01   0.0000000e+00   2.0000000e+00   0.0000000e+00
   9.2000000e+01  -1.1260000e+01  -2.4030000e+01   0.0000000e+00   1.0000000e+00   0.0000000e+00
   9.3000000e+01  -7.7100000e+00   2.2150000e+01   0.0000000e+00   3.0000000e+00   0.0000000e+00
   9.4000000e+01   1.4080000e+01  -1.6950000e+01   0.0000000e+00   3.0000000e+00   0.0000000e+00
   9.5000000e+01  -1.7420000e+01  -1.4770000e+01   0.0000000e+00   3.0000000e+00   0.0000000e+00
   9.6000000e+01  -6.4100000e+00  -2.1550000e+01   0.0000000e+00   3.0000000e+00   0.0000000e+00
   9.7000000e+01  -5.4100000e+00  -1.8200000e+00   0.0000000e+00   2.0000000e+00   0.0000000e+00
   9.8000000e+01   8.0500000e+00   5.7100000e+00   0.0000000e+00   2.0000000e+00   0.0000000e+00
   9.9000000e+01   1.9050000e+01   1.1760000e+01   0.0000000e+00   3.0000000e+00   0.0000000e+00
   1.0000000e+02  -7.1000000e-01  -8.2000000e+00   0.0000000e+00   3.0000000e+00   0.0000000e+00
   1.0100000e+02   7.2400000e+00  -1.3640000e+01   0.0000000e+00   2.0000000e+00   0.0000000e+00
   1.0200000e+02  -1.4550000e+01   3.0400000e+00   0.0000000e+00   2.0000000e+00   0.0000000e+00
   1.0300000e+02  -2.3940000e+01   3.9500000e+00   0.0000000e+00   0.0000000e+00   0.0000000e+00
   1.0400000e+02  -7.4500000e+00   3.6800000e+00   0.0000000e+00   3.0000000e+00   0.0000000e+00
   1.0500000e+02   1.1310000e+01  -1.2240000e+01   0.0000000e+00   3.0000000e+00   0.0000000e+00
   1.0600000e+02   1.9710000e+01   1.3780000e+01   0.0000000e+00   0.0000000e+00   0.0000000e+00
   1.0700000e+02  -1.0850000e+01   4.6700000e+00   0.0000000e+00   3.0000000e+00   0.0000000e+00
   1.0800000e+02  -1.7940000e+01  -1.2790000e+01   0.0000000e+00   3.0000000e+00   0.0000000e+00
   1.0900000e+02  -1.0390000e+01  -2.0460000e+01   0.0000000e+00   3.0000000e+00   0.0000000e+00
   1.1000000e+02  -9.7100000e+00   2.1610000e+01   0.0000000e+00   3.0000000e+00   0.0000000e+00
   1.1100000e+02   3.7200000e+00   2.3100000e+01   0.0000000e+00   3.0000000e+00   0.0000000e+00
   1.1200000e+02  -9.0400000e+00  -1.1540000e+01   0.0000000e+00   3.0000000e+00   0.0000000e+00
   1.1300000e+02  -1.9010000e+01   6.1300000e+00   0.0000000e+00   2.0000000e+00   0.0000000e+00
   1.1400000e+02   1.5240000e+01   7.5000000e-01   0.0000000e+00   3.0000000e+00   0.0000000e+00
   1.1500000e+02   1.9090000e+01   2.2100000e+00   0.0000000e+00   3.0000000e+00   0.0000000e+00
   1.1600000e+02   3.1000000e-01   2.4070000e+01   0.0000000e+00   0.0000000e+00   0.0000000e+00
   1.1700000e+02  -1.6000000e+00  -1.1700000e+01   0.0000000e+00   3.0000000e+00   0.0000000e+00
   1.1800000e+02  -9.0700000e+00  -4.0900000e+00   0.0000000e+00   2.0000000e+00   0.0000000e+00
   1.1900000e+02   2.1870000e+01  -1.4040000e+01   0.0000000e+00   3.0000000e+00   0.0000000e+00
   1.2000000e+02  -8.8300000e+00   1.8080000e+01   0.0000000e+00   3.0000000e+00   0.0000000e+00
   1.2100000e+02   4.6100000e+00   6.7000000e+00   0.0000000e+00   3.0000000e+00   0.0000000e+00
   1.2200000e+02   2.5360000e+01   6.3900000e+00   0.0000000e+00   1.0000000e+00   0.0000000e+00
   1.2300000e+02  -5.3400000e+00  -2.5590000e+01   0.0000000e+00   1.0000000e+00   0.0000000e+00
   1.2400000e+02  -1.7780000e+01   1.9660000e+01   0.0000000e+00   0.0000000e+00   0.0000000e+00
   1.2500000e+02  -1.4390000e+01  -1.9330000e+01   0.0000000e+00   3.0000000e+00   0.0000000e+00
   1.2600000e+02   3.8400000e+00  -1.4100000e+00   0.0000000e+00   2.0000000e+00   0.0000000e+00
   1.2700000e+02  -3.6400000e+00  -3.0500000e+00   0.0000000e+00   2.0000000e+00   0.0000000e+00
   1.2800000e+02   1.3250000e+01  -1.1510000e+01   0.0000000e+00   3.0000000e+00   0.0000000e+00
   1.2900000e+02  -1.4860000e+01   1.6600000e+01   0.0000000e+00   3.0000000e+00   0.0000000e+00
   1.3000000e+02  -1.4480000e+01  -1.1890000e+01   0.0000000e+00   3.0000000e+00   0.0000000e+00
   1.3100000e+02   1.1470000e+01   1.7600000e+01   0.0000000e+00   3.0000000e+00   0.0000000e+00
   1.3200000e+02   1.4800000e+01   2.1960000e+01   0.0000000e+00   0.0000000e+00   0.0000000e+00
   1.3300000e+02   1.6320000e+01   1.4830000e+01   0.0000000e+00   3.0000000e+00   0.0000000e+00
   1.3400000e+02  -1.0570000e+01   1.2120000e+01   0.0000000e+00   3.0000000e+00   0.0000000e+00
   1.3500000e+02  -2.2940000e+01  -1.5060000e+01   0.0000000e+00   1.0000000e+00   0.0000000e+00
   1.3600000e+02   1.7700000e+01   1.3310000e+01   0.0000000e+00   3.0000000e+00   0.0000000e+00
   1.3700000e+02   7.7800000e+00   2.4080000e+01   0.0000000e+00   0.0000000e+00   0.0000000e+00
   1.3800000e+02   1.0280000e+01  -2.3420000e+01   0.0000000e+00   1.0000000e+00   0.0000000e+00
   1.3900000e+02  -2.5400000e+00   1.4150000e+01   0.0000000e+00   3.0000000e+00   0.0000000e+00
   1.4000000e+02  -1.3720000e+01   2.0560000e+01   0.0000000e+00   0.0000000e+00   0.0000000e+00
   1.4100000e+02   1.1660000e+01  -1.9630000e+01   0.0000000e+00   3.0000000e+00   0.0000000e+00
   1.4200000e+02   1.1190000e+01   1.0170000e+01   0.0000000e+00   2.0000000e+00   0.0000000e+00
   1.4300000e+02   1.8700000e+01  -1.1390000e+01   0.0000000e+00   3.0000000e+00   0.0000000e+00
   1.4400000e+02  -8.5000000e-01   7.1700000e+00   0.0000000e+00   3.0000000e+00   0.0000000e+00
   1.4500000e+02   2.1000000e-01  -3.8300000e+00   0.0000000e+00   2.0000000e+00   0.0000000e+00
   1.4600000e+02   3.5900000e+00  -2.4240000e+01   0.0000000e+00   0.0000000e+00   0.0000000e+00
   1.4700000e+02  -2.0910000e+01  -1.5670000e+01   0.0000000e+00   0.0000000e+00   0.0000000e+00
   1.4800000e+02   1.4190000e+01   6.1800000e+00   0.0000000e+00   3.0000000e+00   0.0000000e+00
   1.4900000e+02  -1.9950000e+01  -1.2200000e+01   0.0000000e+00   3.0000000e+00   0.0000000e+00
   1.5000000e+02  -9.5600000e+00  -9.5500000e+00   0.0000000e+00   3.0000000e+00   0.0000000e+00
   1.5100000e+02   1.3620000e+01  -1.8960000e+01   0.0000000e+00   3.0000000e+00   0.0000000e+00
   1.5200000e+02   1.0640000e+01   2.1050000e+01   0.0000000e+00   3.0000000e+00   0.0000000e+00
   1.5300000e+02  -2.0630000e+01   9.6700000e+00   0.0000000e+00   2.0000000e+00   0.0000000e+00
   1.5400000e+02   1.9920000e+01  -1.4780000e+01   0.0000000e+00   3.0000000e+00   0.0000000e+00
   1.5500000e+02   9.1900000e+00   9.6700000e+00   0.0000000e+00   3.0000000e+00   0.0000000e+00
   1.5600000e+02   3.4500000e+00   1.5630000e+01   0.0000000e+00   3.0000000e+00   0.0000000e+00
   1.5700000e+02   1.0300000e+01   1.3630000e+01   0.0000000e+00   3.0000000e+00   0.0000000e+00
   1.5800000e+02   1.0400000e+00  -2.1740000e+01   0.0000000e+00   3.0000000e+00   0.0000000e+00
   1.5900000e+02  -5.5000000e-01   1.4650000e+01   0.0000000e+00   3.0000000e+00   0.0000000e+00
   1.6000000e+02   1.8180000e+01   7.6300000e+00   0.0000000e+00   3.0000000e+00   0.0000000e+00
   1.6100000e+02   1.5180000e+01  -1.0800000e+01   0.0000000e+00   3.0000000e+00   0.0000000e+00
   1.6200000e+02  -1.2900000e+01  -1.7900000e+01   0.0000000e+00   3.0000000e+00   0.0000000e+00
   1.6300000e+02   6.6200000e+00   2.0110000e+01   0.0000000e+00   3.0000000e+00   0.0000000e+00
   1.6400000e+02   1.0450000e+01  -1.6260000e+01   0.0000000e+00   3.0000000e+00   0.0000000e+00
   1.6500000e+02  -4.0000000e+00  -1.6630000e+01   0.0000000e+00   3.0000000e+00   0.0000000e+00
   1.6600000e+02  -4.5800000e+00   7.3000000e-01   0.0000000e+00   2.0000000e+00   0.0000000e+00
   1.6700000e+02  -5.4000000e+00   1.7120000e+01   0.0000000e+00   3.0000000e+00   0.0000000e+00
   1.6800000e+02   6.3400000e+00   2.5560000e+01   0.0000000e+00   1.0000000e+00   0.0000000e+00
   1.6900000e+02  -1.6000000e-01  -1.0230000e+01   0.0000000e+00   3.0000000e+00   0.0000000e+00
   1.7000000e+02  -1.5290000e+01  -2.2830000e+01   0.0000000e+00   1.0000000e+00   0.0000000e+00
   1.7100000e+02   9.2400000e+00   2.2590000e+01   0.0000000e+00   0.0000000e+00   0.0000000e+00
   1.7200000e+02  -1.5440000e+01   1.4610000e+01   0.0000000e+00   3.0000000e+00   0.0000000e+00
   1.7300000e+02  -1.0020000e+01   1.1800000e+00   0.0000000e+00   2.0000000e+00   0.0000000e+00
   1.7400000e+02  -6.8400000e+00   1.8600000e+01   0.0000000e+00   3.0000000e+00   0.0000000e+00
   1.7500000e+02   2.5500000e+00  -2.0240000e+01   0.0000000e+00   3.0000000e+00   0.0000000e+00
   1.7600000e+02  -1.2310000e+01   6.1900000e+00   0.0000000e+00   2.0000000e+00   0.0000000e+00
   1.7700000e+02  -2.1400000e+00  -9.7000000e+00   0.0000000e+00   3.0000000e+00   0.0000000e+00
   1.7800000e+02  -6.5700000e+00   1.3120000e+01   0.0000000e+00   3.0000000e+00   0.0000000e+00
   1.7900000e+02   9.7800000e+00   5.3000000e-01   0.0000000e+00   2.0000000e+00   0.0000000e+00
   1.8000000e+02   2.4900000e+01  -7.1400000e+00   0.0000000e+00   3.0000000e+00   0.0000000e+00
   1.8100000e+02   1.3390000e+01   2.3480000e+01   0.0000000e+00   1.0000000e+00   0.0000000e+00
   1.8200000e+02  -4.5200000e+00  -1.4630000e+01   0.0000000e+00   3.0000000e+00   0.0000000e+00
   1.8300000e+02  -1.7700000e+00  -2.1900000e+00   0.0000000e+00   2.0000000e+00   0.0000000e+00
   1.8400000e+02   7.5000000e-01  -6.7300000e+00   0.0000000e+00   2.0000000e+00   0.0000000e+00
   1.8500000e+02   5.0500000e+00  -2.2780000e+01   0.0000000e+00   3.0000000e+00   0.0000000e+00
   1.8600000e+02  -8.0900000e+00  -8.0900000e+00   0.0000000e+00   3.0000000e+00   0.0000000e+00
   1.8700000e+02  -2.0440000e+01  -1.7690000e+01   0.0000000e+00   1.0000000e+00   0.0000000e+00
   1.8800000e+02   5.4600000e+00   1.6120000e+01   0.0000000e+00   3.0000000e+00   0.0000000e+00
   1.8900000e+02  -5.4000000e-01   1.7300000e+00   0.0000000e+00   3.0000000e+00   0.0000000e+00
   1.9000000e+02   1.7230000e+01  -1.9620000e+01   0.0000000e+00   0.0000000e+00   0.0000000e+00
   1.9100000e+02   1.2600000e+01   7.4900000e+00   0.0000000e+00   2.0000000e+00   0.0000000e+00
   1.9200000e+02  -1.2700000e+00  -6.2200000e+00   0.0000000e+00   2.0000000e+00   0.0000000e+00
   1.9300000e+02   2.4360000e+01   9.6600000e+00   0.0000000e+00   1.0000000e+00   0.0000000e+00
   1.9400000e+02   9.3800000e+00  -1.2950000e+01   0.0000000e+00   3.0000000e+00   0.0000000e+00
   1.9500000e+02   1.7810000e+01   5.6100000e+00   0.0000000e+00   3.0000000e+00   0.0000000e+00
   1.9600000e+02  -6.9100000e+00  -1.9540000e+01   0.0000000e+00   3.0000000e+00   0.0000000e+00
   1.9700000e+02  -7.9900000e+00   1.7000000e+00   0.0000000e+00   3.0000000e+00   0.0000000e+00
   1.9800000e+02  -1.7450000e+01   1.4120000e+01   0.0000000e+00   3.0000000e+00   0.0000000e+00
   1.9900000e+02  -1.7480000e+01  -7.3200000e+00   0.0000000e+00   3.0000000e+00   0.0000000e+00
   2.0000000e+02   2.2250000e+01  -1.1960000e+01   0.0000000e+00   0.0000000e+00   0.0000000e+00
   2.0100000e+02   2.9500000e+00   6.5000000e-01   0.0000000e+00   2.0000000e+00   0.0000000e+00
   2.0200000e+02  -1.6000000e+01  -5.8400000e+00   0.0000000e+00   3.0000000e+00   0.0000000e+00
   2.0300000e+02  -2.3530000e+01   1.2620000e+01   0.0000000e+00   1.0000000e+00   0.0000000e+00
   2.0400000e+02  -1.8980000e+01  -1.2900000e+00   0.0000000e+00   3.0000000e+00   0.0000000e+00
   2.0500000e+02   2.1650000e+01  -4.4900000e+00   0.0000000e+00   3.0000000e+00   0.0000000e+00
   2.0600000e+02  -1.5860000e+01  -2.0760000e+01   0.0000000e+00   0.0000000e+00   0.0000000e+00
   2.0700000e+02   1.2000000e-01  -2.5190000e+01   0.0000000e+00   0.0000000e+00   0.0000000e+00
   2.0800000e+02  -1.0070000e+01  -7.5400000e+00   0.0000000e+00   3.0000000e+00   0.0000000e+00
   2.0900000e+02  -3.0500000e+00  -1.3160000e+01   0.0000000e+00   3.0000000e+00   0.0000000e+00
   2.1000000e+02   1.6400000e+01  -1.4160000e+01   0.0000000e+00   3.0000000e+00   0.0000000e+00
   2.1100000e+02   2.2950000e+01  -7.8600000e+00   0.0000000e+00   3.0000000e+00   0.0000000e+00
   2.1200000e+02  -2.0960000e+01  -8.2000000e+00   0.0000000e+00   3.0000000e+00   0.0000000e+00
   2.1300000e+02   1.3590000e+01  -9.4800000e+00   0.0000000e+00   3.0000000e+00   0.0000000e+00
   2.1400000e+02  -2.3810000e+01   9.9200000e+00   0.0000000e+00   1.0000000e+00   0.0000000e+00
   2.1500000e+02   9.7100000e+00  -2.0320000e+01   0.0000000e+00   2.0000000e+00   0.0000000e+00
   2.1600000e+02  -7.4600000e+00  -2.0100000e+00   0.0000000e+00   2.0000000e+00   0.0000000e+00
   2.1700000e+02   1.7790000e+01  -5.9900000e+00   0.0000000e+00   3.0000000e+00   0.0000000e+00
   2.1800000e+02  -1.9220000e+01   8.1600000e+00   0.0000000e+00   2.0000000e+00   0.0000000e+00
   2.1900000e+02   1.2970000e+01  -2.0700000e+00   0.0000000e+00   3.0000000e+00   0.0000000e+00
   2.2000000e+02  -8.4100000e+00  -2.1020000e+01   0.0000000e+00   3.0000000e+00   0.0000000e+00
   2.2100000e+02  -6.5100000e+00  -4.0000000e-02   0.0000000e+00   2.0000000e+00   0.0000000e+00
   2.2200000e+02  -1.2580000e+01   1.1610000e+01   0.0000000e+00   3.0000000e+00   0.0000000e+00
   2.2300000e+02  -1.0020000e+01   1.4110000e+01   0.0000000e+00   3.0000000e+00   0.0000000e+00
   2.2400000e+02  -8.5100000e+00  -1.3550000e+01   0.0000000e+00   3.0000000e+00   0.0000000e+00
   2.2500000e+02   1.2530000e+01  -1.5600000e+01   0.0000000e+00   3.0000000e+00   0.0000000e+00
   2.2600000e+02   1.3280000e+01  -2.1010000e+01   0.0000000e+00   3.0000000e+00   0.0000000e+00
   2.2700000e+02   7.0400000e+00  -2.3350000e+01   0.0000000e+00   2.0000000e+00   0.0000000e+00
   2.2800000e+02   1.8940000e+01   1.7280000e+01   0.0000000e+00   0.0000000e+00   0.0000000e+00
   2.2900000e+02  -1.5500000e+01  -7.8700000e+00   0.0000000e+00   3.0000000e+00   0.0000000e+00
   2.3000000e+02  -1.3850000e+01  -2.1340000e+01   0.0000000e+00   0.0000000e+00   0.0000000e+00
   2.3100000e+02   1.0410000e+01  -6.8400000e+00   0.0000000e+00   3.0000000e+00   0.0000000e+00
   2.3200000e+02   1.5720000e+01   1.2740000e+01   0.0000000e+00   2.0000000e+00   0.0000000e+00
   2.3300000e+02  -1.8340000e+01   1.7600000e+01   0.0000000e+00   0.0000000e+00   0.0000000e+00
   2.3400000e+02  -2.2470000e+01  -2.1600000e+00   0.0000000e+00   3.0000000e+00   0.0000000e+00
   2.3500000e+02  -1.8900000e+01  -1.6210000e+01   0.0000000e+00   0.0000000e+00   0.0000000e+00
   2.3600000e+02  -2.0470000e+01  -2.7100000e+00   0.0000000e+00   3.0000000e+00   0.0000000e+00
   2.3700000e+02   1.2690000e+01   2.1530000e+01   0.0000000e+00   0.0000000e+00   0.0000000e+00
   2.3800000e+02  -2.2700000e+00   8.6600000e+00   0.0000000e+00   3.0000000e+00   0.0000000e+00
   2.3900000e+02  -2.4930000e+01   4.3000000e-01   0.0000000e+00   0.0000000e+00   0.0000000e+00
   2.4000000e+02   2.1600000e+00  -2.5720000e+01   0.0000000e+00   1.0000000e+00   0.0000000e+00
   2.4100000e+02   9.2000000e-01  -1.4300000e+01   0.0000000e+00   3.0000000e+00   0.0000000e+00
   2.4200000e+02   1.4110000e+01   2.0010000e+01   0.0000000e+00   3.0000000e+00   0.0000000e+00
   2.4300000e+02  -3.2600000e+00  -5.6900000e+00   0.0000000e+00   2.0000000e+00   0.0000000e+00
   2.4400000e+02   2.9100000e+00  -1.4830000e+01   0.0000000e+00   3.0000000e+00   0.0000000e+00
   2.4500000e+02  -2.0040000e+01   1.1640000e+01   0.0000000e+00   3.0000000e+00   0.0000000e+00
   2.4600000e+02   2.0030000e+01  -3.2100000e+00   0.0000000e+00   3.0000000e+00   0.0000000e+00
   2.4700000e+02   8.8600000e+00  -1.4950000e+01   0.0000000e+00   3.0000000e+00   0.0000000e+00
   2.4800000e+02   4.8800000e+00   1.4140000e+01   0.0000000e+00   3.0000000e+00   0.0000000e+00
   2.4900000e+02  -5.0400000e+00  -1.2630000e+01   0.0000000e+00   3.0000000e+00   0.0000000e+00
   2.5000000e+02  -2.3470000e+01   1.8600000e+00   0.0000000e+00   3.0000000e+00   0.0000000e+00
   2.5100000e+02  -2.4470000e+01  -1.5900000e+00   0.0000000e+00   3.0000000e+00   0.0000000e+00
   2.5200000e+02  -1.2850000e+01   4.1800000e+00   0.0000000e+00   2.0000000e+00   0.0000000e+00
   2.5300000e+02   1.6200000e+01   6.9100000e+00   0.0000000e+00   3.0000000e+00   0.0000000e+00
   2.5400000e+02   2.0200000e+00   1.7120000e+01   0.0000000e+00   3.0000000e+00   0.0000000e+00
   2.5500000e+02  -1.6020000e+01   1.2620000e+01   0.0000000e+00   3.0000000e+00   0.0000000e+00
   2.5600000e+02  -8.5500000e+00  -6.0800000e+00   0.0000000e+00   2.0000000e+00   0.0000000e+00
   2.5700000e+02   1.0040000e+01   1.9090000e+01   0.0000000e+00   3.0000000e+00   0.0000000e+00
   2.5800000e+02   6.5700000e+00  -8.2900000e+00   0.0000000e+00   2.0000000e+00   0.0000000e+00
   2.5900000e+02  -8.2700000e+00   2.0100000e+01   0.0000000e+00   3.0000000e+00   0.0000000e+00
   2.6000000e+02  -1.3000000e+01  -1.0440000e+01   0.0000000e+00   3.0000000e+00   0.0000000e+00
   2.6100000e+02  -2.2970000e+01  -1.4000000e-01   0.0000000e+00   3.0000000e+00   0.0000000e+00
   2.6200000e+02  -2.2280000e+01   8.4500000e+00   0.0000000e+00   0.0000000e+00   0.0000000e+00
   2.6300000e+02   1.2060000e+01  -1.7600000e+01   0.0000000e+00   3.0000000e+00   0.0000000e+00
   2.6400000e+02  -2.1420000e+01  -1.3660000e+01   0.0000000e+00   0.0000000e+00   0.0000000e+00
   2.6500000e+02   1.3810000e+01   1.1980000e+01   0.0000000e+00   2.0000000e+00   0.0000000e+00
   2.6600000e+02  -1.0280000e+01   1.9620000e+01   0.0000000e+00   3.0000000e+00   0.0000000e+00
   2.6700000e+02  -3.9800000e+00   1.5620000e+01   0.0000000e+00   3.0000000e+00   0.0000000e+00
   2.6800000e+02   2.3580000e+01  -3.7600000e+00   0.0000000e+00   3.0000000e+00   0.0000000e+00
   2.6900000e+02  -3.5800000e+00  -1.1170000e+01   0.0000000e+00   3.0000000e+00   0.0000000e+00
   2.7000000e+02   6.0000000e-01   1.8620000e+01   0.0000000e+00   3.0000000e+00   0.0000000e+00
   2.7100000e+02  -1.0700000e+00  -1.3740000e+01   0.0000000e+00   3.0000000e+00   0.0000000e+00
   2.7200000e+02  -2.1480000e+01   1.2700000e+00   0.0000000e+00   3.0000000e+00   0.0000000e+00
   2.7300000e+02  -8.0000000e+00   1.4610000e+01   0.0000000e+00   3.0000000e+00   0.0000000e+00
   2.7400000e+02  -1.4020000e+01   1.3110000e+01   0.0000000e+00   3.0000000e+00   0.0000000e+00
   2.7500000e+02  -5.4200000e+00   4.2100000e+00   0.0000000e+00   3.0000000e+00   0.0000000e+00
   2.7600000e+02   3.8000000e+00  -1.1330000e+01   0.0000000e+00   3.0000000e+00   0.0000000e+00
   2.7700000e+02  -1.8600000e+00  -2.4640000e+01   0.0000000e+00   3.0000000e+00   0.0000000e+00
   2.7800000e+02  -2.1940000e+01  -4.1600000e+00   0.0000000e+00   3.0000000e+00   0.0000000e+00
   2.7900000e+02  -6.1200000e+00  -8.6400000e+00   0.0000000e+00   3.0000000e+00   0.0000000e+00
   2.8000000e+02  -2.0330000e+01   1.7080000e+01   0.0000000e+00   0.0000000e+00   0.0000000e+00
   2.8100000e+02  -1.4030000e+01  -6.4200000e+00   0.0000000e+00   3.0000000e+00   0.0000000e+00
   2.8200000e+02   7.2000000e+00   2.2100000e+01   0.0000000e+00   3.0000000e+00   0.0000000e+00
   2.8300000e+02  -1.4730000e+01   5.2700000e+00   0.0000000e+00   2.0000000e+00   0.0000000e+00
   2.8400000e+02  -3.7200000e+00   2.3140000e+01   0.0000000e+00   3.0000000e+00   0.0000000e+00
   2.8500000e+02   1.9790000e+01   6.2600000e+00   0.0000000e+00   3.0000000e+00   0.0000000e+00
   2.8600000e+02  -1.2270000e+01   1.9090000e+01   0.0000000e+00   3.0000000e+00   0.0000000e+00
   2.8700000e+02   2.1320000e+01  -6.5300000e+00   0.0000000e+00   3.0000000e+00   0.0000000e+00
   2.8800000e+02   1.1010000e+01  -2.7700000e+00   0.0000000e+00   3.0000000e+00   0.0000000e+00
   2.8900000e+02  -2.0930000e+01   6.8800000e+00   0.0000000e+00   2.0000000e+00   0.0000000e+00
   2.9000000e+02  -3.8700000e+00  -2.4140000e+01   0.0000000e+00   0.0000000e+00   0.0000000e+00
   2.9100000e+02   2.3250000e+01  -5.8200000e+00   0.0000000e+00   3.0000000e+00   0.0000000e+00
   2.9200000e+02   1.6580000e+01   8.9300000e+00   0.0000000e+00   3.0000000e+00   0.0000000e+00
   2.9300000e+02   2.3920000e+01  -1.7300000e+00   0.0000000e+00   3.0000000e+00   0.0000000e+00
   2.9400000e+02   1.3320000e+01   0.0000000e+00   0.0000000e+00   3.0000000e+00   0.0000000e+00
   2.9500000e+02   2.2310000e+01  -4.3000000e-01   0.0000000e+00   3.0000000e+00   0.0000000e+00
   2.9600000e+02  -4.8500000e+00   6.1900000e+00   0.0000000e+00   3.0000000e+00   0.0000000e+00
   2.9700000e+02  -1.6610000e+01   1.0630000e+01   0.0000000e+00   3.0000000e+00   0.0000000e+00
   2.9800000e+02  -1.1020000e+01  -1.0990000e+01   0.0000000e+00   3.0000000e+00   0.0000000e+00
   2.9900000e+02  -1.8010000e+01   2.1300000e+00   0.0000000e+00   3.0000000e+00   0.0000000e+00
   3.0000000e+02   1.7300000e+00   9.6500000e+00   0.0000000e+00   3.0000000e+00   0.0000000e+00
   3.0100000e+02  -7.5800000e+00  -1.0090000e+01   0.0000000e+00   3.0000000e+00   0.0000000e+00
   3.0200000e+02   8.6200000e+00   7.6900000e+00   0.0000000e+00   3.0000000e+00   0.0000000e+00
   3.0300000e+02   1.7480000e+01   3.5700000e+00   0.0000000e+00   3.0000000e+00   0.0000000e+00
   3.0400000e+02  -4.1300000e+00  -9.1700000e+00   0.0000000e+00   3.0000000e+00   0.0000000e+00
   3.0500000e+02   8.8100000e+00  -5.5500000e+00   0.0000000e+00   3.0000000e+00   0.0000000e+00
   3.0600000e+02  -1.8480000e+01  -1.0760000e+01   0.0000000e+00   3.0000000e+00   0.0000000e+00
   3.0700000e+02   1.2900000e+00  -8.7500000e+00   0.0000000e+00   2.0000000e+00   0.0000000e+00
   3.0800000e+02  -8.3000000e+00   7.1700000e+00   0.0000000e+00   3.0000000e+00   0.0000000e+00
   3.0900000e+02   1.0070000e+01   6.2200000e+00   0.0000000e+00   2.0000000e+00   0.0000000e+00
   3.1000000e+02   6.0200000e+00   1.8100000e+01   0.0000000e+00   3.0000000e+00   0.0000000e+00
   3.1100000e+02   1.2670000e+01  -4.0900000e+00   0.0000000e+00   3.0000000e+00   0.0000000e+00
   3.1200000e+02  -2.6000000e-01   9.1500000e+00   0.0000000e+00   3.0000000e+00   0.0000000e+00
   3.1300000e+02   1.2300000e+01   1.4120000e+01   0.0000000e+00   2.0000000e+00   0.0000000e+00
   3.1400000e+02  -1.6910000e+01  -1.6770000e+01   0.0000000e+00   3.0000000e+00   0.0000000e+00
   3.1500000e+02   4.8300000e+00  -5.7100000e+00   0.0000000e+00   2.0000000e+00   0.0000000e+00
   3.1600000e+02  -1.3510000e+01  -8.4200000e+00   0.0000000e+00   3.0000000e+00   0.0000000e+00
   3.1700000e+02   1.5200000e+01  -2.0300000e+01   0.0000000e+00   0.0000000e+00   0.0000000e+00
   3.1800000e+02   9.0700000e+00  -3.5000000e+00   0.0000000e+00   3.0000000e+00   0.0000000e+00
   3.1900000e+02   1.1400000e+01  -7.5000000e-01   0.0000000e+00   3.0000000e+00   0.0000000e+00
   3.2000000e+02  -2.0900000e+01   1.5100000e+01   0.0000000e+00   3.0000000e+00   0.0000000e+00
   3.2100000e+02  -1.6860000e+01   1.6120000e+01   0.0000000e+00   3.0000000e+00   0.0000000e+00
   3.2200000e+02  -9.5000000e-01  -2.1200000e+01   0.0000000e+00   3.0000000e+00   0.0000000e+00
   3.2300000e+02   1.8550000e+01   9.6600000e+00   0.0000000e+00   3.0000000e+00   0.0000000e+00
   3.2400000e+02   4.6200000e+00   1.9630000e+01   0.0000000e+00   3.0000000e+00   0.0000000e+00
   3.2500000e+02   8.1000000e+00  -1.9010000e+01   0.0000000e+00   2.0000000e+00   0.0000000e+00
   3.2600000e+02  -9.8800000e+00  -2.2490000e+01   0.0000000e+00   0.0000000e+00   0.0000000e+00
   3.2700000e+02  -2.1460000e+01  -6.1700000e+00   0.0000000e+00   3.0000000e+00   0.0000000e+00
   3.2800000e+02  -1.8980000e+01  -8.7700000e+00   0.0000000e+00   3.0000000e+00   0.0000000e+00
   3.2900000e+02  -6.5100000e+00  -1.4090000e+01   0.0000000e+00   3.0000000e+00   0.0000000e+00
   3.3000000e+02  -5.8800000e+00  -2.3590000e+01   0.0000000e+00   0.0000000e+00   0.0000000e+00
   3.3100000e+02  -1.3040000e+01  -2.9600000e+00   0.0000000e+00   3.0000000e+00   0.0000000e+00
   3.3200000e+02  -1.3740000e+01   7.6700000e+00   0.0000000e+00   2.0000000e+00   0.0000000e+00
   3.3300000e+02   1.8120000e+01  -3.9400000e+00   0.0000000e+00   3.0000000e+00   0.0000000e+00
   3.3400000e+02  -7.9800000e+00  -1.5550000e+01   0.0000000e+00   3.0000000e+00   0.0000000e+00
   3.3500000e+02  -2.0100000e+00  -1.7200000e+01   0.0000000e+00   3.0000000e+00   0.0000000e+00
   3.3600000e+02   8.3100000e+00   1.3140000e+01   0.0000000e+00   3.0000000e+00   0.0000000e+00
   3.3700000e+02   1.8360000e+01  -1.3440000e+01   0.0000000e+00   3.0000000e+00   0.0000000e+00
   3.3800000e+02   1.7070000e+01   1.1130000e+01   0.0000000e+00   2.0000000e+00   0.0000000e+00
   3.3900000e+02   1.4350000e+01   1.4270000e+01   0.0000000e+00   2.0000000e+00   0.0000000e+00
   3.4000000e+02  -6.8600000e+00   5.6800000e+00   0.0000000e+00   3.0000000e+00   0.0000000e+00
   3.4100000e+02  -1.9800000e+00   3.1900000e+00   0.0000000e+00   3.0000000e+00   0.0000000e+00
   3.4200000e+02  -1.6900000e+00   1.0650000e+01   0.0000000e+00   3.0000000e+00   0.0000000e+00
   3.4300000e+02  -6.0000000e+00   2.2300000e+00   0.0000000e+00   3.0000000e+00   0.0000000e+00
   3.4400000e+02  -1.8030000e+01   1.2140000e+01   0.0000000e+00   3.0000000e+00   0.0000000e+00
   3.4500000e+02  -2.2940000e+01  -7.5900000e+00   0.0000000e+00   3.0000000e+00   0.0000000e+00
   3.4600000e+02   2.6000000e+00   6.1800000e+00   0.0000000e+00   3.0000000e+00   0.0000000e+00
   3.4700000e+02  -1.6540000e+01   3.5700000e+00   0.0000000e+00   3.0000000e+00   0.0000000e+00
   3.4800000e+02   1.4400000e+00  -1.6290000e+01   0.0000000e+00   3.0000000e+00   0.0000000e+00
   3.4900000e+02  -2.0990000e+01  -7.2000000e-01   0.0000000e+00   3.0000000e+00   0.0000000e+00
   3.5000000e+02  -1.5440000e+01  -1.5330000e+01   0.0000000e+00   3.0000000e+00   0.0000000e+00
   3.5100000e+02  -1.5500000e+01  -4.2000000e-01   0.0000000e+00   3.0000000e+00   0.0000000e+00
   3.5200000e+02   2.1030000e+01   2.9500000e+00   0.0000000e+00   3.0000000e+00   0.0000000e+00
   3.5300000e+02   2.3500000e+00  -1.2800000e+01   0.0000000e+00   3.0000000e+00   0.0000000e+00
   3.5400000e+02   9.7500000e+00   1.1670000e+01   0.0000000e+00   3.0000000e+00   0.0000000e+00
   3.5500000e+02   8.6400000e+00  -2.4700000e+01   0.0000000e+00   0.0000000e+00   0.0000000e+00
   3.5600000e+02  -2.5300000e+00  -1.5170000e+01   0.0000000e+00   3.0000000e+00   0.0000000e+00
   3.5700000e+02   8.6300000e+00   2.0590000e+01   0.0000000e+00   3.0000000e+00   0.0000000e+00
   3.5800000e+02   1.7150000e+01   1.5100000e+00   0.0000000e+00   3.0000000e+00   0.0000000e+00
   3.5900000e+02  -4.4100000e+00  -2.2090000e+01   0.0000000e+00   3.0000000e+00   0.0000000e+00
   3.6000000e+02  -1.8200000e+00  -4.2400000e+00   0.0000000e+00   2.0000000e+00   0.0000000e+00
   3.6100000e+02  -8.8700000e+00   5.1800000e+00   0.0000000e+00   3.0000000e+00   0.0000000e+00
   3.6200000e+02  -1.5720000e+01   2.0100000e+01   0.0000000e+00   0.0000000e+00   0.0000000e+00
   3.6300000e+02  -7.0300000e+00  -1.2100000e+01   0.0000000e+00   3.0000000e+00   0.0000000e+00
   3.6400000e+02  -1.5950000e+01  -1.3320000e+01   0.0000000e+00   3.0000000e+00   0.0000000e+00
   3.6500000e+02   1.5140000e+01   1.0410000e+01   0.0000000e+00   2.0000000e+00   0.0000000e+00
   3.6600000e+02  -1.3990000e+01   1.0400000e+00   0.0000000e+00   2.0000000e+00   0.0000000e+00
   3.6700000e+02  -2.1990000e+01   3.2800000e+00   0.0000000e+00   3.0000000e+00   0.0000000e+00
   3.6800000e+02   1.4930000e+01   1.6350000e+01   0.0000000e+00   3.0000000e+00   0.0000000e+00
   3.6900000e+02  -1.7880000e+01  -2.0240000e+01   0.0000000e+00   1.0000000e+00   0.0000000e+00
   3.7000000e+02   7.1800000e+00   9.1700000e+00   0.0000000e+00   3.0000000e+00   0.0000000e+00
   3.7100000e+02   1.6760000e+01  -2.1640000e+01   0.0000000e+00   1.0000000e+00   0.0000000e+00
   3.7200000e+02  -1.4000000e+00   1.8130000e+01   0.0000000e+00   3.0000000e+00   0.0000000e+00
   3.7300000e+02  -3.1300000e+00   1.2140000e+01   0.0000000e+00   3.0000000e+00   0.0000000e+00
   3.7400000e+02  -1.4200000e+00   5.2000000e+00   0.0000000e+00   3.0000000e+00   0.0000000e+00
   3.7500000e+02   8.8700000e+00   1.5130000e+01   0.0000000e+00   3.0000000e+00   0.0000000e+00
   3.7600000e+02   2.0980000e+01   1.7700000e+01   0.0000000e+00   1.0000000e+00   0.0000000e+00
   3.7700000e+02  -1.7020000e+01   5.5800000e+00   0.0000000e+00   2.0000000e+00   0.0000000e+00
   3.7800000e+02  -1.3490000e+01  -9.5000000e-01   0.0000000e+00   3.0000000e+00   0.0000000e+00
   3.7900000e+02   1.3500000e+01   1.8040000e+01   0.0000000e+00   3.0000000e+00   0.0000000e+00
   3.8000000e+02   4.0400000e+00   4.6800000e+00   0.0000000e+00   3.0000000e+00   0.0000000e+00
   3.8100000e+02   1.2020000e+01   3.3800000e+00   0.0000000e+00   2.0000000e+00   0.0000000e+00
   3.8200000e+02  -9.1400000e+00   1.0630000e+01   0.0000000e+00   3.0000000e+00   0.0000000e+00
   3.8300000e+02  -1.4920000e+01  -1.7340000e+01   0.0000000e+00   3.0000000e+00   0.0000000e+00
   3.8400000e+02  -2.3960000e+01  -1.1110000e+01   0.0000000e+00   1.0000000e+00   0.0000000e+00
   3.8500000e+02  -1.7100000e+00   2.3620000e+01   0.0000000e+00   0.0000000e+00   0.0000000e+00
   3.8600000e+02  -2.0000000e-02  -1.7750000e+01   0.0000000e+00   3.0000000e+00   0.0000000e+00
   3.8700000e+02   1.4830000e+01  -1.2830000e+01   0.0000000e+00   3.0000000e+00   0.0000000e+00
   3.8800000e+02  -4.7500000e+00  -7.1200000e+00   0.0000000e+00   2.0000000e+00   0.0000000e+00
   3.8900000e+02   1.6150000e+01   2.0360000e+01   0.0000000e+00   3.0000000e+00   0.0000000e+00
   3.9000000e+02   8.6800000e+00  -2.2100000e+01   0.0000000e+00   0.0000000e+00   0.0000000e+00
   3.9100000e+02  -1.9490000e+01   7.0000000e-01   0.0000000e+00   3.0000000e+00   0.0000000e+00
   3.9200000e+02   2.2760000e+01   1.1000000e+01   0.0000000e+00   0.0000000e+00   0.0000000e+00
   3.9300000e+02  -9.4400000e+00   1.6110000e+01   0.0000000e+00   3.0000000e+00   0.0000000e+00
   3.9400000e+02   6.8800000e+00   1.4630000e+01   0.0000000e+00   3.0000000e+00   0.0000000e+00
   3.9500000e+02  -2.6000000e-01   2.2100000e+01   0.0000000e+00   3.0000000e+00   0.0000000e+00
   3.9600000e+02   9.4700000e+00   1.7120000e+01   0.0000000e+00   3.0000000e+00   0.0000000e+00
   3.9700000e+02  -3.1300000e+00   2.5120000e+01   0.0000000e+00   0.0000000e+00   0.0000000e+00
   3.9800000e+02   2.6000000e+00   1.9100000e+01   0.0000000e+00   3.0000000e+00   0.0000000e+00
   3.9900000e+02  -7.7200000e+00   9.1600000e+00   0.0000000e+00   3.0000000e+00   0.0000000e+00
   4.0000000e+02  -1.1000000e+00  -2.5000000e-01   0.0000000e+00   3.0000000e+00   0.0000000e+00
   4.0100000e+02   1.8770000e+01   1.6000000e-01   0.0000000e+00   3.0000000e+00   0.0000000e+00
   4.0200000e+02  -4.5300000e+00   1.3640000e+01   0.0000000e+00   3.0000000e+00   0.0000000e+00
   4.0300000e+02   1.7120000e+01  -1.0080000e+01   0.0000000e+00   3.0000000e+00   0.0000000e+00
   4.0400000e+02   1.9420000e+01   4.2400000e+00   0.0000000e+00   3.0000000e+00   0.0000000e+00
   4.0500000e+02   1.9800000e+00  -4.8900000e+00   0.0000000e+00   2.0000000e+00   0.0000000e+00
   4.0600000e+02   9.0200000e+00   2.4300000e+00   0.0000000e+00   2.0000000e+00   0.0000000e+00
   4.0700000e+02  -1.9970000e+01  -4.7300000e+00   0.0000000e+00   3.0000000e+00   0.0000000e+00
   4.0800000e+02  -2.0530000e+01   4.7300000e+00   0.0000000e+00   3.0000000e+00   0.0000000e+00
   4.0900000e+02   1.9900000e+00  -1.8270000e+01   0.0000000e+00   3.0000000e+00   0.0000000e+00
   4.1000000e+02   1.2900000e+01  -1.3570000e+01   0.0000000e+00   3.0000000e+00   0.0000000e+00
   4.1100000e+02  -7.4100000e+00   1.6580000e+01   0.0000000e+00   3.0000000e+00   0.0000000e+00
   4.1200000e+02   7.8000000e+00  -1.1640000e+01   0.0000000e+00   2.0000000e+00   0.0000000e+00
   4.1300000e+02  -1.1740000e+01   8.1600000e+00   0.0000000e+00   3.0000000e+00   0.0000000e+00
   4.1400000e+02  -1.1440000e+01  -1.6440000e+01   0.0000000e+00   3.0000000e+00   0.0000000e+00
   4.1500000e+02   2.0280000e+01  -1.2720000e+01   0.0000000e+00   3.0000000e+00   0.0000000e+00
   4.1600000e+02   7.1700000e+00  -2.6200000e+01   0.0000000e+00   1.0000000e+00   0.0000000e+00
   4.1700000e+02  -1.6500000e+01  -3.8500000e+00   0.0000000e+00   3.0000000e+00   0.0000000e+00
   4.1800000e+02   6.6100000e+00   7.1900000e+00   0.0000000e+00   3.0000000e+00   0.0000000e+00
   4.1900000e+02  -1.7010000e+01  -1.8600000e+00   0.0000000e+00   3.0000000e+00   0.0000000e+00
   4.2000000e+02   3.1900000e+00   2.1110000e+01   0.0000000e+00   3.0000000e+00   0.0000000e+00
   4.2100000e+02  -1.8490000e+01  -3.2900000e+00   0.0000000e+00   3.0000000e+00   0.0000000e+00
   4.2200000e+02  -4.1000000e-01  -2.3190000e+01   0.0000000e+00   3.0000000e+00   0.0000000e+00
   4.2300000e+02  -1.4980000e+01  -9.8700000e+00   0.0000000e+00   3.0000000e+00   0.0000000e+00
   4.2400000e+02   1.6770000e+01  -1.2130000e+01   0.0000000e+00   3.0000000e+00   0.0000000e+00
   4.2500000e+02   1.1670000e+01   1.3300000e+00   0.0000000e+00   2.0000000e+00   0.0000000e+00
   4.2600000e+02  -1.9470000e+01  -6.7500000e+00   0.0000000e+00   3.0000000e+00   0.0000000e+00
   4.2700000e+02  -1.8620000e+01   1.0150000e+01   0.0000000e+00   3.0000000e+00   0.0000000e+00
   4.2800000e+02   1.0870000e+01   1.5630000e+01   0.0000000e+00   3.0000000e+00   0.0000000e+00
   4.2900000e+02  -1.5020000e+01  -2.4200000e+00   0.0000000e+00   3.0000000e+00   0.0000000e+00
   4.3000000e+02  -1.2050000e+01  -6.9500000e+00   0.0000000e+00   3.0000000e+00   0.0000000e+00
   4.3100000e+02  -2.4940000e+01  -7.0000000e+00   0.0000000e+00   3.0000000e+00   0.0000000e+00
   4.3200000e+02  -1.1730000e+01   2.1100000e+01   0.0000000e+00   0.0000000e+00   0.0000000e+00
   4.3300000e+02   4.9500000e+00   1.1600000e+00   0.0000000e+00   2.0000000e+00   0.0000000e+00
   4.3400000e+02   5.5600000e+00  -2.4860000e+01   0.0000000e+00   0.0000000e+00   0.0000000e+00
   4.3500000e+02  -3.4200000e+00   4.6900000e+00   0.0000000e+00   3.0000000e+00   0.0000000e+00
   4.3600000e+02  -1.2490000e+01  -1.2440000e+01   0.0000000e+00   3.0000000e+00   0.0000000e+00
   4.3700000e+02  -1.4280000e+01   1.8580000e+01   0.0000000e+00   3.0000000e+00   0.0000000e+00
   4.3800000e+02   1.5890000e+01   4.8600000e+00   0.0000000e+00   3.0000000e+00   0.0000000e+00
   4.3900000e+02   4.3000000e+00   2.5100000e+01   0.0000000e+00   0.0000000e+00   0.0000000e+00
   4.4000000e+02   2.4570000e+01   2.3400000e+00   0.0000000e+00   0.0000000e+00   0.0000000e+00
   4.4100000e+02   1.6830000e+01  -5.5000000e-01   0.0000000e+00   3.0000000e+00   0.0000000e+00
   4.4200000e+02  -1.1960000e+01  -1.4440000e+01   0.0000000e+00   3.0000000e+00   0.0000000e+00
   4.4300000e+02   8.4900000e+00  -7.5700000e+00   0.0000000e+00   3.0000000e+00   0.0000000e+00
   4.4400000e+02   1.3930000e+01  -7.4400000e+00   0.0000000e+00   3.0000000e+00   0.0000000e+00
   4.4500000e+02   1.2340000e+01  -6.1400000e+00   0.0000000e+00   3.0000000e+00   0.0000000e+00
   4.4600000e+02   1.8430000e+01  -1.8700000e+00   0.0000000e+00   3.0000000e+00   0.0000000e+00
   4.4700000e+02  -1.3170000e+01   9.6500000e+00   0.0000000e+00   3.0000000e+00   0.0000000e+00
   4.4800000e+02  -1.9900000e+00   1.6120000e+01   0.0000000e+00   3.0000000e+00   0.0000000e+00
   4.4900000e+02   6.0200000e+00   5.2200000e+00   0.0000000e+00   3.0000000e+00   0.0000000e+00
   4.5000000e+02   2.3000000e+00   2.4630000e+01   0.0000000e+00   3.0000000e+00   0.0000000e+00
   4.5100000e+02  -2.5220000e+01   5.5800000e+00   0.0000000e+00   1.0000000e+00   0.0000000e+00
   4.5200000e+02  -9.5200000e+00  -2.0900000e+00   0.0000000e+00   2.0000000e+00   0.0000000e+00
   4.5300000e+02   6.3200000e+00   1.2640000e+01   0.0000000e+00   3.0000000e+00   0.0000000e+00
   4.5400000e+02   1.9400000e+01  -7.2800000e+00   0.0000000e+00   3.0000000e+00   0.0000000e+00
   4.5500000e+02   8.0400000e+00   1.8600000e+01   0.0000000e+00   3.0000000e+00   0.0000000e+00
   4.5600000e+02   2.4970000e+01   4.3600000e+00   0.0000000e+00   0.0000000e+00   0.0000000e+00
   4.5700000e+02   6.7500000e+00  -2.1260000e+01   0.0000000e+00   2.0000000e+00   0.0000000e+00
   4.5800000e+02   1.1750000e+01   1.2140000e+01   0.0000000e+00   2.0000000e+00   0.0000000e+00
   4.5900000e+02  -2.3440000e+01  -5.5900000e+00   0.0000000e+00   3.0000000e+00   0.0000000e+00
   4.6000000e+02   1.3190000e+01   9.7300000e+00   0.0000000e+00   2.0000000e+00   0.0000000e+00
   4.6100000e+02   9.8500000e+00   2.4600000e+01   0.0000000e+00   1.0000000e+00   0.0000000e+00
   4.6200000e+02  -2.9400000e+00  -2.0660000e+01   0.0000000e+00   3.0000000e+00   0.0000000e+00
   4.6300000e+02   6.9300000e+00  -1.5680000e+01   0.0000000e+00   2.0000000e+00   0.0000000e+00
   4.6400000e+02   2.0510000e+01   1.0310000e+01   0.0000000e+00   3.0000000e+00   0.0000000e+00
   4.6500000e+02   1.0960000e+01  -1.4270000e+01   0.0000000e+00   3.0000000e+00   0.0000000e+00
   4.6600000e+02  -1.1510000e+01   2.6200000e+00   0.0000000e+00   2.0000000e+00   0.0000000e+00
   4.6700000e+02  -6.5000000e+00  -6.0500000e+00   0.0000000e+00   2.0000000e+00   0.0000000e+00
   4.6800000e+02  -2.5400000e+01   8.2900000e+00   0.0000000e+00   1.0000000e+00   0.0000000e+00
   4.6900000e+02  -1.1880000e+01  -2.1960000e+01   0.0000000e+00   0.0000000e+00   0.0000000e+00
   4.7000000e+02   8.1500000e+00  -9.6100000e+00   0.0000000e+00   2.0000000e+00   0.0000000e+00
   4.7100000e+02  -9.1800000e+00   2.3600000e+01   0.0000000e+00   3.0000000e+00   0.0000000e+00
   4.7200000e+02  -6.2800000e+00   2.0610000e+01   0.0000000e+00   3.0000000e+00   0.0000000e+00
   4.7300000e+02  -1.6020000e+01   2.2120000e+01   0.0000000e+00   1.0000000e+00   0.0000000e+00
   4.7400000e+02   2.0340000e+01   1.5740000e+01   0.0000000e+00   0.0000000e+00   0.0000000e+00
   4.7500000e+02   9.4100000e+00  -1.4800000e+00   0.0000000e+00   3.0000000e+00   0.0000000e+00
   4.7600000e+02  -1.9450000e+01   1.3640000e+01   0.0000000e+00   3.0000000e+00   0.0000000e+00
   4.7700000e+02   2.0360000e+01  -1.1600000e+00   0.0000000e+00   3.0000000e+00   0.0000000e+00
   4.7800000e+02  -1.6420000e+01  -1.8770000e+01   0.0000000e+00   0.0000000e+00   0.0000000e+00
   4.7900000e+02   1.5900000e+00  -2.3720000e+01   0.0000000e+00   0.0000000e+00   0.0000000e+00
   4.8000000e+02   4.0200000e+00   1.7610000e+01   0.0000000e+00   3.0000000e+00   0.0000000e+00
   4.8100000e+02   2.0640000e+01  -1.0660000e+01   0.0000000e+00   3.0000000e+00   0.0000000e+00
   4.8200000e+02  -1.3180000e+01   2.2570000e+01   0.0000000e+00   1.0000000e+00   0.0000000e+00
   4.8300000e+02   3.4500000e+00  -1.6830000e+01   0.0000000e+00   3.0000000e+00   0.0000000e+00
   4.8400000e+02  -5.0100000e+00  -4.5900000e+00   0.0000000e+00   2.0000000e+00   0.0000000e+00
   4.8500000e+02   6.9300000e+00   1.7400000e+00   0.0000000e+00   2.0000000e+00   0.0000000e+00
   4.8600000e+02   1.7620000e+01  -1.7550000e+01   0.0000000e+00   3.0000000e+00   0.0000000e+00
   4.8700000e+02  -1.1100000e+00   1.2650000e+01   0.0000000e+00   3.0000000e+00   0.0000000e+00
   4.8800000e+02  -1.5730000e+01   7.1800000e+00   0.0000000e+00   2.0000000e+00   0.0000000e+00
   4.8900000e+02  -1.2390000e+01  -1.9890000e+01   0.0000000e+00   3.0000000e+00   0.0000000e+00
   4.9000000e+02  -1.3950000e+01  -1.3900000e+01   0.0000000e+00   3.0000000e+00   0.0000000e+00
   4.9100000e+02   2.3200000e+00   1.1660000e+01   0.0000000e+00   3.0000000e+00   0.0000000e+00
   4.9200000e+02   2.4250000e+01   3.1000000e-01   0.0000000e+00   0.0000000e+00   0.0000000e+00
   4.9300000e+02   1.2000000e+01  -8.1800000e+00   0.0000000e+00   3.0000000e+00   0.0000000e+00
   4.9400000e+02   1.4600000e+01   8.2200000e+00   0.0000000e+00   3.0000000e+00   0.0000000e+00
   4.9500000e+02  -7.8800000e+00  -2.3010000e+01   0.0000000e+00   0.0000000e+00   0.0000000e+00
   4.9600000e+02  -1.7990000e+01  -5.3000000e+00   0.0000000e+00   3.0000000e+00   0.0000000e+00
   4.9700000e+02   2.4530000e+01  -9.2200000e+00   0.0000000e+00   0.0000000e+00   0.0000000e+00
   4.9800000e+02  -8.5800000e+00   1.2630000e+01   0.0000000e+00   3.0000000e+00   0.0000000e+00
   4.9900000e+02   1.7400000e+00   2.2590000e+01   0.0000000e+00   3.0000000e+00   0.0000000e+00
   5.0000000e+02   1.2080000e+01   1.9560000e+01   0.0000000e+00   3.0000000e+00   0.0000000e+00
   5.0100000e+02   9.4000000e-01   1.8000000e-01   0.0000000e+00   2.0000000e+00   0.0000000e+00
   5.0200000e+02  -1.2020000e+01   1.3600000e+01   0.0000000e+00   3.0000000e+00   0.0000000e+00
   5.0300000e+02  -2.4460000e+01  -9.0100000e+00   0.0000000e+00   0.0000000e+00   0.0000000e+00
   5.0400000e+02  -2.2600000e+00   2.1600000e+01   0.0000000e+00   3.0000000e+00   0.0000000e+00
   5.0500000e+02  -2.5800000e+00   1.2200000e+00   0.0000000e+00   3.0000000e+00   0.0000000e+00
   5.0600000e+02  -3.4200000e+00   1.7620000e+01   0.0000000e+00   3.0000000e+00   0.0000000e+00
   5.0700000e+02   1.1660000e+01  -1.0210000e+01   0.0000000e+00   3.0000000e+00   0.0000000e+00
   5.0800000e+02   2.1500000e+01  -1.6100000e+01   0.0000000e+00   0.0000000e+00   0.0000000e+00
   5.0900000e+02   1.3960000e+01   4.1300000e+00   0.0000000e+00   3.0000000e+00   0.0000000e+00
   5.1000000e+02  -1.1540000e+01  -9.0000000e+00   0.0000000e+00   3.0000000e+00   0.0000000e+00
   5.1100000e+02  -2.1980000e+01  -1.1650000e+01   0.0000000e+00   0.0000000e+00   0.0000000e+00
   5.1200000e+02  -1.5170000e+01   9.1600000e+00   0.0000000e+00   3.0000000e+00   0.0000000e+00
   5.1300000e+02   1.4400000e+00   1.5140000e+01   0.0000000e+00   3.0000000e+00   0.0000000e+00
   5.1400000e+02   3.3000000e-01   1.1150000e+01   0.0000000e+00   3.0000000e+00   0.0000000e+00
   5.1500000e+02  -1.0840000e+01   1.7610000e+01   0.0000000e+00   3.0000000e+00   0.0000000e+00
   5.1600000e+02  -5.4000000e-01  -1.5740000e+01   0.0000000e+00   3.0000000e+00   0.0000000e+00
   5.1700000e+02  -9.4400000e+00   3.1700000e+00   0.0000000e+00   3.0000000e+00   0.0000000e+00
   5.1800000e+02   3.0000000e-02   3.7100000e+00   0.0000000e+00   3.0000000e+00   0.0000000e+00
   5.1900000e+02   5.5900000e+00  -1.7280000e+01   0.0000000e+00   2.0000000e+00   0.0000000e+00
   5.2000000e+02   2.3340000e+01   5.6700000e+00   0.0000000e+00   0.0000000e+00   0.0000000e+00
   5.2100000e+02  -9.4500000e+00  -1.6990000e+01   0.0000000e+00   3.0000000e+00   0.0000000e+00
   5.2200000e+02   1.5660000e+01  -1.8280000e+01   0.0000000e+00   3.0000000e+00   0.0000000e+00
   5.2300000e+02   2.1980000e+01  -2.4600000e+00   0.0000000e+00   3.0000000e+00   0.0000000e+00
   5.2400000e+02  -1.6980000e+01  -9.3100000e+00   0.0000000e+00   3.0000000e+00   0.0000000e+00
   5.2500000e+02   2.0140000e+01   8.2900000e+00   0.0000000e+00   3.0000000e+00   0.0000000e+00
   5.2600000e+02  -2.0460000e+01  -1.0210000e+01   0.0000000e+00   3.0000000e+00   0.0000000e+00
   5.2700000e+02   5.2500000e+00  -9.8800000e+00   0.0000000e+00   2.0000000e+00   0.0000000e+00
   5.2800000e+02  -1.1490000e+01  -1.4600000e+00   0.0000000e+00   2.0000000e+00   0.0000000e+00
   5.2900000e+02   1.5550000e+01   2.8200000e+00   0.0000000e+00   3.0000000e+00   0.0000000e+00
   5.3000000e+02   4.3100000e+00   1.2160000e+01   0.0000000e+00   3.0000000e+00   0.0000000e+00
   5.3100000e+02   2.2970000e+01   3.6400000e+00   0.0000000e+00   3.0000000e+00   0.0000000e+00
   5.3200000e+02  -8.9200000e+00  -1.9020000e+01   0.0000000e+00   3.0000000e+00   0.0000000e+00
   5.3300000e+02  -5.7200000e+00   2.2630000e+01   0.0000000e+00   3.0000000e+00   0.0000000e+00
   5.3400000e+02   1.9040000e+01  -9.3300000e+00   0.0000000e+00   3.0000000e+00   0.0000000e+00
   5.3500000e+02  -1.4590000e+01   1.1140000e+01   0.0000000e+00   3.0000000e+00   0.0000000e+00
   5.3600000e+02  -1.3440000e+01   1.5100000e+01   0.0000000e+00   3.0000000e+00   0.0000000e+00
   5.3700000e+02   3.1600000e+00   8.1700000e+00   0.0000000e+00   3.0000000e+00   0.0000000e+00
   5.3800000e+02  -5.1600000e+00   2.4670000e+01   0.0000000e+00   3.0000000e+00   0.0000000e+00
   5.3900000e+02   1.4600000e+01  -3.3600000e+00   0.0000000e+00   3.0000000e+00   0.0000000e+00
   5.4000000e+02  -2.2480000e+01  -9.6400000e+00   0.0000000e+00   0.0000000e+00   0.0000000e+00
   5.4100000e+02   1.9170000e+01  -1.8930000e+01   0.0000000e+00   0.0000000e+00   0.0000000e+00
   5.4200000e+02   1.0070000e+01  -8.8800000e+00   0.0000000e+00   3.0000000e+00   0.0000000e+00
   5.4300000e+02  -1.1050000e+01  -3.4900000e+00   0.0000000e+00   3.0000000e+00   0.0000000e+00
   5.4400000e+02  -1.4520000e+01  -4.4100000e+00   0.0000000e+00   3.0000000e+00   0.0000000e+00
   5.4500000e+02  -1.7180000e+01   8.6400000e+00   0.0000000e+00   2.0000000e+00   0.0000000e+00
   5.4600000e+02  -1.9800000e+01   1.9080000e+01   0.0000000e+00   1.0000000e+00   0.0000000e+00
   5.4700000e+02   3.7300000e+00   1.0170000e+01   0.0000000e+00   3.0000000e+00   0.0000000e+00
   5.4800000e+02  -2.6460000e+01  -9.7000000e-01   0.0000000e+00   0.0000000e+00   0.0000000e+00
   5.4900000e+02  -5.4600000e+00  -1.8100000e+01   0.0000000e+00   3.0000000e+00   0.0000000e+00
   5.5000000e+02  -1.2530000e+01  -4.9500000e+00   0.0000000e+00   3.0000000e+00   0.0000000e+00
   5.5100000e+02   5.1900000e+00   2.1620000e+01   0.0000000e+00   3.0000000e+00   0.0000000e+00
   5.5200000e+02   5.8200000e+00  -7.0000000e-01   0.0000000e+00   2.0000000e+00   0.0000000e+00
   5.5300000e+02  -6.2900000e+00   7.6600000e+00   0.0000000e+00   3.0000000e+00   0.0000000e+00
   5.5400000e+02  -1.5000000e+00  -1.9200000e+01   0.0000000e+00   3.0000000e+00   0.0000000e+00
   5.5500000e+02   2.2620000e+01   1.6100000e+00   0.0000000e+00   3.0000000e+00   0.0000000e+00
   5.5600000e+02   2.5190000e+01  -5.1000000e+00   0.0000000e+00   3.0000000e+00   0.0000000e+00
   5.5700000e+02   2.2120000e+01   9.0200000e+00   0.0000000e+00   0.0000000e+00   0.0000000e+00
   5.5800000e+02  -2.8500000e+00   6.6700000e+00   0.0000000e+00   3.0000000e+00   0.0000000e+00
   5.5900000e+02   1.2890000e+01   1.6080000e+01   0.0000000e+00   3.0000000e+00   0.0000000e+00
   5.6000000e+02   1.2150000e+01   5.4500000e+00   0.0000000e+00   2.0000000e+00   0.0000000e+00
   5.6100000e+02   5.4600000e+00  -2.7200000e+00   0.0000000e+00   2.0000000e+00   0.0000000e+00
   5.6200000e+02   1.6190000e+01  -4.6700000e+00   0.0000000e+00   3.0000000e+00   0.0000000e+00
   5.6300000e+02   7.4600000e+00  -2.1800000e+00   0.0000000e+00   3.0000000e+00   0.0000000e+00
   5.6400000e+02   1.5530000e+01   1.8380000e+01   0.0000000e+00   3.0000000e+00   0.0000000e+00
   5.6500000e+02  -1.1140000e+01   1.0140000e+01   0.0000000e+00   3.0000000e+00   0.0000000e+00
   5.6600000e+02  -2.3930000e+01  -3.5900000e+00   0.0000000e+00   3.0000000e+00   0.0000000e+00
   5.6700000e+02   1.7540000e+01   1.8790000e+01   0.0000000e+00   0.0000000e+00   0.0000000e+00
   5.6800000e+02  -1.1170000e+01   2.3090000e+01   0.0000000e+00   0.0000000e+00   0.0000000e+00
   5.6900000e+02  -2.2470000e+01   5.3900000e+00   0.0000000e+00   2.0000000e+00   0.0000000e+00
   5.7000000e+02  -2.3750000e+01   7.0200000e+00   0.0000000e+00   0.0000000e+00   0.0000000e+00
   5.7100000e+02  -4.2800000e+00   8.1600000e+00   0.0000000e+00   3.0000000e+00   0.0000000e+00
   5.7200000e+02   7.4600000e+00   1.6620000e+01   0.0000000e+00   3.0000000e+00   0.0000000e+00
   5.7300000e+02  -1.6320000e+01   1.8120000e+01   0.0000000e+00   3.0000000e+00   0.0000000e+00
   5.7400000e+02  -8.5600000e+00  -2.8000000e-01   0.0000000e+00   2.0000000e+00   0.0000000e+00
   5.7500000e+02  -5.1300000e+00   1.1640000e+01   0.0000000e+00   3.0000000e+00   0.0000000e+00
   5.7600000e+02   2.5880000e+01  -9.9000000e-01   0.0000000e+00   0.0000000e+00   0.0000000e+00
   5.7700000e+02  -5.5700000e+00  -1.0640000e+01   0.0000000e+00   3.0000000e+00   0.0000000e+00
   5.7800000e+02   1.0000000e-02   1.6620000e+01   0.0000000e+00   3.0000000e+00   0.0000000e+00
   5.7900000e+02   1.3620000e+01   2.0800000e+00   0.0000000e+00   3.0000000e+00   0.0000000e+00
   5.8000000e+02  -7.1500000e+00   2.4160000e+01   0.0000000e+00   3.0000000e+00   0.0000000e+00
   5.8100000e+02  -2.4200000e+00  -2.2660000e+01   0.0000000e+00   3.0000000e+00   0.0000000e+00
   5.8200000e+02   1.4920000e+01  -1.3200000e+00   0.0000000e+00   3.0000000e+00   0.0000000e+00
   5.8300000e+02   3.8000000e+00  -3.9400000e+00   0.0000000e+00   2.0000000e+00   0.0000000e+00
   5.8400000e+02  -2.5440000e+01  -5.0000000e+00   0.0000000e+00   3.0000000e+00   0.0000000e+00
   5.8500000e+02   3.2000000e-01  -1.7800000e+00   0.0000000e+00   2.0000000e+00   0.0000000e+00
   5.8600000e+02   1.8320000e+01   1.5300000e+01   0.0000000e+00   3.0000000e+00   0.0000000e+00
   5.8700000e+02  -2.1480000e+01   1.3120000e+01   0.0000000e+00   0.0000000e+00   0.0000000e+00
   5.8800000e+02  -9.7300000e+00   8.6500000e+00   0.0000000e+00   3.0000000e+00   0.0000000e+00
   5.8900000e+02   1.6050000e+01  -1.6230000e+01   0.0000000e+00   3.0000000e+00   0.0000000e+00
   5.9000000e+02   2.8000000e+00  -6.7800000e+00   0.0000000e+00   2.0000000e+00   0.0000000e+00
   5.9100000e+02   2.1180000e+01  -1.8130000e+01   0.0000000e+00   1.0000000e+00   0.0000000e+00
   5.9200000e+02   2.1000000e+01  -8.6100000e+00   0.0000000e+00   3.0000000e+00   0.0000000e+00
   5.9300000e+02   1.9630000e+01   1.9260000e+01   0.0000000e+00   1.0000000e+00   0.0000000e+00
   5.9400000e+02  -1.0490000e+01  -1.2990000e+01   0.0000000e+00   3.0000000e+00   0.0000000e+00
   5.9500000e+02  -4.0000000e+00   2.7100000e+00   0.0000000e+00   3.0000000e+00   0.0000000e+00
   5.9600000e+02   5.7700000e+00  -1.1890000e+01   0.0000000e+00   2.0000000e+00   0.0000000e+00
   5.9700000e+02   3.0600000e+00  -2.2240000e+01   0.0000000e+00   3.0000000e+00   0.0000000e+00
   5.9800000e+02   1.0670000e+01   8.1800000e+00   0.0000000e+00   2.0000000e+00   0.0000000e+00
   5.9900000e+02   4.0300000e+00  -1.8800000e+01   0.0000000e+00   3.0000000e+00   0.0000000e+00
