   0.0000000e+00  -7.7827200e+00  -3.6069100e+00   1.0000000e+00
   1.0000000e+00  -1.1840600e+01  -9.9408600e+00   1.0000000e+00
   2.0000000e+00   4.0011500e+00  -1.7676500e+01   1.0000000e+00
   3.0000000e+00   1.6834400e+01   8.4097000e+00  -1.0000000e+00
   4.0000000e+00  -4.1145200e+00   4.7305000e+00   1.0000000e+00
   5.0000000e+00  -6.8693600e+00   1.6966600e+01   1.0000000e+00
   6.0000000e+00  -3.8724000e+00  -1.2316600e+01   1.0000000e+00
   7.0000000e+00   1.7719700e+01  -2.5373400e+00  -1.0000000e+00
   8.0000000e+00  -1.6519300e+00   2.0968200e+00   1.0000000e+00
   9.0000000e+00   1.4542200e+00   1.3599100e+01  -1.0000000e+00
   1.0000000e+01  -3.3191100e+00  -6.8530400e+00   1.0000000e+00
   1.1000000e+01   1.2646800e+01  -7.6409700e+00  -1.0000000e+00
   1.2000000e+01  -5.1390300e+00   8.7333000e+00   1.0000000e+00
   1.3000000e+01  -1.4855200e+01  -1.2819100e+01   1.0000000e+00
   1.4000000e+01   1.2922500e+01   1.4834500e+01  -1.0000000e+00
   1.5000000e+01  -7.6561700e-01  -1.9350100e+00   1.0000000e+00
   1.6000000e+01   8.8776400e+00   1.3778900e+01  -1.0000000e+00
   1.7000000e+01   1.1024400e+01  -1.3743300e+01  -1.0000000e+00
   1.8000000e+01   1.7328800e+01   3.0870300e+00  -1.0000000e+00
   1.9000000e+01   1.3868600e+01   1.1294600e+01  -1.0000000e+00
   2.0000000e+01  -6.5218300e+00   1.4792700e+01   1.0000000e+00
   2.1000000e+01  -4.2672800e+00  -2.7760700e+00   1.0000000e+00
   2.2000000e+01  -1.4569400e+01   9.7479900e+00   1.0000000e+00
   2.3000000e+01   9.3040900e+00   8.2785600e+00  -1.0000000e+00
   2.4000000e+01   2.3845900e+00   1.0090600e+01  -1.0000000e+00
   2.5000000e+01   5.8317400e+00   9.2108000e+00  -1.0000000e+00
   2.6000000e+01   2.6272300e+00  -8.5582200e+00   1.0000000e+00
   2.7000000e+01   3.6818700e+00  -5.1600800e+00   1.0000000e+00
   2.8000000e+01   5.7006300e+00   1.7109400e+00  -1.0000000e+00
   2.9000000e+01  -8.1347500e+00   5.8838200e+00   1.0000000e+00
   3.0000000e+01  -7.6519000e+00   3.8847100e+00   1.0000000e+00
   3.1000000e+01  -1.5245800e+01  -3.2335800e+00   1.0000000e+00
   3.2000000e+01   5.4828200e+00  -1.6151400e+01   1.0000000e+00
   3.3000000e+01  -6.6245500e+00   7.3023100e+00   1.0000000e+00
   3.4000000e+01   1.6797200e+01   1.1005800e+00  -1.0000000e+00
   3.5000000e+01  -1.6188500e+01   8.0792800e-01   1.0000000e+00
   3.6000000e+01  -1.2098200e+00   8.7055700e-02   1.0000000e+00
   3.7000000e+01   1.1230400e+01   1.2847500e+00  -1.0000000e+00
   3.8000000e+01  -1.0487300e+01   1.5959000e+01   1.0000000e+00
   3.9000000e+01   3.8552700e+00   8.6497800e+00  -1.0000000e+00
   4.0000000e+01  -5.4419000e-01   1.3103800e+01  -1.0000000e+00
   4.1000000e+01  -7.1556800e+00   1.8667000e+00   1.0000000e+00
   4.2000000e+01  -6.1228900e+00   5.3080600e+00   1.0000000e+00
   4.3000000e+01   1.1108400e+01  -6.1460700e+00  -1.0000000e+00
   4.4000000e+01  -1.3867200e+00  -1.4912800e+01   1.0000000e+00
   4.5000000e+01  -2.1134600e+00   4.1212200e+00   1.0000000e+00
   4.6000000e+01  -1.4332000e+01  -7.3087300e+00   1.0000000e+00
   4.7000000e+01  -1.7419500e+01  -2.6117100e+00   1.0000000e+00
   4.8000000e+01   1.0765300e+01   6.7891000e+00  -1.0000000e+00
   4.9000000e+01  -5.3128500e+00  -6.2524100e+00   1.0000000e+00
   5.0000000e+01   5.5406700e+00  -1.3151000e+01   1.0000000e+00
   5.1000000e+01   1.3213000e+01   1.8302300e+00  -1.0000000e+00
   5.2000000e+01   7.5419800e+00  -1.2677200e+01   1.0000000e+00
   5.3000000e+01   1.8270400e+01  -3.9318700e-01  -1.0000000e+00
   5.4000000e+01  -3.9270100e-01  -1.1437900e+01   1.0000000e+00
   5.5000000e+01   1.2227100e+01   5.3214300e+00  -1.0000000e+00
   5.6000000e+01   9.0998100e+00  -6.6872800e+00  -1.0000000e+00
   5.7000000e+01  -1.0688300e+01   1.0271400e+00   1.0000000e+00
   5.8000000e+01   1.4126100e+01  -9.0648600e+00  -1.0000000e+00
   5.9000000e+01   2.8082700e+00   4.6519200e+00  -1.0000000e+00
   6.0000000e+01  -9.0845500e+00   9.9356500e+00   1.0000000e+00
   6.1000000e+01  -1.5799700e+01  -1.2607300e+00   1.0000000e+00
   6.2000000e+01  -1.0575600e+01   8.5074400e+00   1.0000000e+00
   6.3000000e+01  -5.3897600e+00  -1.3771600e+01   1.0000000e+00
   6.4000000e+01  -5.6539400e-01   7.7110600e+00   1.0000000e+00
   6.5000000e+01  -1.7734300e+01  -5.7250600e-01   1.0000000e+00
   6.6000000e+01   1.7819200e+01   5.1245100e+00  -1.0000000e+00
   6.7000000e+01  -1.1160900e+01   3.0435900e+00   1.0000000e+00
   6.8000000e+01   1.2404700e+01  -1.5286300e+01  -1.0000000e+00
   6.9000000e+01   7.8253900e+00  -3.1264600e+00  -1.0000000e+00
   7.0000000e+01  -8.4469800e+00  -1.6558700e+01   1.0000000e+00
   7.1000000e+01  -7.3516300e+00  -1.3101700e+01   1.0000000e+00
   7.2000000e+01   1.6678300e+01  -6.5666500e+00  -1.0000000e+00
   7.3000000e+01   8.7807700e+00   6.2727100e+00  -1.0000000e+00
   7.4000000e+01  -8.8379400e+00  -1.4525100e+01   1.0000000e+00
   7.5000000e+01  -8.3429100e+00  -9.0978500e+00   1.0000000e+00
   7.6000000e+01  -1.2854500e+01  -1.3337300e+01   1.0000000e+00
   7.7000000e+01   1.3807800e-01  -5.9920600e+00   1.0000000e+00
   7.8000000e+01   5.8544800e+00  -1.5946300e+00  -1.0000000e+00
   7.9000000e+01  -4.8505200e+00  -1.5771300e+01   1.0000000e+00
   8.0000000e+01  -2.5402000e+00   1.3606100e+01   1.0000000e+00
   8.1000000e+01  -7.8322800e+00  -1.1094900e+01   1.0000000e+00
   8.2000000e+01   4.3600300e+00   1.0660600e+01  -1.0000000e+00
   8.3000000e+01  -2.8447300e+00  -8.8452500e+00   1.0000000e+00
   8.4000000e+01  -8.6811700e+00   4.6295600e-01   1.0000000e+00
   8.5000000e+01   5.6567700e+00  -5.7606400e+00  -1.0000000e+00
   8.6000000e+01   1.0842900e+00  -1.7556200e+01   1.0000000e+00
   8.7000000e+01   1.3456700e+00   6.0939300e+00  -1.0000000e+00
   8.8000000e+01   1.0705000e+01  -7.0350600e-01  -1.0000000e+00
   8.9000000e+01  -1.0114600e+01   6.4983600e+00   1.0000000e+00
   9.0000000e+01  -1.0113700e-02   3.5800900e+00   1.0000000e+00
   9.1000000e+01   2.1398800e+00  -6.5618700e+00   1.0000000e+00
   9.2000000e+01  -3.7878000e-01   1.5144200e+01  -1.0000000e+00
   9.3000000e+01  -1.5586200e+01   6.2306200e+00   1.0000000e+00
   9.4000000e+01  -3.6444500e+00   1.0150800e+01   1.0000000e+00
   9.5000000e+01   8.6418000e+00  -8.7062500e+00  -1.0000000e+00
   9.6000000e+01   9.0174700e+00  -1.4180300e+01  -1.0000000e+00
   9.7000000e+01   1.5199400e+01   2.3908100e+00  -1.0000000e+00
   9.8000000e+01   6.6515300e+00  -9.2264500e+00   1.0000000e+00
   9.9000000e+01   2.5276000e+00   8.1725000e-01   1.0000000e+00
   1.0000000e+02  -4.8171900e+00  -8.2560100e+00   1.0000000e+00
   1.0100000e+02   1.0117000e+01  -1.0178600e+01  -1.0000000e+00
   1.0200000e+02   1.1868900e+01   1.0786800e+01  -1.0000000e+00
   1.0300000e+02   6.7874300e-01   1.7395200e+01  -1.0000000e+00
   1.0400000e+02  -9.8650800e+00  -1.0499400e+01   1.0000000e+00
   1.0500000e+02  -1.8282700e+01   1.4736200e+00   1.0000000e+00
   1.0600000e+02   3.5589200e+00  -1.2605900e+01   1.0000000e+00
   1.0700000e+02   5.9057800e+00   1.6670400e+01  -1.0000000e+00
   1.0800000e+02   1.4226000e+01   5.8391900e+00  -1.0000000e+00
   1.0900000e+02  -1.4126400e+01   7.6881500e+00   1.0000000e+00
   1.1000000e+02   5.4211400e+00   1.4653500e+01  -1.0000000e+00
   1.1100000e+02  -5.8297600e+00  -1.1698700e+01   1.0000000e+00
   1.1200000e+02  -9.3318900e+00  -1.2518800e+01   1.0000000e+00
   1.1300000e+02  -6.5120500e+00  -1.7269000e+01   1.0000000e+00
   1.1400000e+02   3.4369700e+00   1.4134700e+01  -1.0000000e+00
   1.1500000e+02   1.0088800e+01  -2.6927100e+00  -1.0000000e+00
   1.1600000e+02  -9.6502300e+00   4.4695000e+00   1.0000000e+00
   1.1700000e+02   7.1134500e+00  -7.2237300e+00  -1.0000000e+00
   1.1800000e+02  -1.3813600e+01  -9.3118600e+00   1.0000000e+00
   1.1900000e+02   1.0370600e+01   1.2311700e+01  -1.0000000e+00
   1.2000000e+02   1.8227300e+00   1.5632500e+01  -1.0000000e+00
   1.2100000e+02   1.6199600e+01   6.3901300e+00  -1.0000000e+00
   1.2200000e+02  -1.6558400e+00   9.5391600e+00   1.0000000e+00
   1.2300000e+02   3.9628700e-01   9.5539300e+00  -1.0000000e+00
   1.2400000e+02   5.8143100e+00  -3.6761000e+00  -1.0000000e+00
   1.2500000e+02  -1.7270800e+01   4.8789500e+00   1.0000000e+00
   1.2600000e+02  -7.5602600e+00   1.1395200e+01   1.0000000e+00
   1.2700000e+02  -1.2038900e+01   1.4587200e+01   1.0000000e+00
   1.2800000e+02   5.9124900e-01  -1.5511900e+01   1.0000000e+00
   1.2900000e+02   1.5709000e+01  -3.0539500e+00  -1.0000000e+00
   1.3000000e+02  -1.8316600e+00  -5.3929600e+00   1.0000000e+00
   1.3100000e+02   7.8459800e+00   9.7272400e+00  -1.0000000e+00
   1.3200000e+02  -6.5487700e-01   5.5741400e+00   1.0000000e+00
   1.3300000e+02  -2.6406300e+00   6.1526300e+00   1.0000000e+00
   1.3400000e+02   1.5595500e+01  -1.0636700e+01  -1.0000000e+00
   1.3500000e+02   1.2694900e+01  -1.6150200e-01  -1.0000000e+00
   1.3600000e+02  -6.0899000e-01  -1.8975900e+01   1.0000000e+00
   1.3700000e+02   6.7834900e+00   5.7037800e+00  -1.0000000e+00
   1.3800000e+02   1.1173600e+00  -1.0011600e+01   1.0000000e+00
   1.3900000e+02  -3.4876700e+00   1.7856000e+01   1.0000000e+00
   1.4000000e+02  -6.0334300e+00   1.2788400e+01   1.0000000e+00
   1.4100000e+02  -4.3261200e+00  -1.0280000e+01   1.0000000e+00
   1.4200000e+02   1.1573200e+01  -1.1628700e+01  -1.0000000e+00
   1.4300000e+02   1.4750900e+01   7.8606600e+00  -1.0000000e+00
   1.4400000e+02   1.7215200e+00  -4.5241100e+00   1.0000000e+00
   1.4500000e+02  -7.2720900e+00  -5.6466600e+00   1.0000000e+00
   1.4600000e+02   8.2614800e+00   4.2064100e+00  -1.0000000e+00
   1.4700000e+02   1.5141500e+01  -5.0466900e+00  -1.0000000e+00
   1.4800000e+02  -4.7228100e+00  -7.0473100e-01   1.0000000e+00
   1.4900000e+02   1.2101100e+01  -9.6328400e+00  -1.0000000e+00
   1.5000000e+02  -1.1330100e+01  -1.1935100e+01   1.0000000e+00
   1.5100000e+02  -5.1737100e+00   1.3101400e+00   1.0000000e+00
   1.5200000e+02  -1.0000400e+01   1.3947800e+01   1.0000000e+00
   1.5300000e+02   1.8721300e+00   8.0946300e+00  -1.0000000e+00
   1.5400000e+02  -1.3416800e+00  -7.4268100e+00   1.0000000e+00
   1.5500000e+02  -1.2832900e+01  -5.8746300e+00   1.0000000e+00
   1.5600000e+02   1.1295400e+01   8.7943400e+00  -1.0000000e+00
   1.5700000e+02   7.7134500e+00   2.2004500e+00  -1.0000000e+00
   1.5800000e+02   5.6464400e+00  -1.1017600e+01   1.0000000e+00
   1.5900000e+02   1.5832200e+00  -1.2027500e+01   1.0000000e+00
   1.6000000e+02   8.3741600e+00   1.1761400e+01  -1.0000000e+00
   1.6100000e+02   6.3804300e+00   1.1219300e+01  -1.0000000e+00
   1.6200000e+02   1.2403000e+01   1.2819400e+01  -1.0000000e+00
   1.6300000e+02   3.1967800e-01   1.4965900e+00   1.0000000e+00
   1.6400000e+02  -1.1083700e+01   1.0511100e+01   1.0000000e+00
   1.6500000e+02  -1.0234300e+01  -1.0080400e+00   1.0000000e+00
   1.6600000e+02   9.3199700e+00   1.6042800e+01  -1.0000000e+00
   1.6700000e+02   2.6125800e+00  -1.6124800e+01   1.0000000e+00
   1.6800000e+02   8.2975000e+00  -1.6263400e+01   1.0000000e+00
   1.6900000e+02   7.6210200e+00  -5.2018900e+00  -1.0000000e+00
   1.7000000e+02   1.0325800e+01  -1.5764300e+01  -1.0000000e+00
   1.7100000e+02   6.9329800e+00  -1.4701000e+01   1.0000000e+00
   1.7200000e+02   6.8860500e+00   1.3219100e+01  -1.0000000e+00
   1.7300000e+02   1.3695400e+01   3.8350300e+00  -1.0000000e+00
   1.7400000e+02   2.7164800e+00   1.7830100e+01  -1.0000000e+00
   1.7500000e+02   1.0609000e+01  -8.1473800e+00  -1.0000000e+00
   1.7600000e+02  -1.5805400e+01  -8.7348300e+00   1.0000000e+00
   1.7700000e+02  -4.3704600e+00  -1.7906800e+01   1.0000000e+00
   1.7800000e+02  -2.2698600e+00  -3.3701700e+00   1.0000000e+00
   1.7900000e+02  -3.8123300e+00  -4.8431000e+00   1.0000000e+00
   1.8000000e+02   9.1307300e-01  -4.8470700e-01   1.0000000e+00
   1.8100000e+02  -2.0902000e+00   1.1562200e+01   1.0000000e+00
   1.8200000e+02  -4.5054800e+00   1.4202700e+01   1.0000000e+00
   1.8300000e+02   9.5513900e+00  -1.2203600e+01  -1.0000000e+00
   1.8400000e+02   4.4956500e+00   4.9954500e-02  -1.0000000e+00
   1.8500000e+02   4.0762100e+00  -1.4609300e+01   1.0000000e+00
   1.8600000e+02  -1.3236700e+01  -3.8500700e+00   1.0000000e+00
   1.8700000e+02   2.8563000e+00  -1.2211200e+00   1.0000000e+00
   1.8800000e+02  -8.6005000e-01  -9.4221100e+00   1.0000000e+00
   1.8900000e+02   1.0246100e+01   4.7682000e+00  -1.0000000e+00
   1.9000000e+02   1.2189700e+01  -2.1656600e+00  -1.0000000e+00
   1.9100000e+02   8.6137300e+00  -1.2332300e+00  -1.0000000e+00
   1.9200000e+02   9.6240000e+00  -4.6960600e+00  -1.0000000e+00
   1.9300000e+02  -1.6312100e+01  -6.6509000e+00   1.0000000e+00
   1.9400000e+02  -1.6680700e+01   2.8186800e+00   1.0000000e+00
   1.9500000e+02   1.4669700e+01  -7.0898200e+00  -1.0000000e+00
   1.9600000e+02  -1.2559900e+01   9.0978500e+00   1.0000000e+00
   1.9700000e+02   9.1743700e-01   1.1577600e+01  -1.0000000e+00
   1.9800000e+02   6.7439600e+00  -1.7784400e+01   1.0000000e+00
   1.9900000e+02  -5.6407100e+00   3.3143800e+00   1.0000000e+00
   2.0000000e+02   1.3148500e+01  -5.6092300e+00  -1.0000000e+00
   2.0100000e+02  -1.0310600e+01  -8.4814600e+00   1.0000000e+00
   2.0200000e+02  -1.7666900e+01   6.9894200e+00   1.0000000e+00
   2.0300000e+02   1.0857700e+01   1.4338600e+01  -1.0000000e+00
   2.0400000e+02  -8.5178600e+00   1.5394300e+01   1.0000000e+00
   2.0500000e+02  -8.0282500e+00   1.3397600e+01   1.0000000e+00
   2.0600000e+02   1.9065800e+00   2.8174200e+00   1.0000000e+00
   2.0700000e+02  -9.5543000e+00   1.1934300e+01   1.0000000e+00
   2.0800000e+02  -2.9352800e+00   1.5635300e+01   1.0000000e+00
   2.0900000e+02  -1.3628700e+01   5.6297500e+00   1.0000000e+00
   2.1000000e+02   1.1665000e+01  -4.1644800e+00  -1.0000000e+00
   2.1100000e+02  -8.2347000e+00  -1.5757600e+00   1.0000000e+00
   2.1200000e+02  -9.7810200e+00  -3.0367800e+00   1.0000000e+00
   2.1300000e+02  -9.0473000e-01  -1.6940300e+01   1.0000000e+00
   2.1400000e+02  -3.1624600e+00   8.1380900e+00   1.0000000e+00
   2.1500000e+02   1.3306000e+01   9.3083400e+00  -1.0000000e+00
   2.1600000e+02  -2.3643700e+00  -1.0864600e+01   1.0000000e+00
   2.1700000e+02  -1.5040300e+01   1.1756400e+01   1.0000000e+00
   2.1800000e+02  -1.2194900e+01  -3.8998700e-01   1.0000000e+00
   2.1900000e+02  -6.3060500e+00  -9.6723700e+00   1.0000000e+00
   2.2000000e+02   1.5712700e+01   4.3967300e+00  -1.0000000e+00
   2.2100000e+02   1.0418600e-01  -1.3478600e+01   1.0000000e+00
   2.2200000e+02  -1.8706600e+00  -1.2901000e+01   1.0000000e+00
   2.2300000e+02  -1.3498300e+01   1.3140800e+01   1.0000000e+00
   2.2400000e+02   9.8422100e+00   1.0299400e+01  -1.0000000e+00
   2.2500000e+02  -1.4806500e+01  -5.2414500e+00   1.0000000e+00
   2.2600000e+02  -1.3166700e+01   3.6200700e+00   1.0000000e+00
   2.2700000e+02   1.4176300e+01  -1.6252800e+00  -1.0000000e+00
   2.2800000e+02   2.9064100e+00   1.2132100e+01  -1.0000000e+00
   2.2900000e+02  -9.2805900e+00  -5.0308400e+00   1.0000000e+00
   2.3000000e+02   3.0925000e+00  -1.0577700e+01   1.0000000e+00
   2.3100000e+02  -1.1267800e+01  -4.4492200e+00   1.0000000e+00
   2.3200000e+02  -1.1635800e+01   5.0469800e+00   1.0000000e+00
   2.3300000e+02  -4.0797600e+00   1.2176900e+01   1.0000000e+00
   2.3400000e+02   3.3483800e+00   6.6488900e+00  -1.0000000e+00
   2.3500000e+02  -5.7975800e+00  -4.2079400e+00   1.0000000e+00
   2.3600000e+02  -2.8683200e+00  -1.6352300e+01   1.0000000e+00
   2.3700000e+02  -8.5851600e+00   7.9368600e+00   1.0000000e+00
   2.3800000e+02   8.1239100e+00  -1.0704500e+01  -1.0000000e+00
   2.3900000e+02   2.0804900e+00  -1.4078100e+01   1.0000000e+00
   2.4000000e+02   3.8119600e+00  -3.0859400e+00   1.0000000e+00
   2.4100000e+02  -4.9277800e+00   1.6211100e+01   1.0000000e+00
   2.4200000e+02  -1.2150700e+01   7.0747200e+00   1.0000000e+00
   2.4300000e+02  -1.0842800e+01  -1.3937100e+01   1.0000000e+00
   2.4400000e+02  -9.1729000e+00   2.4633300e+00   1.0000000e+00
   2.4500000e+02   3.9718700e+00   2.8921300e+00  -1.0000000e+00
   2.4600000e+02   1.1706000e+01   3.2837000e+00  -1.0000000e+00
   2.4700000e+02  -6.7069600e+00  -1.4530600e-01   1.0000000e+00
   2.4800000e+02   6.3796900e-01  -8.0017700e+00   1.0000000e+00
   2.4900000e+02  -5.5970900e+00   1.0784600e+01   1.0000000e+00
   2.5000000e+02   4.1368200e+00  -7.1544200e+00   1.0000000e+00
   2.5100000e+02  -4.6469400e+00   6.7192400e+00   1.0000000e+00
   2.5200000e+02  -1.4659200e+01   2.1934300e+00   1.0000000e+00
   2.5300000e+02  -1.3721100e+01  -1.8409100e+00   1.0000000e+00
   2.5400000e+02  -1.1741100e+01  -2.4048800e+00   1.0000000e+00
   2.5500000e+02  -1.5139400e+01   4.2088800e+00   1.0000000e+00
   2.5600000e+02   1.7168600e+01  -4.5327800e+00  -1.0000000e+00
   2.5700000e+02  -1.2678300e+01   1.6104300e+00   1.0000000e+00
   2.5800000e+02   1.4460200e+01   1.3344200e+01  -1.0000000e+00
   2.5900000e+02  -1.3354900e+01  -1.1326300e+01   1.0000000e+00
   2.6000000e+02   1.4742200e+01   3.7898200e-01  -1.0000000e+00
   2.6100000e+02  -1.6075700e+01   8.3475200e+00   1.0000000e+00
   2.6200000e+02  -1.1518600e+01   1.2541500e+01   1.0000000e+00
   2.6300000e+02  -1.0793400e+01  -6.4682600e+00   1.0000000e+00
   2.6400000e+02  -3.3700900e+00  -1.4335100e+01   1.0000000e+00
   2.6500000e+02  -1.5351200e+01  -1.0753400e+01   1.0000000e+00
   2.6600000e+02   1.6139800e+01  -8.5915300e+00  -1.0000000e+00
   2.6700000e+02  -2.7679800e+00  -1.3583300e+00   1.0000000e+00
   2.6800000e+02   4.8021900e+00   5.1707500e+00  -1.0000000e+00
   2.6900000e+02  -3.1834700e+00   6.7839500e-01   1.0000000e+00
   2.7000000e+02  -6.7888600e+00  -7.6749300e+00   1.0000000e+00
   2.7100000e+02  -1.2283300e+01  -7.8759100e+00   1.0000000e+00
   2.7200000e+02   9.2105600e+00   7.4170600e-01  -1.0000000e+00
   2.7300000e+02   3.9124000e+00   1.6131300e+01  -1.0000000e+00
   2.7400000e+02  -1.4242000e+01   1.4388700e-01   1.0000000e+00
   2.7500000e+02   4.6054800e+00  -9.1576000e+00   1.0000000e+00
   2.7600000e+02   1.3587100e+01  -1.1124300e+01  -1.0000000e+00
   2.7700000e+02   7.4058200e+00   1.5226300e+01  -1.0000000e+00
   2.7800000e+02   9.7013900e+00   2.7438300e+00  -1.0000000e+00
   2.7900000e+02  -8.8151600e+00  -7.0794100e+00   1.0000000e+00
   2.8000000e+02  -1.6830800e+01  -4.6289500e+00   1.0000000e+00
   2.8100000e+02  -3.0365700e-01  -3.9709000e+00   1.0000000e+00
   2.8200000e+02   1.2992900e+01  -1.3142600e+01  -1.0000000e+00
   2.8300000e+02   7.1186600e+00   2.0035900e-01  -1.0000000e+00
   2.8400000e+02   1.3652700e+01  -3.6190200e+00  -1.0000000e+00
   2.8500000e+02   1.6279200e+01  -1.0338600e+00  -1.0000000e+00
   2.8600000e+02   5.3362400e+00   7.1873500e+00  -1.0000000e+00
   2.8700000e+02   4.8980700e+00   1.2657900e+01  -1.0000000e+00
   2.8800000e+02   1.2754900e+01   7.3014900e+00  -1.0000000e+00
   2.8900000e+02  -3.6380500e+00   2.7043000e+00   1.0000000e+00
   2.9000000e+02   1.5007500e+01  -1.2647300e+01  -1.0000000e+00
   2.9100000e+02   1.5327700e+01   9.8579700e+00  -1.0000000e+00
   2.9200000e+02   6.2529400e+00   3.7027500e+00  -1.0000000e+00
   2.9300000e+02  -1.3938900e+00   1.6993300e+01  -1.0000000e+00
   2.9400000e+02  -1.3044800e+01   1.1123900e+01   1.0000000e+00
   2.9500000e+02  -6.8692600e+00  -1.5209600e+01   1.0000000e+00
   2.9600000e+02  -7.1193800e+00   9.3717800e+00   1.0000000e+00
   2.9700000e+02   1.2615900e+00  -2.5243100e+00   1.0000000e+00
   2.9800000e+02  -6.2478700e+00  -2.1848100e+00   1.0000000e+00
   2.9900000e+02   7.3171800e+00   7.7355300e+00  -1.0000000e+00
