   0.0000000e+00   6.0283700e+00  -8.0750900e+00  -1.0000000e+00
   1.0000000e+00   6.9716000e+00   1.0599000e+01   1.0000000e+00
   2.0000000e+00   3.8304700e+00   3.2578200e+00  -1.0000000e+00
   3.0000000e+00   2.7634400e+00  -1.6524100e+01  -1.0000000e+00
   4.0000000e+00   5.6298500e-01  -5.1968700e+00  -1.0000000e+00
   5.0000000e+00   4.0912400e+00  -2.9934800e+00  -1.0000000e+00
   6.0000000e+00   9.8740200e+00  -1.4124000e+01  -1.0000000e+00
   7.0000000e+00  -5.1421900e+00   3.8603700e+00   1.0000000e+00
   8.0000000e+00  -3.1116800e+00  -3.2690400e+00  -1.0000000e+00
   9.0000000e+00   4.4487900e+00  -1.3371600e+01  -1.0000000e+00
   1.0000000e+01  -9.8073600e+00  -1.6034200e+01  -1.0000000e+00
   1.1000000e+01  -1.4096400e+01  -1.4977400e+00  -1.0000000e+00
   1.2000000e+01  -2.3413000e+00   1.2597900e+01   1.0000000e+00
   1.3000000e+01  -1.4789100e+01   1.2483600e+01   1.0000000e+00
   1.4000000e+01  -1.3770700e+00  -6.7767400e-02  -1.0000000e+00
   1.5000000e+01   1.8443300e+01   1.8372000e+00  -1.0000000e+00
   1.6000000e+01  -1.1836200e+01  -1.2912200e+01  -1.0000000e+00
   1.7000000e+01   5.1768900e-01  -3.1382000e+00  -1.0000000e+00
   1.8000000e+01  -6.5555400e+00  -7.5434100e+00  -1.0000000e+00
   1.9000000e+01   1.8948300e+00   1.6132600e+01   1.0000000e+00
   2.0000000e+01   9.6316200e+00  -7.9057400e+00  -1.0000000e+00
   2.1000000e+01  -1.3743800e+01   1.0670800e+01   1.0000000e+00
   2.2000000e+01  -4.6930300e+00  -1.0577200e+01  -1.0000000e+00
   2.3000000e+01   1.1367100e+01  -4.7485400e+00  -1.0000000e+00
   2.4000000e+01  -9.5436500e+00   1.4489000e+01   1.0000000e+00
   2.5000000e+01  -2.2723600e+00   1.6196100e+01   1.0000000e+00
   2.6000000e+01  -6.7042900e+00  -3.4236800e+00  -1.0000000e+00
   2.7000000e+01  -1.6837800e+01   5.1937200e+00   1.0000000e+00
   2.8000000e+01  -2.5931300e+00  -1.7812800e+01  -1.0000000e+00
   2.9000000e+01  -6.4929300e+00   1.2614000e+01   1.0000000e+00
   3.0000000e+01  -1.2641000e+01   5.2749000e+00   1.0000000e+00
   3.1000000e+01   1.2171900e+01   8.7475400e+00   1.0000000e+00
   3.2000000e+01   1.4782500e+01   1.1915400e+01   1.0000000e+00
   3.3000000e+01  -4.8829000e+00  -4.3706700e+00  -1.0000000e+00
   3.4000000e+01   4.2510300e-01  -1.0417200e+00  -1.0000000e+00
   3.5000000e+01  -2.8602700e+00  -1.1538100e+01  -1.0000000e+00
   3.6000000e+01  -1.5867000e+01  -4.7225200e+00  -1.0000000e+00
   3.7000000e+01  -1.5652600e+01   3.3946900e+00   1.0000000e+00
   3.8000000e+01  -3.3835800e+00   1.0807600e+01   1.0000000e+00
   3.9000000e+01   8.3136300e-01  -1.3459700e+01  -1.0000000e+00
   4.0000000e+01  -1.1623200e+01   1.4365200e+01   1.0000000e+00
   4.1000000e+01   7.4907900e+00   1.3498800e+00  -1.0000000e+00
   4.2000000e+01   7.8742800e+00  -9.0230200e+00  -1.0000000e+00
   4.3000000e+01   5.9120300e+00   8.8063100e+00   1.0000000e+00
   4.4000000e+01  -8.4929800e+00   1.6241600e+01   1.0000000e+00
   4.5000000e+01   1.1096200e+01   1.0491500e+01   1.0000000e+00
   4.6000000e+01  -4.3646300e+00   1.6267800e+01   1.0000000e+00
   4.7000000e+01  -1.5957300e+01  -5.8561600e-01  -1.0000000e+00
   4.8000000e+01   7.7343600e-01   1.0774900e+01   1.0000000e+00
   4.9000000e+01   3.9206800e+00   1.2469100e+01   1.0000000e+00
   5.0000000e+01   1.6807200e+01  -5.5762000e+00  -1.0000000e+00
   5.1000000e+01   4.1738400e+00  -5.0696800e+00  -1.0000000e+00
   5.2000000e+01  -9.8838100e-01  -1.2522200e+01  -1.0000000e+00
   5.3000000e+01  -1.7682900e+01   2.9913300e+00   1.0000000e+00
   5.4000000e+01   1.0811700e+01   5.6655900e+00  -1.0000000e+00
   5.5000000e+01  -1.3585500e+01   3.4362200e+00   1.0000000e+00
   5.6000000e+01  -5.4672800e+00   1.0808200e+01   1.0000000e+00
   5.7000000e+01  -1.2688800e+01   8.8984100e+00   1.0000000e+00
   5.8000000e+01   1.2588200e+01   6.7250200e+00  -1.0000000e+00
   5.9000000e+01  -1.2064800e+01  -6.6078400e+00  -1.0000000e+00
   6.0000000e+01  -7.4947900e+00   1.4430600e+01   1.0000000e+00
   6.1000000e+01  -7.5150100e+00   1.0797000e+01   1.0000000e+00
   6.2000000e+01   1.2755800e+01   4.6564200e+00  -1.0000000e+00
   6.3000000e+01   1.6633900e+01  -1.4352000e+00  -1.0000000e+00
   6.4000000e+01   9.1461200e+00   1.4184900e+01   1.0000000e+00
   6.5000000e+01   1.6321100e+01   4.9213200e+00  -1.0000000e+00
   6.6000000e+01  -8.4101300e+00  -6.5807400e+00  -1.0000000e+00
   6.7000000e+01   1.3600900e+01   1.3758600e+01   1.0000000e+00
   6.8000000e+01  -1.5649000e+01  -8.8522600e+00  -1.0000000e+00
   6.9000000e+01   9.3171300e+00   4.1078500e-01  -1.0000000e+00
   7.0000000e+01  -6.3622700e+00  -1.3737400e+01  -1.0000000e+00
   7.1000000e+01   1.2952500e+01   5.6035200e-01  -1.0000000e+00
   7.2000000e+01  -4.4352100e+00   1.2621900e+01   1.0000000e+00
   7.3000000e+01   8.0382800e+00  -1.3210800e+01  -1.0000000e+00
   7.4000000e+01   1.8684500e+01  -2.4155800e+00  -1.0000000e+00
   7.5000000e+01   1.6077400e+01   7.1478000e+00  -1.0000000e+00
   7.6000000e+01   2.5874500e+00  -1.2396200e+01  -1.0000000e+00
   7.7000000e+01   6.4384200e+00  -1.8445200e+01  -1.0000000e+00
   7.8000000e+01   2.4573000e+00  -8.2583300e+00  -1.0000000e+00
   7.9000000e+01  -3.1912400e+00  -1.1980500e+00  -1.0000000e+00
   8.0000000e+01   1.4888300e+01  -2.5429400e+00  -1.0000000e+00
   8.1000000e+01   5.9749400e+00   1.2390400e+01   1.0000000e+00
   8.2000000e+01  -2.7945300e-01   9.0119100e+00   1.0000000e+00
   8.3000000e+01   4.5196300e+00  -1.5445000e+01  -1.0000000e+00
   8.4000000e+01  -8.1891000e+00  -1.2776300e+01  -1.0000000e+00
   8.5000000e+01  -1.4816300e+00   1.9888500e+00  -1.0000000e+00
   8.6000000e+01   8.1421200e+00  -1.5259800e+01  -1.0000000e+00
   8.7000000e+01  -8.2557700e+00  -1.0694600e+01  -1.0000000e+00
   8.8000000e+01  -3.0573900e+00  -5.3353800e+00  -1.0000000e+00
   8.9000000e+01  -6.7766300e+00  -1.3604300e+00  -1.0000000e+00
   9.0000000e+01   5.0304800e+00   1.7835500e+01   1.0000000e+00
   9.1000000e+01   4.9806700e+00   1.4235200e+01   1.0000000e+00
   9.2000000e+01   7.8151400e+00  -6.9565700e+00  -1.0000000e+00
   9.3000000e+01   6.9342700e+00   6.7875500e+00   1.0000000e+00
   9.4000000e+01   1.3020100e+01  -1.5313000e+00  -1.0000000e+00
   9.5000000e+01  -6.4060300e+00   1.6501700e+01   1.0000000e+00
   9.6000000e+01  -9.4558100e+00   3.5769400e+00   1.0000000e+00
   9.7000000e+01   9.7435800e+00  -9.9589900e+00  -1.0000000e+00
   9.8000000e+01  -1.3882600e+01  -5.6252300e+00  -1.0000000e+00
   9.9000000e+01  -1.0252400e+01  -5.5716200e+00  -1.0000000e+00
   1.0000000e+02   1.1709900e+01  -1.5083400e+01  -1.0000000e+00
   1.0100000e+02   1.9955400e+00   4.2475600e+00  -1.0000000e+00
   1.0200000e+02  -3.2678900e+00   1.8018200e+01   1.0000000e+00
   1.0300000e+02  -8.9996000e-01  -1.4586400e+01  -1.0000000e+00
   1.0400000e+02   1.5131700e+01  -8.7351500e+00  -1.0000000e+00
   1.0500000e+02  -4.5618900e+00  -1.4734700e+01  -1.0000000e+00
   1.0600000e+02   1.1620300e+01  -1.3015500e+01  -1.0000000e+00
   1.0700000e+02   1.1543700e+01  -1.0950700e+01  -1.0000000e+00
   1.0800000e+02   7.6802800e+00  -2.8276000e+00  -1.0000000e+00
   1.0900000e+02   9.2482100e-01  -1.5547500e+01  -1.0000000e+00
   1.1000000e+02  -1.0442400e+01  -1.2675500e+00  -1.0000000e+00
   1.1100000e+02   1.4626400e+01   3.6919000e+00  -1.0000000e+00
   1.1200000e+02  -1.7777200e+01  -3.9493600e+00  -1.0000000e+00
   1.1300000e+02  -8.5760500e+00   8.9731400e+00   1.0000000e+00
   1.1400000e+02  -1.1520300e+00   1.7991100e+01   1.0000000e+00
   1.1500000e+02   8.1359300e+00   1.5989100e+01   1.0000000e+00
   1.1600000e+02   6.8921500e-01  -9.3430600e+00  -1.0000000e+00
   1.1700000e+02   2.5037600e-01   3.1032300e+00  -1.0000000e+00
   1.1800000e+02  -2.7192600e+00  -1.5663100e+01  -1.0000000e+00
   1.1900000e+02  -1.6310000e+01   1.4452800e+00  -1.0000000e+00
   1.2000000e+02  -1.1746200e+01  -1.4993000e+01  -1.0000000e+00
   1.2100000e+02  -6.4390000e+00  -1.1664800e+01  -1.0000000e+00
   1.2200000e+02   2.8884600e+00   1.8001200e+01   1.0000000e+00
   1.2300000e+02  -8.5527900e+00   1.2675100e+01   1.0000000e+00
   1.2400000e+02  -1.0642400e+01   8.9270100e+00   1.0000000e+00
   1.2500000e+02   2.0958100e+00   2.1174900e+00  -1.0000000e+00
   1.2600000e+02   2.7518100e+00   7.0915700e+00   1.0000000e+00
   1.2700000e+02   1.6887500e+01  -7.6612400e+00  -1.0000000e+00
   1.2800000e+02  -3.3120900e+00   2.9448800e+00  -1.0000000e+00
   1.2900000e+02  -8.6587400e+00   1.6829100e+00  -1.0000000e+00
   1.3000000e+02  -1.4240800e+01   5.5695000e-01  -1.0000000e+00
   1.3100000e+02  -8.5983400e+00  -3.7701100e-01  -1.0000000e+00
   1.3200000e+02   1.0119700e+01   1.2309100e+01   1.0000000e+00
   1.3300000e+02   9.0316700e+00   1.0541500e+01   1.0000000e+00
   1.3400000e+02  -1.1680100e+01   1.0703000e+01   1.0000000e+00
   1.3500000e+02   3.5048300e-01   1.0411800e+00  -1.0000000e+00
   1.3600000e+02  -8.4660000e+00  -4.5059300e+00  -1.0000000e+00
   1.3700000e+02   1.6496600e+01   2.7495400e+00  -1.0000000e+00
   1.3800000e+02  -1.5821600e+01  -2.6569600e+00  -1.0000000e+00
   1.3900000e+02   3.7684600e+00   5.3039100e+00  -1.0000000e+00
   1.4000000e+02  -7.3754400e+00   3.4479300e+00   1.0000000e+00
   1.4100000e+02  -7.5028700e+00   7.1942800e+00   1.0000000e+00
   1.4200000e+02  -3.5445300e+00   5.1515700e+00   1.0000000e+00
   1.4300000e+02  -2.9421700e+00  -7.4296000e+00  -1.0000000e+00
   1.4400000e+02   9.7836800e+00  -1.2054900e+01  -1.0000000e+00
   1.4500000e+02  -6.6324200e+00  -5.4855600e+00  -1.0000000e+00
   1.4600000e+02   1.1416600e+01  -6.8296600e+00  -1.0000000e+00
   1.4700000e+02   1.1496100e+01  -8.8999400e+00  -1.0000000e+00
   1.4800000e+02   7.9352300e+00  -1.1127800e+01  -1.0000000e+00
   1.4900000e+02   9.2492500e+00   2.4888800e+00  -1.0000000e+00
   1.5000000e+02   4.3346800e+00  -1.1291900e+01  -1.0000000e+00
   1.5100000e+02  -2.9033700e+00  -9.4845100e+00  -1.0000000e+00
   1.5200000e+02  -1.5651600e+01  -6.7596800e+00  -1.0000000e+00
   1.5300000e+02   2.7272200e+00  -1.8626900e+01  -1.0000000e+00
   1.5400000e+02   3.9973600e+00   1.6051100e+01   1.0000000e+00
   1.5500000e+02  -1.5793900e+01   6.9962000e+00   1.0000000e+00
   1.5600000e+02  -4.6024200e+00  -1.2642900e+01  -1.0000000e+00
   1.5700000e+02   5.9957100e+00  -6.0106900e+00  -1.0000000e+00
   1.5800000e+02   2.8327500e+00   1.0685300e+01   1.0000000e+00
   1.5900000e+02   7.0798900e+00   1.4176000e+01   1.0000000e+00
   1.6000000e+02   3.8397400e+00   8.8388500e+00   1.0000000e+00
   1.6100000e+02  -6.4272300e+00   5.4554800e+00   1.0000000e+00
   1.6200000e+02  -3.3511800e+00   1.4434100e+01   1.0000000e+00
   1.6300000e+02   1.3189700e+01  -5.6968600e+00  -1.0000000e+00
   1.6400000e+02  -1.5477000e+01  -1.0915900e+01  -1.0000000e+00
   1.6500000e+02   5.9787700e+00   4.9662600e+00  -1.0000000e+00
   1.6600000e+02   9.0416800e+00   6.8448900e+00  -1.0000000e+00
   1.6700000e+02  -1.9635800e-01   1.6121300e+01   1.0000000e+00
   1.6800000e+02  -1.7934500e+01   1.7764700e-01  -1.0000000e+00
   1.6900000e+02  -9.6075100e+00   1.0773200e+01   1.0000000e+00
   1.7000000e+02   5.9266700e+00  -3.9322300e+00  -1.0000000e+00
   1.7100000e+02   2.1678900e+00   6.1619800e-02  -1.0000000e+00
   1.7200000e+02   6.2644400e-01  -7.2741500e+00  -1.0000000e+00
   1.7300000e+02  -1.3731300e+01   1.4302800e+01   1.0000000e+00
   1.7400000e+02   1.8345700e+00   1.2531200e+01   1.0000000e+00
   1.7500000e+02   1.5033000e+01  -6.6725500e+00  -1.0000000e+00
   1.7600000e+02  -1.3689400e+01   7.0590800e+00   1.0000000e+00
   1.7700000e+02   1.3374800e+01  -9.9022800e+00  -1.0000000e+00
   1.7800000e+02  -2.3581700e+00   9.0248400e+00   1.0000000e+00
   1.7900000e+02  -1.0585800e+01   5.3343600e+00   1.0000000e+00
   1.8000000e+02  -1.4769200e+01   8.8277800e+00   1.0000000e+00
   1.8100000e+02  -1.3669300e+01  -1.1918900e+01  -1.0000000e+00
   1.8200000e+02   7.5958300e+00  -7.0906000e-01  -1.0000000e+00
   1.8300000e+02   1.3288100e+01  -7.7751700e+00  -1.0000000e+00
   1.8400000e+02   7.1385400e+00   1.7797700e+01   1.0000000e+00
   1.8500000e+02   3.9147700e+00   1.1654800e+00  -1.0000000e+00
   1.8600000e+02  -4.4302100e+00   9.0395700e+00   1.0000000e+00
   1.8700000e+02  -3.3463500e+00   7.2079200e+00   1.0000000e+00
   1.8800000e+02   1.2190300e+01   1.2257800e+01   1.0000000e+00
   1.8900000e+02  -6.5139700e+00   8.9941700e+00   1.0000000e+00
   1.9000000e+02   6.1974500e+00  -1.2224900e+01  -1.0000000e+00
   1.9100000e+02   1.4781500e+01  -4.6079500e-01  -1.0000000e+00
   1.9200000e+02  -1.6858000e+01   8.7390600e+00   1.0000000e+00
   1.9300000e+02  -6.5068000e+00  -9.5963200e+00  -1.0000000e+00
   1.9400000e+02  -1.5798200e+01   1.0689700e+01   1.0000000e+00
   1.9500000e+02  -1.0029400e+01  -1.1794300e+01  -1.0000000e+00
   1.9600000e+02   1.3524000e+01  -1.4058300e+01  -1.0000000e+00
   1.9700000e+02  -1.1903100e+01  -1.0819300e+01  -1.0000000e+00
   1.9800000e+02   5.8792100e+00  -1.8260200e+00  -1.0000000e+00
   1.9900000e+02  -2.7699900e+00  -1.3592200e+01  -1.0000000e+00
   2.0000000e+02  -1.3583000e+00   6.5721200e+00   1.0000000e+00
   2.0100000e+02  -6.8236000e+00   7.0981100e-01  -1.0000000e+00
   2.0200000e+02   6.1105900e+00  -1.0168800e+01  -1.0000000e+00
   2.0300000e+02   1.0196200e+01   1.5958100e+01   1.0000000e+00
   2.0400000e+02   2.5141100e+00  -1.0325200e+01  -1.0000000e+00
   2.0500000e+02   9.0546600e+00   4.5994600e+00  -1.0000000e+00
   2.0600000e+02  -5.4290500e+00   1.4427000e+01   1.0000000e+00
   2.0700000e+02  -1.0616300e+01   1.2574800e+01   1.0000000e+00
   2.0800000e+02   8.8412500e-01  -1.7733400e+01  -1.0000000e+00
   2.0900000e+02   1.1283200e+01  -2.6614800e+00  -1.0000000e+00
   2.1000000e+02   7.7357600e+00  -4.9012500e+00  -1.0000000e+00
   2.1100000e+02  -1.2106400e+01  -4.5467100e+00  -1.0000000e+00
   2.1200000e+02  -1.1515400e+01   3.4808900e+00   1.0000000e+00
   2.1300000e+02  -1.3942100e+01  -3.5637500e+00  -1.0000000e+00
   2.1400000e+02  -9.5623700e+00   7.1537100e+00   1.0000000e+00
   2.1500000e+02  -5.0606800e+00   1.7941500e+00  -1.0000000e+00
   2.1600000e+02   4.8851000e+00   1.0654100e+01   1.0000000e+00
   2.1700000e+02   1.3285900e+01   1.0487200e+01   1.0000000e+00
   2.1800000e+02  -1.2331600e+01  -4.0207300e-01  -1.0000000e+00
   2.1900000e+02   1.0975500e+01   3.6087400e+00  -1.0000000e+00
   2.2000000e+02  -1.1944400e+01  -8.6807400e+00  -1.0000000e+00
   2.2100000e+02  -8.5815800e-01  -1.6645500e+01  -1.0000000e+00
   2.2200000e+02   8.0356700e+00   1.2353100e+01   1.0000000e+00
   2.2300000e+02   7.5669900e-01  -1.1409900e+01  -1.0000000e+00
   2.2400000e+02   1.3396200e+01  -1.1965700e+01  -1.0000000e+00
   2.2500000e+02  -1.4737700e+01   5.2323200e+00   1.0000000e+00
   2.2600000e+02  -1.3420700e+00  -2.1181700e+00  -1.0000000e+00
   2.2700000e+02  -4.8153100e+00  -6.4416900e+00  -1.0000000e+00
   2.2800000e+02   1.7737800e+00   8.9218000e+00   1.0000000e+00
   2.2900000e+02  -1.2905200e+00   1.0807800e+01   1.0000000e+00
   2.3000000e+02   1.5447300e+01   9.7229800e+00   1.0000000e+00
   2.3100000e+02   1.0106500e+01   8.6636200e+00   1.0000000e+00
   2.3200000e+02  -5.3965700e+00   7.2372600e+00   1.0000000e+00
   2.3300000e+02  -1.2713100e+01   1.2523200e+01   1.0000000e+00
   2.3400000e+02  -1.0598900e+01   9.1471900e-01  -1.0000000e+00
   2.3500000e+02  -1.3806400e+01  -7.7390100e+00  -1.0000000e+00
   2.3600000e+02   1.1288600e+01   1.4143400e+01   1.0000000e+00
   2.3700000e+02   1.4476700e+01   5.8273300e+00  -1.0000000e+00
   2.3800000e+02   1.6559000e+01   6.6867500e-01  -1.0000000e+00
   2.3900000e+02   2.3832300e+00  -6.1745300e+00  -1.0000000e+00
   2.4000000e+02   9.5876700e+00  -5.8235600e+00  -1.0000000e+00
   2.4100000e+02   1.8167200e+01   3.9675600e+00  -1.0000000e+00
   2.4200000e+02   6.3572100e+00  -1.6379200e+01  -1.0000000e+00
   2.4300000e+02  -8.4902900e+00   5.3851800e+00   1.0000000e+00
   2.4400000e+02  -1.0135100e+01  -9.7309600e+00  -1.0000000e+00
   2.4500000e+02  -1.7735100e+01  -1.8968200e+00  -1.0000000e+00
   2.4600000e+02   8.1747400e-01   1.4338600e+01   1.0000000e+00
   2.4700000e+02   7.3385700e+00   3.4361300e+00  -1.0000000e+00
   2.4800000e+02   9.9845300e+00  -1.6235100e+01  -1.0000000e+00
   2.4900000e+02  -4.4522200e+00  -1.6892100e+01  -1.0000000e+00
   2.5000000e+02  -1.2706400e+00  -4.1785900e+00  -1.0000000e+00
   2.5100000e+02   1.6865200e+01  -3.5230900e+00  -1.0000000e+00
   2.5200000e+02   1.3126900e+01  -3.6299300e+00  -1.0000000e+00
   2.5300000e+02  -1.6795700e+00   4.2019200e+00  -1.0000000e+00
   2.5400000e+02   5.7456100e+00   2.2784100e-01  -1.0000000e+00
   2.5500000e+02   1.4182900e+01   8.0935200e+00   1.0000000e+00
   2.5600000e+02   4.1844400e+00  -7.1626800e+00  -1.0000000e+00
   2.5700000e+02  -1.0293400e+01  -3.5132500e+00  -1.0000000e+00
   2.5800000e+02   2.6972600e+00  -1.4470800e+01  -1.0000000e+00
   2.5900000e+02   9.5332000e+00  -3.7669700e+00  -1.0000000e+00
   2.6000000e+02  -5.0112900e+00  -2.6078700e-01  -1.0000000e+00
   2.6100000e+02  -8.3427500e+00  -8.6382100e+00  -1.0000000e+00
   2.6200000e+02   4.6030300e+00  -1.7501000e+01  -1.0000000e+00
   2.6300000e+02   4.2747200e+00  -9.2247100e+00  -1.0000000e+00
   2.6400000e+02   6.2836700e+00  -1.4318300e+01  -1.0000000e+00
   2.6500000e+02   4.0162000e+00  -8.9297700e-01  -1.0000000e+00
   2.6600000e+02  -1.0014100e+01  -1.3851400e+01  -1.0000000e+00
   2.6700000e+02  -1.3713300e+01  -9.8240500e+00  -1.0000000e+00
   2.6800000e+02   1.5214400e-01   5.1704100e+00   1.0000000e+00
   2.6900000e+02  -4.7050300e+00  -8.4921800e+00  -1.0000000e+00
   2.7000000e+02  -1.1102900e+00  -8.3587500e+00  -1.0000000e+00
   2.7100000e+02  -1.2154900e+01  -2.4595500e+00  -1.0000000e+00
   2.7200000e+02   1.4734800e+01   1.6237600e+00  -1.0000000e+00
   2.7300000e+02  -2.4142200e-01   1.2580400e+01   1.0000000e+00
   2.7400000e+02  -8.1392600e+00  -1.4848400e+01  -1.0000000e+00
   2.7500000e+02  -1.2081600e+00  -6.2751400e+00  -1.0000000e+00
   2.7600000e+02  -4.9362500e+00  -2.3166000e+00  -1.0000000e+00
   2.7700000e+02   1.4965700e+01  -4.5950700e+00  -1.0000000e+00
   2.7800000e+02   9.4323200e+00  -1.6997400e+00  -1.0000000e+00
   2.7900000e+02   4.8910400e+00   7.0296000e+00   1.0000000e+00
   2.8000000e+02  -1.0626300e+00  -1.0432100e+01  -1.0000000e+00
   2.8100000e+02  -8.5204900e+00  -2.4556500e+00  -1.0000000e+00
   2.8200000e+02   1.8370100e+01  -3.2503700e-01  -1.0000000e+00
   2.8300000e+02   2.2550000e+00  -2.0034500e+00  -1.0000000e+00
   2.8400000e+02   8.0374400e+00   8.7085200e+00   1.0000000e+00
   2.8500000e+02  -1.0160700e+01  -7.6563300e+00  -1.0000000e+00
   2.8600000e+02   1.1190900e+01  -5.6242400e-01  -1.0000000e+00
   2.8700000e+02  -1.1628500e+01   7.1138000e+00   1.0000000e+00
   2.8800000e+02  -3.2231800e+00   8.5839700e-01  -1.0000000e+00
   2.8900000e+02   2.3462200e+00  -4.0968400e+00  -1.0000000e+00
   2.9000000e+02  -1.2704300e+00   1.4358600e+01   1.0000000e+00
   2.9100000e+02   1.2857200e+01   2.6052200e+00  -1.0000000e+00
   2.9200000e+02   8.1749500e+00  -1.7336800e+01  -1.0000000e+00
   2.9300000e+02   2.9172500e+00   1.4289400e+01   1.0000000e+00
   2.9400000e+02   1.1075700e+01   1.5020400e+00  -1.0000000e+00
   2.9500000e+02   6.0850400e+00   1.6026100e+01   1.0000000e+00
   2.9600000e+02   6.7874600e-01   7.1832800e+00   1.0000000e+00
   2.9700000e+02  -6.3077500e+00  -1.5847500e+01  -1.0000000e+00
   2.9800000e+02   5.6326700e+00   2.2894000e+00  -1.0000000e+00
   2.9900000e+02  -1.2512200e+01   1.6851900e+00  -1.0000000e+00
