   0.0000000e+00  -1.0218200e+01   1.5372900e+01   5.1514300e+01  -1.0000000e+00
   1.0000000e+00   1.0755400e+01   9.0470800e+00   4.8123700e+01   1.0000000e+00
   2.0000000e+00   1.3644300e+01  -1.4780300e+01   5.2631100e+01  -1.0000000e+00
   3.0000000e+00   1.3789000e+01  -3.2018500e+00   4.9230600e+01   1.0000000e+00
   4.0000000e+00   5.6630500e+00   1.1109100e+01   4.8712900e+01   1.0000000e+00
   5.0000000e+00   2.1651400e+00  -1.0294800e+01   1.9212500e+01   2.0000000e+00
   6.0000000e+00   3.6179600e+00   9.5154500e-01   4.8614500e+01   1.0000000e+00
   7.0000000e+00  -1.2835400e+00  -1.7251200e+01   1.9170500e+01  -1.0000000e+00
   8.0000000e+00   7.1431800e-02  -1.5338900e+01   1.9418600e+01  -2.0000000e+00
   9.0000000e+00  -3.2379500e+00  -5.4703400e+00   1.8094900e+01   2.0000000e+00
   1.0000000e+01   2.4739400e+00   4.3508800e+00   4.8530400e+01   1.0000000e+00
   1.1000000e+01   1.4616000e+01   8.4445300e-01   4.9233700e+01   1.0000000e+00
   1.2000000e+01   1.1581300e+01   1.3110900e+01   4.9538800e+01  -2.0000000e+00
   1.3000000e+01  -1.4809500e+01   4.4526900e-01   1.9467600e+01   2.0000000e+00
   1.4000000e+01   1.4219300e+01  -1.0690600e+01   4.9037900e+01  -2.0000000e+00
   1.5000000e+01  -2.5549000e+00  -7.4706700e+00   1.8568200e+01   2.0000000e+00
   1.6000000e+01  -7.3034200e+00  -1.0192400e+01   1.8793800e+01   2.0000000e+00
   1.7000000e+01  -6.1012200e+00   7.1612500e+00   4.8880000e+01   1.0000000e+00
   1.8000000e+01  -1.1173000e+01   9.1716200e+00   5.6269800e+01  -2.0000000e+00
   1.9000000e+01  -1.8882700e+00  -9.4290900e+00   1.8423900e+01   2.0000000e+00
   2.0000000e+01  -5.2653100e+00  -5.0154400e+00   1.9239400e+01   2.0000000e+00
   2.1000000e+01   2.1298700e+00   1.1842000e+01   4.8906200e+01   1.0000000e+00
   2.2000000e+01   9.5801900e-01   1.5283500e+01   4.7377100e+01  -2.0000000e+00
   2.3000000e+01  -4.4351300e-01  -2.4197900e+00   3.5196900e+01  -3.0000000e+00
   2.4000000e+01   1.3726100e+00   7.7621900e+00   4.7938800e+01   1.0000000e+00
   2.5000000e+01   9.5922800e+00  -1.5434300e+01   2.1306300e+01  -1.0000000e+00
   2.6000000e+01  -9.3719300e+00  -4.2494500e+00   1.8914900e+01   2.0000000e+00
   2.7000000e+01  -4.0978600e+00   1.7423200e+01   4.8745800e+01  -1.0000000e+00
   2.8000000e+01   4.8753000e+00   1.6577300e+01   4.9388200e+01  -1.0000000e+00
   2.9000000e+01  -1.2848700e+01   1.1563600e+01   5.8043400e+01  -2.0000000e+00
   3.0000000e+01   4.1425600e+00  -1.6205100e+01   3.1102400e+01  -2.0000000e+00
   3.1000000e+01   9.9846400e+00   1.4471300e+01   3.6802300e+01  -2.0000000e+00
   3.2000000e+01  -8.8436300e+00   1.1922200e+01   4.9475800e+01   1.0000000e+00
   3.3000000e+01  -1.0730200e+01  -3.0328300e-01   1.9691200e+01   2.0000000e+00
   3.4000000e+01  -2.6001000e+00  -1.2989500e+01   1.8156200e+01   2.0000000e+00
   3.5000000e+01   1.6179600e+00   2.1785400e-01   3.6455100e+01  -3.0000000e+00
   3.6000000e+01  -1.0079000e+01   3.1892200e+00   1.4556300e+01  -3.0000000e+00
   3.7000000e+01  -5.0715600e-01   1.6738800e+01   3.5752800e+01  -2.0000000e+00
   3.8000000e+01  -1.5489000e+01  -3.1176900e+00   1.9443800e+01  -2.0000000e+00
   3.9000000e+01   2.1993800e+00  -4.7074900e+00   1.9005200e+01   2.0000000e+00
   4.0000000e+01   1.5790200e+01  -2.5156100e+00   4.9482600e+01  -2.0000000e+00
   4.1000000e+01  -1.2128100e+01   3.6064200e+00   1.8248800e+01   2.0000000e+00
   4.2000000e+01   8.2501500e+00  -1.7041800e+01   1.9161300e+01  -1.0000000e+00
   4.3000000e+01  -3.2386600e+00  -1.0985300e+01   1.8596000e+01   2.0000000e+00
   4.4000000e+01  -1.6172500e+01  -1.1659300e+00   1.8908000e+01  -2.0000000e+00
   4.5000000e+01  -1.5564300e+01   7.8672800e+00   1.0166700e+01  -2.0000000e+00
   4.6000000e+01   1.2215500e+01  -1.8632200e+00   4.8800000e+01   1.0000000e+00
   4.7000000e+01   7.5362500e+00   2.2287100e+00   4.8930500e+01   1.0000000e+00
   4.8000000e+01  -6.0337700e-01   7.1474200e+00   4.8258200e+01   1.0000000e+00
   4.9000000e+01  -4.9429500e+00   1.3303400e+01   4.8538600e+01   1.0000000e+00
   5.0000000e+01   7.8635800e-01  -1.7447900e+01   2.0834900e+01  -1.0000000e+00
   5.1000000e+01   5.6194800e+00  -3.5723500e+00   3.3905200e+01  -3.0000000e+00
   5.2000000e+01  -2.1597500e+00   8.4906300e+00   4.8696800e+01   1.0000000e+00
   5.3000000e+01   6.0728800e+00   1.3141300e+01   4.8953400e+01   1.0000000e+00
   5.4000000e+01   1.2275100e+01   7.6587000e+00   4.8290400e+01   1.0000000e+00
   5.5000000e+01  -9.5882200e+00   7.8474100e+00   3.7300000e+01   1.0000000e+00
   5.6000000e+01   1.6984300e+01   3.5684900e+00   6.3542400e+01  -1.0000000e+00
   5.7000000e+01   2.0729000e+00   2.3190600e+00   4.8540700e+01   1.0000000e+00
   5.8000000e+01  -3.8670000e+00  -3.4766800e+00   1.9637400e+01  -3.0000000e+00
   5.9000000e+01  -3.7221100e+00   9.8744000e+00   4.9248600e+01   1.0000000e+00
   6.0000000e+01   7.6228900e+00   1.1761100e+01   4.8967300e+01   1.0000000e+00
   6.1000000e+01  -6.4970600e+00   5.1419600e+00   4.8543800e+01   1.0000000e+00
   6.2000000e+01   1.1366700e+01  -5.9873600e+00   4.9919300e+01  -3.0000000e+00
   6.3000000e+01   1.1047200e+01  -8.0426600e+00   5.3536000e+01  -3.0000000e+00
   6.4000000e+01  -9.3858800e+00   1.2513200e+00   7.7172500e+00  -3.0000000e+00
   6.5000000e+01   1.5427700e+01   4.9174300e+00   4.9272700e+01  -2.0000000e+00
   6.6000000e+01  -5.0165900e+00   3.6989600e+00   4.8833400e+01   1.0000000e+00
   6.7000000e+01  -1.0790700e+01   1.1239000e+01   5.5681600e+01   0.0000000e+00
   6.8000000e+01  -5.9965500e+00  -1.4105700e+01   1.8247500e+01   2.0000000e+00
   6.9000000e+01  -5.2618200e-01  -7.8744000e+00   1.8219400e+01   2.0000000e+00
   7.0000000e+01  -5.2598500e+00  -1.0597100e+01   1.9058000e+01   2.0000000e+00
   7.1000000e+01   1.3528800e+01   1.3817800e+01   3.5271600e+01  -1.0000000e+00
   7.2000000e+01   1.5952200e+00  -2.6551200e+00   3.0449500e+01  -3.0000000e+00
   7.3000000e+01   8.9375900e+00  -1.3396000e+01   1.9575500e+01  -2.0000000e+00
   7.4000000e+01  -8.0863400e+00   1.6087300e+01   4.9069800e+01  -1.0000000e+00
   7.5000000e+01   7.2119000e+00   1.7353100e-01   4.9117600e+01   1.0000000e+00
   7.6000000e+01  -5.9590700e+00  -8.5950200e+00   1.8869100e+01   2.0000000e+00
   7.7000000e+01   1.3854600e+01   6.2709300e+00   4.8888900e+01   1.0000000e+00
   7.8000000e+01   9.1254000e+00   9.0853500e-01   4.9367400e+01   1.0000000e+00
   7.9000000e+01   1.1769300e+01  -1.3342900e+01   4.9563700e+01  -2.0000000e+00
   8.0000000e+01   6.8264400e+00   1.7301800e+01   4.9521200e+01  -1.0000000e+00
   8.1000000e+01   4.8877700e+00  -7.1342200e+00   1.8992400e+01   2.0000000e+00
   8.2000000e+01   1.5801400e+01   6.9478900e+00   4.9363500e+01  -2.0000000e+00
   8.3000000e+01  -1.1425400e+01  -3.8677000e+00   1.9094400e+01   2.0000000e+00
   8.4000000e+01  -7.6362100e+00   8.5354200e+00   4.9016000e+01   1.0000000e+00
   8.5000000e+01   1.0273300e+01  -2.5736000e+00   4.9608600e+01   1.0000000e+00
   8.6000000e+01   1.1096500e+01   1.5672900e+00   4.8470600e+01   1.0000000e+00
   8.7000000e+01  -1.2080500e+01  -1.9059600e+00   1.9171100e+01   2.0000000e+00
   8.8000000e+01  -5.9860200e+00  -3.0924300e+00   1.9327700e+01   2.0000000e+00
   8.9000000e+01   8.6506200e-01  -6.3468300e+00   1.9101900e+01   2.0000000e+00
   9.0000000e+01   6.8795900e+00  -1.3069700e+01   1.9443700e+01   2.0000000e+00
   9.1000000e+01   1.4957200e+00  -8.3434600e+00   1.8606900e+01   2.0000000e+00
   9.2000000e+01  -1.4784300e+01  -1.0546700e+01   4.4136300e+00  -1.0000000e+00
   9.3000000e+01   1.5350500e+01  -4.5335500e+00   4.9435500e+01  -2.0000000e+00
   9.4000000e+01  -1.2765900e+01  -5.4229000e+00   1.9820900e+01   2.0000000e+00
   9.5000000e+01  -1.2303800e+00  -1.1430600e+01   1.8341600e+01   2.0000000e+00
   9.6000000e+01  -8.4375700e+00   4.4250800e+00   4.3800200e+01  -3.0000000e+00
   9.7000000e+01   5.5487100e+00  -1.4642700e+01   1.8616500e+01  -2.0000000e+00
   9.8000000e+01   1.7446800e+01   5.6776400e+00   5.0198800e+01  -1.0000000e+00
   9.9000000e+01  -1.4145600e+01  -1.4975600e+00   1.9444900e+01   2.0000000e+00
   1.0000000e+02   1.0692400e+01  -4.7945900e-01   4.8712700e+01   1.0000000e+00
   1.0100000e+02   4.4566400e+00   5.0228000e+00   4.8676300e+01   1.0000000e+00
   1.0200000e+02   2.8661000e+00  -1.7880100e+01   2.0574400e+01  -1.0000000e+00
   1.0300000e+02  -2.9860300e+00   1.3942300e+01   4.8280100e+01   1.0000000e+00
   1.0400000e+02  -1.0406300e+01   1.3271700e+01   5.6252600e+01  -2.0000000e+00
   1.0500000e+02   7.5911000e+00  -9.4824800e+00   1.9584600e+01   2.0000000e+00
   1.0600000e+02  -1.4126700e+01  -1.2503900e+01   2.2284900e+00  -1.0000000e+00
   1.0700000e+02   7.2188900e+00   9.7507300e+00   4.8981600e+01   1.0000000e+00
   1.0800000e+02   4.2310000e+00  -5.1576200e+00   1.8343700e+01   2.0000000e+00
   1.0900000e+02   1.7821200e+01  -1.7474900e+00   6.4818900e+01  -1.0000000e+00
   1.1000000e+02  -1.2096000e+01  -1.2936500e+01   1.8294000e+01  -2.0000000e+00
   1.1100000e+02  -9.2319000e+00   9.8946000e+00   4.9682400e+01   1.0000000e+00
   1.1200000e+02  -4.5952900e+00  -1.5565600e+00   3.7896200e+01  -3.0000000e+00
   1.1300000e+02   1.6185100e+01  -4.8874000e-01   5.0036200e+01  -2.0000000e+00
   1.1400000e+02   1.3063700e+01   2.1910400e+00   4.8669100e+01   1.0000000e+00
   1.1500000e+02   3.5207900e+00  -8.6712800e+00   1.9056800e+01   2.0000000e+00
   1.1600000e+02   4.8586900e+00   7.0469400e+00   4.8695300e+01   1.0000000e+00
   1.1700000e+02   8.2479100e+00  -1.1450500e+01   1.8445000e+01   2.0000000e+00
   1.1800000e+02  -1.3550500e+01   7.4737200e+00   3.8150000e+01  -2.0000000e+00
   1.1900000e+02   1.6693700e+01  -7.9400000e+00   6.4241000e+01  -1.0000000e+00
   1.2000000e+02  -6.6030400e+00  -1.7819100e+01   1.8601600e+01  -1.0000000e+00
   1.2100000e+02   9.1417500e-01   5.7357800e+00   4.8055700e+01   1.0000000e+00
   1.2200000e+02   1.1165500e+01   1.1095200e+01   4.8478300e+01   1.0000000e+00
   1.2300000e+02  -1.3230400e+01   9.4909800e+00   5.9745400e+01  -1.0000000e+00
   1.2400000e+02   6.1599200e+00  -1.6645800e+01   1.8192800e+01  -1.0000000e+00
   1.2500000e+02  -3.3007900e+00  -1.6549300e+01   1.6904500e+01  -1.0000000e+00
   1.2600000e+02   5.2189100e+00  -4.7500300e-01   3.6302100e+01  -3.0000000e+00
   1.2700000e+02  -4.5504000e+00   5.8005300e+00   4.8247300e+01   1.0000000e+00
   1.2800000e+02   5.2347000e-01   3.7028300e+00   4.8605500e+01   1.0000000e+00
   1.2900000e+02   1.1647000e+01  -1.5463600e+01   6.4922800e+01  -1.0000000e+00
   1.3000000e+02  -3.0128700e+00   4.4236700e+00   4.8356800e+01   1.0000000e+00
   1.3100000e+02  -9.4016300e+00  -1.5254700e+01   7.3802100e+00  -2.0000000e+00
   1.3200000e+02   9.9055400e+00  -9.7593500e+00   2.0502300e+01  -3.0000000e+00
   1.3300000e+02   2.5209100e+00   1.3862900e+01   4.8488300e+01   1.0000000e+00
   1.3400000e+02   1.5935100e+01  -1.2043500e+01   5.1052900e+01  -1.0000000e+00
   1.3500000e+02  -5.3485200e+00   1.1259200e+01   4.9339100e+01   1.0000000e+00
   1.3600000e+02  -1.2812900e+01   5.5536200e+00   2.0646200e+01   2.0000000e+00
   1.3700000e+02  -1.1443600e+01   1.6472800e+00   1.9397200e+01   2.0000000e+00
   1.3800000e+02   1.6963700e+01  -5.8566700e+00   6.5221200e+01  -1.0000000e+00
   1.3900000e+02  -3.8028200e+00   3.3864800e-01   4.5598400e+01  -3.0000000e+00
   1.4000000e+02  -2.5569600e+00   6.4666500e+00   4.8294400e+01   1.0000000e+00
   1.4100000e+02  -1.4154400e+01   3.9923800e+00   2.0069000e+01   2.0000000e+00
   1.4200000e+02   1.1227600e-01  -9.8781300e+00   1.8346100e+01   2.0000000e+00
   1.4300000e+02  -1.6248100e+01   4.3245900e+00   2.0042200e+01  -2.0000000e+00
   1.4400000e+02   6.2184100e+00  -1.1025000e+01   1.8909000e+01   2.0000000e+00
   1.4500000e+02   1.4558100e+00   1.7405000e+01   4.6832000e+01  -1.0000000e+00
   1.4600000e+02  -1.8210400e+01  -7.2802600e-01   1.7897100e+01  -1.0000000e+00
   1.4700000e+02   1.9213000e-01   1.1172300e+01   4.9316700e+01   1.0000000e+00
   1.4800000e+02  -1.2773500e+01   4.8451000e-02   1.9433200e+01   2.0000000e+00
   1.4900000e+02   6.0072500e+00   3.6386900e+00   4.8252600e+01   1.0000000e+00
   1.5000000e+02  -3.9377100e+00  -9.0073500e+00   1.8826300e+01   2.0000000e+00
   1.5100000e+02   8.1019500e-01  -1.1858100e+01   1.8568200e+01   2.0000000e+00
   1.5200000e+02   5.4276800e-01   1.3241800e+01   4.8631800e+01   1.0000000e+00
   1.5300000e+02   1.4260100e+01   8.3004300e+00   4.8053100e+01  -2.0000000e+00
   1.5400000e+02   1.3474800e+01   4.2542100e+00   4.8715000e+01   1.0000000e+00
   1.5500000e+02  -1.3403100e+01  -8.9822100e+00   1.9548100e+01  -2.0000000e+00
   1.5600000e+02   6.4092400e+00   5.6755300e+00   4.8453000e+01   1.0000000e+00
   1.5700000e+02  -3.4475800e+00   2.3701300e+00   4.9417800e+01   1.0000000e+00
   1.5800000e+02  -2.1471200e+00   1.8105300e+01   4.9834700e+01  -1.0000000e+00
   1.5900000e+02   3.6197700e+00  -3.1083600e+00   4.0912200e+00  -3.0000000e+00
   1.6000000e+02  -1.7583400e+01   2.7285100e+00   5.4227300e+00  -1.0000000e+00
   1.6100000e+02  -1.4091400e+01  -7.0330800e+00   1.9674000e+01  -2.0000000e+00
   1.6200000e+02   1.5009300e+01   2.8978800e+00   4.8888100e+01  -2.0000000e+00
   1.6300000e+02   1.1497300e+01   3.6044700e+00   4.8538500e+01   1.0000000e+00
   1.6400000e+02  -8.7005600e+00  -1.7208600e+01   1.7494400e+01  -1.0000000e+00
   1.6500000e+02  -4.5906100e+00  -7.0427700e+00   1.8614700e+01   2.0000000e+00
   1.6600000e+02  -1.1370300e+01  -9.3680600e+00   1.9304100e+01   2.0000000e+00
   1.6700000e+02  -8.6737300e+00  -6.9328000e-01   1.9152400e+01   2.0000000e+00
   1.6800000e+02   8.0004200e+00  -3.5746600e+00   2.6759600e+01  -3.0000000e+00
   1.6900000e+02  -7.9875400e+00  -8.1774500e+00   1.8880100e+01   2.0000000e+00
   1.7000000e+02   1.2252000e+01  -1.1320800e+01   5.8870800e+01  -3.0000000e+00
   1.7100000e+02  -1.6187100e+01  -6.6385200e+00   3.8602100e+00  -1.0000000e+00
   1.7200000e+02   3.4930900e+00  -1.4215900e+01   1.8417900e+01   2.0000000e+00
   1.7300000e+02   8.4480100e+00   1.5867100e+01   3.2952000e+01  -1.0000000e+00
   1.7400000e+02   7.5878200e+00  -1.5011700e+01   1.9153600e+01  -2.0000000e+00
   1.7500000e+02  -1.0035100e+01  -7.7770300e+00   1.9181600e+01   2.0000000e+00
   1.7600000e+02  -1.7656400e+00   1.0507800e+01   4.9097900e+01   1.0000000e+00
   1.7700000e+02  -7.3016500e+00  -4.6949100e+00   1.9465700e+01   2.0000000e+00
   1.7800000e+02  -1.4918500e+01   5.9061000e+00   1.9621900e+01  -2.0000000e+00
   1.7900000e+02   1.4483700e+00  -1.3807600e+01   1.8103600e+01   2.0000000e+00
   1.8000000e+02  -1.8982300e-01   9.1541500e+00   4.8589900e+01   1.0000000e+00
   1.8100000e+02  -3.7927800e-01  -3.7534300e-01   6.2810500e+01  -3.0000000e+00
   1.8200000e+02   1.4972400e+01  -6.5649300e+00   4.9853200e+01  -2.0000000e+00
   1.8300000e+02  -2.3492500e+00  -1.3637000e+00   3.0997400e+01  -3.0000000e+00
   1.8400000e+02  -1.0034000e+01  -2.2662700e+00   1.9052600e+01   2.0000000e+00
   1.8500000e+02  -1.6880400e+01  -4.6957100e+00   4.2055700e+00  -1.0000000e+00
   1.8600000e+02  -5.3355100e+00  -1.6131400e+01   3.1173200e+01  -2.0000000e+00
   1.8700000e+02   1.4233000e+01  -1.1835900e+00   4.9005700e+01   1.0000000e+00
   1.8800000e+02   1.5262100e+01   1.2365400e+01   4.7503500e+01  -1.0000000e+00
   1.8900000e+02   3.2195600e+00  -1.0764200e+00   3.4402200e+01  -3.0000000e+00
   1.9000000e+02   1.3770700e+01  -1.2725100e+01   6.1184000e+01  -2.0000000e+00
   1.9100000e+02   1.4629400e+01  -8.6018200e+00   4.9132600e+01  -2.0000000e+00
   1.9200000e+02  -1.8579400e+00  -3.9121200e+00   1.6216600e+01  -3.0000000e+00
   1.9300000e+02  -1.4280900e+00   1.2544300e+01   4.8979000e+01   1.0000000e+00
   1.9400000e+02   4.1878500e+00  -1.0673100e+01   1.9337500e+01   2.0000000e+00
   1.9500000e+02  -1.1437800e+01  -1.4943800e+01   1.9812600e+01  -1.0000000e+00
   1.9600000e+02   1.2675000e+01  -9.3057200e+00   4.9820900e+01  -3.0000000e+00
   1.9700000e+02   8.7366600e+00  -1.2100600e+00   4.7861600e+01   1.0000000e+00
   1.9800000e+02  -6.9994800e+00   2.9540900e+00   4.8709500e+01  -3.0000000e+00
   1.9900000e+02  -1.0714800e+01  -5.8131100e+00   1.9285200e+01   2.0000000e+00
   2.0000000e+02  -3.4030200e+00   1.1929700e+01   4.8844800e+01   1.0000000e+00
   2.0100000e+02  -1.0033900e+00   1.4663800e+01   4.7766900e+01   1.0000000e+00
   2.0200000e+02  -8.6738300e+00  -1.1716800e+01   1.8509900e+01   2.0000000e+00
   2.0300000e+02   3.3194400e+00   8.4081000e+00   4.8586200e+01   1.0000000e+00
   2.0400000e+02   1.7761600e+00   9.7795900e+00   4.8730400e+01   1.0000000e+00
   2.0500000e+02   7.9841400e+00   4.2950000e+00   4.8646700e+01   1.0000000e+00
   2.0600000e+02  -7.3466100e+00  -1.5652500e+01   1.8600300e+01  -2.0000000e+00
   2.0700000e+02   8.3653700e+00   6.3100700e+00   4.8854100e+01   1.0000000e+00
   2.0800000e+02  -8.0254400e+00  -1.3697800e+01   1.8523600e+01   2.0000000e+00
   2.0900000e+02   5.5576400e+00  -9.0775200e+00   1.9050400e+01   2.0000000e+00
   2.1000000e+02   2.0793000e+00  -1.5805900e+01   1.9065100e+01  -2.0000000e+00
   2.1100000e+02   9.8319800e+00  -4.6004500e+00   4.3127700e+01  -3.0000000e+00
   2.1200000e+02  -6.6158500e+00  -6.6443500e+00   1.9015400e+01   2.0000000e+00
   2.1300000e+02   2.8477500e+00  -1.2256500e+01   1.8849900e+01   2.0000000e+00
   2.1400000e+02  -8.0760200e+00   6.4395900e+00   5.0486600e+01   1.0000000e+00
   2.1500000e+02  -1.5507000e+01   2.3953600e+00   2.0248200e+01  -2.0000000e+00
   2.1600000e+02   8.0064100e+00   1.3849300e+01   4.8625200e+01  -2.0000000e+00
   2.1700000e+02   3.7127800e+00   1.0436200e+01   4.8783800e+01   1.0000000e+00
   2.1800000e+02  -1.3453500e+01  -3.4481700e+00   1.9413700e+01   2.0000000e+00
   2.1900000e+02   6.2427600e+00  -5.5286700e+00   1.8791500e+01   2.0000000e+00
   2.2000000e+02  -1.4545200e+01   1.2735900e+01   5.3083800e+01  -1.0000000e+00
   2.2100000e+02   6.7688100e+00  -1.8563700e+00   4.1195500e+01  -3.0000000e+00
   2.2200000e+02  -1.0049100e+01  -1.3294000e+01   1.9039200e+01  -2.0000000e+00
   2.2300000e+02   8.9334200e+00  -7.8840600e+00   1.0130000e+01  -3.0000000e+00
   2.2400000e+02  -1.8275900e+01   4.7160000e+00   1.9514200e+01  -1.0000000e+00
   2.2500000e+02   1.8263500e+01   2.9061000e-01   5.0759400e+01  -1.0000000e+00
   2.2600000e+02  -6.8952000e+00   1.2626300e+01   4.9211400e+01   1.0000000e+00
   2.2700000e+02   1.2720600e+01   9.6816300e+00   4.7583600e+01   1.0000000e+00
   2.2800000e+02   1.7396700e+01  -3.8113100e+00   6.4244500e+01  -1.0000000e+00
   2.2900000e+02   1.3420900e+01  -5.2291800e+00   4.9694300e+01   1.0000000e+00
   2.3000000e+02  -1.4968400e+01   1.0608600e+01   5.4886200e+01  -2.0000000e+00
   2.3100000e+02  -3.9793000e+00  -1.4532100e+01   1.8341400e+01  -2.0000000e+00
   2.3200000e+02  -1.8702200e+00   1.0356200e+00   4.8298500e+01   1.0000000e+00
   2.3300000e+02   1.6079600e-01  -4.4179500e+00   1.8903700e+01   2.0000000e+00
   2.3400000e+02  -6.6354700e+00  -1.1472200e+00   6.4207100e+00  -3.0000000e+00
   2.3500000e+02  -1.4810900e+01  -5.0852700e+00   1.9674600e+01  -2.0000000e+00
   2.3600000e+02  -1.0698200e+01  -1.1334600e+01   1.8894500e+01   2.0000000e+00
   2.3700000e+02   9.9539400e+00   4.9797600e+00   4.9085600e+01   1.0000000e+00
   2.3800000e+02  -1.3465200e+01   2.0333000e+00   1.9519500e+01   2.0000000e+00
   2.3900000e+02   8.7859400e+00   8.3932400e+00   4.8552600e+01   1.0000000e+00
   2.4000000e+02  -1.2133500e+00  -5.9346500e+00   1.8290100e+01   2.0000000e+00
   2.4100000e+02  -1.6941400e+01   6.3210500e+00   3.4031800e+01  -1.0000000e+00
   2.4200000e+02   2.9187300e+00   1.5939800e+01   3.5797600e+01  -2.0000000e+00
   2.4300000e+02  -2.5016200e+00   1.6087800e+01   4.8675000e+01  -2.0000000e+00
   2.4400000e+02   1.6263900e+01   8.9522500e+00   4.7617000e+01  -1.0000000e+00
   2.4500000e+02  -1.3591500e+01  -1.4558900e+01   1.7265400e+01  -1.0000000e+00
   2.4600000e+02  -1.6827000e+01   8.0949500e-01   1.9571600e+01  -2.0000000e+00
   2.4700000e+02   6.8361300e+00   7.7109300e+00   4.8689700e+01   1.0000000e+00
   2.4800000e+02  -1.0292700e+00   5.0680600e+00   4.8293600e+01   1.0000000e+00
   2.4900000e+02   1.2659200e+01   1.6202500e-01   4.8527300e+01   1.0000000e+00
   2.5000000e+02  -1.2715600e+01  -1.0949400e+01   1.8688900e+01  -2.0000000e+00
   2.5100000e+02   4.0527200e+00   2.9809600e+00   4.8399200e+01   1.0000000e+00
   2.5200000e+02   1.4735900e+01   1.0336600e+01   4.7029500e+01  -2.0000000e+00
   2.5300000e+02  -6.6188400e+00  -1.2136000e+01   1.8379300e+01   2.0000000e+00
   2.5400000e+02   1.1734700e-01   1.6296300e+00   4.7612800e+01   1.0000000e+00
   2.5500000e+02   1.3007700e+01  -7.2409600e+00   5.0515000e+01   1.0000000e+00
   2.5600000e+02  -8.6601400e+00  -6.2363800e+00   1.8793100e+01   2.0000000e+00
   2.5700000e+02   1.1903700e+01   5.6319600e+00   4.8784800e+01   1.0000000e+00
   2.5800000e+02   1.0271400e+01  -1.1837900e+01   1.5615200e+01  -3.0000000e+00
   2.5900000e+02   6.9091800e+00  -7.4822600e+00   1.9202200e+01   2.0000000e+00
   2.6000000e+02  -1.4519200e+00   3.0492800e+00   4.8340500e+01   1.0000000e+00
   2.6100000e+02  -7.2833900e+00   1.0587700e+01   4.9448200e+01   1.0000000e+00
   2.6200000e+02  -4.1112200e+00   7.8546500e+00   4.8664800e+01   1.0000000e+00
   2.6300000e+02   9.5883200e+00   1.2439500e+01   4.8991300e+01   1.0000000e+00
   2.6400000e+02  -5.3923200e+00   1.6592900e+00   3.8405000e+01  -3.0000000e+00
   2.6500000e+02  -5.6762900e+00   9.1929500e+00   4.9242600e+01   1.0000000e+00
   2.6600000e+02   5.2664600e+00   9.0632300e+00   4.8896700e+01   1.0000000e+00
   2.6700000e+02   4.1122700e+00   1.2489100e+01   4.8656700e+01   1.0000000e+00
   2.6800000e+02  -9.3174900e+00  -9.7586300e+00   1.8981100e+01   2.0000000e+00
   2.6900000e+02  -4.6111000e+00  -1.2550900e+01   1.8189000e+01   2.0000000e+00
   2.7000000e+02  -7.3451400e+00   9.1114100e-01   4.4258100e+01  -3.0000000e+00
   2.7100000e+02   1.1929700e+01   1.5190000e+01   5.0044300e+01  -1.0000000e+00
   2.7200000e+02  -5.8165600e-01  -1.3386600e+01   1.8415200e+01   2.0000000e+00
   2.7300000e+02  -1.7113000e+01   9.4058700e+00   2.2235800e+01  -1.0000000e+00
   2.7400000e+02  -1.5535100e+01  -8.6445800e+00   4.6733700e+00  -1.0000000e+00
   2.7500000e+02   9.5397500e+00   2.9199800e+00   4.8806300e+01   1.0000000e+00
   2.7600000e+02  -1.2049100e+01  -7.3821600e+00   1.9593200e+01   2.0000000e+00
   2.7700000e+02   1.1819400e+01  -3.9187200e+00   4.9227500e+01   1.0000000e+00
   2.7800000e+02   5.5766300e+00   1.5865200e+00   4.8520500e+01   1.0000000e+00
   2.7900000e+02   4.8638800e+00  -1.2646700e+01   1.9005300e+01   2.0000000e+00
   2.8000000e+02  -8.4769600e+00   1.3969600e+01   4.9978700e+01  -2.0000000e+00
   2.8100000e+02   1.6154200e+01  -9.9805500e+00   6.4289100e+01  -1.0000000e+00
   2.8200000e+02   2.9097400e+00   6.3661100e+00   4.8336700e+01   1.0000000e+00
   2.8300000e+02  -1.7578000e+01  -2.6978800e+00   3.2868200e+00  -1.0000000e+00
   2.8400000e+02   1.6574600e+01   1.5191600e+00   4.9863900e+01  -2.0000000e+00
   2.8500000e+02   1.3227200e+01   1.1742800e+01   4.8274900e+01  -2.0000000e+00
   2.8600000e+02  -1.0408800e+01   5.2387400e+00   1.3383600e+01  -3.0000000e+00
   2.8700000e+02   6.4481200e+00   1.5221000e+01   4.9173200e+01  -2.0000000e+00
   2.8800000e+02  -1.1525700e+01   7.1501900e+00   4.6447800e+01  -3.0000000e+00
   2.8900000e+02   2.8888200e+00  -6.7142300e+00   1.8899900e+01   2.0000000e+00
   2.9000000e+02  -6.4901200e+00   1.4684700e+01   4.9031400e+01  -2.0000000e+00
   2.9100000e+02  -8.0018900e+00  -2.6926800e+00   1.8658600e+01   2.0000000e+00
   2.9200000e+02  -1.2470500e+01   1.3709900e+01   6.1055400e+01  -1.0000000e+00
   2.9300000e+02   9.2127900e+00   1.0418200e+01   4.8897300e+01   1.0000000e+00
   2.9400000e+02   8.2681900e+00  -5.9287700e+00   1.4653900e+01  -3.0000000e+00
   2.9500000e+02  -4.5369600e+00   1.5342100e+01   4.8523000e+01  -2.0000000e+00
   2.9600000e+02  -6.1196000e+00   1.6784200e+01   4.8675400e+01  -1.0000000e+00
   2.9700000e+02   1.0316600e+01   7.0092800e+00   4.8784600e+01   1.0000000e+00
   2.9800000e+02   4.5097200e+00   1.4523300e+01   4.8976200e+01  -2.0000000e+00
   2.9900000e+02  -1.9649900e+00  -1.4967500e+01   1.8419000e+01  -2.0000000e+00
