   0.0000000e+00   1.5706800e+01   4.7202600e+00  -1.0000000e+00
   1.0000000e+00  -1.3451200e+01  -1.0385100e+01   1.0000000e+00
   2.0000000e+00  -1.9218300e+00   1.8700700e+01   1.0000000e+00
   3.0000000e+00  -2.4145600e+00   7.6687300e+00   1.0000000e+00
   4.0000000e+00   5.0612600e+00   4.0560700e-02  -1.0000000e+00
   5.0000000e+00  -9.8975100e+00   8.2708200e+00   1.0000000e+00
   6.0000000e+00   5.9814500e+00   1.4514000e+01   1.0000000e+00
   7.0000000e+00   4.5988100e+00  -7.4071600e+00  -1.0000000e+00
   8.0000000e+00   5.8579400e-01   1.5439400e+01   1.0000000e+00
   9.0000000e+00  -1.7686100e+01   3.6241700e+00   1.0000000e+00
   1.0000000e+01  -7.2796600e+00   5.1015900e+00   1.0000000e+00
   1.1000000e+01  -1.4528000e+01  -3.2011500e+00   1.0000000e+00
   1.2000000e+01  -1.0090000e+01   2.8736300e+00   1.0000000e+00
   1.3000000e+01  -1.6496700e+00  -3.2860400e+00  -1.0000000e+00
   1.4000000e+01   1.4884700e+01  -3.4334800e+00  -1.0000000e+00
   1.5000000e+01   7.6177200e+00  -1.4246100e+01  -1.0000000e+00
   1.6000000e+01  -2.9687300e+00   1.1222400e+01   1.0000000e+00
   1.7000000e+01   6.3550200e+00  -1.7638600e+01  -1.0000000e+00
   1.8000000e+01   2.1469400e+00  -1.4146400e+01  -1.0000000e+00
   1.9000000e+01   1.1920600e+00   1.4313800e+00   1.0000000e+00
   2.0000000e+01  -1.1197600e+01  -1.2128800e+01  -1.0000000e+00
   2.1000000e+01  -1.0476200e+01  -1.6190600e+01  -1.0000000e+00
   2.2000000e+01   1.1553400e+01  -1.5667300e+01  -1.0000000e+00
   2.3000000e+01   9.8357100e+00   9.6616600e+00   1.0000000e+00
   2.4000000e+01   3.7216300e+00  -1.2820000e+01  -1.0000000e+00
   2.5000000e+01  -6.8106500e+00   1.6166300e+01   1.0000000e+00
   2.6000000e+01   4.2999500e+00   4.4450600e+00   1.0000000e+00
   2.7000000e+01  -3.5207100e+00   1.4763100e+01   1.0000000e+00
   2.8000000e+01  -1.1435000e+01  -1.0008700e+01  -1.0000000e+00
   2.9000000e+01   6.7204100e+00   1.6499600e+01   1.0000000e+00
   3.0000000e+01  -8.5836700e+00   6.7053900e+00   1.0000000e+00
   3.1000000e+01   8.5858900e+00   6.8582200e-01  -1.0000000e+00
   3.2000000e+01   6.3062300e+00   5.4901500e+00   1.0000000e+00
   3.3000000e+01  -8.5631500e-01  -1.7053100e+01  -1.0000000e+00
   3.4000000e+01   1.5608000e+01  -7.5539600e+00  -1.0000000e+00
   3.5000000e+01   6.0317600e+00  -1.5561900e+01  -1.0000000e+00
   3.6000000e+01  -4.2848200e+00   1.2828200e+01   1.0000000e+00
   3.7000000e+01  -1.4835800e+01  -8.7371100e+00   1.0000000e+00
   3.8000000e+01  -4.3944700e+00  -1.7645900e+01  -1.0000000e+00
   3.9000000e+01   1.0563300e+01   1.1655100e-02  -1.0000000e+00
   4.0000000e+01  -1.5067500e+01   3.5266000e-01   1.0000000e+00
   4.1000000e+01  -1.0792900e+01  -1.4136000e+01  -1.0000000e+00
   4.2000000e+01   1.4395300e+01  -1.0932400e+01  -1.0000000e+00
   4.3000000e+01  -1.7372400e+01  -5.4700600e+00   1.0000000e+00
   4.4000000e+01  -6.0209500e+00   1.8075100e+01   1.0000000e+00
   4.5000000e+01   1.7970300e+01   1.3858400e+00  -1.0000000e+00
   4.6000000e+01   6.7963100e-01  -6.0032400e+00  -1.0000000e+00
   4.7000000e+01  -5.0051700e+00   1.0910300e+01   1.0000000e+00
   4.8000000e+01  -9.1149300e+00   1.0272700e+01   1.0000000e+00
   4.9000000e+01   1.7766000e+00  -1.2109800e+01  -1.0000000e+00
   5.0000000e+01   1.0848900e+01  -1.1579100e+01  -1.0000000e+00
   5.1000000e+01  -1.6402500e+00   9.6002200e+00   1.0000000e+00
   5.2000000e+01   1.1700500e+01  -6.1376500e+00  -1.0000000e+00
   5.3000000e+01  -4.8930200e+00  -5.8764800e+00  -1.0000000e+00
   5.4000000e+01   4.0643100e+00  -1.4891100e+01  -1.0000000e+00
   5.5000000e+01   1.1159700e+00   1.1893300e+01   1.0000000e+00
   5.6000000e+01  -1.0888600e+01   1.5552400e+01   1.0000000e+00
   5.7000000e+01   1.6126300e+01  -9.5583400e+00  -1.0000000e+00
   5.8000000e+01   8.3360600e+00   5.7670100e+00   1.0000000e+00
   5.9000000e+01  -7.5709300e+00  -1.0678200e+01  -1.0000000e+00
   6.0000000e+01  -5.0023100e+00  -3.6035400e+00   1.0000000e+00
   6.1000000e+01  -6.0298000e-01   2.4434800e+00   1.0000000e+00
   6.2000000e+01  -1.8798300e+00   4.1210100e+00   1.0000000e+00
   6.3000000e+01   1.0107800e+01  -7.5098300e+00  -1.0000000e+00
   6.4000000e+01  -6.2948200e+00  -1.9746600e+00   1.0000000e+00
   6.5000000e+01  -1.9805500e+00  -1.2412700e+00   1.0000000e+00
   6.6000000e+01  -5.9845300e+00  -9.3129600e+00  -1.0000000e+00
   6.7000000e+01   2.2796900e+00  -4.6666900e+00  -1.0000000e+00
   6.8000000e+01   3.3544100e+00  -1.0790600e+01  -1.0000000e+00
   6.9000000e+01  -4.0513600e+00  -1.0006000e+01  -1.0000000e+00
   7.0000000e+01  -1.7200800e+00  -1.2784300e+01  -1.0000000e+00
   7.1000000e+01   1.8606000e+00  -1.7199500e+01  -1.0000000e+00
   7.2000000e+01  -8.3649100e+00   1.2181600e+01   1.0000000e+00
   7.3000000e+01   1.6446800e+01  -2.1024900e+00  -1.0000000e+00
   7.4000000e+01   9.7685900e+00  -5.4151200e+00  -1.0000000e+00
   7.5000000e+01   6.1346700e-01  -1.5538700e+01  -1.0000000e+00
   7.6000000e+01  -3.2061500e+00  -4.6322900e+00  -1.0000000e+00
   7.7000000e+01  -7.8381300e+00  -5.8168200e+00   1.0000000e+00
   7.8000000e+01   9.5777400e+00  -1.4956100e+01  -1.0000000e+00
   7.9000000e+01   1.2940100e+01  -2.7517600e+00  -1.0000000e+00
   8.0000000e+01  -6.7906800e+00  -1.4796400e+01  -1.0000000e+00
   8.1000000e+01   1.0497400e+00  -8.0482200e+00  -1.0000000e+00
   8.2000000e+01  -4.8285100e+00  -1.5475200e+01  -1.0000000e+00
   8.3000000e+01   9.2839800e+00   1.3257100e+01   1.0000000e+00
   8.4000000e+01   8.0285000e+00   1.4881900e+01   1.0000000e+00
   8.5000000e+01  -1.0433900e+01  -2.6299600e+00   1.0000000e+00
   8.6000000e+01  -1.3225700e+01  -1.2443400e+01  -1.0000000e+00
   8.7000000e+01  -8.3612200e+00  -2.3109100e+00   1.0000000e+00
   8.8000000e+01   1.3711800e+00   1.7434400e+01   1.0000000e+00
   8.9000000e+01   1.3180100e+01   8.3266600e+00  -1.0000000e+00
   9.0000000e+01  -4.7055600e+00   1.8760800e+00   1.0000000e+00
   9.1000000e+01  -1.5192700e-01  -1.1427200e+01  -1.0000000e+00
   9.2000000e+01   1.4474500e+01   6.6258400e+00  -1.0000000e+00
   9.3000000e+01  -3.9850500e+00  -1.7395800e+00   1.0000000e+00
   9.4000000e+01  -3.9506200e+00   1.8411300e+01   1.0000000e+00
   9.5000000e+01  -1.5633300e+01   3.8937600e+00   1.0000000e+00
   9.6000000e+01  -3.9243400e+00   3.7929700e+00   1.0000000e+00
   9.7000000e+01   3.1697600e+00   1.2230100e+01   1.0000000e+00
   9.8000000e+01  -1.5271900e+01   9.3159700e+00   1.0000000e+00
   9.9000000e+01   1.3927500e+01   1.0240500e+01   1.0000000e+00
   1.0000000e+02   5.8376300e+00  -4.0063300e+00  -1.0000000e+00
   1.0100000e+02  -1.2471000e+01   1.1562800e+01   1.0000000e+00
   1.0200000e+02  -8.3907000e+00  -1.6132000e+01  -1.0000000e+00
   1.0300000e+02   4.0268300e+00  -1.6981700e+01  -1.0000000e+00
   1.0400000e+02  -2.6404900e+00   2.1822200e+00   1.0000000e+00
   1.0500000e+02   1.9019500e+00  -2.6462800e+00  -1.0000000e+00
   1.0600000e+02   5.2003700e+00   1.2582800e+01   1.0000000e+00
   1.0700000e+02  -2.0949000e+00  -1.0703000e+01  -1.0000000e+00
   1.0800000e+02  -1.1164300e+01  -4.5684300e+00   1.0000000e+00
   1.0900000e+02   4.2489500e+00  -5.3532100e+00  -1.0000000e+00
   1.1000000e+02  -4.7611100e+00   1.6400100e+01   1.0000000e+00
   1.1100000e+02   7.2631200e+00   1.2891300e+01   1.0000000e+00
   1.1200000e+02   1.7746700e+01   5.3206300e+00  -1.0000000e+00
   1.1300000e+02  -1.4060100e+01  -6.7482500e+00   1.0000000e+00
   1.1400000e+02  -1.4593400e+01   1.1249100e+01   1.0000000e+00
   1.1500000e+02  -4.4206100e+00  -7.9726300e+00  -1.0000000e+00
   1.1600000e+02   5.4414400e+00  -1.9903100e+00  -1.0000000e+00
   1.1700000e+02  -2.8254300e+00  -6.6485800e+00  -1.0000000e+00
   1.1800000e+02   1.4481100e+01  -1.3978900e+00  -1.0000000e+00
   1.1900000e+02  -1.4835900e+01   5.7791600e+00   1.0000000e+00
   1.2000000e+02   9.6258000e-01   6.3673300e+00   1.0000000e+00
   1.2100000e+02   1.8752700e+00   1.3840900e+01   1.0000000e+00
   1.2200000e+02  -1.3814600e+01   1.3148600e+01   1.0000000e+00
   1.2300000e+02  -8.0210500e+00   3.1747700e+00   1.0000000e+00
   1.2400000e+02   4.6626500e+00   1.6123600e+01   1.0000000e+00
   1.2500000e+02  -6.4274000e+00  -1.6905100e+01  -1.0000000e+00
   1.2600000e+02   1.0071700e+01   1.5186300e+01   1.0000000e+00
   1.2700000e+02   3.4965300e+00  -1.3138300e+00  -1.0000000e+00
   1.2800000e+02   9.0786700e+00   7.7088300e+00   1.0000000e+00
   1.2900000e+02   2.7762600e+00   2.7571700e+00   1.0000000e+00
   1.3000000e+02  -1.2190700e+01   2.5378000e+00   1.0000000e+00
   1.3100000e+02   7.0025800e+00  -6.3191300e-01  -1.0000000e+00
   1.3200000e+02  -2.7289500e+00   1.6739000e+01   1.0000000e+00
   1.3300000e+02  -9.6543200e+00   1.3867400e+01   1.0000000e+00
   1.3400000e+02  -5.5509300e+00   1.4453600e+01   1.0000000e+00
   1.3500000e+02  -1.3251100e+01  -4.8324800e+00   1.0000000e+00
   1.3600000e+02  -1.1441900e+01   4.4563500e+00   1.0000000e+00
   1.3700000e+02   1.6041700e+01   1.0518200e+01  -1.0000000e+00
   1.3800000e+02   1.0968500e+01  -2.0379100e+00  -1.0000000e+00
   1.3900000e+02  -1.6381400e+01   1.9508100e+00   1.0000000e+00
   1.4000000e+02   1.8524800e+01  -2.7340500e+00  -1.0000000e+00
   1.4100000e+02  -1.0743900e+00   6.0526300e+00   1.0000000e+00
   1.4200000e+02  -3.5758000e-01   7.9708700e+00   1.0000000e+00
   1.4300000e+02   8.1410600e+00  -6.7755900e+00  -1.0000000e+00
   1.4400000e+02   5.7469400e+00   9.0082400e+00   1.0000000e+00
   1.4500000e+02  -1.4656400e+00   1.5112300e+01   1.0000000e+00
   1.4600000e+02  -1.1714100e+01  -9.6842500e-01   1.0000000e+00
   1.4700000e+02  -2.2095500e+00   1.3171500e+01   1.0000000e+00
   1.4800000e+02   1.3644300e+01   4.7401500e+00  -1.0000000e+00
   1.4900000e+02   3.8939800e-01   9.8967100e+00   1.0000000e+00
   1.5000000e+02  -7.1417900e+00  -1.2722900e+01  -1.0000000e+00
   1.5100000e+02   7.7899900e+00  -4.6943800e+00  -1.0000000e+00
   1.5200000e+02   2.9938300e+00   6.6926000e+00   1.0000000e+00
   1.5300000e+02   1.8055500e+01  -6.8906300e-01  -1.0000000e+00
   1.5400000e+02  -3.1770500e+00   5.7162100e+00   1.0000000e+00
   1.5500000e+02   1.5131700e+00  -6.2881000e-01  -1.0000000e+00
   1.5600000e+02  -5.9753700e+00   3.4930000e+00   1.0000000e+00
   1.5700000e+02   1.5684700e+01   1.9717400e+00  -1.0000000e+00
   1.5800000e+02   1.2405900e+01   6.3845400e+00  -1.0000000e+00
   1.5900000e+02   6.1765000e+00  -6.0875200e+00  -1.0000000e+00
   1.6000000e+02   1.3659200e+01  -6.8259000e+00  -1.0000000e+00
   1.6100000e+02  -5.6272100e+00  -1.1342800e+01  -1.0000000e+00
   1.6200000e+02  -1.0888600e+01   9.3838200e-01   1.0000000e+00
   1.6300000e+02  -6.3249100e+00   1.2494000e+01   1.0000000e+00
   1.6400000e+02   5.0191900e+00   7.0765500e+00   1.0000000e+00
   1.6500000e+02   1.3704400e+01   2.6709500e+00  -1.0000000e+00
   1.6600000e+02  -2.8137300e+00  -1.6265000e+01  -1.0000000e+00
   1.6700000e+02   1.4102100e+01   6.3928200e-01  -1.0000000e+00
   1.6800000e+02  -7.0568800e+00   1.0570900e+01   1.0000000e+00
   1.6900000e+02   1.6531100e+01   6.9865600e+00  -1.0000000e+00
   1.7000000e+02  -5.1345100e-01   2.0009000e-01   1.0000000e+00
   1.7100000e+02   7.8050600e+00   9.3291800e+00   1.0000000e+00
   1.7200000e+02   6.2617900e+00   3.4237400e+00  -1.0000000e+00
   1.7300000e+02   4.7014900e+00   2.0708400e+00  -1.0000000e+00
   1.7400000e+02  -1.1942500e+01  -6.4789600e+00   1.0000000e+00
   1.7500000e+02  -1.5269000e+01  -1.2766100e+01  -1.0000000e+00
   1.7600000e+02  -1.7185500e+01   4.2091000e-02   1.0000000e+00
   1.7700000e+02  -9.1329100e+00  -4.2225900e+00   1.0000000e+00
   1.7800000e+02  -1.3504500e+01   4.2039800e+00   1.0000000e+00
   1.7900000e+02   9.7246400e+00   4.1167800e+00  -1.0000000e+00
   1.8000000e+02  -1.3241500e+01   9.6276600e+00   1.0000000e+00
   1.8100000e+02  -1.2704200e+01   6.0872000e+00   1.0000000e+00
   1.8200000e+02  -1.1709000e+01   1.3473800e+01   1.0000000e+00
   1.8300000e+02   2.4320400e+00   1.0301400e+01   1.0000000e+00
   1.8400000e+02  -1.2820400e+01  -1.4486000e+01  -1.0000000e+00
   1.8500000e+02   3.4093700e+00   1.7823400e+01   1.0000000e+00
   1.8600000e+02   1.6057400e+01  -6.3883000e-02  -1.0000000e+00
   1.8700000e+02  -5.2025200e+00  -1.3394800e+01  -1.0000000e+00
   1.8800000e+02  -1.6895700e+01   5.5252700e+00   1.0000000e+00
   1.8900000e+02  -8.5648900e+00  -7.8700000e+00  -1.0000000e+00
   1.9000000e+02   1.3161900e+01  -1.4287700e+01  -1.0000000e+00
   1.9100000e+02   1.1874400e+01   9.9197400e+00   1.0000000e+00
   1.9200000e+02  -5.4657400e+00  -5.6092800e-02   1.0000000e+00
   1.9300000e+02  -1.4010500e+01   7.6845400e+00   1.0000000e+00
   1.9400000e+02  -3.6692800e+00  -1.2024400e+01  -1.0000000e+00
   1.9500000e+02   3.1248100e+00   7.2140800e-01  -1.0000000e+00
   1.9600000e+02   9.2197100e+00  -1.2913200e+01  -1.0000000e+00
   1.9700000e+02  -2.4808700e+00  -8.6798300e+00  -1.0000000e+00
   1.9800000e+02   5.3038900e+00  -1.1474200e+01  -1.0000000e+00
   1.9900000e+02  -6.7593400e+00   1.5351800e+00   1.0000000e+00
   2.0000000e+02  -5.0989400e-01  -9.3833100e+00  -1.0000000e+00
   2.0100000e+02  -6.5295400e+00   7.0351400e+00   1.0000000e+00
   2.0200000e+02  -1.5510800e+01  -1.0673100e+01   1.0000000e+00
   2.0300000e+02   2.6332300e+00   1.5786200e+01   1.0000000e+00
   2.0400000e+02  -8.7377600e+00  -1.4072400e+01  -1.0000000e+00
   2.0500000e+02   1.0361600e+01   6.0775400e+00  -1.0000000e+00
   2.0600000e+02   1.1803200e+01   3.6629000e+00  -1.0000000e+00
   2.0700000e+02   6.8850100e+00  -1.0143100e+01  -1.0000000e+00
   2.0800000e+02  -5.7319100e+00   8.9417900e+00   1.0000000e+00
   2.0900000e+02  -3.6982100e+00   9.2940800e+00   1.0000000e+00
   2.1000000e+02   1.4689000e+01   1.2143300e+01   1.0000000e+00
   2.1100000e+02  -1.3002800e+01   6.2762000e-01   1.0000000e+00
   2.1200000e+02  -3.4247900e+00   2.6885700e-01   1.0000000e+00
   2.1300000e+02  -5.2397100e+00   5.4221100e+00   1.0000000e+00
   2.1400000e+02  -9.3966800e+00  -9.7628300e+00  -1.0000000e+00
   2.1500000e+02   1.0570000e+01   1.1623500e+01   1.0000000e+00
   2.1600000e+02  -1.3795700e+01  -1.2930100e+00   1.0000000e+00
   2.1700000e+02  -5.7593400e-02  -1.9502400e+00  -1.0000000e+00
   2.1800000e+02   3.7126000e+00   8.6871200e+00   1.0000000e+00
   2.1900000e+02  -6.4090600e+00  -7.2867700e+00  -1.0000000e+00
   2.2000000e+02   1.3276000e+01  -4.7896800e+00  -1.0000000e+00
   2.2100000e+02   1.5263200e+01   8.6195500e+00  -1.0000000e+00
   2.2200000e+02   4.9578900e+00  -9.4399700e+00  -1.0000000e+00
   2.2300000e+02  -9.6426400e+00  -6.9391000e-01   1.0000000e+00
   2.2400000e+02  -6.9267400e-01   1.7050000e+01   1.0000000e+00
   2.2500000e+02  -9.8639400e+00  -6.1574500e+00   1.0000000e+00
   2.2600000e+02   1.7206000e+01  -6.1623600e+00  -1.0000000e+00
   2.2700000e+02  -7.5899800e+00  -3.5668800e-01   1.0000000e+00
   2.2800000e+02   3.2832100e-01  -3.9815200e+00  -1.0000000e+00
   2.2900000e+02   3.0041100e+00  -8.7566800e+00  -1.0000000e+00
   2.3000000e+02  -9.0154800e-01  -7.3599700e+00  -1.0000000e+00
   2.3100000e+02   8.0009500e+00  -1.6335800e+01  -1.0000000e+00
   2.3200000e+02  -1.0421700e+01   1.1862500e+01   1.0000000e+00
   2.3300000e+02   1.1162700e+01  -1.3641600e+01  -1.0000000e+00
   2.3400000e+02  -1.1972500e+01   7.9956200e+00   1.0000000e+00
   2.3500000e+02  -2.4392200e+00  -1.8352600e+01  -1.0000000e+00
   2.3600000e+02   6.5221400e+00   1.0969400e+01   1.0000000e+00
   2.3700000e+02   9.0078400e+00  -1.3505200e+00  -1.0000000e+00
   2.3800000e+02   1.6856700e+01  -4.1258800e+00  -1.0000000e+00
   2.3900000e+02   1.2076400e+01  -8.1748700e+00  -1.0000000e+00
   2.4000000e+02  -3.2721200e+00  -1.4115200e+01  -1.0000000e+00
   2.4100000e+02   9.9767500e+00  -1.7014700e+01  -1.0000000e+00
   2.4200000e+02  -4.4459200e+00   7.3418600e+00   1.0000000e+00
   2.4300000e+02   1.1349100e+01  -4.0682300e+00  -1.0000000e+00
   2.4400000e+02  -1.6091800e+01   7.4280100e+00   1.0000000e+00
   2.4500000e+02   2.6152300e+00  -6.7086500e+00  -1.0000000e+00
   2.4600000e+02  -1.2743700e+01  -8.3757500e+00   1.0000000e+00
   2.4700000e+02   7.2436800e+00  -1.2192200e+01  -1.0000000e+00
   2.4800000e+02   4.4856400e+00   1.0631600e+01   1.0000000e+00
   2.4900000e+02   1.0179800e+01   2.0363800e+00  -1.0000000e+00
   2.5000000e+02   7.4171200e+00  -2.6814600e+00  -1.0000000e+00
   2.5100000e+02  -9.0253000e-01   1.1525400e+01   1.0000000e+00
   2.5200000e+02   3.8672700e+00  -3.3365100e+00  -1.0000000e+00
   2.5300000e+02   1.3450500e+01   1.3798100e+01   1.0000000e+00
   2.5400000e+02   1.4167600e+00  -1.0074000e+01  -1.0000000e+00
   2.5500000e+02  -9.1312800e+00  -1.2039500e+01  -1.0000000e+00
   2.5600000e+02   6.5289100e+00  -8.1270500e+00  -1.0000000e+00
   2.5700000e+02  -1.6692400e+01  -3.4755900e+00   1.0000000e+00
   2.5800000e+02   6.6316100e+00   1.3809800e+00  -1.0000000e+00
   2.5900000e+02   1.6844400e+00   8.2923000e+00   1.0000000e+00
   2.6000000e+02  -8.8278100e+00   1.5798600e+01   1.0000000e+00
   2.6100000e+02  -7.0522500e+00  -3.9151400e+00   1.0000000e+00
   2.6200000e+02  -1.6623300e-01   1.3503200e+01   1.0000000e+00
   2.6300000e+02  -1.3271500e+00  -1.4836100e+01  -1.0000000e+00
   2.6400000e+02   1.7268000e+01   3.3149300e+00  -1.0000000e+00
   2.6500000e+02  -7.8300800e+00   8.6322900e+00   1.0000000e+00
   2.6600000e+02   2.1163100e-01   4.4128200e+00   1.0000000e+00
   2.6700000e+02   8.8423900e+00  -1.0839300e+01  -1.0000000e+00
   2.6800000e+02  -1.0641900e+01   6.3558300e+00   1.0000000e+00
   2.6900000e+02  -9.3274200e+00   4.7744400e+00   1.0000000e+00
   2.7000000e+02   3.9057500e+00   1.4187900e+01   1.0000000e+00
   2.7100000e+02  -1.6085700e+01  -7.0657000e+00   1.0000000e+00
   2.7200000e+02   9.3833500e+00  -3.3975100e+00  -1.0000000e+00
   2.7300000e+02  -1.5332800e+01  -5.0864600e+00   1.0000000e+00
   2.7400000e+02   5.6788000e+00  -1.3524800e+01  -1.0000000e+00
   2.7500000e+02  -7.6071300e+00   1.4096800e+01   1.0000000e+00
   2.7600000e+02  -1.5865700e+01  -1.5812800e+00   1.0000000e+00
   2.7700000e+02   1.2626500e+01   1.1836900e+01   1.0000000e+00
   2.7800000e+02  -1.2952400e+01   1.5134800e+01   1.0000000e+00
   2.7900000e+02   1.4760400e+01  -1.2981300e+01  -1.0000000e+00
   2.8000000e+02  -1.4340900e+01   2.2955900e+00   1.0000000e+00
   2.8100000e+02   2.2562900e+00   4.7696100e+00   1.0000000e+00
   2.8200000e+02   1.2440200e+01  -1.0220900e+01  -1.0000000e+00
   2.8300000e+02   8.5470600e+00   1.1257200e+01   1.0000000e+00
   2.8400000e+02   1.2512700e+01  -6.7476600e-01  -1.0000000e+00
   2.8500000e+02  -1.2568500e+00  -5.3091900e+00  -1.0000000e+00
   2.8600000e+02   1.2816600e+01  -1.2268600e+01  -1.0000000e+00
   2.8700000e+02   1.1104100e+01   8.0121300e+00   1.0000000e+00
   2.8800000e+02   2.2033700e-01  -1.3458400e+01  -1.0000000e+00
   2.8900000e+02   1.2133300e+01   1.3568000e+00  -1.0000000e+00
   2.9000000e+02   1.0467800e+01  -9.5513000e+00  -1.0000000e+00
   2.9100000e+02   1.4002700e+01  -8.8872200e+00  -1.0000000e+00
   2.9200000e+02  -1.1199800e+01   9.9225100e+00   1.0000000e+00
   2.9300000e+02  -1.0648600e+01  -8.0982100e+00   1.0000000e+00
   2.9400000e+02  -1.2482400e+01  -2.8982100e+00   1.0000000e+00
   2.9500000e+02   8.2029400e+00   2.7255000e+00  -1.0000000e+00
   2.9600000e+02   8.4807400e+00  -8.7947600e+00  -1.0000000e+00
   2.9700000e+02   1.1349900e+01   1.3555300e+01   1.0000000e+00
   2.9800000e+02   7.0428600e+00   7.4021200e+00   1.0000000e+00
   2.9900000e+02   1.5220600e+01  -5.4766700e+00  -1.0000000e+00
