   0.0000000e+00  -2.8729900e+00  -1.5812100e+01   4.4774500e+01  -2.0000000e+00
   1.0000000e+00   4.7141400e+00   1.2069100e+01   1.1124000e+01   2.0000000e+00
   2.0000000e+00  -1.0695000e+01  -7.0943000e+00   2.6701100e+01   1.0000000e+00
   3.0000000e+00   1.2680100e+01  -2.9556400e-01   2.4010300e+01  -3.0000000e+00
   4.0000000e+00  -1.1450000e+01  -1.5441500e+00   2.5842300e+01   1.0000000e+00
   5.0000000e+00  -8.4180900e+00  -3.6101800e+00   2.6738600e+01   1.0000000e+00
   6.0000000e+00  -1.8871300e+01  -2.7612400e+00   2.5713200e+01  -1.0000000e+00
   7.0000000e+00  -6.3556300e+00  -3.7204700e+00   2.6737200e+01   1.0000000e+00
   8.0000000e+00  -2.1970100e+00  -4.0272700e+00   2.6894600e+01   1.0000000e+00
   9.0000000e+00  -1.0092900e+01   1.5116100e+01   2.1608000e+01  -1.0000000e+00
   1.0000000e+01   1.8749300e+00  -4.6997600e+00   2.9999100e+01  -3.0000000e+00
   1.1000000e+01   1.0329200e+01   2.4427500e+00   1.0678700e+01   2.0000000e+00
   1.2000000e+01   1.1527300e+01  -1.1690800e+01   4.6895500e+01   1.0000000e+00
   1.3000000e+01   1.6995500e+00   1.4537000e+01   1.6430000e+01  -3.0000000e+00
   1.4000000e+01   1.5016100e+01   6.4871200e+00   1.1607600e+01  -2.0000000e+00
   1.5000000e+01   9.0877800e+00  -9.4197600e-01  -3.1526400e+00  -3.0000000e+00
   1.6000000e+01  -3.3109500e+00  -1.7869600e+01   4.8135800e+01  -1.0000000e+00
   1.7000000e+01  -8.0649200e-01   1.4051400e+00   1.5359300e+01  -3.0000000e+00
   1.8000000e+01  -1.4888800e+01  -6.7152000e+00   2.5637500e+01  -2.0000000e+00
   1.9000000e+01  -1.1202800e+01   2.0575400e+00   2.5151800e+01   1.0000000e+00
   2.0000000e+01   1.4014600e+01  -9.0398900e+00   4.8225100e+01  -2.0000000e+00
   2.1000000e+01  -1.5606600e+00  -1.1866300e+01   6.0070100e+01  -3.0000000e+00
   2.2000000e+01   6.7159800e+00   1.1317800e+01   1.1229600e+01   2.0000000e+00
   2.3000000e+01   3.0920500e+00  -1.6272300e+01   4.6064000e+01  -2.0000000e+00
   2.4000000e+01   1.1858100e+01  -2.1985700e+00   5.6870900e+01  -3.0000000e+00
   2.5000000e+01  -9.6040300e+00  -5.3217500e+00   2.6621800e+01   1.0000000e+00
   2.6000000e+01  -5.5120700e+00   7.1047900e+00   2.3551700e+01   1.0000000e+00
   2.7000000e+01   9.9792900e+00  -1.0295500e+01   4.6983900e+01   1.0000000e+00
   2.8000000e+01   1.4104900e+01   1.0701500e+01   1.0859400e+01  -2.0000000e+00
   2.9000000e+01   1.3013000e+01  -1.3100400e+01   4.7572600e+01  -2.0000000e+00
   3.0000000e+01   4.3487400e+00  -1.3986200e+00   4.9321700e+01  -3.0000000e+00
   3.1000000e+01  -5.2268200e+00  -1.9956700e+00   2.6128000e+01   1.0000000e+00
   3.2000000e+01   1.1026900e+01  -1.3750000e+01   4.7114100e+01  -2.0000000e+00
   3.3000000e+01   7.1563800e+00  -1.7597200e-01   2.7222100e+01  -3.0000000e+00
   3.4000000e+01   1.0712900e+01   3.2012200e-01   2.2260200e+01  -3.0000000e+00
   3.5000000e+01  -2.0547900e+00   8.5635800e+00   1.8565500e+01  -3.0000000e+00
   3.6000000e+01   7.8377100e+00   1.4784600e+01   1.1143400e+01  -2.0000000e+00
   3.7000000e+01   2.7595000e+00   1.2728100e+01   1.5115700e+01  -3.0000000e+00
   3.8000000e+01   6.6290300e+00  -1.7059300e+01   4.7874700e+01  -1.0000000e+00
   3.9000000e+01  -9.6379800e+00   7.3500400e+00   2.4807400e+01   1.0000000e+00
   4.0000000e+01   2.2965400e-01  -1.8667500e+01   3.9737900e+01  -1.0000000e+00
   4.1000000e+01   7.5347200e+00  -1.2912900e+01   4.7170100e+01   1.0000000e+00
   4.2000000e+01   2.4501300e+00   5.2056200e+00   1.1268100e+01   2.0000000e+00
   4.3000000e+01  -1.6957800e+01  -6.5663400e+00   1.1065900e+01  -1.0000000e+00
   4.4000000e+01   7.7509400e-02   7.9764200e+00   1.1815100e+01   2.0000000e+00
   4.5000000e+01   5.9038400e+00  -4.0744900e+00   6.0017900e+01  -3.0000000e+00
   4.6000000e+01   1.3802800e+00  -6.7035400e+00   4.4048900e+01  -3.0000000e+00
   4.7000000e+01  -7.5230300e+00   1.2929800e+01   1.8207400e+01  -3.0000000e+00
   4.8000000e+01   4.3022200e+00   1.4116900e+01   1.6088400e+01  -3.0000000e+00
   4.9000000e+01  -5.0157200e+00   1.5699400e+00   2.5971800e+01   1.0000000e+00
   5.0000000e+01   3.1809900e+00   1.0703700e+01   1.1269800e+01   2.0000000e+00
   5.1000000e+01  -1.0322800e+01   1.8319400e-01   2.5662000e+01   1.0000000e+00
   5.2000000e+01  -1.4421400e+01   5.1911800e-01   2.5389500e+01   1.0000000e+00
   5.3000000e+01  -8.2192400e+00   2.1364800e-02   2.5737100e+01   1.0000000e+00
   5.4000000e+01  -5.9106600e+00   1.4762100e+01   1.8074300e+01  -2.0000000e+00
   5.5000000e+01   1.7461800e+01  -1.9313300e+00   5.5062700e+01  -1.0000000e+00
   5.6000000e+01   7.9694200e+00  -1.0894300e+01   4.7236200e+01   1.0000000e+00
   5.7000000e+01   1.5438000e+01   4.4569300e+00   1.0384800e+01  -2.0000000e+00
   5.8000000e+01   8.7509100e+00   1.1193300e+00   9.7227700e+00  -3.0000000e+00
   5.9000000e+01   1.7161600e+01   5.8521900e+00  -3.2840400e+00  -1.0000000e+00
   6.0000000e+01  -9.1260300e+00   1.8624000e+00   2.5279000e+01   1.0000000e+00
   6.1000000e+01  -3.1686800e+00  -2.1468800e+00   2.6145600e+01   1.0000000e+00
   6.2000000e+01  -1.4568700e+01   9.6524200e+00   2.3584400e+01  -2.0000000e+00
   6.3000000e+01  -1.1032600e-01  -4.1348800e+00   3.7513800e+01  -3.0000000e+00
   6.4000000e+01  -7.5009500e+00  -5.4465400e+00   2.6543100e+01   1.0000000e+00
   6.5000000e+01  -1.0840500e+01   5.6631900e+00   2.4645600e+01   1.0000000e+00
   6.6000000e+01  -2.8963900e+00   1.4460900e+00   1.5282100e+01  -3.0000000e+00
   6.7000000e+01   9.8220700e+00   1.4128400e+01   1.1238900e+01  -2.0000000e+00
   6.8000000e+01  -3.8771200e+00   1.4444200e+01   1.4848900e+01  -3.0000000e+00
   6.9000000e+01   9.9370400e-01  -9.3156500e+00   3.3484500e+01  -3.0000000e+00
   7.0000000e+01   9.9099700e+00   4.4566200e+00   1.0673900e+01   2.0000000e+00
   7.1000000e+01  -1.2059900e+01  -1.2479400e+01   2.8750600e+01  -2.0000000e+00
   7.2000000e+01   4.4998100e+00  -1.0117900e+01   4.7050000e+01   1.0000000e+00
   7.3000000e+01   2.4614600e+00  -1.8365500e+01   4.2453000e+01  -1.0000000e+00
   7.4000000e+01  -4.2976800e+00  -3.8504700e+00   2.6269700e+01   1.0000000e+00
   7.5000000e+01   1.5166800e+01  -1.2417100e+01   6.2770600e+01  -1.0000000e+00
   7.6000000e+01  -1.3503100e+01  -1.3778300e+00   2.5794100e+01   1.0000000e+00
   7.7000000e+01   9.8620400e+00  -2.8673100e+00   3.0307800e+01  -3.0000000e+00
   7.8000000e+01   1.1433000e+01   1.5516800e+01   1.1264600e+01  -1.0000000e+00
   7.9000000e+01   8.5470200e-01   3.7822700e+00   4.3233500e+00  -3.0000000e+00
   8.0000000e+01  -7.3439400e+00  -1.8295900e+00   2.6475800e+01   1.0000000e+00
   8.1000000e+01   6.4693900e+00  -9.5076500e+00   4.7092200e+01   1.0000000e+00
   8.2000000e+01  -7.8470200e+00  -1.2657500e+01   2.8449200e+01   1.0000000e+00
   8.3000000e+01  -8.8327800e+00  -1.0793100e+01   2.7253600e+01   1.0000000e+00
   8.4000000e+01   1.1792200e+01   1.3426700e+01  -1.2319200e+00  -2.0000000e+00
   8.5000000e+01   1.0956700e+01  -6.2474700e+00   4.7714100e+01   1.0000000e+00
   8.6000000e+01  -3.4038200e+00   1.2424000e+01   1.4696900e+01  -3.0000000e+00
   8.7000000e+01  -2.9406100e+00   1.0411300e+01   1.9343800e+01  -3.0000000e+00
   8.8000000e+01  -1.3743900e+01   1.3397000e+01   3.3098200e+01  -1.0000000e+00
   8.9000000e+01   4.7752900e+00   2.4994400e+00   1.1492000e+01   2.0000000e+00
   9.0000000e+01  -1.9013600e+00  -1.3972600e+01   4.5509700e+01  -3.0000000e+00
   9.1000000e+01  -7.9976700e+00   1.4969100e+01   3.2395400e+01  -2.0000000e+00
   9.2000000e+01  -9.4002100e+00  -1.7071500e+00   2.6268900e+01   1.0000000e+00
   9.3000000e+01   5.8703900e+00   1.5470400e+01   1.5224500e+01  -3.0000000e+00
   9.4000000e+01   8.9671200e+00  -6.8853200e+00   4.7295000e+01   1.0000000e+00
   9.5000000e+01   7.4255500e+00   1.6890900e+01   8.0889300e-01  -2.0000000e+00
   9.6000000e+01  -1.3351800e+01   1.1346300e+01   2.0855100e+01  -2.0000000e+00
   9.7000000e+01  -6.7028400e+00  -1.0903500e+01   2.8103600e+01   1.0000000e+00
   9.8000000e+01   8.3283400e+00   3.1518800e+00   1.0255500e+01   2.0000000e+00
   9.9000000e+01  -7.1161700e+00   1.0897400e+01   2.0632400e+01  -3.0000000e+00
   1.0000000e+02  -1.5294600e+01   2.3900600e+00   2.4716100e+01  -2.0000000e+00
   1.0100000e+02  -4.8683700e+00  -1.6522900e+01   4.5513300e+01  -1.0000000e+00
   1.0200000e+02  -1.8561600e+00   1.3790200e+01   1.2316300e+01   1.0000000e+00
   1.0300000e+02  -1.2015200e+00   3.4743600e+00  -8.6397100e+00  -3.0000000e+00
   1.0400000e+02   3.2206800e+00   1.0857100e+00   2.8993400e+01  -3.0000000e+00
   1.0500000e+02  -1.2775800e+01  -6.8914900e+00   2.5875400e+01   1.0000000e+00
   1.0600000e+02   5.0880000e-01  -1.1330800e+01   4.6463800e+01   1.0000000e+00
   1.0700000e+02  -5.6519100e+00  -9.1366000e+00   2.6518400e+01   1.0000000e+00
   1.0800000e+02   1.2215600e+00   1.6538900e+01   1.1928400e+01  -2.0000000e+00
   1.0900000e+02  -1.0228300e+00  -9.8348600e+00   5.2193000e+01  -3.0000000e+00
   1.1000000e+02  -4.6358300e+00  -1.0946900e+01   2.6892600e+01  -3.0000000e+00
   1.1100000e+02   7.0488300e+00  -1.4984700e+01   4.7354900e+01  -2.0000000e+00
   1.1200000e+02  -1.6172100e+01   4.3186500e+00   2.4564700e+01  -2.0000000e+00
   1.1300000e+02  -1.2603000e+01  -3.2437600e+00   2.5881800e+01   1.0000000e+00
   1.1400000e+02  -3.8480400e+00   3.2680200e+00   2.5085600e+01  -3.0000000e+00
   1.1500000e+02  -1.2982400e+01  -1.0584900e+01   2.6302700e+01  -2.0000000e+00
   1.1600000e+02   4.0281200e+00  -1.2113200e+01   4.7007700e+01   1.0000000e+00
   1.1700000e+02  -1.4117200e+01  -1.2335300e+01   1.2760900e+01  -1.0000000e+00
   1.1800000e+02  -1.4110200e+00   1.1781000e+01   1.6932500e+01  -3.0000000e+00
   1.1900000e+02   1.4247100e+01  -1.6637100e+00   3.6921700e+01  -3.0000000e+00
   1.2000000e+02  -6.7077500e+00  -1.4562200e+01   4.7044300e+01  -2.0000000e+00
   1.2100000e+02   1.0507700e+01  -8.2641800e+00   4.7101000e+01   1.0000000e+00
   1.2200000e+02  -3.3438400e-01   9.9951700e+00   1.6189500e+01  -3.0000000e+00
   1.2300000e+02  -1.0544200e+01  -3.4419200e+00   2.5923100e+01   1.0000000e+00
   1.2400000e+02   2.9658300e+00  -8.7082700e+00   4.5581200e+01  -3.0000000e+00
   1.2500000e+02   7.6388300e-01   1.8637700e+01   1.1643500e+01  -1.0000000e+00
   1.2600000e+02  -7.9398700e+00   3.5920000e+00   2.5345300e+01   1.0000000e+00
   1.2700000e+02   1.4253900e+01   1.0429200e+00   1.9071800e+01  -3.0000000e+00
   1.2800000e+02   1.1458700e+01   5.8146700e+00   1.1121800e+01   2.0000000e+00
   1.2900000e+02   1.0582100e+01  -1.5784700e+01   4.7221900e+01  -1.0000000e+00
   1.3000000e+02  -3.9695700e-01  -7.7949500e+00   2.6788500e+01  -3.0000000e+00
   1.3100000e+02   3.9842900e+00   6.5811600e+00   1.0957600e+01   2.0000000e+00
   1.3200000e+02  -7.0703500e+00   1.7224500e+00   2.5806800e+01   1.0000000e+00
   1.3300000e+02   1.1410600e+01  -4.2324600e+00   4.7942600e+01   1.0000000e+00
   1.3400000e+02  -1.1669000e+01  -5.1657700e+00   2.6215700e+01   1.0000000e+00
   1.3500000e+02  -8.6388200e+00  -7.1995800e+00   2.7076800e+01   1.0000000e+00
   1.3600000e+02  -1.0899800e+01  -1.4345600e+01   3.0060300e+01  -1.0000000e+00
   1.3700000e+02  -1.0891000e+01  -1.0687900e+01   2.7226500e+01   1.0000000e+00
   1.3800000e+02   1.3544900e+01  -1.1095500e+01   4.7574400e+01  -2.0000000e+00
   1.3900000e+02  -1.4981800e+01   6.0364400e+00   2.4130000e+01  -2.0000000e+00
   1.4000000e+02   3.2413300e+00   1.5902500e+01   1.5759500e+01  -2.0000000e+00
   1.4100000e+02  -1.2054200e+01   3.9455300e+00   2.4948600e+01   1.0000000e+00
   1.4200000e+02   6.3076400e+00  -2.0636100e+00   5.1220700e+01  -3.0000000e+00
   1.4300000e+02   1.2262000e+01   1.7528300e+00   1.1009500e+01   2.0000000e+00
   1.4400000e+02   5.5258500e+00  -1.3541200e+01   4.7241900e+01   1.0000000e+00
   1.4500000e+02   1.5762900e+01  -3.1238300e+00   3.6244800e+01  -2.0000000e+00
   1.4600000e+02  -5.4638600e+00   1.2711400e+01   1.7402100e+01  -3.0000000e+00
   1.4700000e+02  -6.4287800e+00   1.6787000e+01   1.8029300e+01  -1.0000000e+00
   1.4800000e+02  -1.4644700e+01  -3.0965400e+00   2.6551800e+01   1.0000000e+00
   1.4900000e+02   1.1059000e+01   7.9055800e+00   1.0485000e+01   2.0000000e+00
   1.5000000e+02   6.0038000e+00  -1.1530400e+01   4.7125000e+01   1.0000000e+00
   1.5100000e+02   6.1458700e-02  -1.3343900e+01   4.7508900e+01   1.0000000e+00
   1.5200000e+02   1.6383000e+00   9.3155300e+00   1.1270600e+01   2.0000000e+00
   1.5300000e+02  -3.2650800e-01   1.5198600e+01   1.2051500e+01   1.0000000e+00
   1.5400000e+02   1.3468400e+01   5.1370200e+00   1.1198700e+01   2.0000000e+00
   1.5500000e+02  -1.6742000e+01  -2.9918000e+00   2.6351000e+01  -2.0000000e+00
   1.5600000e+02  -9.5841100e+00   1.3121600e+01   1.9360100e+01  -2.0000000e+00
   1.5700000e+02   2.0445400e+00  -1.2724700e+01   4.7104200e+01   1.0000000e+00
   1.5800000e+02  -1.5229100e+01  -1.0339600e+01   9.6808700e+00  -1.0000000e+00
   1.5900000e+02   9.5501600e+00  -1.2319600e+01   4.7094600e+01   1.0000000e+00
   1.6000000e+02   6.3509500e+00   1.8683300e+01   2.2030600e+01  -1.0000000e+00
   1.6100000e+02   1.2552400e+01  -1.5149400e+01   4.8088200e+01  -1.0000000e+00
   1.6200000e+02   1.2012200e+01  -9.6747400e+00   4.7053800e+01   1.0000000e+00
   1.6300000e+02  -1.1164200e+00  -2.2760800e+00   2.6571900e+01   1.0000000e+00
   1.6400000e+02   1.6638200e+01  -6.2999300e+00   6.0543300e+01  -1.0000000e+00
   1.6500000e+02   8.7026900e+00   1.0667500e+01   1.1474200e+01   2.0000000e+00
   1.6600000e+02   2.0239000e+00   7.2974900e+00   1.1187200e+01   2.0000000e+00
   1.6700000e+02  -1.2801500e+00  -1.7238100e+01   3.1321000e+01  -2.0000000e+00
   1.6800000e+02  -4.5378700e+00  -1.4465800e+01   3.9695000e+01  -2.0000000e+00
   1.6900000e+02  -6.7453400e+00   5.3502100e+00   2.4849400e+01   1.0000000e+00
   1.7000000e+02  -1.7736900e+01  -1.0032500e+00   4.0657500e+01  -1.0000000e+00
   1.7100000e+02   1.2333000e+00   1.7048700e+00   3.3655400e+01  -3.0000000e+00
   1.7200000e+02   2.9255000e+00  -2.8848200e+00   2.1089600e+01  -3.0000000e+00
   1.7300000e+02   1.2152600e+01   1.1393500e+01   1.1566800e+01  -2.0000000e+00
   1.7400000e+02  -1.2152500e+01   1.5260700e+01   1.9634100e+01  -1.0000000e+00
   1.7500000e+02   8.2547200e+00   1.2754100e+01   1.1703000e+01   2.0000000e+00
   1.7600000e+02  -1.3711100e+01  -4.9761900e+00   2.6217800e+01   1.0000000e+00
   1.7700000e+02   1.3771100e+01   1.2828500e+01   1.0272500e+01  -1.0000000e+00
   1.7800000e+02   2.3445000e+00  -8.1675700e-01   3.1990800e+01  -3.0000000e+00
   1.7900000e+02   1.6048800e+01  -8.3104700e+00   6.3008000e+01  -1.0000000e+00
   1.8000000e+02   4.8509300e-01   5.8252000e+00  -8.7298900e-01  -3.0000000e+00
   1.8100000e+02   3.5901200e+00   8.6284000e+00   1.0802200e+01   2.0000000e+00
   1.8200000e+02   1.5682400e+01   1.2034000e+01   9.5888800e+00  -1.0000000e+00
   1.8300000e+02   3.5719400e+00  -1.4208100e+01   4.7006700e+01   1.0000000e+00
   1.8400000e+02  -2.8446600e+00   1.7874300e+01   1.3572300e+01  -1.0000000e+00
   1.8500000e+02   3.4411400e+00  -6.6975200e+00   4.2485700e+01  -3.0000000e+00
   1.8600000e+02   7.5057000e+00   7.2429200e+00   1.1176000e+01   2.0000000e+00
   1.8700000e+02   1.5924100e+00  -1.4757400e+01   4.6513800e+01   1.0000000e+00
   1.8800000e+02   5.9397400e+00   5.8841400e+00   1.1346600e+01   2.0000000e+00
   1.8900000e+02   1.4586700e+01   8.5213500e+00   1.1220400e+01  -2.0000000e+00
   1.9000000e+02  -7.5759000e-01   1.7231900e+01   2.4150500e+01  -2.0000000e+00
   1.9100000e+02   8.5791500e+00  -1.6383100e+01   4.7459500e+01  -1.0000000e+00
   1.9200000e+02  -1.1668000e+01   1.3228800e+01   1.9084900e+01  -2.0000000e+00
   1.9300000e+02  -1.7903000e+01  -4.7331300e+00   1.1555400e+01  -1.0000000e+00
   1.9400000e+02   1.3427200e+01  -3.5634100e+00   4.4612100e+01  -3.0000000e+00
   1.9500000e+02  -9.1843600e+00   1.1114300e+01   2.2037800e+01  -3.0000000e+00
   1.9600000e+02   1.1885300e+01   3.8072000e+00   1.1017100e+01   2.0000000e+00
   1.9700000e+02   5.4486000e+00  -6.0993600e+00   4.7062200e+01   1.0000000e+00
   1.9800000e+02  -1.6062000e+01  -8.4330300e+00   9.4665400e+00  -1.0000000e+00
   1.9900000e+02   7.8731900e+00  -3.4150400e+00   3.5471600e+01  -3.0000000e+00
   2.0000000e+02   2.5030200e+00  -1.0725400e+01   4.7103700e+01   1.0000000e+00
   2.0100000e+02   4.9550200e+00  -8.1064900e+00   4.6898600e+01   1.0000000e+00
   2.0200000e+02   1.2993800e+01   7.1900000e+00   1.0899100e+01   2.0000000e+00
   2.0300000e+02  -1.3774900e+01   7.7564700e+00   2.3813200e+01  -2.0000000e+00
   2.0400000e+02   1.2472400e+01  -7.6397100e+00   4.7434800e+01   1.0000000e+00
   2.0500000e+02   4.8001700e+00   1.7231300e+01   3.1631000e+01  -2.0000000e+00
   2.0600000e+02   4.4026300e+00   4.5162400e+00   1.1233400e+01   2.0000000e+00
   2.0700000e+02  -1.9531500e+00  -4.0134100e-01   2.6953800e+01   1.0000000e+00
   2.0800000e+02  -9.7683600e+00  -8.9385200e+00   2.7107000e+01   1.0000000e+00
   2.0900000e+02  -2.4442700e+00  -7.5960900e+00   4.0208600e+01  -3.0000000e+00
   2.1000000e+02  -6.3064200e+00   9.0026200e+00   2.3610400e+01   1.0000000e+00
   2.1100000e+02  -1.4346500e+00   6.5846100e+00   2.8877700e+01  -3.0000000e+00
   2.1200000e+02   6.2600700e+00   1.3435800e+01   1.1157700e+01   2.0000000e+00
   2.1300000e+02  -1.5450800e+01   1.1586000e+01   2.1567200e+01  -1.0000000e+00
   2.1400000e+02  -7.7064100e+00  -9.0377000e+00   2.7367600e+01   1.0000000e+00
   2.1500000e+02   1.7462500e+01   3.6728100e+00  -7.4212300e+00  -1.0000000e+00
   2.1600000e+02   9.0656300e+00  -1.4356400e+01   4.6834100e+01  -2.0000000e+00
   2.1700000e+02   1.4448700e+01  -7.0127800e+00   4.7899000e+01  -2.0000000e+00
   2.1800000e+02   1.2629500e+01   9.2360500e+00   1.1216900e+01   2.0000000e+00
   2.1900000e+02   2.7563000e+00   1.7908300e+01   1.1725100e+01  -1.0000000e+00
   2.2000000e+02   5.1863500e+00   4.8149400e-01   2.8528800e+01  -3.0000000e+00
   2.2100000e+02  -4.0606600e+00  -2.9643600e-01   2.6228200e+01   1.0000000e+00
   2.2200000e+02   3.9287400e+00  -4.6968900e+00   2.8029000e+01  -3.0000000e+00
   2.2300000e+02   1.4947100e+01  -5.0153900e+00   4.5405600e+01  -2.0000000e+00
   2.2400000e+02   2.7988000e+00   3.1044700e+00   1.1356400e+01   2.0000000e+00
   2.2500000e+02  -6.1549600e+00  -1.3504800e-01   2.5866800e+01   1.0000000e+00
   2.2600000e+02  -1.5785800e+01  -4.8631100e+00   2.6480000e+01  -2.0000000e+00
   2.2700000e+02   5.5294200e+00   7.9341000e+00   1.0835400e+01   2.0000000e+00
   2.2800000e+02   1.2944900e+01  -5.6055500e+00   4.7170800e+01   1.0000000e+00
   2.2900000e+02   9.0889800e+00   8.6133300e+00   1.0791000e+01   2.0000000e+00
   2.3000000e+02  -5.4387000e+00  -5.5779500e+00   2.6412200e+01   1.0000000e+00
   2.3100000e+02  -1.4129400e+01   4.0979300e+00   2.4821000e+01   1.0000000e+00
   2.3200000e+02   1.1737900e+00   1.1393500e+01   1.6429700e+01  -3.0000000e+00
   2.3300000e+02   1.5960800e+01  -2.0598600e-01   1.1326700e+01  -2.0000000e+00
   2.3400000e+02  -9.9367500e+00  -1.2523700e+01   2.8608800e+01  -2.0000000e+00
   2.3500000e+02  -3.1243000e+00  -9.5670200e+00   3.7877900e+01  -3.0000000e+00
   2.3600000e+02   7.9679100e+00   5.1985700e+00   1.0679400e+01   2.0000000e+00
   2.3700000e+02  -1.3953500e+01  -8.6933500e+00   2.5028200e+01  -2.0000000e+00
   2.3800000e+02  -1.5870100e+01   8.0182600e+00   3.8054200e+01  -1.0000000e+00
   2.3900000e+02   1.6101600e+01   9.9067700e+00  -3.8089900e+00  -1.0000000e+00
   2.4000000e+02  -1.7107000e+01   6.3326500e+00   2.3564900e+01  -1.0000000e+00
   2.4100000e+02   1.3851200e+01   3.1162600e+00   1.0530400e+01   2.0000000e+00
   2.4200000e+02   4.6351900e+00  -1.7670300e+01   4.7636500e+01  -1.0000000e+00
   2.4300000e+02   1.7668900e+01   1.1906500e+00   3.5190500e+00  -1.0000000e+00
   2.4400000e+02  -1.0001700e+01   3.7721100e+00   2.4733200e+01   1.0000000e+00
   2.4500000e+02  -8.3567000e+00   9.1948200e+00   2.4590600e+01   1.0000000e+00
   2.4600000e+02   7.4340100e+00  -5.4469400e+00   4.7306900e+01   1.0000000e+00
   2.4700000e+02  -4.6823600e+00   5.1461300e+00   2.4079400e+01   1.0000000e+00
   2.4800000e+02   5.0770900e+00  -1.5600800e+01   4.7616200e+01  -2.0000000e+00
   2.4900000e+02   7.1099800e+00   9.2871300e+00   1.0826200e+01   2.0000000e+00
   2.5000000e+02   1.0684200e+01   9.9546400e+00   1.1199200e+01   2.0000000e+00
   2.5100000e+02   1.4616800e+01  -1.4411000e+01   4.8336000e+01  -1.0000000e+00
   2.5200000e+02   1.6577900e+01   7.8228900e+00  -2.3543000e+00  -1.0000000e+00
   2.5300000e+02   2.6857900e-01  -3.7301900e-01   2.6281900e+01  -3.0000000e+00
   2.5400000e+02  -1.1707700e+01   7.5582600e+00   2.3967000e+01   1.0000000e+00
   2.5500000e+02  -2.2998200e+00   1.5821100e+01   1.2757100e+01  -2.0000000e+00
   2.5600000e+02   9.4036600e+00  -4.8701900e+00   4.7285400e+01   1.0000000e+00
   2.5700000e+02  -5.8847700e+00   3.4694400e+00   2.5050500e+01   1.0000000e+00
   2.5800000e+02  -1.2503700e+01   9.4684400e+00   2.3886100e+01   1.0000000e+00
   2.5900000e+02   1.7423200e+01  -4.3860000e+00   6.3454300e+01  -1.0000000e+00
   2.6000000e+02  -1.5585000e+01  -1.1969800e+00   2.5938100e+01  -2.0000000e+00
   2.6100000e+02  -4.3791900e+00   1.6445100e+01   2.7715000e+01  -2.0000000e+00
   2.6200000e+02  -1.1844100e+01  -8.8532300e+00   2.6615300e+01   1.0000000e+00
   2.6300000e+02  -1.1285300e+01   1.1129900e+01   2.2041700e+01  -3.0000000e+00
   2.6400000e+02   9.5187400e+00   6.5423200e+00   1.0836100e+01   2.0000000e+00
   2.6500000e+02   1.0215900e+01   1.2082300e+01   1.1393100e+01   2.0000000e+00
   2.6600000e+02   5.1329600e+00   9.9933000e+00   1.0678000e+01   2.0000000e+00
   2.6700000e+02  -8.7888600e+00   5.4838700e+00   2.5123400e+01   1.0000000e+00
   2.6800000e+02  -3.9067500e-01  -1.5387900e+01   4.3744800e+01  -3.0000000e+00
   2.6900000e+02   9.3798400e+00   1.6133300e+01   1.1426800e+01  -1.0000000e+00
   2.7000000e+02  -1.1915100e+00  -5.8814900e+00   2.5720000e+01  -3.0000000e+00
   2.7100000e+02  -6.5858500e+00  -7.2969300e+00   2.6704000e+01   1.0000000e+00
   2.7200000e+02   9.3821300e-01  -2.3377900e+00   2.1720700e+01  -3.0000000e+00
   2.7300000e+02   6.9434800e+00  -7.5043200e+00   4.6966800e+01   1.0000000e+00
   2.7400000e+02  -1.2905400e+01   5.8405600e+00   2.4721600e+01   1.0000000e+00
   2.7500000e+02  -4.2179900e+00   8.7932000e+00   2.2996400e+01   1.0000000e+00
   2.7600000e+02  -5.0702200e+00   1.0672600e+01   2.0328200e+01  -3.0000000e+00
   2.7700000e+02   6.7547800e+00   1.8299000e+00   1.0676100e+01   2.0000000e+00
   2.7800000e+02  -1.0410700e+01   9.2606700e+00   2.4799900e+01   1.0000000e+00
   2.7900000e+02   1.0998200e+00  -1.6806500e+01   4.2377300e+01  -2.0000000e+00
   2.8000000e+02  -8.8330400e+00  -1.4479200e+01   4.5910300e+01  -2.0000000e+00
   2.8100000e+02  -1.3249400e+01   2.2061000e+00   2.5272700e+01   1.0000000e+00
   2.8200000e+02  -5.6975600e+00  -1.2764500e+01   3.0531100e+01   1.0000000e+00
   2.8300000e+02  -6.9460800e+00  -1.6610800e+01   5.7990400e+01  -1.0000000e+00
   2.8400000e+02  -2.6438500e+00   4.9290100e+00   2.7953800e+01  -3.0000000e+00
   2.8500000e+02  -1.6514800e+01   6.8047700e-01   2.4957300e+01  -2.0000000e+00
   2.8600000e+02   1.5592500e+01  -1.0400700e+01   6.3433500e+01  -1.0000000e+00
   2.8700000e+02  -7.5771800e+00   7.2913600e+00   2.4706700e+01   1.0000000e+00
   2.8800000e+02   6.3844100e+00   3.8686100e+00   1.0803700e+01   2.0000000e+00
   2.8900000e+02  -1.3009600e+01  -1.4343200e+01   3.0605200e+01  -1.0000000e+00
   2.9000000e+02   1.1659200e-01   1.3184800e+01   1.5797100e+01  -3.0000000e+00
   2.9100000e+02  -4.5066000e+00  -7.4351900e+00   2.7355200e+01   1.0000000e+00
   2.9200000e+02  -3.4772100e+00  -1.2648100e+01   2.7828100e+01  -3.0000000e+00
   2.9300000e+02   8.4754900e+00  -8.8889400e+00   4.6847800e+01   1.0000000e+00
   2.9400000e+02  -1.7391500e+01   2.6188300e+00   2.4151600e+01  -1.0000000e+00
   2.9500000e+02  -9.0329700e+00  -1.6544700e+01   7.1329200e+01  -1.0000000e+00
   2.9600000e+02  -3.3743500e+00  -5.7093700e+00   2.6041300e+01   1.0000000e+00
   2.9700000e+02  -1.2365300e+01   3.3280400e-01   2.5714100e+01   1.0000000e+00
   2.9800000e+02   1.5863700e+01   2.3840300e+00   6.4933800e+00  -2.0000000e+00
   2.9900000e+02  -3.4740000e+00   6.8680200e+00   2.2463000e+01   1.0000000e+00
