   0.0000000e+00   9.2078800e+00   1.1569500e+01   8.6014800e+00   2.0000000e+00
   1.0000000e+00  -8.0345200e+00  -1.2748400e+01   3.5517700e+01   1.0000000e+00
   2.0000000e+00   7.7134900e+00  -3.9190900e+00   3.5974700e+01   1.0000000e+00
   3.0000000e+00   1.5566100e+01  -8.3650300e+00   3.5701800e+01  -2.0000000e+00
   4.0000000e+00  -7.0549700e+00  -1.7636400e+00   2.3376100e+01  -3.0000000e+00
   5.0000000e+00   1.4376300e+01   1.3373800e+01   9.0448400e+00  -1.0000000e+00
   6.0000000e+00  -5.7551900e+00   9.1008700e+00   3.1589500e+01   1.0000000e+00
   7.0000000e+00   1.4748400e+01   1.1335900e+01  -6.3150800e+00  -1.0000000e+00
   8.0000000e+00  -6.6757100e+00  -5.3534300e+00   3.5878300e+01   1.0000000e+00
   9.0000000e+00   6.5787000e+00   1.6395500e+01   7.9650500e+00  -1.0000000e+00
   1.0000000e+01  -1.1049700e+01   1.0614900e+01   3.3302200e+01   1.0000000e+00
   1.1000000e+01   1.7104000e+01  -3.9256900e+00   4.6823500e+01  -1.0000000e+00
   1.2000000e+01  -1.4022400e+01   8.6049000e+00   3.4259200e+01  -2.0000000e+00
   1.3000000e+01  -1.0152200e+00  -1.0261100e+01   3.5661500e+01   1.0000000e+00
   1.4000000e+01   1.5000600e+01  -1.4038000e+01   3.4716700e+01  -1.0000000e+00
   1.5000000e+01   1.0850200e+01  -1.4426400e+01   4.8117300e+01  -2.0000000e+00
   1.6000000e+01   3.1992000e+00  -5.2379400e-01   2.6637100e+01  -3.0000000e+00
   1.7000000e+01   9.7835800e+00   7.4627300e+00   8.2426600e+00   2.0000000e+00
   1.8000000e+01   2.9843200e+00   1.5928700e+01   9.2694400e+00  -2.0000000e+00
   1.9000000e+01  -1.3212600e+01   1.4141300e+01   3.3258500e+01  -1.0000000e+00
   2.0000000e+01   1.9107200e+00  -8.1677800e+00   3.5637800e+01   1.0000000e+00
   2.1000000e+01   8.4293700e+00  -1.1045700e+01   3.6606000e+01   1.0000000e+00
   2.2000000e+01  -7.3900900e+00   1.8109100e+00   4.6394000e+01  -3.0000000e+00
   2.3000000e+01  -1.7916600e+01  -8.1004700e+00   3.6250500e+01  -1.0000000e+00
   2.4000000e+01  -4.6286500e+00   7.3720100e+00   3.8257000e+01  -3.0000000e+00
   2.5000000e+01   1.5555900e+00  -4.5498300e+00   3.5268000e+01   1.0000000e+00
   2.6000000e+01   4.6222300e+00   5.6165300e+00   8.6954000e+00   2.0000000e+00
   2.7000000e+01  -6.3602000e+00  -8.9474400e+00   3.5545200e+01   1.0000000e+00
   2.8000000e+01   3.4112600e-01  -2.8883500e+00   3.5431600e+01   1.0000000e+00
   2.9000000e+01   1.0102200e+00   1.6651100e+01   2.1201500e+01  -2.0000000e+00
   3.0000000e+01  -6.8126100e+00  -1.4471700e+01   3.6375500e+01  -2.0000000e+00
   3.1000000e+01   9.7830600e+00  -3.6888400e+00   3.7221000e+01   1.0000000e+00
   3.2000000e+01  -1.3125300e+01   1.0461600e+01   3.3898200e+01  -2.0000000e+00
   3.3000000e+01   5.5214800e+00  -1.3209500e+01   3.5956200e+01   1.0000000e+00
   3.4000000e+01   3.2966000e+00   2.2752500e+00   2.0684600e+01  -3.0000000e+00
   3.5000000e+01   6.5587800e+00   4.8565500e+00   8.7464100e+00   2.0000000e+00
   3.6000000e+01   6.8743300e+00   2.8169600e+00   7.8377900e+00   2.0000000e+00
   3.7000000e+01  -1.1804600e+01   5.0938900e+00   3.3994200e+01   1.0000000e+00
   3.8000000e+01   5.2929200e+00   1.3051200e+01   8.9460600e+00   2.0000000e+00
   3.9000000e+01   1.5207000e+01  -4.7997700e+00   4.1991900e+01  -2.0000000e+00
   4.0000000e+01  -3.4430900e+00  -6.8732200e+00   3.5403600e+01   1.0000000e+00
   4.1000000e+01  -3.5122500e+00   9.1078600e+00   3.5495900e+01  -3.0000000e+00
   4.2000000e+01   1.4984900e+01   9.2091900e+00  -4.0618000e+00  -2.0000000e+00
   4.3000000e+01   8.1008900e+00  -7.4589600e+00   3.5721400e+01   1.0000000e+00
   4.4000000e+01  -1.5931200e+01   4.7556500e+00   3.4088200e+01  -2.0000000e+00
   4.5000000e+01  -8.5919700e-01  -1.1741600e+00   2.3324600e+01  -3.0000000e+00
   4.6000000e+01   9.6901200e+00  -1.2698200e+01   3.6174300e+01   1.0000000e+00
   4.7000000e+01   7.5636500e-01   7.1292900e+00   9.1639700e+00   2.0000000e+00
   4.8000000e+01  -1.2161900e+01  -1.3075600e+01   2.3473600e+01  -2.0000000e+00
   4.9000000e+01   1.3479800e+01  -8.7076700e+00   3.5822600e+01   1.0000000e+00
   5.0000000e+01   1.7444500e+01  -1.0610800e+00   1.8764300e+01  -1.0000000e+00
   5.1000000e+01   3.9086100e+00  -1.7049600e+01   3.6661700e+01  -1.0000000e+00
   5.2000000e+01   1.0594500e+01  -1.4954600e+00   2.6470800e+01  -3.0000000e+00
   5.3000000e+01   3.9788500e+00   9.6916500e+00   8.7865900e+00   2.0000000e+00
   5.4000000e+01   5.1578900e+00  -9.6265100e+00   3.6067900e+01   1.0000000e+00
   5.5000000e+01   1.6955000e+01   8.4954100e+00   8.5995100e+00  -1.0000000e+00
   5.6000000e+01  -2.6667700e+00  -1.4056200e+01   3.5457000e+01   1.0000000e+00
   5.7000000e+01   1.7021500e+00   9.7518900e-01   2.4193700e+01  -3.0000000e+00
   5.8000000e+01   1.0709700e+01   1.2873300e+00   2.1307900e+01  -3.0000000e+00
   5.9000000e+01  -9.6953400e+00   5.2580300e+00   3.4272700e+01   1.0000000e+00
   6.0000000e+01   5.3465300e+00  -5.0974000e-01   2.0557500e+01  -3.0000000e+00
   6.1000000e+01  -8.8058200e+00   7.1795100e+00   3.3663200e+01   1.0000000e+00
   6.2000000e+01  -6.6966800e+00   7.2836500e+00   3.2856500e+01   1.0000000e+00
   6.3000000e+01   8.4950500e+00   4.1113000e+00   8.4879000e+00   2.0000000e+00
   6.4000000e+01  -2.0591500e+00   5.1028900e-01   2.7146300e+01  -3.0000000e+00
   6.5000000e+01   1.1422700e+01   8.7304400e+00   8.0061100e+00   2.0000000e+00
   6.6000000e+01   1.0385600e+01   3.3209400e+00   8.5542600e+00   2.0000000e+00
   6.7000000e+01  -5.7128100e-01   1.5319100e+01   9.6973700e+00  -2.0000000e+00
   6.8000000e+01  -3.5231900e+00  -1.5961800e+01   3.5838200e+01  -2.0000000e+00
   6.9000000e+01   6.3796700e+00  -1.1276400e+01   3.6367400e+01   1.0000000e+00
   7.0000000e+01   3.0241000e+00   4.3222100e+00   8.8372300e+00   2.0000000e+00
   7.1000000e+01   6.9957900e-01  -6.4524900e+00   3.5528500e+01   1.0000000e+00
   7.2000000e+01   1.5278400e+01   7.1495000e+00   8.0753700e+00  -2.0000000e+00
   7.3000000e+01  -1.7116900e+00  -3.0724600e+00   3.5276700e+01   1.0000000e+00
   7.4000000e+01   1.4058700e+00   1.4603700e+01   9.6110000e+00   2.0000000e+00
   7.5000000e+01   8.8419700e+00   1.3604700e+01   8.7845900e+00   2.0000000e+00
   7.6000000e+01  -1.1002400e+01  -1.4776800e+01   3.3146400e+01  -1.0000000e+00
   7.7000000e+01  -1.4253100e+01   1.2184200e+01   4.8407800e+01  -1.0000000e+00
   7.8000000e+01  -1.4284000e+01  -1.3350200e+01   3.5280600e+01  -1.0000000e+00
   7.9000000e+01  -1.2088800e+01   1.2398300e+01   3.2796500e+01  -2.0000000e+00
   8.0000000e+01  -1.1626000e+01  -7.6052200e+00   3.4505000e+01   1.0000000e+00
   8.1000000e+01  -5.5696900e+00   5.5538300e+00   3.3008500e+01  -3.0000000e+00
   8.2000000e+01   1.0844200e+01   1.2828700e+01   8.8556100e+00  -2.0000000e+00
   8.3000000e+01   2.0283100e+00   1.0465400e+01   8.9968600e+00   2.0000000e+00
   8.4000000e+01   3.6203200e+00  -4.4224300e+00   4.7922100e+01  -3.0000000e+00
   8.5000000e+01  -1.0030000e+01   1.2510900e+01   3.1885200e+01   1.0000000e+00
   8.6000000e+01   9.2712600e+00  -9.1478900e+00   3.5956800e+01   1.0000000e+00
   8.7000000e+01   5.9556900e+00  -1.6869700e+01   3.6923200e+01  -1.0000000e+00
   8.8000000e+01   1.0484000e+01   1.4895200e+01  -2.5872300e+00  -2.0000000e+00
   8.9000000e+01   6.5147400e+00  -2.2395300e+00   2.3034500e+01  -3.0000000e+00
   9.0000000e+01  -7.8198400e+00   9.0105200e+00   3.2363200e+01   1.0000000e+00
   9.1000000e+01  -6.3931400e+00   1.8005600e+01   2.0333400e+01  -1.0000000e+00
   9.2000000e+01   1.7992700e+01   2.1690700e+00   9.8371700e+00  -1.0000000e+00
   9.3000000e+01   4.8786300e-02   1.1196700e+01   9.3657100e+00   2.0000000e+00
   9.4000000e+01   1.5881400e+01  -1.2072600e+01   5.1038200e+01  -1.0000000e+00
   9.5000000e+01   3.9821800e+00  -7.9458300e+00   2.4087800e+01  -3.0000000e+00
   9.6000000e+01  -1.1162300e+01  -2.1106600e+00   3.4612800e+01   1.0000000e+00
   9.7000000e+01  -7.6400000e+00  -1.6452200e+01   3.6201700e+01  -1.0000000e+00
   9.8000000e+01   1.6745000e+01  -1.0099100e+01   3.6221500e+01  -1.0000000e+00
   9.9000000e+01   1.3957200e+01   3.8311700e+00   7.4652600e+00   2.0000000e+00
   1.0000000e+02  -4.9756900e+00  -1.5774300e+00   4.7080300e+01  -3.0000000e+00
   1.0100000e+02   1.5963100e+01   2.9604100e+00   8.1855800e+00  -2.0000000e+00
   1.0200000e+02   1.1356800e+01  -8.9005300e+00   3.5623000e+01   1.0000000e+00
   1.0300000e+02   1.4405700e+00  -1.3644000e+01   3.5909600e+01   1.0000000e+00
   1.0400000e+02   1.4295900e+01   1.7655800e+00   6.3233900e+00  -3.0000000e+00
   1.0500000e+02  -5.1262100e+00  -1.0655900e+01   3.5975800e+01   1.0000000e+00
   1.0600000e+02  -8.5590000e+00   3.5223300e+00   3.3955500e+01   1.0000000e+00
   1.0700000e+02  -4.6869500e+00   1.0868000e+01   3.2044600e+01  -3.0000000e+00
   1.0800000e+02   1.7216100e+01   6.3561700e+00  -6.0630500e+00  -1.0000000e+00
   1.0900000e+02   8.5602700e+00  -2.0346400e+00   5.1456100e+01  -3.0000000e+00
   1.1000000e+02  -1.2378800e+01  -3.3464700e-01   3.4924800e+01   1.0000000e+00
   1.1100000e+02  -2.9031400e-01   1.6200700e+00   2.2989900e+01  -3.0000000e+00
   1.1200000e+02   1.1743900e+01  -1.2460900e+01   3.5736500e+01  -2.0000000e+00
   1.1300000e+02   1.3787700e+01  -1.2289900e+01   3.5122000e+01  -2.0000000e+00
   1.1400000e+02  -1.7402600e+01  -2.5343400e+00   4.9557500e+01  -1.0000000e+00
   1.1500000e+02   2.6377000e+00  -1.5360000e+01   3.6296900e+01  -2.0000000e+00
   1.1600000e+02   1.2317600e+01   2.5883800e+00   8.2568000e+00   2.0000000e+00
   1.1700000e+02   2.7628800e+00  -6.2908100e+00   3.5306100e+01  -3.0000000e+00
   1.1800000e+02   1.1840200e+01  -3.4153300e+00   3.6466100e+01   1.0000000e+00
   1.1900000e+02   1.4662400e+01  -1.0394900e+01   3.5869700e+01  -2.0000000e+00
   1.2000000e+02  -6.0285100e-01  -1.3860000e+01   3.5574100e+01   1.0000000e+00
   1.2100000e+02  -8.5294500e-01   5.7612400e+00   8.6930900e+00  -3.0000000e+00
   1.2200000e+02  -1.3793200e+00  -6.6676900e+00   3.5566400e+01   1.0000000e+00
   1.2300000e+02  -4.0704200e+00   1.4734700e+01   4.0816900e+00  -1.0000000e+00
   1.2400000e+02   1.1718500e+01   6.6963500e+00   8.1064400e+00   2.0000000e+00
   1.2500000e+02   1.2629400e+01   5.5053000e-01  -7.0439400e+00  -3.0000000e+00
   1.2600000e+02  -5.6265900e+00   1.6102900e+01   2.5846000e+01  -2.0000000e+00
   1.2700000e+02  -1.8249500e+01  -4.4890200e+00   3.5549900e+01  -1.0000000e+00
   1.2800000e+02   3.3319900e+00   1.3829300e+01   8.7720100e+00   2.0000000e+00
   1.2900000e+02   4.6750200e+00  -1.5140600e+01   3.6296700e+01  -2.0000000e+00
   1.3000000e+02  -1.0478600e+01  -9.3144300e+00   3.4743000e+01   1.0000000e+00
   1.3100000e+02  -5.3386100e+00   1.9196800e+00   2.3875800e+01  -3.0000000e+00
   1.3200000e+02   1.2553000e+01  -1.0574900e+01   3.5546900e+01   1.0000000e+00
   1.3300000e+02  -1.4748500e+01   3.0704200e+00   3.4147100e+01  -2.0000000e+00
   1.3400000e+02  -1.0858500e+01   6.9567900e+00   3.3589700e+01   1.0000000e+00
   1.3500000e+02   1.3351900e+01   7.9661500e+00   7.8609500e+00   2.0000000e+00
   1.3600000e+02   1.3641100e+01   5.8949800e+00   7.6709000e+00   2.0000000e+00
   1.3700000e+02   3.1150300e+00  -9.8411700e+00   3.5920700e+01   1.0000000e+00
   1.3800000e+02   1.2029700e+01   4.6238300e+00   8.1196600e+00   2.0000000e+00
   1.3900000e+02   1.7608800e+01   4.3304200e+00  -4.6029500e+00  -1.0000000e+00
   1.4000000e+02  -1.9449400e-01   1.3264300e+01   9.0925200e+00   2.0000000e+00
   1.4100000e+02   2.3697500e+00   8.4123700e+00   8.7901600e+00   2.0000000e+00
   1.4200000e+02  -1.5481700e+01  -1.1549300e+01   1.9439600e+01  -1.0000000e+00
   1.4300000e+02  -1.4987600e+01   6.6637200e+00   3.4120000e+01  -2.0000000e+00
   1.4400000e+02   8.9576700e+00  -5.5741600e+00   3.6124300e+01   1.0000000e+00
   1.4500000e+02  -1.4108200e+01  -4.0977800e+00   3.5140900e+01   1.0000000e+00
   1.4600000e+02   5.9358900e+00   8.9629600e+00   8.9317900e+00   2.0000000e+00
   1.4700000e+02   1.2661900e+01  -1.5174900e+00   2.0168300e+01  -3.0000000e+00
   1.4800000e+02  -2.6323000e-01  -1.7478100e+01   3.5521600e+01  -1.0000000e+00
   1.4900000e+02   1.4557200e+01  -5.5870000e-01   8.9324900e+00  -2.0000000e+00
   1.5000000e+02   7.5779200e+00   1.0271000e+01   8.9009400e+00   2.0000000e+00
   1.5100000e+02  -7.1732400e+00  -1.0865100e+01   3.5583200e+01   1.0000000e+00
   1.5200000e+02  -6.9006200e+00   1.4391500e+01   2.7791100e+01  -3.0000000e+00
   1.5300000e+02  -6.5030800e+00   3.6808100e+00   3.3681900e+01   1.0000000e+00
   1.5400000e+02  -2.3057700e+00  -1.7664500e+01   3.6593100e+01  -1.0000000e+00
   1.5500000e+02   1.1015600e+00   5.0459100e+00   9.1810100e+00   2.0000000e+00
   1.5600000e+02  -1.6497600e+01  -6.9017400e-01   3.5353700e+01  -2.0000000e+00
   1.5700000e+02  -3.7717600e+00   1.2707900e+01   2.9706700e+01  -2.0000000e+00
   1.5800000e+02  -2.8997800e+00  -1.3817900e+00   3.5558100e+01   1.0000000e+00
   1.5900000e+02  -5.4862100e+00  -7.0364600e+00   3.5242600e+01   1.0000000e+00
   1.6000000e+02   8.5445100e+00   1.5645300e+01   2.1062600e+01  -2.0000000e+00
   1.6100000e+02  -5.5786000e+00  -1.6232800e+01   2.3646600e+01  -2.0000000e+00
   1.6200000e+02   1.0089800e+01   5.4147600e+00   8.4694800e+00   2.0000000e+00
   1.6300000e+02  -1.6667900e+01  -9.8038100e+00   2.0453300e+01  -1.0000000e+00
   1.6400000e+02  -7.6289400e+00   5.4437400e+00   3.3699500e+01   1.0000000e+00
   1.6500000e+02   1.1032700e+01  -5.3545100e+00   3.6602100e+01   1.0000000e+00
   1.6600000e+02  -1.3734800e+01  -7.7343600e+00   3.4761000e+01   1.0000000e+00
   1.6700000e+02   1.2425800e+01   1.4173600e+01   9.1701200e+00  -1.0000000e+00
   1.6800000e+02   1.2759900e+01   1.2060900e+01   8.7485600e+00  -2.0000000e+00
   1.6900000e+02  -5.8362300e+00   1.2630100e+01   1.9634800e+01  -3.0000000e+00
   1.7000000e+02   6.8764000e+00  -5.7889900e+00   3.5918900e+01  -3.0000000e+00
   1.7100000e+02  -4.2825000e+00  -8.7487100e+00   3.5684500e+01   1.0000000e+00
   1.7200000e+02   1.3083100e+01  -5.0743500e+00   3.7423800e+01   1.0000000e+00
   1.7300000e+02  -2.5042500e+00   1.6068900e+01   1.7973700e+01  -2.0000000e+00
   1.7400000e+02   1.3807300e+00   3.0127600e+00   9.1093300e+00  -3.0000000e+00
   1.7500000e+02  -1.3358800e+01  -1.1380100e+01   3.5501000e+01  -2.0000000e+00
   1.7600000e+02  -6.8489400e+00   1.0830700e+01   3.1500100e+01   1.0000000e+00
   1.7700000e+02   8.7737900e+00   2.0023700e+00   9.0681000e+00   2.0000000e+00
   1.7800000e+02  -9.0242200e+00   1.4359700e+01   3.0368500e+01  -2.0000000e+00
   1.7900000e+02   4.4604900e-01   9.1506800e+00   9.6718000e+00   2.0000000e+00
   1.8000000e+02   4.9390800e+00   3.5799400e+00   8.5566100e+00   2.0000000e+00
   1.8100000e+02  -2.1332700e+00   1.3984800e+01   8.9534300e+00  -2.0000000e+00
   1.8200000e+02   9.1158200e+00  -3.9467900e-02   2.4603400e+01  -3.0000000e+00
   1.8300000e+02   1.0092500e+01   1.6999700e+01   1.0862700e+01  -1.0000000e+00
   1.8400000e+02  -7.5268500e+00  -7.2340700e+00   3.5344300e+01   1.0000000e+00
   1.8500000e+02  -1.1112700e+01   1.4323700e+01   4.4192600e+01  -2.0000000e+00
   1.8600000e+02  -1.7059500e+01  -6.1669000e+00   3.5248700e+01  -2.0000000e+00
   1.8700000e+02  -4.4468300e+00  -1.8002100e+01   3.5736700e+01  -1.0000000e+00
   1.8800000e+02  -9.9694800e+00  -3.8105400e+00   3.5175900e+01   1.0000000e+00
   1.8900000e+02  -5.9818600e+00  -1.2573000e+01   3.5945000e+01   1.0000000e+00
   1.9000000e+02   1.0161600e+01  -7.2332600e+00   3.5681200e+01   1.0000000e+00
   1.9100000e+02   1.4377900e+01  -6.6965100e+00   3.6719800e+01  -2.0000000e+00
   1.9200000e+02  -8.2548900e+00  -7.1473400e-02   3.5024700e+01  -3.0000000e+00
   1.9300000e+02  -9.2456100e+00  -1.1037900e+01   3.5229400e+01   1.0000000e+00
   1.9400000e+02   6.2382400e+00   6.9021000e+00   8.6849000e+00   2.0000000e+00
   1.9500000e+02  -1.5446800e+00   9.8566100e+00   6.3249100e+00  -3.0000000e+00
   1.9600000e+02   1.5761300e+01  -2.2669600e+00   3.6542100e+01  -1.0000000e+00
   1.9700000e+02   2.6613900e+00   1.8028200e+01   9.3267100e+00  -1.0000000e+00
   1.9800000e+02   1.0504300e+01  -1.0816500e+01   3.6519900e+01   1.0000000e+00
   1.9900000e+02  -9.8917500e+00   8.9196900e+00   3.3533900e+01   1.0000000e+00
   2.0000000e+02   4.9542200e+00   1.5104000e+01   8.5834900e+00  -2.0000000e+00
   2.0100000e+02  -2.5831300e+00  -4.9418900e+00   3.5343200e+01   1.0000000e+00
   2.0200000e+02   2.2644100e+00  -1.1751200e+01   3.6135200e+01   1.0000000e+00
   2.0300000e+02  -1.5247300e+01   1.0252400e+01   4.9945500e+01  -1.0000000e+00
   2.0400000e+02  -2.7540200e+00   6.5319300e+00   7.6025500e+00  -3.0000000e+00
   2.0500000e+02  -8.8477600e+00  -1.4740300e+01   2.3150800e+01  -2.0000000e+00
   2.0600000e+02   5.2442100e+00   1.5369800e+00  -5.8554900e+00  -3.0000000e+00
   2.0700000e+02  -5.2579200e-01  -4.7787000e+00   3.5477800e+01   1.0000000e+00
   2.0800000e+02   1.3895900e+01  -3.1474900e+00   2.9076400e+01  -2.0000000e+00
   2.0900000e+02  -4.1067700e+00   2.8361800e-01   3.5156400e+01  -3.0000000e+00
   2.1000000e+02   1.5629400e+01   5.0208400e+00   8.5190400e+00  -2.0000000e+00
   2.1100000e+02  -1.2907000e+01  -5.8318400e+00   3.4968900e+01   1.0000000e+00
   2.1200000e+02   2.0919500e-01  -1.1973600e+01   3.5982800e+01   1.0000000e+00
   2.1300000e+02   5.6581200e+00  -4.1120400e+00   2.4067300e+01  -3.0000000e+00
   2.1400000e+02  -7.7096000e+00   1.6280600e+01   3.8001100e+01  -2.0000000e+00
   2.1500000e+02  -1.2055200e+01  -3.9642700e+00   3.4585500e+01   1.0000000e+00
   2.1600000e+02  -8.4086300e+00  -9.1363600e+00   3.5276700e+01   1.0000000e+00
   2.1700000e+02  -8.7227500e+00  -5.5632400e+00   3.5699600e+01   1.0000000e+00
   2.1800000e+02   1.6499400e+01  -6.4919600e+00   5.3283400e+01  -1.0000000e+00
   2.1900000e+02  -1.6129000e+01   8.3827300e+00   4.9542300e+01  -1.0000000e+00
   2.2000000e+02  -2.2348100e+00  -8.5480700e+00   3.5690400e+01   1.0000000e+00
   2.2100000e+02  -2.9674800e+00   2.3892300e+00   3.8415900e+01  -3.0000000e+00
   2.2200000e+02   1.7204100e+00   1.2520400e+01   8.7046900e+00   2.0000000e+00
   2.2300000e+02  -8.9278900e-01   1.7529000e+01   8.5636300e+00  -1.0000000e+00
   2.2400000e+02  -1.1311200e+01  -1.1182500e+01   3.5356300e+01   1.0000000e+00
   2.2500000e+02  -1.1630200e+00   7.8424300e+00   9.4824200e+00  -3.0000000e+00
   2.2600000e+02   8.1616600e+00   6.1550700e+00   8.8153400e+00   2.0000000e+00
   2.2700000e+02  -8.9392600e+00   1.0767600e+01   3.2329500e+01   1.0000000e+00
   2.2800000e+02  -1.0622800e+01   3.4155200e+00   3.4153300e+01   1.0000000e+00
   2.2900000e+02  -1.4454600e+01  -5.1218200e-01   3.5354600e+01   1.0000000e+00
   2.3000000e+02  -1.3218500e+01  -2.2410700e+00   3.4768400e+01   1.0000000e+00
   2.3100000e+02  -3.7832600e+00  -3.2834100e+00   3.5302200e+01   1.0000000e+00
   2.3200000e+02   9.5033700e+00   9.5124700e+00   8.0137400e+00   2.0000000e+00
   2.3300000e+02  -4.0443700e+00   1.7437600e+01   2.4976700e+01  -1.0000000e+00
   2.3400000e+02  -1.7067600e+01   6.4742100e+00   3.4164400e+01  -1.0000000e+00
   2.3500000e+02  -1.0784400e+01  -5.7267900e+00   3.5194700e+01   1.0000000e+00
   2.3600000e+02  -1.5698800e+01   1.2168600e+00   3.4930100e+01  -2.0000000e+00
   2.3700000e+02   7.2217200e+00   1.2315800e+01   9.2481600e+00   2.0000000e+00
   2.3800000e+02  -1.8326800e+00  -1.2158300e+01   3.5742500e+01   1.0000000e+00
   2.3900000e+02   7.6424800e+00  -1.2951300e+01   3.6355700e+01   1.0000000e+00
   2.4000000e+02  -1.0312700e+01  -2.1590700e-01   3.4628000e+01   1.0000000e+00
   2.4100000e+02  -1.5841500e+01  -7.8672300e+00   3.5346900e+01  -2.0000000e+00
   2.4200000e+02  -1.5333300e+01  -2.4174600e+00   3.4906700e+01  -2.0000000e+00
   2.4300000e+02  -4.4461300e+00   3.8071100e+00   2.7225200e+01  -3.0000000e+00
   2.4400000e+02  -1.7776300e+01   1.0271900e+00   3.5325900e+01  -1.0000000e+00
   2.4500000e+02   1.8310500e+00  -1.7288100e+01   3.6370600e+01  -1.0000000e+00
   2.4600000e+02   4.6017600e+00   1.7299200e+01   8.5594900e+00  -1.0000000e+00
   2.4700000e+02  -1.6174500e+01  -4.3173200e+00   3.5319800e+01  -2.0000000e+00
   2.4800000e+02   6.7392400e+00  -1.4937900e+01   3.6528900e+01  -2.0000000e+00
   2.4900000e+02  -5.8472800e+00  -3.4444800e+00   3.5528300e+01   1.0000000e+00
   2.5000000e+02   3.4768700e+00  -1.3432300e+01   3.5948900e+01   1.0000000e+00
   2.5100000e+02  -9.1080600e+00  -1.9506900e+00   3.5008300e+01   1.0000000e+00
   2.5200000e+02  -2.4966900e+00   4.4771100e+00   3.5887100e+01  -3.0000000e+00
   2.5300000e+02   6.8945100e+00   1.4362400e+01   8.8179300e+00  -2.0000000e+00
   2.5400000e+02  -1.4607700e+01  -9.6424700e+00   3.5147700e+01  -2.0000000e+00
   2.5500000e+02  -1.6579200e-01  -8.3575700e+00   3.5561800e+01   1.0000000e+00
   2.5600000e+02  -9.5726800e+00  -7.4458500e+00   3.4985800e+01   1.0000000e+00
   2.5700000e+02  -5.8267700e-01   3.7053100e+00  -3.4802600e+00  -3.0000000e+00
   2.5800000e+02   3.6787400e+00   1.1764500e+01   8.6244800e+00   2.0000000e+00
   2.5900000e+02   8.7982800e+00  -1.4663500e+01   3.6365200e+01  -2.0000000e+00
   2.6000000e+02   2.6741500e+00   6.3687900e+00   8.9179500e+00   2.0000000e+00
   2.6100000e+02  -1.0109900e+01   1.6136500e+01   3.1970200e+01  -1.0000000e+00
   2.6200000e+02  -1.8854100e+00   1.1888000e+01  -3.5504200e+00  -3.0000000e+00
   2.6300000e+02   7.9887600e+00  -1.6575900e+01   3.7424500e+01  -1.0000000e+00
   2.6400000e+02   1.0623800e+00  -1.0067800e+01   3.5775100e+01   1.0000000e+00
   2.6500000e+02   7.1223500e+00   5.3780500e-01   1.8830200e+01  -3.0000000e+00
   2.6600000e+02  -1.4818500e+00  -1.5757500e+01   3.5443800e+01  -2.0000000e+00
   2.6700000e+02   6.0193400e+00  -7.6757000e+00   4.8092000e+01  -3.0000000e+00
   2.6800000e+02  -1.6859200e+01   2.9152700e+00   4.8968900e+01  -1.0000000e+00
   2.6900000e+02   4.3222700e+00   7.6567400e+00   8.7141700e+00   2.0000000e+00
   2.7000000e+02   5.6171500e+00   1.0993800e+01   8.9869800e+00   2.0000000e+00
   2.7100000e+02   1.2254100e+01  -7.0115000e+00   3.6359100e+01   1.0000000e+00
   2.7200000e+02   5.6776600e-01  -1.5577900e+01   3.5638600e+01  -2.0000000e+00
   2.7300000e+02  -4.6281800e+00  -5.1471200e+00   3.5457900e+01   1.0000000e+00
   2.7400000e+02   1.6326700e+01   7.3401600e-01   1.2230300e+01  -2.0000000e+00
   2.7500000e+02   1.0060800e+01  -1.6318500e+01   3.7258100e+01  -1.0000000e+00
   2.7600000e+02   1.1989500e+00  -1.0110500e+00   5.1094000e+01  -3.0000000e+00
   2.7700000e+02   1.3042200e+01   9.9990800e+00   8.0374000e+00  -2.0000000e+00
   2.7800000e+02  -3.8978800e+00  -1.2338400e+01   3.5927800e+01   1.0000000e+00
   2.7900000e+02  -1.3858000e+01   4.9361700e+00   3.4250000e+01   1.0000000e+00
   2.8000000e+02   1.2883200e+01  -1.4168900e+01   3.4689600e+01  -1.0000000e+00
   2.8100000e+02  -1.2549700e+01  -9.4584000e+00   3.4992800e+01   1.0000000e+00
   2.8200000e+02  -1.3605800e+01   1.3690000e+00   3.4556600e+01   1.0000000e+00
   2.8300000e+02   7.2268900e+00  -9.3863700e+00   3.5980800e+01   1.0000000e+00
   2.8400000e+02  -1.1931700e+01   8.7096000e+00   3.3573100e+01   1.0000000e+00
   2.8500000e+02  -7.9175500e+00  -3.6581000e+00   3.5642900e+01   1.0000000e+00
   2.8600000e+02   4.4641500e+00  -2.4004000e+00   3.5619200e+01   1.0000000e+00
   2.8700000e+02  -4.7283600e+00  -1.4227600e+01   3.6111700e+01   1.0000000e+00
   2.8800000e+02  -1.2690200e+01   3.2285100e+00   3.4466100e+01   1.0000000e+00
   2.8900000e+02  -9.4493800e+00   1.6432500e+00   3.4379100e+01   1.0000000e+00
   2.9000000e+02  -7.9231500e+00   1.2588900e+01   3.1304400e+01   1.0000000e+00
   2.9100000e+02  -1.1514400e+01   1.5165500e+00   3.4432400e+01   1.0000000e+00
   2.9200000e+02  -1.4957100e+01  -5.9917100e+00   3.5149600e+01   1.0000000e+00
   2.9300000e+02   4.3265100e+00  -1.1504200e+01   3.6098600e+01   1.0000000e+00
   2.9400000e+02   1.1144300e+01   1.0775900e+01   7.9359400e+00   2.0000000e+00
   2.9500000e+02  -3.0576600e+00  -1.0439800e+01   3.5830600e+01   1.0000000e+00
   2.9600000e+02  -1.2922500e+01   6.8626400e+00   3.3093300e+01   1.0000000e+00
   2.9700000e+02   2.4187300e+00  -2.6885700e+00   3.6592000e+01   1.0000000e+00
   2.9800000e+02   7.8714400e+00   8.2283000e+00   8.4696000e+00   2.0000000e+00
   2.9900000e+02  -1.0097600e+01  -1.2906000e+01   3.4693200e+01  -2.0000000e+00
