   0.0000000e+00   1.4670600e+01   9.8009200e+00   2.0672900e+01  -1.0000000e+00
   1.0000000e+00   7.0420000e+00   4.8919100e+00   3.9295100e+01  -3.0000000e+00
   2.0000000e+00   5.6052500e+00   1.5818300e+01   2.6023600e+01  -1.0000000e+00
   3.0000000e+00   7.2637600e+00   8.5153200e+00   2.6667900e+01   1.0000000e+00
   4.0000000e+00   1.2884500e+01   2.4373700e-01   5.1174400e+01   2.0000000e+00
   5.0000000e+00  -1.1204300e+01   1.2862100e+01   2.8326200e+01  -2.0000000e+00
   6.0000000e+00   7.9914300e+00  -1.6803500e+01   4.9894900e+01  -1.0000000e+00
   7.0000000e+00  -9.1418700e+00   1.2845900e+01   2.7775500e+01   1.0000000e+00
   8.0000000e+00  -6.8182600e+00   1.6300800e+01   2.6484700e+01  -1.0000000e+00
   9.0000000e+00  -3.4702900e+00   1.7424700e+00   2.7177800e+01   1.0000000e+00
   1.0000000e+01   1.1665400e+01   1.1811400e+01   2.6990800e+01   1.0000000e+00
   1.1000000e+01  -5.3496600e+00   5.4247400e+00   2.7477400e+01   1.0000000e+00
   1.2000000e+01  -6.4676400e+00   3.6375800e+00   2.7386100e+01   1.0000000e+00
   1.3000000e+01   8.3808800e+00   1.0252200e+01   2.6645700e+01   1.0000000e+00
   1.4000000e+01   3.5157200e+00   1.5959000e+01   2.7232000e+01  -1.0000000e+00
   1.5000000e+01   9.7133700e+00   2.8547700e+00   3.6423900e+01  -3.0000000e+00
   1.6000000e+01   1.0647000e+01   1.3696300e+01   2.6915600e+01  -2.0000000e+00
   1.7000000e+01   6.6678500e+00  -3.9352500e+00   5.0016300e+01   2.0000000e+00
   1.8000000e+01   2.3329600e+00   1.4128500e+01   2.7311700e+01  -2.0000000e+00
   1.9000000e+01   8.1719600e+00   6.6435100e+00   2.6608000e+01   1.0000000e+00
   2.0000000e+01  -1.3397100e+01  -1.0459900e+01   2.7949600e+01  -2.0000000e+00
   2.1000000e+01  -1.5939400e+01   2.2845800e+00   2.7057200e+01  -2.0000000e+00
   2.2000000e+01   1.5411600e+01   7.2440000e+00   5.1140800e+01  -1.0000000e+00
   2.3000000e+01   9.9212600e+00  -1.6114100e+01   3.7456300e+01  -2.0000000e+00
   2.4000000e+01  -3.0695000e+00   8.9285600e+00   2.7134400e+01   1.0000000e+00
   2.5000000e+01  -1.6145700e+01  -1.2803100e+00   2.7969500e+01  -2.0000000e+00
   2.6000000e+01  -8.1740200e+00  -8.9362000e+00   2.8428500e+01   1.0000000e+00
   2.7000000e+01   5.4296200e+00  -5.9003900e-01   3.1681500e+01  -3.0000000e+00
   2.8000000e+01   1.1172900e+01   4.3923600e+00   3.5779600e+01  -3.0000000e+00
   2.9000000e+01  -3.5140400e+00  -9.4518200e+00   5.3232600e+01  -3.0000000e+00
   3.0000000e+01   5.2844100e-01   1.7861000e+01   2.6085500e+01  -1.0000000e+00
   3.1000000e+01  -1.2325000e+01   1.1087700e+01   2.7642400e+01   1.0000000e+00
   3.2000000e+01   1.5219500e+01   5.1779900e+00   6.6997300e+01  -2.0000000e+00
   3.3000000e+01  -5.0890000e+00  -1.0785800e+01   3.2261500e+01  -3.0000000e+00
   3.4000000e+01  -8.0549000e+00  -1.5836800e+01   1.0290100e+01  -1.0000000e+00
   3.5000000e+01   1.3240800e+01   4.4814600e+00   3.1613300e+01  -3.0000000e+00
   3.6000000e+01   1.6149800e+00  -1.1434700e+01   4.9330000e+01   2.0000000e+00
   3.7000000e+01   1.4777700e+01   1.0341600e+00   5.1023600e+01   2.0000000e+00
   3.8000000e+01  -7.8514400e+00  -1.2842700e+01   3.9183400e+01  -2.0000000e+00
   3.9000000e+01   4.7679000e+00  -1.4175800e+01   4.9752600e+01   2.0000000e+00
   4.0000000e+01  -1.0617400e+01   3.8385900e+00   2.7357400e+01   1.0000000e+00
   4.1000000e+01  -6.6708900e+00   6.9360800e-02   2.6774100e+01   1.0000000e+00
   4.2000000e+01  -1.5718800e+01   5.8740500e+00   2.6485400e+01  -2.0000000e+00
   4.3000000e+01  -1.4248200e+01  -4.9818300e+00   2.7480100e+01   1.0000000e+00
   4.4000000e+01   1.2729800e+01   1.3599600e+01   1.5214400e+01  -2.0000000e+00
   4.5000000e+01  -7.2483100e+00   9.1224200e+00   2.8051400e+01   1.0000000e+00
   4.6000000e+01   4.7261300e+00  -4.6476600e+00   4.9595400e+01   2.0000000e+00
   4.7000000e+01   3.1320000e+00   8.6892300e+00   2.6693000e+01   1.0000000e+00
   4.8000000e+01   1.7225500e+01   6.1976600e+00   5.6602900e+01  -1.0000000e+00
   4.9000000e+01   7.3666000e+00   1.5713400e-01   6.2022000e+01  -3.0000000e+00
   5.0000000e+01  -9.3095600e+00   9.1512800e+00   2.7835500e+01   1.0000000e+00
   5.1000000e+01  -1.0242000e+01   1.1016200e+01   2.7984800e+01   1.0000000e+00
   5.2000000e+01   1.3420000e+01  -7.2005600e+00   4.9628100e+01   2.0000000e+00
   5.3000000e+01  -1.0781900e+01   2.5140200e-01   2.7259400e+01   1.0000000e+00
   5.4000000e+01   1.3283800e-01   1.0640700e+01   2.7547700e+01   1.0000000e+00
   5.5000000e+01   6.3021400e+00  -6.0098900e+00   4.9530300e+01   2.0000000e+00
   5.6000000e+01   7.8947600e+00  -7.3632400e+00   6.1436900e+01   0.0000000e+00
   5.7000000e+01   9.0045700e+00  -1.1953600e+00   5.0205400e+01   2.0000000e+00
   5.8000000e+01   1.8084500e+01  -1.5656600e+00   6.6956200e+01  -1.0000000e+00
   5.9000000e+01  -8.9388300e+00  -3.4794400e+00   2.7221900e+01   1.0000000e+00
   6.0000000e+01  -4.1981600e+00   7.1963700e+00   2.6765300e+01   1.0000000e+00
   6.1000000e+01  -1.4543300e+01   7.5841000e+00   2.6519600e+01  -2.0000000e+00
   6.2000000e+01  -1.0345500e+01  -1.2426300e+01   2.6305100e+01  -2.0000000e+00
   6.3000000e+01   1.2255200e+01  -1.3321900e+01   4.9330700e+01  -2.0000000e+00
   6.4000000e+01  -1.9493700e+00  -1.0902200e+01   5.4629400e+01  -3.0000000e+00
   6.5000000e+01  -1.7253800e+01  -3.0875800e+00   1.3006700e+01  -1.0000000e+00
   6.6000000e+01   2.9007100e+00   5.1108100e+00   2.7907700e+01   1.0000000e+00
   6.7000000e+01  -2.7673800e+00  -1.7638800e+01   5.0831400e+01  -1.0000000e+00
   6.8000000e+01   1.2072900e+00  -1.3540700e+01   5.3774800e+01  -3.0000000e+00
   6.9000000e+01   1.1841200e+01  -5.8684400e+00   5.0172200e+01   2.0000000e+00
   7.0000000e+01   6.3713700e+00  -1.5491400e+01   4.9905300e+01  -2.0000000e+00
   7.1000000e+01   5.9448900e+00   3.1179200e+00   3.4272400e+01  -3.0000000e+00
   7.2000000e+01  -3.6227000e+00  -1.2223700e+01   4.0441800e+01  -3.0000000e+00
   7.3000000e+01   1.8254900e+00   3.3289000e+00   2.8329900e+01   1.0000000e+00
   7.4000000e+01   2.7865800e+00   1.4944500e+00   3.9936100e+01  -3.0000000e+00
   7.5000000e+01   9.0904800e+00  -1.0662500e+01   3.8986800e+01   0.0000000e+00
   7.6000000e+01  -1.7108700e+01   5.5212300e-01   2.7728400e+01  -2.0000000e+00
   7.7000000e+01   1.4127000e+01  -3.0988800e+00   5.0241900e+01   2.0000000e+00
   7.8000000e+01   1.4984500e+01  -8.5683600e+00   6.1278600e+01  -2.0000000e+00
   7.9000000e+01   2.7552100e+00  -1.4884300e+01   4.1354400e+01  -3.0000000e+00
   8.0000000e+01  -3.8924500e+00   1.4474300e+01   2.7170800e+01   1.0000000e+00
   8.1000000e+01   1.1299600e+01   1.5540100e+00   3.9164900e+01  -3.0000000e+00
   8.2000000e+01   1.6736600e+01   1.7910400e+00   5.2745300e+01  -2.0000000e+00
   8.3000000e+01   1.9621800e+00  -9.4005100e+00   4.9324400e+01   2.0000000e+00
   8.4000000e+01  -8.0503300e-01   1.2480800e+01   2.7363100e+01   1.0000000e+00
   8.5000000e+01   1.5016300e+01   1.3413400e+01   5.4556700e+01  -1.0000000e+00
   8.6000000e+01  -3.8429300e+00  -5.4692800e+00   2.5480900e+01  -3.0000000e+00
   8.7000000e+01   1.3773600e+01  -5.1498800e+00   5.0180200e+01   2.0000000e+00
   8.8000000e+01  -1.5166400e+01  -3.0911800e+00   2.7561900e+01  -2.0000000e+00
   8.9000000e+01  -3.1572300e-01  -1.2150000e+01   4.1767700e+01  -3.0000000e+00
   9.0000000e+01  -2.3199500e+00   3.4777600e+00   2.6933600e+01   1.0000000e+00
   9.1000000e+01   1.2203600e+00  -3.9760100e+00   3.0304200e+01  -3.0000000e+00
   9.2000000e+01  -1.1930700e+01  -1.5050000e+00   2.6667700e+01   1.0000000e+00
   9.3000000e+01  -8.9914700e+00   1.6494200e+01   2.6378300e+01  -1.0000000e+00
   9.4000000e+01   1.4642400e+01  -1.0591300e+01   6.4731600e+01  -1.0000000e+00
   9.5000000e+01   4.3593900e+00  -1.6196900e+01   4.2098200e+01  -2.0000000e+00
   9.6000000e+01  -1.4410400e+01   1.1196100e+01   2.7749900e+01  -2.0000000e+00
   9.7000000e+01   1.9294500e+01  -5.1161800e+00   1.8533600e+01  -1.0000000e+00
   9.8000000e+01   1.1464100e+01  -1.7499500e+01   4.8737500e+01  -1.0000000e+00
   9.9000000e+01   7.4422400e+00   1.2095900e+01   2.6721700e+01   1.0000000e+00
   1.0000000e+02   1.0929800e+01  -4.7276100e-01   5.0419000e+01   2.0000000e+00
   1.0100000e+02   7.6771900e+00   1.5695800e+01   2.6423800e+01  -1.0000000e+00
   1.0200000e+02  -1.5512700e+01   9.4405000e+00   2.6846600e+01  -2.0000000e+00
   1.0300000e+02   9.3311000e+00   8.3018200e-01   4.9863500e+01  -3.0000000e+00
   1.0400000e+02   9.5404000e+00   1.1953000e+01   2.6748800e+01   1.0000000e+00
   1.0500000e+02   1.3854100e+01  -1.4644800e+01   4.9788900e+01  -1.0000000e+00
   1.0600000e+02  -5.9533200e+00   1.4444200e+01   2.7418500e+01  -2.0000000e+00
   1.0700000e+02   4.4413300e+00   1.4099300e+01   2.6828500e+01  -2.0000000e+00
   1.0800000e+02  -1.5561800e+01  -1.0418200e+01   1.3148100e+01  -1.0000000e+00
   1.0900000e+02  -1.2333000e+01  -8.6888000e+00   2.7842300e+01   1.0000000e+00
   1.1000000e+02   4.2710900e+00   1.0474500e+01   2.7614100e+01   1.0000000e+00
   1.1100000e+02  -2.3908000e-01   3.3532300e+00   2.7851800e+01   1.0000000e+00
   1.1200000e+02  -1.1247100e+01  -6.9287700e+00   2.7050500e+01   1.0000000e+00
   1.1300000e+02  -1.2175700e+00   5.2095400e+00   1.5189300e+01   0.0000000e+00
   1.1400000e+02  -7.1474300e+00  -1.0896300e+01   3.2140500e+01  -3.0000000e+00
   1.1500000e+02  -6.1298800e+00  -9.0158900e+00   2.9616100e+01   1.0000000e+00
   1.1600000e+02  -2.3841500e+00  -1.5516400e+01   5.0216800e+01  -2.0000000e+00
   1.1700000e+02   1.6788600e+00  -2.7782000e-01   3.4702000e+01  -3.0000000e+00
   1.1800000e+02   7.1409800e+00  -1.1411400e+01   5.0445200e+01   2.0000000e+00
   1.1900000e+02  -1.8239800e+01  -1.2463900e+00   2.8358000e+01  -1.0000000e+00
   1.2000000e+02   1.1863200e+01  -1.5366900e+01   6.1653600e+01  -2.0000000e+00
   1.2100000e+02  -4.0111000e+00   1.0801200e+01   2.7778900e+01   1.0000000e+00
   1.2200000e+02  -7.7929100e+00  -1.6580500e+00   2.7282900e+01   1.0000000e+00
   1.2300000e+02  -1.1360700e+01   9.2528600e+00   2.7258300e+01   1.0000000e+00
   1.2400000e+02   2.3830400e+00  -7.3613300e+00   4.8684500e+01   2.0000000e+00
   1.2500000e+02  -6.2568200e+00   7.3262800e+00   2.7462600e+01   1.0000000e+00
   1.2600000e+02   1.6090000e+01  -2.3883000e+00   5.0864500e+01  -2.0000000e+00
   1.2700000e+02   4.0350000e+00   6.8388900e+00   2.7022800e+01   1.0000000e+00
   1.2800000e+02   2.2095800e+00   1.0542700e+01   2.7456200e+01   1.0000000e+00
   1.2900000e+02  -1.8152300e+01   2.3612600e+00   2.7552400e+01  -1.0000000e+00
   1.3000000e+02  -1.5001600e+01   4.4623500e-01   2.6940900e+01   1.0000000e+00
   1.3100000e+02  -5.7365800e+00  -1.7697900e+00   2.6829000e+01   1.0000000e+00
   1.3200000e+02  -9.1915000e+00  -7.0813100e+00   2.7107700e+01   1.0000000e+00
   1.3300000e+02   5.5254000e+00  -1.0081500e+01   4.9970700e+01   2.0000000e+00
   1.3400000e+02   1.4589400e+00   1.5988100e+01   1.4393000e+01  -2.0000000e+00
   1.3500000e+02   7.3476600e-01  -1.8317300e+01   4.8830500e+01  -1.0000000e+00
   1.3600000e+02   9.7302400e+00   1.5622900e+01   2.6394400e+01  -1.0000000e+00
   1.3700000e+02   1.6633500e+01   8.9126100e+00   4.4718200e+01  -1.0000000e+00
   1.3800000e+02   6.3253100e+00   1.0367500e+01   2.7098500e+01   1.0000000e+00
   1.3900000e+02  -5.0862000e+00  -7.2286700e+00   3.8378100e+01  -3.0000000e+00
   1.4000000e+02   1.7004800e+01  -7.8791000e+00   4.9860000e+01  -1.0000000e+00
   1.4100000e+02  -1.1006700e+01  -3.3557100e+00   2.6248700e+01   1.0000000e+00
   1.4200000e+02   1.1028600e+01  -9.9028700e+00   6.1592800e+01   0.0000000e+00
   1.4300000e+02   1.0243600e+01  -4.5450800e+00   4.9997100e+01   2.0000000e+00
   1.4400000e+02   3.8915500e+00   3.2650400e+00   2.7561700e+01  -3.0000000e+00
   1.4500000e+02  -8.1864300e+00   1.0986900e+01   2.7478200e+01   1.0000000e+00
   1.4600000e+02   3.5853700e+00  -1.0783500e+01   4.9404400e+01   2.0000000e+00
   1.4700000e+02  -3.6297500e+00  -1.8893100e+00   2.6946800e+01   1.0000000e+00
   1.4800000e+02   1.0496700e+01   1.0107500e+01   2.6293600e+01   1.0000000e+00
   1.4900000e+02  -1.4490900e+01  -1.2246200e+01   2.8507200e+01  -1.0000000e+00
   1.5000000e+02  -1.2162800e+01   1.4695900e+01   2.8804300e+01  -1.0000000e+00
   1.5100000e+02  -2.6901700e+00   1.6179900e+01   1.4036700e+01  -2.0000000e+00
   1.5200000e+02   1.1462900e+01  -7.8904100e+00   4.9773500e+01   0.0000000e+00
   1.5300000e+02   1.0698000e+01  -1.1975100e+01   4.9815600e+01   2.0000000e+00
   1.5400000e+02  -7.4053000e+00   5.4794200e+00   2.7346500e+01   1.0000000e+00
   1.5500000e+02   1.8655800e+01   2.7066200e+00   5.3242200e+01  -1.0000000e+00
   1.5600000e+02   1.0296000e+01   6.5081800e+00   2.5832100e+01   1.0000000e+00
   1.5700000e+02   8.3172700e-01  -6.0099300e+00   4.8086400e+01  -3.0000000e+00
   1.5800000e+02   3.4910400e+00  -1.2591700e+00   3.7760900e+01  -3.0000000e+00
   1.5900000e+02   1.2673300e+01  -1.1302300e+01   4.9417800e+01  -2.0000000e+00
   1.6000000e+02   1.5379500e+01  -6.4942800e+00   4.9818900e+01  -2.0000000e+00
   1.6100000e+02   6.4905000e+00   1.3956500e+01   2.6158000e+01  -2.0000000e+00
   1.6200000e+02  -1.2877600e+01   3.4079800e-01   2.7020200e+01   1.0000000e+00
   1.6300000e+02   7.0350200e+00  -1.8895300e+00   5.0245200e+01   2.0000000e+00
   1.6400000e+02  -2.4994300e+00  -1.2853000e-01   2.7542400e+01   1.0000000e+00
   1.6500000e+02  -4.3801900e+00   3.5810800e+00   2.7561300e+01   1.0000000e+00
   1.6600000e+02  -7.1367300e+00  -7.1658000e+00   2.7304500e+01   1.0000000e+00
   1.6700000e+02   5.8922700e+00  -8.0419900e+00   4.9079300e+01   2.0000000e+00
   1.6800000e+02   5.6367900e-01  -2.0240800e+00   1.0962900e+01  -3.0000000e+00
   1.6900000e+02  -1.1724700e+01   2.0983000e+00   2.7518100e+01   1.0000000e+00
   1.7000000e+02   7.7661900e+00   2.1852600e+00   3.7455800e+01  -3.0000000e+00
   1.7100000e+02  -3.2879000e+00   5.3598700e+00   2.7060300e+01   1.0000000e+00
   1.7200000e+02  -1.5284800e+00  -1.9886200e+00   3.9773700e+01  -3.0000000e+00
   1.7300000e+02  -3.5483900e+00   1.8057800e+01   2.4748000e+01  -1.0000000e+00
   1.7400000e+02   1.2191900e+01  -3.8376200e+00   5.0297000e+01   2.0000000e+00
   1.7500000e+02  -1.2446000e+01  -1.2366300e+01   1.4609000e+01  -2.0000000e+00
   1.7600000e+02   1.3165800e+01   2.4206800e+00   6.4619900e+01  -3.0000000e+00
   1.7700000e+02  -1.0111300e+01  -5.2149800e+00   2.6431400e+01   1.0000000e+00
   1.7800000e+02   1.2577900e+01   9.9693600e+00   2.5851100e+01  -2.0000000e+00
   1.7900000e+02  -6.8605800e+00  -3.5185000e+00   2.7721200e+01   1.0000000e+00
   1.8000000e+02   9.3355400e+00   8.3823200e+00   2.6617100e+01   1.0000000e+00
   1.8100000e+02   5.0913700e+00  -2.6105500e+00   4.9980700e+01  -3.0000000e+00
   1.8200000e+02  -1.3094500e+01  -3.1986500e+00   2.6486500e+01   1.0000000e+00
   1.8300000e+02   1.3489900e+01   8.0968500e+00   3.3829700e+01  -2.0000000e+00
   1.8400000e+02  -8.5130000e+00   3.7526300e+00   2.7062000e+01   1.0000000e+00
   1.8500000e+02  -4.1012500e-01  -1.4816600e+01   4.0772900e+01  -3.0000000e+00
   1.8600000e+02   8.3725200e+00  -1.4769200e+01   5.0048000e+01  -2.0000000e+00
   1.8700000e+02  -9.8508600e+00  -1.5859400e+00   2.7128800e+01   1.0000000e+00
   1.8800000e+02  -4.3785900e+00  -1.6355600e+01   3.9466500e+01  -2.0000000e+00
   1.8900000e+02  -8.2216700e-01  -1.6881800e+01   3.7225800e+01  -2.0000000e+00
   1.9000000e+02  -6.3189100e+00  -1.7164100e+01   5.3671400e+01  -1.0000000e+00
   1.9100000e+02  -5.9001500e+00  -5.3349500e+00   2.6580700e+01   1.0000000e+00
   1.9200000e+02   1.0586300e+01  -2.5038500e+00   5.0308200e+01   2.0000000e+00
   1.9300000e+02   8.5181100e-01   5.1704400e+00   4.0545300e+01   0.0000000e+00
   1.9400000e+02   1.2548900e+01  -1.7871500e+00   5.0360700e+01   2.0000000e+00
   1.9500000e+02  -2.1311000e+00   7.0936600e+00   2.6650000e+01   0.0000000e+00
   1.9600000e+02  -1.1473700e+00  -6.5598400e+00   6.1266400e+01  -3.0000000e+00
   1.9700000e+02  -5.1237000e+00   9.0292600e+00   2.7457500e+01   1.0000000e+00
   1.9800000e+02   9.1239700e+00   4.8195200e+00   1.1146100e+01  -3.0000000e+00
   1.9900000e+02   5.9931600e+00  -1.7512400e+01   5.0031000e+01  -1.0000000e+00
   2.0000000e+02   1.7693100e+01  -3.7000300e+00   4.9937300e+01  -2.0000000e+00
   2.0100000e+02  -1.2494500e+01   7.5106500e+00   2.7232600e+01   1.0000000e+00
   2.0200000e+02   1.1492600e+00  -1.6164900e+01   5.4018600e+01  -2.0000000e+00
   2.0300000e+02  -1.7734500e+00   1.4346800e+01   2.7080200e+01   1.0000000e+00
   2.0400000e+02   2.7781800e+00  -5.3465600e+00   4.9231600e+01   2.0000000e+00
   2.0500000e+02  -1.0271500e+01  -8.8436100e+00   2.7949200e+01   1.0000000e+00
   2.0600000e+02  -1.4803100e+01   4.0003800e+00   2.6899500e+01   1.0000000e+00
   2.0700000e+02   1.2350000e+01   6.3671000e+00   2.6685900e+01  -3.0000000e+00
   2.0800000e+02   1.6411000e+01  -3.1992900e-01   5.1877200e+01  -2.0000000e+00
   2.0900000e+02   1.6954500e+01   4.0397200e+00   5.4768900e+01  -2.0000000e+00
   2.1000000e+02  -1.6744000e+01   7.7859600e+00   4.1296300e+01  -1.0000000e+00
   2.1100000e+02  -7.9669600e+00  -5.2819900e+00   2.7086300e+01   1.0000000e+00
   2.1200000e+02  -8.3324600e+00   7.3444900e+00   2.7943700e+01   1.0000000e+00
   2.1300000e+02  -1.0106200e+01   1.4756100e+01   4.0338000e+01  -2.0000000e+00
   2.1400000e+02  -1.5364800e+01  -6.7802900e+00   2.7824700e+01  -2.0000000e+00
   2.1500000e+02   5.3499500e+00   1.2236200e+01   2.7134600e+01   1.0000000e+00
   2.1600000e+02  -1.3292100e+01   1.2947500e+01   3.9282300e+01  -2.0000000e+00
   2.1700000e+02   9.8211000e+00  -6.6368100e+00   3.8253500e+01   0.0000000e+00
   2.1800000e+02   1.9330000e+00   6.9407500e+00   2.6833200e+01   0.0000000e+00
   2.1900000e+02  -5.5233800e+00   1.8021300e+00   2.7161900e+01   1.0000000e+00
   2.2000000e+02  -1.5125500e+00  -8.7696600e+00   4.9169100e+01   2.0000000e+00
   2.2100000e+02   6.7618300e+00  -1.3437600e+01   5.0130200e+01   2.0000000e+00
   2.2200000e+02   5.1965600e+00   8.6144100e+00   2.6986500e+01   1.0000000e+00
   2.2300000e+02   7.0515200e-01   1.5349400e+00   2.7948300e+01   1.0000000e+00
   2.2400000e+02   5.1567500e+00  -1.2120200e+01   4.9756500e+01   2.0000000e+00
   2.2500000e+02  -1.1563100e+01  -1.4317900e+01   2.7618700e+01  -1.0000000e+00
   2.2600000e+02  -5.7527800e+00  -1.2822800e+01   4.2300800e+01  -3.0000000e+00
   2.2700000e+02  -1.3773800e+00   1.6037400e+00   2.7089300e+01   1.0000000e+00
   2.2800000e+02   1.0658700e+00   8.8068400e+00   1.4886400e+01   0.0000000e+00
   2.2900000e+02  -4.5864700e+00  -6.5453100e-02   2.7197800e+01   1.0000000e+00
   2.3000000e+02  -1.4030000e+01  -1.3666000e+00   2.6955400e+01   1.0000000e+00
   2.3100000e+02   3.2928700e+00   1.2304000e+01   2.7977200e+01   1.0000000e+00
   2.3200000e+02   4.2529600e-01  -8.0230100e+00   4.8840100e+01   2.0000000e+00
   2.3300000e+02   3.1549200e+00  -3.2931900e+00   6.1663300e+01  -3.0000000e+00
   2.3400000e+02  -3.0223300e+00  -7.3759500e+00   2.7337900e+01  -3.0000000e+00
   2.3500000e+02   3.1515200e+00  -1.2834500e+01   4.9110800e+01   2.0000000e+00
   2.3600000e+02   1.1816000e+01   1.5439600e+01   2.5847900e+01  -1.0000000e+00
   2.3700000e+02  -1.2697500e+01   3.9081100e+00   2.7513500e+01   1.0000000e+00
   2.3800000e+02  -6.1496300e+00  -1.4862000e+01   6.3636700e+01  -2.0000000e+00
   2.3900000e+02   1.5117300e+01   3.0675500e+00   5.3120900e+01   2.0000000e+00
   2.4000000e+02  -1.7831700e+01   5.9840200e+00   2.7338100e+01  -1.0000000e+00
   2.4100000e+02  -7.7573400e-01  -4.5350000e+00   3.7566000e+01  -3.0000000e+00
   2.4200000e+02   4.9732300e+00   5.0167800e+00   2.7291900e+01   1.0000000e+00
   2.4300000e+02  -1.9453200e+00   1.0690800e+01   2.7472700e+01   1.0000000e+00
   2.4400000e+02  -1.2159000e+01  -5.0718700e+00   2.6691300e+01   1.0000000e+00
   2.4500000e+02  -6.1383100e+00   1.0857200e+01   2.7444000e+01   1.0000000e+00
   2.4600000e+02   2.8701800e-01   1.4255100e+01   2.6800900e+01   1.0000000e+00
   2.4700000e+02  -1.4418600e+01  -8.6246000e+00   2.7714100e+01  -2.0000000e+00
   2.4800000e+02   1.2425200e+00   1.2373100e+01   2.7555900e+01   1.0000000e+00
   2.4900000e+02  -9.2196700e+00  -1.0697800e+01   2.8444100e+01   1.0000000e+00
   2.5000000e+02   1.0312800e+01  -1.4006900e+01   4.9752100e+01   2.0000000e+00
   2.5100000e+02   8.5682000e+00   1.3820800e+01   2.6633200e+01  -2.0000000e+00
   2.5200000e+02  -9.4254300e+00  -1.4270000e+01   1.2795800e+01  -1.0000000e+00
   2.5300000e+02  -4.7345100e+00   1.6367900e+01   3.8628200e+01  -2.0000000e+00
   2.5400000e+02   1.3742100e+01   1.1674600e+01   2.5954500e+01  -2.0000000e+00
   2.5500000e+02  -1.0428400e+01   7.4191300e+00   2.7421900e+01   1.0000000e+00
   2.5600000e+02  -1.1318200e+01  -1.0617500e+01   2.7689000e+01   1.0000000e+00
   2.5700000e+02   3.6073900e-02  -1.0125700e+01   5.0129700e+01   2.0000000e+00
   2.5800000e+02  -4.7986000e+00  -3.5993400e+00   2.6868700e+01   1.0000000e+00
   2.5900000e+02  -9.9307100e-01   8.8362900e+00   3.9741200e+01   0.0000000e+00
   2.6000000e+02  -4.0263400e+00  -1.4235200e+01   4.9916100e+01   1.0000000e+00
   2.6100000e+02  -1.6912900e+01   4.1093500e+00   2.6362500e+01  -2.0000000e+00
   2.6200000e+02  -6.2866300e-01   1.6161500e+01   3.8780700e+01  -2.0000000e+00
   2.6300000e+02  -1.6470500e+01   1.1258700e+01   2.8346600e+01  -1.0000000e+00
   2.6400000e+02   8.7335100e+00  -1.2689100e+01   5.0391100e+01   2.0000000e+00
   2.6500000e+02  -1.1537700e+01   5.6795000e+00   2.7424000e+01   1.0000000e+00
   2.6600000e+02   2.7529400e+00  -1.7580000e+01   3.6456900e+01  -1.0000000e+00
   2.6700000e+02  -7.5932100e+00   1.9102500e+00   2.6872200e+01   1.0000000e+00
   2.6800000e+02  -1.6359400e+01  -4.9650200e+00   2.7785800e+01  -2.0000000e+00
   2.6900000e+02   3.9101700e+00  -8.7311500e+00   4.9218800e+01   2.0000000e+00
   2.7000000e+02   1.4247500e+01  -1.2613700e+01   6.4440000e+01  -1.0000000e+00
   2.7100000e+02  -9.6727900e+00   2.0032500e+00   2.7186200e+01   1.0000000e+00
   2.7200000e+02   1.3047100e+01  -9.2392000e+00   4.9328600e+01  -2.0000000e+00
   2.7300000e+02  -4.9792100e+00   1.2629100e+01   2.8233600e+01   1.0000000e+00
   2.7400000e+02   7.4694200e+00  -9.3841200e+00   4.9998100e+01   0.0000000e+00
   2.7500000e+02  -2.6828000e+00  -3.7473100e+00   3.4663000e+01  -3.0000000e+00
   2.7600000e+02  -1.3296800e+01  -6.8786300e+00   2.7604000e+01   1.0000000e+00
   2.7700000e+02  -9.4783300e+00   5.5973200e+00   2.7239600e+01   1.0000000e+00
   2.7800000e+02  -1.3413200e+01   9.3547100e+00   2.7510500e+01   1.0000000e+00
   2.7900000e+02  -8.7375900e+00   1.6603400e-01   2.7264200e+01   1.0000000e+00
   2.8000000e+02   1.8362800e+01   5.3841500e-01   6.7725600e+01  -1.0000000e+00
   2.8100000e+02  -2.9220200e+00   1.2596900e+01   2.7652300e+01   1.0000000e+00
   2.8200000e+02   1.5741300e+01  -4.4391000e+00   5.0205700e+01   2.0000000e+00
   2.8300000e+02   4.8327700e+00   1.3914400e+00   9.4416100e+00  -3.0000000e+00
   2.8400000e+02  -1.7470600e+01  -6.7211100e+00   2.8293000e+01  -1.0000000e+00
   2.8500000e+02  -4.3091700e-01  -2.1424200e-01   2.7908600e+01  -3.0000000e+00
   2.8600000e+02   8.6302100e+00  -3.2247700e+00   5.0043200e+01   2.0000000e+00
   2.8700000e+02  -7.0632900e+00   1.2707100e+01   2.6992100e+01   1.0000000e+00
   2.8800000e+02   1.4488800e+01  -1.0747600e+00   5.0815000e+01   2.0000000e+00
   2.8900000e+02   4.3478700e+00  -6.6793400e+00   4.8951100e+01   2.0000000e+00
   2.9000000e+02   1.1411000e+01   8.2709100e+00   2.6342100e+01   1.0000000e+00
   2.9100000e+02  -8.0366300e+00   1.4611500e+01   2.6255000e+01  -2.0000000e+00
   2.9200000e+02   8.2637000e+00  -5.2620800e+00   4.9907000e+01   2.0000000e+00
   2.9300000e+02  -1.5383200e+01   1.3068100e+01   2.7719000e+01  -1.0000000e+00
   2.9400000e+02   1.7331500e+01  -5.7750400e+00   6.2007700e+01  -2.0000000e+00
   2.9500000e+02  -1.9540600e+00  -1.3436600e+01   5.4937500e+01  -3.0000000e+00
   2.9600000e+02   6.1058100e+00   6.7711500e+00   2.6817400e+01   1.0000000e+00
   2.9700000e+02  -1.3647100e+01   5.7377400e+00   2.6884500e+01   1.0000000e+00
   2.9800000e+02  -1.6482600e+01  -8.5173100e+00   1.2230000e+01  -1.0000000e+00
   2.9900000e+02  -1.3828300e+01   2.1647700e+00   2.7192000e+01   1.0000000e+00
