   0.0000000e+00  -1.4369500e+01   3.9999100e+00   1.0000000e+00
   1.0000000e+00   1.3800300e+01   3.8534400e+00  -1.0000000e+00
   2.0000000e+00   1.7545800e+01   5.7945700e+00  -1.0000000e+00
   3.0000000e+00   3.5367600e+00  -1.7443400e+01  -1.0000000e+00
   4.0000000e+00  -6.5856300e-01   1.6451200e+01   1.0000000e+00
   5.0000000e+00  -1.2380300e+01  -1.0531900e+01   1.0000000e+00
   6.0000000e+00   1.0381600e+01   8.2115700e+00  -1.0000000e+00
   7.0000000e+00  -1.6560400e+01  -3.3164200e+00   1.0000000e+00
   8.0000000e+00  -6.1919400e+00  -6.8376300e+00   1.0000000e+00
   9.0000000e+00   1.7419100e+01   1.6068300e+00  -1.0000000e+00
   1.0000000e+01  -1.0178600e+01  -1.4150200e+01   1.0000000e+00
   1.1000000e+01  -7.9995500e-01   9.2057700e+00   1.0000000e+00
   1.2000000e+01  -7.1376300e+00  -1.5118600e+00   1.0000000e+00
   1.3000000e+01   3.7969800e+00  -1.3347200e+01  -1.0000000e+00
   1.4000000e+01   1.1724700e+01  -1.2529700e+00  -1.0000000e+00
   1.5000000e+01  -5.8347000e+00  -1.7661700e+01   1.0000000e+00
   1.6000000e+01  -9.0988400e+00   9.3226400e+00   1.0000000e+00
   1.7000000e+01   1.5939500e+01   1.3226800e+01  -1.0000000e+00
   1.8000000e+01  -4.9893700e+00   5.6800400e+00   1.0000000e+00
   1.9000000e+01  -5.1323700e+00  -8.6492400e+00   1.0000000e+00
   2.0000000e+01   2.8052200e+00   2.9493400e-01  -1.0000000e+00
   2.1000000e+01   6.5776800e+00   4.2405500e+00  -1.0000000e+00
   2.2000000e+01  -1.4435500e+01  -1.0497900e+01   1.0000000e+00
   2.3000000e+01   1.2564200e+00   9.2251900e+00   1.0000000e+00
   2.4000000e+01  -6.9548600e+00  -1.5909100e+01   1.0000000e+00
   2.5000000e+01  -2.8316600e+00   1.2815800e+01   1.0000000e+00
   2.6000000e+01  -6.1336300e+00  -3.2968100e+00   1.0000000e+00
   2.7000000e+01   1.3008500e+00   1.2765400e+01   1.0000000e+00
   2.8000000e+01   9.6833900e+00  -6.3372500e+00  -1.0000000e+00
   2.9000000e+01   8.3652200e+00   3.0935400e+00  -1.0000000e+00
   3.0000000e+01  -1.7507100e+01   2.2009600e+00   1.0000000e+00
   3.1000000e+01   1.6495500e-01  -1.3046500e+01  -1.0000000e+00
   3.2000000e+01  -1.6632800e+01  -6.7756400e+00   1.0000000e+00
   3.3000000e+01   5.9270900e+00  -8.2362200e+00  -1.0000000e+00
   3.4000000e+01   4.2212500e+00   1.5466700e+01  -1.0000000e+00
   3.5000000e+01   5.5458000e+00  -1.4411600e+01  -1.0000000e+00
   3.6000000e+01   7.8074500e+00  -7.2999400e+00  -1.0000000e+00
   3.7000000e+01  -3.7716300e+00  -1.3929500e+01  -1.0000000e+00
   3.8000000e+01   3.6366100e-01  -1.0969500e+01  -1.0000000e+00
   3.9000000e+01  -4.0174000e+00   2.6633400e-01   1.0000000e+00
   4.0000000e+01  -1.6443500e+01   4.0055700e+00   1.0000000e+00
   4.1000000e+01  -1.4316300e+01   7.5897600e+00   1.0000000e+00
   4.2000000e+01   7.5247500e+00  -1.1438100e+01  -1.0000000e+00
   4.3000000e+01  -1.6639600e+01  -1.0379600e+01   1.0000000e+00
   4.4000000e+01  -6.8832500e+00   1.6544800e+01   1.0000000e+00
   4.5000000e+01  -1.7632900e+00   1.4609500e+01   1.0000000e+00
   4.6000000e+01  -7.0353600e+00   9.2845100e+00   1.0000000e+00
   4.7000000e+01   4.9440400e-01  -8.9190400e+00  -1.0000000e+00
   4.8000000e+01  -3.5945100e+00  -1.0707800e+01   1.0000000e+00
   4.9000000e+01   4.6279200e-01   3.5892400e+00   1.0000000e+00
   5.0000000e+01   1.1329100e+01  -9.4898500e+00  -1.0000000e+00
   5.1000000e+01   4.3499400e+00  -5.0153900e+00  -1.0000000e+00
   5.2000000e+01   3.7104200e+00  -1.5395100e+01  -1.0000000e+00
   5.3000000e+01  -1.3323700e+01   1.2965900e+01   1.0000000e+00
   5.4000000e+01  -1.5405400e+00  -3.5611800e+00   1.0000000e+00
   5.5000000e+01   1.1028800e+01  -1.3752100e+01  -1.0000000e+00
   5.6000000e+01  -3.9591700e+00   3.8673000e+00   1.0000000e+00
   5.7000000e+01   6.0785900e+00  -6.1352500e+00  -1.0000000e+00
   5.8000000e+01  -3.0277100e+00  -5.1008500e+00   1.0000000e+00
   5.9000000e+01   1.2040500e+01   5.0148200e+00  -1.0000000e+00
   6.0000000e+01  -3.7598200e+00   1.8275400e+01   1.0000000e+00
   6.1000000e+01   1.5223100e+01  -3.4644200e+00  -1.0000000e+00
   6.2000000e+01   2.4937200e+00  -5.9255800e+00  -1.0000000e+00
   6.3000000e+01   1.5877600e+01   9.0647900e+00  -1.0000000e+00
   6.4000000e+01   4.7488600e+00   3.3112700e+00  -1.0000000e+00
   6.5000000e+01   3.9584300e+00  -1.1227900e+01  -1.0000000e+00
   6.6000000e+01  -1.2386000e+01  -6.8336300e+00   1.0000000e+00
   6.7000000e+01  -1.3329800e+01   2.2042400e+00   1.0000000e+00
   6.8000000e+01   5.1137200e+00   1.1548600e+01  -1.0000000e+00
   6.9000000e+01  -1.8923200e+00  -1.8921200e+01  -1.0000000e+00
   7.0000000e+01  -1.5190300e+00   1.8393100e+01   1.0000000e+00
   7.1000000e+01   8.9137700e+00  -1.6798500e+01  -1.0000000e+00
   7.2000000e+01  -3.8672500e+00   1.4619900e+01   1.0000000e+00
   7.3000000e+01  -1.3471200e+01  -8.6844300e+00   1.0000000e+00
   7.4000000e+01   7.0350600e+00   1.4564600e+01  -1.0000000e+00
   7.5000000e+01  -1.1161300e+01   1.2964500e+01   1.0000000e+00
   7.6000000e+01   1.5523200e+01   7.1367900e-01  -1.0000000e+00
   7.7000000e+01   9.7682200e+00  -4.2210500e+00  -1.0000000e+00
   7.8000000e+01   1.3180200e+01  -8.5563100e+00  -1.0000000e+00
   7.9000000e+01  -1.5339100e+01   9.3865600e+00   1.0000000e+00
   8.0000000e+01   1.2885500e+01  -1.2728300e+01  -1.0000000e+00
   8.1000000e+01  -3.7006900e+00  -1.7566900e+01  -1.0000000e+00
   8.2000000e+01   2.9949200e+00   4.4112300e+00  -1.0000000e+00
   8.3000000e+01  -4.8417100e+00  -1.5831700e+01   1.0000000e+00
   8.4000000e+01   8.7748500e-01  -2.7295900e+00  -1.0000000e+00
   8.5000000e+01  -4.9062200e+00   9.2426600e+00   1.0000000e+00
   8.6000000e+01  -1.0305400e+01  -1.0505900e+01   1.0000000e+00
   8.7000000e+01  -8.9753700e+00   1.6537100e+01   1.0000000e+00
   8.8000000e+01  -1.6992300e+00  -1.3932100e+01  -1.0000000e+00
   8.9000000e+01  -1.0203500e+00  -1.7000300e+01  -1.0000000e+00
   9.0000000e+01  -1.4463700e+01  -6.8530400e+00   1.0000000e+00
   9.1000000e+01   6.8003700e+00   8.3533900e+00  -1.0000000e+00
   9.2000000e+01   1.5763500e+01   6.9053700e+00  -1.0000000e+00
   9.3000000e+01   3.2242700e+00   8.5576300e+00  -1.0000000e+00
   9.4000000e+01  -1.4336900e+01   1.1178500e+01   1.0000000e+00
   9.5000000e+01   3.2785900e+00   1.7486800e+01   1.0000000e+00
   9.6000000e+01   1.3488700e+01  -2.3439000e+00  -1.0000000e+00
   9.7000000e+01   8.0349700e+00  -3.0793800e+00  -1.0000000e+00
   9.8000000e+01  -7.0646400e+00  -1.2323600e+01   1.0000000e+00
   9.9000000e+01   8.4668700e+00   5.1578800e+00  -1.0000000e+00
   1.0000000e+02  -6.1374000e+00  -1.0474800e+01   1.0000000e+00
   1.0100000e+02  -6.0116600e+00   7.4893700e+00   1.0000000e+00
   1.0200000e+02   1.0485500e+01   1.0276800e+01  -1.0000000e+00
   1.0300000e+02   8.6453800e+00   9.3153800e+00  -1.0000000e+00
   1.0400000e+02  -1.2370500e+01  -3.2202700e+00   1.0000000e+00
   1.0500000e+02   1.7078200e+01  -4.5824200e+00  -1.0000000e+00
   1.0600000e+02   1.2394300e+01   1.3355500e+01  -1.0000000e+00
   1.0700000e+02   1.0562700e+01   1.2397000e+01  -1.0000000e+00
   1.0800000e+02  -1.3362700e+01  -1.4129700e+00   1.0000000e+00
   1.0900000e+02  -9.0605000e+00   1.2901300e+01   1.0000000e+00
   1.1000000e+02  -1.4360500e+01   4.2176900e-01   1.0000000e+00
   1.1100000e+02  -6.1126700e+00   2.7780100e-01   1.0000000e+00
   1.1200000e+02   1.7423500e+01   3.7320000e+00  -1.0000000e+00
   1.1300000e+02   1.3899700e+01   5.9214500e+00  -1.0000000e+00
   1.1400000e+02   2.9145300e-01   7.3238600e+00   1.0000000e+00
   1.1500000e+02   6.2966300e+00   1.6488200e+01  -1.0000000e+00
   1.1600000e+02  -1.3287500e+01   5.8000000e+00   1.0000000e+00
   1.1700000e+02  -1.9384200e+00   2.6276700e-01   1.0000000e+00
   1.1800000e+02   3.0551200e-01   1.4559500e+01   1.0000000e+00
   1.1900000e+02   7.7328400e-01  -4.7869000e+00  -1.0000000e+00
   1.2000000e+02  -1.3590500e+00  -9.8499500e+00  -1.0000000e+00
   1.2100000e+02  -5.9181400e+00   1.4684300e+01   1.0000000e+00
   1.2200000e+02  -7.7344300e-01   1.2813500e+01   1.0000000e+00
   1.2300000e+02  -1.7495100e+01  -1.4713700e+00   1.0000000e+00
   1.2400000e+02   4.8175400e+00   5.3681900e+00  -1.0000000e+00
   1.2500000e+02   1.0629600e+01   1.4544600e+01  -1.0000000e+00
   1.2600000e+02  -5.9503500e+00  -1.4039900e+01   1.0000000e+00
   1.2700000e+02   1.4081200e+01   1.0141700e+01  -1.0000000e+00
   1.2800000e+02   6.5166800e+00   2.1732800e+00  -1.0000000e+00
   1.2900000e+02  -3.8873900e+00   1.1029300e+01   1.0000000e+00
   1.3000000e+02   3.0913400e+00   6.4928500e+00  -1.0000000e+00
   1.3100000e+02   1.7497500e+01  -2.1253400e+00  -1.0000000e+00
   1.3200000e+02   8.5325400e-01  -1.8291000e+01  -1.0000000e+00
   1.3300000e+02  -2.8501900e+00   9.1998000e+00   1.0000000e+00
   1.3400000e+02  -4.9046300e+00   1.2840400e+01   1.0000000e+00
   1.3500000e+02  -1.5373800e+01   5.8044800e+00   1.0000000e+00
   1.3600000e+02  -9.2166700e+00  -1.4488700e+00   1.0000000e+00
   1.3700000e+02  -7.2141600e+00  -5.0599200e+00   1.0000000e+00
   1.3800000e+02   2.2389300e+00  -1.0093900e+01  -1.0000000e+00
   1.3900000e+02  -7.0004700e+00   1.2895600e+01   1.0000000e+00
   1.4000000e+02   7.9242200e+00  -5.2224200e+00  -1.0000000e+00
   1.4100000e+02  -8.1676600e+00   3.4344300e-01   1.0000000e+00
   1.4200000e+02  -8.0983100e+00  -1.4111200e+01   1.0000000e+00
   1.4300000e+02   1.5552600e+01   2.7740000e+00  -1.0000000e+00
   1.4400000e+02  -9.1743000e+00   2.1540400e+00   1.0000000e+00
   1.4500000e+02   1.3953100e+00   1.6340500e+01   1.0000000e+00
   1.4600000e+02   2.6095200e+00  -3.8605200e+00  -1.0000000e+00
   1.4700000e+02  -1.5440400e+01  -1.4092800e+00   1.0000000e+00
   1.4800000e+02  -1.8628600e+00  -1.1844800e+01  -1.0000000e+00
   1.4900000e+02   4.4439700e+00  -2.9397200e+00  -1.0000000e+00
   1.5000000e+02  -9.1493100e+00   5.7481100e+00   1.0000000e+00
   1.5100000e+02  -8.2264000e+00  -1.0467500e+01   1.0000000e+00
   1.5200000e+02  -1.0206400e+01   3.9244300e+00   1.0000000e+00
   1.5300000e+02   1.1422400e+01  -7.4337900e+00  -1.0000000e+00
   1.5400000e+02  -8.2582900e+00  -6.9000300e+00   1.0000000e+00
   1.5500000e+02   1.4114800e+01   1.2237600e+01  -1.0000000e+00
   1.5600000e+02  -9.1052600e-01  -1.5395500e+00   1.0000000e+00
   1.5700000e+02   6.8741400e+00   1.0462400e+01  -1.0000000e+00
   1.5800000e+02   1.3751800e+01   1.7778500e+00  -1.0000000e+00
   1.5900000e+02  -6.0326700e+00   3.9100300e+00   1.0000000e+00
   1.6000000e+02  -1.1338300e+01  -5.0638300e+00   1.0000000e+00
   1.6100000e+02   2.3500700e+00  -8.0226700e+00  -1.0000000e+00
   1.6200000e+02   1.2303100e+01   1.1279700e+01  -1.0000000e+00
   1.6300000e+02   2.7657200e+00   1.0681900e+01   1.0000000e+00
   1.6400000e+02   1.3366400e+01  -4.4134300e+00  -1.0000000e+00
   1.6500000e+02   1.1864800e+01   8.2578400e-01  -1.0000000e+00
   1.6600000e+02  -1.2209700e+01   1.1170700e+01   1.0000000e+00
   1.6700000e+02   1.4938600e+01  -9.6839000e+00  -1.0000000e+00
   1.6800000e+02   1.7565200e+00  -1.6403500e+01  -1.0000000e+00
   1.6900000e+02  -1.0151500e+01   1.1160500e+01   1.0000000e+00
   1.7000000e+02  -2.9081000e+00   5.6467900e+00   1.0000000e+00
   1.7100000e+02  -7.0753600e+00   5.7187900e+00   1.0000000e+00
   1.7200000e+02  -1.3373500e+01  -1.2329400e+01   1.0000000e+00
   1.7300000e+02  -1.8489900e+01   3.6231200e-01   1.0000000e+00
   1.7400000e+02  -1.8234900e+00   1.0992500e+01   1.0000000e+00
   1.7500000e+02   1.6667000e+01  -1.0879600e+01  -1.0000000e+00
   1.7600000e+02   1.3639700e+01  -2.9761800e-01  -1.0000000e+00
   1.7700000e+02   1.0305800e+01   6.1103300e+00  -1.0000000e+00
   1.7800000e+02  -8.0733100e+00   7.5134800e+00   1.0000000e+00
   1.7900000e+02   8.2520200e+00   1.0354500e+00  -1.0000000e+00
   1.8000000e+02  -1.5487700e+01  -5.0651400e+00   1.0000000e+00
   1.8100000e+02   1.2758700e+01  -1.4914800e+01  -1.0000000e+00
   1.8200000e+02  -1.8259000e+00   7.3887600e+00   1.0000000e+00
   1.8300000e+02   9.8593700e+00  -2.1349100e+00  -1.0000000e+00
   1.8400000e+02  -1.2298300e+01   3.8551500e-01   1.0000000e+00
   1.8500000e+02  -5.0415900e+00   2.1020900e+00   1.0000000e+00
   1.8600000e+02   1.8647600e+00  -1.4253100e+01  -1.0000000e+00
   1.8700000e+02   3.3663100e+00   1.2652300e+01  -1.0000000e+00
   1.8800000e+02  -9.0678600e+00  -1.5938000e+01   1.0000000e+00
   1.8900000e+02   1.5068900e+01  -7.5773600e+00  -1.0000000e+00
   1.9000000e+02   9.1414500e+00  -1.4659700e+01  -1.0000000e+00
   1.9100000e+02   8.4743900e+00   1.6067800e+01  -1.0000000e+00
   1.9200000e+02   1.2191200e+01   7.0923600e+00  -1.0000000e+00
   1.9300000e+02  -1.5417600e+01   2.2029600e+00   1.0000000e+00
   1.9400000e+02  -1.9039200e+00   3.8304700e+00   1.0000000e+00
   1.9500000e+02   6.6502700e+00   6.2971100e+00  -1.0000000e+00
   1.9600000e+02   1.6769100e+01  -8.7259200e+00  -1.0000000e+00
   1.9700000e+02   1.7023200e+01  -6.6489900e+00  -1.0000000e+00
   1.9800000e+02   4.6399600e+00   1.2542000e+00  -1.0000000e+00
   1.9900000e+02   9.9915900e+00  -8.6683700e-02  -1.0000000e+00
   2.0000000e+02  -5.1037300e+00  -5.0954100e+00   1.0000000e+00
   2.0100000e+02  -1.2265500e+01   3.9852400e+00   1.0000000e+00
   2.0200000e+02   1.1615900e+01  -3.3076800e+00  -1.0000000e+00
   2.0300000e+02  -2.7251300e-02  -1.5145500e+01  -1.0000000e+00
   2.0400000e+02   1.0217000e+01   4.0515500e+00  -1.0000000e+00
   2.0500000e+02   4.5397100e+00  -8.2495600e-01  -1.0000000e+00
   2.0600000e+02  -1.2283800e+01  -1.4270000e+01   1.0000000e+00
   2.0700000e+02   1.1501300e+01  -5.3700200e+00  -1.0000000e+00
   2.0800000e+02   1.5900100e+01   1.1161300e+01  -1.0000000e+00
   2.0900000e+02  -4.0595400e+00  -3.3326300e+00   1.0000000e+00
   2.1000000e+02   1.3254900e+01  -6.4629900e+00  -1.0000000e+00
   2.1100000e+02   5.7922700e+00  -1.0311500e+01  -1.0000000e+00
   2.1200000e+02  -1.7510100e+01   5.8064500e+00   1.0000000e+00
   2.1300000e+02  -5.0710700e+00  -1.5244000e+00   1.0000000e+00
   2.1400000e+02  -1.3287300e+01   9.3933000e+00   1.0000000e+00
   2.1500000e+02  -1.0181100e+01   7.5457300e+00   1.0000000e+00
   2.1600000e+02  -8.0057800e+00   1.4733400e+01   1.0000000e+00
   2.1700000e+02  -8.2412900e+00  -3.2667800e+00   1.0000000e+00
   2.1800000e+02   8.8127300e+00   1.3483000e+01  -1.0000000e+00
   2.1900000e+02  -1.1216800e+01   9.3501000e+00   1.0000000e+00
   2.2000000e+02   6.3682700e+00   1.2006000e-01  -1.0000000e+00
   2.2100000e+02   9.2711000e+00  -1.2542700e+01  -1.0000000e+00
   2.2200000e+02  -1.3397000e+01  -5.0054600e+00   1.0000000e+00
   2.2300000e+02  -4.8282800e+00   1.6441800e+01   1.0000000e+00
   2.2400000e+02   9.5657900e+00  -8.3913000e+00  -1.0000000e+00
   2.2500000e+02   1.2248800e+01   9.1891600e+00  -1.0000000e+00
   2.2600000e+02  -9.3207400e+00  -8.6632800e+00   1.0000000e+00
   2.2700000e+02  -1.6501300e+01   7.6067900e+00   1.0000000e+00
   2.2800000e+02  -1.5440600e+01  -1.2349300e+01   1.0000000e+00
   2.2900000e+02   6.2571200e+00  -1.9657300e+00  -1.0000000e+00
   2.3000000e+02  -1.0051900e+01   1.4699800e+01   1.0000000e+00
   2.3100000e+02  -8.0554900e-01   5.5714100e+00   1.0000000e+00
   2.3200000e+02  -1.1218400e+01   5.7729000e+00   1.0000000e+00
   2.3300000e+02   9.8093300e-01  -6.8136000e-01  -1.0000000e+00
   2.3400000e+02  -4.0588800e+00  -6.8995300e+00   1.0000000e+00
   2.3500000e+02   1.3069100e+01  -1.0625500e+01  -1.0000000e+00
   2.3600000e+02   2.8734600e+00   2.3481300e+00  -1.0000000e+00
   2.3700000e+02  -9.2624300e+00  -5.0911000e+00   1.0000000e+00
   2.3800000e+02   7.4011300e+00  -1.3502200e+01  -1.0000000e+00
   2.3900000e+02  -1.0301200e+01  -3.2800500e+00   1.0000000e+00
   2.4000000e+02   9.4031700e+00  -1.0466100e+01  -1.0000000e+00
   2.4100000e+02  -1.1419100e+01  -8.6846300e+00   1.0000000e+00
   2.4200000e+02  -8.9825300e-01   2.0395400e+00   1.0000000e+00
   2.4300000e+02   8.7375400e+00   1.1435600e+01  -1.0000000e+00
   2.4400000e+02   4.9414900e+00   7.4287600e+00  -1.0000000e+00
   2.4500000e+02   5.6663700e+00  -1.2370100e+01  -1.0000000e+00
   2.4600000e+02  -8.0978000e+00   3.9349100e+00   1.0000000e+00
   2.4700000e+02  -2.7149200e+00   1.6439000e+01   1.0000000e+00
   2.4800000e+02   1.2500600e+00   5.5016600e+00   1.0000000e+00
   2.4900000e+02  -8.0448300e+00   1.1105000e+01   1.0000000e+00
   2.5000000e+02  -2.9651400e+00  -1.5665500e+00   1.0000000e+00
   2.5100000e+02   1.0127700e+01   1.9606100e+00  -1.0000000e+00
   2.5200000e+02   2.2510100e-01   1.1012500e+01   1.0000000e+00
   2.5300000e+02   6.1789800e+00  -4.0441200e+00  -1.0000000e+00
   2.5400000e+02   5.0532900e+00   9.5014200e+00  -1.0000000e+00
   2.5500000e+02   1.1126900e+01  -1.1611900e+01  -1.0000000e+00
   2.5600000e+02   1.2520000e+01   1.5412100e+01  -1.0000000e+00
   2.5700000e+02  -1.2253100e+01   7.5717200e+00   1.0000000e+00
   2.5800000e+02  -1.0229400e+01   3.4405300e-01   1.0000000e+00
   2.5900000e+02  -1.0652300e+00  -5.6891100e+00  -1.0000000e+00
   2.6000000e+02   1.4023400e+01   8.0207600e+00  -1.0000000e+00
   2.6100000e+02  -3.0758100e+00  -8.7151500e+00   1.0000000e+00
   2.6200000e+02   2.0446900e+00  -1.2172900e+01  -1.0000000e+00
   2.6300000e+02  -1.1290600e+01  -1.4202000e+00   1.0000000e+00
   2.6400000e+02  -1.0328200e+01  -6.8463600e+00   1.0000000e+00
   2.6500000e+02   1.5193500e+01  -5.5259800e+00  -1.0000000e+00
   2.6600000e+02   5.4460100e+00  -1.6553400e+01  -1.0000000e+00
   2.6700000e+02  -7.1235700e+00   2.1262000e+00   1.0000000e+00
   2.6800000e+02  -1.2367000e+00  -7.7663800e+00  -1.0000000e+00
   2.6900000e+02   1.0358000e+00   1.3645300e+00  -1.0000000e+00
   2.7000000e+02  -7.2075600e+00  -8.6717600e+00   1.0000000e+00
   2.7100000e+02   5.2058600e+00   1.3648700e+01  -1.0000000e+00
   2.7200000e+02   1.1955900e+01   2.9135700e+00  -1.0000000e+00
   2.7300000e+02   2.7204700e+00  -1.7872100e+00  -1.0000000e+00
   2.7400000e+02  -2.7069700e+00  -1.5752800e+01  -1.0000000e+00
   2.7500000e+02   6.4727900e-01  -6.8575700e+00  -1.0000000e+00
   2.7600000e+02  -1.6420400e+01   4.1399200e-01   1.0000000e+00
   2.7700000e+02  -5.9682300e+00   1.1052100e+01   1.0000000e+00
   2.7800000e+02   4.0670700e+00  -9.1619700e+00  -1.0000000e+00
   2.7900000e+02   4.2179600e+00  -7.0885600e+00  -1.0000000e+00
   2.8000000e+02  -1.1274500e+01   2.1622200e+00   1.0000000e+00
   2.8100000e+02   1.5455200e+01  -1.4083600e+00  -1.0000000e+00
   2.8200000e+02  -3.9157000e+00   7.4319200e+00   1.0000000e+00
   2.8300000e+02  -5.0134100e+00  -1.2200900e+01   1.0000000e+00
   2.8400000e+02  -1.5609000e+01  -8.5782300e+00   1.0000000e+00
   2.8500000e+02   2.3931200e+00   1.4518200e+01   1.0000000e+00
   2.8600000e+02  -1.2102200e+01   1.4886500e+01   1.0000000e+00
   2.8700000e+02   7.6530200e+00  -9.3828900e+00  -1.0000000e+00
   2.8800000e+02  -2.9785400e+00   2.0504300e+00   1.0000000e+00
   2.8900000e+02   1.5649200e+01   4.8404100e+00  -1.0000000e+00
   2.9000000e+02   1.0881500e+01  -1.5836000e+01  -1.0000000e+00
   2.9100000e+02   7.2627300e+00  -1.5550500e+01  -1.0000000e+00
   2.9200000e+02  -1.1295800e+01  -1.2327600e+01   1.0000000e+00
   2.9300000e+02   1.4830300e+01  -1.1824400e+01  -1.0000000e+00
   2.9400000e+02   5.6899500e-01   1.8275200e+01   1.0000000e+00
   2.9500000e+02  -9.2387000e+00  -1.2270700e+01   1.0000000e+00
   2.9600000e+02   8.0861000e+00  -1.0268400e+00  -1.0000000e+00
   2.9700000e+02   8.5233100e+00   7.2060700e+00  -1.0000000e+00
   2.9800000e+02  -1.4431500e+01  -3.2161500e+00   1.0000000e+00
   2.9900000e+02   6.9566800e+00   1.2512700e+01  -1.0000000e+00
