   0.0000000e+00   8.6474600e+00   9.0047900e-01  -1.0000000e+00
   1.0000000e+00  -1.5387900e+01   2.8865600e+00   1.0000000e+00
   2.0000000e+00   1.3990100e+01   1.2807400e+01  -1.0000000e+00
   3.0000000e+00   6.0236800e+00  -7.9433000e+00   1.0000000e+00
   4.0000000e+00  -9.9350200e+00   1.1357800e+01  -1.0000000e+00
   5.0000000e+00   3.9840200e+00  -7.6394700e+00   1.0000000e+00
   6.0000000e+00   8.1357900e+00   8.1271600e+00  -1.0000000e+00
   7.0000000e+00   6.6057200e+00  -4.3424500e+00   1.0000000e+00
   8.0000000e+00  -1.6767800e+01   1.2521200e+00   1.0000000e+00
   9.0000000e+00  -1.4057000e+01   4.4731400e+00   1.0000000e+00
   1.0000000e+01   1.6086000e+01  -3.8576000e+00   1.0000000e+00
   1.1000000e+01  -7.4674600e+00  -1.2991500e+01   1.0000000e+00
   1.2000000e+01   1.8546600e+01   1.2392500e+00  -1.0000000e+00
   1.3000000e+01   1.2491700e+01  -1.4323900e+01   1.0000000e+00
   1.4000000e+01   1.0156400e+01  -8.5629100e+00   1.0000000e+00
   1.5000000e+01  -2.4232800e+00   4.3910500e+00   1.0000000e+00
   1.6000000e+01  -9.1543600e+00   1.8244700e+00   1.0000000e+00
   1.7000000e+01   8.3311200e+00   1.0242900e+01  -1.0000000e+00
   1.8000000e+01   6.3038400e-01  -8.9153300e+00   1.0000000e+00
   1.9000000e+01  -1.9955200e+00  -1.2116100e+01   1.0000000e+00
   2.0000000e+01  -1.2277000e+01  -1.0372700e+01   1.0000000e+00
   2.1000000e+01   9.1079700e+00  -1.5788200e+01   1.0000000e+00
   2.2000000e+01  -1.2869500e+00  -1.4041800e+01   1.0000000e+00
   2.3000000e+01   2.5327700e+00  -3.7275400e+00   1.0000000e+00
   2.4000000e+01  -1.0669000e+01   5.6979400e+00   1.0000000e+00
   2.5000000e+01   1.2984800e+01   4.3646900e-01  -1.0000000e+00
   2.6000000e+01   1.0389500e+01  -1.4132800e+01   1.0000000e+00
   2.7000000e+01   3.7399100e-01   2.1124900e+00   1.0000000e+00
   2.8000000e+01   9.3842800e+00   2.8148600e+00  -1.0000000e+00
   2.9000000e+01   3.3439200e+00   1.3917600e+01  -1.0000000e+00
   3.0000000e+01  -7.2030900e+00   1.7087500e+01  -1.0000000e+00
   3.1000000e+01  -1.5006300e+01  -8.0582800e+00   1.0000000e+00
   3.2000000e+01  -9.7962900e+00  -1.6918700e+00   1.0000000e+00
   3.3000000e+01  -6.7179500e+00  -1.4926100e+01   1.0000000e+00
   3.4000000e+01  -1.5661200e+01  -1.1571100e+01   1.0000000e+00
   3.5000000e+01   2.1267000e+00  -1.2784500e+01   1.0000000e+00
   3.6000000e+01  -7.5618600e+00  -7.4900700e+00   1.0000000e+00
   3.7000000e+01  -1.3627100e+01  -1.2005700e+01   1.0000000e+00
   3.8000000e+01  -9.2963400e+00   7.3072400e+00   1.0000000e+00
   3.9000000e+01   6.2137300e+00   7.2450500e+00  -1.0000000e+00
   4.0000000e+01   1.4882000e+01  -6.5846300e-01  -1.0000000e+00
   4.1000000e+01  -8.3029700e+00  -5.5371500e+00   1.0000000e+00
   4.2000000e+01  -1.5909700e+01  -6.0992400e-01   1.0000000e+00
   4.3000000e+01   1.8463300e+01  -9.2866800e-01  -1.0000000e+00
   4.4000000e+01  -9.0420100e+00  -3.6094300e+00   1.0000000e+00
   4.5000000e+01   1.0220300e+01   1.1083000e+01  -1.0000000e+00
   4.6000000e+01  -1.3693100e+01  -6.4847200e+00   1.0000000e+00
   4.7000000e+01   3.1437400e+00  -1.7781600e-01   1.0000000e+00
   4.8000000e+01   1.5110400e+01   5.5192200e+00  -1.0000000e+00
   4.9000000e+01  -5.2307300e+00   6.6340200e+00   1.0000000e+00
   5.0000000e+01   1.0673700e+01   1.5323200e+01  -1.0000000e+00
   5.1000000e+01  -7.0882300e+00   1.5188000e+00   1.0000000e+00
   5.2000000e+01  -3.5693400e+00   1.6808500e+01  -1.0000000e+00
   5.3000000e+01  -7.4269000e+00   1.5042800e+01  -1.0000000e+00
   5.4000000e+01   5.1692200e+00  -4.9727500e-01   1.0000000e+00
   5.5000000e+01   1.3048900e+01   2.5054800e+00  -1.0000000e+00
   5.6000000e+01  -1.1292800e+01   1.5146300e+01  -1.0000000e+00
   5.7000000e+01  -1.7930400e+01  -5.6716500e+00   1.0000000e+00
   5.8000000e+01  -7.2465600e+00   6.9744800e+00   1.0000000e+00
   5.9000000e+01   4.7831500e+00   1.0598300e+01  -1.0000000e+00
   6.0000000e+01  -8.2931200e+00  -1.6612600e+01   1.0000000e+00
   6.1000000e+01   1.4777000e+01  -5.4989000e+00   1.0000000e+00
   6.2000000e+01   5.7562400e+00   3.1108500e+00  -1.0000000e+00
   6.3000000e+01   1.1432000e+01  -6.9203700e+00   1.0000000e+00
   6.4000000e+01  -1.4793900e+01   6.3964800e+00   1.0000000e+00
   6.5000000e+01   1.1910900e+01   9.8581800e+00  -1.0000000e+00
   6.6000000e+01  -8.7902800e+00  -1.4602600e+01   1.0000000e+00
   6.7000000e+01  -1.7172900e+01  -7.7139200e+00   1.0000000e+00
   6.8000000e+01  -1.1991000e+01   4.1351700e+00   1.0000000e+00
   6.9000000e+01  -7.9911300e+00   8.8940500e+00   1.0000000e+00
   7.0000000e+01  -1.0915000e+01  -8.7726600e+00   1.0000000e+00
   7.1000000e+01  -1.6261000e+01   1.0367600e+01   1.0000000e+00
   7.2000000e+01  -3.4269300e+00  -8.2095900e+00   1.0000000e+00
   7.3000000e+01  -9.1013100e+00   1.6286000e+01  -1.0000000e+00
   7.4000000e+01  -6.5126200e+00   5.0428800e+00   1.0000000e+00
   7.5000000e+01  -1.2105800e+01   9.5590300e+00   1.0000000e+00
   7.6000000e+01   7.8940400e+00   6.0578900e+00  -1.0000000e+00
   7.7000000e+01   1.1652700e+01  -1.2449200e+01   1.0000000e+00
   7.8000000e+01  -1.4735800e+01   1.2008700e+01   1.0000000e+00
   7.9000000e+01  -1.3312900e+01   2.5610600e+00   1.0000000e+00
   8.0000000e+01  -6.8431200e+00  -9.4408600e+00   1.0000000e+00
   8.1000000e+01  -1.7511100e+01   3.1893700e+00   1.0000000e+00
   8.2000000e+01  -7.7130500e+00  -2.0361000e+00   1.0000000e+00
   8.3000000e+01   1.1281200e+01   3.6202200e+00  -1.0000000e+00
   8.4000000e+01   1.4257000e+01  -9.1235800e+00   1.0000000e+00
   8.5000000e+01  -5.3615400e+00  -1.3384900e+01   1.0000000e+00
   8.6000000e+01  -2.3361300e+00   1.1417400e+01  -1.0000000e+00
   8.7000000e+01  -1.6123700e+01   4.8258700e+00   1.0000000e+00
   8.8000000e+01  -3.7270900e+00   2.7855500e+00   1.0000000e+00
   8.9000000e+01  -3.1646300e+00   6.7026100e+00   1.0000000e+00
   9.0000000e+01   5.5107200e+00  -1.1488200e+01   1.0000000e+00
   9.1000000e+01   1.7278300e+00   3.6789700e+00   1.0000000e+00
   9.2000000e+01   9.4050700e+00  -6.5973700e+00   1.0000000e+00
   9.3000000e+01  -2.6335700e+00  -1.5684800e+01   1.0000000e+00
   9.4000000e+01   1.8099900e+01  -3.2336900e+00  -1.0000000e+00
   9.5000000e+01   2.8551800e+00  -1.4760400e+01   1.0000000e+00
   9.6000000e+01  -8.7161200e-01  -4.9923400e+00   1.0000000e+00
   9.7000000e+01   7.2693000e-01   6.8393500e+00  -1.0000000e+00
   9.8000000e+01  -1.5517500e+01   8.3429000e+00   1.0000000e+00
   9.9000000e+01   1.3071500e+01  -1.6411500e+00   1.0000000e+00
   1.0000000e+02  -1.4447100e+01  -4.5384800e+00   1.0000000e+00
   1.0100000e+02   3.5693600e+00   1.5996400e+01  -1.0000000e+00
   1.0200000e+02   6.2455600e+00  -1.3509000e+01   1.0000000e+00
   1.0300000e+02  -5.0389500e+00   1.1741200e+00   1.0000000e+00
   1.0400000e+02   1.4054400e+01  -3.5627900e+00   1.0000000e+00
   1.0500000e+02  -5.9174600e-01  -1.6039300e+01   1.0000000e+00
   1.0600000e+02   7.0275000e+00  -1.5422000e+01   1.0000000e+00
   1.0700000e+02   6.4598400e+00   9.3760600e+00  -1.0000000e+00
   1.0800000e+02   5.9928400e+00   5.1775700e+00  -1.0000000e+00
   1.0900000e+02   7.8529800e-01  -1.4422200e+01   1.0000000e+00
   1.1000000e+02   7.9185000e+00  -2.7402700e+00   1.0000000e+00
   1.1100000e+02   1.0450200e+01   1.3130800e+01  -1.0000000e+00
   1.1200000e+02  -9.1963700e-01   8.0755700e+00  -1.0000000e+00
   1.1300000e+02   1.7647400e+01  -7.6941700e+00   1.0000000e+00
   1.1400000e+02   1.6696900e+00   1.5150800e+01  -1.0000000e+00
   1.1500000e+02   1.3830500e-01  -1.8049700e+01   1.0000000e+00
   1.1600000e+02  -1.3231000e-01  -6.9606200e+00   1.0000000e+00
   1.1700000e+02   4.5608900e+00  -4.0527700e+00   1.0000000e+00
   1.1800000e+02  -9.8740000e+00   3.7609600e+00   1.0000000e+00
   1.1900000e+02  -2.9749900e+00   8.3581600e-01   1.0000000e+00
   1.2000000e+02  -6.4175400e+00  -4.3949300e-01   1.0000000e+00
   1.2100000e+02  -1.1146300e+01   1.3042000e+01  -1.0000000e+00
   1.2200000e+02   5.8850200e+00  -2.4210000e+00   1.0000000e+00
   1.2300000e+02  -1.6486400e+01  -4.1955700e+00   1.0000000e+00
   1.2400000e+02   1.1976200e+01  -3.3902100e+00   1.0000000e+00
   1.2500000e+02   1.2319100e+01   1.4059100e+01  -1.0000000e+00
   1.2600000e+02   3.5538900e+00  -1.6709100e+01   1.0000000e+00
   1.2700000e+02  -8.4641400e+00  -1.1288900e-01   1.0000000e+00
   1.2800000e+02   1.6595600e+01  -1.8116400e+00  -1.0000000e+00
   1.2900000e+02  -1.5760600e+00  -3.0492600e+00   1.0000000e+00
   1.3000000e+02   9.9569900e+00  -3.0219800e+00   1.0000000e+00
   1.3100000e+02  -6.2266500e+00  -5.9045700e+00   1.0000000e+00
   1.3200000e+02  -2.4696300e-01  -1.4110800e+00   1.0000000e+00
   1.3300000e+02  -2.2247200e-01   1.4374200e+01  -1.0000000e+00
   1.3400000e+02   8.7823200e+00   1.4365100e+01  -1.0000000e+00
   1.3500000e+02  -9.6394000e+00  -7.1612600e+00   1.0000000e+00
   1.3600000e+02   1.9106500e+00   1.7244700e+01  -1.0000000e+00
   1.3700000e+02   1.3230500e+01   4.5681300e+00  -1.0000000e+00
   1.3800000e+02  -1.1324200e+01   7.6662600e+00   1.0000000e+00
   1.3900000e+02   8.0691800e+00  -8.2391900e+00   1.0000000e+00
   1.4000000e+02  -4.1969600e+00  -6.2773000e+00   1.0000000e+00
   1.4100000e+02   9.7871800e+00   6.9095000e+00  -1.0000000e+00
   1.4200000e+02  -1.4114400e+01   9.9992900e+00   1.0000000e+00
   1.4300000e+02   1.8017500e+00  -1.7964500e+00   1.0000000e+00
   1.4400000e+02  -4.4541400e+00   4.7316200e+00   1.0000000e+00
   1.4500000e+02   1.4308800e+00  -1.6429200e+01   1.0000000e+00
   1.4600000e+02   5.3086300e+00  -6.0095800e+00   1.0000000e+00
   1.4700000e+02   3.4726000e+00  -1.1176500e+01   1.0000000e+00
   1.4800000e+02   1.2121200e+01   1.1912500e+01  -1.0000000e+00
   1.4900000e+02  -3.6163400e+00  -2.6941900e+00   1.0000000e+00
   1.5000000e+02  -1.8958900e+00  -1.7634600e+01   1.0000000e+00
   1.5100000e+02   3.8485200e+00  -2.1203900e+00   1.0000000e+00
   1.5200000e+02  -1.2712700e+01   1.1597500e+01   1.0000000e+00
   1.5300000e+02  -1.0834100e+01  -1.4383200e+01   1.0000000e+00
   1.5400000e+02  -5.9859100e+00  -1.6971900e+01   1.0000000e+00
   1.5500000e+02  -1.2700500e+01   6.0683400e+00   1.0000000e+00
   1.5600000e+02  -1.4308600e+01  -1.0006400e+01   1.0000000e+00
   1.5700000e+02   6.4894000e+00   1.1709800e+00   1.0000000e+00
   1.5800000e+02  -5.7580400e+00   3.1099700e+00   1.0000000e+00
   1.5900000e+02   6.7731000e+00  -9.8619900e+00   1.0000000e+00
   1.6000000e+02  -2.2800100e+00  -1.1076200e+00   1.0000000e+00
   1.6100000e+02  -6.9796900e+00  -3.9489500e+00   1.0000000e+00
   1.6200000e+02   1.7057600e+01  -5.6732600e+00   1.0000000e+00
   1.6300000e+02   4.4662000e+00   1.5210500e+00   1.0000000e+00
   1.6400000e+02   1.3636500e+00  -1.0857600e+01   1.0000000e+00
   1.6500000e+02   4.3138800e+00   6.4214600e+00  -1.0000000e+00
   1.6600000e+02  -4.0360800e+00   1.2647600e+01  -1.0000000e+00
   1.6700000e+02  -1.0523200e+01   2.4031800e-01   1.0000000e+00
   1.6800000e+02  -4.9479700e+00  -4.2927500e+00   1.0000000e+00
   1.6900000e+02  -5.2421000e+00   1.8007900e+01  -1.0000000e+00
   1.7000000e+02   2.3928600e+00   5.6344200e+00  -1.0000000e+00
   1.7100000e+02  -1.6930900e+00   1.7667500e+01  -1.0000000e+00
   1.7200000e+02  -2.1549800e+00  -6.5919300e+00   1.0000000e+00
   1.7300000e+02  -1.1676600e+01  -6.8164800e+00   1.0000000e+00
   1.7400000e+02   1.5581600e+01   9.6681100e+00  -1.0000000e+00
   1.7500000e+02   1.1831600e+00  -5.3403600e+00   1.0000000e+00
   1.7600000e+02  -4.4902900e+00   8.5541000e+00  -1.0000000e+00
   1.7700000e+02   1.3374400e+01   6.6111500e+00  -1.0000000e+00
   1.7800000e+02   4.4487200e-01  -3.3893500e+00   1.0000000e+00
   1.7900000e+02   1.1231900e+01  -6.2466500e-01   1.0000000e+00
   1.8000000e+02   9.2293200e+00  -1.0715400e+00   1.0000000e+00
   1.8100000e+02  -1.2926700e+01  -1.4165400e+01   1.0000000e+00
   1.8200000e+02   8.3328800e+00  -1.3743500e+01   1.0000000e+00
   1.8300000e+02  -7.8167400e+00   3.4595700e+00   1.0000000e+00
   1.8400000e+02   1.2709800e+01  -5.2985600e+00   1.0000000e+00
   1.8500000e+02   9.5921500e+00  -1.2052200e+01   1.0000000e+00
   1.8600000e+02   2.2126700e+00  -1.8358600e+01   1.0000000e+00
   1.8700000e+02  -1.6352200e+01  -9.6418900e+00   1.0000000e+00
   1.8800000e+02  -2.1032300e+00   1.3481700e+01  -1.0000000e+00
   1.8900000e+02  -3.9306600e+00  -1.7363100e+01   1.0000000e+00
   1.9000000e+02  -1.4608000e+01   9.7307500e-01   1.0000000e+00
   1.9100000e+02   7.2020000e+00  -7.9420400e-01   1.0000000e+00
   1.9200000e+02   9.6031000e+00   4.8712400e+00  -1.0000000e+00
   1.9300000e+02  -1.1848700e+01  -1.3395400e+00   1.0000000e+00
   1.9400000e+02  -2.7086000e+00  -1.0171700e+01   1.0000000e+00
   1.9500000e+02   6.6634600e+00   1.1481700e+01  -1.0000000e+00
   1.9600000e+02   1.0974500e+01  -1.0502400e+01   1.0000000e+00
   1.9700000e+02  -3.7871200e+00   1.4760100e+01  -1.0000000e+00
   1.9800000e+02   8.8050700e+00  -1.0153300e+01   1.0000000e+00
   1.9900000e+02   1.3782500e+01  -1.2674900e+01   1.0000000e+00
   2.0000000e+02   4.9971500e+00   1.2693400e+01  -1.0000000e+00
   2.0100000e+02   1.6297800e+01  -9.3704200e+00   1.0000000e+00
   2.0200000e+02  -4.0488100e+00  -1.1773400e+01   1.0000000e+00
   2.0300000e+02  -1.3188700e+01  -2.9281100e+00   1.0000000e+00
   2.0400000e+02  -1.3461500e+01   7.9895200e+00   1.0000000e+00
   2.0500000e+02   1.5424900e+01   7.5878100e+00  -1.0000000e+00
   2.0600000e+02  -6.1254700e+00   9.7872100e+00  -1.0000000e+00
   2.0700000e+02   3.2798900e+00  -5.6921400e+00   1.0000000e+00
   2.0800000e+02  -2.9178500e+00  -4.6354700e+00   1.0000000e+00
   2.0900000e+02   1.0000400e+01   9.0191500e+00  -1.0000000e+00
   2.1000000e+02  -9.3317700e+00   1.4228300e+01  -1.0000000e+00
   2.1100000e+02   1.3609000e+01   8.6602500e+00  -1.0000000e+00
   2.1200000e+02   9.6082200e-01   8.9019400e+00  -1.0000000e+00
   2.1300000e+02   1.4844800e+01   1.3896900e+00  -1.0000000e+00
   2.1400000e+02  -5.4802500e+00   1.5941600e+01  -1.0000000e+00
   2.1500000e+02   3.9773400e+00   4.2420700e+00  -1.0000000e+00
   2.1600000e+02   1.3505200e+01  -7.2038100e+00   1.0000000e+00
   2.1700000e+02   8.9643600e+00   1.6653300e+01  -1.0000000e+00
   2.1800000e+02   2.6667400e+00   7.6762600e+00  -1.0000000e+00
   2.1900000e+02   8.5408300e+00   1.2302700e+01  -1.0000000e+00
   2.2000000e+02  -1.6626100e+00   2.4874200e+00   1.0000000e+00
   2.2100000e+02   3.1096100e+00   1.1832400e+01  -1.0000000e+00
   2.2200000e+02  -5.9508300e+00   1.1837700e+01  -1.0000000e+00
   2.2300000e+02   1.5150300e+01  -1.1116100e+01   1.0000000e+00
   2.2400000e+02  -1.0349600e+01  -5.2288900e+00   1.0000000e+00
   2.2500000e+02  -1.3988000e+00  -8.5752600e+00   1.0000000e+00
   2.2600000e+02   1.1162300e+01   1.4392500e+00  -1.0000000e+00
   2.2700000e+02  -1.1088500e+01  -3.2999100e+00   1.0000000e+00
   2.2800000e+02   4.5391400e+00   8.5374600e+00  -1.0000000e+00
   2.2900000e+02  -4.7889400e+00  -9.8377400e+00   1.0000000e+00
   2.3000000e+02   1.6866500e+01   4.4046100e+00  -1.0000000e+00
   2.3100000e+02   5.6667800e+00  -1.7066700e+01   1.0000000e+00
   2.3200000e+02   7.3386900e+00  -6.2858800e+00   1.0000000e+00
   2.3300000e+02   8.6315000e+00  -4.6759500e+00   1.0000000e+00
   2.3400000e+02   4.2860100e+00  -1.8651600e+01   1.0000000e+00
   2.3500000e+02  -1.2390400e+01  -4.8910200e+00   1.0000000e+00
   2.3600000e+02   1.9493700e+00  -7.2613800e+00   1.0000000e+00
   2.3700000e+02   4.1893400e+00  -1.3176400e+01   1.0000000e+00
   2.3800000e+02  -5.7136000e+00   1.3880500e+01  -1.0000000e+00
   2.3900000e+02   4.7418200e+00  -9.5701100e+00   1.0000000e+00
   2.4000000e+02   1.7180900e+01   6.4409500e+00  -1.0000000e+00
   2.4100000e+02  -9.5168000e-01   5.2489200e-01   1.0000000e+00
   2.4200000e+02   4.9214400e+00  -1.5112900e+01   1.0000000e+00
   2.4300000e+02  -4.3436400e+00  -7.6019500e-01   1.0000000e+00
   2.4400000e+02   7.5452500e+00  -1.1805200e+01   1.0000000e+00
   2.4500000e+02   6.8929000e+00   1.3525100e+01  -1.0000000e+00
   2.4600000e+02   1.6722000e+01   2.6834900e-01  -1.0000000e+00
   2.4700000e+02  -1.3874200e+01  -9.5958800e-01   1.0000000e+00
   2.4800000e+02   5.2563900e+00   1.4771700e+01  -1.0000000e+00
   2.4900000e+02  -8.6040400e+00   5.3712500e+00   1.0000000e+00
   2.5000000e+02  -3.3228000e+00  -1.3691400e+01   1.0000000e+00
   2.5100000e+02   1.0662900e+01  -4.9718200e+00   1.0000000e+00
   2.5200000e+02  -6.7313200e-01  -1.0532100e+01   1.0000000e+00
   2.5300000e+02   5.3984800e+00   1.6972200e+01  -1.0000000e+00
   2.5400000e+02   1.4075000e+00   1.3114900e+01  -1.0000000e+00
   2.5500000e+02  -7.6723100e+00   1.2998700e+01  -1.0000000e+00
   2.5600000e+02  -1.1576900e+01  -1.2446900e+01   1.0000000e+00
   2.5700000e+02   7.0299300e-02  -1.2470500e+01   1.0000000e+00
   2.5800000e+02  -6.1210800e+00  -1.1449300e+01   1.0000000e+00
   2.5900000e+02  -1.7294900e+01  -2.2416100e+00   1.0000000e+00
   2.6000000e+02   1.2204800e+01  -8.8490300e+00   1.0000000e+00
   2.6100000e+02  -1.2967700e+01  -8.4178600e+00   1.0000000e+00
   2.6200000e+02   1.5563300e+01  -7.4448200e+00   1.0000000e+00
   2.6300000e+02   7.6522200e+00   3.9632800e+00  -1.0000000e+00
   2.6400000e+02   1.3025600e+01  -1.0769900e+01   1.0000000e+00
   2.6500000e+02  -1.0207300e+01  -1.0696600e+01   1.0000000e+00
   2.6600000e+02   7.1155100e+00   1.5720200e+01  -1.0000000e+00
   2.6700000e+02  -3.5737900e-03   1.6456500e+01  -1.0000000e+00
   2.6800000e+02  -1.5236700e+01  -2.5535800e+00   1.0000000e+00
   2.6900000e+02  -1.2562200e+01   6.2297700e-01   1.0000000e+00
   2.7000000e+02  -1.0032400e+01   9.2641200e+00   1.0000000e+00
   2.7100000e+02  -8.8663900e+00  -9.0856600e+00   1.0000000e+00
   2.7200000e+02  -3.0816800e-01   4.1166500e+00   1.0000000e+00
   2.7300000e+02  -2.5515800e+00   9.3472900e+00  -1.0000000e+00
   2.7400000e+02  -5.6526900e+00  -2.3707400e+00   1.0000000e+00
   2.7500000e+02  -1.8798900e+00   1.5612100e+01  -1.0000000e+00
   2.7600000e+02  -1.6884900e+01   6.8059000e+00   1.0000000e+00
   2.7700000e+02   1.2076000e+00   1.0995600e+01  -1.0000000e+00
   2.7800000e+02   1.1691600e+01   7.7829300e+00  -1.0000000e+00
   2.7900000e+02  -5.5281200e+00  -7.8632500e+00   1.0000000e+00
   2.8000000e+02  -4.2438400e+00   1.0605400e+01  -1.0000000e+00
   2.8100000e+02   1.1510600e+01   5.6956500e+00  -1.0000000e+00
   2.8200000e+02  -6.7343100e-01   1.0183800e+01  -1.0000000e+00
   2.8300000e+02  -8.1608300e+00  -1.1036600e+01   1.0000000e+00
   2.8400000e+02  -1.1803800e+00   6.0359400e+00   1.0000000e+00
   2.8500000e+02  -1.5749700e+01  -6.1345900e+00   1.0000000e+00
   2.8600000e+02   1.6773200e+01   2.3198600e+00  -1.0000000e+00
   2.8700000e+02   2.4207400e+00   1.7570700e+00   1.0000000e+00
   2.8800000e+02  -4.5331900e-01   1.2250200e+01  -1.0000000e+00
   2.8900000e+02   1.0978600e+00   1.7210800e-01   1.0000000e+00
   2.9000000e+02   1.8637200e+01   3.3181600e+00  -1.0000000e+00
   2.9100000e+02   2.6934400e+00  -9.2623400e+00   1.0000000e+00
   2.9200000e+02  -1.1199200e+01   2.1864400e+00   1.0000000e+00
   2.9300000e+02   1.3809600e+01   1.0727800e+01  -1.0000000e+00
   2.9400000e+02   1.4967600e+01   3.4647400e+00  -1.0000000e+00
   2.9500000e+02  -9.5338200e+00  -1.2673400e+01   1.0000000e+00
   2.9600000e+02  -1.3260400e+01   1.3574100e+01  -1.0000000e+00
   2.9700000e+02   2.8622300e+00   9.7636100e+00  -1.0000000e+00
   2.9800000e+02  -4.6726800e+00  -1.5361300e+01   1.0000000e+00
   2.9900000e+02  -7.8865600e+00   1.0968200e+01  -1.0000000e+00
