   0.0000000e+00   5.2131000e+00   5.0160300e+00   2.0431500e+01   1.0000000e+00
   1.0000000e+00   2.6819400e+00  -4.1799800e+00   3.4624600e+01   1.0000000e+00
   2.0000000e+00  -2.2333800e+00   8.5711100e+00   5.4422200e+01   2.0000000e+00
   3.0000000e+00  -5.6106400e+00  -4.8967700e+00   3.5820400e+01  -3.0000000e+00
   4.0000000e+00  -3.9114100e+00   9.7931400e+00   5.4039400e+01   2.0000000e+00
   5.0000000e+00  -3.1396100e-01   9.3956600e+00   6.2284300e+01  -2.0000000e+00
   6.0000000e+00  -1.6151800e+00   1.4741600e+01   5.3218400e+01   2.0000000e+00
   7.0000000e+00   2.4420100e+00   7.4322800e+00   1.9036800e+01  -2.0000000e+00
   8.0000000e+00  -1.6882300e+01   8.0571000e+00   5.4390800e+01  -1.0000000e+00
   9.0000000e+00  -1.7646500e+01  -2.7426100e-01   5.4360200e+01  -2.0000000e+00
   1.0000000e+01  -2.7195000e+00   4.4864600e+00   5.3137600e+01   2.0000000e+00
   1.1000000e+01   8.8932800e+00  -1.6276100e+01   3.5817300e+01  -1.0000000e+00
   1.2000000e+01   1.2942100e+01  -3.0392800e+00   3.5244600e+01   1.0000000e+00
   1.3000000e+01   3.1828600e+00   5.4071200e+00   1.9582500e+01   1.0000000e+00
   1.4000000e+01   7.7049100e+00  -1.4504800e+01   3.5104800e+01  -2.0000000e+00
   1.5000000e+01   1.1280700e+01  -6.8897300e+00   3.6700200e+01   1.0000000e+00
   1.6000000e+01  -8.3855400e+00   2.0106100e+00   5.4197600e+01   2.0000000e+00
   1.7000000e+01  -7.4570200e+00  -8.6196800e+00   3.5890100e+01   1.0000000e+00
   1.8000000e+01   3.2563100e+00  -1.1339600e+01   3.4971600e+01   1.0000000e+00
   1.9000000e+01  -6.8913100e+00  -1.2734300e+00   5.3038200e+01  -3.0000000e+00
   2.0000000e+01   3.8481300e+00  -5.8850600e+00   3.4847100e+01   1.0000000e+00
   2.1000000e+01   7.3700900e+00   1.5600200e+01   6.4733500e+00  -2.0000000e+00
   2.2000000e+01   1.1427300e+01   3.7852900e+00   1.6624800e+01   1.0000000e+00
   2.3000000e+01   1.4165800e+01  -4.7293600e+00   3.6123000e+01   1.0000000e+00
   2.4000000e+01  -2.9322200e+00   2.4451000e+00   5.2888500e+01   2.0000000e+00
   2.5000000e+01   1.5675100e+01   8.3967200e+00   2.7559600e+00  -1.0000000e+00
   2.6000000e+01  -1.1493300e+00  -8.1010200e+00   3.4892300e+01   1.0000000e+00
   2.7000000e+01   1.7708000e+01  -6.1400500e+00   5.3649300e+01  -1.0000000e+00
   2.8000000e+01   1.4922400e+00  -1.5146800e+01   3.5303900e+01  -2.0000000e+00
   2.9000000e+01  -6.9539500e+00  -3.3317500e+00   4.2386700e+01  -3.0000000e+00
   3.0000000e+01  -8.4399200e+00  -4.7681300e+00   3.0745900e+01  -3.0000000e+00
   3.1000000e+01  -1.2875500e+00   1.1528900e+00   5.1376700e+01   2.0000000e+00
   3.2000000e+01  -3.5541300e+00   1.3980000e+01   5.2932300e+01   2.0000000e+00
   3.3000000e+01   2.3539600e+00  -1.3238800e+01   3.5344900e+01   1.0000000e+00
   3.4000000e+01  -4.8810300e+00  -2.9170700e+00   4.3879200e+01  -3.0000000e+00
   3.5000000e+01  -8.8384500e+00  -1.6210900e+01   3.4961000e+01  -1.0000000e+00
   3.6000000e+01   6.5409200e-02   1.3515800e+01   5.4758400e+01  -2.0000000e+00
   3.7000000e+01  -1.2357600e+01  -1.0970800e+01   3.8943600e+01  -2.0000000e+00
   3.8000000e+01   5.3278200e+00   1.6018200e+01   2.0615600e+01  -2.0000000e+00
   3.9000000e+01   1.2111600e+01   1.2759600e+01   1.8870100e+01  -2.0000000e+00
   4.0000000e+01  -1.4680900e+01   1.0944000e+01   7.0183900e+01  -1.0000000e+00
   4.1000000e+01   7.4231200e+00   4.6685200e+00   1.9179700e+01  -3.0000000e+00
   4.2000000e+01  -6.7617100e+00  -1.5827100e+01   2.3986300e+01  -2.0000000e+00
   4.3000000e+01  -1.9337700e+01   9.4177900e-01   2.4144700e+01  -1.0000000e+00
   4.4000000e+01  -1.7923100e+01  -2.5871700e+00   5.8277300e+01  -1.0000000e+00
   4.5000000e+01   1.1419600e+01   1.4751800e+01   1.8186600e+01  -1.0000000e+00
   4.6000000e+01  -9.8514700e+00   5.2635000e+00   5.3813300e+01   2.0000000e+00
   4.7000000e+01   1.0693500e+01   1.1234200e+01   1.9485800e+01   1.0000000e+00
   4.8000000e+01  -5.0288300e+00  -1.2056600e+01   3.5325400e+01   1.0000000e+00
   4.9000000e+01   1.7791900e+00  -6.0325400e+00   3.4516500e+01   1.0000000e+00
   5.0000000e+01  -2.3708100e+00  -6.4405100e+00   3.4995500e+01   1.0000000e+00
   5.1000000e+01  -1.0075600e+01   3.2124900e+00   5.4291200e+01   2.0000000e+00
   5.2000000e+01   5.9134000e+00  -5.6674300e+00   3.5204000e+01   1.0000000e+00
   5.3000000e+01   8.3265200e+00  -9.0246600e+00   3.5549100e+01   1.0000000e+00
   5.4000000e+01  -1.0778800e+01  -7.1833700e+00   4.4428800e+01  -3.0000000e+00
   5.5000000e+01   4.4395100e+00  -4.5119400e-01   5.1050500e+01  -3.0000000e+00
   5.6000000e+01  -1.6777100e+01  -5.5015000e+00   6.1106700e+01  -1.0000000e+00
   5.7000000e+01  -8.8056700e+00   1.5633100e+01   5.4011300e+01  -1.0000000e+00
   5.8000000e+01   4.4215500e+00  -1.3039800e+01   3.5175800e+01   1.0000000e+00
   5.9000000e+01   6.3300800e-01   1.8909800e+00   5.2674700e+01  -3.0000000e+00
   6.0000000e+01   1.6239700e+01  -4.5312500e+00   2.6081600e+01  -2.0000000e+00
   6.1000000e+01  -1.7258300e+01   3.8661500e+00   6.9843700e+01  -1.0000000e+00
   6.2000000e+01   4.1374400e+00  -9.4314800e+00   3.5101400e+01   1.0000000e+00
   6.3000000e+01  -8.5859900e+00  -8.0359800e-02   5.4627200e+01   2.0000000e+00
   6.4000000e+01   3.0850500e-01  -1.3450100e+01   3.4486000e+01   1.0000000e+00
   6.5000000e+01  -1.1509300e+01   6.4873600e+00   5.4272800e+01   2.0000000e+00
   6.6000000e+01   1.6285900e+01   6.4211300e+00   2.6065400e+00  -1.0000000e+00
   6.7000000e+01  -6.8746900e+00   1.6453400e+01   5.4022200e+01  -1.0000000e+00
   6.8000000e+01   1.4555100e+01  -8.3152400e+00   3.6032400e+01  -2.0000000e+00
   6.9000000e+01   4.4897100e+00   1.7897200e+01   2.0104800e+01  -1.0000000e+00
   7.0000000e+01   9.2189100e+00  -7.1622400e+00   3.6388900e+01   1.0000000e+00
   7.1000000e+01   1.8262300e+01  -4.1445000e+00   2.9398600e+01  -1.0000000e+00
   7.2000000e+01   7.9163100e+00   2.1611500e+00   1.8555600e+01  -3.0000000e+00
   7.3000000e+01   8.9021500e-01  -7.9216200e+00   3.4838500e+01   1.0000000e+00
   7.4000000e+01  -6.2942300e+00   4.8848700e+00   5.3894300e+01   2.0000000e+00
   7.5000000e+01   1.7941200e+01  -1.3809300e-02  -8.7647300e+00  -1.0000000e+00
   7.6000000e+01  -8.7438700e+00  -6.8451300e+00   4.1070900e+01  -3.0000000e+00
   7.7000000e+01   1.1886700e+01  -1.2662300e+00   2.4788600e+01  -3.0000000e+00
   7.8000000e+01  -1.2332300e+01  -1.8047900e+00   5.4551900e+01   2.0000000e+00
   7.9000000e+01  -1.1609100e+00   1.8955800e+01   5.2802200e+01  -1.0000000e+00
   8.0000000e+01   5.6606000e+00  -2.1028100e+00   3.6676000e+01   1.0000000e+00
   8.1000000e+01  -1.4186400e+01  -2.6695400e+00   5.5228000e+01   2.0000000e+00
   8.2000000e+01   9.9710700e+00   2.2947700e+00   2.0626100e+01  -3.0000000e+00
   8.3000000e+01   2.7088700e+00  -1.6852500e+01   1.9663500e+01  -2.0000000e+00
   8.4000000e+01   8.8275100e+00  -3.4860700e+00   3.5648700e+01   1.0000000e+00
   8.5000000e+01  -7.9712100e+00   6.0936000e+00   5.3865200e+01   2.0000000e+00
   8.6000000e+01   1.5026800e+01  -2.8560100e+00   3.1821700e+01  -3.0000000e+00
   8.7000000e+01  -1.1300200e+01   8.5400500e+00   5.4541800e+01   2.0000000e+00
   8.8000000e+01   7.9711200e+00  -5.4925300e+00   3.6250600e+01   1.0000000e+00
   8.9000000e+01  -1.5935800e+01  -1.4774200e+00   5.6142900e+01  -2.0000000e+00
   9.0000000e+01  -9.0038800e+00   1.3532100e+01   5.3920900e+01  -2.0000000e+00
   9.1000000e+01  -1.3792500e+01   1.4799900e+00   5.4649400e+01   2.0000000e+00
   9.2000000e+01   1.4891900e+01   4.8717500e+00   1.7320400e+01  -2.0000000e+00
   9.3000000e+01   3.0912300e-01  -1.3955500e-01   2.9291900e+01  -3.0000000e+00
   9.4000000e+01   1.8157300e+01  -2.0679700e+00  -3.5091800e+01  -1.0000000e+00
   9.5000000e+01  -7.9479500e+00  -1.4144300e+01   3.5470500e+01  -2.0000000e+00
   9.6000000e+01  -1.5555300e+01   2.6938100e+00   5.4858000e+01  -2.0000000e+00
   9.7000000e+01   1.7515500e+01   2.4221300e+00   2.1985600e-01  -1.0000000e+00
   9.8000000e+01  -1.7455100e+01   1.7802200e+00   6.6746900e+01  -2.0000000e+00
   9.9000000e+01  -8.7471100e+00  -2.1979800e+00   2.7293000e+01  -3.0000000e+00
   1.0000000e+02  -8.1917500e+00   4.0560400e+00   5.4033200e+01   2.0000000e+00
   1.0100000e+02   9.3506000e+00   9.6615400e+00   1.9712400e+01   1.0000000e+00
   1.0200000e+02   1.3341600e+01  -6.6490100e+00   3.6432600e+01   1.0000000e+00
   1.0300000e+02  -1.1178300e+01  -1.2670700e+01   3.4736300e+01  -2.0000000e+00
   1.0400000e+02  -9.2282300e+00   1.1491800e+01   5.3982500e+01   2.0000000e+00
   1.0500000e+02   1.0149300e+01   7.7506400e+00   1.9028500e+01   1.0000000e+00
   1.0600000e+02  -1.2526100e+01  -3.8786500e+00   2.6557400e+01   2.0000000e+00
   1.0700000e+02   1.1716500e+00  -1.1527400e+01   3.4645300e+01   1.0000000e+00
   1.0800000e+02   1.1615400e+01  -1.0521400e+01   3.5554600e+01   1.0000000e+00
   1.0900000e+02  -1.2132300e+01   2.6768500e-01   5.4594200e+01   2.0000000e+00
   1.1000000e+02  -1.1742800e+01   4.4180100e+00   5.4460600e+01   2.0000000e+00
   1.1100000e+02  -7.0841400e+00   1.4377000e+01   5.3776500e+01  -2.0000000e+00
   1.1200000e+02  -1.4031600e+01  -9.7625500e+00   4.9759300e+01  -2.0000000e+00
   1.1300000e+02  -5.3612600e+00  -8.4635500e+00   3.4960300e+01   1.0000000e+00
   1.1400000e+02  -8.2722300e+00  -1.0525600e+01   3.5355900e+01   1.0000000e+00
   1.1500000e+02  -1.7211200e+01  -7.5768500e+00   4.4047300e+01  -1.0000000e+00
   1.1600000e+02   1.5767300e+01  -1.0048200e+01   5.0298100e+01  -1.0000000e+00
   1.1700000e+02   1.2909700e+01   1.0840600e+01   1.8834300e+01  -2.0000000e+00
   1.1800000e+02  -9.1212100e+00  -1.2403200e+01   3.5460000e+01   1.0000000e+00
   1.1900000e+02   1.1519200e+01   9.3008200e+00   1.9595600e+01   1.0000000e+00
   1.2000000e+02  -1.0962200e+01  -1.6230500e+01   3.2682300e+01  -1.0000000e+00
   1.2100000e+02  -1.3199900e+01   7.6471800e+00   5.3859100e+01   2.0000000e+00
   1.2200000e+02  -6.6659900e+00  -6.6857400e+00   3.5513500e+01  -3.0000000e+00
   1.2300000e+02  -1.4527600e+01   1.3010300e+01   5.5073800e+01  -1.0000000e+00
   1.2400000e+02  -4.6207100e+00   3.6669800e+00   5.3831000e+01   2.0000000e+00
   1.2500000e+02  -5.9333600e-01  -2.6875400e+00   2.2915100e+01  -3.0000000e+00
   1.2600000e+02  -1.0267300e+01   1.1654600e+00   5.4556400e+01   2.0000000e+00
   1.2700000e+02   1.2810700e+01  -1.2219000e+01   3.4898500e+01  -2.0000000e+00
   1.2800000e+02   1.4280100e+00  -2.1757300e+00   3.4001300e+01  -3.0000000e+00
   1.2900000e+02  -2.7234800e-01  -6.2209500e+00   3.5238600e+01   1.0000000e+00
   1.3000000e+02   1.7646700e+00   9.4280900e+00   2.0339600e+01  -1.0000000e+00
   1.3100000e+02   4.7485200e+00  -3.9653600e+00   3.5045700e+01   1.0000000e+00
   1.3200000e+02   1.5401100e+01  -6.4004100e+00   3.6466100e+01  -2.0000000e+00
   1.3300000e+02  -1.5366700e+01   4.7557000e+00   5.4680400e+01  -2.0000000e+00
   1.3400000e+02   1.7705400e+00   3.6145800e+00   2.2779300e+01  -3.0000000e+00
   1.3500000e+02   6.4925400e+00  -1.2844400e+01   3.4725700e+01   1.0000000e+00
   1.3600000e+02   7.9704300e+00   8.1437300e+00   1.9485200e+01   1.0000000e+00
   1.3700000e+02  -5.6575600e+00   1.1103500e+01   5.3984400e+01   2.0000000e+00
   1.3800000e+02  -1.3460400e+01   5.5980600e+00   5.4275200e+01   2.0000000e+00
   1.3900000e+02   1.3918800e+01  -8.9569200e-01   4.8981200e+01  -3.0000000e+00
   1.4000000e+02  -4.1677200e+00  -1.0177300e+01   3.5409300e+01   1.0000000e+00
   1.4100000e+02   2.6753600e+00   1.6883200e+00   4.2897900e+01  -3.0000000e+00
   1.4200000e+02  -2.0691200e+00  -9.9566500e+00   3.4864400e+01   1.0000000e+00
   1.4300000e+02   5.0132100e-03  -9.8114200e+00   3.4314400e+01   1.0000000e+00
   1.4400000e+02  -1.1104200e+01   1.0654600e+01   5.4682700e+01   2.0000000e+00
   1.4500000e+02  -1.1572600e+01  -9.0803900e+00   4.1505100e+01  -3.0000000e+00
   1.4600000e+02   8.6448700e+00  -1.2642200e+01   3.4644500e+01   1.0000000e+00
   1.4700000e+02  -1.4026700e+01  -6.0120600e-01   5.4788900e+01   2.0000000e+00
   1.4800000e+02   1.2511600e+01  -8.5333300e+00   3.6362200e+01   1.0000000e+00
   1.4900000e+02  -1.7658300e+00  -1.3536500e+01   3.4680600e+01   1.0000000e+00
   1.5000000e+02   1.4241400e+01   6.8580200e+00   1.7802100e+01  -2.0000000e+00
   1.5100000e+02   1.4319800e+01   1.2340200e+01   4.2698700e+00  -1.0000000e+00
   1.5200000e+02  -4.8766200e+00  -8.0557900e-01   6.7343200e+01  -3.0000000e+00
   1.5300000e+02   6.5487600e-01  -1.7051200e+01   3.5439200e+01  -1.0000000e+00
   1.5400000e+02  -2.9529500e+00  -1.1862300e+01   3.5395800e+01   1.0000000e+00
   1.5500000e+02  -1.4291200e+00  -1.7211400e+01   3.5147000e+01  -1.0000000e+00
   1.5600000e+02  -4.4453200e+00  -6.5914400e+00   3.3967500e+01   1.0000000e+00
   1.5700000e+02   9.5502800e+00  -1.0707300e+01   3.5174400e+01   1.0000000e+00
   1.5800000e+02   1.0439400e+01  -8.8282100e+00   3.5939500e+01   1.0000000e+00
   1.5900000e+02   1.1843900e+01  -1.4143600e+01   4.7017300e+01  -2.0000000e+00
   1.6000000e+02   6.0873500e+00   3.1076300e+00   2.9319300e+01  -3.0000000e+00
   1.6100000e+02  -2.0395200e+00   1.0649700e+01   5.3989700e+01   2.0000000e+00
   1.6200000e+02   7.4593900e+00  -1.0940200e+01   3.4924700e+01   1.0000000e+00
   1.6300000e+02  -3.1943200e+00   3.9458500e-01   4.2873600e+01  -3.0000000e+00
   1.6400000e+02   8.7290700e+00   6.2421600e+00   1.9571600e+01   1.0000000e+00
   1.6500000e+02  -2.7253700e+00  -2.7148500e+00   4.5104400e+01  -3.0000000e+00
   1.6600000e+02  -7.3309800e+00   1.2304900e+01   5.3844900e+01   2.0000000e+00
   1.6700000e+02  -1.0659200e+01  -3.0218000e+00   3.1815500e+01  -3.0000000e+00
   1.6800000e+02  -1.6047300e+01  -3.5648600e+00   5.3663200e+01  -2.0000000e+00
   1.6900000e+02   5.2321800e-01   1.7656300e+01   5.1911500e+01  -1.0000000e+00
   1.7000000e+02  -6.2177700e+00  -1.0383600e+01   3.5245600e+01   1.0000000e+00
   1.7100000e+02   1.6248900e+01  -1.2112000e+00   2.4266900e+01  -2.0000000e+00
   1.7200000e+02   8.5074600e+00   1.1251400e-01   2.9947200e+01  -3.0000000e+00
   1.7300000e+02   3.4954000e+00  -2.2899100e+00   3.3012800e+01  -3.0000000e+00
   1.7400000e+02  -9.4045700e-02   1.1434700e+01   6.6378800e+01  -2.0000000e+00
   1.7500000e+02   1.0553800e+01   3.1791100e-01   2.9080400e+01  -3.0000000e+00
   1.7600000e+02  -1.3341100e+01  -7.8056600e+00   4.7129400e+01  -3.0000000e+00
   1.7700000e+02   5.2313700e+00   1.0512300e+01   1.8152500e+01   1.0000000e+00
   1.7800000e+02   6.0106300e+00   1.4016500e+01   1.8120600e+01   1.0000000e+00
   1.7900000e+02   1.9393300e+00   1.4411300e+01   5.7572900e+01  -2.0000000e+00
   1.8000000e+02  -6.0702600e+00   6.9368000e+00   5.3504400e+01   2.0000000e+00
   1.8100000e+02   8.0216900e+00   1.3567400e+01   1.8475700e+01  -2.0000000e+00
   1.8200000e+02  -1.5915300e+00  -8.9040300e-01   4.2312900e+01  -3.0000000e+00
   1.8300000e+02  -6.5055400e+00   2.8357400e+00   5.4029300e+01   2.0000000e+00
   1.8400000e+02  -1.8373000e+00   1.2692400e+01   5.3625200e+01   2.0000000e+00
   1.8500000e+02   9.4268200e+00   4.2790000e+00   1.8766500e+01  -3.0000000e+00
   1.8600000e+02  -1.3624500e+01   3.5401600e+00   5.4924900e+01   2.0000000e+00
   1.8700000e+02   1.1989000e+01   1.8087100e+00   2.7655900e+01  -3.0000000e+00
   1.8800000e+02   1.5457800e+01   2.8797700e+00   1.7396200e+01  -2.0000000e+00
   1.8900000e+02   9.7451900e+00  -1.5943800e+00   3.5795200e+01   1.0000000e+00
   1.9000000e+02  -1.2804300e+01   1.1812800e+01   5.5125100e+01  -2.0000000e+00
   1.9100000e+02   2.9500100e+00  -7.7407100e+00   3.4721700e+01   1.0000000e+00
   1.9200000e+02  -1.2160600e+01  -1.4496900e+01   1.8787800e+01  -1.0000000e+00
   1.9300000e+02   6.8592400e+00  -1.6561600e+01   3.5248700e+01  -1.0000000e+00
   1.9400000e+02  -5.5888200e+00  -1.7532500e+01   3.4598700e+01  -1.0000000e+00
   1.9500000e+02   2.3772400e+00  -3.5088000e-01   4.5110400e+01  -3.0000000e+00
   1.9600000e+02   4.7235100e+00   1.5799100e+00   3.4423200e+01  -3.0000000e+00
   1.9700000e+02   7.1218400e+00  -7.3656500e+00   3.5708200e+01   1.0000000e+00
   1.9800000e+02  -6.0259600e-01  -1.5293000e+01   3.4734400e+01  -2.0000000e+00
   1.9900000e+02  -1.5772000e+01   5.9101800e-01   5.4828600e+01   2.0000000e+00
   2.0000000e+02   2.0817600e+00  -9.6278500e+00   3.4931000e+01   1.0000000e+00
   2.0100000e+02   4.5965700e+00   1.2469600e+01   1.7913300e+01   0.0000000e+00
   2.0200000e+02  -1.3866500e+00   1.6866900e+01   5.3017200e+01  -2.0000000e+00
   2.0300000e+02   1.4017800e+01   1.2053900e+00   3.7369600e+01  -3.0000000e+00
   2.0400000e+02   3.5835000e+00  -1.4946500e+01   3.5822100e+01   1.0000000e+00
   2.0500000e+02  -1.7045600e+01   5.9324400e+00   7.0128500e+01  -1.0000000e+00
   2.0600000e+02  -3.5550300e+00  -4.7271900e+00   3.5359900e+01   1.0000000e+00
   2.0700000e+02   5.3708800e+00  -1.1117300e+01   3.4668600e+01   1.0000000e+00
   2.0800000e+02   1.4893400e+01  -1.1951000e+01   5.0288500e+01  -1.0000000e+00
   2.0900000e+02  -2.6565300e+00  -1.5470700e+01   3.5265600e+01  -2.0000000e+00
   2.1000000e+02  -3.0721700e+00   1.8174700e+01   5.3310900e+01  -1.0000000e+00
   2.1100000e+02   6.7156900e+00   1.7593000e+01   1.9669000e+01  -1.0000000e+00
   2.1200000e+02   1.0023100e+01  -5.1847800e+00   3.6467700e+01   1.0000000e+00
   2.1300000e+02  -1.1942100e+01   2.3618600e+00   5.4784900e+01   2.0000000e+00
   2.1400000e+02  -6.7062400e+00   7.7298100e-01   5.3495900e+01   2.0000000e+00
   2.1500000e+02  -1.5029900e+01  -1.1575200e+01   1.6581500e+01  -1.0000000e+00
   2.1600000e+02  -1.0920600e+01   1.2702300e+01   5.4626600e+01  -2.0000000e+00
   2.1700000e+02  -9.4959100e+00  -8.8140400e+00   3.6986500e+01   1.0000000e+00
   2.1800000e+02  -1.6070500e+01  -9.3064700e+00  -1.4854600e+01  -1.0000000e+00
   2.1900000e+02  -1.5173900e+01  -6.8130900e+00   3.5185300e+01  -2.0000000e+00
   2.2000000e+02   3.2880500e+00  -1.8924900e+01  -4.4385500e+01  -1.0000000e+00
   2.2100000e+02   6.2079800e-01  -4.3488100e+00   3.5887800e+01   1.0000000e+00
   2.2200000e+02   3.8398400e+00   3.4372300e+00   2.2662100e+01   1.0000000e+00
   2.2300000e+02   1.0802700e+01   5.8101200e+00   1.7535200e+01   1.0000000e+00
   2.2400000e+02  -1.3360500e+01  -1.2790300e+01   2.3333100e+01  -1.0000000e+00
   2.2500000e+02  -9.0860000e-01  -1.1660200e+01   3.4487800e+01   1.0000000e+00
   2.2600000e+02  -1.4356900e+01  -4.7994400e+00   5.1458400e+01  -2.0000000e+00
   2.2700000e+02   6.2776100e+00  -9.2373300e+00   3.5356300e+01   1.0000000e+00
   2.2800000e+02  -1.0561300e+01  -5.0829100e+00   2.2228900e+01  -3.0000000e+00
   2.2900000e+02   6.7984200e+00  -3.8082500e+00   3.5488600e+01   1.0000000e+00
   2.3000000e+02   4.7924000e+00  -1.6621500e+01   3.4989400e+01  -2.0000000e+00
   2.3100000e+02   1.2838200e+01   5.3246300e+00   1.7248300e+01   1.0000000e+00
   2.3200000e+02   1.7637000e+00   1.2351500e+01   3.7952300e+01  -1.0000000e+00
   2.3300000e+02   3.2139900e+00   1.0893500e+01   2.3175400e+01  -2.0000000e+00
   2.3400000e+02  -9.4183500e+00   9.4106200e+00   5.4105000e+01   2.0000000e+00
   2.3500000e+02  -1.5154800e+01   6.8471100e+00   5.3797600e+01  -2.0000000e+00
   2.3600000e+02   1.1693100e+00   5.8134300e+00   1.7291300e+01  -3.0000000e+00
   2.3700000e+02  -7.7671500e+00   8.1910300e+00   5.3580600e+01   2.0000000e+00
   2.3800000e+02   5.8534500e+00   8.5312700e+00   1.8913400e+01   1.0000000e+00
   2.3900000e+02   1.3511200e+01   1.4277000e+01   1.9061100e+01  -1.0000000e+00
   2.4000000e+02  -3.8315900e+00  -1.3758200e+01   3.5185800e+01   1.0000000e+00
   2.4100000e+02  -9.6216400e+00   7.3387500e+00   5.4068900e+01   2.0000000e+00
   2.4200000e+02   1.3907900e+01  -1.3965700e+01   3.3664800e+01  -1.0000000e+00
   2.4300000e+02   4.5229000e+00   6.9763000e+00   1.9096600e+01   1.0000000e+00
   2.4400000e+02   2.4711700e+00   1.8364500e+01   6.7076700e+00  -1.0000000e+00
   2.4500000e+02  -5.8296600e+00   8.9819200e+00   5.3515000e+01   2.0000000e+00
   2.4600000e+02  -1.4918700e+00  -4.5648100e+00   3.4952300e+01   1.0000000e+00
   2.4700000e+02  -1.0002700e+01  -1.4358900e+01   3.4204400e+01  -2.0000000e+00
   2.4800000e+02   1.0057100e+01   1.3202500e+01   1.8555200e+01  -2.0000000e+00
   2.4900000e+02   3.8408400e+00   8.9259200e+00   1.7983900e+01  -2.0000000e+00
   2.5000000e+02   9.7888800e+00  -1.4366700e+01   3.5036900e+01  -2.0000000e+00
   2.5100000e+02  -5.1773300e+00   1.5246400e+01   5.3499100e+01  -2.0000000e+00
   2.5200000e+02  -1.2989300e+01   9.7693500e+00   5.4744300e+01  -2.0000000e+00
   2.5300000e+02   1.6654600e+01  -8.0638600e+00   5.0258500e+01  -1.0000000e+00
   2.5400000e+02  -3.2797100e+00  -8.3004200e+00   3.4820600e+01   1.0000000e+00
   2.5500000e+02  -3.4877100e+00  -1.7366600e+01   3.5201300e+01  -1.0000000e+00
   2.5600000e+02   1.1047900e+01  -1.6028700e+01   3.6933900e+01  -1.0000000e+00
   2.5700000e+02   1.2217300e+01   7.3053200e+00   1.8005400e+01   1.0000000e+00
   2.5800000e+02   6.6448000e+00   1.2046400e+01   1.7762100e+01   1.0000000e+00
   2.5900000e+02  -3.2833700e+00   1.6035000e+01   5.3046400e+01  -2.0000000e+00
   2.6000000e+02   1.6080400e+01   9.0423800e-01   8.1768900e-01  -2.0000000e+00
   2.6100000e+02  -3.3416400e-01   7.3120800e+00   5.1684400e+01  -3.0000000e+00
   2.6200000e+02  -3.7585600e+00   1.1881900e+01   5.3826000e+01   2.0000000e+00
   2.6300000e+02  -2.4230600e+00   6.5282200e+00   5.2595900e+01   2.0000000e+00
   2.6400000e+02   1.2124700e+01  -4.9736000e+00   3.6339800e+01   1.0000000e+00
   2.6500000e+02  -7.0735800e+00  -1.2246200e+01   3.5021200e+01   1.0000000e+00
   2.6600000e+02   1.3706500e+01  -1.0227800e+01   3.5761800e+01  -2.0000000e+00
   2.6700000e+02   1.0707100e+01  -1.2427800e+01   3.4705000e+01   1.0000000e+00
   2.6800000e+02   1.0898900e+01  -3.2965900e+00   3.5311800e+01   1.0000000e+00
   2.6900000e+02   1.4971400e+01   1.0382800e+01   3.0936600e+00  -1.0000000e+00
   2.7000000e+02  -5.4379000e+00   1.3139300e+01   5.3478200e+01   2.0000000e+00
   2.7100000e+02  -4.1318400e+00   7.7447000e+00   5.3496000e+01   2.0000000e+00
   2.7200000e+02   6.5616500e+00   6.5914200e+00   2.0259200e+01   1.0000000e+00
   2.7300000e+02   5.0609000e+00  -7.5806600e+00   3.5271200e+01   1.0000000e+00
   2.7400000e+02   1.6904600e+01   4.4330100e+00   2.2292500e+00  -1.0000000e+00
   2.7500000e+02   1.3561900e+01   8.8725800e+00   1.8131700e+01  -2.0000000e+00
   2.7600000e+02  -7.5185900e+00   1.0236700e+01   5.3911600e+01   2.0000000e+00
   2.7700000e+02   2.6332900e-01   1.5581300e+01   5.3726500e+01  -2.0000000e+00
   2.7800000e+02   9.4006900e+00   1.5191700e+01   1.8566100e+01  -1.0000000e+00
   2.7900000e+02  -1.4863300e+01   8.8965800e+00   6.5490300e+01  -2.0000000e+00
   2.8000000e+02   2.9659400e+00   1.6251800e+01   2.3058700e+01  -2.0000000e+00
   2.8100000e+02  -4.3988400e+00   5.7174800e+00   5.3332100e+01   2.0000000e+00
   2.8200000e+02  -8.1381900e-01   5.2577300e+00   6.2392500e+01  -3.0000000e+00
   2.8300000e+02  -5.8899500e+00  -1.3937000e+01   3.5118500e+01   1.0000000e+00
   2.8400000e+02  -1.2493800e+01  -5.9331800e+00   1.6577700e+01  -3.0000000e+00
   2.8500000e+02  -1.2619300e+01   1.3870200e+01   5.4923500e+01  -1.0000000e+00
   2.8600000e+02   1.3442400e+01   3.3366200e+00   1.6627000e+01   1.0000000e+00
   2.8700000e+02  -9.6751400e-01   3.2101300e+00   5.2514200e+01  -3.0000000e+00
   2.8800000e+02   3.9905700e+00   1.4456600e+01   1.1015000e+01   0.0000000e+00
   2.8900000e+02  -4.9714300e+00   1.7310700e+01   5.3984300e+01  -1.0000000e+00
   2.9000000e+02  -4.7084100e+00  -1.5664700e+01   3.5001300e+01  -2.0000000e+00
   2.9100000e+02   8.6679800e+00   1.1615300e+01   1.8486300e+01   1.0000000e+00
   2.9200000e+02   7.6894300e+00  -1.7663700e+00   3.5759800e+01   1.0000000e+00
   2.9300000e+02   6.4060100e+00   1.3874900e-01   3.7370500e+01  -3.0000000e+00
   2.9400000e+02  -1.0456700e+01  -9.4701900e-01   5.4434000e+01   2.0000000e+00
   2.9500000e+02  -1.0714400e+01   1.4761800e+01   5.4547200e+01  -1.0000000e+00
   2.9600000e+02   7.2530900e+00   1.0086400e+01   1.8232200e+01   1.0000000e+00
   2.9700000e+02  -4.8361300e+00   1.6236900e+00   5.4670600e+01   2.0000000e+00
   2.9800000e+02   5.6322400e+00  -1.4721600e+01   3.5535400e+01  -2.0000000e+00
   2.9900000e+02  -1.0329600e+01  -1.0714500e+01   3.6358800e+01   1.0000000e+00
