   0.0000000e+00   5.4210800e+00  -1.2431200e+01  -1.0000000e+00
   1.0000000e+00   3.7790100e+00  -9.9566800e-01  -1.0000000e+00
   2.0000000e+00  -1.2618100e+00   4.5215300e+00  -1.0000000e+00
   3.0000000e+00   1.8104900e+01  -3.8428400e+00  -1.0000000e+00
   4.0000000e+00   1.1054500e+01   7.4572500e-01  -1.0000000e+00
   5.0000000e+00   4.0256800e+00   3.1794600e+00  -1.0000000e+00
   6.0000000e+00  -1.0231400e+01   1.3117200e+01   1.0000000e+00
   7.0000000e+00   1.2182200e+00  -1.2269900e+01   1.0000000e+00
   8.0000000e+00   2.5352200e+00   1.0574900e+01  -1.0000000e+00
   9.0000000e+00  -6.0442000e+00  -1.4730500e+00   1.0000000e+00
   1.0000000e+01   1.0987100e+01  -1.3238000e+00  -1.0000000e+00
   1.1000000e+01  -1.8503600e+01  -2.1778200e+00   1.0000000e+00
   1.2000000e+01   1.5080400e+01   8.7961600e+00  -1.0000000e+00
   1.3000000e+01   1.1201200e+01   2.7971500e+00  -1.0000000e+00
   1.4000000e+01   1.4379600e+01  -5.7203600e+00  -1.0000000e+00
   1.5000000e+01   2.0631200e+00   1.3015100e-01  -1.0000000e+00
   1.6000000e+01   1.0898500e+01  -3.4350900e+00  -1.0000000e+00
   1.7000000e+01   1.3307300e+01   9.9573300e+00  -1.0000000e+00
   1.8000000e+01   5.2705600e-01  -6.7170300e+00  -1.0000000e+00
   1.9000000e+01   8.9986600e+00  -4.3851600e+00  -1.0000000e+00
   2.0000000e+01   7.0214500e+00  -7.3495900e+00  -1.0000000e+00
   2.1000000e+01   1.1257300e+01   4.8660200e+00  -1.0000000e+00
   2.2000000e+01  -1.7730800e+01  -4.0761800e+00   1.0000000e+00
   2.3000000e+01   7.7968000e+00   7.1369000e+00  -1.0000000e+00
   2.4000000e+01   1.1697800e+01   1.3201700e+01  -1.0000000e+00
   2.5000000e+01   2.7145900e+00   1.6910700e+01  -1.0000000e+00
   2.6000000e+01  -1.3883800e+01   8.6643800e-01   1.0000000e+00
   2.7000000e+01  -1.1285300e+00   8.6279700e+00  -1.0000000e+00
   2.8000000e+01  -4.7764300e+00   1.3703600e+01  -1.0000000e+00
   2.9000000e+01   1.6093700e+01  -8.9894600e+00  -1.0000000e+00
   3.0000000e+01  -7.5925800e+00   1.0666700e+01   1.0000000e+00
   3.1000000e+01   3.0842900e-01  -1.0398400e+01   1.0000000e+00
   3.2000000e+01  -5.1192300e+00   1.5803700e+01  -1.0000000e+00
   3.3000000e+01   1.3492800e+01  -1.4067100e+01  -1.0000000e+00
   3.4000000e+01   4.3155100e+00   9.4036900e+00  -1.0000000e+00
   3.5000000e+01  -2.9346800e+00   7.6523500e+00  -1.0000000e+00
   3.6000000e+01   4.5873100e+00   1.5634500e+01  -1.0000000e+00
   3.7000000e+01  -1.9433100e+00  -2.8033400e+00   1.0000000e+00
   3.8000000e+01   8.7350700e+00  -8.5077100e+00  -1.0000000e+00
   3.9000000e+01  -1.1639100e+01   1.1540900e+01   1.0000000e+00
   4.0000000e+01   3.9115700e+00   1.0901800e+00  -1.0000000e+00
   4.1000000e+01  -7.0439500e+00  -1.1676600e+01   1.0000000e+00
   4.2000000e+01  -1.0336800e+01   7.5761900e+00   1.0000000e+00
   4.3000000e+01   1.8319900e+01   3.6923300e-01  -1.0000000e+00
   4.4000000e+01   1.5319500e+01   1.2939000e+01  -1.0000000e+00
   4.5000000e+01   1.2478600e+01  -6.6306100e+00  -1.0000000e+00
   4.6000000e+01  -4.7087600e+00  -8.2454500e+00   1.0000000e+00
   4.7000000e+01   1.0632200e+01  -7.5791800e+00  -1.0000000e+00
   4.8000000e+01   7.9601300e+00   1.1341100e+01  -1.0000000e+00
   4.9000000e+01  -8.2843900e+00  -3.7766100e+00   1.0000000e+00
   5.0000000e+01  -9.5262800e+00  -5.4156300e+00   1.0000000e+00
   5.1000000e+01   6.4549100e-01   7.5176000e+00  -1.0000000e+00
   5.2000000e+01  -9.7476600e+00   9.9248400e-02   1.0000000e+00
   5.3000000e+01  -3.7934400e+00  -1.0107200e+01   1.0000000e+00
   5.4000000e+01   1.6369800e+01  -2.7218900e+00  -1.0000000e+00
   5.5000000e+01  -1.4850300e+01  -6.4625200e+00   1.0000000e+00
   5.6000000e+01   5.5356600e+00  -2.1330600e+00  -1.0000000e+00
   5.7000000e+01  -1.3380100e+01  -1.4153900e+01   1.0000000e+00
   5.8000000e+01   1.0896600e-01  -1.3992100e+01   1.0000000e+00
   5.9000000e+01   1.0735800e+01  -5.4892300e+00  -1.0000000e+00
   6.0000000e+01   1.1567900e+01   1.1098700e+01  -1.0000000e+00
   6.1000000e+01  -7.7363600e+00  -2.9560300e-01   1.0000000e+00
   6.2000000e+01   1.2094900e+01  -1.5626400e+01  -1.0000000e+00
   6.3000000e+01   8.6076800e-01   1.3761300e+01  -1.0000000e+00
   6.4000000e+01  -1.5182400e+01  -7.5640800e-01   1.0000000e+00
   6.5000000e+01  -6.2333800e+00   6.7404400e+00   1.0000000e+00
   6.6000000e+01   7.1597000e+00  -5.3027600e+00  -1.0000000e+00
   6.7000000e+01  -1.2284800e+01  -1.2425100e+01   1.0000000e+00
   6.8000000e+01   1.0458400e+01  -1.4304200e+01  -1.0000000e+00
   6.9000000e+01  -1.5124600e+01   1.0401900e+01   1.0000000e+00
   7.0000000e+01  -6.2471400e+00  -3.5168500e+00   1.0000000e+00
   7.1000000e+01   9.2379900e+00  -2.0015300e-01  -1.0000000e+00
   7.2000000e+01  -1.5245600e+00   3.9493500e-01  -1.0000000e+00
   7.3000000e+01   3.4287400e-01   1.2504000e+00  -1.0000000e+00
   7.4000000e+01   2.4503600e+00   8.5116300e+00  -1.0000000e+00
   7.5000000e+01   7.7615900e-01   1.1687900e+01  -1.0000000e+00
   7.6000000e+01  -1.3147900e+01  -1.1951400e+00   1.0000000e+00
   7.7000000e+01  -6.5939100e+00  -7.4402300e+00   1.0000000e+00
   7.8000000e+01  -1.7004600e+01  -6.0776900e+00   1.0000000e+00
   7.9000000e+01  -4.9956700e+00   2.7871400e+00   1.0000000e+00
   8.0000000e+01  -4.2211700e+00  -2.6919800e+00   1.0000000e+00
   8.1000000e+01  -1.3655500e+01   1.1982300e+01   1.0000000e+00
   8.2000000e+01   4.4221300e+00   1.1466300e+01  -1.0000000e+00
   8.3000000e+01  -8.4190300e+00   1.7009000e+00   1.0000000e+00
   8.4000000e+01   4.6514800e-01   3.3568900e+00  -1.0000000e+00
   8.5000000e+01   1.3021800e+01   3.7697400e+00  -1.0000000e+00
   8.6000000e+01  -1.5916400e+01   1.2296700e+00   1.0000000e+00
   8.7000000e+01   1.2248400e+01  -1.0751700e+01  -1.0000000e+00
   8.8000000e+01  -7.0160000e+00   3.2390800e+00   1.0000000e+00
   8.9000000e+01   6.4112000e+00   1.6656800e+01  -1.0000000e+00
   9.0000000e+01  -2.8801800e+00   1.5926900e+01  -1.0000000e+00
   9.1000000e+01   1.3570100e+01   1.4106900e+01  -1.0000000e+00
   9.2000000e+01  -1.4279100e+01   1.4089700e+01   1.0000000e+00
   9.3000000e+01  -8.1084200e-02  -1.7572900e+01   1.0000000e+00
   9.4000000e+01   9.8284400e+00   1.2285600e+01  -1.0000000e+00
   9.5000000e+01  -1.1908500e+00   1.0754600e+01  -1.0000000e+00
   9.6000000e+01   1.5797700e+01  -1.1040400e+01  -1.0000000e+00
   9.7000000e+01   1.3226600e+01   7.8860800e+00  -1.0000000e+00
   9.8000000e+01   1.6865200e+01   7.6991900e+00  -1.0000000e+00
   9.9000000e+01   6.3333400e+00   1.4514300e+01  -1.0000000e+00
   1.0000000e+02  -1.7189300e+01   5.2314500e+00   1.0000000e+00
   1.0100000e+02  -5.5694300e+00   4.7781400e+00   1.0000000e+00
   1.0200000e+02   1.4272800e+01  -7.7793400e+00  -1.0000000e+00
   1.0300000e+02  -1.2374600e+01   7.9492300e+00   1.0000000e+00
   1.0400000e+02  -1.1159500e+01  -1.0618500e+01   1.0000000e+00
   1.0500000e+02   6.1552200e+00   1.0338600e+01  -1.0000000e+00
   1.0600000e+02  -7.7782900e+00  -9.1619700e+00   1.0000000e+00
   1.0700000e+02  -1.0198000e+01  -1.2567600e+01   1.0000000e+00
   1.0800000e+02  -4.4665100e-01  -4.9010000e+00   1.0000000e+00
   1.0900000e+02  -7.1545800e+00   1.6284400e+01  -1.0000000e+00
   1.1000000e+02   2.3995100e+00   6.3861000e+00  -1.0000000e+00
   1.1100000e+02   8.8688000e+00  -6.4431100e+00  -1.0000000e+00
   1.1200000e+02   6.3384000e+00  -1.4297700e+01  -1.0000000e+00
   1.1300000e+02   4.1526400e+00  -1.7797700e+01   1.0000000e+00
   1.1400000e+02  -1.0317500e+01  -3.5222800e+00   1.0000000e+00
   1.1500000e+02   1.9445000e+00  -1.9323200e+00  -1.0000000e+00
   1.1600000e+02   3.3365100e+00  -1.2374600e+01  -1.0000000e+00
   1.1700000e+02  -6.3559900e+00  -1.7161300e+01   1.0000000e+00
   1.1800000e+02   9.7196000e+00   1.0146700e+01  -1.0000000e+00
   1.1900000e+02  -9.6281500e+00   1.1094900e+01   1.0000000e+00
   1.2000000e+02  -8.2346800e+00   1.2639900e+01   1.0000000e+00
   1.2100000e+02   1.3408900e+01   1.2037900e+01  -1.0000000e+00
   1.2200000e+02   2.5759100e+00  -6.9394300e+00  -1.0000000e+00
   1.2300000e+02  -5.4235500e+00   1.0283000e+01  -1.0000000e+00
   1.2400000e+02   4.4550900e+00   1.3544400e+01  -1.0000000e+00
   1.2500000e+02  -1.4383900e+01  -2.8514100e+00   1.0000000e+00
   1.2600000e+02  -1.2343200e+01  -3.1860900e+00   1.0000000e+00
   1.2700000e+02  -1.5252000e+00  -6.6537600e+00   1.0000000e+00
   1.2800000e+02  -9.0678300e+00  -1.8839600e+00   1.0000000e+00
   1.2900000e+02  -1.6585100e+01   3.2414700e+00   1.0000000e+00
   1.3000000e+02  -1.1754600e+01   5.9635500e+00   1.0000000e+00
   1.3100000e+02   9.9125700e+00   1.4346400e+01  -1.0000000e+00
   1.3200000e+02   1.0023900e+01   1.6400300e+01  -1.0000000e+00
   1.3300000e+02  -2.7186300e+00   1.3840500e+01  -1.0000000e+00
   1.3400000e+02  -4.0493200e+00  -1.3692800e+01   1.0000000e+00
   1.3500000e+02  -1.7470800e+00  -1.0222800e+01   1.0000000e+00
   1.3600000e+02  -1.1088100e+01  -1.5394600e+00   1.0000000e+00
   1.3700000e+02   1.4748500e+01   5.1200800e-01  -1.0000000e+00
   1.3800000e+02  -1.5168200e+01   4.8136400e+00   1.0000000e+00
   1.3900000e+02   1.2654100e+01  -4.5640500e+00  -1.0000000e+00
   1.4000000e+02  -1.4345800e+01  -1.2119800e+01   1.0000000e+00
   1.4100000e+02   1.4501400e+01  -3.6346000e+00  -1.0000000e+00
   1.4200000e+02  -2.9981700e+00  -1.0309300e+00   1.0000000e+00
   1.4300000e+02   2.3628500e+00  -1.0548500e+01  -1.0000000e+00
   1.4400000e+02  -3.5765200e+00  -6.5346200e+00   1.0000000e+00
   1.4500000e+02  -1.0745100e+01  -7.0853200e+00   1.0000000e+00
   1.4600000e+02  -1.6160300e+01  -8.0458000e+00   1.0000000e+00
   1.4700000e+02  -1.0892500e+01   1.5134700e+01   1.0000000e+00
   1.4800000e+02   1.3797200e-01  -2.8974500e+00  -1.0000000e+00
   1.4900000e+02  -7.3156600e+00  -1.5295700e+01   1.0000000e+00
   1.5000000e+02  -1.9552000e+00  -1.3850800e+01   1.0000000e+00
   1.5100000e+02   7.3296600e+00  -1.6130800e+01  -1.0000000e+00
   1.5200000e+02  -1.4070900e+01  -8.4675700e+00   1.0000000e+00
   1.5300000e+02  -1.4422000e+01   8.3394300e+00   1.0000000e+00
   1.5400000e+02  -1.0750400e+01  -1.6569700e+01   1.0000000e+00
   1.5500000e+02   1.4990400e+01   6.7424200e+00  -1.0000000e+00
   1.5600000e+02  -3.1360000e+00  -1.5553600e+01   1.0000000e+00
   1.5700000e+02  -1.3240600e+01  -1.0365000e+01   1.0000000e+00
   1.5800000e+02   6.2218100e+00  -1.7889100e+01  -1.0000000e+00
   1.5900000e+02  -1.3863400e+00   2.4568700e+00  -1.0000000e+00
   1.6000000e+02  -9.7282700e+00   5.5926500e+00   1.0000000e+00
   1.6100000e+02   1.4616000e+01  -1.5543500e+00  -1.0000000e+00
   1.6200000e+02  -1.1985000e+01  -8.7273700e+00   1.0000000e+00
   1.6300000e+02   5.5982200e+00  -8.8476900e+00  -1.0000000e+00
   1.6400000e+02   2.7381100e+00   1.4702000e+01  -1.0000000e+00
   1.6500000e+02   1.1380000e+01   6.9522400e+00  -1.0000000e+00
   1.6600000e+02  -3.9111400e+00   1.7740900e+01  -1.0000000e+00
   1.6700000e+02  -9.1000600e-01   1.4888500e+01  -1.0000000e+00
   1.6800000e+02   2.0393400e+00  -1.7693000e+01   1.0000000e+00
   1.6900000e+02  -1.3790300e+01   6.3621600e+00   1.0000000e+00
   1.7000000e+02  -1.7239500e+01  -4.8868700e-01   1.0000000e+00
   1.7100000e+02   1.8189900e+01  -1.7629700e+00  -1.0000000e+00
   1.7200000e+02   7.5839500e+00   2.9698000e+00  -1.0000000e+00
   1.7300000e+02  -1.5841400e+01   6.8113200e+00   1.0000000e+00
   1.7400000e+02   1.1471700e+01   9.0198700e+00  -1.0000000e+00
   1.7500000e+02   2.1928200e+00  -1.4109100e+01   1.0000000e+00
   1.7600000e+02  -7.6509800e+00   5.2092000e+00   1.0000000e+00
   1.7700000e+02   3.1613500e+00  -1.5951600e+01   1.0000000e+00
   1.7800000e+02  -8.4821600e+00  -1.6991800e+01   1.0000000e+00
   1.7900000e+02   6.2168200e+00   1.2453100e+01  -1.0000000e+00
   1.8000000e+02   9.1153100e-01   1.5848400e+01  -1.0000000e+00
   1.8100000e+02   5.6814200e+00  -8.6532500e-02  -1.0000000e+00
   1.8200000e+02   7.8895700e+00   9.2049000e+00  -1.0000000e+00
   1.8300000e+02   7.4950300e+00   9.0011000e-01  -1.0000000e+00
   1.8400000e+02  -1.1320400e+01  -1.4354400e+01   1.0000000e+00
   1.8500000e+02   1.6204100e+01  -6.9234200e+00  -1.0000000e+00
   1.8600000e+02   5.4275400e+00  -4.1877600e+00  -1.0000000e+00
   1.8700000e+02  -2.6659600e+00  -8.3892600e+00   1.0000000e+00
   1.8800000e+02  -1.2253200e+01   1.3520100e+01   1.0000000e+00
   1.8900000e+02   1.5783200e-01  -8.2065900e-01  -1.0000000e+00
   1.9000000e+02   1.6475800e+01  -6.2292100e-01  -1.0000000e+00
   1.9100000e+02   8.1556400e+00   1.5479700e+01  -1.0000000e+00
   1.9200000e+02   1.1811600e+01   1.5269200e+01  -1.0000000e+00
   1.9300000e+02  -4.2857800e+00  -1.7282200e+01   1.0000000e+00
   1.9400000e+02  -4.8835500e+00   8.3000900e+00  -1.0000000e+00
   1.9500000e+02   8.0777400e+00   1.3410700e+01  -1.0000000e+00
   1.9600000e+02   1.6224900e+01  -4.8322200e+00  -1.0000000e+00
   1.9700000e+02   9.5097800e+00   6.0053800e+00  -1.0000000e+00
   1.9800000e+02   9.4469300e+00   3.8963700e+00  -1.0000000e+00
   1.9900000e+02  -6.7600800e+00   1.4214600e+01  -1.0000000e+00
   2.0000000e+02  -9.3517600e+00  -1.5064600e+01   1.0000000e+00
   2.0100000e+02  -5.8612000e+00  -9.9509300e+00   1.0000000e+00
   2.0200000e+02  -4.9618900e+00  -1.1817600e+01   1.0000000e+00
   2.0300000e+02   5.2705200e+00  -1.6060500e+01  -1.0000000e+00
   2.0400000e+02  -8.6556900e+00  -7.2975400e+00   1.0000000e+00
   2.0500000e+02  -1.0994700e+01   9.5245600e+00   1.0000000e+00
   2.0600000e+02   7.2754800e+00  -3.2534600e+00  -1.0000000e+00
   2.0700000e+02   1.0508100e+01  -9.6299600e+00  -1.0000000e+00
   2.0800000e+02   1.2751200e+01  -2.5236400e+00  -1.0000000e+00
   2.0900000e+02   1.4103500e+01  -9.8223300e+00  -1.0000000e+00
   2.1000000e+02   1.4882100e+01   4.6785800e+00  -1.0000000e+00
   2.1100000e+02   1.0534600e+00  -1.5840400e+01   1.0000000e+00
   2.1200000e+02   4.2179100e+00   7.3445100e+00  -1.0000000e+00
   2.1300000e+02   1.5451300e+00  -4.4150900e+00  -1.0000000e+00
   2.1400000e+02   9.1615800e+00  -2.3006400e+00  -1.0000000e+00
   2.1500000e+02  -9.0325200e+00   3.6637800e+00   1.0000000e+00
   2.1600000e+02  -8.2657700e+00  -1.3326200e+01   1.0000000e+00
   2.1700000e+02   3.6542400e+00  -3.0728800e+00  -1.0000000e+00
   2.1800000e+02   8.3301700e-01   1.7915400e+01  -1.0000000e+00
   2.1900000e+02   7.6840900e+00   5.0641300e+00  -1.0000000e+00
   2.2000000e+02  -1.1045700e+00   1.7009100e+01  -1.0000000e+00
   2.2100000e+02   3.5063800e+00  -8.7749600e+00  -1.0000000e+00
   2.2200000e+02  -1.1784500e+00   6.5794700e+00  -1.0000000e+00
   2.2300000e+02  -8.3100000e+00   7.1848400e+00   1.0000000e+00
   2.2400000e+02   5.8599200e+00   4.1136900e+00  -1.0000000e+00
   2.2500000e+02   1.4789500e+01   2.5803000e+00  -1.0000000e+00
   2.2600000e+02  -1.5692400e+01  -4.4811200e+00   1.0000000e+00
   2.2700000e+02  -3.1404700e+00   3.6995100e+00  -1.0000000e+00
   2.2800000e+02  -4.7160600e+00   9.8923400e-02   1.0000000e+00
   2.2900000e+02  -3.2864600e+00   1.5917200e+00   1.0000000e+00
   2.3000000e+02  -5.2061100e+00  -1.5428200e+01   1.0000000e+00
   2.3100000e+02   1.4543400e+00  -8.6578300e+00  -1.0000000e+00
   2.3200000e+02   4.6369200e+00  -6.9300800e+00  -1.0000000e+00
   2.3300000e+02   1.3879500e+01  -1.1996800e+01  -1.0000000e+00
   2.3400000e+02  -4.5882600e+00  -4.7252400e+00   1.0000000e+00
   2.3500000e+02  -1.0377500e+00  -1.5710700e+01   1.0000000e+00
   2.3600000e+02  -9.8622700e+00  -8.9753300e+00   1.0000000e+00
   2.3700000e+02   4.1272800e+00   5.2420400e+00  -1.0000000e+00
   2.3800000e+02   5.9414400e+00   6.2196300e+00  -1.0000000e+00
   2.3900000e+02   4.5977400e+00   1.7712900e+01  -1.0000000e+00
   2.4000000e+02   1.5217100e+01   1.0884600e+01  -1.0000000e+00
   2.4100000e+02   1.6588600e+01   1.4672300e+00  -1.0000000e+00
   2.4200000e+02   9.4477800e+00  -1.6137100e+01  -1.0000000e+00
   2.4300000e+02   7.4391600e+00  -1.1890700e+00  -1.0000000e+00
   2.4400000e+02  -1.3157200e+01   4.4031400e+00   1.0000000e+00
   2.4500000e+02   6.0508300e+00   8.2871400e+00  -1.0000000e+00
   2.4600000e+02  -8.4489100e-01  -1.2098000e+01   1.0000000e+00
   2.4700000e+02  -1.7939200e+01   1.5945600e+00   1.0000000e+00
   2.4800000e+02   9.3270300e+00   1.8563300e+00  -1.0000000e+00
   2.4900000e+02  -9.5395300e-01   1.2780500e+01  -1.0000000e+00
   2.5000000e+02   1.6620000e+01   3.5844500e+00  -1.0000000e+00
   2.5100000e+02   4.2813900e+00  -1.4226200e+01  -1.0000000e+00
   2.5200000e+02  -6.1043400e-01  -8.5021100e+00   1.0000000e+00
   2.5300000e+02  -3.7186800e+00   5.7184100e+00  -1.0000000e+00
   2.5400000e+02  -8.9638400e+00   9.1386200e+00   1.0000000e+00
   2.5500000e+02  -8.9602000e+00  -1.0866400e+01   1.0000000e+00
   2.5600000e+02   2.1904000e+00   2.2402600e+00  -1.0000000e+00
   2.5700000e+02   8.3836100e+00  -1.4353200e+01  -1.0000000e+00
   2.5800000e+02  -8.8166300e+00   1.4689800e+01   1.0000000e+00
   2.5900000e+02  -7.1101900e+00  -5.4532200e+00   1.0000000e+00
   2.6000000e+02   1.2368000e+01  -8.6891400e+00  -1.0000000e+00
   2.6100000e+02   6.5299900e+00  -1.0683100e+01  -1.0000000e+00
   2.6200000e+02  -3.3067700e+00   9.6932000e+00  -1.0000000e+00
   2.6300000e+02   1.2888200e+01  -3.7808600e-01  -1.0000000e+00
   2.6400000e+02   3.5881900e+00  -5.1354700e+00  -1.0000000e+00
   2.6500000e+02   5.7404700e+00   1.9986700e+00  -1.0000000e+00
   2.6600000e+02  -2.5195800e+00  -4.7710400e+00   1.0000000e+00
   2.6700000e+02   1.3121700e+01   5.8412300e+00  -1.0000000e+00
   2.6800000e+02   6.8839200e-01   9.6398400e+00  -1.0000000e+00
   2.6900000e+02  -1.3615100e+01  -4.8066600e+00   1.0000000e+00
   2.7000000e+02  -1.6398300e+01  -2.4897300e+00   1.0000000e+00
   2.7100000e+02  -1.3047200e+01   9.9730700e+00   1.0000000e+00
   2.7200000e+02  -1.1579600e+01  -5.2021300e+00   1.0000000e+00
   2.7300000e+02   1.2934600e+01   1.6708000e+00  -1.0000000e+00
   2.7400000e+02   2.2775900e+00   4.3174200e+00  -1.0000000e+00
   2.7500000e+02  -6.9113700e+00   8.7214600e+00   1.0000000e+00
   2.7600000e+02  -1.1861300e+01   4.3559800e-01   1.0000000e+00
   2.7700000e+02   9.6390700e+00   8.0758100e+00  -1.0000000e+00
   2.7800000e+02   8.6752900e+00  -1.0571300e+01  -1.0000000e+00
   2.7900000e+02   9.8162700e+00  -1.2270400e+01  -1.0000000e+00
   2.8000000e+02   1.8387500e+01   2.4926100e+00  -1.0000000e+00
   2.8100000e+02   1.1834600e+01  -1.2773400e+01  -1.0000000e+00
   2.8200000e+02  -1.0463100e+01   2.0192600e+00   1.0000000e+00
   2.8300000e+02  -2.9027200e+00  -1.1983000e+01   1.0000000e+00
   2.8400000e+02  -2.2006900e+00  -1.7427900e+01   1.0000000e+00
   2.8500000e+02  -1.1103800e+01   3.9841000e+00   1.0000000e+00
   2.8600000e+02  -6.4137000e+00   1.2756500e+00   1.0000000e+00
   2.8700000e+02  -6.2046000e+00   1.2189400e+01  -1.0000000e+00
   2.8800000e+02   7.6935900e+00  -1.2384700e+01  -1.0000000e+00
   2.8900000e+02  -1.6482500e+01   8.7922300e+00   1.0000000e+00
   2.9000000e+02  -1.4507100e+01   2.8528000e+00   1.0000000e+00
   2.9100000e+02  -6.1474000e+00  -1.3556000e+01   1.0000000e+00
   2.9200000e+02   1.6991800e+01   5.6050400e+00  -1.0000000e+00
   2.9300000e+02   5.6156900e-01   5.4623700e+00  -1.0000000e+00
   2.9400000e+02  -1.2814700e+01  -6.8305100e+00   1.0000000e+00
   2.9500000e+02  -1.5337800e+01  -1.0145200e+01   1.0000000e+00
   2.9600000e+02   4.4291200e+00  -1.0618300e+01  -1.0000000e+00
   2.9700000e+02  -3.5982300e+00   1.1834100e+01  -1.0000000e+00
   2.9800000e+02   2.6051200e+00   1.2633800e+01  -1.0000000e+00
   2.9900000e+02  -1.2488500e+01   2.4140800e+00   1.0000000e+00
