   0.0000000e+00   1.0381300e+01  -1.1839400e+01  -1.0000000e+00
   1.0000000e+00   1.0557900e+01  -9.7893400e+00  -1.0000000e+00
   2.0000000e+00   2.3568000e+00   1.5448500e+01   1.0000000e+00
   3.0000000e+00  -1.8065400e+01   7.6696600e+00   1.0000000e+00
   4.0000000e+00   4.6276600e+00   2.5388100e+00   1.0000000e+00
   5.0000000e+00  -3.6360000e+00   3.1664900e+00   1.0000000e+00
   6.0000000e+00   1.3649800e+01  -1.4417900e+01  -1.0000000e+00
   7.0000000e+00   1.6234500e+01  -9.5560500e+00  -1.0000000e+00
   8.0000000e+00  -1.3727100e+01  -5.1318700e+00   1.0000000e+00
   9.0000000e+00   5.8247200e+00   4.2902700e+00   1.0000000e+00
   1.0000000e+01   3.2289800e+00  -2.7556200e+00   1.0000000e+00
   1.1000000e+01   5.6786400e+00  -5.9868200e+00  -1.0000000e+00
   1.2000000e+01  -7.4595700e-01  -1.5001500e+01   1.0000000e+00
   1.3000000e+01  -1.4472300e+01   1.2909600e+01   1.0000000e+00
   1.4000000e+01  -4.2019800e+00  -4.0073700e+00   1.0000000e+00
   1.5000000e+01   8.0769100e+00   7.7586200e+00   1.0000000e+00
   1.6000000e+01   8.8592300e-01  -6.1433000e+00   1.0000000e+00
   1.7000000e+01  -6.4001500e-01   1.7443700e+01   1.0000000e+00
   1.8000000e+01  -3.9302900e-01   4.7179500e+00   1.0000000e+00
   1.9000000e+01   7.2776500e+00  -1.6613900e+01  -1.0000000e+00
   2.0000000e+01   3.2562700e+00   1.3590400e+01   1.0000000e+00
   2.1000000e+01  -6.7322700e+00  -1.1071100e+01   1.0000000e+00
   2.2000000e+01  -9.9379100e+00  -1.2654100e+01   1.0000000e+00
   2.3000000e+01  -9.3631200e+00   1.0811300e+01   1.0000000e+00
   2.4000000e+01   1.0624300e+01   1.4816100e+01   1.0000000e+00
   2.5000000e+01   1.3364500e+01   9.2150200e+00  -1.0000000e+00
   2.6000000e+01  -9.7246200e+00  -9.0281400e+00   1.0000000e+00
   2.7000000e+01  -7.1478300e+00  -1.9977200e+00   1.0000000e+00
   2.8000000e+01   1.3674000e+01  -7.8742500e-01  -1.0000000e+00
   2.9000000e+01  -1.2039700e+01  -1.2476500e+01   1.0000000e+00
   3.0000000e+01   1.0126700e+01   7.7064700e+00  -1.0000000e+00
   3.1000000e+01   1.3930600e+01  -1.2384200e+01  -1.0000000e+00
   3.2000000e+01   1.7857600e+01   2.9207700e+00  -1.0000000e+00
   3.3000000e+01  -4.2922500e+00   8.6357600e+00   1.0000000e+00
   3.4000000e+01   7.3115300e+00  -7.2523100e+00  -1.0000000e+00
   3.5000000e+01  -6.6237300e+00   5.1714400e+00   1.0000000e+00
   3.6000000e+01   7.6097900e+00  -5.2120700e+00  -1.0000000e+00
   3.7000000e+01   8.5594200e+00   1.4969600e+01   1.0000000e+00
   3.8000000e+01  -5.5422000e+00  -9.2706800e+00   1.0000000e+00
   3.9000000e+01   1.8046600e+01   5.0735200e+00  -1.0000000e+00
   4.0000000e+01  -8.6885900e+00   5.2998700e+00   1.0000000e+00
   4.1000000e+01   1.1441800e+00  -2.5437400e+00   1.0000000e+00
   4.2000000e+01   4.4582400e+00  -1.7042500e+01  -1.0000000e+00
   4.3000000e+01   7.7309300e-01   6.4438400e+00   1.0000000e+00
   4.4000000e+01  -1.3389200e+01   1.4698600e+01   1.0000000e+00
   4.5000000e+01  -1.8697500e+00  -5.6598800e-01   1.0000000e+00
   4.6000000e+01   4.5418000e+00  -1.3573300e+01  -1.0000000e+00
   4.7000000e+01  -4.8076100e+00   1.4552600e+00   1.0000000e+00
   4.8000000e+01  -3.1646500e+00   1.0396300e+01   1.0000000e+00
   4.9000000e+01   6.9863700e+00   6.0168300e+00   1.0000000e+00
   5.0000000e+01  -1.6043600e+01   4.0197000e+00   1.0000000e+00
   5.1000000e+01  -9.5841600e+00   7.1427000e+00   1.0000000e+00
   5.2000000e+01   1.2578700e+01   4.6163900e+00  -1.0000000e+00
   5.3000000e+01   4.1912500e+00   1.1679800e+01   1.0000000e+00
   5.4000000e+01  -3.7309300e+00  -1.3009800e+01   1.0000000e+00
   5.5000000e+01  -1.1927500e+01   3.7259400e+00   1.0000000e+00
   5.6000000e+01   1.1996000e+01  -1.3165900e+01  -1.0000000e+00
   5.7000000e+01  -1.8918800e+00  -1.6754600e+01   1.0000000e+00
   5.8000000e+01  -2.2471500e+00   8.4765000e+00   1.0000000e+00
   5.9000000e+01  -1.2813700e+01   5.5914500e+00   1.0000000e+00
   6.0000000e+01  -1.1579100e+01  -5.3341000e+00   1.0000000e+00
   6.1000000e+01  -1.6417300e+01   4.3965800e-01   1.0000000e+00
   6.2000000e+01  -4.0656300e+00   1.2244500e+01   1.0000000e+00
   6.3000000e+01  -9.0348200e+00  -1.4489700e+01   1.0000000e+00
   6.4000000e+01   9.8183300e+00  -2.3595800e+00  -1.0000000e+00
   6.5000000e+01   1.5047600e+01  -4.1119800e+00  -1.0000000e+00
   6.6000000e+01   1.6807000e+00   4.5829300e+00   1.0000000e+00
   6.7000000e+01   6.0262500e+00   7.9304500e+00   1.0000000e+00
   6.8000000e+01   1.2502100e+01  -9.0318700e+00  -1.0000000e+00
   6.9000000e+01   1.2245400e+01   2.5327000e+00  -1.0000000e+00
   7.0000000e+01  -2.4591000e+00   4.8714500e+00   1.0000000e+00
   7.1000000e+01   8.9403800e+00  -8.5163100e+00  -1.0000000e+00
   7.2000000e+01   1.0403000e+01   1.1257200e+01   1.0000000e+00
   7.3000000e+01  -2.3425700e+00  -7.7134600e+00   1.0000000e+00
   7.4000000e+01   7.3850700e+00   1.3237200e+01   1.0000000e+00
   7.5000000e+01  -1.3762200e+01   7.4535300e+00   1.0000000e+00
   7.6000000e+01   3.7396500e+00  -1.1671600e+01  -1.0000000e+00
   7.7000000e+01  -4.7573400e+00   1.7745400e+01   1.0000000e+00
   7.8000000e+01  -3.3973000e+00   6.7286600e+00   1.0000000e+00
   7.9000000e+01   5.5529900e+00   1.7030300e+01   1.0000000e+00
   8.0000000e+01  -5.7301700e+00   3.3095600e+00   1.0000000e+00
   8.1000000e+01   1.7318200e+01  -1.2317100e+00  -1.0000000e+00
   8.2000000e+01   1.5770700e+00  -1.1544800e+01   1.0000000e+00
   8.3000000e+01   9.2279500e+00  -6.4853000e+00  -1.0000000e+00
   8.4000000e+01   1.3602200e+01   1.2879300e+01  -1.0000000e+00
   8.5000000e+01  -9.2300500e-01  -2.4032300e+00   1.0000000e+00
   8.6000000e+01  -8.3211500e+00  -3.7264900e+00   1.0000000e+00
   8.7000000e+01  -1.5841700e+01  -4.9665000e+00   1.0000000e+00
   8.8000000e+01  -3.1871200e-02  -4.2567400e+00   1.0000000e+00
   8.9000000e+01   9.7702500e+00  -1.6053800e+01  -1.0000000e+00
   9.0000000e+01   1.4251200e+01  -1.0334300e+01  -1.0000000e+00
   9.1000000e+01  -1.0138700e+01  -7.3107800e-03   1.0000000e+00
   9.2000000e+01   1.2297400e+01  -1.1082600e+01  -1.0000000e+00
   9.3000000e+01  -1.7342200e+01   2.3276000e+00   1.0000000e+00
   9.4000000e+01  -6.1693400e+00   1.2392800e+01   1.0000000e+00
   9.5000000e+01   9.4538100e+00   1.3113200e+01   1.0000000e+00
   9.6000000e+01   5.1168000e+00   9.7798100e+00   1.0000000e+00
   9.7000000e+01   1.6167200e+01   4.0963100e+00  -1.0000000e+00
   9.8000000e+01  -1.1447500e+01   1.0922600e+01   1.0000000e+00
   9.9000000e+01  -1.4204900e+01  -1.2322800e+01   1.0000000e+00
   1.0000000e+02  -4.5586300e+00   5.0317500e+00   1.0000000e+00
   1.0100000e+02  -8.9864100e+00   1.6881800e+00   1.0000000e+00
   1.0200000e+02  -6.4901300e+00  -7.4391600e+00   1.0000000e+00
   1.0300000e+02  -1.6736600e+00  -1.3150000e+01   1.0000000e+00
   1.0400000e+02   1.5321100e+01  -2.0626700e+00  -1.0000000e+00
   1.0500000e+02  -1.0286700e+01   1.2692300e+01   1.0000000e+00
   1.0600000e+02   8.2152100e+00  -1.0653900e+00  -1.0000000e+00
   1.0700000e+02  -1.4627400e+01  -3.2800000e+00   1.0000000e+00
   1.0800000e+02   1.1980300e+00   1.3668000e+01   1.0000000e+00
   1.0900000e+02  -3.9427000e+00  -4.2358500e-01   1.0000000e+00
   1.1000000e+02  -2.5715100e+00  -1.1294200e+01   1.0000000e+00
   1.1100000e+02   1.5415500e-01  -1.6880900e+01   1.0000000e+00
   1.1200000e+02   5.9498400e+00  -3.8879300e+00  -1.0000000e+00
   1.1300000e+02   7.1851800e+00   9.6947100e+00   1.0000000e+00
   1.1400000e+02  -1.1344700e+01  -1.7444700e+00   1.0000000e+00
   1.1500000e+02  -7.6070300e+00  -9.2099300e+00   1.0000000e+00
   1.1600000e+02  -1.0549700e+01   9.0349000e+00   1.0000000e+00
   1.1700000e+02   1.7069500e+01  -3.2772700e+00  -1.0000000e+00
   1.1800000e+02  -1.7082400e+01   5.8476200e+00   1.0000000e+00
   1.1900000e+02   3.2697700e+00  -1.8776200e+01  -1.0000000e+00
   1.2000000e+02   2.2864100e+00  -8.5102300e-01   1.0000000e+00
   1.2100000e+02  -1.2217800e+01   1.2376100e-01   1.0000000e+00
   1.2200000e+02  -1.1843800e+00  -5.9912700e+00   1.0000000e+00
   1.2300000e+02   1.4205900e+01   3.2913800e+00  -1.0000000e+00
   1.2400000e+02   6.9261200e+00  -9.3023300e+00  -1.0000000e+00
   1.2500000e+02  -1.2418300e+01   1.2781400e+01   1.0000000e+00
   1.2600000e+02   5.3317500e+00   1.3396100e+01   1.0000000e+00
   1.2700000e+02  -3.9607900e+00  -1.6706200e+01   1.0000000e+00
   1.2800000e+02  -8.0647100e+00  -1.5870100e-01   1.0000000e+00
   1.2900000e+02   8.8869900e+00   5.2139900e+00  -1.0000000e+00
   1.3000000e+02  -7.8007800e+00   3.4380900e+00   1.0000000e+00
   1.3100000e+02   1.1175100e+01  -5.6771500e+00  -1.0000000e+00
   1.3200000e+02   1.4479500e+01  -8.2152600e+00  -1.0000000e+00
   1.3300000e+02  -1.0870800e+01  -1.0741000e+01   1.0000000e+00
   1.3400000e+02  -5.0888500e+00  -2.1270300e+00   1.0000000e+00
   1.3500000e+02   5.6703400e+00  -1.5304700e+01  -1.0000000e+00
   1.3600000e+02  -1.7817800e+00   1.5697500e+01   1.0000000e+00
   1.3700000e+02  -8.1273100e+00  -1.6353400e+01   1.0000000e+00
   1.3800000e+02  -2.5510500e-01  -7.8472900e+00   1.0000000e+00
   1.3900000e+02  -1.1336700e+00  -1.8661700e+01   1.0000000e+00
   1.4000000e+02  -7.5233800e+00   7.0352000e+00   1.0000000e+00
   1.4100000e+02   4.3475800e+00  -1.0119900e+00   1.0000000e+00
   1.4200000e+02   2.5017700e+00  -1.3403000e+01  -1.0000000e+00
   1.4300000e+02   8.1741300e+00  -1.4760600e+01  -1.0000000e+00
   1.4400000e+02   1.0915600e+01   5.8098800e+00  -1.0000000e+00
   1.4500000e+02  -1.3118100e+01   1.9718300e+00   1.0000000e+00
   1.4600000e+02   6.5774400e+00  -1.1382900e+01  -1.0000000e+00
   1.4700000e+02  -9.1421100e+00   1.4407700e+01   1.0000000e+00
   1.4800000e+02  -5.4534500e+00   6.9252400e+00   1.0000000e+00
   1.4900000e+02   1.0874200e+01  -7.7559500e+00  -1.0000000e+00
   1.5000000e+02   3.5138100e+00   1.7145400e+01   1.0000000e+00
   1.5100000e+02  -1.2980500e+01  -1.0594900e+01   1.0000000e+00
   1.5200000e+02  -8.4989300e-01   1.3862500e+01   1.0000000e+00
   1.5300000e+02  -7.1001900e+00   1.4259200e+01   1.0000000e+00
   1.5400000e+02  -1.3897300e+01  -8.7439000e+00   1.0000000e+00
   1.5500000e+02  -1.2532100e+01  -3.4597100e+00   1.0000000e+00
   1.5600000e+02   6.1179800e+00  -1.8322900e+01  -1.0000000e+00
   1.5700000e+02  -4.6828500e+00  -1.1192900e+01   1.0000000e+00
   1.5800000e+02   6.5002600e+00   1.5104400e+01   1.0000000e+00
   1.5900000e+02  -3.2562700e+00  -5.8291700e+00   1.0000000e+00
   1.6000000e+02   2.5805600e+00   2.6981600e+00   1.0000000e+00
   1.6100000e+02  -2.8164500e+00  -1.4902700e+01   1.0000000e+00
   1.6200000e+02   1.1729800e+01  -1.5253300e+01  -1.0000000e+00
   1.6300000e+02   6.9464300e-01  -9.6820000e+00   1.0000000e+00
   1.6400000e+02   1.4585300e+00   1.7340000e+01   1.0000000e+00
   1.6500000e+02  -1.6824600e+01   9.3587700e+00   1.0000000e+00
   1.6600000e+02   3.0636300e+00   9.9361200e+00   1.0000000e+00
   1.6700000e+02  -1.6174700e+01  -8.4739900e+00   1.0000000e+00
   1.6800000e+02   3.4883900e+00  -6.6957800e+00   1.0000000e+00
   1.6900000e+02   7.6235600e+00   1.6852700e+01   1.0000000e+00
   1.7000000e+02   4.9149800e+00   6.1918000e+00   1.0000000e+00
   1.7100000e+02   3.7591800e+00   4.4318000e+00   1.0000000e+00
   1.7200000e+02   1.3267600e+00  -1.5110100e+01   1.0000000e+00
   1.7300000e+02   1.7477900e+01   8.0852600e+00  -1.0000000e+00
   1.7400000e+02  -4.4007800e+00  -7.5613300e+00   1.0000000e+00
   1.7500000e+02   9.7781100e-01   1.0051500e+01   1.0000000e+00
   1.7600000e+02   5.2061400e-01   2.8575100e+00   1.0000000e+00
   1.7700000e+02   1.1751000e+01  -1.5420200e+00  -1.0000000e+00
   1.7800000e+02  -1.5130000e+01  -1.0491600e+01   1.0000000e+00
   1.7900000e+02  -2.9156800e+00   1.3964600e+01   1.0000000e+00
   1.8000000e+02   3.9635600e+00   8.0759500e+00   1.0000000e+00
   1.8100000e+02  -1.1108200e+01  -1.4344000e+01   1.0000000e+00
   1.8200000e+02   2.4202400e-01  -6.9672000e-01   1.0000000e+00
   1.8300000e+02  -9.8652800e+00   3.5595700e+00   1.0000000e+00
   1.8400000e+02  -1.5223100e+01   2.1400400e+00   1.0000000e+00
   1.8500000e+02   4.4203800e+00   1.5291200e+01   1.0000000e+00
   1.8600000e+02  -5.9859300e+00  -2.8242800e-01   1.0000000e+00
   1.8700000e+02  -1.3984300e+01   3.8375300e+00   1.0000000e+00
   1.8800000e+02  -9.5086800e+00  -5.4090400e+00   1.0000000e+00
   1.8900000e+02   8.4760200e+00  -1.2626300e+01  -1.0000000e+00
   1.9000000e+02  -3.8562600e+00   1.5850500e+01   1.0000000e+00
   1.9100000e+02  -1.4699800e+01   9.3097100e+00   1.0000000e+00
   1.9200000e+02   1.2807600e+01  -6.9358800e+00  -1.0000000e+00
   1.9300000e+02   8.3221300e+00   1.1400100e+01   1.0000000e+00
   1.9400000e+02  -5.7962300e+00  -1.2949700e+01   1.0000000e+00
   1.9500000e+02   1.3391000e+01  -2.8455500e+00  -1.0000000e+00
   1.9600000e+02  -1.3744200e-01   8.3218900e+00   1.0000000e+00
   1.9700000e+02  -1.2631500e+01   9.1844600e+00   1.0000000e+00
   1.9800000e+02  -1.5748200e+01   1.1133200e+01   1.0000000e+00
   1.9900000e+02   1.4538900e+01   1.0931700e+01  -1.0000000e+00
   2.0000000e+02   9.2364700e+00   9.5691100e+00   1.0000000e+00
   2.0100000e+02   1.2043500e+01   4.9509700e-01  -1.0000000e+00
   2.0200000e+02  -2.0055000e+00   1.2107200e+01   1.0000000e+00
   2.0300000e+02   1.0124800e+01  -2.8096200e-01  -1.0000000e+00
   2.0400000e+02  -4.8849400e+00  -1.4797000e+01   1.0000000e+00
   2.0500000e+02   6.1569700e+00   2.5988100e-01   1.0000000e+00
   2.0600000e+02  -1.4867800e+01  -6.8933100e+00   1.0000000e+00
   2.0700000e+02  -5.0243600e+00   1.4105700e+01   1.0000000e+00
   2.0800000e+02  -1.3425000e+01  -1.5890200e+00   1.0000000e+00
   2.0900000e+02  -6.0729300e+00  -1.6516000e+01   1.0000000e+00
   2.1000000e+02  -7.9865500e+00   1.6129800e+01   1.0000000e+00
   2.1100000e+02   1.4365000e+01   7.3945100e+00  -1.0000000e+00
   2.1200000e+02   2.7857100e+00  -9.8364300e+00   1.0000000e+00
   2.1300000e+02   1.4054700e+00   1.0036800e+00   1.0000000e+00
   2.1400000e+02  -7.8762500e+00  -1.2776300e+01   1.0000000e+00
   2.1500000e+02  -7.4142700e+00  -5.5703600e+00   1.0000000e+00
   2.1600000e+02   1.0103000e+01  -1.3958200e+01  -1.0000000e+00
   2.1700000e+02   1.6504400e+01  -7.4812400e+00  -1.0000000e+00
   2.1800000e+02  -8.5501500e+00  -7.3209700e+00   1.0000000e+00
   2.1900000e+02  -1.4301300e+01   2.6468000e-01   1.0000000e+00
   2.2000000e+02   9.8415700e+00   1.6740300e+01   1.0000000e+00
   2.2100000e+02   1.5554200e+01   9.0958400e+00  -1.0000000e+00
   2.2200000e+02   1.1467700e+01  -3.6310100e+00  -1.0000000e+00
   2.2300000e+02   1.6338500e+01   6.3132100e+00  -1.0000000e+00
   2.2400000e+02   1.1533900e+01   1.2967300e+01   1.0000000e+00
   2.2500000e+02   1.1310000e+01   9.4077700e+00  -1.0000000e+00
   2.2600000e+02   6.2474000e+00   1.1517300e+01   1.0000000e+00
   2.2700000e+02   1.5600200e+01  -1.3627300e-02  -1.0000000e+00
   2.2800000e+02   1.5872800e+01   2.0563700e+00  -1.0000000e+00
   2.2900000e+02  -4.8372100e-01  -1.1426700e+01   1.0000000e+00
   2.3000000e+02   8.3322600e+00   9.8263700e-01  -1.0000000e+00
   2.3100000e+02   1.3122400e+01  -4.8859400e+00  -1.0000000e+00
   2.3200000e+02  -2.0828900e+00  -4.1433400e+00   1.0000000e+00
   2.3300000e+02  -1.5621500e+01  -1.4622600e+00   1.0000000e+00
   2.3400000e+02  -6.9644900e+00  -1.4641300e+01   1.0000000e+00
   2.3500000e+02   2.2477400e+00  -1.7003300e+01  -1.0000000e+00
   2.3600000e+02  -5.2469900e+00   1.0515400e+01   1.0000000e+00
   2.3700000e+02  -1.0445800e+01  -3.5831600e+00   1.0000000e+00
   2.3800000e+02   1.0321200e+01   1.7602400e+00  -1.0000000e+00
   2.3900000e+02  -1.5848100e+01   7.5327700e+00   1.0000000e+00
   2.4000000e+02   7.8903700e+00  -3.1645400e+00  -1.0000000e+00
   2.4100000e+02   1.8836400e+00  -7.9851800e+00   1.0000000e+00
   2.4200000e+02   6.6795000e+00   2.2739500e+00   1.0000000e+00
   2.4300000e+02  -1.5730800e+00   3.0044500e+00   1.0000000e+00
   2.4400000e+02   2.8473300e+00   6.3074700e+00   1.0000000e+00
   2.4500000e+02  -6.9236000e+00   1.5537800e+00   1.0000000e+00
   2.4600000e+02   1.4525000e+01   5.3432400e+00  -1.0000000e+00
   2.4700000e+02  -2.7577500e+00   1.2744800e+00   1.0000000e+00
   2.4800000e+02  -1.4865700e+01   5.7092900e+00   1.0000000e+00
   2.4900000e+02   8.5742300e+00   3.0909800e+00  -1.0000000e+00
   2.5000000e+02   1.4760400e+01  -6.1616600e+00  -1.0000000e+00
   2.5100000e+02  -8.4622700e+00   8.8908000e+00   1.0000000e+00
   2.5200000e+02  -6.2518600e+00  -3.8528300e+00   1.0000000e+00
   2.5300000e+02  -2.6849100e+00   1.7550600e+01   1.0000000e+00
   2.5400000e+02  -1.0817100e+00   1.0185600e+01   1.0000000e+00
   2.5500000e+02  -1.3178400e+01  -1.4234700e+01   1.0000000e+00
   2.5600000e+02  -1.0757500e+01   5.4279200e+00   1.0000000e+00
   2.5700000e+02   4.0693400e+00  -4.6960000e+00   1.0000000e+00
   2.5800000e+02  -1.3532900e+01   1.1061800e+01   1.0000000e+00
   2.5900000e+02   1.2283500e+01   7.4560600e+00  -1.0000000e+00
   2.6000000e+02  -1.1840800e+01  -8.8878600e+00   1.0000000e+00
   2.6100000e+02   1.7562800e+01   8.5096800e-01  -1.0000000e+00
   2.6200000e+02  -1.3415700e+00   6.6325200e+00   1.0000000e+00
   2.6300000e+02  -5.3534200e+00  -5.7122000e+00   1.0000000e+00
   2.6400000e+02  -1.0173400e+01  -1.6243000e+01   1.0000000e+00
   2.6500000e+02   9.5464900e+00  -4.4267000e+00  -1.0000000e+00
   2.6600000e+02   4.9887800e+00  -1.0036400e+01  -1.0000000e+00
   2.6700000e+02  -8.7860100e+00  -1.0906400e+01   1.0000000e+00
   2.6800000e+02  -1.1689200e+01   7.3097300e+00   1.0000000e+00
   2.6900000e+02   6.2982200e+00  -1.8622200e+00  -1.0000000e+00
   2.7000000e+02  -1.1202800e+01   1.4575700e+01   1.0000000e+00
   2.7100000e+02  -1.0624300e+01  -7.1671300e+00   1.0000000e+00
   2.7200000e+02  -6.6264600e-01   1.1414100e+00   1.0000000e+00
   2.7300000e+02   2.0375500e+00  -4.4175300e+00   1.0000000e+00
   2.7400000e+02   8.6294200e+00  -1.0551600e+01  -1.0000000e+00
   2.7500000e+02   1.1225800e+00  -1.8795500e+01  -1.0000000e+00
   2.7600000e+02   1.9112500e+00   8.1554200e+00   1.0000000e+00
   2.7700000e+02  -9.2500400e+00  -1.8666000e+00   1.0000000e+00
   2.7800000e+02   3.3929500e+00  -1.5277300e+01  -1.0000000e+00
   2.7900000e+02  -3.0048800e+00  -2.3054900e+00   1.0000000e+00
   2.8000000e+02   1.6720000e+01  -5.3638900e+00  -1.0000000e+00
   2.8100000e+02   3.4541100e+00   8.4844900e-01   1.0000000e+00
   2.8200000e+02  -3.4843200e+00  -9.4341900e+00   1.0000000e+00
   2.8300000e+02  -1.1044300e+01   1.8592400e+00   1.0000000e+00
   2.8400000e+02   2.1181800e+00   1.1776200e+01   1.0000000e+00
   2.8500000e+02   4.1581400e-01  -1.3266300e+01   1.0000000e+00
   2.8600000e+02  -6.3904600e+00   8.7654300e+00   1.0000000e+00
   2.8700000e+02  -5.9252100e+00   1.6043300e+01   1.0000000e+00
   2.8800000e+02  -1.6868400e+01  -3.1550200e+00   1.0000000e+00
   2.8900000e+02   6.5916400e+00  -1.3467200e+01  -1.0000000e+00
   2.9000000e+02   5.2483600e+00  -7.9987100e+00  -1.0000000e+00
   2.9100000e+02   6.7118800e-02   1.1931300e+01   1.0000000e+00
   2.9200000e+02  -8.2144300e+00   1.2508700e+01   1.0000000e+00
   2.9300000e+02  -7.3152400e+00   1.0620300e+01   1.0000000e+00
   2.9400000e+02   1.3973400e+01   1.2524200e+00  -1.0000000e+00
   2.9500000e+02  -1.2771500e+01  -7.0115900e+00   1.0000000e+00
   2.9600000e+02  -1.4318000e+00  -9.5663000e+00   1.0000000e+00
   2.9700000e+02   1.2488400e+01   1.1125300e+01  -1.0000000e+00
   2.9800000e+02   2.6887100e-01   1.5607800e+01   1.0000000e+00
   2.9900000e+02   1.0613000e+01   3.7896400e+00  -1.0000000e+00
