   0.0000000e+00  -1.3789100e+00  -1.7935200e+01  -1.0000000e+00
   1.0000000e+00  -7.0518500e-01   1.1206400e+01   1.0000000e+00
   2.0000000e+00   1.1847800e+00  -5.6540200e+00  -1.0000000e+00
   3.0000000e+00  -1.1415200e+01   3.9549600e+00   1.0000000e+00
   4.0000000e+00   6.7937100e+00   1.1696900e+01   1.0000000e+00
   5.0000000e+00   3.8983400e+00   1.9486200e+01   1.0000000e+00
   6.0000000e+00  -6.2712400e+00  -4.4121300e+00   1.0000000e+00
   7.0000000e+00   1.5029200e+00  -1.3160000e+01  -1.0000000e+00
   8.0000000e+00  -9.8704600e+00  -5.3997700e+00   1.0000000e+00
   9.0000000e+00  -1.0025000e+01   4.4766200e-02   1.0000000e+00
   1.0000000e+01  -6.9940800e+00  -1.7399800e+01  -1.0000000e+00
   1.1000000e+01   1.2890100e+01  -1.2380900e+00  -1.0000000e+00
   1.2000000e+01   1.9579400e+00   1.4351500e+01   1.0000000e+00
   1.3000000e+01  -1.3474400e+01  -1.4252900e+01  -1.0000000e+00
   1.4000000e+01  -4.0888000e+00   9.9873800e+00   1.0000000e+00
   1.5000000e+01  -1.2059000e+01   4.1158700e-01   1.0000000e+00
   1.6000000e+01  -4.5786500e-01  -1.3774300e+01  -1.0000000e+00
   1.7000000e+01  -7.3623000e+00   3.2521100e+00   1.0000000e+00
   1.8000000e+01  -6.1225500e+00   1.0357700e+01   1.0000000e+00
   1.9000000e+01  -3.1657100e+00  -2.9089300e+00   1.0000000e+00
   2.0000000e+01   9.4512700e-01  -3.6096500e+00   1.0000000e+00
   2.1000000e+01   5.4427200e+00   1.0092400e+01   1.0000000e+00
   2.2000000e+01   1.0352500e+01   1.9134700e+00   1.0000000e+00
   2.3000000e+01  -3.9846700e+00  -1.2983200e+01  -1.0000000e+00
   2.4000000e+01   7.7757400e+00  -9.0525900e+00  -1.0000000e+00
   2.5000000e+01  -2.7378200e+00   1.1540400e+01   1.0000000e+00
   2.6000000e+01   8.7772500e+00   1.6833800e+01   1.0000000e+00
   2.7000000e+01  -1.6765000e+01  -2.4226400e+00   1.0000000e+00
   2.8000000e+01   1.5039900e+01   1.0236800e+01   1.0000000e+00
   2.9000000e+01   1.1092600e+01  -8.0650300e-03   1.0000000e+00
   3.0000000e+01  -1.5416900e+01  -7.9466100e-01   1.0000000e+00
   3.1000000e+01   1.4468200e+01   6.7347900e+00   1.0000000e+00
   3.2000000e+01  -1.3996500e+01  -4.7362900e+00   1.0000000e+00
   3.3000000e+01   2.9949600e+00  -4.3120100e+00  -1.0000000e+00
   3.4000000e+01  -1.4557200e+01  -8.3166000e+00   1.0000000e+00
   3.5000000e+01   9.5622600e+00   9.3903000e+00   1.0000000e+00
   3.6000000e+01   6.9818300e+00   6.9211800e-01   1.0000000e+00
   3.7000000e+01   1.0141900e+01  -6.2511200e+00  -1.0000000e+00
   3.8000000e+01  -1.4155000e+00   2.3741900e+00   1.0000000e+00
   3.9000000e+01  -8.5352000e+00  -3.8440600e+00   1.0000000e+00
   4.0000000e+01   9.3974700e+00  -1.0331000e+01  -1.0000000e+00
   4.1000000e+01   1.2616500e+01  -1.3074200e+01  -1.0000000e+00
   4.2000000e+01   7.6257100e+00  -1.2668700e+00   1.0000000e+00
   4.3000000e+01  -1.2696400e+01  -3.1344900e+00   1.0000000e+00
   4.4000000e+01  -1.4811700e+01   2.7330600e+00   1.0000000e+00
   4.5000000e+01  -6.5225000e-01   5.7051700e+00   1.0000000e+00
   4.6000000e+01  -4.8150300e+00   1.1953200e+01   1.0000000e+00
   4.7000000e+01  -2.9405500e+00  -1.6399800e+01  -1.0000000e+00
   4.8000000e+01   7.0508600e+00  -1.3111100e+01  -1.0000000e+00
   4.9000000e+01   4.0333400e+00   1.3965300e+01   1.0000000e+00
   5.0000000e+01   7.3989700e+00   1.5250300e+01   1.0000000e+00
   5.1000000e+01  -6.0173700e+00   4.8277200e+00   1.0000000e+00
   5.2000000e+01  -1.4330500e+00   1.3128000e+01   1.0000000e+00
   5.3000000e+01  -9.2254700e+00  -1.4858200e+01  -1.0000000e+00
   5.4000000e+01   3.0816700e+00  -1.4477700e+01  -1.0000000e+00
   5.5000000e+01   4.2824900e+00  -2.4119500e+00   1.0000000e+00
   5.6000000e+01   1.5975700e+01   8.2841600e+00   1.0000000e+00
   5.7000000e+01   7.6343200e+00   4.2293900e+00   1.0000000e+00
   5.8000000e+01  -1.2173200e+01   5.9083100e+00   1.0000000e+00
   5.9000000e+01   6.8663300e+00  -3.3193600e+00  -1.0000000e+00
   6.0000000e+01   4.1122500e+00   8.5100700e+00   1.0000000e+00
   6.1000000e+01   6.8947900e+00   6.2451500e+00   1.0000000e+00
   6.2000000e+01   1.0994300e+01  -2.0667900e+00  -1.0000000e+00
   6.3000000e+01  -1.1096300e-01   1.4716200e+01   1.0000000e+00
   6.4000000e+01   6.2811000e+00   2.6893900e+00   1.0000000e+00
   6.5000000e+01  -2.4287600e+00  -4.8586900e+00   1.0000000e+00
   6.6000000e+01   1.7806400e+01   2.2800500e+00  -1.0000000e+00
   6.7000000e+01   6.6408500e+00  -5.6456200e+00  -1.0000000e+00
   6.8000000e+01  -3.2607700e+00  -8.8947100e+00  -1.0000000e+00
   6.9000000e+01  -1.2499000e+01  -8.6279200e+00   1.0000000e+00
   7.0000000e+01  -1.8314100e+00  -1.3552000e+00   1.0000000e+00
   7.1000000e+01   1.4460100e+01  -2.8211900e+00  -1.0000000e+00
   7.2000000e+01  -4.9918700e+00  -1.6990500e+01  -1.0000000e+00
   7.3000000e+01   4.9487200e+00   1.1124500e+00   1.0000000e+00
   7.4000000e+01   6.0379900e-01   1.2784100e+01   1.0000000e+00
   7.5000000e+01   4.8515700e+00   6.5873800e+00   1.0000000e+00
   7.6000000e+01  -5.9430600e+00  -9.5322300e+00  -1.0000000e+00
   7.7000000e+01  -1.0211500e+01   1.1057300e+01   1.0000000e+00
   7.8000000e+01  -1.2847200e+01   7.8539800e+00   1.0000000e+00
   7.9000000e+01  -1.1528200e+01   9.4286600e+00   1.0000000e+00
   8.0000000e+01  -5.3918100e+00   8.3672100e+00   1.0000000e+00
   8.1000000e+01  -3.5913100e+00  -1.0928600e+01  -1.0000000e+00
   8.2000000e+01  -3.3635900e+00   8.0012700e+00   1.0000000e+00
   8.3000000e+01  -7.9753100e+00  -1.3220100e+01  -1.0000000e+00
   8.4000000e+01  -1.0102200e+01   5.5488900e+00   1.0000000e+00
   8.5000000e+01   2.8776200e+00   1.5046500e+00   1.0000000e+00
   8.6000000e+01   2.5613300e+00   1.7926000e+01   1.0000000e+00
   8.7000000e+01  -6.8736200e+00  -7.6246000e+00   1.0000000e+00
   8.8000000e+01  -3.8956600e+00  -9.5142800e-01   1.0000000e+00
   8.9000000e+01   7.5036900e+00   9.7635900e+00   1.0000000e+00
   9.0000000e+01  -1.0695400e+01   2.0164800e+00   1.0000000e+00
   9.1000000e+01   2.1368900e+00   3.4226900e+00   1.0000000e+00
   9.2000000e+01   1.4621200e+01  -1.2403000e+01  -1.0000000e+00
   9.3000000e+01   1.0264100e+01   7.4659000e+00   1.0000000e+00
   9.4000000e+01   1.6439800e+01   7.0318100e-01  -1.0000000e+00
   9.5000000e+01   8.5617600e+00  -4.9037500e+00  -1.0000000e+00
   9.6000000e+01   1.2394100e+01   1.5933000e+00   1.0000000e+00
   9.7000000e+01  -5.5497600e+00  -1.1575000e+01  -1.0000000e+00
   9.8000000e+01   1.5112500e+01   4.7333300e+00   1.0000000e+00
   9.9000000e+01  -1.6895500e+01   3.0605100e+00   1.0000000e+00
   1.0000000e+02   1.2940200e+01   1.0617700e+01   1.0000000e+00
   1.0100000e+02   3.4847800e+00  -1.2455800e+01  -1.0000000e+00
   1.0200000e+02   1.8006100e+01  -7.6752800e-01  -1.0000000e+00
   1.0300000e+02  -8.8724600e+00   1.2650100e+01   1.0000000e+00
   1.0400000e+02   2.2536900e+00  -2.0318800e+00   1.0000000e+00
   1.0500000e+02  -1.3305400e+00   7.6565700e+00   1.0000000e+00
   1.0600000e+02  -7.5819600e+00  -1.1171900e+01  -1.0000000e+00
   1.0700000e+02  -1.6078100e+01  -4.3805400e+00   1.0000000e+00
   1.0800000e+02   1.2135300e+01  -5.5222500e+00  -1.0000000e+00
   1.0900000e+02   4.7158400e+00   1.7600300e+01   1.0000000e+00
   1.1000000e+02  -8.0597800e+00   5.1895500e+00   1.0000000e+00
   1.1100000e+02   9.6591200e+00   3.8728900e+00   1.0000000e+00
   1.1200000e+02   1.3741800e+01   3.1983900e+00   1.0000000e+00
   1.1300000e+02  -2.0308300e+00  -1.2364300e+01  -1.0000000e+00
   1.1400000e+02  -9.2657000e+00  -1.9159700e+00   1.0000000e+00
   1.1500000e+02   1.0542700e+01  -4.2179300e+00  -1.0000000e+00
   1.1600000e+02   1.3058800e+01   5.1220800e+00   1.0000000e+00
   1.1700000e+02   1.3633500e+01   1.4119400e+01   1.0000000e+00
   1.1800000e+02  -1.0453000e+01  -8.9033500e+00   1.0000000e+00
   1.1900000e+02   1.3446500e+00   1.0808300e+01   1.0000000e+00
   1.2000000e+02  -1.6273200e+01   6.5806400e+00   1.0000000e+00
   1.2100000e+02  -1.1652400e+01  -1.0589100e+01   1.0000000e+00
   1.2200000e+02   5.9086600e-01  -1.7244200e+01  -1.0000000e+00
   1.2300000e+02  -8.7782900e+00   7.1450300e+00   1.0000000e+00
   1.2400000e+02   1.8057200e+01  -3.5216700e+00  -1.0000000e+00
   1.2500000e+02   1.0198300e+00  -1.5221700e+01  -1.0000000e+00
   1.2600000e+02   1.7624300e+01  -5.5639100e+00  -1.0000000e+00
   1.2700000e+02   2.0330700e-01  -1.6815700e+00   1.0000000e+00
   1.2800000e+02  -8.2032100e+00  -9.2064000e+00   1.0000000e+00
   1.2900000e+02  -1.0084500e+01  -1.2818200e+01  -1.0000000e+00
   1.3000000e+02   1.4946700e+01  -1.0342200e+01  -1.0000000e+00
   1.3100000e+02   8.1835300e+00  -1.6567500e+01  -1.0000000e+00
   1.3200000e+02   1.7154900e+01   4.3126600e+00   1.0000000e+00
   1.3300000e+02  -3.4002000e+00  -1.8425300e+01  -1.0000000e+00
   1.3400000e+02  -9.6104800e+00   1.4692800e+01   1.0000000e+00
   1.3500000e+02  -2.7901900e+00  -6.8801400e+00   1.0000000e+00
   1.3600000e+02  -1.5785500e+01  -9.9713500e+00   1.0000000e+00
   1.3700000e+02   3.4933800e+00   4.9659300e+00   1.0000000e+00
   1.3800000e+02  -8.2475800e-01  -6.1979300e+00  -1.0000000e+00
   1.3900000e+02  -1.1205700e+01  -6.9809800e+00   1.0000000e+00
   1.4000000e+02   1.0963100e+01  -1.1698200e+01  -1.0000000e+00
   1.4100000e+02   1.1592400e+01   9.0366400e+00   1.0000000e+00
   1.4200000e+02  -1.2147700e+01  -1.2664500e+01  -1.0000000e+00
   1.4300000e+02   2.7001600e+00   1.2391700e+01   1.0000000e+00
   1.4400000e+02   5.0589900e+00  -4.3272100e+00  -1.0000000e+00
   1.4500000e+02  -1.1971300e+01  -5.0788700e+00   1.0000000e+00
   1.4600000e+02   1.4072500e+01  -4.8664600e+00  -1.0000000e+00
   1.4700000e+02  -2.4183000e+00  -1.4408800e+01  -1.0000000e+00
   1.4800000e+02  -4.1822700e+00   1.5502100e+01   1.0000000e+00
   1.4900000e+02  -5.9503000e+00  -1.3599800e+01  -1.0000000e+00
   1.5000000e+02   1.0949900e+01   5.4819200e+00   1.0000000e+00
   1.5100000e+02   2.8123800e+00   6.9100200e+00   1.0000000e+00
   1.5200000e+02  -1.5001700e+00   1.8680900e+01   1.0000000e+00
   1.5300000e+02  -1.7395200e+01  -5.9562400e+00   1.0000000e+00
   1.5400000e+02   2.0595400e+00   8.8695700e+00   1.0000000e+00
   1.5500000e+02   7.4152200e+00  -1.1083000e+01  -1.0000000e+00
   1.5600000e+02   3.5873600e+00  -4.3000900e-01   1.0000000e+00
   1.5700000e+02   1.1696500e+01   3.5615400e+00   1.0000000e+00
   1.5800000e+02   5.3472300e+00   1.5602600e+01   1.0000000e+00
   1.5900000e+02   2.6665900e+00  -1.6500400e+01  -1.0000000e+00
   1.6000000e+02   1.7292700e+01  -7.6539200e+00  -1.0000000e+00
   1.6100000e+02  -1.6625100e+01  -8.0919400e+00   1.0000000e+00
   1.6200000e+02  -1.5610400e+01   1.0100700e+01   1.0000000e+00
   1.6300000e+02   8.8680000e+00   1.1360000e+01   1.0000000e+00
   1.6400000e+02   1.4954100e+01  -7.6786600e-01  -1.0000000e+00
   1.6500000e+02  -1.5345200e+01  -6.3281100e+00   1.0000000e+00
   1.6600000e+02  -5.4201800e-01   2.9805400e-01   1.0000000e+00
   1.6700000e+02   6.1893100e+00   8.1841600e+00   1.0000000e+00
   1.6800000e+02   1.3673700e+01  -6.9127900e+00  -1.0000000e+00
   1.6900000e+02  -2.9510300e+00   3.7569900e+00   1.0000000e+00
   1.7000000e+02  -9.3942600e+00   3.6178600e+00   1.0000000e+00
   1.7100000e+02  -1.0815100e+01   7.4925200e+00   1.0000000e+00
   1.7200000e+02  -4.4244800e+00  -5.3969100e+00   1.0000000e+00
   1.7300000e+02   1.5257800e+00  -7.3868500e-02   1.0000000e+00
   1.7400000e+02  -4.6811300e+00   6.4357600e+00   1.0000000e+00
   1.7500000e+02   1.6031600e+01  -4.2106900e+00  -1.0000000e+00
   1.7600000e+02   1.5810900e+01   2.7700800e+00   1.0000000e+00
   1.7700000e+02   1.4418600e+01   1.2331900e+00  -1.0000000e+00
   1.7800000e+02   8.9996900e+00   2.5203600e-01   1.0000000e+00
   1.7900000e+02  -5.5418000e+00   1.3891400e+01   1.0000000e+00
   1.8000000e+02   4.2066300e+00  -1.8072200e+01  -1.0000000e+00
   1.8100000e+02  -1.4339500e+01   1.1770600e+01   1.0000000e+00
   1.8200000e+02   1.1585700e+01   1.4571900e+01   1.0000000e+00
   1.8300000e+02   8.6318800e+00  -1.4437200e+01  -1.0000000e+00
   1.8400000e+02  -1.1339300e+01  -1.4592600e+01  -1.0000000e+00
   1.8500000e+02   1.2957800e+01  -1.1026100e+01  -1.0000000e+00
   1.8600000e+02  -4.8154800e+00  -7.4881200e+00   1.0000000e+00
   1.8700000e+02   5.5778300e+00   4.6536700e+00   1.0000000e+00
   1.8800000e+02  -1.0903200e+01   1.3034400e+01   1.0000000e+00
   1.8900000e+02   9.6586200e-02   3.7762500e+00   1.0000000e+00
   1.9000000e+02   8.2206100e+00   7.8090800e+00   1.0000000e+00
   1.9100000e+02   3.4158700e+00   1.0457600e+01   1.0000000e+00
   1.9200000e+02   1.9002900e+00  -1.1103600e+01  -1.0000000e+00
   1.9300000e+02  -5.9275500e+00  -6.1661100e-01   1.0000000e+00
   1.9400000e+02   1.3668500e+01   8.6445100e+00   1.0000000e+00
   1.9500000e+02  -1.4099800e+01   7.9757900e-01   1.0000000e+00
   1.9600000e+02   4.6404900e+00  -6.3434600e+00  -1.0000000e+00
   1.9700000e+02  -7.1747400e+00  -1.5254600e+01  -1.0000000e+00
   1.9800000e+02   1.0899200e+01   1.1004700e+01   1.0000000e+00
   1.9900000e+02   9.7876800e+00  -8.3183600e+00  -1.0000000e+00
   2.0000000e+02   6.1685500e+00  -1.7337800e+01  -1.0000000e+00
   2.0100000e+02   1.2512000e+01  -3.4828700e+00  -1.0000000e+00
   2.0200000e+02  -1.3462100e+01   4.2831500e+00   1.0000000e+00
   2.0300000e+02   4.7546700e+00   1.2034700e+01   1.0000000e+00
   2.0400000e+02   1.2126100e+01  -1.5132600e+01  -1.0000000e+00
   2.0500000e+02  -1.6391300e-02   9.2268700e+00   1.0000000e+00
   2.0600000e+02   1.1367500e+01  -9.6267000e+00  -1.0000000e+00
   2.0700000e+02   1.2335700e+01   7.0370900e+00   1.0000000e+00
   2.0800000e+02   8.9131200e+00   5.8430600e+00   1.0000000e+00
   2.0900000e+02  -9.4977000e-01  -1.5857600e+01  -1.0000000e+00
   2.1000000e+02   5.3218800e-01   1.8413500e+01   1.0000000e+00
   2.1100000e+02   8.1342000e+00   1.3320500e+01   1.0000000e+00
   2.1200000e+02  -1.6992900e+01   8.5098000e+00   1.0000000e+00
   2.1300000e+02  -1.2906100e+01   1.3481600e+01   1.0000000e+00
   2.1400000e+02  -9.1253500e+00  -7.3473000e+00   1.0000000e+00
   2.1500000e+02  -1.3721500e+01  -1.0285500e+01   1.0000000e+00
   2.1600000e+02   3.2916300e+00   1.5937500e+01   1.0000000e+00
   2.1700000e+02   3.4642400e-01  -9.7487000e+00  -1.0000000e+00
   2.1800000e+02   1.0192100e+01   1.2948800e+01   1.0000000e+00
   2.1900000e+02   1.2486300e+00   1.6326300e+01   1.0000000e+00
   2.2000000e+02  -1.4219500e+01   6.2410100e+00   1.0000000e+00
   2.2100000e+02  -1.2735200e+01   2.3591300e+00   1.0000000e+00
   2.2200000e+02   8.0186200e-01   1.8493400e+00   1.0000000e+00
   2.2300000e+02   1.6573900e+01   6.3005600e+00   1.0000000e+00
   2.2400000e+02  -1.5555300e+01   4.6493000e+00   1.0000000e+00
   2.2500000e+02  -1.7650000e+01   1.0496500e+01   1.0000000e+00
   2.2600000e+02   8.2071000e+00  -6.9839800e+00  -1.0000000e+00
   2.2700000e+02  -1.6147000e+01   1.1282100e+00   1.0000000e+00
   2.2800000e+02  -7.8098300e+00  -5.7733500e+00   1.0000000e+00
   2.2900000e+02  -1.0617800e+01  -3.4821200e+00   1.0000000e+00
   2.3000000e+02  -2.5720700e+00   6.2579800e-01   1.0000000e+00
   2.3100000e+02  -1.2245400e+01   1.1416500e+01   1.0000000e+00
   2.3200000e+02  -6.2274200e+00   1.5909900e+01   1.0000000e+00
   2.3300000e+02   2.7051500e+00  -7.0360700e+00  -1.0000000e+00
   2.3400000e+02  -8.1578700e+00   1.0697500e+01   1.0000000e+00
   2.3500000e+02  -8.2783800e+00   1.6254300e+01   1.0000000e+00
   2.3600000e+02  -4.5925200e+00   9.9073900e-01   1.0000000e+00
   2.3700000e+02  -4.4325800e+00  -1.4996500e+01  -1.0000000e+00
   2.3800000e+02   5.6082700e+00  -8.4579700e-01   1.0000000e+00
   2.3900000e+02   1.0591800e+01  -1.3715700e+01  -1.0000000e+00
   2.4000000e+02   1.3315600e+01  -8.9464000e+00  -1.0000000e+00
   2.4100000e+02   2.2944800e+00  -9.0640000e+00  -1.0000000e+00
   2.4200000e+02  -8.9838800e+00  -1.6907500e+01  -1.0000000e+00
   2.4300000e+02   1.2268400e+01   1.2571000e+01   1.0000000e+00
   2.4400000e+02  -7.2326400e+00  -2.2372200e+00   1.0000000e+00
   2.4500000e+02  -7.4415000e+00   8.7233100e+00   1.0000000e+00
   2.4600000e+02  -6.8467600e+00   1.2311200e+01   1.0000000e+00
   2.4700000e+02  -1.1037500e+00  -3.2754700e+00   1.0000000e+00
   2.4800000e+02  -1.6222100e+00  -1.0354500e+01  -1.0000000e+00
   2.4900000e+02   9.0067900e+00  -2.8603700e+00  -1.0000000e+00
   2.5000000e+02  -1.4729000e+01  -2.8156200e+00   1.0000000e+00
   2.5100000e+02   1.0182300e+01  -1.5838100e+01  -1.0000000e+00
   2.5200000e+02  -2.8557300e+00   1.7096600e+01   1.0000000e+00
   2.5300000e+02  -9.5972800e+00  -1.0780900e+01  -1.0000000e+00
   2.5400000e+02  -8.6728500e+00   1.6264600e+00   1.0000000e+00
   2.5500000e+02  -1.3560800e+01   9.7993300e+00   1.0000000e+00
   2.5600000e+02   8.3004100e+00   2.2744000e+00   1.0000000e+00
   2.5700000e+02  -8.2063600e-01   1.6714200e+01   1.0000000e+00
   2.5800000e+02   4.2572700e+00   3.0571100e+00   1.0000000e+00
   2.5900000e+02  -5.0654400e-02  -1.1759000e+01  -1.0000000e+00
   2.6000000e+02  -4.9824300e+00   1.7560900e+01   1.0000000e+00
   2.6100000e+02   1.5651400e+01  -6.2378600e+00  -1.0000000e+00
   2.6200000e+02   4.2528200e+00  -8.4028600e+00  -1.0000000e+00
   2.6300000e+02   1.1733600e+01  -7.5916900e+00  -1.0000000e+00
   2.6400000e+02   1.6457100e+01  -2.1701000e+00  -1.0000000e+00
   2.6500000e+02  -1.7469400e+01  -4.5215700e-01   1.0000000e+00
   2.6600000e+02   5.8168500e+00  -9.7534800e+00  -1.0000000e+00
   2.6700000e+02  -1.4921900e+01   8.1734000e+00   1.0000000e+00
   2.6800000e+02  -2.0500200e+00   9.5958600e+00   1.0000000e+00
   2.6900000e+02  -3.4631500e+00   1.3510000e+01   1.0000000e+00
   2.7000000e+02  -7.5852900e+00   1.4272400e+01   1.0000000e+00
   2.7100000e+02   9.0086300e+00  -1.2403100e+01  -1.0000000e+00
   2.7200000e+02   1.4292400e+01   1.2166900e+01   1.0000000e+00
   2.7300000e+02  -9.4747300e+00   9.0965000e+00   1.0000000e+00
   2.7400000e+02  -4.9030500e+00   3.0810000e+00   1.0000000e+00
   2.7500000e+02  -5.2022200e+00  -2.6339200e+00   1.0000000e+00
   2.7600000e+02   6.0818800e+00   1.3634100e+01   1.0000000e+00
   2.7700000e+02   5.4635100e+00  -1.1778500e+01  -1.0000000e+00
   2.7800000e+02  -1.4279600e+01  -1.2258200e+01   1.0000000e+00
   2.7900000e+02   6.7551800e-01  -7.6548600e+00  -1.0000000e+00
   2.8000000e+02   1.5283000e+01  -8.3030000e+00  -1.0000000e+00
   2.8100000e+02  -7.9580800e+00  -3.0387700e-01   1.0000000e+00
   2.8200000e+02  -6.7219200e+00   6.7833400e+00   1.0000000e+00
   2.8300000e+02   6.2223400e+00  -7.7033700e+00  -1.0000000e+00
   2.8400000e+02   4.6615400e+00  -1.5948600e+01  -1.0000000e+00
   2.8500000e+02  -6.6382200e+00   1.3108400e+00   1.0000000e+00
   2.8600000e+02  -2.1448100e+00   1.5099900e+01   1.0000000e+00
   2.8700000e+02   9.5172700e+00   1.4899700e+01   1.0000000e+00
   2.8800000e+02  -1.1376400e+01  -1.5457400e+00   1.0000000e+00
   2.8900000e+02   6.8797500e-01   7.2904000e+00   1.0000000e+00
   2.9000000e+02  -1.3402000e+01  -1.1829300e+00   1.0000000e+00
   2.9100000e+02  -2.7012300e+00   5.8242100e+00   1.0000000e+00
   2.9200000e+02   1.4362000e+00   5.3681300e+00   1.0000000e+00
   2.9300000e+02  -1.3253300e+01  -6.6752600e+00   1.0000000e+00
   2.9400000e+02   5.0677800e+00  -1.3815700e+01  -1.0000000e+00
   2.9500000e+02   6.7293300e+00   1.7211700e+01   1.0000000e+00
   2.9600000e+02   6.6413500e+00  -1.5156900e+01  -1.0000000e+00
   2.9700000e+02   3.8796900e+00  -1.0442100e+01  -1.0000000e+00
   2.9800000e+02  -1.2822700e+00  -8.2668600e+00  -1.0000000e+00
   2.9900000e+02   2.1827700e+00  -1.8605000e+01  -1.0000000e+00
