   0.0000000e+00  -7.0779500e+00  -6.1762800e+00   2.4874800e+01   1.0000000e+00
   1.0000000e+00  -4.4927800e+00  -1.1815000e+01   2.4995200e+01   1.0000000e+00
   2.0000000e+00   6.3110900e+00  -8.1986700e-01   9.6669700e+00  -3.0000000e+00
   3.0000000e+00   1.3802900e+01  -1.6332600e+00   1.1012500e+01   2.0000000e+00
   4.0000000e+00  -7.5273900e+00   1.3774300e+01   1.0713600e+01  -3.0000000e+00
   5.0000000e+00   8.9507300e+00  -5.6547000e+00   9.6247500e+00   2.0000000e+00
   6.0000000e+00   1.4540300e+01   3.9179000e+00   2.1973700e+01  -3.0000000e+00
   7.0000000e+00  -9.2449400e+00   1.2141000e+01   1.8087900e+01  -3.0000000e+00
   8.0000000e+00  -5.7324200e+00   1.5196800e+01   5.2491600e+00  -3.0000000e+00
   9.0000000e+00   7.0183500e+00  -4.9568300e+00   9.7014900e+00   2.0000000e+00
   1.0000000e+01   1.0574100e+01  -4.3473700e+00   9.4738500e+00   2.0000000e+00
   1.1000000e+01   8.9061200e-03   1.8479100e+01   5.8864100e+01  -1.0000000e+00
   1.2000000e+01  -1.9026800e+00   4.1470200e+00   2.0922700e+01  -3.0000000e+00
   1.3000000e+01  -1.4584000e+01   1.7540500e+00   2.4583600e+01   1.0000000e+00
   1.4000000e+01   6.5650900e+00  -1.2480900e+01   9.1910400e+00   2.0000000e+00
   1.5000000e+01   1.1578400e+01   1.4486000e+01   2.1738800e+01  -2.0000000e+00
   1.6000000e+01   8.9746600e+00   2.2917600e+00   6.2019500e+01  -3.0000000e+00
   1.7000000e+01   1.6929100e+01   1.2706300e+00   1.2496500e+01  -2.0000000e+00
   1.8000000e+01  -9.8960500e-01   2.2819600e+00   1.3506800e+01  -3.0000000e+00
   1.9000000e+01   1.4700100e+01   1.1581700e+01   3.0361100e+01  -1.0000000e+00
   2.0000000e+01   5.5761600e+00   1.2750300e+01   2.1900600e+01  -3.0000000e+00
   2.1000000e+01   4.8327800e+00  -1.3822300e+01   9.2251600e+00  -3.0000000e+00
   2.2000000e+01   7.1551300e+00  -1.6617900e+01   2.4858700e+01  -1.0000000e+00
   2.3000000e+01   2.7009100e+00  -1.1108400e+01  -3.0807600e+00  -3.0000000e+00
   2.4000000e+01  -6.7248700e+00  -2.6430700e+00   2.4182200e+01   1.0000000e+00
   2.5000000e+01  -3.0885400e+00   2.4494900e+00   2.5043300e+01   1.0000000e+00
   2.6000000e+01  -1.2052000e+01  -3.9013100e+00   2.3887300e+01   1.0000000e+00
   2.7000000e+01  -8.3923100e+00   1.1295600e+00   2.4612100e+01   1.0000000e+00
   2.8000000e+01  -2.3456000e-01  -1.2160100e+01   2.7921700e+01  -3.0000000e+00
   2.9000000e+01   7.3953700e+00   1.5530800e+01   6.8375800e+00  -2.0000000e+00
   3.0000000e+01   1.6080500e+01  -4.3352300e+00   1.1507100e+01  -2.0000000e+00
   3.1000000e+01   2.0618300e+00   1.7465900e+01   4.3233700e+01  -1.0000000e+00
   3.2000000e+01  -9.7681700e+00   8.4992900e+00   2.3912500e+01   1.0000000e+00
   3.3000000e+01   1.7403600e+01  -7.5243400e-01  -2.0067900e+00  -1.0000000e+00
   3.4000000e+01  -4.1283900e+00  -8.2595300e+00   2.4033000e+01   1.0000000e+00
   3.5000000e+01  -1.7085000e+01  -1.6386500e+00   9.7007100e+00  -1.0000000e+00
   3.6000000e+01  -1.6708400e+01   1.9357900e+00   2.4601000e+01  -2.0000000e+00
   3.7000000e+01  -1.2391600e+01  -7.5127700e+00   2.4839800e+01   1.0000000e+00
   3.8000000e+01   1.6558100e+01  -6.3330600e+00   1.1498500e+01  -2.0000000e+00
   3.9000000e+01   1.2031900e+01  -1.2450900e+01   1.0220100e+01  -2.0000000e+00
   4.0000000e+01  -1.8539000e+00   9.0658300e+00   7.0292000e+00  -3.0000000e+00
   4.1000000e+01  -6.5530100e+00  -1.1642900e+01   2.5079900e+01   1.0000000e+00
   4.2000000e+01   1.4225300e+01   9.5543100e+00   4.4584500e+01  -2.0000000e+00
   4.3000000e+01   5.4266200e+00   1.4843800e+01   2.3447100e+01  -2.0000000e+00
   4.4000000e+01   1.4829100e+01  -7.7751400e+00   1.0733300e+01  -2.0000000e+00
   4.5000000e+01  -1.1014300e+01   6.7998800e+00   2.4280900e+01   1.0000000e+00
   4.6000000e+01   5.0167400e+00  -4.2449900e+00   1.0190000e+01   2.0000000e+00
   4.7000000e+01  -5.8697800e+00   1.7274200e+01   1.7960500e+01  -2.0000000e+00
   4.8000000e+01  -9.6194800e+00  -5.4161600e-01   2.4322100e+01   1.0000000e+00
   4.9000000e+01   5.1739700e+00  -1.5876100e+01   8.6062000e+00  -2.0000000e+00
   5.0000000e+01  -1.0978000e+01  -1.4841300e+01   1.2088700e+01  -2.0000000e+00
   5.1000000e+01  -3.3992300e+00  -1.1067800e+00   2.4617200e+01   1.0000000e+00
   5.2000000e+01   4.1933700e+00   6.5012200e+00   4.3932500e+01  -3.0000000e+00
   5.3000000e+01   1.0221500e+01  -2.2556700e+00   9.7919200e+00   2.0000000e+00
   5.4000000e+01  -5.7854300e+00   1.0191100e+01  -1.6651300e+01  -3.0000000e+00
   5.5000000e+01   1.2210500e+01   9.0641800e+00   4.6131700e+01   1.0000000e+00
   5.6000000e+01   1.5349900e+01   5.8876600e+00   4.8270900e+01  -2.0000000e+00
   5.7000000e+01   9.2882400e+00   4.3564600e+00   5.0937400e+01  -3.0000000e+00
   5.8000000e+01  -2.5215800e+00  -1.5578700e+01   2.7147900e+01  -2.0000000e+00
   5.9000000e+01  -1.3019200e+00  -1.2689800e+00   2.4533200e+01   1.0000000e+00
   6.0000000e+01  -1.1626100e+01   1.4368800e+01   1.8780200e+01  -1.0000000e+00
   6.1000000e+01  -1.6210200e+01  -3.4986800e+00   2.3912200e+01  -2.0000000e+00
   6.2000000e+01  -7.4110000e+00  -9.7457500e+00   2.4527300e+01   1.0000000e+00
   6.3000000e+01  -2.5650300e+00  -2.9983900e+00   2.4629800e+01   1.0000000e+00
   6.4000000e+01  -1.7927500e+01   2.4235100e-01   2.4692500e+01  -1.0000000e+00
   6.5000000e+01  -1.3061700e+01   7.0168700e+00   2.3766800e+01   1.0000000e+00
   6.6000000e+01   7.2181700e+00   3.4557100e+00   4.5251400e+01  -3.0000000e+00
   6.7000000e+01   1.0794100e+01  -1.5868700e+01   9.8301800e+00  -1.0000000e+00
   6.8000000e+01   3.2498800e+00  -1.7384300e+01   4.7910300e+00  -1.0000000e+00
   6.9000000e+01   6.2145200e+00   7.1027500e+00   4.6798700e+01   1.0000000e+00
   7.0000000e+01  -1.4025200e+01  -1.2739700e+01   9.0968500e+00  -1.0000000e+00
   7.1000000e+01   2.9399800e+00  -3.5664300e+00   8.2001300e+00  -3.0000000e+00
   7.2000000e+01  -1.2492900e+00  -1.0343300e+01   2.6185900e+01  -3.0000000e+00
   7.3000000e+01   4.3276500e+00   1.0301300e-03   2.3161600e+01  -3.0000000e+00
   7.4000000e+01  -1.5132100e+01   7.2652400e+00   2.5786900e+01  -2.0000000e+00
   7.5000000e+01   4.1551600e-01  -1.8056500e+01   2.0640500e+01  -1.0000000e+00
   7.6000000e+01  -3.5811500e+00  -1.3742300e+01   2.6595600e+01   1.0000000e+00
   7.7000000e+01  -1.2047100e-01   1.0168100e+01   6.4174700e+00  -3.0000000e+00
   7.8000000e+01  -1.1850200e+01  -1.2985300e+01   2.4414000e+01  -2.0000000e+00
   7.9000000e+01  -1.7454800e-01   1.6402500e+01   5.8731500e+01  -2.0000000e+00
   8.0000000e+01  -8.0674900e+00   4.7335300e+00   2.4901700e+01   1.0000000e+00
   8.1000000e+01  -1.2525800e+01   1.5378400e+00   2.4534600e+01   1.0000000e+00
   8.2000000e+01  -1.0469700e+00   7.1697700e+00   1.3450400e+01  -3.0000000e+00
   8.3000000e+01   7.3493400e+00  -7.0151000e+00   1.0283300e+01   2.0000000e+00
   8.4000000e+01  -4.2595500e+00   7.6383000e-01   2.4816200e+01   1.0000000e+00
   8.5000000e+01   1.6087300e+00   1.1276000e+01   9.8936500e+00  -3.0000000e+00
   8.6000000e+01  -1.3500800e+01   1.2502200e+01   3.9087200e+00  -1.0000000e+00
   8.7000000e+01  -3.7634200e+00   1.2125100e+01  -9.5149700e+00  -3.0000000e+00
   8.8000000e+01   7.9085900e+00   5.3165000e-01   2.5231900e+01  -3.0000000e+00
   8.9000000e+01  -1.0328900e+01  -7.6795200e+00   2.5179200e+01   1.0000000e+00
   9.0000000e+01  -5.3591500e+00  -9.9370700e+00   2.4262100e+01   1.0000000e+00
   9.1000000e+01   8.1508500e+00   7.8070600e+00   4.7184400e+01   1.0000000e+00
   9.2000000e+01  -4.8312000e+00   6.2372000e+00   2.4144700e+01   1.0000000e+00
   9.3000000e+01   3.1293900e+00   2.4482500e+00   5.4710600e+01  -3.0000000e+00
   9.4000000e+01   4.0202700e+00   1.8264400e+01   5.2309000e+01  -1.0000000e+00
   9.5000000e+01   3.6069200e+00   4.5032600e+00   4.5318900e+01   1.0000000e+00
   9.6000000e+01  -9.9899500e+00  -4.1018000e+00   2.3970500e+01   1.0000000e+00
   9.7000000e+01   1.3974400e+01  -1.3185700e+01   2.4876900e+01  -1.0000000e+00
   9.8000000e+01   1.8055800e+00  -6.8377800e+00   1.2320100e+01  -3.0000000e+00
   9.9000000e+01   3.4741600e+00   1.4154100e+01   2.4213000e+01  -3.0000000e+00
   1.0000000e+02  -1.5887100e+01  -9.0398500e+00   9.7844600e+00  -1.0000000e+00
   1.0100000e+02  -1.3619700e+01  -9.1710900e+00   2.4685600e+01  -2.0000000e+00
   1.0200000e+02   2.7300300e+00  -1.3197000e+01   6.1090200e+00  -3.0000000e+00
   1.0300000e+02  -3.8928400e+00   1.4248100e+01   3.2222800e+01   1.0000000e+00
   1.0400000e+02  -7.1725400e+00   1.1747800e+01   1.9858600e+01  -3.0000000e+00
   1.0500000e+02  -2.2039500e+00   5.8573100e-01   2.5037900e+01   1.0000000e+00
   1.0600000e+02  -4.2017700e-01  -3.1895700e+00   2.8379700e+01  -3.0000000e+00
   1.0700000e+02   5.8108400e+00  -8.3799000e+00   1.0252000e+01   2.0000000e+00
   1.0800000e+02  -5.6552700e+00   8.1401000e+00   8.0738000e+00  -3.0000000e+00
   1.0900000e+02   1.8511300e+01   2.6478000e+00   3.9779100e+01  -1.0000000e+00
   1.1000000e+02   9.1454600e+00   1.1863600e+01   4.6374300e+01   1.0000000e+00
   1.1100000e+02  -1.7557700e+01   3.8191700e+00   2.4953000e+01  -1.0000000e+00
   1.1200000e+02   8.8560800e+00  -1.5171300e+01   2.2809400e+01  -2.0000000e+00
   1.1300000e+02   1.0189800e+01   8.4323200e+00   4.7067900e+01   1.0000000e+00
   1.1400000e+02  -8.7671900e+00  -2.4250200e+00   2.3868700e+01   1.0000000e+00
   1.1500000e+02  -7.9452600e+00  -4.3252500e+00   2.4154800e+01   1.0000000e+00
   1.1600000e+02   6.2112300e+00  -1.0405200e+01   1.0671200e+01   2.0000000e+00
   1.1700000e+02  -8.5397400e+00   1.0199800e+01   2.2005000e+01  -3.0000000e+00
   1.1800000e+02   1.0895700e+01   3.0464500e+00   2.4806000e+01  -3.0000000e+00
   1.1900000e+02  -6.1741500e+00  -8.0399100e+00   2.4348200e+01   1.0000000e+00
   1.2000000e+02   8.0577000e-01  -1.0334500e+01   3.3052700e+01  -3.0000000e+00
   1.2100000e+02   1.0449400e+01  -1.3835000e+01   1.0315100e+01  -2.0000000e+00
   1.2200000e+02  -5.8555400e+00  -4.5102200e+00   2.4953000e+01   1.0000000e+00
   1.2300000e+02  -9.1627700e+00  -5.9819200e+00   2.4674200e+01   1.0000000e+00
   1.2400000e+02   4.7636300e+00  -2.1825600e+00   9.4749700e+00   2.0000000e+00
   1.2500000e+02   8.6703500e+00   9.8449000e+00   4.6172500e+01   1.0000000e+00
   1.2600000e+02  -4.6334800e+00  -2.8092300e+00   2.4594600e+01   1.0000000e+00
   1.2700000e+02   8.1379100e+00  -1.1092200e+01   1.0600500e+01   2.0000000e+00
   1.2800000e+02   1.1720500e+01   7.0653700e+00   4.6370000e+01   1.0000000e+00
   1.2900000e+02  -1.2878700e+01  -2.0044000e+00   2.3931400e+01   1.0000000e+00
   1.3000000e+02  -2.0350500e+00   1.3254200e+01   1.9808700e+00   1.0000000e+00
   1.3100000e+02  -8.9431300e+00   6.6083500e+00   2.4559000e+01   1.0000000e+00
   1.3200000e+02  -9.8279600e+00   1.6273400e+01   2.8170400e+01  -1.0000000e+00
   1.3300000e+02  -1.6359100e+01   8.9668600e+00   2.8697500e+01  -1.0000000e+00
   1.3400000e+02  -9.2802400e+00   3.0342200e+00   2.4535700e+01   1.0000000e+00
   1.3500000e+02  -8.8654200e+00  -1.5082300e+01   2.4390900e+01  -2.0000000e+00
   1.3600000e+02  -1.0585600e+01   1.0400200e+01   2.3206000e+01   1.0000000e+00
   1.3700000e+02   1.2143200e+01  -3.0193000e+00   9.9049900e+00   2.0000000e+00
   1.3800000e+02  -1.1662900e+01  -3.3912200e-01   2.4370800e+01   1.0000000e+00
   1.3900000e+02  -1.8928500e-01   5.2816800e+00   2.0520100e+01  -3.0000000e+00
   1.4000000e+02  -1.4961400e+01   1.0687700e+01   4.0521200e+01  -1.0000000e+00
   1.4100000e+02  -6.3359200e+00   9.4655600e-01   2.4750100e+01   1.0000000e+00
   1.4200000e+02   2.7449300e+00   7.9669800e+00   4.9601700e+01  -3.0000000e+00
   1.4300000e+02   1.5590800e+01  -1.1822700e+01   1.0385400e+01  -1.0000000e+00
   1.4400000e+02   5.1027100e+00   3.0961700e+00   2.8589400e+01  -3.0000000e+00
   1.4500000e+02  -2.4421600e+00  -1.2031800e+01   2.5846600e+01   1.0000000e+00
   1.4600000e+02   5.1497500e+00   1.0678800e+01   4.8741500e+01   1.0000000e+00
   1.4700000e+02   3.5094500e+00   1.2087300e+01   2.3353900e+01  -3.0000000e+00
   1.4800000e+02  -1.3300200e+01  -5.5835400e+00   2.4496600e+01   1.0000000e+00
   1.4900000e+02   8.5031800e+00  -1.3138600e+01   1.0201000e+01   2.0000000e+00
   1.5000000e+02   1.3116400e+01   1.3091300e+01   4.7869500e+01  -2.0000000e+00
   1.5100000e+02   6.7514100e+00  -1.4552800e+01   9.6478100e+00  -2.0000000e+00
   1.5200000e+02   1.1490500e+00  -4.8094600e+00   1.9156400e+01  -3.0000000e+00
   1.5300000e+02  -5.5927700e+00   1.3066400e+01   1.8216500e+01  -3.0000000e+00
   1.5400000e+02  -4.9397500e+00  -6.3641900e+00   2.4713300e+01   1.0000000e+00
   1.5500000e+02   4.6429800e+00  -1.1776800e+01   9.3609300e+00  -3.0000000e+00
   1.5600000e+02   7.5953000e+00   1.3371600e+01   2.1125400e+01  -3.0000000e+00
   1.5700000e+02   1.1663300e+01  -1.0432200e+01   1.0137300e+01   2.0000000e+00
   1.5800000e+02   1.2509900e+01  -5.0631600e+00   1.0352600e+01   2.0000000e+00
   1.5900000e+02  -1.0144600e+01  -1.6747300e+01   2.2025800e+01  -1.0000000e+00
   1.6000000e+02  -2.1851700e-01  -6.3471000e+00   6.4723500e+00  -3.0000000e+00
   1.6100000e+02  -1.4148700e+01  -3.6993100e+00   2.3843600e+01   1.0000000e+00
   1.6200000e+02   1.3398900e+01   3.8911100e-01   1.2250000e+01   2.0000000e+00
   1.6300000e+02   1.1158600e+01   1.2445800e+01   4.7336700e+01   1.0000000e+00
   1.6400000e+02   5.7329600e+00   1.6905100e+01   3.5801000e+01  -1.0000000e+00
   1.6500000e+02  -1.3406400e+01   3.4404600e+00   2.4799500e+01   1.0000000e+00
   1.6600000e+02   4.7277300e+00   8.5811600e+00   4.7389600e+01   1.0000000e+00
   1.6700000e+02   1.5802300e+00   4.1368900e+00   4.8752100e+01  -3.0000000e+00
   1.6800000e+02  -2.6820600e-01   1.4351800e+01   3.0457900e+01   1.0000000e+00
   1.6900000e+02  -1.9448500e-01   1.2241300e+01   1.7525100e+00   1.0000000e+00
   1.7000000e+02  -1.1227500e+01  -5.8064800e+00   2.4625400e+01   1.0000000e+00
   1.7100000e+02   1.1806100e+01  -9.5093400e-01   1.0007000e+01   2.0000000e+00
   1.7200000e+02   9.8312600e+00  -2.3506100e-01   2.1554700e+01  -3.0000000e+00
   1.7300000e+02  -1.2656800e+01   1.0602900e+01   2.4368900e+01  -2.0000000e+00
   1.7400000e+02  -5.4785300e+00  -9.1760300e-01   2.4455300e+01   1.0000000e+00
   1.7500000e+02  -8.0045000e+00  -1.7124900e+01   2.5171300e+01  -1.0000000e+00
   1.7600000e+02  -1.7470300e+01  -5.1788900e+00   2.3537300e+01  -1.0000000e+00
   1.7700000e+02  -6.8872900e+00   6.4256900e+00   2.4654600e+01   1.0000000e+00
   1.7800000e+02  -1.6476400e+00  -4.8720800e+00   2.8513400e+01  -3.0000000e+00
   1.7900000e+02   5.7052900e+00   5.0758900e+00   4.5011000e+01   1.0000000e+00
   1.8000000e+02   1.5855500e+01   7.9132900e+00   5.9750600e+01  -1.0000000e+00
   1.8100000e+02   1.0083600e+01  -1.1776500e+01   1.0592600e+01   2.0000000e+00
   1.8200000e+02  -9.7798300e+00  -1.3173900e+01   2.5115400e+01   1.0000000e+00
   1.8300000e+02   1.6343800e+00   6.2123800e+00   4.2193100e+01  -3.0000000e+00
   1.8400000e+02   3.2055700e+00   9.9801000e+00   4.9405900e+01  -3.0000000e+00
   1.8500000e+02  -1.6644200e+01  -7.0872500e+00   7.9762900e+00  -1.0000000e+00
   1.8600000e+02  -1.5376800e+01  -5.3962300e+00   2.4128300e+01  -2.0000000e+00
   1.8700000e+02   1.3253700e+01   5.5590800e+00   3.0553700e+01  -3.0000000e+00
   1.8800000e+02   1.7339100e+01   5.3447200e+00   5.6185900e+01  -1.0000000e+00
   1.8900000e+02   7.7652100e+00  -9.0443500e+00   1.0861300e+01   2.0000000e+00
   1.9000000e+02  -1.3864700e+01   8.9399700e+00   2.5721000e+01  -2.0000000e+00
   1.9100000e+02  -3.6100200e+00   7.9005600e+00   1.5548300e+01  -3.0000000e+00
   1.9200000e+02   1.3635800e+01  -1.1148200e+01   1.0044400e+01  -2.0000000e+00
   1.9300000e+02   1.2907600e+01   2.5550000e+00   2.4889700e+01  -3.0000000e+00
   1.9400000e+02   1.6262000e+01   9.9378100e+00   4.4281800e+01  -1.0000000e+00
   1.9500000e+02   1.0930800e+01  -6.3747600e+00   9.9919200e+00   2.0000000e+00
   1.9600000e+02   2.3444000e+00   5.2485500e-01   2.6733000e+01  -3.0000000e+00
   1.9700000e+02   1.0625900e+00   2.1531300e+00   4.6948600e+01  -3.0000000e+00
   1.9800000e+02  -2.0897300e+00   1.5310400e+01   3.0567800e+01   1.0000000e+00
   1.9900000e+02   1.3261700e+01  -9.1189000e+00   1.0247500e+01   2.0000000e+00
   2.0000000e+02  -3.7241300e+00   1.0000300e+01  -4.9054200e+00  -3.0000000e+00
   2.0100000e+02  -3.9512200e+00   4.3239900e+00   2.4663000e+01   1.0000000e+00
   2.0200000e+02  -1.6359500e+01   5.5953600e+00   3.8943400e+01  -1.0000000e+00
   2.0300000e+02   1.2704600e+01   1.1057500e+01   4.6620900e+01  -2.0000000e+00
   2.0400000e+02   3.5558800e-02  -8.3953700e+00   1.9180500e+01  -3.0000000e+00
   2.0500000e+02  -2.8722700e+00  -6.5457900e+00   2.4529700e+01  -3.0000000e+00
   2.0600000e+02  -1.0827500e+01  -2.2157300e+00   2.4074800e+01   1.0000000e+00
   2.0700000e+02   9.3098700e+00  -7.7063200e+00   1.0418900e+01   2.0000000e+00
   2.0800000e+02  -3.9315800e+00   1.8452100e+01   1.0865300e+00  -1.0000000e+00
   2.0900000e+02  -1.4490100e+01  -7.3077200e+00   2.4166900e+01  -2.0000000e+00
   2.1000000e+02   1.8122100e+01  -4.9017600e+00   1.1916100e+01  -1.0000000e+00
   2.1100000e+02   1.5799800e+01  -2.2392100e+00   1.1504400e+01  -2.0000000e+00
   2.1200000e+02  -1.0137900e+01   4.9191000e+00   2.4715100e+01   1.0000000e+00
   2.1300000e+02   9.7004000e+00   6.4237900e+00   4.8484400e+01   1.0000000e+00
   2.1400000e+02  -1.4938000e+01  -1.8048900e+00   2.4203800e+01  -2.0000000e+00
   2.1500000e+02  -1.4849000e+01  -1.0827500e+01   1.0282400e+01  -1.0000000e+00
   2.1600000e+02   2.8273000e+00  -1.4880100e+00   2.5077300e+00  -3.0000000e+00
   2.1700000e+02  -6.0343500e+00   4.5534100e+00   2.4815400e+01   1.0000000e+00
   2.1800000e+02  -7.6854000e+00   1.5844600e+01   9.9065500e+00  -2.0000000e+00
   2.1900000e+02  -4.7595000e+00  -1.5426700e+01   2.5773800e+01  -2.0000000e+00
   2.2000000e+02  -1.4284200e+01   5.3073000e+00   2.4080900e+01  -2.0000000e+00
   2.2100000e+02  -1.5829200e+01   8.4602300e-02   2.4623200e+01  -2.0000000e+00
   2.2200000e+02   7.1379100e+00   1.1334100e+01   4.6881800e+01   1.0000000e+00
   2.2300000e+02   1.2891400e+01  -7.0831900e+00   1.0280400e+01   2.0000000e+00
   2.2400000e+02   9.5926600e+00   1.3921400e+01   2.6160600e+01  -2.0000000e+00
   2.2500000e+02  -1.9498100e+00   1.1158800e+01   2.2113900e+00   1.0000000e+00
   2.2600000e+02   1.5753800e+00   1.3338400e+01   2.8266800e+01   1.0000000e+00
   2.2700000e+02   1.4470500e+01  -5.7386100e+00   1.1062700e+01   2.0000000e+00
   2.2800000e+02   3.2296600e+00  -1.5180400e+01   7.2213700e+00  -2.0000000e+00
   2.2900000e+02   3.7740400e+00   1.6204700e+01   5.1617100e+01  -2.0000000e+00
   2.3000000e+02  -4.7499000e-01  -1.5688200e+01   2.2625300e+01  -2.0000000e+00
   2.3100000e+02   1.6837500e+01  -8.4134600e+00   1.0243100e+01  -1.0000000e+00
   2.3200000e+02  -3.8915600e+00   1.6311500e+01   3.1255200e+01  -2.0000000e+00
   2.3300000e+02  -7.1872700e+00   2.8431300e+00   2.4901400e+01   1.0000000e+00
   2.3400000e+02  -3.7673600e+00  -4.6750900e+00   2.5039800e+01   1.0000000e+00
   2.3500000e+02  -8.6174000e+00  -1.1459200e+01   2.4885900e+01   1.0000000e+00
   2.3600000e+02   7.7710200e-01  -1.5200100e+00   3.7108100e+01  -3.0000000e+00
   2.3700000e+02  -5.1347100e+00   2.6484900e+00   2.4794500e+01   1.0000000e+00
   2.3800000e+02  -7.7256200e+00  -1.3358900e+01   2.5372800e+01   1.0000000e+00
   2.3900000e+02   1.4863500e+00  -1.6305200e+01   2.3629500e+01  -2.0000000e+00
   2.4000000e+02   8.6426900e-01  -1.4090000e+01   1.4914700e+01  -3.0000000e+00
   2.4100000e+02  -5.9281500e+00  -1.7124800e+01   2.6535700e+01  -1.0000000e+00
   2.4200000e+02  -7.5168500e+00  -7.3718600e-01   2.4290500e+01   1.0000000e+00
   2.4300000e+02   1.1257400e+01   5.0686100e+00   5.9890400e+01  -3.0000000e+00
   2.4400000e+02   5.3397200e+00  -1.8062900e+01   8.2883500e+00  -1.0000000e+00
   2.4500000e+02   1.3734800e+01   7.5561000e+00   4.4215100e+01  -2.0000000e+00
   2.4600000e+02  -1.3086700e+01  -1.4614600e+01   2.4419200e+01  -1.0000000e+00
   2.4700000e+02  -1.1830300e+01   8.7003900e+00   2.3672500e+01   1.0000000e+00
   2.4800000e+02  -1.5481400e+01   3.6225500e+00   2.4632000e+01  -2.0000000e+00
   2.4900000e+02   8.6428400e+00  -3.5866500e+00   9.7993700e+00   2.0000000e+00
   2.5000000e+02  -3.2901300e+00  -1.0149400e+01   2.4129200e+01   1.0000000e+00
   2.5100000e+02   1.1448500e+01   1.0704000e+00   1.2162800e+01  -3.0000000e+00
   2.5200000e+02  -1.0677000e+01  -1.1274100e+01   2.4660200e+01   1.0000000e+00
   2.5300000e+02   1.6547500e+01   3.4205300e+00   2.8956200e+01  -2.0000000e+00
   2.5400000e+02  -1.3730600e+01  -1.2920100e-01   2.4260900e+01   1.0000000e+00
   2.5500000e+02  -7.7337100e+00   8.2962200e+00   1.2335400e+01  -3.0000000e+00
   2.5600000e+02   3.4530700e+00  -5.6189200e+00   1.1121400e+01   2.0000000e+00
   2.5700000e+02  -3.7750800e+00  -1.7305500e+01   2.5837700e+01  -1.0000000e+00
   2.5800000e+02   1.4836900e+01   1.8545600e+00   1.2556800e+01   2.0000000e+00
   2.5900000e+02   1.5231400e+01  -9.7955900e+00   1.0671600e+01  -2.0000000e+00
   2.6000000e+02  -1.0487100e+01   1.3480600e+00   2.4448900e+01   1.0000000e+00
   2.6100000e+02   1.2417100e+01  -1.4523200e+01   2.5392600e+01  -1.0000000e+00
   2.6200000e+02   1.1404700e+01   1.6541500e+01  -4.3268000e+00  -1.0000000e+00
   2.6300000e+02   2.2534700e+00  -8.8743500e+00   1.1931900e+01   2.0000000e+00
   2.6400000e+02  -1.4487600e+00  -1.3817500e+01   2.6712300e+01   1.0000000e+00
   2.6500000e+02  -1.1323000e+01   3.2461200e+00   2.4497200e+01   1.0000000e+00
   2.6600000e+02  -1.3678200e+01   1.4558000e+01  -1.5167400e+01  -1.0000000e+00
   2.6700000e+02  -9.9082400e-02   3.8983600e-01   2.6395000e+01  -3.0000000e+00
   2.6800000e+02  -1.1526800e+01  -9.3800500e+00   2.4531500e+01   1.0000000e+00
   2.6900000e+02   1.7803400e+01  -2.8414300e+00  -4.0439200e+00  -1.0000000e+00
   2.7000000e+02  -9.5581000e+00   1.4201200e+01   1.4563700e+01  -2.0000000e+00
   2.7100000e+02   1.7459700e+00   1.5425700e+01   5.5383300e+01  -2.0000000e+00
   2.7200000e+02  -2.7689000e+00   6.0139900e+00   2.0327100e+01  -3.0000000e+00
   2.7300000e+02   1.1313300e+01  -8.3971700e+00   1.0137800e+01   2.0000000e+00
   2.7400000e+02  -1.5650900e+00  -1.7441800e+01   2.3634400e+01  -1.0000000e+00
   2.7500000e+02   6.6907000e+00  -2.8940800e+00   9.9023500e+00   2.0000000e+00
   2.7600000e+02  -2.0184000e+00  -8.4168000e+00   1.3270000e+01  -3.0000000e+00
   2.7700000e+02   5.4302400e+00  -6.2583400e+00   1.0511600e+01   2.0000000e+00
   2.7800000e+02   7.6782300e+00   5.6456100e+00   4.8233500e+01   1.0000000e+00
   2.7900000e+02  -2.0350600e+00   1.7396500e+01   4.7899400e+01  -2.0000000e+00
   2.8000000e+02  -5.6457000e+00  -1.3559000e+01   2.5296300e+01   1.0000000e+00
   2.8100000e+02  -8.2702300e+00  -7.8719400e+00   2.4959300e+01   1.0000000e+00
   2.8200000e+02   9.4095600e+00   1.5973800e+01   7.2336400e+00  -1.0000000e+00
   2.8300000e+02   5.9778300e+00   1.2451000e+00   1.6381400e+01  -3.0000000e+00
   2.8400000e+02   1.5379500e+01  -2.1411600e-01   1.3392700e+01  -2.0000000e+00
   2.8500000e+02   9.6970700e+00  -9.7498400e+00   1.0496500e+01   2.0000000e+00
   2.8600000e+02  -6.8230700e+00  -1.5246200e+01   2.5728600e+01  -2.0000000e+00
   2.8700000e+02   1.4114300e+01  -3.6763500e+00   1.0465900e+01   2.0000000e+00
   2.8800000e+02   4.1904900e+00  -9.6860700e+00   1.0141900e+01   2.0000000e+00
   2.8900000e+02  -1.2740800e+01  -1.1039500e+01   2.4050200e+01  -2.0000000e+00
   2.9000000e+02   3.8848600e+00  -7.6207400e+00   9.5636300e+00   2.0000000e+00
   2.9100000e+02  -1.2191800e+01   5.1152200e+00   2.4651200e+01   1.0000000e+00
   2.9200000e+02   1.3534000e+01   1.5121800e+01   5.0898100e+01  -1.0000000e+00
   2.9300000e+02  -7.8753800e+00   1.7907900e+01   9.2192400e+00  -1.0000000e+00
   2.9400000e+02   1.0676400e+01   1.0438700e+01   4.6918200e+01   1.0000000e+00
   2.9500000e+02   6.6809100e+00   9.3049400e+00   4.7237900e+01   1.0000000e+00
   2.9600000e+02   6.9660400e-01   8.2782900e+00   2.9003600e+00  -3.0000000e+00
   2.9700000e+02  -9.4528800e+00  -9.5532600e+00   2.4669900e+01   1.0000000e+00
   2.9800000e+02   8.2436500e+00  -1.5483000e+00   1.0068100e+01   2.0000000e+00
   2.9900000e+02  -1.1326600e+01   1.2334000e+01   1.9772200e+01  -2.0000000e+00
