   0.0000000e+00  -8.8604800e+00   9.9612200e+00   1.4437300e+00   1.0000000e+00
   1.0000000e+00   5.5468900e+00   1.8282200e+01   5.9370700e+01  -1.0000000e+00
   2.0000000e+00  -1.2511900e+01   9.7970800e+00   8.7921200e-01  -2.0000000e+00
   3.0000000e+00  -7.0217200e+00   6.8839200e+00   6.0174300e+01   1.0000000e+00
   4.0000000e+00  -1.6558200e+00   1.0018300e+01   2.9987200e+01   1.0000000e+00
   5.0000000e+00   1.4440300e+01  -1.1969900e+01   5.8381900e+01  -1.0000000e+00
   6.0000000e+00   7.2579000e+00  -1.1841900e+01   4.6858000e-01   1.0000000e+00
   7.0000000e+00   1.6380100e+01   3.7358800e+00   6.0724500e+01  -2.0000000e+00
   8.0000000e+00   1.4632500e+01   6.8542300e+00   3.0761200e+01  -2.0000000e+00
   9.0000000e+00   1.9374400e+00   1.6209600e+01   1.1125500e+01  -2.0000000e+00
   1.0000000e+01  -7.1033900e+00   1.3092800e+01   4.0339700e-01   1.0000000e+00
   1.1000000e+01  -1.8381400e+01  -2.7895200e+00   3.1777600e+01  -1.0000000e+00
   1.2000000e+01  -1.5342400e+01  -8.3464100e-01   3.1066900e+01   2.0000000e+00
   1.3000000e+01   1.2682400e+01  -8.7556500e+00   3.0032800e+01   1.0000000e+00
   1.4000000e+01   1.9056900e+00  -4.5374300e+00   5.2654900e+01  -3.0000000e+00
   1.5000000e+01   1.2668300e+01  -6.6986100e+00   2.9831300e+01   1.0000000e+00
   1.6000000e+01   1.2755000e+01   3.7362700e+00   3.0168500e+01   1.0000000e+00
   1.7000000e+01   1.6306400e+01  -6.6734900e+00   3.5607100e+01  -2.0000000e+00
   1.8000000e+01  -1.6361200e+01   6.6919300e+00  -2.9282000e+01  -1.0000000e+00
   1.9000000e+01  -8.9749200e+00  -4.4419600e+00   3.1488500e+01   2.0000000e+00
   2.0000000e+01  -1.2498900e+01   7.7269200e+00   6.7420400e-01   1.0000000e+00
   2.1000000e+01  -5.2959700e+00   1.4125100e+01   5.9903900e+01   1.0000000e+00
   2.2000000e+01   1.2562500e-01   6.1935400e-01   2.9390600e+01   1.0000000e+00
   2.3000000e+01  -4.5129100e+00  -1.1487200e+01   3.2160400e+01   2.0000000e+00
   2.4000000e+01   1.9175600e+00   3.7646000e+00   5.9963800e+01   1.0000000e+00
   2.5000000e+01  -1.0604000e+01   4.6973900e+00   1.9959800e+01  -3.0000000e+00
   2.6000000e+01   3.7498800e+00   1.1014500e+01   2.9921400e+01   1.0000000e+00
   2.7000000e+01   5.5330200e+00   1.6737300e+00   5.9564700e+01   1.0000000e+00
   2.8000000e+01  -1.4293500e+01   8.7664100e+00  -5.3606600e+00  -2.0000000e+00
   2.9000000e+01   1.6415100e+01   5.7816900e+00   2.9293100e+01  -1.0000000e+00
   3.0000000e+01  -1.1886200e+00  -1.6775600e+01   2.1192500e+01  -2.0000000e+00
   3.1000000e+01   1.4523500e+01   1.3111300e+01   5.9274800e+01  -1.0000000e+00
   3.2000000e+01  -1.2005400e+01  -6.3194200e+00   3.1487000e+01   2.0000000e+00
   3.3000000e+01  -1.0720700e+01   1.0895500e+01   2.1467400e+00   1.0000000e+00
   3.4000000e+01  -2.4617900e+00  -1.1415900e+01   3.1936400e+01   2.0000000e+00
   3.5000000e+01  -1.6270000e+01  -2.7233000e+00   3.1900300e+01  -2.0000000e+00
   3.6000000e+01   9.3618400e-01  -1.6704700e+01   3.7942400e+01  -2.0000000e+00
   3.7000000e+01  -7.9776200e+00  -2.6387700e+00   3.1567700e+01   2.0000000e+00
   3.8000000e+01  -1.2486100e+01   5.6648600e+00   1.3499600e+01  -3.0000000e+00
   3.9000000e+01  -7.1021400e+00   1.7224100e+01   6.1201900e+01  -1.0000000e+00
   4.0000000e+01   7.3289400e+00   8.9400500e+00  -6.4946000e-03   1.0000000e+00
   4.1000000e+01  -1.5005200e+01  -1.1778600e+01   1.7767600e+01  -1.0000000e+00
   4.2000000e+01  -8.9871100e+00   3.2567900e+00   4.0890000e+01  -3.0000000e+00
   4.3000000e+01  -1.6650900e+00   3.7643100e+00   2.9753800e+01   1.0000000e+00
   4.4000000e+01   1.0865600e+01  -9.7779500e+00   2.9715400e+01   1.0000000e+00
   4.5000000e+01  -2.5453700e-01  -1.4915200e+01   3.2469900e+01   2.0000000e+00
   4.6000000e+01   3.7079500e+00  -1.4590500e+00  -2.9135100e-02   1.0000000e+00
   4.7000000e+01  -7.1118200e+00   1.5149800e+01   3.0079100e+01  -2.0000000e+00
   4.8000000e+01  -1.2708300e+01  -1.5355300e+01   3.1564000e+01  -1.0000000e+00
   4.9000000e+01   3.7036800e+00   6.2572100e-01   3.0064300e+01   1.0000000e+00
   5.0000000e+01   5.5443300e+00   5.8132300e+00   2.9660900e+01   1.0000000e+00
   5.1000000e+01  -3.4513100e+00   2.7589100e+00   6.0973600e+01   1.0000000e+00
   5.2000000e+01   1.6368800e+01   1.6769600e+00   3.6101100e+01  -2.0000000e+00
   5.3000000e+01  -1.3791300e+01  -1.3555400e+01   1.7567600e+01  -1.0000000e+00
   5.4000000e+01  -1.1895300e+01  -9.9012800e+00   3.1670900e+01   2.0000000e+00
   5.5000000e+01   7.1676500e+00  -1.6310400e+01   5.6196800e+01  -1.0000000e+00
   5.6000000e+01   1.0890200e+01  -5.6260900e+00   5.9426400e+01   1.0000000e+00
   5.7000000e+01   5.2741800e+00  -1.7248500e+01   5.4320400e+01  -1.0000000e+00
   5.8000000e+01  -1.3123100e+01  -4.5155000e+00   3.1002200e+01   2.0000000e+00
   5.9000000e+01  -1.7158100e+01  -8.1889600e+00   3.0646000e+01  -1.0000000e+00
   6.0000000e+01   1.2765100e+01   1.4190400e+01   4.5275500e+01  -1.0000000e+00
   6.1000000e+01  -1.6115600e+01  -1.0022900e+01   1.6234400e+01  -1.0000000e+00
   6.2000000e+01  -3.5795500e+00  -9.6567000e+00   3.2263300e+01   2.0000000e+00
   6.3000000e+01   9.1409800e+00   1.6280200e+00   3.0182000e+01   1.0000000e+00
   6.4000000e+01   5.5017100e+00  -6.6502500e+00   5.9234200e+01   1.0000000e+00
   6.5000000e+01  -7.0199000e+00   8.9476700e+00   3.0758700e+01   1.0000000e+00
   6.6000000e+01  -8.9453700e+00   1.4125400e+01   3.1311700e+01  -2.0000000e+00
   6.7000000e+01  -8.8769800e+00   1.2050300e+01   1.4979900e+00   1.0000000e+00
   6.8000000e+01   1.5786100e-01   6.8750900e+00   2.9899300e+01   1.0000000e+00
   6.9000000e+01   1.6295300e+01  -2.4921800e+00   2.9548200e+01  -2.0000000e+00
   7.0000000e+01   7.3475200e+00   4.7772000e+00   2.9662500e+01   1.0000000e+00
   7.1000000e+01   7.3119300e+00  -1.4634200e+00   2.9744300e+01   1.0000000e+00
   7.2000000e+01  -1.6163000e+01  -6.3323900e+00   3.1428000e+01  -2.0000000e+00
   7.3000000e+01   5.5245500e+00   1.2032300e+01   2.9988400e+01   1.0000000e+00
   7.4000000e+01   1.0862600e+01   1.5147500e+01   1.2171700e+00  -1.0000000e+00
   7.5000000e+01   7.3173100e+00   1.1008900e+01  -4.2511000e-02   1.0000000e+00
   7.6000000e+01   1.2662400e+01  -1.0818600e+01   5.9048700e+01  -2.0000000e+00
   7.7000000e+01   1.9333500e+00   5.8454700e+00   5.9656100e+01   1.0000000e+00
   7.8000000e+01  -1.6282300e+01   4.6401200e+00   6.5090500e+00  -1.0000000e+00
   7.9000000e+01  -5.1860200e+00   1.6293300e+01   4.8671500e+01  -2.0000000e+00
   8.0000000e+01   9.1068400e+00   9.9574900e+00   2.9617000e+01   1.0000000e+00
   8.1000000e+01   1.9502900e+00   1.4129600e+01   2.9661000e+01   1.0000000e+00
   8.2000000e+01  -1.4278800e+01   6.6850400e+00  -5.5575300e+00  -2.0000000e+00
   8.3000000e+01  -1.6862400e+00  -2.4827100e+00   2.1948800e+01  -3.0000000e+00
   8.4000000e+01  -1.3035000e+01  -8.1408800e+00   3.1090000e+01   2.0000000e+00
   8.5000000e+01   9.0829600e+00   1.4110500e+01   6.3206600e-01  -2.0000000e+00
   8.6000000e+01  -3.4262600e+00   1.5223700e+01   2.9424800e+01  -2.0000000e+00
   8.7000000e+01   1.6389100e+01   7.9882900e+00  -1.2858400e+01  -1.0000000e+00
   8.8000000e+01   3.6862000e+00  -1.3913100e+01   3.5301900e+01  -3.0000000e+00
   8.9000000e+01  -1.0147600e+01   9.1387300e-01   3.0856900e+01  -3.0000000e+00
   9.0000000e+01  -3.3112200e+00  -1.6978800e+01   3.2202900e+01  -1.0000000e+00
   9.1000000e+01   1.2762200e+01   5.7990600e+00   3.0065700e+01   1.0000000e+00
   9.2000000e+01   1.2741300e+01  -2.4892200e+00   5.9664200e+01   1.0000000e+00
   9.3000000e+01   1.0956900e+01   4.7462600e+00   3.0020200e+01   1.0000000e+00
   9.4000000e+01   5.5168000e+00  -2.5188400e+00   3.0014200e+01   1.0000000e+00
   9.5000000e+01  -6.6240000e+00  -1.1567000e+01   3.1941200e+01   2.0000000e+00
   9.6000000e+01   1.4557000e+01   4.7723100e+00   2.9547100e+01  -2.0000000e+00
   9.7000000e+01  -1.0915700e+01  -8.0780200e+00   3.1516300e+01   2.0000000e+00
   9.8000000e+01   5.5344800e+00   9.9560500e+00   1.2702400e-01   1.0000000e+00
   9.9000000e+01  -5.7773200e+00  -6.1317500e+00   3.1716700e+01   2.0000000e+00
   1.0000000e+02   1.5931000e+00  -7.6956500e+00   3.1940100e+01  -3.0000000e+00
   1.0100000e+02   7.3665500e-01  -1.3091700e+01   3.2242900e+01  -3.0000000e+00
   1.0200000e+02   1.0928800e+01   2.6885800e+00   3.0341700e+01   1.0000000e+00
   1.0300000e+02  -5.8843000e+00  -2.5639100e+00   3.2180300e+01   2.0000000e+00
   1.0400000e+02   1.4533700e+01  -1.4426700e+00   5.9377500e+01   1.0000000e+00
   1.0500000e+02  -1.4897900e+00  -9.5923800e+00   3.2096300e+01   2.0000000e+00
   1.0600000e+02  -8.7040200e+00  -1.1612200e+01   3.2047900e+01   2.0000000e+00
   1.0700000e+02   2.6892000e+00  -1.7833200e+01   4.5074800e+01  -1.0000000e+00
   1.0800000e+02  -3.7150200e+00  -6.0866500e+00   3.1372000e+01   2.0000000e+00
   1.0900000e+02  -8.9131900e+00   1.6187700e+01   5.9259100e+01  -1.0000000e+00
   1.1000000e+02  -1.6366300e+01   8.7481500e+00  -1.4675900e+01  -1.0000000e+00
   1.1100000e+02  -8.8326000e+00   5.8015800e+00   6.0188600e+01   1.0000000e+00
   1.1200000e+02  -3.4336200e+00  -1.3232800e+01   3.1739500e+01   2.0000000e+00
   1.1300000e+02   1.8624600e+00  -1.4868500e+01   3.0520100e+01  -3.0000000e+00
   1.1400000e+02   2.4287900e-01   1.7396400e+01   5.8317800e+01  -1.0000000e+00
   1.1500000e+02   1.9070000e+00  -4.1267900e-01   6.0048600e+01   1.0000000e+00
   1.1600000e+02  -1.1060300e+01  -4.4918100e+00   3.1398700e+01   2.0000000e+00
   1.1700000e+02   7.3230700e+00   6.1041800e-01   5.9516600e+01   1.0000000e+00
   1.1800000e+02  -1.0783500e+01   1.2969400e+01   3.1394600e+00  -2.0000000e+00
   1.1900000e+02  -2.3322900e+00  -1.4999000e+01   3.2433800e+01  -2.0000000e+00
   1.2000000e+02   1.2743700e-01   2.7191800e+00   2.9780100e+01   1.0000000e+00
   1.2100000e+02   5.5178400e+00   1.6203200e+01   2.9975100e+01  -2.0000000e+00
   1.2200000e+02   9.0617900e+00  -8.7175900e+00   5.9598900e+01   1.0000000e+00
   1.2300000e+02   1.9140500e+00   1.6497600e+00   5.9938900e+01   1.0000000e+00
   1.2400000e+02   7.3094500e+00   1.3061700e+01   1.4421100e-01   1.0000000e+00
   1.2500000e+02   9.1221200e+00   7.8488500e+00   1.7159800e-01   1.0000000e+00
   1.2600000e+02   1.0884500e+01  -7.7150600e+00   5.9539500e+01   1.0000000e+00
   1.2700000e+02   5.4750200e+00  -1.2894300e+01   5.3807200e-01   1.0000000e+00
   1.2800000e+02   1.4520400e+01  -9.7939100e+00   2.9426900e+01  -2.0000000e+00
   1.2900000e+02  -2.6057400e+00  -7.8560300e+00   3.1980300e+01   2.0000000e+00
   1.3000000e+02   1.0920000e+01   1.3086100e+01   9.9870400e-01  -2.0000000e+00
   1.3100000e+02   7.3045300e+00   1.5140400e+01   3.0010500e+01  -2.0000000e+00
   1.3200000e+02  -8.0801300e+00   9.3288300e-01   3.0006700e+01  -3.0000000e+00
   1.3300000e+02   7.3320900e+00   2.6713900e+00   5.9519700e+01   1.0000000e+00
   1.3400000e+02  -1.5198900e+01  -4.4781200e+00   3.1282200e+01  -2.0000000e+00
   1.3500000e+02  -1.4058800e+01  -6.3452300e+00   3.0834300e+01   2.0000000e+00
   1.3600000e+02  -3.4504600e+00   1.1039700e+01   3.0324800e+01   1.0000000e+00
   1.3700000e+02   1.4458400e+01  -7.7089000e+00   3.0209700e+01  -2.0000000e+00
   1.3800000e+02  -1.0776400e+01  -1.1690300e+01   3.1940800e+01   2.0000000e+00
   1.3900000e+02  -6.7513000e+00  -7.9583600e+00   3.2015100e+01   2.0000000e+00
   1.4000000e+02   1.2729300e-01  -1.4698700e+00   2.8927400e+01   1.0000000e+00
   1.4100000e+02  -3.4359900e+00   1.7419400e+01   6.0941000e-02  -1.0000000e+00
   1.4200000e+02  -3.4717800e+00   6.9531100e-01   5.3382500e+01  -3.0000000e+00
   1.4300000e+02   1.6239400e+01  -1.0939500e+01   5.8326700e+01  -1.0000000e+00
   1.4400000e+02  -1.2226200e-02  -1.8624000e+01   3.3088500e+01  -1.0000000e+00
   1.4500000e+02  -1.6751200e+00   1.2086700e+01   2.9782800e+01   1.0000000e+00
   1.4600000e+02  -3.8213200e-01  -1.1353800e+01   3.2218400e+01   2.0000000e+00
   1.4700000e+02   1.0926200e+01  -3.5279600e+00   5.9766900e+01   1.0000000e+00
   1.4800000e+02   3.7489200e+00   8.9393300e+00   5.9747300e+01   1.0000000e+00
   1.4900000e+02   1.9550500e+00   9.9961000e+00   2.9991100e+01   1.0000000e+00
   1.5000000e+02   1.6371300e+01  -4.2689700e-01   2.3473800e+01  -2.0000000e+00
   1.5100000e+02  -1.1145900e+01   2.7098000e+00   4.7287600e+01  -3.0000000e+00
   1.5200000e+02  -1.4230300e+01   4.5453800e+00   1.7910000e+01  -2.0000000e+00
   1.5300000e+02  -4.6887900e+00  -7.9030900e+00   3.1923800e+01   2.0000000e+00
   1.5400000e+02  -1.7303100e+01  -4.5625900e+00   1.6768200e+01  -1.0000000e+00
   1.5500000e+02   1.2707700e+01   1.2076100e+01   2.9892800e+01  -2.0000000e+00
   1.5600000e+02  -3.4444200e+00   8.9743400e+00   2.7520300e-01   1.0000000e+00
   1.5700000e+02  -7.7434200e+00  -9.7892200e+00   3.1904900e+01   2.0000000e+00
   1.5800000e+02   3.6592000e+00  -1.1848500e+01  -7.4996900e+00  -3.0000000e+00
   1.5900000e+02  -1.2545100e+01   1.1851500e+01   1.6442400e+00  -2.0000000e+00
   1.6000000e+02  -8.8430500e+00  -8.0384000e+00   3.1777800e+01   2.0000000e+00
   1.6100000e+02   9.0758400e+00  -1.2871500e+01   2.8777900e+01  -2.0000000e+00
   1.6200000e+02   3.7030700e+00  -5.5839300e+00   5.9227600e+01  -3.0000000e+00
   1.6300000e+02   9.1532600e+00   1.2018100e+01   3.0331800e+01   1.0000000e+00
   1.6400000e+02   9.0517400e+00  -1.0808500e+01   3.0118700e+01   1.0000000e+00
   1.6500000e+02  -1.7143600e+00  -3.5808500e-01   2.3037600e+01  -3.0000000e+00
   1.6600000e+02   9.1155100e+00   3.7089700e+00   2.9855300e+01   1.0000000e+00
   1.6700000e+02   9.1390500e+00   5.7996600e+00   2.9987200e+01   1.0000000e+00
   1.6800000e+02  -1.3200200e+01  -8.6624500e-01   3.0254600e+01   2.0000000e+00
   1.6900000e+02   3.3777400e+00  -9.7338200e+00   3.8108400e+01  -3.0000000e+00
   1.7000000e+02  -3.4222300e+00   6.9053900e+00   2.9960200e+01   1.0000000e+00
   1.7100000e+02  -1.2212200e+01   9.4581100e-01   2.9920800e+01   2.0000000e+00
   1.7200000e+02  -1.5086300e+01  -8.1703400e+00   3.0618000e+01  -2.0000000e+00
   1.7300000e+02  -4.4283300e+00  -1.5052200e+01   3.1749700e+01  -2.0000000e+00
   1.7400000e+02   1.6283500e+01  -8.7248500e+00   7.5087700e+01  -1.0000000e+00
   1.7500000e+02   1.2750800e+01   7.8497000e+00   7.2799300e-01   1.0000000e+00
   1.7600000e+02   7.2824400e+00  -7.6949900e+00   5.9525200e+01   1.0000000e+00
   1.7700000e+02   9.1216800e+00  -4.5802700e+00   5.9780800e+01   1.0000000e+00
   1.7800000e+02   3.7411800e+00   6.8632500e+00   5.9534400e+01   1.0000000e+00
   1.7900000e+02   1.4511400e+01   1.1003500e+01   2.4510000e+01  -2.0000000e+00
   1.8000000e+02   5.5507800e+00   7.9047600e+00   2.9901600e+01   1.0000000e+00
   1.8100000e+02  -1.2134700e+01  -2.7039800e+00   3.0504000e+01   2.0000000e+00
   1.8200000e+02  -9.0664300e+00  -8.7331200e-01   3.1296900e+01   2.0000000e+00
   1.8300000e+02  -7.8719900e+00  -6.2133500e+00   3.1963200e+01   2.0000000e+00
   1.8400000e+02   9.1274900e+00  -2.5187600e+00   6.0012800e+01   1.0000000e+00
   1.8500000e+02   1.4520200e+01  -3.5402000e+00   2.9859500e+01   1.0000000e+00
   1.8600000e+02   7.3074400e+00   1.7244800e+01   4.4696100e+01  -1.0000000e+00
   1.8700000e+02  -1.6630900e+00   1.4154300e+01   5.9154000e+01   1.0000000e+00
   1.8800000e+02   3.7127100e+00   1.7247800e+01   1.5150500e+01  -1.0000000e+00
   1.8900000e+02  -3.8015700e+00  -2.4727600e+00   1.9869200e+01  -3.0000000e+00
   1.9000000e+02  -4.9336900e+00  -7.4528900e-01   2.5535400e+01  -3.0000000e+00
   1.9100000e+02   5.4659800e+00  -8.7069400e+00   5.8627100e+01   1.0000000e+00
   1.9200000e+02  -5.2400000e+00   5.8527500e+00   5.9977300e+01   1.0000000e+00
   1.9300000e+02  -1.3227700e+01   2.7258900e+00   1.7310500e+01  -3.0000000e+00
   1.9400000e+02  -5.4974000e+00  -1.3299800e+01   3.1989300e+01   2.0000000e+00
   1.9500000e+02  -7.6003200e+00  -1.3381400e+01   3.2012500e+01   2.0000000e+00
   1.9600000e+02  -7.0481700e+00   4.7698200e+00   3.1789200e+01   1.0000000e+00
   1.9700000e+02   1.2721100e+01  -4.5823200e+00   5.9681800e+01   1.0000000e+00
   1.9800000e+02   9.0035900e+00  -1.5234600e+01   5.7426800e+01  -1.0000000e+00
   1.9900000e+02   1.4513400e+01   8.9298700e+00   1.8524300e+00  -2.0000000e+00
   2.0000000e+02   9.1356100e+00  -4.4923800e-01   5.9885800e+01   1.0000000e+00
   2.0100000e+02  -7.0692700e+00   1.1001600e+01   8.5400600e-01   1.0000000e+00
   2.0200000e+02  -5.2454700e+00   1.0004700e+01   8.2194400e-01   1.0000000e+00
   2.0300000e+02  -5.2143000e-01  -7.7744700e+00   3.2250500e+01  -3.0000000e+00
   2.0400000e+02  -1.1127200e+01  -8.9853400e-01   3.0690300e+01   2.0000000e+00
   2.0500000e+02   1.4520500e+01  -5.5906400e+00   2.9648600e+01   1.0000000e+00
   2.0600000e+02   1.2633000e+01  -1.2962000e+01   6.0089800e+01  -1.0000000e+00
   2.0700000e+02   1.2760000e+01   1.6565800e+00   4.7630500e-01   1.0000000e+00
   2.0800000e+02  -1.0652600e+01   8.8322500e+00   3.1620800e+01   1.0000000e+00
   2.0900000e+02  -1.0631600e+01  -1.5296900e+01   3.2037700e+01  -1.0000000e+00
   2.1000000e+02  -1.0037800e+01  -2.6819900e+00   3.1107400e+01   2.0000000e+00
   2.1100000e+02  -1.6580400e+00   7.9444500e+00   3.0002700e+01   1.0000000e+00
   2.1200000e+02   1.0968400e+01   5.9833400e-01   3.0459200e+01   1.0000000e+00
   2.1300000e+02   5.4194600e+00  -1.0788300e+01   3.0554200e+01   1.0000000e+00
   2.1400000e+02  -1.7401900e+01  -9.2930000e-01   3.1417300e+01  -2.0000000e+00
   2.1500000e+02  -1.3781800e+00  -1.3171400e+01   3.2010200e+01   2.0000000e+00
   2.1600000e+02  -1.4201000e+01  -2.6713500e+00   3.0796800e+01   2.0000000e+00
   2.1700000e+02  -1.6369200e+01   9.6148200e-01   2.9309700e+01  -2.0000000e+00
   2.1800000e+02   1.0932300e+01   6.8399200e+00   3.2005900e-01   1.0000000e+00
   2.1900000e+02   7.3470100e+00   6.8196100e+00  -1.6702700e-01   1.0000000e+00
   2.2000000e+02   1.1881700e-01   4.7985100e+00   2.9788300e+01   1.0000000e+00
   2.2100000e+02   1.8173900e+01  -1.4117600e+00   5.9819300e+01  -1.0000000e+00
   2.2200000e+02   1.5620700e-01   1.5161300e+01   5.9258500e+01  -2.0000000e+00
   2.2300000e+02   1.8106500e+01  -3.5618400e+00   7.4176000e+01  -1.0000000e+00
   2.2400000e+02  -6.9910100e+00   2.6938900e+00   1.8484700e+01  -3.0000000e+00
   2.2500000e+02   1.4570700e+01   6.4960800e-01   2.9810800e+01   1.0000000e+00
   2.2600000e+02   4.2806600e-01  -5.9534400e+00   2.5283100e+01  -3.0000000e+00
   2.2700000e+02   3.7463600e+00   1.5143300e+01   3.0027900e+01  -2.0000000e+00
   2.2800000e+02  -8.8112900e+00   7.8865300e+00   3.0998000e+01   1.0000000e+00
   2.2900000e+02  -3.4490300e+00   1.3147800e+01   5.9979800e+01   1.0000000e+00
   2.3000000e+02  -6.4760200e+00  -1.5136200e+01   3.2265500e+01  -2.0000000e+00
   2.3100000e+02  -9.8403300e+00  -9.8684500e+00   3.1896000e+01   2.0000000e+00
   2.3200000e+02  -1.0981100e+01   1.5083500e+01   1.7798500e+01  -1.0000000e+00
   2.3300000e+02   7.3019400e+00  -1.3908900e+01   2.8613800e+01  -2.0000000e+00
   2.3400000e+02  -1.8487200e+01   1.0598600e+00   2.8040800e+01  -1.0000000e+00
   2.3500000e+02   1.4569200e+01   2.7162900e+00   1.2825700e-01   1.0000000e+00
   2.3600000e+02   7.3120400e+00  -3.5481600e+00   3.0011100e+01   1.0000000e+00
   2.3700000e+02   5.4926000e+00  -1.4966700e+01   2.7480700e+01  -2.0000000e+00
   2.3800000e+02  -9.6857300e+00  -1.3429500e+01   3.2019000e+01  -2.0000000e+00
   2.3900000e+02  -1.6356100e+00  -6.0362700e+00   1.9854100e+01  -3.0000000e+00
   2.4000000e+02  -1.7393100e+01   2.8220200e+00   4.3480700e+01  -1.0000000e+00
   2.4100000e+02  -6.9914500e+00  -8.3277200e-01   3.0499700e+01  -3.0000000e+00
   2.4200000e+02  -1.0676800e+01   6.7647000e+00   3.1374800e+01   1.0000000e+00
   2.4300000e+02  -8.5811600e+00  -1.5242600e+01   2.0206800e+01  -2.0000000e+00
   2.4400000e+02   3.7273500e+00   1.3080600e+01   2.9713700e+01   1.0000000e+00
   2.4500000e+02   3.7123000e+00   2.7156900e+00   2.9996000e+01   1.0000000e+00
   2.4600000e+02  -3.4493700e+00   4.8092900e+00   5.9728300e+01   1.0000000e+00
   2.4700000e+02   1.0857200e+01  -1.4206700e+01   5.9164200e+01  -1.0000000e+00
   2.4800000e+02  -1.4041400e+01  -9.9480000e+00   3.1726700e+01  -2.0000000e+00
   2.4900000e+02   1.0952400e+01  -1.4493000e+00   6.0064700e+01   1.0000000e+00
   2.5000000e+02  -5.3146400e+00   1.2074500e+01   3.0676900e+01   1.0000000e+00
   2.5100000e+02   1.9067300e+00  -2.4845900e+00   6.0651200e+01   1.0000000e+00
   2.5200000e+02  -5.2504900e+00   3.7744700e+00   5.9677400e+01   1.0000000e+00
   2.5300000e+02  -1.2717700e+01   1.3957700e+01   3.5256500e+00  -1.0000000e+00
   2.5400000e+02  -2.6937500e+00  -4.2743300e+00   3.2474600e+01  -3.0000000e+00
   2.5500000e+02   3.7047100e+00   4.8056500e+00   2.9696800e+01   1.0000000e+00
   2.5600000e+02   9.0734800e+00   1.6190900e+01  -2.7518800e-02  -1.0000000e+00
   2.5700000e+02   1.6327700e+01   1.0053400e+01   1.9521900e+00  -1.0000000e+00
   2.5800000e+02   7.3015400e+00  -5.6258100e+00   5.9714100e+01   1.0000000e+00
   2.5900000e+02   5.5228800e+00  -4.0567000e-01   5.9830700e+01   1.0000000e+00
   2.6000000e+02  -6.8803400e+00  -4.3896400e+00   3.1730100e+01   2.0000000e+00
   2.6100000e+02  -5.6268000e+00  -9.7457900e+00   3.2127500e+01   2.0000000e+00
   2.6200000e+02   3.6689100e+00  -7.6551100e+00   6.4118900e+01  -3.0000000e+00
   2.6300000e+02  -7.4432800e+00  -1.6990700e+01   3.2097500e+01  -1.0000000e+00
   2.6400000e+02  -1.6015400e+00   1.6235800e+01   4.7047100e+01  -2.0000000e+00
   2.6500000e+02   1.2916500e-01   1.1030700e+01   5.9857600e+01   1.0000000e+00
   2.6600000e+02   1.0879100e+01  -1.1838400e+01   2.9561200e+01  -2.0000000e+00
   2.6700000e+02   3.6394400e+00  -1.5974700e+01   5.2067100e+01  -2.0000000e+00
   2.6800000e+02  -1.5287600e+01   2.7615700e+00   2.8776900e+01  -2.0000000e+00
   2.6900000e+02  -5.2200700e+00   7.9353100e+00   3.0265300e+01   1.0000000e+00
   2.7000000e+02  -1.4379200e+01   1.0881800e+01   1.1902300e-02  -1.0000000e+00
   2.7100000e+02   5.5310400e+00   1.4111300e+01   2.9911200e+01   1.0000000e+00
   2.7200000e+02  -1.2884200e+01  -1.1697800e+01   3.2199800e+01  -2.0000000e+00
   2.7300000e+02  -5.3655000e+00  -1.6962500e+01   3.1373400e+01  -1.0000000e+00
   2.7400000e+02   1.6971000e+00  -1.1250400e+01   3.6690800e+01  -3.0000000e+00
   2.7500000e+02  -4.7762100e+00  -4.3277600e+00   3.1608400e+01   2.0000000e+00
   2.7600000e+02  -1.4279100e+01   9.4607800e-01   2.9662400e+01   2.0000000e+00
   2.7700000e+02   1.0901700e+01   8.8967100e+00   2.9861900e+01   1.0000000e+00
   2.7800000e+02   1.9503400e+00   7.9245700e+00   5.9829600e+01   1.0000000e+00
   2.7900000e+02   1.8308200e+01   2.8430700e+00   3.3085300e+01  -1.0000000e+00
   2.8000000e+02  -1.0337300e-01  -3.8382700e+00   2.8715000e+01  -3.0000000e+00
   2.8100000e+02   5.7108400e-01  -9.5195400e+00   3.2078900e+01  -3.0000000e+00
   2.8200000e+02   5.5348400e+00  -4.5877200e+00   2.9630400e+01   1.0000000e+00
   2.8300000e+02  -1.1735600e+01  -1.3522200e+01   3.2000100e+01  -2.0000000e+00
   2.8400000e+02   1.9147500e+00   1.2065700e+01   2.9882600e+01   1.0000000e+00
   2.8500000e+02   9.0861400e+00  -6.6553900e+00   5.9586200e+01   1.0000000e+00
   2.8600000e+02   1.0954500e+01   1.1016300e+01   2.9918400e+01   1.0000000e+00
   2.8700000e+02   1.6305800e+01  -4.5939900e+00  -2.3263700e-01  -2.0000000e+00
   2.8800000e+02  -5.4689000e+00   1.2492800e+00   3.6943900e+01  -3.0000000e+00
   2.8900000e+02  -9.9436400e+00  -6.2669700e+00   3.1797000e+01   2.0000000e+00
   2.9000000e+02   1.8079300e+01  -5.6238400e+00   5.9909500e+01  -1.0000000e+00
   2.9100000e+02   3.7240400e+00  -3.5328000e+00   2.9678500e+01   1.0000000e+00
   2.9200000e+02  -1.6475400e+00   5.8442600e+00   2.9649600e+01   1.0000000e+00
   2.9300000e+02   1.4432300e-01   1.3103100e+01   5.9583300e+01   1.0000000e+00
   2.9400000e+02   1.2136300e-01   8.9615400e+00   2.9946600e+01   1.0000000e+00
   2.9500000e+02   7.2420700e+00  -9.7711200e+00   2.9634100e+01   1.0000000e+00
   2.9600000e+02   5.5569500e+00   3.7564500e+00   2.9641100e+01   1.0000000e+00
   2.9700000e+02   1.2769900e+01  -3.9206600e-01   3.0024400e+01   1.0000000e+00
   2.9800000e+02  -1.6604300e+00   1.7135800e+00   2.9262100e+01   1.0000000e+00
   2.9900000e+02   1.2718100e+01   9.9184100e+00   1.6261700e-01   1.0000000e+00
