   0.0000000e+00   1.4853700e+00   5.3154600e+00   2.9399500e+01   1.0000000e+00
   1.0000000e+00  -1.7362500e+01   2.1110200e+00   2.8364000e+01  -2.0000000e+00
   2.0000000e+00  -1.8327000e+01   3.9396600e+00   2.9278800e+01  -1.0000000e+00
   3.0000000e+00  -1.6450200e+01  -6.8475800e+00   9.9791700e+00  -1.0000000e+00
   4.0000000e+00  -1.7418300e+01  -1.4443800e+00   1.4007900e+01  -1.0000000e+00
   5.0000000e+00  -9.0012300e+00  -1.6386200e+00   2.8634800e+01   1.0000000e+00
   6.0000000e+00  -1.1205200e+01  -5.1289600e+00   2.8105300e+01   1.0000000e+00
   7.0000000e+00   3.8330900e-01  -3.7161900e+00   2.7312700e+01  -2.0000000e+00
   8.0000000e+00   5.0392700e+00  -9.1636400e+00   1.8687100e+01   2.0000000e+00
   9.0000000e+00   7.8366500e+00  -5.9778900e+00   2.0097600e+01   0.0000000e+00
   1.0000000e+01  -1.1091700e+01  -1.5784600e+00   2.8483400e+01   1.0000000e+00
   1.1000000e+01   3.4951000e+00  -1.8504600e+00   3.4181800e+01  -2.0000000e+00
   1.2000000e+01   1.2263600e+01   5.8132700e+00   5.6540500e+01   1.0000000e+00
   1.3000000e+01  -6.5858800e+00   1.6356500e+01   2.8471400e+01  -1.0000000e+00
   1.4000000e+01   1.2612000e+01  -8.9073900e+00   1.6855200e+01   2.0000000e+00
   1.5000000e+01   5.4586100e-01   1.0716600e+01   3.0249200e+01  -3.0000000e+00
   1.6000000e+01   2.9516600e+00  -8.7206300e+00   2.9838600e+01   0.0000000e+00
   1.7000000e+01   1.5460900e+00   8.9014600e+00   2.8010300e+01  -3.0000000e+00
   1.8000000e+01   1.4291800e+01   8.7738600e+00   5.6565600e+01  -2.0000000e+00
   1.9000000e+01   9.0699900e-01  -8.2755700e+00   3.8036700e+01  -2.0000000e+00
   2.0000000e+01   4.5583900e+00   3.4660500e+00   3.6989200e+01  -3.0000000e+00
   2.1000000e+01  -7.6676600e+00   1.4540600e+01   2.8931100e+01  -2.0000000e+00
   2.2000000e+01  -1.4197500e+01   2.7276800e-01   2.8613900e+01   1.0000000e+00
   2.3000000e+01  -8.6560900e+00   1.6390700e+01   2.8836900e+01  -1.0000000e+00
   2.4000000e+01  -1.0264000e+01  -6.9737700e+00   2.6129500e+01   0.0000000e+00
   2.5000000e+01  -6.9371200e+00  -1.7021400e+00   2.8598400e+01   1.0000000e+00
   2.6000000e+01   3.5440100e+00   1.5301300e+01   5.9781900e+01  -3.0000000e+00
   2.7000000e+01  -4.8003500e+00   1.8664500e+00   2.8576300e+01   1.0000000e+00
   2.8000000e+01   3.6057700e+00   8.8450900e+00   2.2175400e+01  -3.0000000e+00
   2.9000000e+01   1.0741600e+01  -2.9424800e+00   2.2624000e+01  -1.0000000e+00
   3.0000000e+01   1.0068700e+01   7.7489700e-01   5.3140300e+01  -3.0000000e+00
   3.1000000e+01   4.5380500e+00  -8.7595800e-02   2.8255900e+01  -3.0000000e+00
   3.2000000e+01  -6.4395200e-01   1.7564100e+00   2.8679100e+01   1.0000000e+00
   3.3000000e+01  -8.7338500e+00   1.2752300e+01   2.8996200e+01   1.0000000e+00
   3.4000000e+01   1.1165000e+01  -1.0378500e+01   1.7696300e+01   2.0000000e+00
   3.5000000e+01  -4.1285800e-01  -1.5419200e+01   1.8981500e+01  -2.0000000e+00
   3.6000000e+01   4.3525900e+00  -7.2216800e+00   2.6691900e+01  -2.0000000e+00
   3.7000000e+01   1.0681100e+01   1.1073500e+01   2.8730900e+01   1.0000000e+00
   3.8000000e+01   6.7998500e+00   6.9665400e+00   5.8645200e+01  -3.0000000e+00
   3.9000000e+01  -7.1494900e+00  -8.9093000e+00   2.7601100e+01   0.0000000e+00
   4.0000000e+01   2.5621800e-01  -1.7394900e+01   1.9007300e+01  -1.0000000e+00
   4.1000000e+01  -2.5263000e+00   1.2608300e+01   2.8089200e+01   1.0000000e+00
   4.2000000e+01  -3.4661700e+00   1.4456000e+01   2.8531900e+01   1.0000000e+00
   4.3000000e+01  -3.2336000e-01   1.6240000e+01   3.1385800e+01  -2.0000000e+00
   4.4000000e+01   1.2713500e+01  -3.4956400e+00   3.3777300e+01  -2.0000000e+00
   4.5000000e+01   1.2494900e+01   1.4173700e+01  -5.9119300e-01  -1.0000000e+00
   4.6000000e+01   1.1616700e+01  -6.5261500e-01   5.0941200e+01  -2.0000000e+00
   4.7000000e+01  -3.5855900e+00   1.0839100e+01   2.8690400e+01   1.0000000e+00
   4.8000000e+01   1.5892400e+01   5.5662400e+00   5.6185300e+01  -2.0000000e+00
   4.9000000e+01  -2.6404500e+00   5.3603500e+00   2.8762900e+01   1.0000000e+00
   5.0000000e+01   1.0710100e+01   1.5235400e+01   4.4228800e+01  -1.0000000e+00
   5.1000000e+01   4.2879100e+00  -1.2656200e+01   1.9013500e+01   2.0000000e+00
   5.2000000e+01   7.7315100e-01   1.4467700e+01   2.8841900e+01  -3.0000000e+00
   5.3000000e+01  -3.7871400e+00  -1.6612200e+01   1.9419900e+01  -2.0000000e+00
   5.4000000e+01  -1.0983900e+01   5.5734700e+00   2.9230400e+01   1.0000000e+00
   5.5000000e+01   3.4243100e-01  -5.0119200e-02   2.9084900e+01   1.0000000e+00
   5.6000000e+01   1.4217700e+00   1.7133900e+00   2.9034300e+01   1.0000000e+00
   5.7000000e+01  -5.1151200e-01   8.9309800e+00   2.9215200e+01   1.0000000e+00
   5.8000000e+01   2.5653000e+00   7.0797000e+00   2.9649200e+01   1.0000000e+00
   5.9000000e+01   7.0445200e+00   1.1148500e+01   5.8682200e+01   1.0000000e+00
   6.0000000e+01  -5.7285800e-01   5.3378300e+00   2.9220500e+01   1.0000000e+00
   6.1000000e+01  -1.3057200e+01   9.3032900e+00   2.9151400e+01  -2.0000000e+00
   6.2000000e+01  -2.6047100e+00  -9.4350800e+00   2.0102700e+01  -2.0000000e+00
   6.3000000e+01   1.1289900e+01  -4.9959200e+00   1.6535300e+01  -2.0000000e+00
   6.4000000e+01   3.6187100e+00  -1.0667600e+01   1.8153800e+01   2.0000000e+00
   6.5000000e+01   4.9861100e+00  -1.4649700e+01   1.8982700e+01   2.0000000e+00
   6.6000000e+01  -5.8006600e+00   3.6635600e+00   2.8601600e+01   1.0000000e+00
   6.7000000e+01   5.2808000e+00   1.8448000e+01   1.8788600e+00  -1.0000000e+00
   6.8000000e+01   6.6077400e+00   3.1157400e+00   2.6557200e+01  -3.0000000e+00
   6.9000000e+01   2.4155000e-01  -1.1819800e+01   1.8953500e+01   2.0000000e+00
   7.0000000e+01  -7.7195800e+00   1.0949000e+01   2.8931700e+01   1.0000000e+00
   7.1000000e+01   7.0693900e+00  -9.4979200e+00   1.8357300e+01   2.0000000e+00
   7.2000000e+01  -1.4093100e+01  -8.9365400e+00   1.4541000e+01  -2.0000000e+00
   7.3000000e+01   5.3322300e+00   1.4255200e+01   5.9093900e+01   1.0000000e+00
   7.4000000e+01   1.6081800e+01  -7.8992000e+00   1.5879000e+01  -1.0000000e+00
   7.5000000e+01  -1.2645200e+01  -1.4718200e+01   3.8759300e+01  -1.0000000e+00
   7.6000000e+01  -2.7272400e+00   1.7921400e+00   2.8629000e+01   1.0000000e+00
   7.7000000e+01  -1.3047000e+01   5.6381800e+00   2.9151300e+01   1.0000000e+00
   7.8000000e+01   2.2550000e+00  -1.2254400e+01   1.9033500e+01   2.0000000e+00
   7.9000000e+01  -3.1194400e+00  -1.8572100e+01   1.9587900e+01  -1.0000000e+00
   8.0000000e+01   8.9351100e+00   1.6308400e+01   4.4105300e+01  -1.0000000e+00
   8.1000000e+01   4.2967500e+00  -1.8155200e+01   1.8914300e+01  -1.0000000e+00
   8.2000000e+01  -1.2094100e+01   2.3365000e-01   2.8794700e+01   1.0000000e+00
   8.3000000e+01   2.2645000e+00  -1.7774400e+01   1.9072900e+01  -1.0000000e+00
   8.4000000e+01  -1.1032000e+01   1.9938400e+00   2.8800100e+01   1.0000000e+00
   8.5000000e+01   1.2146300e+01   3.7093900e+00   5.6183200e+01   1.0000000e+00
   8.6000000e+01   1.1048700e+01  -1.5978100e+01   1.7171600e+01  -1.0000000e+00
   8.7000000e+01  -1.1808400e+01  -1.2355100e+01   3.4542300e+01  -2.0000000e+00
   8.8000000e+01   1.4618700e+01  -9.3479000e+00   1.6776900e+01  -2.0000000e+00
   8.9000000e+01   1.0283000e+01   2.8111500e+00   5.6111300e+01   1.0000000e+00
   9.0000000e+01   6.8465100e+00  -4.1357400e+00   3.0352700e+01  -2.0000000e+00
   9.1000000e+01  -4.4701700e+00   1.6267000e+01   4.2115200e+01  -2.0000000e+00
   9.2000000e+01   1.7062200e+01  -4.5050800e+00   1.3655900e+01  -1.0000000e+00
   9.3000000e+01   3.6423300e+00  -1.6196400e+01   1.8986100e+01  -2.0000000e+00
   9.4000000e+01   5.2249800e+00   1.0121700e+01   5.0533500e+01  -3.0000000e+00
   9.5000000e+01   6.2242100e+00   1.0873500e+00   6.4999200e+01  -3.0000000e+00
   9.6000000e+01   1.5457200e+01  -5.8787200e+00   1.5941700e+01  -2.0000000e+00
   9.7000000e+01   7.0471000e+00  -1.5048000e+01   1.8166200e+01  -2.0000000e+00
   9.8000000e+01  -5.6408400e+00   1.0885500e+01   2.8782600e+01   1.0000000e+00
   9.9000000e+01   1.0622100e+01   9.0073000e+00   5.7822500e+01   1.0000000e+00
   1.0000000e+02  -7.0412500e+00  -5.2789500e+00   2.7746800e+01   1.0000000e+00
   1.0100000e+02   3.1215500e+00   1.1006900e+01   3.3474500e+01  -3.0000000e+00
   1.0200000e+02  -2.7576700e+00  -1.7951600e+00   2.8951400e+01   1.0000000e+00
   1.0300000e+02  -8.5679400e+00  -1.3955700e+01   2.6454800e+01   0.0000000e+00
   1.0400000e+02   7.6563000e+00  -1.7084600e+01   1.7250300e+01  -1.0000000e+00
   1.0500000e+02  -7.9612200e+00   1.4204300e-01   2.9045200e+01   1.0000000e+00
   1.0600000e+02   1.0521700e+01   6.9207300e+00   5.7150000e+01   1.0000000e+00
   1.0700000e+02  -1.2003200e+01  -8.8975100e+00   2.6188300e+01  -1.0000000e+00
   1.0800000e+02   7.1767000e+00   1.7402200e+01   4.4862900e+01  -1.0000000e+00
   1.0900000e+02  -1.2213000e+01  -3.3343400e+00   2.8138100e+01   1.0000000e+00
   1.1000000e+02  -5.1650100e+00  -1.2706900e+01   2.0617400e+01   2.0000000e+00
   1.1100000e+02   5.6470300e+00  -1.1122500e+01   1.8797100e+01   2.0000000e+00
   1.1200000e+02   1.0474400e+01  -8.3994000e+00   1.7449700e+01   2.0000000e+00
   1.1300000e+02   1.2419800e+01  -1.4433100e+01   2.9145100e+01  -2.0000000e+00
   1.1400000e+02   8.7650300e+00   8.0107000e+00   5.7844200e+01   1.0000000e+00
   1.1500000e+02   8.2230200e+00   1.7675500e+00   5.2830500e+01   1.0000000e+00
   1.1600000e+02  -4.8768600e+00  -1.7567900e+00   2.8965600e+01   1.0000000e+00
   1.1700000e+02  -9.9643900e+00   3.7655900e+00   2.9062700e+01   1.0000000e+00
   1.1800000e+02  -1.2003800e+01   7.4641700e+00   2.8818900e+01   1.0000000e+00
   1.1900000e+02   9.6200300e+00  -1.2309300e+00   3.9256100e+01  -2.0000000e+00
   1.2000000e+02  -2.4430600e+00  -1.5027800e+01   1.9402900e+01   2.0000000e+00
   1.2100000e+02  -1.8488100e+01   3.8002400e-01   2.8720900e+01  -1.0000000e+00
   1.2200000e+02  -3.6841000e+00   1.8195900e+01   3.2521500e+01  -1.0000000e+00
   1.2300000e+02   1.4422400e+01   1.2953400e+01   5.7962100e+01  -1.0000000e+00
   1.2400000e+02  -1.5312600e+01  -1.4673800e+00   2.8508200e+01  -2.0000000e+00
   1.2500000e+02   1.0365600e+01   4.8689400e+00   5.7240100e+01   1.0000000e+00
   1.2600000e+02   1.4406800e+01   1.0833900e+01   5.8011600e+01  -2.0000000e+00
   1.2700000e+02   7.9284200e+00  -2.3926500e+00   1.4984800e+01  -3.0000000e+00
   1.2800000e+02   3.5014900e+00   1.3232100e+01   6.7799400e+01  -3.0000000e+00
   1.2900000e+02   1.4047500e+01  -7.3822400e+00   1.6600400e+01  -2.0000000e+00
   1.3000000e+02   3.5462200e+00   1.7361100e+01   4.2827800e+01  -2.0000000e+00
   1.3100000e+02  -4.9530000e+00  -5.4003100e+00   4.0805400e+01   0.0000000e+00
   1.3200000e+02   4.8190100e-01   7.1179800e+00   2.9154400e+01   1.0000000e+00
   1.3300000e+02   6.3706200e+00  -1.3062900e+01   1.9245100e+01   2.0000000e+00
   1.3400000e+02  -7.8571800e+00   3.7156800e+00   2.8619900e+01   1.0000000e+00
   1.3500000e+02   4.9820600e+00  -3.2665800e+00   1.2912200e+01  -1.0000000e+00
   1.3600000e+02   5.8617500e+00   5.0588900e+00   2.5684000e+01  -3.0000000e+00
   1.3700000e+02   1.4770800e+01  -3.7937900e+00   1.8278300e+01  -2.0000000e+00
   1.3800000e+02  -8.4789200e-01  -5.5128500e+00   4.0179200e+01  -2.0000000e+00
   1.3900000e+02   4.7030800e+00   7.0944600e+00   1.7505800e+01  -3.0000000e+00
   1.4000000e+02  -6.7900900e+00   5.5042000e+00   2.8748300e+01   1.0000000e+00
   1.4100000e+02   1.5592600e+01   1.4173700e+00   5.5292100e+01  -2.0000000e+00
   1.4200000e+02   6.0273300e+00  -1.5031500e+00   4.9686500e+01  -2.0000000e+00
   1.4300000e+02  -5.9470800e+00  -3.5432800e+00   2.8406900e+01   1.0000000e+00
   1.4400000e+02  -1.4710400e+00   1.8065100e+01   3.0626700e+01  -1.0000000e+00
   1.4500000e+02  -7.8872500e+00  -1.5898500e+01   1.0498500e+01  -2.0000000e+00
   1.4600000e+02  -5.5931500e+00   1.4492400e+01   2.8642100e+01  -2.0000000e+00
   1.4700000e+02   1.3585300e+01  -1.6264400e+00   4.8106200e+01  -1.0000000e+00
   1.4800000e+02   8.5811000e+00   5.9494200e+00   5.7700600e+01  -3.0000000e+00
   1.4900000e+02  -1.7356700e+01   5.7486300e+00   4.3890600e+01  -1.0000000e+00
   1.5000000e+02   4.3961800e-01   3.5111200e+00   2.9100200e+01   1.0000000e+00
   1.5100000e+02   8.8820300e+00   1.2113700e+01   5.9050600e+01   1.0000000e+00
   1.5200000e+02   9.7954500e+00  -1.1950500e+01   1.8176800e+01   2.0000000e+00
   1.5300000e+02   7.7363200e+00  -3.5330300e-01   2.7268200e+01  -3.0000000e+00
   1.5400000e+02   3.4815500e+00   1.6929300e+00   2.9403500e+01  -3.0000000e+00
   1.5500000e+02  -9.8097200e+00   1.0984800e+01   2.9041200e+01   1.0000000e+00
   1.5600000e+02   1.3461800e+01  -5.4145300e+00   1.8490900e+01   2.0000000e+00
   1.5700000e+02  -1.5698200e+00   7.1313900e+00   2.9107000e+01   1.0000000e+00
   1.5800000e+02  -9.2713500e+00  -8.7744100e+00   2.5962800e+01   0.0000000e+00
   1.5900000e+02  -3.8621700e+00  -1.1077800e+01   2.1761000e+01   2.0000000e+00
   1.6000000e+02  -1.2271400e+00  -7.8911000e+00   3.7930500e+01  -2.0000000e+00
   1.6100000e+02  -7.8350300e+00   7.3386500e+00   2.8347800e+01   1.0000000e+00
   1.6200000e+02  -1.6366600e+00   3.5567100e+00   2.8784300e+01   1.0000000e+00
   1.6300000e+02  -1.3182100e+01  -1.5257300e+00   2.8318700e+01   1.0000000e+00
   1.6400000e+02   1.6434100e+01  -2.5317900e+00   9.6116400e+00  -1.0000000e+00
   1.6500000e+02  -1.7308600e+00  -1.3021800e-02   2.9170800e+01   1.0000000e+00
   1.6600000e+02  -3.3162400e+00  -7.4857800e+00   4.0855600e+01  -1.0000000e+00
   1.6700000e+02  -1.4104200e+01   3.8577400e+00   2.9093100e+01   1.0000000e+00
   1.6800000e+02  -1.0606200e+01  -1.0402900e+01   2.9683000e+01  -2.0000000e+00
   1.6900000e+02  -4.5357500e-01  -9.8404100e+00   1.9699000e+01   2.0000000e+00
   1.7000000e+02  -2.5761300e+00   8.9479600e+00   2.8736100e+01   1.0000000e+00
   1.7100000e+02   1.3864000e+01   2.5562400e+00   5.6578800e+01   1.0000000e+00
   1.7200000e+02   1.3627800e+00  -1.8959900e+00   3.0349400e+01  -2.0000000e+00
   1.7300000e+02   1.6058700e+01   7.6172300e+00   7.0774300e+01  -1.0000000e+00
   1.7400000e+02  -1.3905000e+01  -1.2577200e+01   1.8749200e+01  -1.0000000e+00
   1.7500000e+02   8.9073200e+00   1.4208300e+01   5.9339400e+01  -2.0000000e+00
   1.7600000e+02  -9.9528800e+00   7.3765000e+00   2.8425500e+01   1.0000000e+00
   1.7700000e+02   1.6005500e+00  -1.5816400e+01   1.9219100e+01  -2.0000000e+00
   1.7800000e+02  -1.4044000e+01   1.1142700e+01   4.2852700e+01  -1.0000000e+00
   1.7900000e+02   9.1504600e+00  -4.3510000e+00   2.0123100e+01  -2.0000000e+00
   1.8000000e+02   6.4167400e+00  -7.5155900e+00   2.0688700e+01   0.0000000e+00
   1.8100000e+02   1.4148000e+01   6.7126700e+00   5.6037100e+01  -2.0000000e+00
   1.8200000e+02  -1.5108500e+01  -1.0764700e+01   1.6881500e+01  -1.0000000e+00
   1.8300000e+02   1.3873700e+01  -1.2882200e+01   1.7182000e+01  -2.0000000e+00
   1.8400000e+02  -4.6251900e+00   9.0190500e+00   2.8178300e+01   1.0000000e+00
   1.8500000e+02   1.6228600e+01   9.8283100e+00   5.8424500e+01  -1.0000000e+00
   1.8600000e+02  -3.8341100e+00  -3.5542200e+00   2.8452900e+01   1.0000000e+00
   1.8700000e+02  -1.0604000e+01  -1.4159700e+01   2.1614000e+01  -2.0000000e+00
   1.8800000e+02  -2.3901200e+00   1.6212300e+01   3.0973200e+01  -2.0000000e+00
   1.8900000e+02   6.7884200e-01   1.8069200e+01   3.8271500e+01  -1.0000000e+00
   1.9000000e+02  -9.7438000e+00  -1.2267100e+01   2.9262400e+01   0.0000000e+00
   1.9100000e+02  -1.3329900e+01  -5.0786200e+00   2.8628200e+01   1.0000000e+00
   1.9200000e+02   2.4457100e+00  -8.3303100e-02   2.9709400e+01   1.0000000e+00
   1.9300000e+02   1.5729700e+01   3.4810400e+00   5.6056200e+01  -2.0000000e+00
   1.9400000e+02  -5.1822000e+00  -1.8212800e+01   1.9477200e+01  -1.0000000e+00
   1.9500000e+02   1.7592300e+01   2.2726900e+00   6.9986100e+01  -1.0000000e+00
   1.9600000e+02  -6.9320200e-01  -1.8686700e+00   2.9296000e+01   1.0000000e+00
   1.9700000e+02  -1.4304100e+01  -3.2550800e+00   2.8500200e+01   1.0000000e+00
   1.9800000e+02  -3.7363800e+00   3.6095100e+00   2.8526800e+01   1.0000000e+00
   1.9900000e+02  -5.9575800e+00  -7.2322400e+00   2.8841900e+01   0.0000000e+00
   2.0000000e+02  -1.6306800e+01   3.3473300e-01   2.8749900e+01  -2.0000000e+00
   2.0100000e+02   1.1967600e+01   1.5652900e+00   5.4795700e+01   1.0000000e+00
   2.0200000e+02   2.4448000e+00  -3.6382600e+00   1.7831900e+01  -1.0000000e+00
   2.0300000e+02  -1.5197200e+01   9.2558900e+00   4.6159600e+01  -1.0000000e+00
   2.0400000e+02  -1.6159900e+01   7.4400300e+00   4.4455100e+01  -1.0000000e+00
   2.0500000e+02  -1.2936600e+01   1.2876400e+01   4.3148700e+01  -1.0000000e+00
   2.0600000e+02   9.0432800e+00  -1.5487700e+01   2.9819500e+01  -2.0000000e+00
   2.0700000e+02  -1.7775300e+00  -3.6587600e+00   2.7734000e+01   1.0000000e+00
   2.0800000e+02  -8.1724500e+00  -7.0334000e+00   2.7386700e+01   1.0000000e+00
   2.0900000e+02   1.1999800e+01  -6.9283900e+00   1.7066700e+01   2.0000000e+00
   2.1000000e+02  -1.3022600e+01  -1.0694200e+01   3.3607600e+01  -2.0000000e+00
   2.1100000e+02  -6.6999400e+00   9.1266600e+00   2.8165500e+01   1.0000000e+00
   2.1200000e+02  -1.4061300e+01   7.4888300e+00   3.0431700e+01  -2.0000000e+00
   2.1300000e+02   7.6888500e+00  -1.1464700e+01   1.8608500e+01   2.0000000e+00
   2.1400000e+02  -1.2035300e+01   3.8080900e+00   2.8812900e+01   1.0000000e+00
   2.1500000e+02   1.2359400e+01   7.8847700e+00   5.6485200e+01   1.0000000e+00
   2.1600000e+02  -1.5199500e+01   2.0902700e+00   2.8842400e+01   1.0000000e+00
   2.1700000e+02  -1.7833900e+00  -1.1421200e+01   2.0271100e+01   2.0000000e+00
   2.1800000e+02   8.5066100e+00   3.8845100e+00   6.7821200e+01  -3.0000000e+00
   2.1900000e+02   2.4618500e+00   1.9144500e+01   1.6197500e+01  -1.0000000e+00
   2.2000000e+02  -4.7260400e+00   5.4320300e+00   2.8392100e+01   1.0000000e+00
   2.2100000e+02   7.1043900e+00   1.3207500e+01   5.8842200e+01   1.0000000e+00
   2.2200000e+02  -5.9379700e+00  -1.0774700e+01   2.4971300e+01   0.0000000e+00
   2.2300000e+02  -1.2313800e+01  -6.8665000e+00   1.2681300e+01  -2.0000000e+00
   2.2400000e+02   1.7321100e+01   1.4769500e-01   3.2054800e+01  -1.0000000e+00
   2.2500000e+02  -6.6441300e+00   1.2708500e+01   2.8972900e+01   1.0000000e+00
   2.2600000e+02   1.5962100e+00   1.2491400e+01   2.3334700e+01  -3.0000000e+00
   2.2700000e+02  -2.8990000e+00  -5.4307400e+00   4.3908100e+01  -2.0000000e+00
   2.2800000e+02  -8.9223600e+00   5.5718300e+00   2.9354400e+01   1.0000000e+00
   2.2900000e+02   9.8456500e+00  -6.4539600e+00   1.7247200e+01   2.0000000e+00
   2.3000000e+02  -1.4388000e+01  -6.8894600e+00   1.3050500e+01  -2.0000000e+00
   2.3100000e+02   2.4974200e+00   3.5112600e+00   2.8910000e+01   1.0000000e+00
   2.3200000e+02  -6.5213400e+00  -1.4294900e+01   2.0069600e+01   2.0000000e+00
   2.3300000e+02  -1.5142800e+01   5.6570000e+00   2.9217800e+01  -2.0000000e+00
   2.3400000e+02   1.5687200e+00  -1.0235400e+01   1.8687900e+01   2.0000000e+00
   2.3500000e+02   1.5239400e+01  -1.1314800e+01   1.8055800e+01  -1.0000000e+00
   2.3600000e+02   3.0573500e+00  -5.6107200e+00   5.1489600e+00  -1.0000000e+00
   2.3700000e+02  -1.1929700e+01   1.1039200e+01   2.8126200e+01  -2.0000000e+00
   2.3800000e+02   1.0679200e+01   1.3176700e+01   2.9490700e+01  -2.0000000e+00
   2.3900000e+02  -1.0896100e+01   9.2123400e+00   2.8285000e+01   1.0000000e+00
   2.4000000e+02  -4.5854500e+00   1.2671100e+01   2.8685900e+01   1.0000000e+00
   2.4100000e+02   1.2568100e+01   1.2023000e+01   2.8321600e+01  -2.0000000e+00
   2.4200000e+02  -1.6446200e+01  -3.2523800e+00   2.9065600e+01  -2.0000000e+00
   2.4300000e+02  -1.6211600e+01   3.8744500e+00   2.9115600e+01  -2.0000000e+00
   2.4400000e+02   5.3718600e+00   1.6316600e+01   3.0173200e+01  -2.0000000e+00
   2.4500000e+02   7.1465600e+00   1.5266700e+01   5.9292300e+01  -2.0000000e+00
   2.4600000e+02  -1.0830200e+01   1.2785600e+01   2.8488300e+01  -2.0000000e+00
   2.4700000e+02   1.5432300e+01  -6.7348700e-01   3.8031800e+01  -2.0000000e+00
   2.4800000e+02   1.1805100e+01  -1.2364200e+01   1.7254500e+01   2.0000000e+00
   2.4900000e+02  -5.7278900e+00   7.2863300e+00   2.8113200e+01   1.0000000e+00
   2.5000000e+02  -8.9823700e+00   1.9600300e+00   2.8651400e+01   1.0000000e+00
   2.5100000e+02  -1.1854000e+01   1.4671300e+01   2.8215600e+01  -1.0000000e+00
   2.5200000e+02  -5.8704500e+00   1.0036300e-01   2.8666300e+01   1.0000000e+00
   2.5300000e+02  -4.4906300e+00  -1.4656400e+01   1.9730200e+01   2.0000000e+00
   2.5400000e+02  -1.3113100e+01   2.0610700e+00   2.8745400e+01   1.0000000e+00
   2.5500000e+02  -1.5377600e+01  -5.0190800e+00   2.9825100e+01  -2.0000000e+00
   2.5600000e+02   1.0863400e+00  -6.2152700e+00   3.1957700e+01  -1.0000000e+00
   2.5700000e+02  -1.6184200e+01  -8.9782800e+00  -1.6895200e+01  -1.0000000e+00
   2.5800000e+02   6.9958400e+00   9.0583400e+00   5.8042200e+01  -3.0000000e+00
   2.5900000e+02  -8.3645100e+00  -1.0618600e+01   2.5664900e+01   0.0000000e+00
   2.6000000e+02  -1.0928300e+00  -1.3380900e+01   1.9112000e+01   2.0000000e+00
   2.6100000e+02  -7.3212400e+00  -1.7874000e+01   1.8114000e+01  -1.0000000e+00
   2.6200000e+02   1.0428200e+01  -1.3928900e+01   1.7572800e+01  -2.0000000e+00
   2.6300000e+02   8.4574400e+00  -7.9828300e+00   1.7701600e+01   2.0000000e+00
   2.6400000e+02  -1.7612700e+01  -5.1473600e+00   3.2010200e+01  -1.0000000e+00
   2.6500000e+02  -8.7716600e+00   9.1861400e+00   2.8426800e+01   1.0000000e+00
   2.6600000e+02   1.7701800e+01   4.3852800e+00   5.6177500e+01  -1.0000000e+00
   2.6700000e+02   1.3737900e+01   4.9437800e-01   5.6916100e+01  -2.0000000e+00
   2.6800000e+02  -4.5119100e-01   1.2575100e+01   2.7782900e+01   1.0000000e+00
   2.6900000e+02  -1.5145100e+00   1.0743700e+01   2.8886700e+01   1.0000000e+00
   2.7000000e+02   5.6628700e+00  -1.6590300e+01   3.0247900e+01  -2.0000000e+00
   2.7100000e+02  -8.0226200e+00  -3.4512300e+00   2.7963400e+01   1.0000000e+00
   2.7200000e+02  -9.1336200e+00  -5.1909900e+00   2.7806000e+01   1.0000000e+00
   2.7300000e+02   3.6340900e+00   5.3226700e+00   2.8000700e+01   1.0000000e+00
   2.7400000e+02  -9.7355300e+00   1.4569500e+01   4.0623900e+01  -2.0000000e+00
   2.7500000e+02  -7.2622900e+00  -1.2361600e+01   2.3763800e+01   0.0000000e+00
   2.7600000e+02   5.1801900e+00  -5.3315600e+00   2.2901600e+01  -2.0000000e+00
   2.7700000e+02  -6.8838300e+00   1.8970100e+00   2.8659800e+01   1.0000000e+00
   2.7800000e+02   8.8216200e+00   1.0050200e+01   5.8711900e+01   1.0000000e+00
   2.7900000e+02  -3.6622400e+00   7.1833600e+00   2.8297700e+01   1.0000000e+00
   2.8000000e+02   1.2529200e+01   9.9397200e+00   5.6785800e+01   1.0000000e+00
   2.8100000e+02  -1.7751100e+00  -1.6979500e+01   3.1140100e+01  -2.0000000e+00
   2.8200000e+02  -1.0035000e+01   1.8259000e-01   2.9044800e+01   1.0000000e+00
   2.8300000e+02   1.7321700e+00   1.6288200e+01   3.1238000e+01  -2.0000000e+00
   2.8400000e+02   2.9618800e+00  -1.4234100e+01   1.9304400e+01   2.0000000e+00
   2.8500000e+02   8.4029300e+00  -1.3499500e+01   1.8322700e+01   2.0000000e+00
   2.8600000e+02  -5.8175600e+00  -1.6241500e+01   1.9233700e+01  -2.0000000e+00
   2.8700000e+02   5.2688400e+00   1.2187700e+01   5.8995500e+01   1.0000000e+00
   2.8800000e+02   9.1083800e+00  -9.9504800e+00   1.8078900e+01   2.0000000e+00
   2.8900000e+02  -1.0109400e+01  -3.3823200e+00   2.8196400e+01   1.0000000e+00
   2.9000000e+02   1.4458300e+01  -1.4861800e+01  -1.2711100e+01  -1.0000000e+00
   2.9100000e+02  -9.9647100e+00  -1.6154600e+01   2.7457800e+01  -1.0000000e+00
   2.9200000e+02  -1.3159900e+00   1.4448300e+01   2.9020600e+01   1.0000000e+00
   2.9300000e+02  -4.7622400e+00  -8.9741000e+00   2.4448500e+01  -2.0000000e+00
   2.9400000e+02  -3.1096500e+00  -1.3020600e+01   2.0149900e+01   2.0000000e+00
   2.9500000e+02   1.3998700e+01   4.6234300e+00   5.6175300e+01   1.0000000e+00
   2.9600000e+02   9.0747400e-01  -1.3849800e+01   1.8921400e+01   2.0000000e+00
   2.9700000e+02   1.3232800e+01  -1.0878000e+01   1.7223000e+01  -2.0000000e+00
   2.9800000e+02   1.8464900e+01  -1.9772200e+00   6.7830900e+00  -1.0000000e+00
   2.9900000e+02  -3.8173900e+00   7.0122900e-03   2.8793600e+01   1.0000000e+00
