   0.0000000e+00   9.4428200e+00  -6.2115000e+00   1.0000000e+00
   1.0000000e+00   6.8385100e+00  -1.3193200e+01   1.0000000e+00
   2.0000000e+00   1.1000500e+01  -9.4205300e+00   1.0000000e+00
   3.0000000e+00   5.1465400e+00   9.5527000e+00  -1.0000000e+00
   4.0000000e+00   2.8753300e+00   2.6433900e+00  -1.0000000e+00
   5.0000000e+00  -6.1909300e+00  -1.6870700e+00   1.0000000e+00
   6.0000000e+00  -1.3391400e+00  -1.5361900e+01   1.0000000e+00
   7.0000000e+00  -2.8005300e+00  -2.8012200e+00   1.0000000e+00
   8.0000000e+00   1.7397400e+01   1.6045600e+00  -1.0000000e+00
   9.0000000e+00  -1.0865500e+01   6.5840500e+00  -1.0000000e+00
   1.0000000e+01   1.0021500e+01  -1.5843400e+01   1.0000000e+00
   1.1000000e+01  -3.9639500e+00   9.6370500e+00  -1.0000000e+00
   1.2000000e+01   5.2750000e+00  -7.9734300e+00   1.0000000e+00
   1.3000000e+01   1.3955000e+01   6.0172200e+00  -1.0000000e+00
   1.4000000e+01  -1.1622500e+01   1.2741300e+01  -1.0000000e+00
   1.5000000e+01   9.8288200e+00  -2.0841400e+00  -1.0000000e+00
   1.6000000e+01   7.1769500e+00  -1.1151000e+01   1.0000000e+00
   1.7000000e+01  -1.9117100e+01   2.2530100e-01   1.0000000e+00
   1.8000000e+01  -4.1381700e+00  -6.7574100e+00   1.0000000e+00
   1.9000000e+01   1.4956200e+01  -5.5661500e+00  -1.0000000e+00
   2.0000000e+01  -1.3845200e+01   1.9073100e+00   1.0000000e+00
   2.1000000e+01   4.8868100e+00  -1.3905200e+01   1.0000000e+00
   2.2000000e+01  -8.8891400e+00  -9.5253000e+00   1.0000000e+00
   2.3000000e+01  -5.8796700e+00   1.0434300e+01  -1.0000000e+00
   2.4000000e+01   1.3280600e+01  -4.3525900e+00  -1.0000000e+00
   2.5000000e+01   1.3883100e+01   3.9212000e+00  -1.0000000e+00
   2.6000000e+01  -1.3307300e+01   1.1511600e+01  -1.0000000e+00
   2.7000000e+01  -1.4151200e+01   3.9694900e+00   1.0000000e+00
   2.8000000e+01  -1.1602800e+01  -6.3610700e+00   1.0000000e+00
   2.9000000e+01   1.2339100e+01   9.2757700e+00  -1.0000000e+00
   3.0000000e+01  -1.7176000e+01  -5.3248700e+00   1.0000000e+00
   3.1000000e+01   1.0618700e+01   1.2507100e+01  -1.0000000e+00
   3.2000000e+01  -7.5401500e+00  -5.6175200e+00   1.0000000e+00
   3.3000000e+01  -4.9812600e+00   4.2661700e+00  -1.0000000e+00
   3.4000000e+01   1.5139300e+01  -3.4826800e+00  -1.0000000e+00
   3.5000000e+01  -1.0253600e+01   2.4545300e+00   1.0000000e+00
   3.6000000e+01  -1.6100500e+01   4.7785500e+00   1.0000000e+00
   3.7000000e+01  -1.4353100e+01  -8.6890800e+00   1.0000000e+00
   3.8000000e+01  -1.1562700e+01  -1.1837100e+01   1.0000000e+00
   3.9000000e+01  -9.7127100e+00   1.1971800e+01  -1.0000000e+00
   4.0000000e+01  -4.0108500e+00  -1.7707300e+01   1.0000000e+00
   4.1000000e+01   1.4159800e+01   1.0220700e+01  -1.0000000e+00
   4.2000000e+01   5.4135300e-01  -3.9323700e+00   1.0000000e+00
   4.3000000e+01  -2.1189300e+00  -6.3441000e+00   1.0000000e+00
   4.4000000e+01  -1.1924600e+01   1.4782600e+01  -1.0000000e+00
   4.5000000e+01  -1.7718800e+01   3.4971800e+00   1.0000000e+00
   4.6000000e+01   1.0556900e+00   1.5612100e+01  -1.0000000e+00
   4.7000000e+01  -1.1558400e+01  -8.6534200e-01   1.0000000e+00
   4.8000000e+01   1.5941600e+01   1.1254700e+01  -1.0000000e+00
   4.9000000e+01  -1.5782400e+01  -7.1229200e+00   1.0000000e+00
   5.0000000e+01  -8.3135100e+00   1.7632200e+00   1.0000000e+00
   5.1000000e+01   3.3252600e+00   1.0497400e+01  -1.0000000e+00
   5.2000000e+01   4.6460400e+00   1.7846500e+01  -1.0000000e+00
   5.3000000e+01   8.0813100e+00  -1.6520600e+01   1.0000000e+00
   5.4000000e+01  -1.0246600e+01  -2.4654800e+00   1.0000000e+00
   5.5000000e+01   1.4993700e+00   9.4117900e+00  -1.0000000e+00
   5.6000000e+01   6.0860900e+00  -1.7263700e+01   1.0000000e+00
   5.7000000e+01  -3.3312500e+00   5.5335800e+00  -1.0000000e+00
   5.8000000e+01   8.4681600e+00  -1.4487200e+01   1.0000000e+00
   5.9000000e+01   4.3843800e+00  -2.6548300e+00  -1.0000000e+00
   6.0000000e+01  -4.6510500e+00   2.2193000e+00  -1.0000000e+00
   6.1000000e+01  -7.1588000e-01   7.0123300e-01  -1.0000000e+00
   6.2000000e+01   4.5420700e+00  -9.9358000e+00   1.0000000e+00
   6.3000000e+01   6.2066800e-01  -9.4103200e+00   1.0000000e+00
   6.4000000e+01   1.0379000e+01  -1.3745800e+01   1.0000000e+00
   6.5000000e+01   8.7942400e+00  -1.2427500e+01   1.0000000e+00
   6.6000000e+01  -4.1803400e+00  -1.2506900e+00   1.0000000e+00
   6.7000000e+01   3.3043600e+00   8.4444600e+00  -1.0000000e+00
   6.8000000e+01   3.2571800e+00   1.2563700e+01  -1.0000000e+00
   6.9000000e+01  -6.1814900e+00  -7.1763500e+00   1.0000000e+00
   7.0000000e+01  -4.7303200e-01   1.2196700e+01  -1.0000000e+00
   7.1000000e+01  -4.3270300e-01   1.0137400e+01  -1.0000000e+00
   7.2000000e+01   2.2507200e+00  -1.6555800e+01   1.0000000e+00
   7.3000000e+01   1.0426300e+01   6.2525600e+00  -1.0000000e+00
   7.4000000e+01  -5.5858000e-01   1.4319800e+01  -1.0000000e+00
   7.5000000e+01  -2.2991900e-02  -1.1394100e+01   1.0000000e+00
   7.6000000e+01  -8.2193600e+00  -2.0899100e+00   1.0000000e+00
   7.7000000e+01  -1.1413500e+00   2.7356400e+00  -1.0000000e+00
   7.8000000e+01  -6.8553400e+00  -3.6606200e+00   1.0000000e+00
   7.9000000e+01  -1.4305400e+01  -3.2516400e+00   1.0000000e+00
   8.0000000e+01  -1.5056500e+01  -1.0735000e+01   1.0000000e+00
   8.1000000e+01  -6.1174000e+00  -1.2624700e+01   1.0000000e+00
   8.2000000e+01  -3.6567300e+00   7.5974900e+00  -1.0000000e+00
   8.3000000e+01   1.5618500e+01   2.7943900e+00  -1.0000000e+00
   8.4000000e+01   1.4514100e+01  -9.7716200e+00   1.0000000e+00
   8.5000000e+01  -9.5876500e+00  -5.9861300e+00   1.0000000e+00
   8.6000000e+01  -1.5793100e+01   2.6998800e+00   1.0000000e+00
   8.7000000e+01  -4.7592400e+00  -1.4160800e+01   1.0000000e+00
   8.8000000e+01  -4.7841100e+00   1.7916400e+01  -1.0000000e+00
   8.9000000e+01  -1.3593500e+01   1.3567400e+01  -1.0000000e+00
   9.0000000e+01   5.8449400e+00  -5.9573100e+00   1.0000000e+00
   9.1000000e+01   8.8164200e+00   1.1494000e+01  -1.0000000e+00
   9.2000000e+01  -1.0261900e+01  -7.9506400e+00   1.0000000e+00
   9.3000000e+01  -5.5528400e+00   3.1516100e-01   1.0000000e+00
   9.4000000e+01  -8.6041600e+00   3.8006300e+00  -1.0000000e+00
   9.5000000e+01   1.4318800e+01  -1.3909700e+01   1.0000000e+00
   9.6000000e+01  -2.8932600e+00   1.7090000e+01  -1.0000000e+00
   9.7000000e+01   1.2021300e+01   2.9957000e+00  -1.0000000e+00
   9.8000000e+01   1.5518100e+01   6.6200900e-01  -1.0000000e+00
   9.9000000e+01  -1.7468800e+01   1.4582300e+00   1.0000000e+00
   1.0000000e+02  -6.9025300e-01  -1.3370200e+01   1.0000000e+00
   1.0100000e+02  -1.6371000e+01  -3.3867000e+00   1.0000000e+00
   1.0200000e+02  -6.4317900e+00   1.6672700e+01  -1.0000000e+00
   1.0300000e+02  -1.7207400e+01  -6.6253900e-01   1.0000000e+00
   1.0400000e+02   1.3242500e+00  -1.2970400e+01   1.0000000e+00
   1.0500000e+02   5.1036300e-01   3.9567300e+00  -1.0000000e+00
   1.0600000e+02   1.7091600e+01  -2.5151000e+00  -1.0000000e+00
   1.0700000e+02   1.5782300e+01   6.9829100e+00  -1.0000000e+00
   1.0800000e+02   1.0576300e+01   1.0414900e+01  -1.0000000e+00
   1.0900000e+02   2.5464500e+00  -3.5454100e+00   1.0000000e+00
   1.1000000e+02  -7.2452700e+00   7.0923700e+00  -1.0000000e+00
   1.1100000e+02  -7.5176800e+00   9.1421300e+00  -1.0000000e+00
   1.1200000e+02  -4.2428200e+00   1.1687800e+01  -1.0000000e+00
   1.1300000e+02   2.8510900e+00   1.6787900e+01  -1.0000000e+00
   1.1400000e+02  -8.2242000e+00  -7.5822500e+00   1.0000000e+00
   1.1500000e+02   2.6599400e+00  -9.0135900e+00   1.0000000e+00
   1.1600000e+02   7.9575900e+00  -2.9558800e+00  -1.0000000e+00
   1.1700000e+02   1.2859900e+01  -8.5544300e+00   1.0000000e+00
   1.1800000e+02  -4.5369600e+00   1.5813800e+01  -1.0000000e+00
   1.1900000e+02  -6.5947800e+00   2.9454600e+00  -1.0000000e+00
   1.2000000e+02  -2.7824500e+00  -8.2991100e+00   1.0000000e+00
   1.2100000e+02   1.1428600e+01  -5.2817200e+00  -1.0000000e+00
   1.2200000e+02   1.4355800e+01  -1.1820100e+01   1.0000000e+00
   1.2300000e+02   1.7524700e+01   5.8635300e+00  -1.0000000e+00
   1.2400000e+02  -1.2999800e+01  -1.0233800e+01   1.0000000e+00
   1.2500000e+02  -3.4821300e+00  -4.7756000e+00   1.0000000e+00
   1.2600000e+02   6.9338000e+00   8.4878900e+00  -1.0000000e+00
   1.2700000e+02   2.7186300e+00  -1.4551900e+01   1.0000000e+00
   1.2800000e+02   1.6607200e+01  -8.8837000e+00  -1.0000000e+00
   1.2900000e+02  -8.1462000e+00   1.5353700e+01  -1.0000000e+00
   1.3000000e+02   1.2129500e+01   5.0727300e+00  -1.0000000e+00
   1.3100000e+02   1.4916400e+00   1.1469900e+01  -1.0000000e+00
   1.3200000e+02  -8.9678500e-02  -5.9351600e+00   1.0000000e+00
   1.3300000e+02  -7.7713000e+00   1.1227400e+01  -1.0000000e+00
   1.3400000e+02  -8.8902200e+00   5.8336800e+00  -1.0000000e+00
   1.3500000e+02   4.4964400e+00  -5.9192500e-01  -1.0000000e+00
   1.3600000e+02  -9.9802800e+00   1.4019300e+01  -1.0000000e+00
   1.3700000e+02  -1.3502700e+01  -2.0961400e-01   1.0000000e+00
   1.3800000e+02  -1.0902000e+01  -9.9028100e+00   1.0000000e+00
   1.3900000e+02  -1.3029000e+01   9.4211300e+00  -1.0000000e+00
   1.4000000e+02   5.2557900e+00  -1.1861500e+01   1.0000000e+00
   1.4100000e+02  -1.8240500e+01  -2.4444100e+00   1.0000000e+00
   1.4200000e+02  -1.5085700e+01  -5.1472300e+00   1.0000000e+00
   1.4300000e+02  -2.0471800e+00   8.8781100e+00  -1.0000000e+00
   1.4400000e+02  -8.8219000e+00  -1.4997200e+01   1.0000000e+00
   1.4500000e+02   6.2455600e+00  -1.7873200e+00  -1.0000000e+00
   1.4600000e+02  -1.4458500e+01   6.0358200e+00   1.0000000e+00
   1.4700000e+02  -5.5019800e+00  -5.2061800e+00   1.0000000e+00
   1.4800000e+02   1.2407400e+01   1.1343700e+01  -1.0000000e+00
   1.4900000e+02  -5.3282200e+00   6.3032100e+00  -1.0000000e+00
   1.5000000e+02  -6.1465800e+00   1.2514400e+01  -1.0000000e+00
   1.5100000e+02  -1.2231300e+01  -1.3852200e+01   1.0000000e+00
   1.5200000e+02   1.3091400e+01  -6.4993900e+00  -1.0000000e+00
   1.5300000e+02   6.4784300e+00  -1.5224800e+01   1.0000000e+00
   1.5400000e+02   2.1291700e+00   6.7415200e+00  -1.0000000e+00
   1.5500000e+02   1.3795600e+01   1.8177700e+00  -1.0000000e+00
   1.5600000e+02   1.9150400e+00  -5.4966100e+00   1.0000000e+00
   1.5700000e+02   1.3640500e+00   1.3539200e+01  -1.0000000e+00
   1.5800000e+02   2.6572700e+00  -1.4946400e+00  -1.0000000e+00
   1.5900000e+02  -1.3872000e+00  -9.8639800e+00   1.0000000e+00
   1.6000000e+02   8.6738900e+00   1.5670300e+01  -1.0000000e+00
   1.6100000e+02  -1.1693500e+00   1.8397400e+01  -1.0000000e+00
   1.6200000e+02  -4.8116500e+00  -8.7165600e+00   1.0000000e+00
   1.6300000e+02   8.8068100e+00   1.3578000e+01  -1.0000000e+00
   1.6400000e+02   1.0745500e+01  -1.1628200e+01   1.0000000e+00
   1.6500000e+02   1.2630200e+01  -1.0680900e+01   1.0000000e+00
   1.6600000e+02   8.6948500e+00   7.3604300e+00  -1.0000000e+00
   1.6700000e+02  -4.2931400e+00   1.3739900e+01  -1.0000000e+00
   1.6800000e+02   1.2909300e+00  -7.4507700e+00   1.0000000e+00
   1.6900000e+02  -1.2271700e+01  -2.8650400e+00   1.0000000e+00
   1.7000000e+02  -7.8795900e-01  -2.3188000e+00   1.0000000e+00
   1.7100000e+02  -8.1448100e+00  -1.3038700e+01   1.0000000e+00
   1.7200000e+02   2.1433300e-01  -1.6967900e+01   1.0000000e+00
   1.7300000e+02   2.4560200e+00   4.6602100e+00  -1.0000000e+00
   1.7400000e+02   1.4767300e+01  -7.7071700e+00  -1.0000000e+00
   1.7500000e+02   6.6990000e+00   4.3632100e+00  -1.0000000e+00
   1.7600000e+02   1.4197000e+01   1.2420800e+01  -1.0000000e+00
   1.7700000e+02  -1.0186100e+01  -1.3448900e+01   1.0000000e+00
   1.7800000e+02   1.7454700e+01   3.7521300e+00  -1.0000000e+00
   1.7900000e+02   1.9979000e+00  -1.0951800e+01   1.0000000e+00
   1.8000000e+02   3.9362000e+00  -5.0826600e+00   1.0000000e+00
   1.8100000e+02   7.0048100e-01  -1.4945400e+01   1.0000000e+00
   1.8200000e+02   9.6694500e+00  -4.1535400e+00  -1.0000000e+00
   1.8300000e+02  -4.0946100e+00  -1.2200300e+01   1.0000000e+00
   1.8400000e+02   9.5263700e-01   1.9038500e+00  -1.0000000e+00
   1.8500000e+02  -9.6461300e+00  -7.5619100e-02   1.0000000e+00
   1.8600000e+02  -1.2951300e+01  -4.8023900e+00   1.0000000e+00
   1.8700000e+02  -1.6461800e+01   6.9168300e+00   1.0000000e+00
   1.8800000e+02   1.4078900e+01   8.1451800e+00  -1.0000000e+00
   1.8900000e+02   7.5559100e+00  -7.0964000e+00   1.0000000e+00
   1.9000000e+02   6.3535000e+00   2.5845700e-01  -1.0000000e+00
   1.9100000e+02   1.5970800e+01   9.1716700e+00  -1.0000000e+00
   1.9200000e+02   1.1577100e+01  -3.1694700e+00  -1.0000000e+00
   1.9300000e+02  -8.0631300e+00   1.3287900e+01  -1.0000000e+00
   1.9400000e+02  -1.2229100e+01   3.2385100e+00   1.0000000e+00
   1.9500000e+02  -7.5651100e+00  -1.4726300e-01   1.0000000e+00
   1.9600000e+02   9.1030400e+00  -1.0333500e+01   1.0000000e+00
   1.9700000e+02   4.7597800e+00   3.5113200e+00  -1.0000000e+00
   1.9800000e+02   6.8586500e+00   1.4683100e+01  -1.0000000e+00
   1.9900000e+02  -2.5143900e+00   1.5054400e+01  -1.0000000e+00
   2.0000000e+02   1.1705900e+01  -1.1296900e+00  -1.0000000e+00
   2.0100000e+02  -1.7263700e+00   6.8248300e+00  -1.0000000e+00
   2.0200000e+02   1.3435200e+01  -2.3039400e+00  -1.0000000e+00
   2.0300000e+02  -6.1896600e+00   1.4580200e+01  -1.0000000e+00
   2.0400000e+02  -9.0948000e-01   1.6347400e+01  -1.0000000e+00
   2.0500000e+02  -1.2529000e+01   5.2905400e+00  -1.0000000e+00
   2.0600000e+02   1.1954200e+01   9.1339000e-01  -1.0000000e+00
   2.0700000e+02   7.1037800e+00  -9.0998800e+00   1.0000000e+00
   2.0800000e+02  -1.0931100e+01  -4.4285300e+00   1.0000000e+00
   2.0900000e+02   8.4204900e+00   3.2286400e+00  -1.0000000e+00
   2.1000000e+02   1.6819800e+01  -4.6843000e+00  -1.0000000e+00
   2.1100000e+02  -1.4560600e+00  -4.4001200e+00   1.0000000e+00
   2.1200000e+02  -1.4269200e+01  -1.4208500e+01   1.0000000e+00
   2.1300000e+02   6.6546500e-01  -8.4831300e-01  -1.0000000e+00
   2.1400000e+02  -2.0437100e+00  -1.1809800e+01   1.0000000e+00
   2.1500000e+02   8.2310100e+00   1.1583400e+00  -1.0000000e+00
   2.1600000e+02   1.6308100e+01  -1.1037300e+01   1.0000000e+00
   2.1700000e+02  -1.4284200e+00   4.7668000e+00  -1.0000000e+00
   2.1800000e+02   1.0280900e+01   4.1313000e+00  -1.0000000e+00
   2.1900000e+02   4.8450800e+00   1.5774200e+01  -1.0000000e+00
   2.2000000e+02  -1.3701300e+01  -6.7210500e+00   1.0000000e+00
   2.2100000e+02   1.2426000e+01   1.3498800e+01  -1.0000000e+00
   2.2200000e+02   7.7598600e+00  -5.0131100e+00  -1.0000000e+00
   2.2300000e+02   1.5362200e+01  -1.3839600e+00  -1.0000000e+00
   2.2400000e+02   1.1148300e+01  -7.3644400e+00   1.0000000e+00
   2.2500000e+02  -2.3847900e+00   1.2981100e+01  -1.0000000e+00
   2.2600000e+02   6.9518400e+00   1.2618500e+01  -1.0000000e+00
   2.2700000e+02  -5.4849900e+00  -1.0663000e+01   1.0000000e+00
   2.2800000e+02   1.7726100e+01   7.9467900e+00  -1.0000000e+00
   2.2900000e+02  -9.1549900e+00   7.8671200e+00  -1.0000000e+00
   2.3000000e+02   3.3860800e+00  -7.0966500e+00   1.0000000e+00
   2.3100000e+02  -2.7201100e+00  -1.3796900e+01   1.0000000e+00
   2.3200000e+02   6.5018400e+00   2.3064100e+00  -1.0000000e+00
   2.3300000e+02   1.0174800e+01   2.0698900e+00  -1.0000000e+00
   2.3400000e+02  -5.4325200e+00  -1.6220000e+01   1.0000000e+00
   2.3500000e+02  -1.1866300e+01   1.1924800e+00   1.0000000e+00
   2.3600000e+02  -1.8044100e+00  -1.7361200e+01   1.0000000e+00
   2.3700000e+02   3.0820900e+00   1.4717900e+01  -1.0000000e+00
   2.3800000e+02   2.6042300e+00   5.9825200e-01  -1.0000000e+00
   2.3900000e+02  -1.1059800e+01   8.6474000e+00  -1.0000000e+00
   2.4000000e+02  -1.1361500e+01   1.0702400e+01  -1.0000000e+00
   2.4100000e+02   6.9524700e+00   1.0549800e+01  -1.0000000e+00
   2.4200000e+02  -1.2772500e+01   7.3580100e+00  -1.0000000e+00
   2.4300000e+02  -6.8580000e+00  -9.1168800e+00   1.0000000e+00
   2.4400000e+02  -8.4659000e+00   1.7462600e+01  -1.0000000e+00
   2.4500000e+02  -3.4008900e+00  -1.5731100e+01   1.0000000e+00
   2.4600000e+02   5.1292900e+00   7.5013100e+00  -1.0000000e+00
   2.4700000e+02  -1.2300100e+01  -8.2973000e+00   1.0000000e+00
   2.4800000e+02   8.5656000e+00   5.2831700e+00  -1.0000000e+00
   2.4900000e+02   4.2842100e+00  -1.5932400e+01   1.0000000e+00
   2.5000000e+02  -2.1576900e+00  -7.8650800e-01   1.0000000e+00
   2.5100000e+02   1.0526000e+01   8.3221800e+00  -1.0000000e+00
   2.5200000e+02  -1.0226600e+01   1.6108700e+01  -1.0000000e+00
   2.5300000e+02   1.2132700e+01  -1.4827000e+01   1.0000000e+00
   2.5400000e+02   9.2703100e+00  -8.2662500e+00   1.0000000e+00
   2.5500000e+02  -1.5567900e+01   6.0591800e-01   1.0000000e+00
   2.5600000e+02   1.7243000e+01  -4.5808400e-01  -1.0000000e+00
   2.5700000e+02   6.0591700e+00  -3.8429500e+00  -1.0000000e+00
   2.5800000e+02  -1.0835300e+01  -1.5419600e+01   1.0000000e+00
   2.5900000e+02  -7.4951300e+00  -1.1080400e+01   1.0000000e+00
   2.6000000e+02  -6.9226900e+00   5.0028300e+00  -1.0000000e+00
   2.6100000e+02  -1.2870700e+01  -1.5814600e+01   1.0000000e+00
   2.6200000e+02   8.7732700e+00   9.4357500e+00  -1.0000000e+00
   2.6300000e+02  -1.5255400e+01  -1.4385600e+00   1.0000000e+00
   2.6400000e+02   5.0055700e+00   1.3689600e+01  -1.0000000e+00
   2.6500000e+02  -6.7897100e+00  -1.4594900e+01   1.0000000e+00
   2.6600000e+02  -4.8444200e+00  -3.2454900e+00   1.0000000e+00
   2.6700000e+02  -1.4963100e+01   1.0251200e+01  -1.0000000e+00
   2.6800000e+02  -9.5036800e+00  -1.1495800e+01   1.0000000e+00
   2.6900000e+02  -1.6386500e+01  -9.0993700e+00   1.0000000e+00
   2.7000000e+02   1.5707000e+01   4.8870200e+00  -1.0000000e+00
   2.7100000e+02   8.1094500e+00  -9.0081200e-01  -1.0000000e+00
   2.7200000e+02   8.1829200e-01   1.7709100e+01  -1.0000000e+00
   2.7300000e+02   1.6681600e+01  -6.7967200e+00  -1.0000000e+00
   2.7400000e+02   4.5976400e+00   1.4605600e+00  -1.0000000e+00
   2.7500000e+02  -1.4673600e+01   8.1543100e+00  -1.0000000e+00
   2.7600000e+02  -8.9885500e-02   8.0920100e+00  -1.0000000e+00
   2.7700000e+02  -2.3367200e+00   1.0926800e+01  -1.0000000e+00
   2.7800000e+02  -1.3582000e+01  -1.2211400e+01   1.0000000e+00
   2.7900000e+02  -5.6158000e+00   8.3930800e+00  -1.0000000e+00
   2.8000000e+02   3.3285900e+00  -1.2552600e+01   1.0000000e+00
   2.8100000e+02  -8.9003200e+00  -4.0345700e+00   1.0000000e+00
   2.8200000e+02  -2.8238800e+00   1.1828400e+00  -1.0000000e+00
   2.8300000e+02   4.3084800e+00   5.5772500e+00  -1.0000000e+00
   2.8400000e+02   1.3657600e+01  -2.4019900e-01  -1.0000000e+00
   2.8500000e+02  -7.5198800e-01  -7.8918800e+00   1.0000000e+00
   2.8600000e+02   6.6218100e+00   1.6812700e+01  -1.0000000e+00
   2.8700000e+02  -6.1468600e+00  -1.8151600e+01   1.0000000e+00
   2.8800000e+02  -9.4264200e+00   9.9112600e+00  -1.0000000e+00
   2.8900000e+02   1.2262600e+01   7.1810400e+00  -1.0000000e+00
   2.9000000e+02   6.8696100e+00   6.4259700e+00  -1.0000000e+00
   2.9100000e+02   2.0452200e-01   6.0184500e+00  -1.0000000e+00
   2.9200000e+02  -3.4106200e+00  -1.0250400e+01   1.0000000e+00
   2.9300000e+02   1.2528900e+01  -1.2786600e+01   1.0000000e+00
   2.9400000e+02   1.0601000e+01   1.4606500e+01  -1.0000000e+00
   2.9500000e+02  -7.5007800e+00  -1.6572200e+01   1.0000000e+00
   2.9600000e+02  -1.0576500e+01   4.5102600e+00  -1.0000000e+00
   2.9700000e+02  -3.0526500e+00   3.5098300e+00  -1.0000000e+00
   2.9800000e+02   5.1207900e+00   1.1634500e+01  -1.0000000e+00
   2.9900000e+02   9.9814900e+00   1.6517600e-02  -1.0000000e+00
