   0.0000000e+00  -8.8535500e-01   7.5876900e+00  -1.0000000e+00
   1.0000000e+00  -5.5549600e-01  -1.6922500e+01   1.0000000e+00
   2.0000000e+00   2.7373300e+00   1.4137800e+01  -1.0000000e+00
   3.0000000e+00   8.6042100e+00   8.1822300e+00  -1.0000000e+00
   4.0000000e+00  -1.0813900e+01   8.3489100e-01   1.0000000e+00
   5.0000000e+00   1.8545100e+00   1.7668000e+01  -1.0000000e+00
   6.0000000e+00   7.3581500e+00   1.7312100e+01  -1.0000000e+00
   7.0000000e+00  -1.1677300e+01  -1.0269700e+01   1.0000000e+00
   8.0000000e+00  -8.7933700e+00  -7.3435700e+00   1.0000000e+00
   9.0000000e+00   1.1568000e+01   5.2317700e+00  -1.0000000e+00
   1.0000000e+01  -1.0779800e+01   1.2390500e+01  -1.0000000e+00
   1.1000000e+01  -2.0486200e+00  -3.9113100e+00  -1.0000000e+00
   1.2000000e+01   1.4627800e+01   9.7566400e+00  -1.0000000e+00
   1.3000000e+01  -1.3371000e+01  -4.2410800e+00   1.0000000e+00
   1.4000000e+01   1.0610400e+01   8.7250800e+00  -1.0000000e+00
   1.5000000e+01  -4.0123400e+00  -1.7895100e+01   1.0000000e+00
   1.6000000e+01  -1.3864000e+01   7.8251500e+00  -1.0000000e+00
   1.7000000e+01  -4.1736800e+00   1.6124900e+01  -1.0000000e+00
   1.8000000e+01   8.8692800e+00  -4.8407600e+00  -1.0000000e+00
   1.9000000e+01   8.7318600e+00  -9.9266900e+00  -1.0000000e+00
   2.0000000e+01  -3.9312200e+00   3.0654600e+00  -1.0000000e+00
   2.1000000e+01   1.0541600e+01  -6.3365100e+00  -1.0000000e+00
   2.2000000e+01  -9.3574200e+00  -5.3368300e+00   1.0000000e+00
   2.3000000e+01  -1.8288500e+01   1.3271400e+00   1.0000000e+00
   2.4000000e+01   6.2784100e+00  -1.2572200e+01   1.0000000e+00
   2.5000000e+01  -5.3192000e+00  -6.3564200e+00   1.0000000e+00
   2.6000000e+01   3.3949300e-01  -1.3410000e+01   1.0000000e+00
   2.7000000e+01   6.4724100e+00   1.1604800e-01  -1.0000000e+00
   2.8000000e+01  -5.0643400e+00  -8.8822000e-01  -1.0000000e+00
   2.9000000e+01  -1.9374200e+00   3.5914500e+00  -1.0000000e+00
   3.0000000e+01   4.4530400e+00  -3.8881000e-01  -1.0000000e+00
   3.1000000e+01  -1.4781300e+01   1.1275100e+01  -1.0000000e+00
   3.2000000e+01   1.5226900e+01   1.1745200e+01  -1.0000000e+00
   3.3000000e+01   9.9598000e+00  -8.5168700e-01  -1.0000000e+00
   3.4000000e+01  -1.2675900e+00   1.3140200e+01  -1.0000000e+00
   3.5000000e+01   9.9565700e-01   5.8256900e-01  -1.0000000e+00
   3.6000000e+01  -6.4848900e-02  -3.4089100e+00  -1.0000000e+00
   3.7000000e+01  -3.1391800e+00  -1.4354600e+01   1.0000000e+00
   3.8000000e+01  -8.2181400e+00   1.5002400e+01  -1.0000000e+00
   3.9000000e+01   2.8945400e-01  -1.1262800e+01   1.0000000e+00
   4.0000000e+01   7.3626600e+00  -3.3999200e+00  -1.0000000e+00
   4.1000000e+01   1.0175800e+01  -8.4560900e+00  -1.0000000e+00
   4.2000000e+01   8.2930400e+00  -1.1941400e+01   1.0000000e+00
   4.3000000e+01   7.6887900e+00   1.1679000e+01  -1.0000000e+00
   4.4000000e+01   1.0460400e+01   1.2034300e+00  -1.0000000e+00
   4.5000000e+01  -8.2257500e+00  -9.3220800e+00   1.0000000e+00
   4.6000000e+01  -1.6356900e+01   5.2804200e+00  -1.0000000e+00
   4.7000000e+01  -1.4201600e+00   5.5913800e+00  -1.0000000e+00
   4.8000000e+01  -8.3281300e+00   7.4936700e+00  -1.0000000e+00
   4.9000000e+01   1.5551800e+01   6.3157700e+00  -1.0000000e+00
   5.0000000e+01  -6.2095900e+00   1.5550800e+01  -1.0000000e+00
   5.1000000e+01   1.1670900e+01   1.2729000e+01  -1.0000000e+00
   5.2000000e+01   1.3169800e+01   1.1255400e+01  -1.0000000e+00
   5.3000000e+01  -4.3125500e+00   8.5302000e+00  -1.0000000e+00
   5.4000000e+01  -1.5881900e+01  -1.6971800e+00   1.0000000e+00
   5.5000000e+01   5.1126700e+00   9.1627200e+00  -1.0000000e+00
   5.6000000e+01  -9.8015100e+00   8.9238100e+00  -1.0000000e+00
   5.7000000e+01   7.9697900e+00  -1.4361800e+00  -1.0000000e+00
   5.8000000e+01   1.3246800e+01  -1.1261800e+01  -1.0000000e+00
   5.9000000e+01  -3.2503000e+00   1.2584100e+01  -1.0000000e+00
   6.0000000e+01   1.5959700e+01   8.2656000e-01  -1.0000000e+00
   6.1000000e+01   2.9950400e+00   1.0978800e+00  -1.0000000e+00
   6.2000000e+01  -4.4800700e+00   1.0819300e+00  -1.0000000e+00
   6.3000000e+01   3.2705800e+00  -8.4425200e+00  -1.0000000e+00
   6.4000000e+01  -1.1869000e+01   8.3354000e+00  -1.0000000e+00
   6.5000000e+01   5.6232500e-02   4.1319900e+00  -1.0000000e+00
   6.6000000e+01   9.4679400e+00  -2.8702100e+00  -1.0000000e+00
   6.7000000e+01   1.4126300e+01  -7.1855300e+00  -1.0000000e+00
   6.8000000e+01  -6.2161200e+00  -9.8269900e+00   1.0000000e+00
   6.9000000e+01   1.3488200e+00  -4.9609700e+00  -1.0000000e+00
   7.0000000e+01   1.0277000e+01  -1.1314500e+01  -1.0000000e+00
   7.1000000e+01  -3.6607300e+00  -1.2367100e+01   1.0000000e+00
   7.2000000e+01  -7.1249300e+00  -1.3308800e+01   1.0000000e+00
   7.3000000e+01   8.7428300e+00   1.5690000e+01  -1.0000000e+00
   7.4000000e+01  -1.5381200e+01  -3.6952100e+00   1.0000000e+00
   7.5000000e+01   1.1453600e+01  -2.3207000e+00  -1.0000000e+00
   7.6000000e+01  -4.7628000e+00   1.4057900e+01  -1.0000000e+00
   7.7000000e+01  -1.2379800e+01  -6.3715900e-01   1.0000000e+00
   7.8000000e+01   1.5027400e+01  -1.2647600e+01  -1.0000000e+00
   7.9000000e+01  -4.1980500e+00  -1.0358600e+01   1.0000000e+00
   8.0000000e+01   1.1455000e+01  -1.4942600e+01   1.0000000e+00
   8.1000000e+01   1.9079800e+00  -2.8819400e+00  -1.0000000e+00
   8.2000000e+01  -9.9007600e+00  -3.3326500e+00   1.0000000e+00
   8.3000000e+01   1.5485400e+01  -1.1700400e+00  -1.0000000e+00
   8.4000000e+01  -1.4612500e+01  -1.3233000e+01   1.0000000e+00
   8.5000000e+01  -5.1307700e+00  -1.3850300e+01   1.0000000e+00
   8.6000000e+01   1.4940400e+01  -3.1545300e+00  -1.0000000e+00
   8.7000000e+01   7.5257200e+00   4.1808800e+00  -1.0000000e+00
   8.8000000e+01   7.3864900e-01   1.3613300e+01  -1.0000000e+00
   8.9000000e+01  -2.5794700e+00  -1.6404500e+01   1.0000000e+00
   9.0000000e+01   4.0755900e+00   5.1247300e+00  -1.0000000e+00
   9.1000000e+01  -5.6624100e+00  -1.1850800e+01   1.0000000e+00
   9.2000000e+01  -6.0751700e+00  -1.7294500e+01   1.0000000e+00
   9.3000000e+01  -8.6044100e+00  -1.4804400e+01   1.0000000e+00
   9.4000000e+01   9.5221600e+00   4.6685300e+00  -1.0000000e+00
   9.5000000e+01  -1.1376300e+01  -4.7668900e+00   1.0000000e+00
   9.6000000e+01  -1.4902200e+01   1.7659700e+00   1.0000000e+00
   9.7000000e+01   2.2687900e+00  -1.6934600e+01   1.0000000e+00
   9.8000000e+01  -7.6623900e+00  -1.1301200e+01   1.0000000e+00
   9.9000000e+01   1.7480600e+01  -6.0474900e-01  -1.0000000e+00
   1.0000000e+02   1.5009600e+01   4.2909000e+00  -1.0000000e+00
   1.0100000e+02  -6.5882200e+00  -1.5300400e+01   1.0000000e+00
   1.0200000e+02   3.2970300e+00   1.6153100e+01  -1.0000000e+00
   1.0300000e+02   1.3414100e+01  -1.4071300e+01  -1.0000000e+00
   1.0400000e+02  -8.1694600e+00  -1.6900300e+01   1.0000000e+00
   1.0500000e+02   1.1805700e+01  -1.2746200e+01  -1.0000000e+00
   1.0600000e+02   4.6235200e+00   7.1437500e+00  -1.0000000e+00
   1.0700000e+02   1.1120200e+00   8.1124700e+00  -1.0000000e+00
   1.0800000e+02  -1.1554700e+00  -1.4924600e+01   1.0000000e+00
   1.0900000e+02  -5.8969500e+00  -4.3808000e+00   1.0000000e+00
   1.1000000e+02  -6.3474100e+00   8.0269000e+00  -1.0000000e+00
   1.1100000e+02  -6.7717800e+00  -7.8460400e+00   1.0000000e+00
   1.1200000e+02   1.6320200e+00   1.0116700e+01  -1.0000000e+00
   1.1300000e+02   3.8196500e+00  -1.8399000e+01   1.0000000e+00
   1.1400000e+02   1.5776300e+01  -8.5892300e+00  -1.0000000e+00
   1.1500000e+02   5.3566600e+00  -3.8589800e+00  -1.0000000e+00
   1.1600000e+02  -1.6323200e+01  -7.1291800e+00   1.0000000e+00
   1.1700000e+02  -1.2274000e+01  -8.2974600e+00   1.0000000e+00
   1.1800000e+02   6.9606200e+00   2.1529200e+00  -1.0000000e+00
   1.1900000e+02   1.3954000e+01   3.0606500e-01  -1.0000000e+00
   1.2000000e+02  -2.7357900e+00   1.4591300e+01  -1.0000000e+00
   1.2100000e+02  -1.2842400e+01   1.3733700e+00   1.0000000e+00
   1.2200000e+02  -7.7931400e+00   9.4929700e+00  -1.0000000e+00
   1.2300000e+02   6.0895400e+00   5.6782200e+00  -1.0000000e+00
   1.2400000e+02   7.8275000e+00  -1.6679100e+01   1.0000000e+00
   1.2500000e+02   8.5021400e-01  -1.5425400e+01   1.0000000e+00
   1.2600000e+02   1.2483500e+01   1.7500700e+00  -1.0000000e+00
   1.2700000e+02   8.4922100e+00   6.5258500e-01  -1.0000000e+00
   1.2800000e+02  -1.1401700e+01   2.8781500e+00  -1.0000000e+00
   1.2900000e+02  -1.8186000e+01   4.3326900e+00   1.0000000e+00
   1.3000000e+02   2.1871100e+00  -1.2462500e+01   1.0000000e+00
   1.3100000e+02  -1.7932300e+01   6.6296500e+00  -1.0000000e+00
   1.3200000e+02  -1.6388800e+01   3.1827800e-01   1.0000000e+00
   1.3300000e+02  -1.2205400e+01   1.3895900e+01  -1.0000000e+00
   1.3400000e+02   4.1718900e+00   1.2625300e+01  -1.0000000e+00
   1.3500000e+02  -1.6723000e+01   2.7334800e+00   1.0000000e+00
   1.3600000e+02  -2.1691100e+00   1.6840800e+01  -1.0000000e+00
   1.3700000e+02   3.1174300e+00   8.6303400e+00  -1.0000000e+00
   1.3800000e+02  -1.5793900e+01  -9.2377800e+00   1.0000000e+00
   1.3900000e+02  -2.1984600e+00  -1.0910100e+01   1.0000000e+00
   1.4000000e+02  -5.2717100e+00   1.2054200e+01  -1.0000000e+00
   1.4100000e+02   3.9281000e+00  -2.3684600e+00  -1.0000000e+00
   1.4200000e+02   8.0263200e-01  -6.9997200e+00   1.0000000e+00
   1.4300000e+02   9.8200100e+00  -1.3343400e+01   1.0000000e+00
   1.4400000e+02  -1.2346300e+01   6.3420600e+00  -1.0000000e+00
   1.4500000e+02  -1.6578100e+00  -1.2901900e+01   1.0000000e+00
   1.4600000e+02   1.8966500e+01  -2.1036400e+00  -1.0000000e+00
   1.4700000e+02   7.1470100e+00   9.6668400e+00  -1.0000000e+00
   1.4800000e+02  -1.3140100e+01  -1.1774100e+01   1.0000000e+00
   1.4900000e+02  -1.1136700e+01  -1.2266500e+01   1.0000000e+00
   1.5000000e+02  -6.8836200e+00   6.0124500e+00  -1.0000000e+00
   1.5100000e+02  -8.4415800e+00  -1.8806500e+00   1.0000000e+00
   1.5200000e+02   1.6495600e+01   2.8321300e+00  -1.0000000e+00
   1.5300000e+02  -7.9214800e+00   1.9995500e+00  -1.0000000e+00
   1.5400000e+02  -3.0280700e+00  -4.3983100e-01  -1.0000000e+00
   1.5500000e+02  -1.5741900e+00  -1.9165000e+00  -1.0000000e+00
   1.5600000e+02  -3.8229900e+00   1.0547600e+01  -1.0000000e+00
   1.5700000e+02  -1.6493200e-01   1.7287400e+01  -1.0000000e+00
   1.5800000e+02   9.6798800e+00   1.2194400e+01  -1.0000000e+00
   1.5900000e+02   1.0944700e+01  -4.3220700e+00  -1.0000000e+00
   1.6000000e+02   7.2313100e+00  -8.4492700e+00  -1.0000000e+00
   1.6100000e+02  -1.6890500e+01  -5.0981300e+00   1.0000000e+00
   1.6200000e+02  -1.3889600e+01  -2.2597200e+00   1.0000000e+00
   1.6300000e+02   9.1326800e+00   1.0212100e+01  -1.0000000e+00
   1.6400000e+02  -1.8016800e+01  -9.5221700e-01   1.0000000e+00
   1.6500000e+02  -9.2541100e+00   1.0936100e+01  -1.0000000e+00
   1.6600000e+02   2.1689100e+00   1.2128900e+01  -1.0000000e+00
   1.6700000e+02   2.7925600e+00  -6.4316600e+00  -1.0000000e+00
   1.6800000e+02  -1.0876100e+01   4.8787300e+00  -1.0000000e+00
   1.6900000e+02   1.5281900e+01  -1.0583900e+01  -1.0000000e+00
   1.7000000e+02  -6.5353900e-01  -5.4306800e+00  -1.0000000e+00
   1.7100000e+02  -8.8752500e+00   5.4302200e+00  -1.0000000e+00
   1.7200000e+02   1.8658400e+01   3.3774700e+00  -1.0000000e+00
   1.7300000e+02  -3.3281700e+00  -6.8325400e+00   1.0000000e+00
   1.7400000e+02  -1.2883200e+01   4.3428600e+00  -1.0000000e+00
   1.7500000e+02   1.1931700e+01  -2.7445400e-01  -1.0000000e+00
   1.7600000e+02   1.5547800e+00   2.5765200e+00  -1.0000000e+00
   1.7700000e+02  -1.9738600e+00  -1.8455000e+01   1.0000000e+00
   1.7800000e+02   3.6649000e+00   1.0640300e+01  -1.0000000e+00
   1.7900000e+02  -7.9020200e+00  -3.8780100e+00   1.0000000e+00
   1.8000000e+02  -6.7728500e+00   2.6979400e-01  -1.0000000e+00
   1.8100000e+02   2.5665100e+00   6.6389200e+00  -1.0000000e+00
   1.8200000e+02   4.7445800e+00   1.4625400e+01  -1.0000000e+00
   1.8300000e+02  -1.2596600e+01  -1.3746300e+01   1.0000000e+00
   1.8400000e+02  -1.3229500e+00  -7.3845600e+00   1.0000000e+00
   1.8500000e+02  -2.8774900e+00   7.0616500e+00  -1.0000000e+00
   1.8600000e+02  -6.7552400e+00   1.3560600e+01  -1.0000000e+00
   1.8700000e+02   4.7912800e+00  -5.8466800e+00  -1.0000000e+00
   1.8800000e+02   4.7342300e+00  -1.3921800e+01   1.0000000e+00
   1.8900000e+02   1.3425800e+01  -1.6989500e+00  -1.0000000e+00
   1.9000000e+02   4.5293600e-01  -1.3928300e+00  -1.0000000e+00
   1.9100000e+02   6.8735200e+00  -5.5992600e+00  -1.0000000e+00
   1.9200000e+02  -7.4012900e+00   4.0076200e+00  -1.0000000e+00
   1.9300000e+02   1.0072000e+01   6.7339400e+00  -1.0000000e+00
   1.9400000e+02  -1.0118800e+00   1.0261900e-01  -1.0000000e+00
   1.9500000e+02   2.7462300e+00  -1.4506100e+01   1.0000000e+00
   1.9600000e+02   6.2609000e+00  -1.5338000e+01   1.0000000e+00
   1.9700000e+02  -7.6639900e+00   1.7019700e+01  -1.0000000e+00
   1.9800000e+02   5.6966400e+00   1.1136700e+01  -1.0000000e+00
   1.9900000e+02  -9.4002200e+00   3.4318900e+00  -1.0000000e+00
   2.0000000e+02   5.7164000e-01   6.1313800e+00  -1.0000000e+00
   2.0100000e+02  -1.0244500e+01  -8.8052500e+00   1.0000000e+00
   2.0200000e+02  -2.4753200e+00   1.6018900e+00  -1.0000000e+00
   2.0300000e+02   2.0646900e+00   4.6190300e+00  -1.0000000e+00
   2.0400000e+02   1.7583200e+01   6.8325500e+00  -1.0000000e+00
   2.0500000e+02   8.2046500e+00   1.3691500e+01  -1.0000000e+00
   2.0600000e+02   1.1014800e+01   3.2033100e+00  -1.0000000e+00
   2.0700000e+02   1.1122200e+01   1.0728900e+01  -1.0000000e+00
   2.0800000e+02  -2.3449800e+00   9.0928000e+00  -1.0000000e+00
   2.0900000e+02  -1.7452700e+01  -3.0232700e+00   1.0000000e+00
   2.1000000e+02   1.4042400e+01   7.7874500e+00  -1.0000000e+00
   2.1100000e+02  -1.0215700e+01   1.4443500e+01  -1.0000000e+00
   2.1200000e+02   9.1761800e-01  -1.8545600e+01   1.0000000e+00
   2.1300000e+02  -1.7398500e+01   8.6507800e+00  -1.0000000e+00
   2.1400000e+02   1.0733900e+01   1.6175100e+01  -1.0000000e+00
   2.1500000e+02   1.2625300e+00  -9.0518800e+00   1.0000000e+00
   2.1600000e+02   1.6120100e+01   8.3231800e+00  -1.0000000e+00
   2.1700000e+02   6.2035000e+00   1.3178600e+01  -1.0000000e+00
   2.1800000e+02  -1.0353200e+01   6.9169700e+00  -1.0000000e+00
   2.1900000e+02   1.2226600e+01   1.4758400e+01  -1.0000000e+00
   2.2000000e+02  -1.4410300e+01  -2.6312000e-01   1.0000000e+00
   2.2100000e+02  -1.5325000e+01   9.2683900e+00  -1.0000000e+00
   2.2200000e+02  -1.4844500e+01  -5.6849200e+00   1.0000000e+00
   2.2300000e+02  -3.5204700e-01   9.5946800e+00  -1.0000000e+00
   2.2400000e+02  -1.2818000e+01  -6.2578300e+00   1.0000000e+00
   2.2500000e+02   4.2433000e+00  -1.5966700e+01   1.0000000e+00
   2.2600000e+02  -4.6730000e-01   2.1264800e+00  -1.0000000e+00
   2.2700000e+02  -3.4084700e+00   5.0668600e+00  -1.0000000e+00
   2.2800000e+02   1.1715000e+01  -9.8201900e+00  -1.0000000e+00
   2.2900000e+02  -8.8738700e+00   1.3714700e-01  -1.0000000e+00
   2.3000000e+02  -1.1285000e+01   1.0388900e+01  -1.0000000e+00
   2.3100000e+02  -1.4309600e+01  -7.7143900e+00   1.0000000e+00
   2.3200000e+02  -7.4409000e-01  -9.4619100e+00   1.0000000e+00
   2.3300000e+02   1.4510300e+01   2.3053900e+00  -1.0000000e+00
   2.3400000e+02   1.6983800e+01  -2.6346400e+00  -1.0000000e+00
   2.3500000e+02  -1.0813200e+01  -6.7919100e+00   1.0000000e+00
   2.3600000e+02  -7.3167800e+00  -5.8651000e+00   1.0000000e+00
   2.3700000e+02   4.7794600e+00  -9.8888600e+00   1.0000000e+00
   2.3800000e+02  -3.8851200e+00  -4.8322300e+00   1.0000000e+00
   2.3900000e+02  -4.5691000e+00  -1.5856900e+01   1.0000000e+00
   2.4000000e+02  -8.7362400e+00   1.2970400e+01  -1.0000000e+00
   2.4100000e+02  -1.3294300e+01   9.8270500e+00  -1.0000000e+00
   2.4200000e+02  -5.4139500e+00   4.5593900e+00  -1.0000000e+00
   2.4300000e+02  -1.5167500e+01  -1.1238000e+01   1.0000000e+00
   2.4400000e+02  -5.9400500e+00   2.5508400e+00  -1.0000000e+00
   2.4500000e+02   1.6118600e+01  -6.5528800e+00  -1.0000000e+00
   2.4600000e+02  -3.8501400e+00  -2.6291200e+00  -1.0000000e+00
   2.4700000e+02  -9.1498700e+00  -1.2828200e+01   1.0000000e+00
   2.4800000e+02   2.7823000e+00  -1.0470700e+01   1.0000000e+00
   2.4900000e+02  -1.8297400e+00   1.1085600e+01  -1.0000000e+00
   2.5000000e+02   1.7055100e+01   4.8492800e+00  -1.0000000e+00
   2.5100000e+02   1.0203700e+01   1.4176100e+01  -1.0000000e+00
   2.5200000e+02   8.5646100e+00  -6.8742200e+00  -1.0000000e+00
   2.5300000e+02  -1.3778100e+01  -9.7247300e+00   1.0000000e+00
   2.5400000e+02   1.2555000e+01  -5.7771900e+00  -1.0000000e+00
   2.5500000e+02   5.8282900e+00  -1.7386100e+01   1.0000000e+00
   2.5600000e+02   1.3742200e+01   1.3246300e+01  -1.0000000e+00
   2.5700000e+02   8.0681200e+00   6.1999200e+00  -1.0000000e+00
   2.5800000e+02   3.5504100e+00   3.1393300e+00  -1.0000000e+00
   2.5900000e+02  -1.0607700e+01  -1.4272400e+01   1.0000000e+00
   2.6000000e+02  -1.0405500e+01  -1.2915300e+00   1.0000000e+00
   2.6100000e+02  -1.1878600e+01  -2.7417800e+00   1.0000000e+00
   2.6200000e+02  -2.7397900e+00  -8.8807600e+00   1.0000000e+00
   2.6300000e+02  -6.4498900e+00  -2.4083900e+00   1.0000000e+00
   2.6400000e+02   1.3728400e+01  -9.2208700e+00  -1.0000000e+00
   2.6500000e+02   6.7479300e+00   1.5153200e+01  -1.0000000e+00
   2.6600000e+02   9.4431000e+00  -1.5391800e+01   1.0000000e+00
   2.6700000e+02   5.9416500e+00  -1.8680200e+00  -1.0000000e+00
   2.6800000e+02  -5.8120000e+00   1.0025700e+01  -1.0000000e+00
   2.6900000e+02  -9.6882100e+00  -1.0811100e+01   1.0000000e+00
   2.7000000e+02   4.2389300e+00  -1.1912900e+01   1.0000000e+00
   2.7100000e+02  -4.8870200e+00   6.5614300e+00  -1.0000000e+00
   2.7200000e+02   3.3166400e+00  -4.3863100e+00  -1.0000000e+00
   2.7300000e+02   1.7125100e+01  -4.7076900e+00  -1.0000000e+00
   2.7400000e+02   1.2128200e+01  -7.7938700e+00  -1.0000000e+00
   2.7500000e+02  -1.2808300e+01   1.1881100e+01  -1.0000000e+00
   2.7600000e+02   1.3556800e+01   5.7755000e+00  -1.0000000e+00
   2.7700000e+02  -7.2556500e+00   1.1519000e+01  -1.0000000e+00
   2.7800000e+02   1.2595600e+01   9.2488500e+00  -1.0000000e+00
   2.7900000e+02   4.9871200e+00   1.5900500e+00  -1.0000000e+00
   2.8000000e+02   6.7462700e+00  -1.0549300e+01  -1.0000000e+00
   2.8100000e+02   1.2820000e+00   1.5677500e+01  -1.0000000e+00
   2.8200000e+02   6.6113900e+00   7.6710600e+00  -1.0000000e+00
   2.8300000e+02  -1.4880300e+01   3.8274300e+00  -1.0000000e+00
   2.8400000e+02   5.5462200e+00   3.6531000e+00  -1.0000000e+00
   2.8500000e+02   1.8104700e+01   1.3869600e+00  -1.0000000e+00
   2.8600000e+02   8.9999300e+00   2.6782000e+00  -1.0000000e+00
   2.8700000e+02   5.3214300e+00   1.6680000e+01  -1.0000000e+00
   2.8800000e+02  -4.7497300e+00  -8.3400100e+00   1.0000000e+00
   2.8900000e+02   1.4599800e+01  -5.1806900e+00  -1.0000000e+00
   2.9000000e+02   1.2063200e+01   7.2301000e+00  -1.0000000e+00
   2.9100000e+02   1.3023000e+01   3.7498700e+00  -1.0000000e+00
   2.9200000e+02   5.2486100e+00  -7.8695500e+00  -1.0000000e+00
   2.9300000e+02   7.8142600e+00  -1.3964100e+01   1.0000000e+00
   2.9400000e+02  -1.5858200e+01   7.2700800e+00  -1.0000000e+00
   2.9500000e+02   1.2957200e+01  -3.7544400e+00  -1.0000000e+00
   2.9600000e+02  -7.2497300e-01   1.5205100e+01  -1.0000000e+00
   2.9700000e+02   1.8493500e-01   1.1602800e+01  -1.0000000e+00
   2.9800000e+02   2.4503500e+00  -8.8890200e-01  -1.0000000e+00
   2.9900000e+02  -1.4337600e+01   5.8102600e+00  -1.0000000e+00
