   0.0000000e+00  -9.6851300e+00   1.2275200e+01   3.1248300e+01   2.0000000e+00
   1.0000000e+00  -6.5591500e-01  -1.2617000e+01   5.0080600e+01   1.0000000e+00
   2.0000000e+00  -8.0441900e+00  -3.3710000e-01   3.7785200e+01  -3.0000000e+00
   3.0000000e+00   2.8706400e+00  -1.3265500e+01   4.9931200e+01   1.0000000e+00
   4.0000000e+00  -3.4571300e+00  -7.8768600e+00   5.0622800e+01   1.0000000e+00
   5.0000000e+00   7.0752200e+00  -2.5675600e-01   4.9643300e+01   1.0000000e+00
   6.0000000e+00  -4.6345400e+00  -4.5101200e+00   5.4384800e+01  -3.0000000e+00
   7.0000000e+00   4.2233500e+00   4.6384900e+00   2.8416500e+01  -3.0000000e+00
   8.0000000e+00   8.6114300e+00   7.8819300e+00   3.6287800e+01  -1.0000000e+00
   9.0000000e+00  -3.6328600e-01   1.4331500e+01   3.0611300e+01   2.0000000e+00
   1.0000000e+01  -5.9574600e+00  -5.0903000e-01   4.6184400e+01  -3.0000000e+00
   1.1000000e+01  -5.7700100e+00  -1.0619500e+01   6.0749400e+01  -3.0000000e+00
   1.2000000e+01   7.5188700e-01   8.8811400e+00   3.0820800e+01   2.0000000e+00
   1.3000000e+01  -1.0744100e+01   1.4042300e+01   3.0610600e+01  -2.0000000e+00
   1.4000000e+01   5.6081700e+00  -8.4939100e+00   4.9659400e+01   1.0000000e+00
   1.5000000e+01  -1.1267500e+00  -5.1640300e+00   4.9482100e+01   1.0000000e+00
   1.6000000e+01  -2.3084900e+00  -1.7789100e+00   4.9237500e+01   1.0000000e+00
   1.7000000e+01  -9.6483800e+00   8.7040500e+00   3.1095100e+01   2.0000000e+00
   1.8000000e+01  -1.4020800e-01   1.8064000e+01   2.8471900e+01  -1.0000000e+00
   1.9000000e+01  -3.3236300e+00   5.2516700e+00   4.1191300e+01  -3.0000000e+00
   2.0000000e+01  -1.2777700e+01   2.5961300e+00   1.9847900e+01   1.0000000e+00
   2.1000000e+01   6.6904400e+00  -2.3249400e+00   4.9719200e+01   1.0000000e+00
   2.2000000e+01   2.2146700e-01  -1.8098100e+01   5.0270700e+01  -1.0000000e+00
   2.3000000e+01   1.0716700e+01  -1.0461400e+01   4.9308100e+01   1.0000000e+00
   2.4000000e+01   4.8335400e+00   1.6504500e+01   3.0550200e+01  -1.0000000e+00
   2.5000000e+01  -1.2692200e+01   6.5654300e+00   4.5230800e+01  -3.0000000e+00
   2.6000000e+01   2.7818200e+00  -3.7712700e+00   5.0270700e+01   1.0000000e+00
   2.7000000e+01  -1.5483900e+01  -6.2220100e+00   2.1578900e+01  -2.0000000e+00
   2.8000000e+01  -9.7821800e+00  -1.0922800e+01   3.3467700e+01  -3.0000000e+00
   2.9000000e+01  -1.2887900e+01   1.4063500e+01   4.4317600e+01  -1.0000000e+00
   3.0000000e+01   1.1096700e+01  -8.4299100e+00   4.9841600e+01   1.0000000e+00
   3.1000000e+01  -1.5211300e+01  -1.1827600e+01   1.8814600e+01  -1.0000000e+00
   3.2000000e+01  -1.3509300e+01  -9.7371900e-01   1.9021300e+01   1.0000000e+00
   3.3000000e+01   1.6940700e+01  -6.1910100e+00   6.5920300e+01  -1.0000000e+00
   3.4000000e+01  -4.2037500e+00  -1.1968300e+01   4.9610500e+01   1.0000000e+00
   3.5000000e+01  -3.4204100e+00   1.6223000e+00   3.1729400e+01  -3.0000000e+00
   3.6000000e+01  -1.1829500e+01   1.2188800e+01   3.0692400e+01  -2.0000000e+00
   3.7000000e+01  -1.2567500e+01  -8.6032400e+00   2.0759600e+01   1.0000000e+00
   3.8000000e+01  -6.7911000e+00  -1.6963400e+01   5.3947000e+01  -1.0000000e+00
   3.9000000e+01  -1.8174100e+01   4.9087300e+00   2.8214700e+01  -1.0000000e+00
   4.0000000e+01   1.3876900e+01  -1.3217700e+01   4.9502600e+01  -1.0000000e+00
   4.1000000e+01  -1.1483800e+01   4.1995100e+00   2.9003600e+01  -3.0000000e+00
   4.2000000e+01  -1.3373900e+00   8.8675400e+00   3.0535700e+01   2.0000000e+00
   4.3000000e+01   6.0538500e+00  -1.5945000e+01   4.9622900e+01  -2.0000000e+00
   4.4000000e+01   1.5819700e+01  -1.2480600e+01   4.9360000e+01  -1.0000000e+00
   4.5000000e+01  -1.0764200e+01   2.1540800e+00   1.4551500e+01  -3.0000000e+00
   4.6000000e+01   4.7266500e+00  -2.9945700e+00   5.0055800e+01   1.0000000e+00
   4.7000000e+01  -4.5521300e+00  -1.3999400e+01   4.9745700e+01   1.0000000e+00
   4.8000000e+01   1.7238900e+01   5.3248700e+00   4.8950700e+01  -2.0000000e+00
   4.9000000e+01   3.8921600e+00   2.5918000e+00   5.0137700e+01   1.0000000e+00
   5.0000000e+01   1.3057100e+01  -7.6934000e+00   5.0434200e+01   1.0000000e+00
   5.1000000e+01  -1.4991600e+01   1.0286800e+01   4.7960600e+01  -1.0000000e+00
   5.2000000e+01  -3.8244100e+00  -9.9322200e+00   4.9573200e+01   1.0000000e+00
   5.3000000e+01  -1.1487800e+01  -1.3751000e+00   1.8527500e+01   1.0000000e+00
   5.4000000e+01  -1.4820400e+01   2.9115900e+00   2.0663800e+01   1.0000000e+00
   5.5000000e+01  -8.1589800e+00  -1.3230900e+01   6.3392400e+01  -2.0000000e+00
   5.6000000e+01  -8.5703400e+00   6.9322400e+00   3.0915000e+01   2.0000000e+00
   5.7000000e+01   8.9697600e+00   1.6259600e+01   3.0813200e+01  -1.0000000e+00
   5.8000000e+01   1.7677700e+01  -2.1471600e+00   6.4783500e+01  -1.0000000e+00
   5.9000000e+01   8.0050100e+00  -1.5289600e+01   6.1310100e+01  -2.0000000e+00
   6.0000000e+01   8.0422900e+00   1.0763700e+01   4.1491900e+01  -2.0000000e+00
   6.1000000e+01  -1.0635200e+01   6.8720000e+00   2.0609700e+01  -3.0000000e+00
   6.2000000e+01  -6.1506900e+00  -1.2673300e+01   4.8854500e+01   1.0000000e+00
   6.3000000e+01  -8.6261100e+00   1.0511200e+01   3.0932900e+01   2.0000000e+00
   6.4000000e+01  -1.1792600e+01   1.5814800e+01   3.0627900e+01  -1.0000000e+00
   6.5000000e+01   6.5571600e-01   1.6106500e+01   2.7516700e+01  -2.0000000e+00
   6.6000000e+01  -1.7622200e+01  -5.8553800e+00   5.5272100e+00  -1.0000000e+00
   6.7000000e+01  -8.4774500e+00  -9.2658400e+00   2.2179300e+01  -3.0000000e+00
   6.8000000e+01   8.1873400e+00   5.8649400e+00   5.0997000e+01  -2.0000000e+00
   6.9000000e+01   1.8070900e+01  -1.2860100e-01   6.4043600e+01  -1.0000000e+00
   7.0000000e+01  -1.6962100e+01  -2.2274700e+00   1.8231700e+01  -2.0000000e+00
   7.1000000e+01  -1.0071600e+01  -5.3054300e+00   1.9843000e+01   1.0000000e+00
   7.2000000e+01   1.2318700e+01   1.4245900e+01   3.4266000e+01  -1.0000000e+00
   7.3000000e+01   1.0198600e+01   6.5653600e+00   4.9793500e+01  -2.0000000e+00
   7.4000000e+01   1.5029500e+01  -6.9678200e+00   5.0500500e+01  -2.0000000e+00
   7.5000000e+01   3.1404200e+00  -1.6762800e+00   4.9679500e+01   1.0000000e+00
   7.6000000e+01   6.9174300e+00   1.2607200e+01   3.0341600e+01   2.0000000e+00
   7.7000000e+01   2.2035900e+00   1.8195600e+01   2.3972300e+01  -1.0000000e+00
   7.8000000e+01   8.2964700e+00  -3.6642300e+00   4.9890100e+01   1.0000000e+00
   7.9000000e+01   7.9017700e+00  -5.7242100e+00   4.9404700e+01   1.0000000e+00
   8.0000000e+01   1.6517300e+01   1.2143500e+00   4.9502500e+01  -2.0000000e+00
   8.1000000e+01  -1.2136000e+01  -4.9593100e+00   2.0709700e+01   1.0000000e+00
   8.2000000e+01   9.7567700e+00   4.5499200e+00   4.9569600e+01   1.0000000e+00
   8.3000000e+01  -2.6833000e+00  -3.8217800e+00   4.9629800e+01   1.0000000e+00
   8.4000000e+01   1.1091800e+01   1.2600200e+01   3.4356200e+01  -2.0000000e+00
   8.5000000e+01   6.4288300e+00  -1.3914200e+01   4.9921500e+01   1.0000000e+00
   8.6000000e+01  -1.2881900e+01  -3.0342400e+00   1.9783200e+01   1.0000000e+00
   8.7000000e+01  -6.6659700e+00  -4.2122800e+00   1.7378100e+01  -3.0000000e+00
   8.8000000e+01  -8.9413000e+00   3.1358200e+00   2.4176500e+01  -3.0000000e+00
   8.9000000e+01   1.0581000e+01  -8.9414300e-01   4.9920900e+01   1.0000000e+00
   9.0000000e+01   1.4624000e+01  -9.0226400e+00   4.9433200e+01  -2.0000000e+00
   9.1000000e+01   1.6036700e+01   8.7330500e+00   3.5261200e+01  -1.0000000e+00
   9.2000000e+01   2.7915600e+00   1.2545200e+01   3.0641300e+01   2.0000000e+00
   9.3000000e+01  -1.6898800e+01   3.2465800e+00   2.3424900e+01  -2.0000000e+00
   9.4000000e+01  -8.6756500e+00  -3.7211000e+00   1.8454400e+01  -3.0000000e+00
   9.5000000e+01  -3.3601400e+00  -1.7457100e+01   3.3934500e+01  -1.0000000e+00
   9.6000000e+01  -3.0777800e+00  -5.8475500e+00   4.8977000e+01   1.0000000e+00
   9.7000000e+01   2.1520900e+00  -1.7361200e+01   4.9826300e+01  -1.0000000e+00
   9.8000000e+01   4.1355200e+00  -1.6700900e+01   3.7629600e+01  -2.0000000e+00
   9.9000000e+01   9.1510900e+00  -9.1035600e+00   4.9665600e+01   1.0000000e+00
   1.0000000e+02   1.3738600e+01  -3.5893400e+00   4.9576100e+01   1.0000000e+00
   1.0100000e+02   9.0227200e+00   1.2597300e+01   3.0807200e+01  -2.0000000e+00
   1.0200000e+02   1.0307500e+01  -1.2493400e+01   4.9459400e+01  -2.0000000e+00
   1.0300000e+02  -4.3462400e+00   3.4588200e+00   3.0045800e+01  -3.0000000e+00
   1.0400000e+02   1.3337100e+01  -5.6132800e+00   5.0508700e+01   1.0000000e+00
   1.0500000e+02  -1.3243500e+01  -1.2528800e+01   1.1150300e+01  -2.0000000e+00
   1.0600000e+02  -1.2038900e+01  -1.4340300e+01   3.2571100e+01  -1.0000000e+00
   1.0700000e+02   1.7123600e+00   1.4348200e+01   3.0603800e+01   2.0000000e+00
   1.0800000e+02   9.3219800e-01  -1.3967000e+01   4.9825000e+01   1.0000000e+00
   1.0900000e+02   1.6677700e+00  -9.8808600e+00   4.9682100e+01   1.0000000e+00
   1.1000000e+02   1.0530200e+01   8.6071300e+00   3.0286300e+01  -2.0000000e+00
   1.1100000e+02  -1.4130600e+00   1.6207700e+01   3.0058500e+01  -2.0000000e+00
   1.1200000e+02   5.9686500e+00   7.2017200e+00   1.1156100e+01  -1.0000000e+00
   1.1300000e+02   7.8197400e+00   3.8199700e+00   4.9767600e+01   1.0000000e+00
   1.1400000e+02   1.6850200e+01   3.2442500e+00   4.9671800e+01  -2.0000000e+00
   1.1500000e+02  -1.0107400e+01   1.5519200e-01   5.6708600e+00  -3.0000000e+00
   1.1600000e+02   1.2177400e+01  -2.2146400e+00   4.9541400e+01   1.0000000e+00
   1.1700000e+02  -3.3543500e-01  -1.0592600e+01   4.9474600e+01   1.0000000e+00
   1.1800000e+02  -1.8744500e+00  -9.2180600e+00   4.9214100e+01   1.0000000e+00
   1.1900000e+02   1.9892800e+00   1.7518700e+00   5.0406200e+01   1.0000000e+00
   1.2000000e+02   7.2290600e-01   1.2544300e+01   3.1006900e+01   2.0000000e+00
   1.2100000e+02   1.1349800e+01   3.2223600e+00   4.9559100e+01   1.0000000e+00
   1.2200000e+02  -1.4168900e+01   9.6795200e-01   1.9421900e+01   1.0000000e+00
   1.2300000e+02  -1.6270800e+01  -4.2882100e+00   1.9639200e+01  -2.0000000e+00
   1.2400000e+02  -4.6173100e+00   1.7835800e+01   3.2855700e+01  -1.0000000e+00
   1.2500000e+02   3.7707700e+00   1.4355800e+01   3.1393600e+01  -2.0000000e+00
   1.2600000e+02   1.8488800e+01   1.9066300e+00   6.5037000e+01  -1.0000000e+00
   1.2700000e+02   1.4101900e+01   8.0124500e+00   5.0193200e+01  -2.0000000e+00
   1.2800000e+02  -9.4810700e+00  -1.8029400e+00   1.8998800e+01   1.0000000e+00
   1.2900000e+02  -5.4846100e+00   1.5268300e+00   3.3666100e+01  -3.0000000e+00
   1.3000000e+02  -7.5137200e+00   5.1158200e+00   3.0297000e+01   2.0000000e+00
   1.3100000e+02   6.9068900e+00   9.0317400e+00   3.5731400e+01  -2.0000000e+00
   1.3200000e+02   1.0189000e+01   1.0707400e+01   1.0976600e+01  -1.0000000e+00
   1.3300000e+02  -1.5950700e+01   8.4058300e+00   4.9678600e+01  -1.0000000e+00
   1.3400000e+02   1.5715200e+01  -2.8588800e+00   5.0086600e+01  -2.0000000e+00
   1.3500000e+02   8.7488600e+00  -1.1163400e+01   4.9168400e+01   1.0000000e+00
   1.3600000e+02  -7.6323600e+00   1.6020000e+01   3.0619900e+01  -1.0000000e+00
   1.3700000e+02   1.4899100e+01   2.5687000e+00   4.9268600e+01   1.0000000e+00
   1.3800000e+02  -4.9212300e+00  -1.6060600e+01   3.8406100e+01  -2.0000000e+00
   1.3900000e+02  -7.2149100e-01  -3.1031200e+00   4.9295000e+01   1.0000000e+00
   1.4000000e+02  -5.4297400e+00   5.2132200e+00   3.1554000e+01   2.0000000e+00
   1.4100000e+02   2.2400800e+00   3.8575500e+00   3.7790200e+01  -3.0000000e+00
   1.4200000e+02   1.7696900e+01   7.4277200e+00   5.0014000e+01  -1.0000000e+00
   1.4300000e+02  -3.0729400e-01   1.0653200e+01   3.0735900e+01   2.0000000e+00
   1.4400000e+02   3.2370700e+00  -1.1223000e+01   4.9403400e+01   1.0000000e+00
   1.4500000e+02  -1.6784100e+01  -7.8233900e+00   5.6050100e+00  -1.0000000e+00
   1.4600000e+02  -4.5264000e+00   1.4198200e+01   3.0689800e+01   2.0000000e+00
   1.4700000e+02   3.6565200e+00  -9.1517900e+00   4.9409800e+01   1.0000000e+00
   1.4800000e+02   4.8527000e+00   1.2574700e+01   3.0845700e+01   2.0000000e+00
   1.4900000e+02  -1.1366800e+01  -6.9128500e+00   2.1136800e+01   1.0000000e+00
   1.5000000e+02  -1.4730300e+01   6.7058500e+00   3.2499200e+01  -2.0000000e+00
   1.5100000e+02  -5.3470500e+00  -6.5461800e+00   6.4386500e+01  -3.0000000e+00
   1.5200000e+02  -1.6785800e+01   6.5067800e+00   4.6591000e+01  -1.0000000e+00
   1.5300000e+02   1.0043700e+01   1.4410600e+01   1.7351700e+01  -2.0000000e+00
   1.5400000e+02  -2.3470200e+00   7.0670400e+00   3.0508900e+01   2.0000000e+00
   1.5500000e+02   5.4784200e+00   1.1128800e+00   4.9319300e+01   1.0000000e+00
   1.5600000e+02  -1.7615000e+01  -2.8003600e-01   3.6665500e+00  -1.0000000e+00
   1.5700000e+02   1.3726900e+01   5.9565200e+00   4.9866800e+01   1.0000000e+00
   1.5800000e+02   5.8792200e+00   1.4437400e+01   2.9778800e+01  -2.0000000e+00
   1.5900000e+02   2.0390300e+00  -7.8410700e+00   5.0135600e+01   1.0000000e+00
   1.6000000e+02  -7.1848700e+00  -7.6204500e+00   2.6007500e+01  -3.0000000e+00
   1.6100000e+02  -9.3351700e+00  -7.3332500e+00   2.1528300e+01   1.0000000e+00
   1.6200000e+02   1.1777300e+01   5.2495000e+00   4.9573500e+01   1.0000000e+00
   1.6300000e+02   5.6355700e-01  -1.6040900e+01   4.9934100e+01  -2.0000000e+00
   1.6400000e+02  -7.7462800e+00  -1.1199200e+01   2.5023300e+01  -3.0000000e+00
   1.6500000e+02   1.5919000e+00  -2.8398500e-01   4.9667200e+01   1.0000000e+00
   1.6600000e+02   9.0033000e+00   4.3608100e-01   4.9708500e+01   1.0000000e+00
   1.6700000e+02   1.2544200e+01  -1.9096800e-01   4.9451500e+01   1.0000000e+00
   1.6800000e+02   4.8132900e+00  -1.2577100e+01   4.9883000e+01   1.0000000e+00
   1.6900000e+02   1.3344500e+01   3.9297000e+00   4.9391300e+01   1.0000000e+00
   1.7000000e+02  -4.5066800e+00   1.0603500e+01   3.1065000e+01   2.0000000e+00
   1.7100000e+02  -1.3802900e+01   8.5482000e+00   3.2790500e+01  -2.0000000e+00
   1.7200000e+02  -1.3717000e+00   1.2450100e+01   3.1249800e+01   2.0000000e+00
   1.7300000e+02  -3.4760200e+00   1.2382300e+01   3.0884500e+01   2.0000000e+00
   1.7400000e+02   1.0213800e+01  -2.9395000e+00   5.0043100e+01   1.0000000e+00
   1.7500000e+02   7.5413500e+00  -7.7582800e+00   5.0072700e+01   1.0000000e+00
   1.7600000e+02  -6.5609000e+00   1.0557000e+01   3.0983200e+01   2.0000000e+00
   1.7700000e+02   1.1421400e+01  -6.3630100e+00   5.0437700e+01   1.0000000e+00
   1.7800000e+02   1.8580800e+00   7.0979600e+00   4.0430800e+01  -3.0000000e+00
   1.7900000e+02  -1.4931300e+01  -2.6649700e+00   1.9333000e+01   1.0000000e+00
   1.8000000e+02  -1.5562900e+01  -6.6732000e-01   1.9007800e+01  -2.0000000e+00
   1.8100000e+02  -7.6099800e+00   1.2341600e+01   3.1289600e+01   2.0000000e+00
   1.8200000e+02  -7.1401200e+00  -2.2054600e+00   1.9820600e+01  -3.0000000e+00
   1.8300000e+02   9.3844900e+00   2.4809300e+00   4.9812400e+01   1.0000000e+00
   1.8400000e+02   2.5208400e+00  -1.5326200e+01   4.9838500e+01  -2.0000000e+00
   1.8500000e+02   8.2120800e-01  -4.4501900e+00   4.9443300e+01   1.0000000e+00
   1.8600000e+02  -1.4616600e+01  -8.2232900e+00   2.0832000e+01  -2.0000000e+00
   1.8700000e+02   1.2333200e+00  -2.4289500e+00   4.9627100e+01   1.0000000e+00
   1.8800000e+02   9.2365600e-02  -8.5531400e+00   4.9311800e+01   1.0000000e+00
   1.8900000e+02   1.2129100e+01   7.2925000e+00   5.0269100e+01   1.0000000e+00
   1.9000000e+02  -3.9039400e+00  -3.7878500e-01   4.4168200e+01  -3.0000000e+00
   1.9100000e+02  -1.1734900e+01   8.6560000e+00   3.2388100e+01  -3.0000000e+00
   1.9200000e+02  -1.8072000e+00  -1.8829000e+01   4.8962200e+01  -1.0000000e+00
   1.9300000e+02  -9.7241000e+00   1.5934000e+01   3.1799700e+01  -1.0000000e+00
   1.9400000e+02  -2.2678900e+00  -1.1287300e+01   4.9710000e+01   1.0000000e+00
   1.9500000e+02  -9.9265500e+00  -1.4292600e+01   1.2752300e+01  -1.0000000e+00
   1.9600000e+02   7.1929600e+00  -9.8088500e+00   4.9775800e+01   1.0000000e+00
   1.9700000e+02   1.7642600e+00   1.0702100e+01   3.0611100e+01   2.0000000e+00
   1.9800000e+02  -8.0276000e+00  -5.7402100e+00   1.9768500e+01  -3.0000000e+00
   1.9900000e+02   7.5888500e+00  -1.7332200e+01   4.9417400e+01  -1.0000000e+00
   2.0000000e+02   4.8568200e+00   8.9275500e+00   3.2478500e+01  -2.0000000e+00
   2.0100000e+02   1.2296700e+01  -1.1812600e+01   4.9360400e+01  -2.0000000e+00
   2.0200000e+02  -7.5357900e+00   1.6520800e+00   5.0730500e+01  -3.0000000e+00
   2.0300000e+02  -1.2115100e+01   5.8558700e-01   1.8466400e+01   1.0000000e+00
   2.0400000e+02  -1.3939300e+01   1.2211700e+01   4.5495500e+01  -1.0000000e+00
   2.0500000e+02   4.0104300e+00  -7.0995400e+00   4.9944900e+01   1.0000000e+00
   2.0600000e+02  -5.4918600e+00   8.7573000e+00   3.1217800e+01   2.0000000e+00
   2.0700000e+02  -2.5379500e+00   1.7939100e+01   3.2951800e+01  -1.0000000e+00
   2.0800000e+02  -1.0546400e+01  -8.9977800e+00   2.1520300e+01   1.0000000e+00
   2.0900000e+02  -1.0809600e+01  -3.3695400e+00   2.0160800e+01   1.0000000e+00
   2.1000000e+02   5.9594000e+00  -6.3934500e+00   4.9584300e+01   1.0000000e+00
   2.1100000e+02   5.1255900e+00  -9.7615700e-01   4.9582600e+01   1.0000000e+00
   2.1200000e+02  -2.8185000e-01   7.1041200e+00   3.1383500e+01   2.0000000e+00
   2.1300000e+02  -5.5542100e+00   1.5989200e+01   4.2756200e+01  -2.0000000e+00
   2.1400000e+02   8.6296600e+00  -1.6036200e+00   4.9961700e+01   1.0000000e+00
   2.1500000e+02  -8.6659100e+00   1.4092300e+01   3.1308500e+01  -2.0000000e+00
   2.1600000e+02   5.8782600e+00   1.0803300e+01   3.0448500e+01   2.0000000e+00
   2.1700000e+02  -1.8272700e+01   1.6703600e+00   1.9132700e+01  -1.0000000e+00
   2.1800000e+02   1.4447800e+01   1.0120900e+01   3.6219800e+01  -1.0000000e+00
   2.1900000e+02  -5.5544600e+00   1.2397300e+01   3.0589000e+01   2.0000000e+00
   2.2000000e+02  -1.3546700e+01   4.5558200e+00   2.5359500e+01  -3.0000000e+00
   2.2100000e+02   7.4406200e+00   1.7963200e+00   4.9387300e+01   1.0000000e+00
   2.2200000e+02  -1.3942100e+01  -1.0203400e+01   1.9569100e+01  -2.0000000e+00
   2.2300000e+02   2.7610200e+00   1.6149300e+01   1.7059200e+01  -2.0000000e+00
   2.2400000e+02  -1.3442100e+01  -6.5390500e+00   2.1849800e+01   1.0000000e+00
   2.2500000e+02  -1.5583300e+01   4.8240700e+00   2.7285800e+01  -2.0000000e+00
   2.2600000e+02  -1.3839300e+00  -1.6742400e+01   4.9509500e+01  -2.0000000e+00
   2.2700000e+02   1.6604500e+01  -8.3192300e+00   6.5129700e+01  -1.0000000e+00
   2.2800000e+02   1.5308400e+01   4.6310400e+00   4.9365300e+01   1.0000000e+00
   2.2900000e+02   1.2780500e+01   1.1366000e+01   4.5184700e+01  -1.0000000e+00
   2.3000000e+02  -1.0141200e+00  -1.4668800e+01   4.9818000e+01   1.0000000e+00
   2.3100000e+02   2.8034300e+00   8.9216300e+00   3.0339200e+01   2.0000000e+00
   2.3200000e+02  -4.4160100e+00   7.0101300e+00   3.1385500e+01   2.0000000e+00
   2.3300000e+02  -7.5735700e+00   8.7414600e+00   3.0820800e+01   2.0000000e+00
   2.3400000e+02   1.3314000e-02   1.0746500e+00   5.0323400e+01   1.0000000e+00
   2.3500000e+02   6.7946900e+00  -1.1843100e+01   4.9738100e+01   1.0000000e+00
   2.3600000e+02   1.1772900e+01  -4.2828200e+00   4.9788300e+01   1.0000000e+00
   2.3700000e+02  -8.4563600e+00  -1.5742600e+01   3.7562200e+01  -1.0000000e+00
   2.3800000e+02  -4.3053900e+00  -2.4806400e+00   4.7942700e+01  -3.0000000e+00
   2.3900000e+02  -1.4917400e+00  -7.1918000e+00   4.9404100e+01   1.0000000e+00
   2.4000000e+02   4.6073100e-01  -6.5170000e+00   4.9790700e+01   1.0000000e+00
   2.4100000e+02  -9.6200200e+00   5.0819000e+00   2.1095300e+01  -3.0000000e+00
   2.4200000e+02  -2.6125500e+00  -1.3332300e+01   4.9887800e+01   1.0000000e+00
   2.4300000e+02  -2.4392200e+00   1.4304700e+01   3.1267400e+01   2.0000000e+00
   2.4400000e+02  -1.0697100e+01   1.0470000e+01   3.1317500e+01   2.0000000e+00
   2.4500000e+02   6.2335200e+00   5.1586800e+00   2.8328500e+01  -2.0000000e+00
   2.4600000e+02  -3.4145000e+00   8.8383000e+00   3.1243800e+01   2.0000000e+00
   2.4700000e+02   5.2013600e+00  -1.0545200e+01   4.9347400e+01   1.0000000e+00
   2.4800000e+02   5.6800000e+00  -1.8098500e+01   4.9960100e+01  -1.0000000e+00
   2.4900000e+02   7.9402300e+00   1.4408100e+01   3.0184500e+01  -2.0000000e+00
   2.5000000e+02   1.2949800e+01   1.8693100e+00   4.9207700e+01   1.0000000e+00
   2.5100000e+02  -1.1098400e+01  -1.2510500e+01   2.7802100e+01  -2.0000000e+00
   2.5200000e+02   1.0954200e+01   1.1693600e+00   4.9723100e+01   1.0000000e+00
   2.5300000e+02   9.4770900e+00  -7.0550400e+00   4.9888700e+01   1.0000000e+00
   2.5400000e+02   1.4230400e+01  -1.1113800e+01   4.9411600e+01  -2.0000000e+00
   2.5500000e+02   1.2650200e+01  -9.7703200e+00   4.9725000e+01   1.0000000e+00
   2.5600000e+02   1.8789700e+01   3.9511700e+00   5.0039300e+01  -1.0000000e+00
   2.5700000e+02  -1.8904200e+00   2.5111000e-01   5.0576600e+01   1.0000000e+00
   2.5800000e+02   9.8602600e+00  -5.0203200e+00   4.9819900e+01   1.0000000e+00
   2.5900000e+02  -6.4858600e+00  -1.4701400e+01   5.1407100e+01  -2.0000000e+00
   2.6000000e+02   2.6519200e-01   3.2552700e+00   4.6825600e+01   1.0000000e+00
   2.6100000e+02  -6.4222100e+00   3.3869300e+00   3.0912600e+01  -3.0000000e+00
   2.6200000e+02  -6.5141500e+00   6.9585200e+00   3.1104300e+01   2.0000000e+00
   2.6300000e+02   1.2810600e+00  -1.1942900e+01   4.9893300e+01   1.0000000e+00
   2.6400000e+02   1.6082500e+01  -8.3823400e-01   4.9583000e+01  -2.0000000e+00
   2.6500000e+02  -1.8357400e+01  -3.7839700e+00   1.8027300e+01  -1.0000000e+00
   2.6600000e+02   1.7306800e+01  -4.1668500e+00   6.5089200e+01  -1.0000000e+00
   2.6700000e+02   1.5352100e+01  -4.8949500e+00   5.0484000e+01  -2.0000000e+00
   2.6800000e+02  -6.6158500e+00   1.4199200e+01   3.0634200e+01  -2.0000000e+00
   2.6900000e+02   6.3402000e+00  -4.3539800e+00   4.9562700e+01   1.0000000e+00
   2.7000000e+02  -1.6202100e+01   1.2993000e+00   1.9310300e+01  -2.0000000e+00
   2.7100000e+02  -3.1901400e-01  -1.0858100e+00   5.0114100e+01   1.0000000e+00
   2.7200000e+02   5.8776800e+00   3.1331200e+00   4.8457100e+01   1.0000000e+00
   2.7300000e+02  -1.1871300e+01  -1.0602800e+01   2.1103400e+01   1.0000000e+00
   2.7400000e+02   3.8244400e+00   1.0729900e+01   3.0612800e+01   2.0000000e+00
   2.7500000e+02   1.4127000e+01  -1.5323300e+00   4.9590000e+01   1.0000000e+00
   2.7600000e+02   1.4044800e+01   1.2975300e+01   3.7745400e+01  -1.0000000e+00
   2.7700000e+02   8.3474400e+00  -1.3184200e+01   4.9736200e+01  -2.0000000e+00
   2.7800000e+02   3.9485900e+00   6.7049400e+00   1.5167400e+01  -2.0000000e+00
   2.7900000e+02   1.4500300e+01   4.9187400e-01   4.9326600e+01   1.0000000e+00
   2.8000000e+02   1.5670300e+01   6.6698500e+00   4.9891700e+01  -2.0000000e+00
   2.8100000e+02  -5.3848000e+00  -8.6040400e+00   5.3948000e+01  -3.0000000e+00
   2.8200000e+02   3.5565100e+00   3.7152700e-01   4.9572000e+01   1.0000000e+00
   2.8300000e+02   7.7832600e-01   5.3322200e+00   3.8317300e+01  -3.0000000e+00
   2.8400000e+02   4.4729000e+00  -1.4622100e+01   5.0147600e+01   1.0000000e+00
   2.8500000e+02  -1.2593500e+00   4.9262100e+00   3.5800900e+01  -3.0000000e+00
   2.8600000e+02  -2.9607900e+00  -1.5377700e+01   4.9484700e+01  -2.0000000e+00
   2.8700000e+02  -2.3822800e+00   1.0649100e+01   3.0834800e+01   2.0000000e+00
   2.8800000e+02   9.9770900e+00  -1.4577900e+01   5.0086300e+01  -1.0000000e+00
   2.8900000e+02   4.3919900e+00  -5.0516900e+00   5.0245700e+01   1.0000000e+00
   2.9000000e+02   6.9141200e+00   1.6210600e+01   2.8177600e+01  -1.0000000e+00
   2.9100000e+02   2.4208700e+00  -5.7934500e+00   5.0128300e+01   1.0000000e+00
   2.9200000e+02  -1.6079800e+01  -9.8828200e+00   5.7530300e+00  -1.0000000e+00
   2.9300000e+02   1.1911300e+01  -1.3872100e+01   4.9294500e+01  -1.0000000e+00
   2.9400000e+02  -1.2859800e+01   1.0404700e+01   3.1927200e+01  -2.0000000e+00
   2.9500000e+02   1.2486500e+01   9.3251400e+00   6.2993800e+01  -2.0000000e+00
   2.9600000e+02  -1.4206100e+01  -4.6139200e+00   2.0862200e+01   1.0000000e+00
   2.9700000e+02   1.6248500e+01  -1.0463300e+01   6.3717300e+01  -1.0000000e+00
   2.9800000e+02  -3.4894700e+00   1.6074000e+01   3.2231700e+01  -2.0000000e+00
   2.9900000e+02  -1.7393500e+00   2.7861700e+00   6.3499200e+01  -3.0000000e+00
