   0.0000000e+00   1.2495500e+00  -1.5078800e+01   1.0000000e+00
   1.0000000e+00   1.2189600e+01  -1.9358200e+00  -1.0000000e+00
   2.0000000e+00  -1.0236500e+01  -1.3412000e+01   1.0000000e+00
   3.0000000e+00   1.1901600e+00   4.9705600e+00  -1.0000000e+00
   4.0000000e+00  -5.7637500e+00  -1.6688700e+01   1.0000000e+00
   5.0000000e+00  -4.2515800e-01  -4.8303200e+00  -1.0000000e+00
   6.0000000e+00  -8.8385300e-01   1.0019400e+01  -1.0000000e+00
   7.0000000e+00  -1.1744200e+01   6.1080500e+00   1.0000000e+00
   8.0000000e+00   6.7093000e+00  -6.7036300e+00  -1.0000000e+00
   9.0000000e+00  -5.5168700e+00  -1.7089900e+00   1.0000000e+00
   1.0000000e+01  -2.1707900e+00   6.3502100e-01  -1.0000000e+00
   1.1000000e+01  -2.3274700e-01   1.1969500e+01  -1.0000000e+00
   1.2000000e+01  -1.2294600e+01  -1.2856300e+01   1.0000000e+00
   1.3000000e+01   5.2220700e+00   1.6819100e+01  -1.0000000e+00
   1.4000000e+01   1.3468400e+01   1.2874100e+01  -1.0000000e+00
   1.5000000e+01  -1.3945500e+01  -1.4256600e+01   1.0000000e+00
   1.6000000e+01   1.2270600e+01  -1.2826800e+01  -1.0000000e+00
   1.7000000e+01  -2.7108300e+00  -1.3793400e+01   1.0000000e+00
   1.8000000e+01   1.4152400e+01   3.9042600e+00  -1.0000000e+00
   1.9000000e+01   1.0534600e+01  -1.6642800e+01  -1.0000000e+00
   2.0000000e+01   1.4362000e+01  -1.2490100e+01  -1.0000000e+00
   2.1000000e+01  -7.1744500e+00  -1.0580400e+01   1.0000000e+00
   2.2000000e+01   6.6492300e+00   4.2287900e+00  -1.0000000e+00
   2.3000000e+01  -1.5834300e+01   1.0757000e+01   1.0000000e+00
   2.4000000e+01  -6.7195800e+00  -1.2594300e+01   1.0000000e+00
   2.5000000e+01  -1.3921800e+01   2.8187300e+00   1.0000000e+00
   2.6000000e+01   1.1513700e+01  -3.8752000e+00  -1.0000000e+00
   2.7000000e+01   9.3106900e+00   1.2087200e+01  -1.0000000e+00
   2.8000000e+01   1.0758600e+01  -4.0773900e-01  -1.0000000e+00
   2.9000000e+01  -1.0618000e+01  -3.9096100e+00   1.0000000e+00
   3.0000000e+01  -1.1077000e+01   8.0494300e+00  -1.0000000e+00
   3.1000000e+01   9.3890000e+00   1.1502700e+00  -1.0000000e+00
   3.2000000e+01   4.5639000e+00   9.2928400e+00  -1.0000000e+00
   3.3000000e+01   8.7376800e+00  -8.1728700e-01  -1.0000000e+00
   3.4000000e+01  -6.1512100e+00  -7.1288800e+00   1.0000000e+00
   3.5000000e+01  -1.9318400e-01   6.5057100e+00  -1.0000000e+00
   3.6000000e+01  -5.6429200e+00   1.2743200e+01  -1.0000000e+00
   3.7000000e+01  -3.4934800e+00  -2.2321000e+00   1.0000000e+00
   3.8000000e+01  -2.1246600e+00  -8.3245200e+00   1.0000000e+00
   3.9000000e+01  -6.9869500e+00   8.8660200e+00  -1.0000000e+00
   4.0000000e+01   8.6188600e+00   1.0116000e+01  -1.0000000e+00
   4.1000000e+01  -4.0937800e+00  -7.7277400e+00   1.0000000e+00
   4.2000000e+01  -1.4314800e+01  -1.2115800e+01   1.0000000e+00
   4.3000000e+01  -7.7243700e+00  -1.6053000e+01   1.0000000e+00
   4.4000000e+01  -2.2666400e+00   1.1570200e+01  -1.0000000e+00
   4.5000000e+01  -4.3714400e-02  -8.9086400e+00   1.0000000e+00
   4.6000000e+01  -8.3543300e+00   1.0393900e+01  -1.0000000e+00
   4.7000000e+01  -6.2771700e+00   5.2902100e+00  -1.0000000e+00
   4.8000000e+01   1.8106500e+00   1.2399700e+01  -1.0000000e+00
   4.9000000e+01  -1.4468200e+01   9.2038300e+00   1.0000000e+00
   5.0000000e+01  -4.0329900e+00  -2.4637100e-01  -1.0000000e+00
   5.1000000e+01   1.6501200e+01  -1.1184300e+00  -1.0000000e+00
   5.2000000e+01   2.5694800e+00  -7.6122200e+00  -1.0000000e+00
   5.3000000e+01   7.3529000e+00   6.9544300e-01  -1.0000000e+00
   5.4000000e+01  -1.5401900e+00   8.0631400e+00  -1.0000000e+00
   5.5000000e+01  -1.2155900e+01  -5.3270100e+00   1.0000000e+00
   5.6000000e+01  -8.7031400e+00  -1.1958200e+01   1.0000000e+00
   5.7000000e+01  -1.3514400e+01   7.8281000e-01   1.0000000e+00
   5.8000000e+01  -1.8090300e+00  -1.8001300e+01   1.0000000e+00
   5.9000000e+01  -3.6100000e+00   1.3154800e+01  -1.0000000e+00
   6.0000000e+01  -9.0330200e+00   8.4510700e+00  -1.0000000e+00
   6.1000000e+01  -3.6342600e+00  -9.7305700e+00   1.0000000e+00
   6.2000000e+01  -1.0389600e+01   9.9913100e+00  -1.0000000e+00
   6.3000000e+01   1.4839700e+01   1.1278500e+01  -1.0000000e+00
   6.4000000e+01  -1.3792500e+01   1.1173900e+01  -1.0000000e+00
   6.5000000e+01  -4.2698700e+00   1.6694100e+01  -1.0000000e+00
   6.6000000e+01   5.9771100e+00   2.2793800e+00  -1.0000000e+00
   6.7000000e+01   4.9558900e-01   8.4910100e+00  -1.0000000e+00
   6.8000000e+01   8.0036400e+00  -2.7653400e+00  -1.0000000e+00
   6.9000000e+01   1.0144300e+01  -7.7906700e+00  -1.0000000e+00
   7.0000000e+01   1.6397900e+01  -6.5478200e+00  -1.0000000e+00
   7.1000000e+01   5.1695500e-01   2.9874400e+00  -1.0000000e+00
   7.2000000e+01  -1.0686100e+01  -1.1396000e+01   1.0000000e+00
   7.3000000e+01   7.3628500e+00  -4.7390700e+00  -1.0000000e+00
   7.4000000e+01   1.9232700e+00  -9.5853800e+00   1.0000000e+00
   7.5000000e+01   1.0105800e+01  -2.3600900e+00  -1.0000000e+00
   7.6000000e+01  -2.9130200e-01  -1.6521000e+01   1.0000000e+00
   7.7000000e+01  -2.9187200e+00   1.5113000e+01  -1.0000000e+00
   7.8000000e+01  -9.9897000e+00   1.5477900e+00   1.0000000e+00
   7.9000000e+01   1.2770300e+01   5.4666300e+00  -1.0000000e+00
   8.0000000e+01  -5.6289100e+00   7.2898600e+00  -1.0000000e+00
   8.1000000e+01  -2.2907200e+00  -1.5857200e+01   1.0000000e+00
   8.2000000e+01  -1.2422500e+01   9.6025700e+00  -1.0000000e+00
   8.3000000e+01   1.5672800e+01   2.3958000e+00  -1.0000000e+00
   8.4000000e+01  -9.6309100e+00  -7.9507600e+00   1.0000000e+00
   8.5000000e+01  -5.0706400e+00  -3.7102900e+00   1.0000000e+00
   8.6000000e+01   1.2162800e+01  -7.3596600e+00  -1.0000000e+00
   8.7000000e+01  -1.2628100e+01  -3.2902500e+00   1.0000000e+00
   8.8000000e+01  -1.6631700e+01  -1.9297800e+00   1.0000000e+00
   8.9000000e+01   5.2355000e+00   1.1269200e+01  -1.0000000e+00
   9.0000000e+01  -2.2383300e+00   1.7083100e+01  -1.0000000e+00
   9.1000000e+01   5.2742000e+00   3.0153200e-01  -1.0000000e+00
   9.2000000e+01  -8.3360000e+00   4.9679500e+00  -1.0000000e+00
   9.3000000e+01  -1.3057900e+01  -1.2665400e+00   1.0000000e+00
   9.4000000e+01   1.0665200e+01   1.0525100e+01  -1.0000000e+00
   9.5000000e+01   8.8619200e+00  -1.1698700e+01  -1.0000000e+00
   9.6000000e+01  -6.2301200e+00  -1.4605200e+01   1.0000000e+00
   9.7000000e+01   1.2069800e+01   1.4412700e+01  -1.0000000e+00
   9.8000000e+01  -1.1916900e+00  -1.2394900e+01   1.0000000e+00
   9.9000000e+01   1.8806700e+00  -4.0618700e+00  -1.0000000e+00
   1.0000000e+02  -1.4704800e+01  -1.0089100e+01   1.0000000e+00
   1.0100000e+02   6.0897500e+00  -8.6530500e+00  -1.0000000e+00
   1.0200000e+02  -5.6101100e+00  -9.1420800e+00   1.0000000e+00
   1.0300000e+02  -7.6422400e+00  -8.5709700e+00   1.0000000e+00
   1.0400000e+02  -1.3131000e+01   7.6259300e+00   1.0000000e+00
   1.0500000e+02   1.4306700e+01  -1.5368000e+00  -1.0000000e+00
   1.0600000e+02   1.1560500e+01  -1.4791100e+01  -1.0000000e+00
   1.0700000e+02   8.7047000e+00  -1.5673300e+01  -1.0000000e+00
   1.0800000e+02  -1.5162300e+00   2.5847000e+00  -1.0000000e+00
   1.0900000e+02  -8.0225000e+00   8.9749100e-01   1.0000000e+00
   1.1000000e+02   1.5483500e+01   7.8385100e+00  -1.0000000e+00
   1.1100000e+02   1.7974100e+01  -2.5840200e+00  -1.0000000e+00
   1.1200000e+02   1.3623100e+01  -8.9487300e+00  -1.0000000e+00
   1.1300000e+02  -1.2394400e+01   1.5181100e+01  -1.0000000e+00
   1.1400000e+02  -7.0472600e+00  -3.0971500e+00   1.0000000e+00
   1.1500000e+02   9.5275100e+00  -9.7587400e+00  -1.0000000e+00
   1.1600000e+02  -6.0580500e+00   3.0615300e-01   1.0000000e+00
   1.1700000e+02   1.2724100e+01   1.0938600e+01  -1.0000000e+00
   1.1800000e+02   8.6666000e+00   4.6276700e+00  -1.0000000e+00
   1.1900000e+02   1.0212900e+01  -1.3245300e+01  -1.0000000e+00
   1.2000000e+02   1.2601500e+00  -6.0251000e+00  -1.0000000e+00
   1.2100000e+02  -1.1487300e+01   1.0333400e-01   1.0000000e+00
   1.2200000e+02  -3.1733100e+00  -1.1766500e+01   1.0000000e+00
   1.2300000e+02   1.1902400e+00  -5.5327600e-01  -1.0000000e+00
   1.2400000e+02  -1.1057600e+01   1.3509500e+01  -1.0000000e+00
   1.2500000e+02   5.2717300e+00   5.8007000e+00  -1.0000000e+00
   1.2600000e+02   1.2044500e+01   8.9891600e+00  -1.0000000e+00
   1.2700000e+02  -6.2348800e-01  -6.8905600e+00   1.0000000e+00
   1.2800000e+02   1.4103700e+01   1.4839700e+01  -1.0000000e+00
   1.2900000e+02  -4.6992300e+00  -1.3187600e+01   1.0000000e+00
   1.3000000e+02   3.1849100e+00  -1.5756100e+01   1.0000000e+00
   1.3100000e+02   2.4897800e+00   1.4350900e+01  -1.0000000e+00
   1.3200000e+02   6.5361400e+00   1.5197700e+01  -1.0000000e+00
   1.3300000e+02  -9.7234200e+00   6.5095700e+00  -1.0000000e+00
   1.3400000e+02  -2.9261200e+00   9.6215200e+00  -1.0000000e+00
   1.3500000e+02  -2.8803400e+00   4.1354300e+00  -1.0000000e+00
   1.3600000e+02   1.1549100e+01  -9.3415200e+00  -1.0000000e+00
   1.3700000e+02   8.0986000e+00  -8.2485900e+00  -1.0000000e+00
   1.3800000e+02   1.9817000e-01  -1.8614100e+01   1.0000000e+00
   1.3900000e+02  -4.9514900e+00   1.4706100e+01  -1.0000000e+00
   1.4000000e+02   1.7261300e+01  -4.6730400e+00  -1.0000000e+00
   1.4100000e+02  -5.1398100e+00  -1.1155700e+01   1.0000000e+00
   1.4200000e+02   8.6039500e+00   1.5621600e+01  -1.0000000e+00
   1.4300000e+02   4.5075600e+00   1.4796700e+01  -1.0000000e+00
   1.4400000e+02   7.9333000e+00   1.3658900e+01  -1.0000000e+00
   1.4500000e+02   7.2760100e+00   1.1672000e+01  -1.0000000e+00
   1.4600000e+02  -1.0257200e+01   3.9002000e+00   1.0000000e+00
   1.4700000e+02  -3.0911300e+00  -4.2999200e+00   1.0000000e+00
   1.4800000e+02   3.1782300e+00   1.0865400e+01  -1.0000000e+00
   1.4900000e+02  -1.5845200e+00   1.3541300e+01  -1.0000000e+00
   1.5000000e+02  -7.3215900e-01  -1.4442200e+01   1.0000000e+00
   1.5100000e+02   3.6068100e+00  -1.7821800e+01   1.0000000e+00
   1.5200000e+02   9.3397100e+00   6.6050700e+00  -1.0000000e+00
   1.5300000e+02  -3.5753400e+00   1.8680300e+01  -1.0000000e+00
   1.5400000e+02  -1.1083300e+01  -1.9101200e+00   1.0000000e+00
   1.5500000e+02  -1.5868700e+01   6.0595000e+00   1.0000000e+00
   1.5600000e+02   1.8768100e+00   1.4399300e+00  -1.0000000e+00
   1.5700000e+02   1.0011600e+01   8.5633500e+00  -1.0000000e+00
   1.5800000e+02   1.4228700e+01  -6.9824900e+00  -1.0000000e+00
   1.5900000e+02   3.9495300e+00  -9.1458200e+00  -1.0000000e+00
   1.6000000e+02   1.6665000e+00  -1.7139300e+01   1.0000000e+00
   1.6100000e+02   8.7544200e+00  -6.2611300e+00  -1.0000000e+00
   1.6200000e+02  -8.3508400e+00   1.5937900e+01  -1.0000000e+00
   1.6300000e+02   1.0070000e+01   3.1136300e+00  -1.0000000e+00
   1.6400000e+02   1.1474100e+01   1.5388100e+00  -1.0000000e+00
   1.6500000e+02   1.4062400e+01   9.3598800e+00  -1.0000000e+00
   1.6600000e+02  -9.7628200e+00  -1.5412800e+01   1.0000000e+00
   1.6700000e+02   1.0748100e+01   5.0678200e+00  -1.0000000e+00
   1.6800000e+02  -1.1739400e+01   1.1574300e+01  -1.0000000e+00
   1.6900000e+02  -1.5244300e+00   1.9048400e+01  -1.0000000e+00
   1.7000000e+02   2.7892700e+00  -1.3701400e+01   1.0000000e+00
   1.7100000e+02   8.8644400e+00  -1.8265700e+01   1.0000000e+00
   1.7200000e+02   5.3134100e+00  -5.1909100e+00  -1.0000000e+00
   1.7300000e+02  -1.6179400e+01  -4.0286200e+00   1.0000000e+00
   1.7400000e+02  -1.4625500e+01  -2.5802000e+00   1.0000000e+00
   1.7500000e+02   1.3394200e+01   7.4184600e+00  -1.0000000e+00
   1.7600000e+02   1.1581500e+00   1.0442900e+01  -1.0000000e+00
   1.7700000e+02   3.2658200e+00  -5.6139300e+00  -1.0000000e+00
   1.7800000e+02  -9.5341600e+00  -5.1213400e-01   1.0000000e+00
   1.7900000e+02   1.3599300e+01  -3.4739700e+00  -1.0000000e+00
   1.8000000e+02  -8.2001200e+00  -1.4016500e+01   1.0000000e+00
   1.8100000e+02   6.7279500e+00  -1.5106000e+01   1.0000000e+00
   1.8200000e+02  -4.2690200e+00   5.7082300e+00  -1.0000000e+00
   1.8300000e+02  -7.6590200e+00   6.9113800e+00  -1.0000000e+00
   1.8400000e+02  -1.3835300e+01   5.5556900e+00   1.0000000e+00
   1.8500000e+02   1.8511900e+00   6.9352900e+00  -1.0000000e+00
   1.8600000e+02  -1.7328500e+01   2.6506600e+00   1.0000000e+00
   1.8700000e+02   3.9155700e+00  -3.6558400e+00  -1.0000000e+00
   1.8800000e+02   1.0785800e+01  -5.8189300e+00  -1.0000000e+00
   1.8900000e+02   1.4921100e+01   4.4181800e-01  -1.0000000e+00
   1.9000000e+02   8.0171700e+00   2.6805600e+00  -1.0000000e+00
   1.9100000e+02   7.2450600e+00   1.7210100e+01  -1.0000000e+00
   1.9200000e+02   1.7193200e+01   9.4089600e-01  -1.0000000e+00
   1.9300000e+02  -1.6049300e+00  -1.0316700e+01   1.0000000e+00
   1.9400000e+02   5.4013500e+00  -1.0595700e+01  -1.0000000e+00
   1.9500000e+02  -3.7375200e+00   1.9845900e+00  -1.0000000e+00
   1.9600000e+02   4.7977500e+00  -1.4389300e+01   1.0000000e+00
   1.9700000e+02  -8.1329200e+00  -6.5354200e+00   1.0000000e+00
   1.9800000e+02  -9.1659500e+00  -9.9537900e+00   1.0000000e+00
   1.9900000e+02   1.1371100e+01   7.0189900e+00  -1.0000000e+00
   2.0000000e+02  -1.5747600e+01  -6.0622200e+00   1.0000000e+00
   2.0100000e+02   7.3197100e+00   6.1910400e+00  -1.0000000e+00
   2.0200000e+02  -9.7098700e+00   1.1960400e+01  -1.0000000e+00
   2.0300000e+02  -1.3712700e+01  -6.7116500e+00   1.0000000e+00
   2.0400000e+02   3.7644100e-01  -1.0962600e+01   1.0000000e+00
   2.0500000e+02   1.5688900e+01  -8.4917000e+00  -1.0000000e+00
   2.0600000e+02  -1.5545100e+01   1.5247800e+00   1.0000000e+00
   2.0700000e+02   2.5463500e+00  -2.1157200e+00  -1.0000000e+00
   2.0800000e+02   7.9698200e+00   8.1562900e+00  -1.0000000e+00
   2.0900000e+02  -2.2247000e+00   6.1082500e+00  -1.0000000e+00
   2.1000000e+02   6.5819900e+00   9.7159700e+00  -1.0000000e+00
   2.1100000e+02   5.1989600e-01  -2.5072500e+00  -1.0000000e+00
   2.1200000e+02  -6.4578700e+00   2.3329400e+00  -1.0000000e+00
   2.1300000e+02  -1.4183200e+01  -4.7072200e+00   1.0000000e+00
   2.1400000e+02  -1.1151000e+01  -9.3886400e+00   1.0000000e+00
   2.1500000e+02  -2.5913800e+00  -6.3052600e+00   1.0000000e+00
   2.1600000e+02   6.4716300e+00  -1.2475200e+01  -1.0000000e+00
   2.1700000e+02  -1.5605600e+01   3.9986400e+00   1.0000000e+00
   2.1800000e+02   1.2096600e+01   3.5124800e+00  -1.0000000e+00
   2.1900000e+02   3.2134100e+00  -1.6252200e-01  -1.0000000e+00
   2.2000000e+02   1.5761400e+01  -3.0823400e+00  -1.0000000e+00
   2.2100000e+02  -8.4358700e+00   2.9155500e+00   1.0000000e+00
   2.2200000e+02  -4.3112100e+00   1.1180900e+01  -1.0000000e+00
   2.2300000e+02   1.3592600e+01  -1.4424200e+01  -1.0000000e+00
   2.2400000e+02   1.2892100e+01  -5.3959000e+00  -1.0000000e+00
   2.2500000e+02   8.1530400e-01  -1.2993100e+01   1.0000000e+00
   2.2600000e+02  -1.1954800e+01   2.1302300e+00   1.0000000e+00
   2.2700000e+02   3.1692800e+00   1.6387200e+01  -1.0000000e+00
   2.2800000e+02  -8.3465100e-01  -9.5209000e-01  -1.0000000e+00
   2.2900000e+02   5.1856700e+00  -1.6501500e+01   1.0000000e+00
   2.3000000e+02  -1.5116300e+01  -5.3433700e-01   1.0000000e+00
   2.3100000e+02  -1.0381700e+01   1.5607200e+01  -1.0000000e+00
   2.3200000e+02  -4.5852800e+00  -5.7274000e+00   1.0000000e+00
   2.3300000e+02  -1.0124700e+01  -5.9355800e+00   1.0000000e+00
   2.3400000e+02   1.1319400e+00   1.5904000e+01  -1.0000000e+00
   2.3500000e+02   3.1952800e+00   5.3822600e+00  -1.0000000e+00
   2.3600000e+02   4.6285000e+00   3.8381600e+00  -1.0000000e+00
   2.3700000e+02  -6.3408800e+00   1.0817200e+01  -1.0000000e+00
   2.3800000e+02   1.5047500e+01  -1.0433200e+01  -1.0000000e+00
   2.3900000e+02  -1.5144200e+01   1.2752400e+01  -1.0000000e+00
   2.4000000e+02  -1.5319900e+00  -2.9286500e+00  -1.0000000e+00
   2.4100000e+02   3.8785200e+00   7.3285600e+00  -1.0000000e+00
   2.4200000e+02  -9.0865400e+00  -2.5107800e+00   1.0000000e+00
   2.4300000e+02  -1.6362900e+01   8.1375000e+00   1.0000000e+00
   2.4400000e+02   4.6140900e-01   1.3956300e+01  -1.0000000e+00
   2.4500000e+02   1.0903300e+01  -1.1294200e+01  -1.0000000e+00
   2.4600000e+02   3.8702200e+00   1.2838300e+01  -1.0000000e+00
   2.4700000e+02   1.4803500e+01   5.8552800e+00  -1.0000000e+00
   2.4800000e+02  -8.3240800e-01   4.5574000e+00  -1.0000000e+00
   2.4900000e+02   8.1729900e+00  -1.3635700e+01  -1.0000000e+00
   2.5000000e+02   1.0665600e+01   1.5996100e+01  -1.0000000e+00
   2.5100000e+02  -1.7495600e+01   4.7931600e+00   1.0000000e+00
   2.5200000e+02  -1.3149200e+01  -8.7524300e+00   1.0000000e+00
   2.5300000e+02   6.6295600e+00  -1.2378500e+00  -1.0000000e+00
   2.5400000e+02  -1.1671000e+01  -7.3363900e+00   1.0000000e+00
   2.5500000e+02  -2.1289900e-01   1.7465800e+01  -1.0000000e+00
   2.5600000e+02   2.5457100e+00   3.4024600e+00  -1.0000000e+00
   2.5700000e+02   4.6039800e+00  -1.6748400e+00  -1.0000000e+00
   2.5800000e+02   2.3625400e+00  -1.1615200e+01   1.0000000e+00
   2.5900000e+02  -1.1765100e+01  -1.4864400e+01   1.0000000e+00
   2.6000000e+02   1.2963000e+01  -1.0901400e+01  -1.0000000e+00
   2.6100000e+02  -1.5048200e-01   1.0061500e+00  -1.0000000e+00
   2.6200000e+02   9.9690100e+00   1.4048200e+01  -1.0000000e+00
   2.6300000e+02  -6.9829400e+00   1.4330600e+01  -1.0000000e+00
   2.6400000e+02   9.3848800e+00  -4.3046800e+00  -1.0000000e+00
   2.6500000e+02  -1.5373900e+01  -8.0913800e+00   1.0000000e+00
   2.6600000e+02   5.9435300e+00   7.7426800e+00  -1.0000000e+00
   2.6700000e+02  -1.7220000e+01   2.7820900e-01   1.0000000e+00
   2.6800000e+02   4.6534400e+00  -7.1680300e+00  -1.0000000e+00
   2.6900000e+02   1.3487800e+01   1.9662900e+00  -1.0000000e+00
   2.7000000e+02   1.1352100e+01   1.2457400e+01  -1.0000000e+00
   2.7100000e+02   7.4244800e+00  -1.0211100e+01  -1.0000000e+00
   2.7200000e+02   1.7775600e+01   2.9302700e+00  -1.0000000e+00
   2.7300000e+02  -3.5960000e+00   7.6775600e+00  -1.0000000e+00
   2.7400000e+02   1.8687600e+00   1.8000000e+01  -1.0000000e+00
   2.7500000e+02   2.5146900e+00   8.8822300e+00  -1.0000000e+00
   2.7600000e+02  -6.6138900e+00  -5.1211900e+00   1.0000000e+00
   2.7700000e+02  -1.2694400e+01  -1.0764600e+01   1.0000000e+00
   2.7800000e+02  -1.2338300e+01   4.1439100e+00   1.0000000e+00
   2.7900000e+02  -7.5656400e+00  -1.1020800e+00   1.0000000e+00
   2.8000000e+02  -4.9688300e+00   9.2390100e+00  -1.0000000e+00
   2.8100000e+02  -1.8153800e+01  -3.3397300e+00   1.0000000e+00
   2.8200000e+02  -4.9131900e+00   3.7208200e+00  -1.0000000e+00
   2.8300000e+02   5.9191200e+00   1.3216400e+01  -1.0000000e+00
   2.8400000e+02   4.3667000e+00  -1.2371700e+01   1.0000000e+00
   2.8500000e+02  -3.7743700e+00  -1.7299500e+01   1.0000000e+00
   2.8600000e+02   1.2874700e+01   7.9155400e-04  -1.0000000e+00
   2.8700000e+02  -7.6993200e+00   1.2372600e+01  -1.0000000e+00
   2.8800000e+02   5.9708600e+00  -3.2216100e+00  -1.0000000e+00
   2.8900000e+02   7.1498200e+00  -1.7108800e+01   1.0000000e+00
   2.9000000e+02   1.6374100e+01   4.4876100e+00  -1.0000000e+00
   2.9100000e+02  -1.3098200e+01   1.3216600e+01  -1.0000000e+00
   2.9200000e+02   1.5008700e+01  -5.0099900e+00  -1.0000000e+00
   2.9300000e+02  -8.9146700e-01   1.5515200e+01  -1.0000000e+00
   2.9400000e+02  -6.2885700e+00   1.6330100e+01  -1.0000000e+00
   2.9500000e+02   5.5221800e+00  -1.8545300e+01   1.0000000e+00
   2.9600000e+02  -9.0372400e+00   1.3967600e+01  -1.0000000e+00
   2.9700000e+02  -4.2814600e+00  -1.5236200e+01   1.0000000e+00
   2.9800000e+02  -8.5861000e+00  -4.5322300e+00   1.0000000e+00
   2.9900000e+02   3.9329700e+00   1.8642500e+00  -1.0000000e+00
