   0.0000000e+00   1.8563200e+00  -1.6142900e+01   1.0000000e+00
   1.0000000e+00  -1.8176800e+00  -6.3231200e+00   1.0000000e+00
   2.0000000e+00  -6.8274400e+00   7.2890000e+00   1.0000000e+00
   3.0000000e+00  -6.2075700e+00   1.0810800e+01   1.0000000e+00
   4.0000000e+00   8.0881400e+00  -3.3186700e+00  -1.0000000e+00
   5.0000000e+00  -3.4466400e+00   8.5722000e+00   1.0000000e+00
   6.0000000e+00  -8.8638800e+00   7.6450100e+00   1.0000000e+00
   7.0000000e+00   6.8477300e+00   1.1681400e+01  -1.0000000e+00
   8.0000000e+00  -1.5263600e+01  -1.1366600e+01   1.0000000e+00
   9.0000000e+00   5.6178300e-01  -1.7794500e+01   1.0000000e+00
   1.0000000e+01   1.4720700e+01   2.9441000e+00  -1.0000000e+00
   1.1000000e+01  -1.4220400e+01   1.2697700e+00   1.0000000e+00
   1.2000000e+01   1.5875700e+01   1.1237900e+01  -1.0000000e+00
   1.3000000e+01   1.2853800e+01  -7.2926400e+00  -1.0000000e+00
   1.4000000e+01  -5.1771200e-01   8.0232100e-01   1.0000000e+00
   1.5000000e+01  -6.8883800e+00   1.2784400e+01   1.0000000e+00
   1.6000000e+01   6.8415000e+00   8.5102500e-02  -1.0000000e+00
   1.7000000e+01   7.8838700e+00  -1.1616900e+01  -1.0000000e+00
   1.8000000e+01   2.2237400e-01  -6.7300700e+00   1.0000000e+00
   1.9000000e+01  -3.5794100e+00  -1.7090800e+01   1.0000000e+00
   2.0000000e+01  -6.1006900e+00   5.3280700e+00   1.0000000e+00
   2.1000000e+01  -1.2244200e+01   6.4437400e+00   1.0000000e+00
   2.2000000e+01  -5.9637300e+00  -1.4393700e-01   1.0000000e+00
   2.3000000e+01   5.8063500e+00  -1.1266600e+01   1.0000000e+00
   2.4000000e+01   1.1099000e+00   2.1434200e+00   1.0000000e+00
   2.5000000e+01   6.2398400e+00   7.5207600e+00  -1.0000000e+00
   2.6000000e+01  -3.1750200e+00  -2.4377800e+00   1.0000000e+00
   2.7000000e+01   2.9536300e+00  -1.3728800e+00   1.0000000e+00
   2.8000000e+01  -9.6318200e+00   1.5057200e+01   1.0000000e+00
   2.9000000e+01  -7.0386000e-01   1.1709400e+01   1.0000000e+00
   3.0000000e+01   7.1823300e+00   2.1155200e+00  -1.0000000e+00
   3.1000000e+01   1.3691500e+01   8.4261200e+00  -1.0000000e+00
   3.2000000e+01   1.2673200e+01  -1.3546800e+01  -1.0000000e+00
   3.3000000e+01  -1.2763000e+01  -2.6605100e+00   1.0000000e+00
   3.4000000e+01  -6.5240900e+00  -9.2338700e+00   1.0000000e+00
   3.5000000e+01   4.5937400e+00   8.8638300e+00  -1.0000000e+00
   3.6000000e+01  -1.3040900e+01   1.3880700e+01   1.0000000e+00
   3.7000000e+01   1.9391700e+00   1.5436500e+01  -1.0000000e+00
   3.8000000e+01   1.3989000e+01  -1.1176800e+00  -1.0000000e+00
   3.9000000e+01   5.0425100e+00  -9.3597100e+00   1.0000000e+00
   4.0000000e+01  -1.0981700e+01   1.3491100e+01   1.0000000e+00
   4.1000000e+01  -1.2607800e+01  -8.1812400e+00   1.0000000e+00
   4.2000000e+01  -8.5417900e+00  -8.8335000e+00   1.0000000e+00
   4.3000000e+01   3.8471900e+00  -5.3364300e+00   1.0000000e+00
   4.4000000e+01   1.1668000e+01  -3.9130800e+00  -1.0000000e+00
   4.5000000e+01  -8.3235300e+00   1.6694900e+01   1.0000000e+00
   4.6000000e+01  -1.3687700e+01   1.0330500e+01   1.0000000e+00
   4.7000000e+01  -1.1784400e+01  -1.5617700e+01   1.0000000e+00
   4.8000000e+01  -4.5233200e+00  -4.0422700e+00   1.0000000e+00
   4.9000000e+01   1.3226700e+01  -5.2545500e+00  -1.0000000e+00
   5.0000000e+01  -1.0890600e+01   8.0026900e+00   1.0000000e+00
   5.1000000e+01   1.4086000e+01  -1.0701800e+01  -1.0000000e+00
   5.2000000e+01   4.9048300e+00  -6.2439400e-01  -1.0000000e+00
   5.3000000e+01   2.2760800e+00  -7.1054700e+00   1.0000000e+00
   5.4000000e+01  -7.5555200e+00   1.4780700e+01   1.0000000e+00
   5.5000000e+01   1.3474100e+00  -7.6234400e-02   1.0000000e+00
   5.6000000e+01   1.2501800e+01  -9.3948000e+00  -1.0000000e+00
   5.7000000e+01  -1.6913600e+00  -1.1867800e+01   1.0000000e+00
   5.8000000e+01  -1.3621400e+01   4.7796900e+00   1.0000000e+00
   5.9000000e+01  -6.5858000e+00  -3.7139200e+00   1.0000000e+00
   6.0000000e+01   1.0929400e+01  -8.0038000e+00  -1.0000000e+00
   6.1000000e+01  -2.0222300e+00   4.6527100e+00   1.0000000e+00
   6.2000000e+01  -7.5374800e+00   9.2249000e+00   1.0000000e+00
   6.3000000e+01  -9.2592400e+00  -6.9063000e+00   1.0000000e+00
   6.4000000e+01   3.6014900e+00   1.4242600e+01  -1.0000000e+00
   6.5000000e+01   1.7148500e+01  -3.8307400e+00  -1.0000000e+00
   6.6000000e+01   1.5304400e+01   7.1443700e+00  -1.0000000e+00
   6.7000000e+01   2.6715300e+00   8.1207500e+00  -1.0000000e+00
   6.8000000e+01  -1.0225100e+01   6.0564300e+00   1.0000000e+00
   6.9000000e+01   7.7572000e+00  -5.3784500e+00  -1.0000000e+00
   7.0000000e+01  -1.5529900e+01  -3.5031700e-01   1.0000000e+00
   7.1000000e+01  -7.2697500e+00  -1.7585900e+00   1.0000000e+00
   7.2000000e+01   5.6072400e+00   3.4394100e+00  -1.0000000e+00
   7.3000000e+01  -7.9284800e+00  -5.2851800e+00   1.0000000e+00
   7.4000000e+01   1.2066600e+01  -1.1468700e+01  -1.0000000e+00
   7.5000000e+01   3.3599100e+00   1.8304500e+01  -1.0000000e+00
   7.6000000e+01  -1.0112300e+01   5.3221300e-01   1.0000000e+00
   7.7000000e+01  -6.7700300e-01   1.7249100e+01  -1.0000000e+00
   7.8000000e+01   2.6414800e+00  -1.8166000e+01   1.0000000e+00
   7.9000000e+01  -1.5004900e+00  -1.7427000e+01   1.0000000e+00
   8.0000000e+01  -6.7353800e+00   1.8143900e+00   1.0000000e+00
   8.1000000e+01  -2.7569000e+00   6.6032900e+00   1.0000000e+00
   8.2000000e+01  -5.0339800e+00  -1.3195300e+01   1.0000000e+00
   8.3000000e+01   1.0138300e+00  -2.1977600e+00   1.0000000e+00
   8.4000000e+01   3.3143700e+00   6.7729800e-01  -1.0000000e+00
   8.5000000e+01  -1.3922900e+00   8.1608300e+00   1.0000000e+00
   8.6000000e+01   1.2649500e+01   1.3876800e+01  -1.0000000e+00
   8.7000000e+01   7.1062600e+00  -9.5767500e+00  -1.0000000e+00
   8.8000000e+01   1.6929200e+01   5.7892500e+00  -1.0000000e+00
   8.9000000e+01  -4.4667300e-01  -4.7528400e+00   1.0000000e+00
   9.0000000e+01  -1.4376300e+01   1.2312800e+01   1.0000000e+00
   9.1000000e+01   6.5338500e+00   9.5842600e+00  -1.0000000e+00
   9.2000000e+01   1.0062300e+01   9.0932700e+00  -1.0000000e+00
   9.3000000e+01  -1.3222800e+01  -1.1710500e+01   1.0000000e+00
   9.4000000e+01  -1.1180400e-01   1.5240900e+01  -1.0000000e+00
   9.5000000e+01   9.7900200e+00   6.9896500e+00  -1.0000000e+00
   9.6000000e+01   8.7594500e+00   1.2436300e+01  -1.0000000e+00
   9.7000000e+01  -7.7093000e+00  -1.6438300e+01   1.0000000e+00
   9.8000000e+01   1.5629700e+01   9.1843600e+00  -1.0000000e+00
   9.9000000e+01   1.2340200e+01   1.1820700e+01  -1.0000000e+00
   1.0000000e+02  -4.8572300e+00   1.7971700e+01   1.0000000e+00
   1.0100000e+02   1.6677300e+00  -1.0661200e+01   1.0000000e+00
   1.0200000e+02   4.9249000e+00   1.0893400e+01  -1.0000000e+00
   1.0300000e+02  -4.6658200e+00   1.4611900e+00   1.0000000e+00
   1.0400000e+02   3.9392200e+00   1.6328700e+01  -1.0000000e+00
   1.0500000e+02   1.2020000e+01  -1.8745200e+00  -1.0000000e+00
   1.0600000e+02   1.5629600e+00  -5.1726600e+00   1.0000000e+00
   1.0700000e+02  -9.3594500e-01  -1.3865000e+01   1.0000000e+00
   1.0800000e+02  -8.0211800e+00   2.0664600e-01   1.0000000e+00
   1.0900000e+02  -6.1959800e+00   1.6378800e+01   1.0000000e+00
   1.1000000e+02   7.8681700e+00   6.2402800e+00  -1.0000000e+00
   1.1100000e+02   3.0025300e+00   1.0163100e+01  -1.0000000e+00
   1.1200000e+02  -1.1660300e+01   1.5454400e+01   1.0000000e+00
   1.1300000e+02  -2.4676600e+00  -4.3828500e+00   1.0000000e+00
   1.1400000e+02   5.8172100e+00   1.7150600e+01  -1.0000000e+00
   1.1500000e+02   7.1577900e+00   1.3724300e+01  -1.0000000e+00
   1.1600000e+02   4.2984900e+00  -7.4294700e+00   1.0000000e+00
   1.1700000e+02   4.6981800e+00  -1.8422000e+01   1.0000000e+00
   1.1800000e+02   1.8738500e+01  -5.1608600e+00  -1.0000000e+00
   1.1900000e+02  -1.6407900e+01   7.0568400e+00   1.0000000e+00
   1.2000000e+02   9.2596400e+00  -1.5526200e+01  -1.0000000e+00
   1.2100000e+02   1.5944500e+01  -4.2932900e-01  -1.0000000e+00
   1.2200000e+02  -1.7451900e+01  -5.5572600e+00   1.0000000e+00
   1.2300000e+02  -9.5420800e+00   4.1072900e+00   1.0000000e+00
   1.2400000e+02  -4.1815300e+00   1.5955900e+01   1.0000000e+00
   1.2500000e+02  -1.6677700e+01  -7.4776100e+00   1.0000000e+00
   1.2600000e+02  -9.7006000e+00  -1.5954700e+01   1.0000000e+00
   1.2700000e+02  -1.2157400e+01   9.0239800e-01   1.0000000e+00
   1.2800000e+02  -8.1922200e+00   5.6731500e+00   1.0000000e+00
   1.2900000e+02   9.6859500e+00  -4.6501600e+00  -1.0000000e+00
   1.3000000e+02  -2.7596700e+00   1.2075100e+01   1.0000000e+00
   1.3100000e+02  -1.0800200e+01   2.4812700e+00   1.0000000e+00
   1.3200000e+02   4.2477400e+00   6.7917700e+00  -1.0000000e+00
   1.3300000e+02  -9.3542900e+00  -1.3685800e+00   1.0000000e+00
   1.3400000e+02  -1.2335400e+01   1.1907700e+01   1.0000000e+00
   1.3500000e+02   1.6320100e+01   1.6062000e+00  -1.0000000e+00
   1.3600000e+02   1.0577400e+00   1.3533300e+01  -1.0000000e+00
   1.3700000e+02  -9.1521900e+00  -1.2424300e+01   1.0000000e+00
   1.3800000e+02   1.4357300e+01   9.1800100e-01  -1.0000000e+00
   1.3900000e+02  -1.0268100e+01   1.1531800e+01   1.0000000e+00
   1.4000000e+02  -1.1296100e+01  -6.5461300e+00   1.0000000e+00
   1.4100000e+02   1.0416000e+01  -5.4759900e-01  -1.0000000e+00
   1.4200000e+02  -2.9661000e+00  -1.3498900e+01   1.0000000e+00
   1.4300000e+02  -8.7764800e+00   2.1363400e+00   1.0000000e+00
   1.4400000e+02   8.4513000e+00   1.0379700e+01  -1.0000000e+00
   1.4500000e+02   1.5012700e+01   5.0625300e+00  -1.0000000e+00
   1.4600000e+02  -5.4871000e+00   8.8670200e+00   1.0000000e+00
   1.4700000e+02   3.2382500e+00   1.2201100e+01  -1.0000000e+00
   1.4800000e+02   1.2379200e+01   1.7105200e-01  -1.0000000e+00
   1.4900000e+02  -3.4914300e+00   1.4016600e+01   1.0000000e+00
   1.5000000e+02  -3.6640600e-02   9.7650800e+00   1.0000000e+00
   1.5100000e+02   8.8122200e+00   7.6100300e-01  -1.0000000e+00
   1.5200000e+02  -1.4629100e+01  -7.8186400e+00   1.0000000e+00
   1.5300000e+02   1.6660100e+01   3.6296700e+00  -1.0000000e+00
   1.5400000e+02  -2.4192300e+00  -9.9241600e+00   1.0000000e+00
   1.5500000e+02  -8.9553600e+00   1.3109400e+01   1.0000000e+00
   1.5600000e+02  -1.5026100e+01   8.6931000e+00   1.0000000e+00
   1.5700000e+02   1.2720500e+01   2.2628000e+00  -1.0000000e+00
   1.5800000e+02   9.0676500e+00   1.4502700e+01  -1.0000000e+00
   1.5900000e+02  -4.1217600e+00   1.0516400e+01   1.0000000e+00
   1.6000000e+02  -1.2687700e+00   2.7053800e+00   1.0000000e+00
   1.6100000e+02  -2.1528600e+00   1.5576600e+01   1.0000000e+00
   1.6200000e+02   5.1963800e+00   1.2934500e+01  -1.0000000e+00
   1.6300000e+02   1.7538400e+01  -1.7987000e+00  -1.0000000e+00
   1.6400000e+02  -1.4099600e+01  -4.2147800e+00   1.0000000e+00
   1.6500000e+02   6.5208000e+00  -1.9557800e+00  -1.0000000e+00
   1.6600000e+02   9.1137900e+00   2.8088200e+00  -1.0000000e+00
   1.6700000e+02   5.5405300e+00   1.4993100e+01  -1.0000000e+00
   1.6800000e+02  -4.3357300e+00  -1.5155800e+01   1.0000000e+00
   1.6900000e+02   1.3639300e+01  -3.2115200e+00  -1.0000000e+00
   1.7000000e+02  -7.1963400e+00  -7.2812300e+00   1.0000000e+00
   1.7100000e+02   8.5614300e+00  -1.3594900e+01  -1.0000000e+00
   1.7200000e+02   3.6700800e+00   2.7044700e+00  -1.0000000e+00
   1.7300000e+02  -7.8265500e+00  -1.0846900e+01   1.0000000e+00
   1.7400000e+02  -1.8217600e-01  -1.5801000e+01   1.0000000e+00
   1.7500000e+02  -6.3759700e+00  -1.4776900e+01   1.0000000e+00
   1.7600000e+02   1.2020700e+01   9.7418500e+00  -1.0000000e+00
   1.7700000e+02  -1.4316800e+01   6.7475500e+00   1.0000000e+00
   1.7800000e+02  -1.1458400e+01  -1.0420600e+00   1.0000000e+00
   1.7900000e+02  -1.1594600e+01   9.9546500e+00   1.0000000e+00
   1.8000000e+02  -1.0571200e+01  -8.5102000e+00   1.0000000e+00
   1.8100000e+02  -1.0707800e+01  -2.9893700e+00   1.0000000e+00
   1.8200000e+02   1.3640100e+00   1.7503700e+01  -1.0000000e+00
   1.8300000e+02   7.5333200e+00   4.1514400e+00  -1.0000000e+00
   1.8400000e+02   3.4250400e-01  -1.2236700e+01   1.0000000e+00
   1.8500000e+02  -4.0665100e+00   4.9984900e+00   1.0000000e+00
   1.8600000e+02   1.0045000e+01  -2.6272000e+00  -1.0000000e+00
   1.8700000e+02   1.4283000e+01   1.2598900e+01  -1.0000000e+00
   1.8800000e+02   1.7263600e+01   7.9420300e+00  -1.0000000e+00
   1.8900000e+02   3.1644500e+00  -1.4531300e+01   1.0000000e+00
   1.9000000e+02  -1.8190000e+01  -3.6328400e+00   1.0000000e+00
   1.9100000e+02   1.0694800e+01   1.3151000e+01  -1.0000000e+00
   1.9200000e+02   1.8302700e+01   2.3210500e+00  -1.0000000e+00
   1.9300000e+02   1.3947600e+01   1.0483200e+01  -1.0000000e+00
   1.9400000e+02  -1.2883200e+01   2.8410500e+00   1.0000000e+00
   1.9500000e+02   7.2365400e+00  -1.5185300e+01   1.0000000e+00
   1.9600000e+02   1.0550600e+01  -1.0041000e+01  -1.0000000e+00
   1.9700000e+02   4.5792900e+00  -2.6520200e+00  -1.0000000e+00
   1.9800000e+02   1.5211600e+01  -4.5693700e+00  -1.0000000e+00
   1.9900000e+02   1.4425500e+01  -8.6378200e+00  -1.0000000e+00
   2.0000000e+02  -2.7147300e+00   1.7611400e+01   1.0000000e+00
   2.0100000e+02  -1.3501400e+01  -6.8230000e-01   1.0000000e+00
   2.0200000e+02  -7.4394500e+00   3.7581600e+00   1.0000000e+00
   2.0300000e+02   7.4764900e+00   1.5897700e+01  -1.0000000e+00
   2.0400000e+02  -9.9692900e+00  -4.9388600e+00   1.0000000e+00
   2.0500000e+02   9.3357000e+00  -6.6836700e+00  -1.0000000e+00
   2.0600000e+02   1.1351200e+01  -1.5907000e+01  -1.0000000e+00
   2.0700000e+02  -9.8448200e+00  -1.0449600e+01   1.0000000e+00
   2.0800000e+02   1.8057100e+01   2.3054500e-01  -1.0000000e+00
   2.0900000e+02   8.4639900e+00  -1.2851800e+00  -1.0000000e+00
   2.1000000e+02   8.9619200e+00  -8.7010700e+00  -1.0000000e+00
   2.1100000e+02   9.9403300e+00  -1.2038000e+01  -1.0000000e+00
   2.1200000e+02   1.0729100e+01   1.5030500e+00  -1.0000000e+00
   2.1300000e+02   5.1893200e+00  -1.4855800e+01   1.0000000e+00
   2.1400000e+02  -5.6393600e+00  -1.6834700e+01   1.0000000e+00
   2.1500000e+02   5.9219400e+00   5.4920200e+00  -1.0000000e+00
   2.1600000e+02   1.1382700e+01   5.6877000e+00  -1.0000000e+00
   2.1700000e+02  -8.6809400e+00  -3.3196400e+00   1.0000000e+00
   2.1800000e+02  -5.7928300e+00  -1.1185100e+01   1.0000000e+00
   2.1900000e+02  -4.8635800e+00   1.2429100e+01   1.0000000e+00
   2.2000000e+02  -9.5674200e+00   9.5986200e+00   1.0000000e+00
   2.2100000e+02  -8.3869200e+00  -1.4383000e+01   1.0000000e+00
   2.2200000e+02   1.5559200e+01  -2.4644500e+00  -1.0000000e+00
   2.2300000e+02   3.8866000e+00  -1.6465600e+01   1.0000000e+00
   2.2400000e+02   1.6359600e+01  -7.9433900e+00  -1.0000000e+00
   2.2500000e+02  -1.8239900e+00  -8.5862900e-01   1.0000000e+00
   2.2600000e+02   3.0061300e+00  -9.0445400e+00   1.0000000e+00
   2.2700000e+02  -5.3952800e+00   3.3862700e+00   1.0000000e+00
   2.2800000e+02  -1.5377100e+01  -5.8622700e+00   1.0000000e+00
   2.2900000e+02   3.9944700e+00   4.7301600e+00  -1.0000000e+00
   2.3000000e+02  -3.1317400e+00  -7.9849300e+00   1.0000000e+00
   2.3100000e+02  -1.3349600e+01  -6.1967500e+00   1.0000000e+00
   2.3200000e+02  -1.4835100e+01  -2.2919900e+00   1.0000000e+00
   2.3300000e+02   4.4889200e+00  -1.2898100e+01   1.0000000e+00
   2.3400000e+02  -1.2533000e+01  -1.3650300e+01   1.0000000e+00
   2.3500000e+02  -1.1992200e+01  -4.5988100e+00   1.0000000e+00
   2.3600000e+02  -1.0277400e+00  -2.7795200e+00   1.0000000e+00
   2.3700000e+02   5.2454800e+00   1.3950100e+00  -1.0000000e+00
   2.3800000e+02   2.4309000e+00  -1.2597600e+01   1.0000000e+00
   2.3900000e+02   7.9951100e+00  -1.7156200e+01   1.0000000e+00
   2.4000000e+02   1.1147600e+00  -1.4195900e+01   1.0000000e+00
   2.4100000e+02   5.8115400e+00  -6.0089300e+00  -1.0000000e+00
   2.4200000e+02   2.0508100e+00   3.9808000e+00  -1.0000000e+00
   2.4300000e+02  -8.2392400e+00   1.1177300e+01   1.0000000e+00
   2.4400000e+02  -1.6968100e+01  -1.9264000e+00   1.0000000e+00
   2.4500000e+02  -1.3929700e+01  -9.7708600e+00   1.0000000e+00
   2.4600000e+02  -1.1180300e+01  -1.2054300e+01   1.0000000e+00
   2.4700000e+02  -3.8533000e+00  -6.0159800e+00   1.0000000e+00
   2.4800000e+02   1.2952400e+01   4.3181000e+00  -1.0000000e+00
   2.4900000e+02   3.7262600e+00  -1.0977700e+01   1.0000000e+00
   2.5000000e+02  -4.4407800e+00  -9.6246400e+00   1.0000000e+00
   2.5100000e+02   5.9426500e+00  -1.6787000e+01   1.0000000e+00
   2.5200000e+02  -3.9035100e+00  -4.8879400e-01   1.0000000e+00
   2.5300000e+02   1.1278100e+01  -5.9415400e+00  -1.0000000e+00
   2.5400000e+02   9.5258100e-01  -8.7105900e+00   1.0000000e+00
   2.5500000e+02  -1.0862000e+00  -8.3362200e+00   1.0000000e+00
   2.5600000e+02  -3.7744700e-01  -1.0289300e+01   1.0000000e+00
   2.5700000e+02   2.6901100e+00  -3.4507000e+00   1.0000000e+00
   2.5800000e+02  -7.0698100e+00  -1.2811600e+01   1.0000000e+00
   2.5900000e+02   7.2756900e+00  -7.4838600e+00  -1.0000000e+00
   2.6000000e+02   1.7094500e+00   6.0001200e+00  -1.0000000e+00
   2.6100000e+02  -1.4146100e+00   1.3634800e+01   1.0000000e+00
   2.6200000e+02  -2.5558600e+00   1.0794900e+00   1.0000000e+00
   2.6300000e+02  -5.5362800e+00   1.4394500e+01   1.0000000e+00
   2.6400000e+02   6.5278600e+00  -1.3203800e+01   1.0000000e+00
   2.6500000e+02  -5.2079500e+00  -2.1059600e+00   1.0000000e+00
   2.6600000e+02  -2.2757100e+00  -1.5483400e+01   1.0000000e+00
   2.6700000e+02  -5.1551300e+00  -7.6214000e+00   1.0000000e+00
   2.6800000e+02   3.1212700e-02   4.2983100e+00   1.0000000e+00
   2.6900000e+02  -1.5710600e+01   1.0681700e+01   1.0000000e+00
   2.7000000e+02  -1.5979700e+01  -9.4266500e+00   1.0000000e+00
   2.7100000e+02   1.4590100e+01  -1.2694200e+01  -1.0000000e+00
   2.7200000e+02   1.1746800e+01   7.6987800e+00  -1.0000000e+00
   2.7300000e+02   8.1775000e+00   8.2723800e+00  -1.0000000e+00
   2.7400000e+02  -2.0785200e+00   1.0106300e+01   1.0000000e+00
   2.7500000e+02   1.0655600e+01  -1.3970600e+01  -1.0000000e+00
   2.7600000e+02  -1.6254600e+01   1.6039900e+00   1.0000000e+00
   2.7700000e+02   9.4622100e+00   4.9224500e+00  -1.0000000e+00
   2.7800000e+02  -5.8796200e+00  -5.6618200e+00   1.0000000e+00
   2.7900000e+02  -1.5700000e+01   5.1142400e+00   1.0000000e+00
   2.8000000e+02   1.3382100e+01   6.3433700e+00  -1.0000000e+00
   2.8100000e+02   1.1038800e+01   3.5571100e+00  -1.0000000e+00
   2.8200000e+02  -1.1584600e+01   4.4556500e+00   1.0000000e+00
   2.8300000e+02  -1.1883900e+01  -1.0103700e+01   1.0000000e+00
   2.8400000e+02  -4.8059800e+00   6.9203200e+00   1.0000000e+00
   2.8500000e+02  -1.0453500e+01  -1.4042100e+01   1.0000000e+00
   2.8600000e+02   1.1023700e+01   1.5207500e+01  -1.0000000e+00
   2.8700000e+02  -1.4959200e+01   3.1958500e+00   1.0000000e+00
   2.8800000e+02  -1.4580800e+01  -1.3344600e+01   1.0000000e+00
   2.8900000e+02   1.3242400e+00   1.1357200e+01  -1.0000000e+00
   2.9000000e+02   1.4793000e+01  -6.6010500e+00  -1.0000000e+00
   2.9100000e+02  -6.8522200e-01   6.2360000e+00   1.0000000e+00
   2.9200000e+02   1.6787800e+01  -5.9143900e+00  -1.0000000e+00
   2.9300000e+02  -1.2979600e+01   8.3860600e+00   1.0000000e+00
   2.9400000e+02  -1.6141600e+01  -3.8708300e+00   1.0000000e+00
   2.9500000e+02   6.1456000e+00  -3.9843400e+00  -1.0000000e+00
   2.9600000e+02   6.3908000e-01   7.8229000e+00   1.0000000e+00
   2.9700000e+02  -3.3587200e+00   3.0698200e+00   1.0000000e+00
   2.9800000e+02   1.0409000e+01   1.1110000e+01  -1.0000000e+00
   2.9900000e+02  -3.7690000e+00  -1.1575800e+01   1.0000000e+00
