   0.0000000e+00   1.3297600e+01   9.9551900e+00   5.6744800e+00  -2.0000000e+00
   1.0000000e+00   1.6521100e+01  -3.4306300e+00   1.2454400e+01  -2.0000000e+00
   2.0000000e+00   6.0503700e+00  -1.5036100e+01   3.9469000e+01  -2.0000000e+00
   3.0000000e+00  -8.7639600e+00   1.2103800e+01   2.6630500e+01  -3.0000000e+00
   4.0000000e+00   1.1202800e+01   1.2900800e+01   5.2816700e+00  -2.0000000e+00
   5.0000000e+00   6.8284200e+00   3.0643700e+00   5.5402100e+00   2.0000000e+00
   6.0000000e+00   5.4916900e+00  -1.1451800e+01   3.7965000e+01   1.0000000e+00
   7.0000000e+00  -2.0561800e+00  -1.0621700e+01   3.6988000e+01   1.0000000e+00
   8.0000000e+00   1.7291000e+01  -7.9599100e+00   2.0174100e+01  -1.0000000e+00
   9.0000000e+00   4.2752800e-01  -4.9647600e+00   3.6090900e+01   1.0000000e+00
   1.0000000e+01   1.7716800e+01  -5.1266000e+00   1.9760600e+01  -1.0000000e+00
   1.1000000e+01  -5.4542900e+00   1.6532500e+01   1.6784000e+01  -2.0000000e+00
   1.2000000e+01   2.4235100e-01   1.3893000e+01   4.9804800e+00   2.0000000e+00
   1.3000000e+01   1.4362400e+01  -4.0394000e-01   5.2604300e+00   2.0000000e+00
   1.4000000e+01  -3.1978300e+00   1.1491700e-02   3.5661200e+01   1.0000000e+00
   1.5000000e+01   3.7467500e+00   1.4234700e+01   4.9109200e+00   2.0000000e+00
   1.6000000e+01   7.2099400e+00  -1.1568800e+00   5.2546200e+00   2.0000000e+00
   1.7000000e+01   8.3800600e+00  -9.1475700e+00   3.8579900e+01   1.0000000e+00
   1.8000000e+01  -1.8704900e+00   1.6907400e+01   4.8983000e+00  -2.0000000e+00
   1.9000000e+01   6.9986000e+00   9.2715300e-01   5.4640900e+00   2.0000000e+00
   2.0000000e+01  -1.3664200e+01  -9.9594900e+00   3.1653800e+01  -2.0000000e+00
   2.1000000e+01   1.1707400e+01  -1.0498400e+01   3.8753500e+01   1.0000000e+00
   2.2000000e+01  -4.6276700e+00   5.7794800e+00   2.7338500e+01  -3.0000000e+00
   2.3000000e+01  -9.6010600e-01   3.2743600e-01   3.6309800e+01  -3.0000000e+00
   2.4000000e+01  -1.2864600e+01   4.6568400e+00   3.3496900e+01   1.0000000e+00
   2.5000000e+01   8.8801800e+00   8.1276700e-02   6.1309900e+00   2.0000000e+00
   2.6000000e+01   5.8375900e-01   9.7715700e+00   4.8909900e+00   2.0000000e+00
   2.7000000e+01  -1.1895000e+01   6.5632300e+00   3.2313100e+01   1.0000000e+00
   2.8000000e+01   1.0288800e+00   5.6564700e+00   5.7685400e+00   2.0000000e+00
   2.9000000e+01  -4.4650100e+00  -1.6331900e+01   3.6538700e+01  -2.0000000e+00
   3.0000000e+01  -8.6771900e+00  -7.7216900e+00   3.5958400e+01   1.0000000e+00
   3.1000000e+01   1.7115500e+01   8.2627100e+00  -9.4656500e+00  -1.0000000e+00
   3.2000000e+01  -1.4847900e+01  -1.1642500e+01   1.5955800e+01  -1.0000000e+00
   3.3000000e+01   6.7883800e+00  -1.3115900e+01   3.8930000e+01   1.0000000e+00
   3.4000000e+01  -3.0366700e+00   7.4652700e+00   3.9245400e+01  -3.0000000e+00
   3.5000000e+01   1.3517600e+01   7.9194400e+00   5.7485400e+00   2.0000000e+00
   3.6000000e+01   1.7000300e+01   1.0344900e+01   5.0585700e+00  -1.0000000e+00
   3.7000000e+01  -6.7213600e+00   9.1051600e+00   3.0822400e+01  -3.0000000e+00
   3.8000000e+01   3.7749900e+00  -6.2668500e+00   4.0140800e+01   1.0000000e+00
   3.9000000e+01   5.3255500e+00  -1.7082100e+01   3.9854200e+01  -1.0000000e+00
   4.0000000e+01   3.6431500e+00   1.6346500e+01  -8.1720900e+00  -2.0000000e+00
   4.1000000e+01   1.2656300e+01  -1.5925300e+00   5.0914400e+00   2.0000000e+00
   4.2000000e+01   5.4809800e+00   1.5392000e+01   1.7700000e+01  -2.0000000e+00
   4.3000000e+01   1.4767200e+01  -4.6342400e+00   1.1201200e+01  -2.0000000e+00
   4.4000000e+01   1.5859700e+01   2.9088100e+00   5.2499900e+00  -2.0000000e+00
   4.5000000e+01  -9.3686400e+00  -5.2992300e-01   3.4164400e+01   1.0000000e+00
   4.6000000e+01  -1.7452700e+01  -4.6905500e+00   3.5199800e+01  -1.0000000e+00
   4.7000000e+01  -8.0785200e-01   4.2988800e+00  -5.8320000e+00  -3.0000000e+00
   4.8000000e+01   4.4178500e+00   8.0024200e+00   5.6030100e+00   2.0000000e+00
   4.9000000e+01   9.5120500e+00   1.1659900e+01   5.8245700e+00   2.0000000e+00
   5.0000000e+01   1.2038700e+01   4.6133500e+00   5.9102200e+00   2.0000000e+00
   5.1000000e+01   5.3289600e+00  -3.3722100e-01   6.1874200e+00   2.0000000e+00
   5.2000000e+01   7.0540800e+00  -7.5594200e+00   3.8596900e+01   1.0000000e+00
   5.3000000e+01   8.6848000e+00   2.1778000e+00   5.5506200e+00   2.0000000e+00
   5.4000000e+01   3.4944700e+00   6.8378900e-01   1.8863600e+01   2.0000000e+00
   5.5000000e+01  -1.6018700e+01   6.2930200e+00   3.2337800e+01  -2.0000000e+00
   5.6000000e+01  -6.8987100e+00   1.1185300e+01  -7.6014400e+00  -3.0000000e+00
   5.7000000e+01   1.3111400e+01   1.2015900e+01  -6.7980100e+00  -2.0000000e+00
   5.8000000e+01   4.0102300e-01   1.1820900e+01   4.3501100e+00   2.0000000e+00
   5.9000000e+01  -3.7213900e+00  -5.4186500e+00   3.6095200e+01   1.0000000e+00
   6.0000000e+01   8.0113700e+00   8.3660700e+00   6.0407600e+00   2.0000000e+00
   6.1000000e+01  -3.3115200e+00  -8.9805800e+00   3.6620100e+01   1.0000000e+00
   6.2000000e+01  -1.6360400e-01   1.8101700e+01   4.6382800e+00  -1.0000000e+00
   6.3000000e+01  -1.2788800e+01  -8.0559300e+00   3.5000500e+01   1.0000000e+00
   6.4000000e+01   1.6791000e+00  -6.6013700e+00   3.7813000e+01   1.0000000e+00
   6.5000000e+01   4.0051500e+00   1.2133400e+01   5.9803900e+00   2.0000000e+00
   6.6000000e+01  -1.5633900e+01  -9.1123300e-01   3.3331200e+01  -2.0000000e+00
   6.7000000e+01   1.2881300e+00   3.5971000e+00   7.8041700e+00   2.0000000e+00
   6.8000000e+01  -8.1905800e+00  -2.2383100e+00   3.4846500e+01   1.0000000e+00
   6.9000000e+01  -5.3423400e+00   1.4454000e+01   4.7817400e+00   2.0000000e+00
   7.0000000e+01   9.9194100e+00   7.5454000e+00   6.0388900e+00   2.0000000e+00
   7.1000000e+01  -1.7101900e+01   8.0471700e+00   3.3365900e+01  -1.0000000e+00
   7.2000000e+01   9.2631900e+00  -4.0250300e+00   2.2259300e+01  -3.0000000e+00
   7.3000000e+01   1.6222000e+01  -1.3253200e+00   6.2404800e+00  -2.0000000e+00
   7.4000000e+01  -8.7581200e+00  -1.6786300e+01   3.5831100e+01  -1.0000000e+00
   7.5000000e+01   1.1197400e+01  -6.9516300e+00   2.2965600e+01  -3.0000000e+00
   7.6000000e+01  -3.2261400e+00   1.1572600e+01   5.8186300e+00   2.0000000e+00
   7.7000000e+01   3.6175000e-03   1.6035500e+01   5.2124000e+00  -2.0000000e+00
   7.8000000e+01   5.6940400e+00   1.3334000e+01   5.9137400e+00   2.0000000e+00
   7.9000000e+01  -1.6844600e+00   1.4810300e+01   4.9385100e+00   2.0000000e+00
   8.0000000e+01  -4.9227800e+00  -3.7412200e+00   3.5365800e+01   1.0000000e+00
   8.1000000e+01  -1.5172400e+01   1.1847300e+01   3.3505200e+01  -1.0000000e+00
   8.2000000e+01  -2.8212000e-01   2.2693600e+00   3.4201200e+01  -3.0000000e+00
   8.3000000e+01   1.0179800e+01  -1.4429700e+01   3.9453000e+01  -1.0000000e+00
   8.4000000e+01  -2.3921100e+00  -1.6077900e+01   3.6708800e+01  -2.0000000e+00
   8.5000000e+01  -1.0738800e+01  -7.8914800e+00   3.5649500e+01   1.0000000e+00
   8.6000000e+01   8.2381700e+00   6.3252700e+00   6.4491800e+00   2.0000000e+00
   8.7000000e+01  -1.0849900e+01   1.2074300e+01   1.3887700e+01  -2.0000000e+00
   8.8000000e+01   9.6608500e+00  -1.0824300e+01   3.8233600e+01   1.0000000e+00
   8.9000000e+01  -4.0466000e+00  -1.8599400e+00   3.5360200e+01   1.0000000e+00
   9.0000000e+01   2.7516900e+00   6.8157400e+00   5.4709700e+00   2.0000000e+00
   9.1000000e+01   7.2102200e+00  -3.6158000e+00   1.1395200e+01  -3.0000000e+00
   9.2000000e+01   1.4274100e+01  -7.4803200e+00   2.0455800e+01  -1.0000000e+00
   9.3000000e+01  -1.6599300e+01  -2.7460300e+00   4.9002600e+01  -1.0000000e+00
   9.4000000e+01  -4.5489700e+00  -7.3148800e+00   3.6550100e+01   1.0000000e+00
   9.5000000e+01   5.8024900e+00  -5.7272600e+00   3.6812100e+01  -3.0000000e+00
   9.6000000e+01  -8.3157600e+00  -1.1290300e+01   3.5713100e+01   1.0000000e+00
   9.7000000e+01   6.3205600e+00   7.1455300e+00   6.1341700e+00   2.0000000e+00
   9.8000000e+01   7.5373500e+00  -1.1179400e+01   3.8252000e+01   1.0000000e+00
   9.9000000e+01  -1.8036700e+01   2.6571300e+00   3.0986000e+01  -1.0000000e+00
   1.0000000e+02   1.0981800e+01  -2.8372800e+00   5.3526500e+00   2.0000000e+00
   1.0100000e+02   4.9024700e+00   3.9238000e+00   6.2464700e+00   2.0000000e+00
   1.0200000e+02  -3.7275000e+00   1.7795900e+01   1.9974200e+01  -1.0000000e+00
   1.0300000e+02   3.5200900e+00   1.8468300e+01   4.1350500e+00  -1.0000000e+00
   1.0400000e+02  -2.9803900e-01  -1.5899100e+01   3.6738700e+01  -2.0000000e+00
   1.0500000e+02  -3.7587600e-01  -6.8487900e+00   3.6726300e+01   1.0000000e+00
   1.0600000e+02  -1.4986900e+01   8.2394000e+00   3.2859200e+01  -2.0000000e+00
   1.0700000e+02   1.6026700e+01  -6.2811300e+00   2.0778000e+01  -1.0000000e+00
   1.0800000e+02  -7.4123100e+00   1.7447300e+01   5.2058500e+00  -1.0000000e+00
   1.0900000e+02  -7.9991800e-01  -3.3276900e+00   3.7129800e+01  -3.0000000e+00
   1.1000000e+02  -8.7850700e+00   8.4529400e+00   2.4502900e+01  -3.0000000e+00
   1.1100000e+02  -3.2210800e+00  -1.8016600e+01   3.5662400e+01  -1.0000000e+00
   1.1200000e+02  -7.3050100e+00  -3.5646800e-01   3.4674200e+01   1.0000000e+00
   1.1300000e+02  -1.6110600e+01  -6.4823500e+00   2.1024600e+01  -1.0000000e+00
   1.1400000e+02   1.4520700e+01  -1.3509700e+01   4.2374900e+01  -1.0000000e+00
   1.1500000e+02  -1.1069900e+01   1.4142100e+01  -1.2097400e+01  -1.0000000e+00
   1.1600000e+02   1.6057200e+00  -2.8149200e+00   4.1804900e+01  -3.0000000e+00
   1.1700000e+02  -7.8578900e+00  -1.4869300e+01   3.5783800e+01  -2.0000000e+00
   1.1800000e+02   1.5002900e+01   1.1188300e+01   6.3513600e+00  -1.0000000e+00
   1.1900000e+02  -1.3557200e+01  -8.0565400e-01   3.3615400e+01   1.0000000e+00
   1.2000000e+02  -1.1700100e+01   2.9195900e+00   3.3775200e+01   1.0000000e+00
   1.2100000e+02  -1.4912600e+01  -8.1512900e+00   3.3051100e+01  -2.0000000e+00
   1.2200000e+02   1.7636200e+01   4.1331900e+00  -9.3600800e+00  -1.0000000e+00
   1.2300000e+02   3.8784100e+00  -1.5425400e+01   3.7705900e+01  -2.0000000e+00
   1.2400000e+02  -1.1998300e+01  -6.1502400e+00   3.5532100e+01   1.0000000e+00
   1.2500000e+02  -9.9526800e+00  -5.9855100e+00   3.5743900e+01   1.0000000e+00
   1.2600000e+02   2.6277900e+00  -1.3693000e+01   3.6673500e+01   1.0000000e+00
   1.2700000e+02   3.0197600e+00  -1.7405800e+01   3.6208400e+01  -1.0000000e+00
   1.2800000e+02  -1.5919500e+01   2.6921700e+00   3.2343000e+01  -2.0000000e+00
   1.2900000e+02  -1.4034300e+01   1.0114300e+01   3.3200400e+01  -2.0000000e+00
   1.3000000e+02  -9.5324100e+00  -9.5863700e+00   3.5334700e+01   1.0000000e+00
   1.3100000e+02  -1.0313700e+01  -2.4034900e+00   3.4192200e+01   1.0000000e+00
   1.3200000e+02   1.1619600e+01   8.7409900e+00   5.8660500e+00   2.0000000e+00
   1.3300000e+02  -3.6667500e+00  -1.4407000e+01   3.7076800e+01   1.0000000e+00
   1.3400000e+02  -8.4917500e+00   1.3433700e+00   3.4294800e+01   1.0000000e+00
   1.3500000e+02   2.4623400e+00  -4.6948400e+00   2.5158500e+01  -3.0000000e+00
   1.3600000e+02   3.2463700e+00   2.7246300e+00   6.8066200e+00   2.0000000e+00
   1.3700000e+02  -2.2996900e+00   1.8772000e+00   2.5046000e+01  -3.0000000e+00
   1.3800000e+02   7.3632800e+00   1.4551200e+01   6.8094200e+00  -2.0000000e+00
   1.3900000e+02  -1.0836400e+01   8.4997600e+00   3.0521700e+01   1.0000000e+00
   1.4000000e+02   1.7755300e+01   2.0168100e+00  -1.0414200e+01  -1.0000000e+00
   1.4100000e+02  -1.1175300e+01  -4.2668500e+00   3.4901200e+01   1.0000000e+00
   1.4200000e+02  -1.6884900e+01   8.5085900e-01   1.8128700e+01  -1.0000000e+00
   1.4300000e+02  -1.3282500e+01   1.4093700e+01  -1.1284000e+01  -1.0000000e+00
   1.4400000e+02  -1.5275100e+01  -4.5968800e+00   3.5546300e+01  -2.0000000e+00
   1.4500000e+02  -7.0421800e+00   1.3234600e+01   4.3532300e+00   2.0000000e+00
   1.4600000e+02   4.4308000e+00  -4.1225600e+00   3.6169800e+01  -3.0000000e+00
   1.4700000e+02   1.3199300e+00  -1.2018500e+01   3.7399700e+01   1.0000000e+00
   1.4800000e+02  -1.1936300e+01   1.0244500e+01   3.1710500e+01   1.0000000e+00
   1.4900000e+02   5.0158400e+00  -7.9341200e+00   3.8517300e+01   1.0000000e+00
   1.5000000e+02  -7.4269900e+00  -9.4305600e+00   3.5644200e+01   1.0000000e+00
   1.5100000e+02  -5.3523600e+00  -9.2099300e+00   3.6476300e+01   1.0000000e+00
   1.5200000e+02   1.2451000e+01  -8.5702700e+00   3.1032100e+01  -2.0000000e+00
   1.5300000e+02  -9.1299100e+00  -1.3176500e+01   3.5888100e+01  -2.0000000e+00
   1.5400000e+02  -9.1427300e+00   1.6245700e+01   1.1977300e+01  -1.0000000e+00
   1.5500000e+02  -9.6539500e+00   3.0560100e+00   3.3689500e+01   1.0000000e+00
   1.5600000e+02   9.6930000e+00   9.5827400e+00   6.0074200e+00   2.0000000e+00
   1.5700000e+02  -1.2309000e+00  -8.7463300e+00   3.6596200e+01   1.0000000e+00
   1.5800000e+02  -5.3355200e+00  -1.8198600e+01   3.5933200e+01  -1.0000000e+00
   1.5900000e+02   5.1525600e+00   1.8698700e+00   5.2274700e+00   2.0000000e+00
   1.6000000e+02   7.8114900e+00   1.0413700e+01   5.5090600e+00   2.0000000e+00
   1.6100000e+02  -2.4741500e+00  -7.0960800e+00   3.6352400e+01   1.0000000e+00
   1.6200000e+02   4.6544900e+00   5.9672200e+00   6.0561400e+00   2.0000000e+00
   1.6300000e+02   6.5771200e+00   5.1110500e+00   6.3561100e+00   2.0000000e+00
   1.6400000e+02  -7.9156700e-01  -1.2268200e+01   3.7243200e+01   1.0000000e+00
   1.6500000e+02   8.7720000e-01  -8.5030700e+00   3.7222700e+01   1.0000000e+00
   1.6600000e+02   1.1412300e+01   1.0844300e+01   5.6378200e+00   2.0000000e+00
   1.6700000e+02  -1.2371300e+01  -2.5395000e+00   3.4361900e+01   1.0000000e+00
   1.6800000e+02  -1.6982900e+01   4.4450900e+00   4.6378900e+01  -1.0000000e+00
   1.6900000e+02  -1.6179200e+00  -5.1992700e+00   3.6449300e+01   1.0000000e+00
   1.7000000e+02  -8.7142100e+00   4.9364500e+00   3.2443300e+01  -3.0000000e+00
   1.7100000e+02   1.7351400e+01   6.2021700e+00  -8.1511300e+00  -1.0000000e+00
   1.7200000e+02   2.8218400e-02  -1.0382100e+01   3.6985600e+01   1.0000000e+00
   1.7300000e+02  -9.8349900e+00   6.6570400e+00   3.2748100e+01  -3.0000000e+00
   1.7400000e+02  -4.3768300e+00   1.7093400e+00   3.4755700e+01   1.0000000e+00
   1.7500000e+02   5.9013000e+00   1.1293600e+01   5.6831500e+00   2.0000000e+00
   1.7600000e+02   1.2952700e+01  -5.8818000e+00   9.8942400e+00  -2.0000000e+00
   1.7700000e+02   1.5515900e+01  -9.1288000e+00   5.5218100e+01  -1.0000000e+00
   1.7800000e+02   1.3745600e+01  -1.0172800e+01   3.5131200e+01  -2.0000000e+00
   1.7900000e+02  -1.0008600e+01  -1.5095400e+01   2.0586900e+01  -1.0000000e+00
   1.8000000e+02   1.5669000e+01   4.9712400e+00   5.9604300e+00  -2.0000000e+00
   1.8100000e+02  -2.8637800e+00  -3.5534800e+00   3.5732200e+01   1.0000000e+00
   1.8200000e+02  -8.5114900e-01   6.5072900e+00   4.9931700e+00   2.0000000e+00
   1.8300000e+02   4.6806800e+00  -1.3490200e+01   3.8082200e+01   1.0000000e+00
   1.8400000e+02   1.6051700e+01   8.2712900e-01   5.2490300e+00  -2.0000000e+00
   1.8500000e+02   4.2241700e+00  -9.8422800e+00   3.7825000e+01   1.0000000e+00
   1.8600000e+02  -2.5982100e+00   5.4510900e+00   2.5276900e+01  -3.0000000e+00
   1.8700000e+02  -1.0377600e+01  -1.1473000e+01   3.6164800e+01   1.0000000e+00
   1.8800000e+02  -2.0177200e+00   1.8992400e+01   4.4545500e+00  -1.0000000e+00
   1.8900000e+02  -5.1670000e+00   1.2392800e+01   5.5337300e+00   2.0000000e+00
   1.9000000e+02  -1.6147200e+01   9.9378600e+00   4.8819000e+01  -1.0000000e+00
   1.9100000e+02  -1.0772700e+01   4.8343600e+00   3.3297800e+01   1.0000000e+00
   1.9200000e+02   1.7176600e+00   1.7208600e+01   1.6981200e+01  -2.0000000e+00
   1.9300000e+02  -1.1934200e+00   8.5609100e+00   4.5622200e+00   2.0000000e+00
   1.9400000e+02   1.9011000e+00   1.5145800e+01   5.1032300e+00   2.0000000e+00
   1.9500000e+02  -1.4981000e+00   1.2746100e+01   4.5555000e+00   2.0000000e+00
   1.9600000e+02  -9.0997000e+00  -4.1198000e+00   3.4925200e+01   1.0000000e+00
   1.9700000e+02  -1.0540500e+01   1.1907800e+00   3.3990300e+01   1.0000000e+00
   1.9800000e+02   9.6643100e-01  -1.7643800e+01   3.6378900e+01  -1.0000000e+00
   1.9900000e+02  -3.4554300e+00   1.3629000e+01   5.1956600e+00   2.0000000e+00
   2.0000000e+02  -8.8864200e+00   1.4167300e+01  -2.1128500e+00  -2.0000000e+00
   2.0100000e+02   5.6285500e-01  -1.3928700e+01   3.7296000e+01   1.0000000e+00
   2.0200000e+02  -1.3276500e+01  -1.3723800e+01   3.8823600e+01  -1.0000000e+00
   2.0300000e+02   1.0759100e+01  -7.3314900e-01   5.9064300e+00   2.0000000e+00
   2.0400000e+02  -1.2622200e+01   1.0562300e+00   3.3625300e+01   1.0000000e+00
   2.0500000e+02   1.1149100e+01  -4.8858000e+00  -8.5915100e+00  -3.0000000e+00
   2.0600000e+02   6.1052800e+00   9.2190800e+00   5.5886200e+00   2.0000000e+00
   2.0700000e+02  -6.2087100e+00  -1.1104800e+01   3.6421700e+01   1.0000000e+00
   2.0800000e+02  -1.0840300e+00  -1.7850600e+01   3.6172000e+01  -1.0000000e+00
   2.0900000e+02  -6.9957200e+00  -1.3007800e+01   3.6387900e+01   1.0000000e+00
   2.1000000e+02  -2.0027100e+00  -1.6574200e+00   3.5084000e+01   1.0000000e+00
   2.1100000e+02   1.0573600e+01   1.3323500e+00   5.8237200e+00   2.0000000e+00
   2.1200000e+02  -9.7451700e+00   1.0268500e+01   3.0029900e+01  -3.0000000e+00
   2.1300000e+02   8.0990300e+00  -1.4754400e+01   5.0859900e+01  -2.0000000e+00
   2.1400000e+02  -6.1377600e+00  -2.0523600e+00   3.5185900e+01   1.0000000e+00
   2.1500000e+02  -1.1464700e+01  -6.4668200e-01   3.3778700e+01   1.0000000e+00
   2.1600000e+02   9.3219000e+00   1.3773000e+01   6.5382700e+00  -2.0000000e+00
   2.1700000e+02  -7.2487700e+00   7.1044100e+00   3.7581900e+01  -3.0000000e+00
   2.1800000e+02  -4.1211100e+00  -1.0871300e+01   3.6970900e+01   1.0000000e+00
   2.1900000e+02  -3.5688300e+00   1.5681600e+01   4.8101600e+00  -2.0000000e+00
   2.2000000e+02   2.5184000e+00   8.8871300e+00   5.3203600e+00   2.0000000e+00
   2.2100000e+02   9.0458100e+00   1.5843500e+01   6.2408400e+00  -1.0000000e+00
   2.2200000e+02   7.1505000e+00   1.6812300e+01   6.2306000e+00  -1.0000000e+00
   2.2300000e+02   1.2281100e+01  -1.4038400e+01   4.1224000e+01  -1.0000000e+00
   2.2400000e+02  -1.4933000e+01   4.5289800e+00   3.2685000e+01  -2.0000000e+00
   2.2500000e+02   1.2985900e+01  -1.2111400e+01   4.0941200e+01  -2.0000000e+00
   2.2600000e+02  -6.6184900e+00  -7.5373900e+00   3.6369800e+01   1.0000000e+00
   2.2700000e+02  -2.8481800e+00  -1.2514400e+01   3.7046700e+01   1.0000000e+00
   2.2800000e+02   6.2998400e+00  -9.5409500e+00   3.8482700e+01   1.0000000e+00
   2.2900000e+02  -6.9707300e+00  -3.9262100e+00   3.4969400e+01   1.0000000e+00
   2.3000000e+02   1.5435900e+01   7.0216800e+00   5.8331000e+00  -2.0000000e+00
   2.3100000e+02  -1.1186900e+01  -1.3378800e+01   2.5267400e+01  -2.0000000e+00
   2.3200000e+02  -1.2938700e+01   8.3518000e+00   3.2190800e+01   1.0000000e+00
   2.3300000e+02   2.9662000e+00  -8.2058900e+00   3.7737100e+01   1.0000000e+00
   2.3400000e+02   1.0160600e+01   5.4702000e+00   5.8778700e+00   2.0000000e+00
   2.3500000e+02   9.1477100e+00  -7.1875300e+00   2.6039400e+01  -3.0000000e+00
   2.3600000e+02  -5.7361800e+00  -1.4669900e+01   3.6450500e+01   1.0000000e+00
   2.3700000e+02   1.1820800e+01   6.6768400e+00   5.9624400e+00   2.0000000e+00
   2.3800000e+02  -1.1595300e+01  -9.7877500e+00   3.5038500e+01   1.0000000e+00
   2.3900000e+02   3.4510400e+00  -1.1763300e+01   3.7304700e+01   1.0000000e+00
   2.4000000e+02  -7.5595700e+00   3.2011400e+00   3.4284700e+01   1.0000000e+00
   2.4100000e+02  -3.0221700e+00   9.5316900e+00   2.8225400e+01   2.0000000e+00
   2.4200000e+02   7.6349000e+00   1.2513600e+01   6.1512500e+00   2.0000000e+00
   2.4300000e+02   8.5032400e+00   4.2716300e+00   5.8346200e+00   2.0000000e+00
   2.4400000e+02  -1.1201600e+01   1.6223200e+01  -1.2878100e+01  -1.0000000e+00
   2.4500000e+02  -5.2450800e+00  -1.9104200e-01   3.5097500e+01   1.0000000e+00
   2.4600000e+02   1.3954000e+01   3.7623500e+00   5.7210200e+00   2.0000000e+00
   2.4700000e+02   8.1163600e-01   7.7259000e+00   5.8455100e+00   2.0000000e+00
   2.4800000e+02   1.2458100e+01   4.5863800e-01   5.4692300e+00   2.0000000e+00
   2.4900000e+02  -3.4722900e+00   3.5848500e+00   3.3119800e+01  -3.0000000e+00
   2.5000000e+02   9.1007600e+00  -1.9838100e+00   6.7406200e+00   2.0000000e+00
   2.5100000e+02   1.8155500e+01  -2.1404400e+00   7.0104000e+00  -1.0000000e+00
   2.5200000e+02  -4.9928800e+00   1.0274000e+01   3.4547700e+01   2.0000000e+00
   2.5300000e+02  -7.9045200e+00  -5.8022800e+00   3.5417400e+01   1.0000000e+00
   2.5400000e+02  -1.6140400e+00  -1.4173600e+01   3.6884500e+01   1.0000000e+00
   2.5500000e+02   1.2842300e+01  -3.7232100e+00   4.1312500e+00   2.0000000e+00
   2.5600000e+02  -1.3779400e+01   2.7989000e+00   3.3506800e+01   1.0000000e+00
   2.5700000e+02  -1.4695000e+01   9.3824500e-01   3.3411400e+01  -2.0000000e+00
   2.5800000e+02   1.5680900e+00   1.3873500e+00  -3.8830500e+00  -3.0000000e+00
   2.5900000e+02  -5.7994100e+00  -5.6607300e+00   3.5580800e+01   1.0000000e+00
   2.6000000e+02   7.3649800e+00  -1.6730000e+01   3.9075300e+01  -1.0000000e+00
   2.6100000e+02  -5.5154600e+00   3.4347300e+00   3.5262400e+01   1.0000000e+00
   2.6200000e+02   3.5046800e+00  -2.0024500e+00   1.9538400e+01  -3.0000000e+00
   2.6300000e+02   4.2379900e+00   1.0077700e+01   5.6376400e+00   2.0000000e+00
   2.6400000e+02  -1.3056300e+01   1.2005100e+01   1.5471500e+01  -2.0000000e+00
   2.6500000e+02  -1.4485600e+01  -2.6768000e+00   3.4333400e+01  -2.0000000e+00
   2.6600000e+02   2.9733500e+00   4.7657000e+00   5.9821100e+00   2.0000000e+00
   2.6700000e+02   2.1005400e+00   1.2993000e+01   5.3815600e+00   2.0000000e+00
   2.6800000e+02   1.1004300e+01   1.5008700e+01   5.6868200e+00  -1.0000000e+00
   2.6900000e+02   1.2940100e+01   1.4071300e+01   4.2973500e+00  -1.0000000e+00
   2.7000000e+02   7.8696500e+00  -5.5675200e+00   2.9399200e+01  -3.0000000e+00
   2.7100000e+02   1.0409800e+01  -8.8821300e+00   3.8048400e+01   1.0000000e+00
   2.7200000e+02  -6.6307300e+00   5.1448400e+00   2.1673300e+01  -3.0000000e+00
   2.7300000e+02   1.4164500e+01   1.6907400e+00   5.6237200e+00   2.0000000e+00
   2.7400000e+02   2.1634000e+00  -1.0109000e+01   3.7424500e+01   1.0000000e+00
   2.7500000e+02   1.4589100e+01  -2.5807200e+00   5.1363600e+00   2.0000000e+00
   2.7600000e+02   5.5329700e+00  -2.3909200e+00   2.2512500e+01  -3.0000000e+00
   2.7700000e+02   1.9432300e+00  -6.6334600e-01   3.4908800e+01  -3.0000000e+00
   2.7800000e+02   1.7950100e+01  -4.6786500e-02  -9.3071700e+00  -1.0000000e+00
   2.7900000e+02   1.0351700e+01   3.3933800e+00   5.7061700e+00   2.0000000e+00
   2.8000000e+02  -5.0612800e+00   7.8267000e+00   2.6181700e+01  -3.0000000e+00
   2.8100000e+02   5.3797700e-02  -1.4551500e+00   2.8450300e+01  -3.0000000e+00
   2.8200000e+02  -6.4179600e+00   1.4941500e+00   3.4706200e+01   1.0000000e+00
   2.8300000e+02  -6.6144100e+00  -1.6554800e+01   2.4280500e+01  -2.0000000e+00
   2.8400000e+02  -1.2556200e+01  -1.1740300e+01   3.5027600e+01  -2.0000000e+00
   2.8500000e+02  -4.9118200e+00  -1.2773000e+01   3.7112400e+01   1.0000000e+00
   2.8600000e+02   1.5224000e+01   9.1057000e+00   5.6260300e+00  -2.0000000e+00
   2.8700000e+02  -1.3230100e+01  -4.3979100e+00   3.5345300e+01   1.0000000e+00
   2.8800000e+02   1.3727400e+01   5.8479800e+00   5.8074200e+00   2.0000000e+00
   2.8900000e+02  -7.1970300e+00   1.5358000e+01   4.7830100e+00  -2.0000000e+00
   2.9000000e+02   2.2995200e+00   1.0931000e+01   5.3301400e+00   2.0000000e+00
   2.9100000e+02   1.0919600e+01  -1.2480600e+01   3.9075200e+01  -2.0000000e+00
   2.9200000e+02   1.5515400e+01  -1.1256700e+01   7.1560400e+01  -1.0000000e+00
   2.9300000e+02   8.8412500e+00  -1.2787200e+01   3.8729400e+01  -2.0000000e+00
   2.9400000e+02  -1.6040200e+01  -9.8965600e+00   2.9981900e+01  -1.0000000e+00
   2.9500000e+02  -1.3970400e+01   6.4313900e+00   3.2281700e+01   1.0000000e+00
   2.9600000e+02   1.2249900e+01   2.5590800e+00   5.8052900e+00   2.0000000e+00
   2.9700000e+02  -1.3236400e+00   1.0695700e+01   4.2170600e+00   2.0000000e+00
   2.9800000e+02   1.8218700e+00  -1.5607700e+01   3.6302400e+01  -2.0000000e+00
   2.9900000e+02  -1.4052300e+01  -6.2844500e+00   3.5394200e+01  -2.0000000e+00
