   0.0000000e+00   4.3593200e+00  -6.1975200e+00  -1.0000000e+00
   1.0000000e+00   8.1227200e+00   2.0079000e+00  -1.0000000e+00
   2.0000000e+00   4.3992900e+00  -2.0440000e+00  -1.0000000e+00
   3.0000000e+00   2.4091100e+00   9.8003700e+00   1.0000000e+00
   4.0000000e+00  -1.2369700e+00  -1.5421200e+01   1.0000000e+00
   5.0000000e+00   4.1089600e+00  -1.6551000e+01  -1.0000000e+00
   6.0000000e+00   1.1382700e+01  -1.4641000e+01  -1.0000000e+00
   7.0000000e+00  -3.3903700e+00  -1.1865400e+01   1.0000000e+00
   8.0000000e+00   2.3580800e+00  -1.5470000e+01  -1.0000000e+00
   9.0000000e+00   1.0003000e+01   1.5494700e+01  -1.0000000e+00
   1.0000000e+01   1.3531900e+01   2.9304400e+00  -1.0000000e+00
   1.1000000e+01   2.6566800e+00  -9.2971200e-01   1.0000000e+00
   1.2000000e+01  -3.5087300e+00  -4.6556200e+00   1.0000000e+00
   1.3000000e+01   1.9079300e+01  -4.1708700e-01  -1.0000000e+00
   1.4000000e+01  -9.8061000e+00  -1.1695600e+00   1.0000000e+00
   1.5000000e+01   1.1762600e+01   6.0644500e+00  -1.0000000e+00
   1.6000000e+01   2.8421000e-01   1.3402800e+01   1.0000000e+00
   1.7000000e+01  -1.7974400e+01  -8.4903500e+00   1.0000000e+00
   1.8000000e+01   4.5746100e+00   6.2019500e+00   1.0000000e+00
   1.9000000e+01   1.1714500e+01   1.9319700e+00  -1.0000000e+00
   2.0000000e+01  -1.3261000e+00  -1.1795800e+01   1.0000000e+00
   2.1000000e+01  -1.3788000e+01  -8.4540200e+00   1.0000000e+00
   2.2000000e+01   1.0000800e+01   9.1877200e+00  -1.0000000e+00
   2.3000000e+01  -8.8736700e+00   4.2130500e+00   1.0000000e+00
   2.4000000e+01   3.4077100e+00   1.5224400e+01   1.0000000e+00
   2.5000000e+01  -1.6481500e+00   6.1648900e+00   1.0000000e+00
   2.6000000e+01   1.3564600e+01   5.0053600e+00  -1.0000000e+00
   2.7000000e+01  -1.3707700e+00  -8.1872600e+00   1.0000000e+00
   2.8000000e+01  -4.2399800e-01  -2.8074500e+00   1.0000000e+00
   2.9000000e+01  -1.0748000e+01  -6.5765600e+00   1.0000000e+00
   3.0000000e+01  -1.4889700e+01  -6.6797200e+00   1.0000000e+00
   3.1000000e+01   1.5356600e+01   3.9801100e+00  -1.0000000e+00
   3.2000000e+01  -1.8190700e+01  -1.3378400e+00   1.0000000e+00
   3.3000000e+01  -1.0166800e+01   1.3203400e+01   1.0000000e+00
   3.4000000e+01  -1.6174300e+01   2.2841500e+00   1.0000000e+00
   3.5000000e+01   4.3963000e+00  -4.1031700e+00  -1.0000000e+00
   3.6000000e+01  -7.7870000e+00   2.4455600e+00   1.0000000e+00
   3.7000000e+01  -8.7668400e-01   1.8821800e+01   1.0000000e+00
   3.8000000e+01  -3.9454600e+00   1.6936600e+01   1.0000000e+00
   3.9000000e+01   7.2569700e-01  -8.1517300e+00   1.0000000e+00
   4.0000000e+01  -2.7219500e+00   7.9397000e+00   1.0000000e+00
   4.1000000e+01  -1.0062000e+01   9.6354300e+00   1.0000000e+00
   4.2000000e+01  -1.0564200e+01  -1.3837500e+01   1.0000000e+00
   4.3000000e+01   1.1574900e+01  -6.3541200e+00  -1.0000000e+00
   4.4000000e+01   6.0118500e+00  -1.1384600e+01  -1.0000000e+00
   4.5000000e+01  -2.8568000e+00   1.5148500e+01   1.0000000e+00
   4.6000000e+01  -1.6946000e+01  -6.7100600e+00   1.0000000e+00
   4.7000000e+01  -1.7182800e+01   4.0776700e+00   1.0000000e+00
   4.8000000e+01   8.0816600e+00  -7.6162100e-02  -1.0000000e+00
   4.9000000e+01   4.3860100e+00   1.7035600e+01   1.0000000e+00
   5.0000000e+01  -5.6503000e+00  -1.1189800e+00   1.0000000e+00
   5.1000000e+01   6.2085900e+00  -3.1349900e+00  -1.0000000e+00
   5.2000000e+01  -3.5980800e+00  -1.0677200e+00   1.0000000e+00
   5.3000000e+01  -3.4386100e+00  -8.2552200e+00   1.0000000e+00
   5.4000000e+01  -1.7227300e+00   9.7671200e+00   1.0000000e+00
   5.5000000e+01   6.4647100e+00   1.3389000e+01   1.0000000e+00
   5.6000000e+01   1.3552700e+01   1.1254500e+01  -1.0000000e+00
   5.7000000e+01   5.9996600e+00  -1.3460400e+01  -1.0000000e+00
   5.8000000e+01  -1.4463900e+00  -4.5996800e+00   1.0000000e+00
   5.9000000e+01   8.1514900e+00   6.1237300e+00  -1.0000000e+00
   6.0000000e+01   2.3052200e+00  -1.7572400e+01  -1.0000000e+00
   6.1000000e+01   2.3456900e+00   1.3402200e+01   1.0000000e+00
   6.2000000e+01  -1.6054500e+01  -1.3225500e+00   1.0000000e+00
   6.3000000e+01   7.8108700e+00  -1.2478200e+01  -1.0000000e+00
   6.4000000e+01   3.4298900e+00   1.1606200e+01   1.0000000e+00
   6.5000000e+01   4.1832100e+00  -1.4495000e+01  -1.0000000e+00
   6.6000000e+01   1.7210500e+01   7.0411400e+00  -1.0000000e+00
   6.7000000e+01   4.4814200e+00   5.5954200e-03  -1.0000000e+00
   6.8000000e+01  -5.5571900e+00  -4.7046200e+00   1.0000000e+00
   6.9000000e+01   2.4865000e+00  -9.2417900e+00  -1.0000000e+00
   7.0000000e+01   1.5209300e+01  -4.4135100e+00  -1.0000000e+00
   7.1000000e+01   1.3569600e+01   7.0803400e+00  -1.0000000e+00
   7.2000000e+01  -1.8987500e+00  -1.7389900e+01   1.0000000e+00
   7.3000000e+01   9.5232600e+00  -1.5620600e+01  -1.0000000e+00
   7.4000000e+01   1.3717600e+00   1.1571100e+01   1.0000000e+00
   7.5000000e+01  -1.2735700e+01  -1.0220300e+01   1.0000000e+00
   7.6000000e+01  -6.6592500e+00  -2.9228800e+00   1.0000000e+00
   7.7000000e+01   6.1441400e+00  -7.2699600e+00  -1.0000000e+00
   7.8000000e+01  -8.7524500e+00  -2.9480700e+00   1.0000000e+00
   7.9000000e+01  -1.1140800e+01   1.1386000e+01   1.0000000e+00
   8.0000000e+01   1.9227500e+00  -2.9223400e+00   1.0000000e+00
   8.1000000e+01   1.1795100e+01   8.1278800e+00  -1.0000000e+00
   8.2000000e+01   1.1580200e+01  -4.2788600e+00  -1.0000000e+00
   8.3000000e+01   1.1672500e+01  -1.2773200e-01  -1.0000000e+00
   8.4000000e+01   6.1659500e+00  -5.2029300e+00  -1.0000000e+00
   8.5000000e+01   6.3886200e+00   7.1898700e+00  -1.0000000e+00
   8.6000000e+01   7.7195200e+00  -1.6587400e+01  -1.0000000e+00
   8.7000000e+01  -5.3922600e+00  -1.5637500e+01   1.0000000e+00
   8.8000000e+01   1.3572400e+01   1.3426500e+01  -1.0000000e+00
   8.9000000e+01  -7.1622300e-01   1.1565600e+01   1.0000000e+00
   9.0000000e+01   1.3604500e+01   9.1516500e+00  -1.0000000e+00
   9.1000000e+01   4.9055000e-01   2.6216900e+00   1.0000000e+00
   9.2000000e+01  -3.6586100e+00   2.5385000e+00   1.0000000e+00
   9.3000000e+01   1.3342200e+01  -7.4464700e+00  -1.0000000e+00
   9.4000000e+01   5.8604500e-01  -1.4440100e+01  -1.0000000e+00
   9.5000000e+01  -3.8875700e+00   1.3322200e+01   1.0000000e+00
   9.6000000e+01   8.0093000e+00  -2.1274500e+00  -1.0000000e+00
   9.7000000e+01  -1.0808200e+01  -2.9953000e+00   1.0000000e+00
   9.8000000e+01   9.6739400e+00  -9.4050700e+00  -1.0000000e+00
   9.9000000e+01  -1.4829200e+01  -1.0236300e+01   1.0000000e+00
   1.0000000e+02  -9.8816100e+00   2.4167300e+00   1.0000000e+00
   1.0100000e+02   9.6382300e+00  -1.1478000e+01  -1.0000000e+00
   1.0200000e+02   5.9055500e+00  -1.7653100e+01  -1.0000000e+00
   1.0300000e+02  -9.0309400e+00   1.1424700e+01   1.0000000e+00
   1.0400000e+02  -6.5578400e+00  -6.5215500e+00   1.0000000e+00
   1.0500000e+02  -6.4330000e+00  -1.3735700e+01   1.0000000e+00
   1.0600000e+02   2.4193000e+00  -1.3404000e+01  -1.0000000e+00
   1.0700000e+02   6.1087600e+00  -9.3159900e+00  -1.0000000e+00
   1.0800000e+02   1.5339500e+01   6.0420700e+00  -1.0000000e+00
   1.0900000e+02   1.1501800e+01  -8.4565000e+00  -1.0000000e+00
   1.1000000e+02  -6.4191400e-01   7.9927200e+00   1.0000000e+00
   1.1100000e+02  -7.5140300e+00  -1.1965600e+01   1.0000000e+00
   1.1200000e+02  -1.8350300e+00   1.6942000e+01   1.0000000e+00
   1.1300000e+02   9.9683300e+00   5.0462900e+00  -1.0000000e+00
   1.1400000e+02  -9.5514900e+00  -1.5687100e+01   1.0000000e+00
   1.1500000e+02  -1.1658800e+01  -1.2021200e+01   1.0000000e+00
   1.1600000e+02  -8.6523600e+00  -6.5271500e+00   1.0000000e+00
   1.1700000e+02   7.7737500e+00  -1.4533700e+01  -1.0000000e+00
   1.1800000e+02   9.5959000e+00  -1.3564900e+01  -1.0000000e+00
   1.1900000e+02   7.9489500e+00  -6.2577200e+00  -1.0000000e+00
   1.2000000e+02  -8.7911400e+00   6.5135800e-01   1.0000000e+00
   1.2100000e+02  -1.7188000e+01   4.7485500e-01   1.0000000e+00
   1.2200000e+02  -1.1291000e+01   1.5052300e+01   1.0000000e+00
   1.2300000e+02   9.9944700e+00   1.3398100e+01  -1.0000000e+00
   1.2400000e+02   9.7638400e+00  -5.2618800e+00  -1.0000000e+00
   1.2500000e+02  -1.7857100e+00   1.3324600e+01   1.0000000e+00
   1.2600000e+02  -7.4606000e+00  -1.5574800e+01   1.0000000e+00
   1.2700000e+02   1.4842500e+00   4.4164500e+00   1.0000000e+00
   1.2800000e+02  -6.4925700e+00  -1.0137300e+01   1.0000000e+00
   1.2900000e+02   1.7033300e+01  -1.2443000e+00  -1.0000000e+00
   1.3000000e+02  -3.2834900e+00  -1.5447000e+01   1.0000000e+00
   1.3100000e+02  -2.6597600e+00   4.3489900e+00   1.0000000e+00
   1.3200000e+02   4.4217200e+00   1.3406100e+01   1.0000000e+00
   1.3300000e+02   1.1802400e+01   1.0189500e+01  -1.0000000e+00
   1.3400000e+02   2.6133400e+00  -5.1143800e+00  -1.0000000e+00
   1.3500000e+02   5.9597900e-01  -1.0222300e+00   1.0000000e+00
   1.3600000e+02  -7.5816300e+00  -8.3438100e+00   1.0000000e+00
   1.3700000e+02   1.4996500e+00   1.8999000e+01   1.0000000e+00
   1.3800000e+02  -7.0630700e+00   1.5141800e+01   1.0000000e+00
   1.3900000e+02  -7.6900400e+00  -1.1404200e+00   1.0000000e+00
   1.4000000e+02  -1.3128100e+01   7.7253800e+00   1.0000000e+00
   1.4100000e+02  -7.6199700e-01   1.5187700e+01   1.0000000e+00
   1.4200000e+02  -4.9059000e+00   1.1510000e+01   1.0000000e+00
   1.4300000e+02  -4.5753800e+00  -2.8915600e+00   1.0000000e+00
   1.4400000e+02  -9.5928700e+00  -1.1997600e+01   1.0000000e+00
   1.4500000e+02   4.4646600e+00   9.8288500e+00   1.0000000e+00
   1.4600000e+02  -4.8049500e+00   7.8944900e+00   1.0000000e+00
   1.4700000e+02  -8.5099700e+00  -1.3746500e+01   1.0000000e+00
   1.4800000e+02   1.5597500e+00   8.6378100e-01   1.0000000e+00
   1.4900000e+02   6.3550900e+00   5.1295500e+00  -1.0000000e+00
   1.5000000e+02   6.4304500e+00   9.2476200e+00  -1.0000000e+00
   1.5100000e+02   1.7060500e+01  -3.3048600e+00  -1.0000000e+00
   1.5200000e+02  -1.3901400e+01  -4.8602700e+00   1.0000000e+00
   1.5300000e+02   1.3379800e+01  -5.3426600e+00  -1.0000000e+00
   1.5400000e+02  -1.2964700e+01   5.6430800e-01   1.0000000e+00
   1.5500000e+02   1.3499900e+01   8.6126200e-01  -1.0000000e+00
   1.5600000e+02  -6.7068400e+00   6.6021600e-01   1.0000000e+00
   1.5700000e+02   8.2355300e+00   1.2310300e+01  -1.0000000e+00
   1.5800000e+02   1.3413400e+01  -3.2577300e+00  -1.0000000e+00
   1.5900000e+02  -1.4302900e+01   1.3087900e+01   1.0000000e+00
   1.6000000e+02   4.0693000e+00  -1.8635000e+01  -1.0000000e+00
   1.6100000e+02  -1.5120500e+01   4.0693200e+00   1.0000000e+00
   1.6200000e+02   1.5346600e+01   1.2372300e+01  -1.0000000e+00
   1.6300000e+02   4.2243900e+00  -1.2390000e+01  -1.0000000e+00
   1.6400000e+02   2.3172100e+00   1.7055800e+01   1.0000000e+00
   1.6500000e+02   2.5446600e+00  -7.1801300e+00  -1.0000000e+00
   1.6600000e+02   9.9972000e+00   7.1312800e+00  -1.0000000e+00
   1.6700000e+02   2.4071100e+00  -1.1317700e+01  -1.0000000e+00
   1.6800000e+02   1.3276900e+01  -1.1561700e+01  -1.0000000e+00
   1.6900000e+02  -3.4448300e-01  -6.3913100e+00   1.0000000e+00
   1.7000000e+02  -9.9629700e+00   6.0036500e+00   1.0000000e+00
   1.7100000e+02  -1.0637200e+01  -1.0196100e+01   1.0000000e+00
   1.7200000e+02  -1.2896900e+01  -3.0196800e+00   1.0000000e+00
   1.7300000e+02  -6.9629700e+00   1.1440200e+01   1.0000000e+00
   1.7400000e+02   1.5186700e+01  -1.0726300e+01  -1.0000000e+00
   1.7500000e+02  -5.8350200e+00   6.1056000e+00   1.0000000e+00
   1.7600000e+02  -4.4160500e+00  -1.0074100e+01   1.0000000e+00
   1.7700000e+02   4.2545000e+00  -1.0318600e+01  -1.0000000e+00
   1.7800000e+02   1.1778900e+01   1.4430900e+01  -1.0000000e+00
   1.7900000e+02   1.5269500e+01  -1.8807100e-01  -1.0000000e+00
   1.8000000e+02   8.1496200e+00   1.4577700e+01  -1.0000000e+00
   1.8100000e+02  -5.1212900e-01   7.9489000e-01   1.0000000e+00
   1.8200000e+02   6.4546600e-01  -1.2369800e+01  -1.0000000e+00
   1.8300000e+02  -1.7609800e-01  -1.0022800e+01   1.0000000e+00
   1.8400000e+02  -1.8106700e+01  -4.9188000e+00   1.0000000e+00
   1.8500000e+02   4.3069200e-01   6.1921400e+00   1.0000000e+00
   1.8600000e+02   9.8729400e+00  -1.1402700e+00  -1.0000000e+00
   1.8700000e+02   3.5245900e+00   7.9946600e+00   1.0000000e+00
   1.8800000e+02  -8.9684500e+00   7.8482300e+00   1.0000000e+00
   1.8900000e+02   7.8544700e+00  -1.0407100e+01  -1.0000000e+00
   1.9000000e+02  -5.8805700e+00   9.6602700e+00   1.0000000e+00
   1.9100000e+02   1.5225800e+01  -2.2590800e+00  -1.0000000e+00
   1.9200000e+02  -1.9726200e-01  -1.8559200e+01  -1.0000000e+00
   1.9300000e+02  -1.0868500e+01   6.1341400e-01   1.0000000e+00
   1.9400000e+02  -8.0376800e+00   1.3254100e+01   1.0000000e+00
   1.9500000e+02  -9.1916300e+00   1.5018600e+01   1.0000000e+00
   1.9600000e+02   2.4972400e+00   6.2077200e+00   1.0000000e+00
   1.9700000e+02   1.7012000e+01  -5.4076600e+00  -1.0000000e+00
   1.9800000e+02  -2.3441200e+00  -9.9948000e+00   1.0000000e+00
   1.9900000e+02  -1.3055400e+01   4.1242700e+00   1.0000000e+00
   2.0000000e+02   4.6609300e-01  -1.6594700e+01  -1.0000000e+00
   2.0100000e+02   1.3194400e+01  -1.3701100e+01  -1.0000000e+00
   2.0200000e+02   9.9172000e+00   2.9882300e+00  -1.0000000e+00
   2.0300000e+02  -1.3971100e+01  -1.2666200e+00   1.0000000e+00
   2.0400000e+02   1.1770600e+01   3.9994200e+00  -1.0000000e+00
   2.0500000e+02   1.5214900e+01  -6.4968600e+00  -1.0000000e+00
   2.0600000e+02  -4.6619900e+00   7.1678400e-01   1.0000000e+00
   2.0700000e+02   5.4904800e+00   1.5244100e+01   1.0000000e+00
   2.0800000e+02   9.7443000e+00  -7.3452000e+00  -1.0000000e+00
   2.0900000e+02   1.3091100e+00   1.5219100e+01   1.0000000e+00
   2.1000000e+02   2.5627500e+00   2.6628200e+00   1.0000000e+00
   2.1100000e+02   4.3171500e+00  -8.2539300e+00  -1.0000000e+00
   2.1200000e+02  -7.6199800e+00  -4.7536100e+00   1.0000000e+00
   2.1300000e+02  -1.2719500e+01  -1.3881100e+01   1.0000000e+00
   2.1400000e+02   9.9086100e+00   9.3050700e-01  -1.0000000e+00
   2.1500000e+02   5.9071100e+00   1.1292000e+01   1.0000000e+00
   2.1600000e+02   7.9259500e+00  -8.3286200e+00  -1.0000000e+00
   2.1700000e+02  -1.1953300e+01   2.3599000e+00   1.0000000e+00
   2.1800000e+02  -1.4955200e+01  -3.0865400e+00   1.0000000e+00
   2.1900000e+02  -1.2222900e+01   1.3148000e+01   1.0000000e+00
   2.2000000e+02  -6.8100600e+00   4.2792700e+00   1.0000000e+00
   2.2100000e+02  -1.4184300e+01   9.5004500e+00   1.0000000e+00
   2.2200000e+02   4.0483800e+00   4.1214100e+00   1.0000000e+00
   2.2300000e+02  -1.4076600e+01   2.3086500e+00   1.0000000e+00
   2.2400000e+02  -1.5717400e+00   2.5658000e+00   1.0000000e+00
   2.2500000e+02  -5.5133900e+00  -8.3216900e+00   1.0000000e+00
   2.2600000e+02   1.5389800e+01   8.1018700e+00  -1.0000000e+00
   2.2700000e+02  -1.6174600e+01   5.8723800e+00   1.0000000e+00
   2.2800000e+02   1.7203700e+01   9.1436100e+00  -1.0000000e+00
   2.2900000e+02  -2.5934000e+00   7.7023500e-01   1.0000000e+00
   2.3000000e+02  -3.7194200e+00   6.1219300e+00   1.0000000e+00
   2.3100000e+02  -6.0887700e-01   4.3944700e+00   1.0000000e+00
   2.3200000e+02   1.7209500e+01   8.3339700e-01  -1.0000000e+00
   2.3300000e+02  -1.3196400e+01   1.1304400e+01   1.0000000e+00
   2.3400000e+02  -9.6440400e+00  -8.3519800e+00   1.0000000e+00
   2.3500000e+02   5.9583400e+00  -1.5525500e+01  -1.0000000e+00
   2.3600000e+02   1.7253700e+01   4.9849000e+00  -1.0000000e+00
   2.3700000e+02  -4.7406200e+00   4.3391400e+00   1.0000000e+00
   2.3800000e+02  -1.2045900e+01   5.9465900e+00   1.0000000e+00
   2.3900000e+02  -1.1717800e+01  -8.4198100e+00   1.0000000e+00
   2.4000000e+02   6.2710700e-01  -4.5723800e+00   1.0000000e+00
   2.4100000e+02   1.5374000e+01   1.8920800e+00  -1.0000000e+00
   2.4200000e+02   7.2007600e+00   1.6413200e+01   1.0000000e+00
   2.4300000e+02  -5.4428200e+00  -1.1918500e+01   1.0000000e+00
   2.4400000e+02  -1.6019000e+01  -1.1926500e+01   1.0000000e+00
   2.4500000e+02   1.4428700e+00   7.9858700e+00   1.0000000e+00
   2.4600000e+02   6.2994900e+00   9.7789100e-01  -1.0000000e+00
   2.4700000e+02  -1.1873900e+01  -1.1782600e+00   1.0000000e+00
   2.4800000e+02  -1.2812600e+01  -6.6206100e+00   1.0000000e+00
   2.4900000e+02   6.3489300e+00   3.0760300e+00  -1.0000000e+00
   2.5000000e+02  -1.4100500e+01   5.9053300e+00   1.0000000e+00
   2.5100000e+02  -1.1059500e+01   7.7731400e+00   1.0000000e+00
   2.5200000e+02   9.7789200e+00  -3.1951900e+00  -1.0000000e+00
   2.5300000e+02   9.4372400e+00  -1.7725900e+01  -1.0000000e+00
   2.5400000e+02  -7.8945000e+00   6.0386100e+00   1.0000000e+00
   2.5500000e+02   8.1485300e+00   4.0672200e+00  -1.0000000e+00
   2.5600000e+02  -9.7191100e+00  -4.7566900e+00   1.0000000e+00
   2.5700000e+02  -8.5683300e+00  -1.0153100e+01   1.0000000e+00
   2.5800000e+02  -1.3787700e+01  -1.2125100e+01   1.0000000e+00
   2.5900000e+02   1.1796100e+01   1.2353500e+01  -1.0000000e+00
   2.6000000e+02   1.1488100e+01  -1.0519900e+01  -1.0000000e+00
   2.6100000e+02  -1.5893200e+01  -8.4804100e+00   1.0000000e+00
   2.6200000e+02   8.1829000e+00   8.1815000e+00  -1.0000000e+00
   2.6300000e+02  -1.5052400e+00  -1.0250200e+00   1.0000000e+00
   2.6400000e+02  -1.5967400e+01  -4.9009800e+00   1.0000000e+00
   2.6500000e+02  -1.7083300e+01  -3.1295600e+00   1.0000000e+00
   2.6600000e+02  -2.2734500e+00  -1.3641000e+01   1.0000000e+00
   2.6700000e+02  -5.7287600e+00   2.5263000e+00   1.0000000e+00
   2.6800000e+02  -6.8909100e+00   7.8682000e+00   1.0000000e+00
   2.6900000e+02  -2.5049700e+00  -2.8309300e+00   1.0000000e+00
   2.7000000e+02  -7.9783700e+00   9.6531500e+00   1.0000000e+00
   2.7100000e+02   2.3236400e-01   1.6998100e+01   1.0000000e+00
   2.7200000e+02   1.3313000e+01  -9.5037100e+00  -1.0000000e+00
   2.7300000e+02  -1.2122100e+01   9.5323400e+00   1.0000000e+00
   2.7400000e+02  -1.5188400e+01   7.6827700e+00   1.0000000e+00
   2.7500000e+02  -4.1409400e+00  -1.7333200e+01   1.0000000e+00
   2.7600000e+02   1.5396300e+01   1.0264400e+01  -1.0000000e+00
   2.7700000e+02   1.7182200e+01   2.9344000e+00  -1.0000000e+00
   2.7800000e+02  -4.4937900e+00  -6.4596500e+00   1.0000000e+00
   2.7900000e+02  -1.0976900e+01   4.1774800e+00   1.0000000e+00
   2.8000000e+02   8.2273500e+00   1.0253500e+01  -1.0000000e+00
   2.8100000e+02  -4.9871300e+00   1.5129700e+01   1.0000000e+00
   2.8200000e+02  -6.0172600e+00   1.6939900e+01   1.0000000e+00
   2.8300000e+02  -1.5445600e+01   1.1139700e+01   1.0000000e+00
   2.8400000e+02   4.5460400e+00   2.0675900e+00  -1.0000000e+00
   2.8500000e+02  -2.4406100e+00  -6.4272900e+00   1.0000000e+00
   2.8600000e+02  -5.9713300e+00   1.3282000e+01   1.0000000e+00
   2.8700000e+02   1.1450200e+01  -1.2576900e+01  -1.0000000e+00
   2.8800000e+02   7.9860100e+00  -4.1929900e+00  -1.0000000e+00
   2.8900000e+02  -4.3553900e+00  -1.3685700e+01   1.0000000e+00
   2.9000000e+02  -1.1822700e+01  -4.7958200e+00   1.0000000e+00
   2.9100000e+02   3.4965800e-01   9.7878800e+00   1.0000000e+00
   2.9200000e+02  -2.8183900e+00   1.1518200e+01   1.0000000e+00
   2.9300000e+02   1.1635100e+01  -2.2227500e+00  -1.0000000e+00
   2.9400000e+02  -1.5074000e+01   5.0257600e-01   1.0000000e+00
   2.9500000e+02   1.0029800e+01   1.1275300e+01  -1.0000000e+00
   2.9600000e+02   6.2399800e+00  -1.0713200e+00  -1.0000000e+00
   2.9700000e+02   1.3451700e+01  -1.1916900e+00  -1.0000000e+00
   2.9800000e+02  -3.8119900e+00   9.7167800e+00   1.0000000e+00
   2.9900000e+02   1.5140100e+01  -8.5532100e+00  -1.0000000e+00
