   0.0000000e+00  -5.5364700e+00   9.4642800e+00   1.0000000e+00
   1.0000000e+00  -4.4383800e+00  -6.1348700e+00  -1.0000000e+00
   2.0000000e+00   1.1993000e+01  -1.4547300e+01  -1.0000000e+00
   3.0000000e+00   7.1375000e+00  -6.3652000e+00  -1.0000000e+00
   4.0000000e+00   1.6932900e+01   5.4078100e+00  -1.0000000e+00
   5.0000000e+00   5.0980500e+00  -6.0270700e+00  -1.0000000e+00
   6.0000000e+00   1.9755100e+00   2.0426100e+00  -1.0000000e+00
   7.0000000e+00   7.7503200e+00  -2.8143200e+00  -1.0000000e+00
   8.0000000e+00  -1.4819100e+01   3.5696500e-01   1.0000000e+00
   9.0000000e+00  -7.5748500e+00   2.2422200e+00   1.0000000e+00
   1.0000000e+01   1.0578200e+01   1.2846400e+01   1.0000000e+00
   1.1000000e+01  -1.9577200e+00   1.1535700e+01   1.0000000e+00
   1.2000000e+01  -1.0176500e-01   6.2314300e+00   1.0000000e+00
   1.3000000e+01  -4.3523000e+00  -1.1684100e+01  -1.0000000e+00
   1.4000000e+01   7.0392700e+00   8.6550000e+00   1.0000000e+00
   1.5000000e+01  -9.4438500e+00  -7.9476900e-01   1.0000000e+00
   1.6000000e+01  -1.6897200e+01  -4.8657400e+00   1.0000000e+00
   1.7000000e+01   1.7708500e+00  -1.2766500e+01  -1.0000000e+00
   1.8000000e+01  -1.5975600e+00  -1.3959200e+01  -1.0000000e+00
   1.9000000e+01   1.0512900e+01  -5.1136000e+00  -1.0000000e+00
   2.0000000e+01  -3.7337500e+00   8.3937600e+00   1.0000000e+00
   2.1000000e+01  -1.5054500e+01  -7.9751800e+00   1.0000000e+00
   2.2000000e+01  -1.4956700e+01  -1.0145200e+01  -1.0000000e+00
   2.3000000e+01   1.0658600e+01  -1.6212300e+01  -1.0000000e+00
   2.4000000e+01   8.6695600e+00   1.6049800e+01   1.0000000e+00
   2.5000000e+01   1.4245000e+01   8.5299200e+00  -1.0000000e+00
   2.6000000e+01  -7.6062300e+00  -3.9769200e+00   1.0000000e+00
   2.7000000e+01  -1.9543600e+00   1.3741000e+01   1.0000000e+00
   2.8000000e+01  -6.3042200e+00  -1.6773100e+01  -1.0000000e+00
   2.9000000e+01   1.3929000e+01  -9.3617400e+00  -1.0000000e+00
   3.0000000e+01  -3.7648500e+00  -2.5903100e+00  -1.0000000e+00
   3.1000000e+01   7.0168700e+00   1.0715000e+01   1.0000000e+00
   3.2000000e+01  -4.9753300e+00  -1.5206300e+01  -1.0000000e+00
   3.3000000e+01   5.1653800e+00   1.1621400e+01   1.0000000e+00
   3.4000000e+01   3.7398900e+00  -7.6128200e+00  -1.0000000e+00
   3.5000000e+01  -2.9958200e+00  -1.0050300e+01  -1.0000000e+00
   3.6000000e+01   1.5868600e+01   1.2258200e+00  -1.0000000e+00
   3.7000000e+01   7.8216200e+00  -8.3078900e+00  -1.0000000e+00
   3.8000000e+01   5.1986400e+00   7.4511000e+00   1.0000000e+00
   3.9000000e+01   1.2422500e+01   7.5461700e+00  -1.0000000e+00
   4.0000000e+01  -1.9630000e+00   7.2587100e+00   1.0000000e+00
   4.1000000e+01  -9.2081100e+00   7.4534900e+00   1.0000000e+00
   4.2000000e+01   1.2493700e+01   1.1710400e+01   1.0000000e+00
   4.3000000e+01  -3.7050200e+00  -8.1237900e+00  -1.0000000e+00
   4.4000000e+01   1.1389700e+00  -1.6297900e+01  -1.0000000e+00
   4.5000000e+01  -1.4457000e+01   1.2784100e+01   1.0000000e+00
   4.6000000e+01   6.8792400e+00   1.2771900e+01   1.0000000e+00
   4.7000000e+01   9.0011500e+00   4.4555500e+00  -1.0000000e+00
   4.8000000e+01   4.0757500e+00   1.5327000e+00  -1.0000000e+00
   4.9000000e+01   1.7416700e+01  -8.0997900e+00  -1.0000000e+00
   5.0000000e+01  -1.1225100e+01  -1.4861700e+01  -1.0000000e+00
   5.1000000e+01   5.7213800e+00  -2.4810600e+00  -1.0000000e+00
   5.2000000e+01  -1.3245700e+01  -8.9721200e+00  -1.0000000e+00
   5.3000000e+01   5.1145600e+00   1.3820200e+01   1.0000000e+00
   5.4000000e+01  -4.2461200e+00  -1.6253200e-01   1.0000000e+00
   5.5000000e+01  -1.4952100e+01  -1.7201100e+00   1.0000000e+00
   5.6000000e+01   7.0262200e+00  -8.8382900e-01  -1.0000000e+00
   5.7000000e+01   9.0260700e-01   2.5969800e-01  -1.0000000e+00
   5.8000000e+01   1.4615300e+01  -5.8590600e+00  -1.0000000e+00
   5.9000000e+01   3.3978900e+00   1.2676700e+01   1.0000000e+00
   6.0000000e+01   1.6595700e+01   3.1469800e+00  -1.0000000e+00
   6.1000000e+01   6.2925100e+00   1.0557300e+00  -1.0000000e+00
   6.2000000e+01   9.1019300e+00  -1.2538800e+00  -1.0000000e+00
   6.3000000e+01   1.4284700e+01   1.2776800e+01   1.0000000e+00
   6.4000000e+01   8.3819900e+00   6.7985400e-01  -1.0000000e+00
   6.5000000e+01   8.6692000e+00   1.3856700e+01   1.0000000e+00
   6.6000000e+01  -9.1702400e+00  -1.4516900e+01  -1.0000000e+00
   6.7000000e+01   9.9453600e+00  -1.4143100e+01  -1.0000000e+00
   6.8000000e+01   9.2696200e+00  -1.2196600e+01  -1.0000000e+00
   6.9000000e+01   1.6795100e+01  -6.1305400e+00  -1.0000000e+00
   7.0000000e+01  -9.0539600e+00   1.3706200e+01   1.0000000e+00
   7.1000000e+01   5.2057000e+00   9.5632500e+00   1.0000000e+00
   7.2000000e+01   7.8964200e+00  -1.3813000e+01  -1.0000000e+00
   7.3000000e+01   1.5244800e+01  -2.3235200e+00  -1.0000000e+00
   7.4000000e+01   1.5318600e+01  -7.7885100e+00  -1.0000000e+00
   7.5000000e+01  -7.2829100e+00   1.2667700e+01   1.0000000e+00
   7.6000000e+01  -1.1220100e+01   2.8563800e-01   1.0000000e+00
   7.7000000e+01   1.5994800e+00   7.4047900e+00   1.0000000e+00
   7.8000000e+01   4.9622300e+00  -5.1793000e-01  -1.0000000e+00
   7.9000000e+01  -1.9950200e+00   9.9955700e-01   1.0000000e+00
   8.0000000e+01  -1.0473300e+00  -4.9615000e+00  -1.0000000e+00
   8.1000000e+01   3.0519100e+00  -5.6633200e+00  -1.0000000e+00
   8.2000000e+01  -5.5151300e+00   1.1637300e+01   1.0000000e+00
   8.3000000e+01  -5.5295200e+00   1.5851000e+01   1.0000000e+00
   8.4000000e+01   8.8120700e+00   1.1781300e+01   1.0000000e+00
   8.5000000e+01  -5.3057300e+00  -4.0405800e+00  -1.0000000e+00
   8.6000000e+01  -1.1382700e+01  -3.8403100e+00   1.0000000e+00
   8.7000000e+01  -5.6455000e+00  -1.7794100e+00   1.0000000e+00
   8.8000000e+01   1.7301400e+01  -2.6938400e+00  -1.0000000e+00
   8.9000000e+01   3.3413600e+00   1.7041300e+01   1.0000000e+00
   9.0000000e+01   1.8674600e+01  -9.7297600e-01  -1.0000000e+00
   9.1000000e+01   1.0022600e+00  -5.3266900e+00  -1.0000000e+00
   9.2000000e+01  -7.6192100e+00   1.7271700e-01   1.0000000e+00
   9.3000000e+01  -1.6895800e+01  -7.0165000e+00   1.0000000e+00
   9.4000000e+01  -1.3941500e-01   1.4807700e+01   1.0000000e+00
   9.5000000e+01  -6.4012500e+00  -1.1297900e+01  -1.0000000e+00
   9.6000000e+01   7.0478100e+00   6.5581000e+00   1.0000000e+00
   9.7000000e+01  -1.9039400e+00   5.1463800e+00   1.0000000e+00
   9.8000000e+01  -7.8442400e+00  -1.2940600e+01  -1.0000000e+00
   9.9000000e+01   1.4897000e+01   4.4797700e+00  -1.0000000e+00
   1.0000000e+02   1.0391700e+01   6.1386700e+00  -1.0000000e+00
   1.0100000e+02   9.8340200e+00  -3.1779700e+00  -1.0000000e+00
   1.0200000e+02   1.6637900e+01  -7.2242000e-01  -1.0000000e+00
   1.0300000e+02   1.2335800e+01   5.4622600e+00  -1.0000000e+00
   1.0400000e+02  -1.6591500e+01   1.4569000e+00   1.0000000e+00
   1.0500000e+02  -1.5054000e+01  -5.8858900e+00   1.0000000e+00
   1.0600000e+02   1.3257600e+01  -7.4231900e+00  -1.0000000e+00
   1.0700000e+02  -9.2571400e+00   5.4029400e+00   1.0000000e+00
   1.0800000e+02  -3.7306300e+00   1.6949100e+01   1.0000000e+00
   1.0900000e+02  -1.3154200e+01  -2.7508300e+00   1.0000000e+00
   1.1000000e+02  -1.4705000e+01   4.5019700e+00   1.0000000e+00
   1.1100000e+02   2.3097200e+00  -3.7403300e+00  -1.0000000e+00
   1.1200000e+02  -8.4475600e+00  -1.0979400e+01  -1.0000000e+00
   1.1300000e+02  -9.6065200e-01  -1.0429200e+01  -1.0000000e+00
   1.1400000e+02  -1.6512100e+01   3.5211800e+00   1.0000000e+00
   1.1500000e+02   3.2890500e+00   3.6433600e+00  -1.0000000e+00
   1.1600000e+02  -2.9572200e+00  -1.5574800e+01  -1.0000000e+00
   1.1700000e+02  -7.4888000e+00   4.3092400e+00   1.0000000e+00
   1.1800000e+02   6.4851600e+00  -9.9173200e+00  -1.0000000e+00
   1.1900000e+02  -1.6565900e+00  -8.4818600e+00  -1.0000000e+00
   1.2000000e+02  -1.6353200e+01   9.7104100e+00   1.0000000e+00
   1.2100000e+02   1.7939800e+01   1.2856500e+00  -1.0000000e+00
   1.2200000e+02  -7.2723500e+00   1.6990400e+01   1.0000000e+00
   1.2300000e+02   1.8611800e+01   3.4918500e+00  -1.0000000e+00
   1.2400000e+02   3.8129600e+00  -1.3107800e+01  -1.0000000e+00
   1.2500000e+02  -9.1493900e+00  -9.0511900e+00  -1.0000000e+00
   1.2600000e+02  -9.7955900e+00  -7.0693400e+00  -1.0000000e+00
   1.2700000e+02   7.6389300e+00   2.6002300e+00  -1.0000000e+00
   1.2800000e+02  -9.3867500e+00   1.2712200e+00   1.0000000e+00
   1.2900000e+02   1.0610200e+01   1.0768200e+01   1.0000000e+00
   1.3000000e+02  -2.1383900e+00  -1.7561100e+01  -1.0000000e+00
   1.3100000e+02   1.0584500e+01   8.6276100e+00  -1.0000000e+00
   1.3200000e+02  -5.6164300e+00   5.2990800e+00   1.0000000e+00
   1.3300000e+02  -2.2368800e-01   1.6961000e+01   1.0000000e+00
   1.3400000e+02   1.1903500e+01  -8.9930400e+00  -1.0000000e+00
   1.3500000e+02   1.2392400e+01   9.6260000e+00  -1.0000000e+00
   1.3600000e+02   5.1625200e+00  -1.1523600e+01  -1.0000000e+00
   1.3700000e+02  -1.9474300e+00   1.5816400e+01   1.0000000e+00
   1.3800000e+02   1.6091500e+01   7.3309400e+00  -1.0000000e+00
   1.3900000e+02  -1.4549600e+01   1.0709300e+01   1.0000000e+00
   1.4000000e+02   6.4174100e+00  -4.4235700e+00  -1.0000000e+00
   1.4100000e+02  -6.4715900e+00  -5.7706000e+00  -1.0000000e+00
   1.4200000e+02  -3.3519600e-01  -6.8903800e+00  -1.0000000e+00
   1.4300000e+02  -1.3000300e+01   1.3475200e+00   1.0000000e+00
   1.4400000e+02  -9.8952900e-02   4.1100400e+00   1.0000000e+00
   1.4500000e+02   1.0409000e+01   3.4280200e-01  -1.0000000e+00
   1.4600000e+02   1.2435800e+01   1.3769000e+01   1.0000000e+00
   1.4700000e+02  -1.3053800e+01  -7.1297000e-01   1.0000000e+00
   1.4800000e+02   7.2019700e+00  -1.1841900e+01  -1.0000000e+00
   1.4900000e+02   5.5390500e+00   2.9658400e+00  -1.0000000e+00
   1.5000000e+02  -1.6761300e+01   5.5752600e+00   1.0000000e+00
   1.5100000e+02   1.4558600e+01  -3.5303200e-01  -1.0000000e+00
   1.5200000e+02   1.1211400e+01  -7.0535900e+00  -1.0000000e+00
   1.5300000e+02   5.0450000e+00   1.5893600e+01   1.0000000e+00
   1.5400000e+02   1.2470100e+01   5.4002300e-04  -1.0000000e+00
   1.5500000e+02   6.8707500e+00   1.4901000e+01   1.0000000e+00
   1.5600000e+02  -1.9712300e+00   9.4565600e+00   1.0000000e+00
   1.5700000e+02  -3.7731600e+00   4.1049600e+00   1.0000000e+00
   1.5800000e+02   1.2554900e+01  -5.4806900e+00  -1.0000000e+00
   1.5900000e+02   3.6872800e+00  -2.1273300e+00  -1.0000000e+00
   1.6000000e+02   2.9325200e+00  -1.8546800e-01  -1.0000000e+00
   1.6100000e+02  -1.1499700e+01  -5.9133600e+00   1.0000000e+00
   1.6200000e+02  -1.4642300e+01   6.5747400e+00   1.0000000e+00
   1.6300000e+02   3.1097000e+00  -1.1175500e+01  -1.0000000e+00
   1.6400000e+02   1.7009300e+00  -7.2686300e+00  -1.0000000e+00
   1.6500000e+02  -1.2695200e+01   1.1722900e+01   1.0000000e+00
   1.6600000e+02   1.3827400e+01   1.6243700e+00  -1.0000000e+00
   1.6700000e+02  -7.7054000e+00  -1.8879400e+00   1.0000000e+00
   1.6800000e+02  -9.8663500e+00  -1.2531100e+01  -1.0000000e+00
   1.6900000e+02  -5.7470600e+00  -7.7374700e+00  -1.0000000e+00
   1.7000000e+02  -1.9176500e-01   1.0496700e+01   1.0000000e+00
   1.7100000e+02   1.7168100e+00   5.1415300e+00   1.0000000e+00
   1.7200000e+02  -1.1142400e+01   4.3848200e+00   1.0000000e+00
   1.7300000e+02  -1.0825000e+01   1.4821400e+01   1.0000000e+00
   1.7400000e+02  -7.7694400e+00  -7.3802400e+00  -1.0000000e+00
   1.7500000e+02   5.7921900e+00  -7.9651900e+00  -1.0000000e+00
   1.7600000e+02  -1.2586900e+01  -1.0965100e+01  -1.0000000e+00
   1.7700000e+02   3.3922500e+00   6.3888200e+00   1.0000000e+00
   1.7800000e+02   5.8694500e+00  -1.3471900e+01  -1.0000000e+00
   1.7900000e+02  -2.6831100e-01  -1.2391700e+01  -1.0000000e+00
   1.8000000e+02  -1.0905800e+01   1.0648000e+01   1.0000000e+00
   1.8100000e+02   1.0520500e+01   1.5060300e+01   1.0000000e+00
   1.8200000e+02  -1.2615600e+01   1.3798800e+01   1.0000000e+00
   1.8300000e+02   1.0993600e+01   3.8944000e+00  -1.0000000e+00
   1.8400000e+02   1.3899300e+01  -3.8942100e+00  -1.0000000e+00
   1.8500000e+02   3.2997600e+00   1.4800400e+01   1.0000000e+00
   1.8600000e+02  -3.7044400e+00   1.2628500e+01   1.0000000e+00
   1.8700000e+02   6.7936200e+00   1.6986700e+01   1.0000000e+00
   1.8800000e+02  -8.9915400e-01  -1.5917400e+01  -1.0000000e+00
   1.8900000e+02  -7.4419200e+00   6.3875700e+00   1.0000000e+00
   1.9000000e+02   1.3231200e+01  -1.9498600e+00  -1.0000000e+00
   1.9100000e+02  -9.0759000e+00   1.1659400e+01   1.0000000e+00
   1.9200000e+02  -1.7360600e+00  -2.9857200e+00  -1.0000000e+00
   1.9300000e+02  -1.0552300e+01  -1.0579100e+01  -1.0000000e+00
   1.9400000e+02   1.1865400e+01  -3.5362200e+00  -1.0000000e+00
   1.9500000e+02  -5.7481500e+00  -1.3250800e+01  -1.0000000e+00
   1.9600000e+02   9.6967800e+00   2.2800100e+00  -1.0000000e+00
   1.9700000e+02   1.6080400e+01   9.4779500e+00  -1.0000000e+00
   1.9800000e+02   1.1732700e+01   1.9255500e+00  -1.0000000e+00
   1.9900000e+02  -7.0694800e+00  -1.4843000e+01  -1.0000000e+00
   2.0000000e+02  -1.2896700e+01   5.4845800e+00   1.0000000e+00
   2.0100000e+02  -4.2798300e+00  -1.7146300e+01  -1.0000000e+00
   2.0200000e+02  -1.6728600e+01  -6.2906100e-01   1.0000000e+00
   2.0300000e+02  -1.3234200e+01  -4.8148200e+00   1.0000000e+00
   2.0400000e+02   1.4182400e+01   6.4238800e+00  -1.0000000e+00
   2.0500000e+02   8.8411900e+00   9.7262200e+00   1.0000000e+00
   2.0600000e+02  -1.4751700e+01   2.4239700e+00   1.0000000e+00
   2.0700000e+02   6.9042500e+00   4.5074600e+00  -1.0000000e+00
   2.0800000e+02  -3.7597900e+00   6.2534900e+00   1.0000000e+00
   2.0900000e+02  -1.0960200e+01   8.5260200e+00   1.0000000e+00
   2.1000000e+02  -9.5033900e+00  -2.9523000e+00   1.0000000e+00
   2.1100000e+02   4.4555400e+00  -9.5586400e+00  -1.0000000e+00
   2.1200000e+02   1.6053700e+00   9.4577400e+00   1.0000000e+00
   2.1300000e+02  -1.1032300e+01   6.4425500e+00   1.0000000e+00
   2.1400000e+02  -5.8110400e+00   1.1713600e+00   1.0000000e+00
   2.1500000e+02   1.1157600e+01  -1.5987700e+00  -1.0000000e+00
   2.1600000e+02   1.1304300e+01  -1.2562500e+01  -1.0000000e+00
   2.1700000e+02   8.5194000e+00  -1.0242000e+01  -1.0000000e+00
   2.1800000e+02   1.3071000e+01   3.5452800e+00  -1.0000000e+00
   2.1900000e+02   1.5919700e+00   1.5963300e+01   1.0000000e+00
   2.2000000e+02   3.8948400e-01  -8.8730800e+00  -1.0000000e+00
   2.2100000e+02   1.6526200e+00  -1.7977000e+00  -1.0000000e+00
   2.2200000e+02  -7.3783700e+00   8.5045800e+00   1.0000000e+00
   2.2300000e+02  -1.3280900e+01  -6.9243900e+00   1.0000000e+00
   2.2400000e+02  -1.1247500e+01  -1.7899500e+00   1.0000000e+00
   2.2500000e+02  -1.2785400e+01   7.5589100e+00   1.0000000e+00
   2.2600000e+02   9.8604300e+00  -8.6554700e+00  -1.0000000e+00
   2.2700000e+02   1.2624200e+01  -1.0960100e+01  -1.0000000e+00
   2.2800000e+02  -2.3801300e+00  -1.0348300e+00  -1.0000000e+00
   2.2900000e+02   3.4134400e+00   8.4518000e+00   1.0000000e+00
   2.3000000e+02   1.3348900e+01  -1.2904500e+01  -1.0000000e+00
   2.3100000e+02  -1.0869200e+01   1.2705500e+01   1.0000000e+00
   2.3200000e+02  -8.3963100e+00  -1.6444900e+01  -1.0000000e+00
   2.3300000e+02   4.5438400e+00  -1.5117400e+01  -1.0000000e+00
   2.3400000e+02   3.1645800e+00  -1.6679000e+01  -1.0000000e+00
   2.3500000e+02  -1.5024800e+01  -3.7968400e+00   1.0000000e+00
   2.3600000e+02  -7.1111500e+00  -9.3245800e+00  -1.0000000e+00
   2.3700000e+02   7.3395100e+00  -1.7432600e+01  -1.0000000e+00
   2.3800000e+02  -1.2737300e+01   9.6053000e+00   1.0000000e+00
   2.3900000e+02  -1.0657800e+01   1.7102800e+01   1.0000000e+00
   2.4000000e+02  -5.6544700e+00   3.2366400e+00   1.0000000e+00
   2.4100000e+02  -1.2959200e+01   3.4129600e+00   1.0000000e+00
   2.4200000e+02  -1.0850700e-01  -1.7969800e+01  -1.0000000e+00
   2.4300000e+02  -2.0657200e-01   1.2654200e+01   1.0000000e+00
   2.4400000e+02   8.8554300e+00   7.5231400e+00  -1.0000000e+00
   2.4500000e+02   2.4855000e+00  -1.4737900e+01  -1.0000000e+00
   2.4600000e+02  -1.8642500e+01  -3.7136500e+00   1.0000000e+00
   2.4700000e+02   4.9117100e+00   4.9985000e+00   1.0000000e+00
   2.4800000e+02  -1.1151800e+01   2.3325800e+00   1.0000000e+00
   2.4900000e+02  -7.2927200e+00   1.0574100e+01   1.0000000e+00
   2.5000000e+02   5.2449500e+00  -1.7100700e+01  -1.0000000e+00
   2.5100000e+02  -1.6789800e+01  -2.6965400e+00   1.0000000e+00
   2.5200000e+02   4.3860200e+00  -4.0808200e+00  -1.0000000e+00
   2.5300000e+02  -1.2140100e+01  -1.2995700e+01  -1.0000000e+00
   2.5400000e+02   9.1798600e+00  -6.6946100e+00  -1.0000000e+00
   2.5500000e+02  -2.4134700e+00  -6.5054200e+00  -1.0000000e+00
   2.5600000e+02   2.4257700e+00  -9.2033400e+00  -1.0000000e+00
   2.5700000e+02  -3.7625100e+00   1.0508500e+01   1.0000000e+00
   2.5800000e+02  -2.3097900e+00  -1.2015600e+01  -1.0000000e+00
   2.5900000e+02   1.4705100e+01  -1.1305600e+01  -1.0000000e+00
   2.6000000e+02  -1.4464500e+01   1.4850700e+01   1.0000000e+00
   2.6100000e+02  -5.0510000e+00  -9.7435000e+00  -1.0000000e+00
   2.6200000e+02   2.8809400e-01  -3.3507400e+00  -1.0000000e+00
   2.6300000e+02   1.6091300e+01  -9.7802800e+00  -1.0000000e+00
   2.6400000e+02  -3.8950200e+00   1.9627100e+00   1.0000000e+00
   2.6500000e+02  -1.8379100e+01   2.5808700e+00   1.0000000e+00
   2.6600000e+02  -1.4228900e+01  -1.2207800e+01  -1.0000000e+00
   2.6700000e+02   1.6067700e+01   1.1532600e+01  -1.0000000e+00
   2.6800000e+02  -5.5235700e+00   7.3763600e+00   1.0000000e+00
   2.6900000e+02   3.4061200e+00   1.0561600e+01   1.0000000e+00
   2.7000000e+02  -1.6783500e+01  -9.1462200e+00   1.0000000e+00
   2.7100000e+02  -7.2607000e+00   1.4740400e+01   1.0000000e+00
   2.7200000e+02  -3.6539800e+00  -1.3616100e+01  -1.0000000e+00
   2.7300000e+02   1.4231300e+01   1.0604200e+01  -1.0000000e+00
   2.7400000e+02  -1.8552500e-01   2.0495400e+00   1.0000000e+00
   2.7500000e+02  -3.7419100e+00   1.4832500e+01   1.0000000e+00
   2.7600000e+02  -3.1031200e+00  -4.5486600e+00  -1.0000000e+00
   2.7700000e+02  -5.4696500e+00   1.3703800e+01   1.0000000e+00
   2.7800000e+02   6.5675900e+00  -1.5432200e+01  -1.0000000e+00
   2.7900000e+02  -3.6545300e-01  -1.3658600e+00  -1.0000000e+00
   2.8000000e+02  -2.0618800e-01   8.4080900e+00   1.0000000e+00
   2.8100000e+02   8.4425200e+00  -4.7565200e+00  -1.0000000e+00
   2.8200000e+02   1.4049100e+01  -1.4881000e+01  -1.0000000e+00
   2.8300000e+02   8.5995400e+00  -1.5796800e+01  -1.0000000e+00
   2.8400000e+02  -1.8685800e+01  -1.6196900e+00   1.0000000e+00
   2.8500000e+02  -1.4575800e+01   8.6478300e+00   1.0000000e+00
   2.8600000e+02  -9.3442400e+00   3.3315100e+00   1.0000000e+00
   2.8700000e+02   1.0603400e+01  -1.0601800e+01  -1.0000000e+00
   2.8800000e+02  -9.0186100e+00   1.5819100e+01   1.0000000e+00
   2.8900000e+02   4.3081900e-01  -1.4343700e+01  -1.0000000e+00
   2.9000000e+02  -9.1495500e+00   9.5758600e+00   1.0000000e+00
   2.9100000e+02  -1.8482800e+01   4.8006600e-01   1.0000000e+00
   2.9200000e+02   1.5807200e+00   1.3665800e+01   1.0000000e+00
   2.9300000e+02   1.5944100e+01  -4.2521700e+00  -1.0000000e+00
   2.9400000e+02  -1.6442000e+01   7.6242000e+00   1.0000000e+00
   2.9500000e+02  -1.1222300e+01  -8.5472600e+00  -1.0000000e+00
   2.9600000e+02  -2.0010900e+00   3.0907600e+00   1.0000000e+00
   2.9700000e+02  -9.4131700e+00  -5.0447300e+00   1.0000000e+00
   2.9800000e+02   1.0795400e+00  -1.0831400e+01  -1.0000000e+00
   2.9900000e+02   1.5673900e+00   1.1584900e+01   1.0000000e+00
