   0.0000000e+00  -1.0324800e+01  -1.2017300e+01   1.0000000e+00
   1.0000000e+00   1.0622300e+01   7.1787700e+00  -1.0000000e+00
   2.0000000e+00   6.0369900e+00  -4.7454800e+00  -1.0000000e+00
   3.0000000e+00  -1.1093200e+01  -5.8210800e+00   1.0000000e+00
   4.0000000e+00   3.6395900e+00  -7.9949000e+00   1.0000000e+00
   5.0000000e+00   1.6851300e+01  -1.8869300e+00  -1.0000000e+00
   6.0000000e+00  -6.9203800e+00   1.4821300e+01  -1.0000000e+00
   7.0000000e+00   1.1588600e+01   3.1308800e+00  -1.0000000e+00
   8.0000000e+00   1.8214100e+01  -1.9542500e-01  -1.0000000e+00
   9.0000000e+00   1.3083100e+01   4.5451900e+00  -1.0000000e+00
   1.0000000e+01  -3.1197300e+00   1.1467000e+00  -1.0000000e+00
   1.1000000e+01  -3.1624000e+00  -1.1184900e+01   1.0000000e+00
   1.2000000e+01   3.8115900e+00  -3.9810400e+00  -1.0000000e+00
   1.3000000e+01   1.0129800e+01   9.2070800e+00  -1.0000000e+00
   1.4000000e+01   5.0612100e+00  -5.5141500e-01  -1.0000000e+00
   1.5000000e+01   1.4215700e+01  -9.1951900e+00  -1.0000000e+00
   1.6000000e+01   1.0198600e+01   1.6665100e+01  -1.0000000e+00
   1.7000000e+01   1.0140700e-01  -8.6738700e+00   1.0000000e+00
   1.8000000e+01   3.1607300e-02   1.1857200e+01  -1.0000000e+00
   1.9000000e+01   7.0728100e+00   1.3866300e+01  -1.0000000e+00
   2.0000000e+01  -1.4823200e+01   9.9134100e+00  -1.0000000e+00
   2.1000000e+01  -1.3398600e+00  -2.5486100e+00   1.0000000e+00
   2.2000000e+01  -1.0586900e+01  -9.9463900e+00   1.0000000e+00
   2.3000000e+01  -1.4648400e+01   1.3394200e+01  -1.0000000e+00
   2.4000000e+01  -1.6960400e+01  -4.4729400e+00   1.0000000e+00
   2.5000000e+01   1.8771500e+01  -5.4302100e+00  -1.0000000e+00
   2.6000000e+01   2.6246200e+00  -1.3436900e+01   1.0000000e+00
   2.7000000e+01  -1.3160900e+01   1.1932300e+00   1.0000000e+00
   2.8000000e+01  -4.8968500e+00   1.4421100e+01  -1.0000000e+00
   2.9000000e+01   6.6051400e+00   8.7628000e-01  -1.0000000e+00
   3.0000000e+01  -5.6148300e+00   1.6465900e+01  -1.0000000e+00
   3.1000000e+01  -5.8307100e-01  -4.4682300e+00   1.0000000e+00
   3.2000000e+01   5.4584600e+00  -2.5775000e+00  -1.0000000e+00
   3.3000000e+01   1.4889000e+01   5.5582400e+00  -1.0000000e+00
   3.4000000e+01  -1.1304100e+01  -3.7615600e+00   1.0000000e+00
   3.5000000e+01   3.1185400e+00   7.4642000e+00  -1.0000000e+00
   3.6000000e+01   1.1921400e+01  -1.2906000e+01   1.0000000e+00
   3.7000000e+01   7.9031500e+00   1.7277800e+01  -1.0000000e+00
   3.8000000e+01  -3.6110300e+00   3.1908400e+00  -1.0000000e+00
   3.9000000e+01   1.3274900e+01  -6.8399500e+00  -1.0000000e+00
   4.0000000e+01   1.6962300e+01   2.2258500e+00  -1.0000000e+00
   4.1000000e+01  -2.2515700e+00  -1.7421500e+01   1.0000000e+00
   4.2000000e+01  -7.7141800e+00   7.4036600e+00  -1.0000000e+00
   4.3000000e+01  -9.9390600e-01  -1.4010600e+01   1.0000000e+00
   4.4000000e+01  -1.7147100e+01  -2.4031000e+00   1.0000000e+00
   4.5000000e+01  -3.4110000e+00  -2.8147300e+00   1.0000000e+00
   4.6000000e+01   6.1630900e+00   1.0372100e+01  -1.0000000e+00
   4.7000000e+01   6.1080900e+00   2.9021300e+00  -1.0000000e+00
   4.8000000e+01   1.2824200e+01  -1.4774100e+01   1.0000000e+00
   4.9000000e+01   8.0970500e+00   2.2847600e+00  -1.0000000e+00
   5.0000000e+01  -9.8049800e+00   7.6409900e+00  -1.0000000e+00
   5.1000000e+01  -1.2519400e+01  -9.1151900e+00   1.0000000e+00
   5.2000000e+01  -1.2254700e+01  -1.1164900e+01   1.0000000e+00
   5.3000000e+01   5.6277600e+00   1.2371600e+01  -1.0000000e+00
   5.4000000e+01  -1.1758100e-01   4.8724000e+00  -1.0000000e+00
   5.5000000e+01   1.2946100e+01   1.3709600e+01  -1.0000000e+00
   5.6000000e+01  -1.4648400e+01  -6.1846700e+00   1.0000000e+00
   5.7000000e+01   1.5250300e+01  -7.3940000e+00  -1.0000000e+00
   5.8000000e+01  -7.8706000e+00   1.6675000e+01  -1.0000000e+00
   5.9000000e+01   8.7689700e+00  -1.0893300e+01   1.0000000e+00
   6.0000000e+01   2.0939600e+00  -9.3548900e+00   1.0000000e+00
   6.1000000e+01  -9.5989700e+00  -2.4715500e+00   1.0000000e+00
   6.2000000e+01   7.4561700e+00  -1.2483000e+01   1.0000000e+00
   6.3000000e+01   2.0461800e+00   1.1417700e+01  -1.0000000e+00
   6.4000000e+01  -2.4746700e-01  -6.5600900e+00   1.0000000e+00
   6.5000000e+01  -2.6781000e-01  -1.8123900e+01   1.0000000e+00
   6.6000000e+01  -1.6646200e+01   8.6900400e+00   1.0000000e+00
   6.7000000e+01  -1.1432700e+01   2.3840100e+00   1.0000000e+00
   6.8000000e+01   1.5787600e+00   6.0863200e+00  -1.0000000e+00
   6.9000000e+01  -1.0287900e+01   1.3114000e+01  -1.0000000e+00
   7.0000000e+01  -6.5403300e+00   9.1140500e+00  -1.0000000e+00
   7.1000000e+01  -1.3169900e+00   1.0315000e+01  -1.0000000e+00
   7.2000000e+01  -1.0696900e+01   9.5065200e+00  -1.0000000e+00
   7.3000000e+01   5.1622400e+00   6.9098200e+00  -1.0000000e+00
   7.4000000e+01  -1.1048400e+01   5.9679000e+00   1.0000000e+00
   7.5000000e+01   6.5853700e+00  -1.0576500e+01   1.0000000e+00
   7.6000000e+01  -1.2974500e+01  -4.9512500e+00   1.0000000e+00
   7.7000000e+01   1.1000200e+01  -1.1076900e+01  -1.0000000e+00
   7.8000000e+01  -1.5212700e+01   1.2629300e+00   1.0000000e+00
   7.9000000e+01   1.2676200e+01  -8.5716500e-01  -1.0000000e+00
   8.0000000e+01   1.6766100e+00  -7.2952800e+00   1.0000000e+00
   8.1000000e+01  -8.9693000e+00   5.7535900e+00  -1.0000000e+00
   8.2000000e+01  -4.8204700e+00  -1.2422100e+01   1.0000000e+00
   8.3000000e+01   1.0099000e+01  -9.2246800e+00  -1.0000000e+00
   8.4000000e+01   1.2100900e+01   1.1359300e+00  -1.0000000e+00
   8.5000000e+01  -1.3920600e+01   3.1020600e+00   1.0000000e+00
   8.6000000e+01  -2.0797100e+00   1.2216800e+01  -1.0000000e+00
   8.7000000e+01   3.5589200e+00   1.2887800e+01  -1.0000000e+00
   8.8000000e+01  -5.3618800e-01  -6.5560200e-01  -1.0000000e+00
   8.9000000e+01  -1.1126100e+01   1.4993800e+01  -1.0000000e+00
   9.0000000e+01  -1.6549000e+01  -8.6362000e+00   1.0000000e+00
   9.1000000e+01   1.2377500e+01   1.5869900e+01  -1.0000000e+00
   9.2000000e+01  -1.4425300e+01  -8.2765300e+00   1.0000000e+00
   9.3000000e+01   7.2031500e+00  -7.0466900e+00  -1.0000000e+00
   9.4000000e+01  -1.6380500e+01  -4.4815200e-01   1.0000000e+00
   9.5000000e+01  -1.5979200e+01   3.2226300e+00   1.0000000e+00
   9.6000000e+01  -5.4016500e+00   1.0856200e+01  -1.0000000e+00
   9.7000000e+01  -4.1172100e+00   1.2483600e+01  -1.0000000e+00
   9.8000000e+01  -1.0170900e+01   4.0814300e+00   1.0000000e+00
   9.9000000e+01  -1.4814500e+01   4.9952600e+00   1.0000000e+00
   1.0000000e+02   1.2158300e+01  -9.2999100e+00  -1.0000000e+00
   1.0100000e+02  -8.2193800e+00   1.2953700e+01  -1.0000000e+00
   1.0200000e+02  -7.8152100e+00  -1.3631900e+00   1.0000000e+00
   1.0300000e+02   1.4095100e+01  -1.2987000e+01  -1.0000000e+00
   1.0400000e+02   1.0672900e+01   1.4613800e+01  -1.0000000e+00
   1.0500000e+02   7.3181400e+00  -1.6332300e+01   1.0000000e+00
   1.0600000e+02  -6.6461800e-01  -1.6075500e+01   1.0000000e+00
   1.0700000e+02  -7.9170300e+00  -1.6959500e+01   1.0000000e+00
   1.0800000e+02   1.4158300e+01   5.7559800e-01  -1.0000000e+00
   1.0900000e+02  -8.1046300e+00  -1.4916500e+01   1.0000000e+00
   1.1000000e+02  -3.6086800e+00   6.9409500e+00  -1.0000000e+00
   1.1100000e+02   1.1190300e+01   1.2618300e+01  -1.0000000e+00
   1.1200000e+02  -1.4904400e+01  -4.1306000e+00   1.0000000e+00
   1.1300000e+02  -6.1827500e+00  -1.5792300e+01   1.0000000e+00
   1.1400000e+02  -2.3591500e+00  -5.4867900e+00   1.0000000e+00
   1.1500000e+02   3.3910400e+00  -1.9746200e+00  -1.0000000e+00
   1.1600000e+02  -1.6997400e+01   5.2191300e+00   1.0000000e+00
   1.1700000e+02  -7.2687800e+00  -7.5117100e+00   1.0000000e+00
   1.1800000e+02  -6.1765600e+00   1.2775900e+01  -1.0000000e+00
   1.1900000e+02  -5.6374600e+00  -6.2477100e+00   1.0000000e+00
   1.2000000e+02   2.8956400e+00   1.4834900e+01  -1.0000000e+00
   1.2100000e+02   1.3980800e+00   1.3420200e+01  -1.0000000e+00
   1.2200000e+02  -6.7580100e+00  -1.1604400e+01   1.0000000e+00
   1.2300000e+02  -2.6947600e+00   5.0917800e+00  -1.0000000e+00
   1.2400000e+02  -1.2769600e+01  -7.0282100e+00   1.0000000e+00
   1.2500000e+02  -1.6535300e+01   1.1101000e+01  -1.0000000e+00
   1.2600000e+02  -9.2663600e+00   9.0537900e-02   1.0000000e+00
   1.2700000e+02   7.0697800e+00  -1.1714100e+00  -1.0000000e+00
   1.2800000e+02   1.5141100e+01   1.2925400e+01  -1.0000000e+00
   1.2900000e+02   3.1037500e+00   1.0430000e-01  -1.0000000e+00
   1.3000000e+02  -1.3401800e+01  -8.5556400e-01   1.0000000e+00
   1.3100000e+02   1.0610300e+01  -2.9141500e-01  -1.0000000e+00
   1.3200000e+02   4.1444200e+00   3.4832400e+00  -1.0000000e+00
   1.3300000e+02  -1.8056800e+01   3.4398500e+00   1.0000000e+00
   1.3400000e+02   1.0762200e+01  -1.4666100e+01   1.0000000e+00
   1.3500000e+02   1.7250000e+01  -6.9355700e+00  -1.0000000e+00
   1.3600000e+02   1.2618100e+01   6.5683600e+00  -1.0000000e+00
   1.3700000e+02  -6.0294200e+00  -1.7921900e+01   1.0000000e+00
   1.3800000e+02  -2.8536500e+00   1.4153300e+01  -1.0000000e+00
   1.3900000e+02  -1.0054700e+01  -1.4091600e+01   1.0000000e+00
   1.4000000e+02   2.5748500e+00   2.0913600e+00  -1.0000000e+00
   1.4100000e+02  -4.2794700e+00  -1.6589500e+01   1.0000000e+00
   1.4200000e+02   2.7058500e+00   9.4676300e+00  -1.0000000e+00
   1.4300000e+02  -3.7318800e+00  -7.0583900e+00   1.0000000e+00
   1.4400000e+02  -8.6785500e+00  -1.0791200e+01   1.0000000e+00
   1.4500000e+02  -9.5011700e+00   1.1204800e+01  -1.0000000e+00
   1.4600000e+02  -1.2762900e+01   9.7364700e+00  -1.0000000e+00
   1.4700000e+02  -4.5453700e+00  -1.4537600e+01   1.0000000e+00
   1.4800000e+02  -9.9178100e+00  -1.6144700e+01   1.0000000e+00
   1.4900000e+02   8.5995800e+00   1.5278000e+01  -1.0000000e+00
   1.5000000e+02   1.1699900e+01   1.0615700e+01  -1.0000000e+00
   1.5100000e+02   4.3806000e+00   1.6289100e+01  -1.0000000e+00
   1.5200000e+02  -1.2399300e+01   1.3362500e+01  -1.0000000e+00
   1.5300000e+02   1.5237000e+01  -1.1023800e+01  -1.0000000e+00
   1.5400000e+02  -1.2240100e+01   4.2780100e+00   1.0000000e+00
   1.5500000e+02   1.3229300e+00  -5.2299900e+00   1.0000000e+00
   1.5600000e+02   1.0088500e+01   1.7178900e+00  -1.0000000e+00
   1.5700000e+02   1.2126300e+01   8.6053900e+00  -1.0000000e+00
   1.5800000e+02   1.3567800e+00  -1.6812700e+01   1.0000000e+00
   1.5900000e+02  -5.1015100e+00  -1.0371100e+01   1.0000000e+00
   1.6000000e+02   9.3775100e-01   8.3352400e-01  -1.0000000e+00
   1.6100000e+02   8.6086100e+00   2.8178100e-01  -1.0000000e+00
   1.6200000e+02   9.1164900e+00  -1.7078200e+00  -1.0000000e+00
   1.6300000e+02  -1.1532500e+01   1.1469800e+01  -1.0000000e+00
   1.6400000e+02  -1.3255800e+01   1.5231400e+01  -1.0000000e+00
   1.6500000e+02   1.6342300e+01  -9.1510000e+00  -1.0000000e+00
   1.6600000e+02   7.6512000e+00   1.1805400e+01  -1.0000000e+00
   1.6700000e+02   1.0157300e+00  -1.4772300e+01   1.0000000e+00
   1.6800000e+02   1.1284200e+01  -7.4446200e+00  -1.0000000e+00
   1.6900000e+02  -1.6751300e+01  -6.5850600e+00   1.0000000e+00
   1.7000000e+02   1.5637500e+01   1.0813000e+01  -1.0000000e+00
   1.7100000e+02   1.6183100e+01   2.2700300e-01  -1.0000000e+00
   1.7200000e+02   6.8815800e-01  -1.2745100e+01   1.0000000e+00
   1.7300000e+02   4.4255600e-01   2.8853800e+00  -1.0000000e+00
   1.7400000e+02  -8.6069400e+00   9.3250800e+00  -1.0000000e+00
   1.7500000e+02   5.1767300e+00  -1.8191200e+01   1.0000000e+00
   1.7600000e+02  -9.0445500e+00   1.4885700e+01  -1.0000000e+00
   1.7700000e+02   5.8573200e+00   1.7843300e+01  -1.0000000e+00
   1.7800000e+02  -1.0822300e+00   1.3970300e+00  -1.0000000e+00
   1.7900000e+02  -7.3493200e+00   1.8855900e+00   1.0000000e+00
   1.8000000e+02   4.6013100e+00  -1.4057400e+01   1.0000000e+00
   1.8100000e+02   4.6939600e+00   8.9334200e+00  -1.0000000e+00
   1.8200000e+02   2.9854400e+00  -1.5494300e+01   1.0000000e+00
   1.8300000e+02  -4.2886200e+00  -4.6875100e+00   1.0000000e+00
   1.8400000e+02   6.7526800e-01   9.8417300e+00  -1.0000000e+00
   1.8500000e+02   5.1877400e+00  -6.6376600e+00  -1.0000000e+00
   1.8600000e+02   1.6257300e+01   8.5803800e+00  -1.0000000e+00
   1.8700000e+02  -1.5083600e+01  -2.0742000e+00   1.0000000e+00
   1.8800000e+02  -3.3589100e+00   1.0554700e+01  -1.0000000e+00
   1.8900000e+02  -5.6557400e+00   7.1372300e+00  -1.0000000e+00
   1.9000000e+02  -7.4514000e+00   1.1026600e+01  -1.0000000e+00
   1.9100000e+02  -1.3973900e+01   8.0439300e+00   1.0000000e+00
   1.9200000e+02  -4.4928100e+00   8.8250800e+00  -1.0000000e+00
   1.9300000e+02   8.6967500e+00  -1.4527400e+01   1.0000000e+00
   1.9400000e+02  -1.3205200e+01  -2.9129500e+00   1.0000000e+00
   1.9500000e+02   3.2452400e+00  -5.9624500e+00   1.0000000e+00
   1.9600000e+02  -1.0866300e+01  -7.8671800e+00   1.0000000e+00
   1.9700000e+02   1.3614700e+01   2.5570400e+00  -1.0000000e+00
   1.9800000e+02  -6.0263600e+00   3.5579100e+00  -1.0000000e+00
   1.9900000e+02   1.6757700e+01   6.5458200e+00  -1.0000000e+00
   2.0000000e+02  -5.0894700e+00   1.7070900e+00  -1.0000000e+00
   2.0100000e+02  -7.5277600e+00  -5.4622500e+00   1.0000000e+00
   2.0200000e+02   9.2222500e+00  -7.3717700e+00  -1.0000000e+00
   2.0300000e+02   7.1236900e+00   6.3101500e+00  -1.0000000e+00
   2.0400000e+02   5.1989400e+00  -1.6031400e+01   1.0000000e+00
   2.0500000e+02   7.6354300e+00   4.3187200e+00  -1.0000000e+00
   2.0600000e+02   4.6210500e+00   1.4834800e+00  -1.0000000e+00
   2.0700000e+02  -2.9323300e+00  -1.3237500e+01   1.0000000e+00
   2.0800000e+02   9.6039800e+00   3.7117600e+00  -1.0000000e+00
   2.0900000e+02  -1.8541100e+01  -5.6656900e-01   1.0000000e+00
   2.1000000e+02  -7.0105800e+00  -9.5620800e+00   1.0000000e+00
   2.1100000e+02  -1.3596400e+01   1.1631700e+01  -1.0000000e+00
   2.1200000e+02  -9.4062500e+00  -4.5629000e+00   1.0000000e+00
   2.1300000e+02   1.5856000e+01  -5.4229400e+00  -1.0000000e+00
   2.1400000e+02   1.5308900e+01  -3.4303700e+00  -1.0000000e+00
   2.1500000e+02  -7.6798300e+00  -3.4111900e+00   1.0000000e+00
   2.1600000e+02  -3.5797800e+00   1.6118500e+01  -1.0000000e+00
   2.1700000e+02   7.9217900e+00  -8.9836000e+00  -1.0000000e+00
   2.1800000e+02   8.2639600e+00  -5.2531700e+00  -1.0000000e+00
   2.1900000e+02  -1.5007200e+00   1.5730900e+01  -1.0000000e+00
   2.2000000e+02  -8.3832700e+00  -1.2859400e+01   1.0000000e+00
   2.2100000e+02  -1.3650400e+01  -1.4408900e+01   1.0000000e+00
   2.2200000e+02   1.3439800e+01   1.1699900e+01  -1.0000000e+00
   2.2300000e+02   5.6411400e+00   4.8916700e+00  -1.0000000e+00
   2.2400000e+02   3.6708700e+00   5.4757400e+00  -1.0000000e+00
   2.2500000e+02  -1.5688100e+01   6.8508000e+00   1.0000000e+00
   2.2600000e+02  -6.4696200e+00  -1.3685000e+01   1.0000000e+00
   2.2700000e+02  -1.1297400e+01   3.1989400e-01   1.0000000e+00
   2.2800000e+02   6.4019700e-01   1.5366900e+01  -1.0000000e+00
   2.2900000e+02  -1.8229400e+00  -7.8738700e+00   1.0000000e+00
   2.3000000e+02   5.0257000e+00   1.4333200e+01  -1.0000000e+00
   2.3100000e+02   1.7231000e+01   4.5242200e+00  -1.0000000e+00
   2.3200000e+02   8.6548200e+00   7.7736200e+00  -1.0000000e+00
   2.3300000e+02  -6.3374000e+00   7.4281800e-02   1.0000000e+00
   2.3400000e+02   1.7327400e+01  -3.9380200e+00  -1.0000000e+00
   2.3500000e+02  -1.4050500e-01   1.7325100e+01  -1.0000000e+00
   2.3600000e+02  -4.6589600e+00  -1.1200900e+00   1.0000000e+00
   2.3700000e+02  -7.1097700e-01   1.3788600e+01  -1.0000000e+00
   2.3800000e+02  -1.1892900e+01   7.8302600e+00  -1.0000000e+00
   2.3900000e+02  -1.4170400e+01  -1.0325100e+01   1.0000000e+00
   2.4000000e+02   7.5795300e+00  -3.1975800e+00  -1.0000000e+00
   2.4100000e+02   9.7583200e+00  -1.2711800e+01   1.0000000e+00
   2.4200000e+02  -5.5814100e+00  -2.9872700e+00   1.0000000e+00
   2.4300000e+02  -1.1799300e+01  -1.5304600e+01   1.0000000e+00
   2.4400000e+02  -1.2054600e+00  -1.1955400e+01   1.0000000e+00
   2.4500000e+02  -2.2412100e+00   1.7682400e+01  -1.0000000e+00
   2.4600000e+02   1.5397500e+01   3.5695500e+00  -1.0000000e+00
   2.4700000e+02   2.1336800e+00   4.1067800e+00  -1.0000000e+00
   2.4800000e+02   4.2187400e-01   7.7939900e+00  -1.0000000e+00
   2.4900000e+02   1.1153000e+01  -2.3040700e+00  -1.0000000e+00
   2.5000000e+02   1.0322000e+01  -5.6372800e+00  -1.0000000e+00
   2.5100000e+02   9.1100400e+00   5.7520000e+00  -1.0000000e+00
   2.5200000e+02  -2.5746900e+00  -1.5323100e+01   1.0000000e+00
   2.5300000e+02   9.1182900e+00   1.3253800e+01  -1.0000000e+00
   2.5400000e+02   4.0751700e+00  -1.0027500e+01   1.0000000e+00
   2.5500000e+02  -1.7329700e+01   1.4506000e+00   1.0000000e+00
   2.5600000e+02  -1.4027700e+01  -1.2384200e+01   1.0000000e+00
   2.5700000e+02  -9.1746400e+00  -6.6930600e+00   1.0000000e+00
   2.5800000e+02   1.5015100e+01  -1.4863000e+01  -1.0000000e+00
   2.5900000e+02   9.3807100e+00  -1.6474100e+01   1.0000000e+00
   2.6000000e+02  -1.5885400e+01  -1.1465600e+01   1.0000000e+00
   2.6100000e+02  -1.1959500e+01  -1.3251900e+01   1.0000000e+00
   2.6200000e+02  -2.5815500e+00  -9.0470300e-01   1.0000000e+00
   2.6300000e+02   6.6465300e+00  -1.4390900e+01   1.0000000e+00
   2.6400000e+02  -8.9186500e+00  -8.7390700e+00   1.0000000e+00
   2.6500000e+02   8.1505900e+00   9.8006500e+00  -1.0000000e+00
   2.6600000e+02   1.3798600e+01  -4.8260900e+00  -1.0000000e+00
   2.6700000e+02   4.9149200e+00  -1.1936100e+01   1.0000000e+00
   2.6800000e+02   1.4585200e+00  -1.1519000e+00  -1.0000000e+00
   2.6900000e+02   9.6665600e+00   1.1213400e+01  -1.0000000e+00
   2.7000000e+02  -3.4618700e+00  -9.1327800e+00   1.0000000e+00
   2.7100000e+02  -6.8760300e+00   5.4704400e+00  -1.0000000e+00
   2.7200000e+02   2.4340400e+00  -1.1390000e+01   1.0000000e+00
   2.7300000e+02   1.3343500e+01  -2.8203400e+00  -1.0000000e+00
   2.7400000e+02  -1.2585800e+00   6.6036700e+00  -1.0000000e+00
   2.7500000e+02   3.0006600e+00  -1.8036700e+01   1.0000000e+00
   2.7600000e+02   6.4424900e+00   1.5814400e+01  -1.0000000e+00
   2.7700000e+02   1.1079800e+01   5.1706200e+00  -1.0000000e+00
   2.7800000e+02   4.1636800e+00   1.0922800e+01  -1.0000000e+00
   2.7900000e+02  -2.2026700e+00   8.4502900e+00  -1.0000000e+00
   2.8000000e+02   2.0883300e+00   1.6873400e+01  -1.0000000e+00
   2.8100000e+02   1.3067700e+01  -1.1139000e+01  -1.0000000e+00
   2.8200000e+02   5.6304800e+00  -8.6924000e+00   1.0000000e+00
   2.8300000e+02  -1.3109800e+01   6.1503400e+00   1.0000000e+00
   2.8400000e+02   1.3986100e+01   9.5742600e+00  -1.0000000e+00
   2.8500000e+02  -4.8139400e+00   5.2604800e+00  -1.0000000e+00
   2.8600000e+02  -8.1115200e+00   3.7979800e+00  -1.0000000e+00
   2.8700000e+02   6.6682200e+00   8.3571500e+00  -1.0000000e+00
   2.8800000e+02   9.6239700e+00  -3.6949300e+00  -1.0000000e+00
   2.8900000e+02   4.9760700e-01  -1.0697900e+01   1.0000000e+00
   2.9000000e+02  -5.3639900e+00  -8.3130700e+00   1.0000000e+00
   2.9100000e+02   3.6739100e+00   1.8247000e+01  -1.0000000e+00
   2.9200000e+02  -1.1515300e+01  -1.7143100e+00   1.0000000e+00
   2.9300000e+02  -1.5441400e+00  -9.9071400e+00   1.0000000e+00
   2.9400000e+02   1.4839100e+01  -1.3773100e+00  -1.0000000e+00
   2.9500000e+02   1.1113300e+00  -3.1866100e+00  -1.0000000e+00
   2.9600000e+02   1.4426700e+01   7.5677800e+00  -1.0000000e+00
   2.9700000e+02  -1.5481000e+00   3.3933100e+00  -1.0000000e+00
   2.9800000e+02   1.1836800e+01  -4.2367700e+00  -1.0000000e+00
   2.9900000e+02  -9.3798500e+00   2.1654500e+00   1.0000000e+00
