   0.0000000e+00  -2.0552600e+00  -1.7436100e+01   4.7677600e+01  -1.0000000e+00
   1.0000000e+00  -6.4615600e+00   1.2281500e+01   1.6109000e+01   1.0000000e+00
   2.0000000e+00  -6.8286400e+00   6.7568600e+00   1.5859600e+01   1.0000000e+00
   3.0000000e+00  -1.0858200e+01  -6.9054700e+00   4.6634700e+01   2.0000000e+00
   4.0000000e+00  -8.6794700e+00  -1.3835500e+01   4.7258400e+01  -2.0000000e+00
   5.0000000e+00   3.5377000e+00   9.6936500e+00   2.7053800e+01   0.0000000e+00
   6.0000000e+00   8.1268100e+00   6.7187700e+00   1.5852300e+01   1.0000000e+00
   7.0000000e+00   7.9441600e+00  -4.6114800e+00   4.8904900e+01   2.0000000e+00
   8.0000000e+00   1.1238400e+01   2.1999400e+00   3.3415600e+01  -3.0000000e+00
   9.0000000e+00   8.9968000e+00   1.0187500e+01   1.5783400e+01   1.0000000e+00
   1.0000000e+01  -1.3472900e+01   1.0271400e+01   1.5768200e+01  -2.0000000e+00
   1.1000000e+01  -7.7964300e+00  -9.7412400e+00   4.6756300e+01   2.0000000e+00
   1.2000000e+01  -7.9810400e+00  -2.2299000e+00   3.2421800e+01  -3.0000000e+00
   1.3000000e+01  -9.9522000e+00   1.1264800e+01   1.5588300e+01   1.0000000e+00
   1.4000000e+01  -1.8631000e+00  -7.8577500e+00   4.7997300e+01   2.0000000e+00
   1.5000000e+01   6.4256200e+00   1.2690800e+01   1.5788200e+01   1.0000000e+00
   1.6000000e+01   4.6680000e+00   5.7249600e+00   2.7599600e+01   0.0000000e+00
   1.7000000e+01   1.8213600e+01   4.1339100e+00   1.6046700e+01  -1.0000000e+00
   1.8000000e+01  -1.0679400e+01  -1.4430800e+01   3.5383800e+01  -2.0000000e+00
   1.9000000e+01   1.1434200e+01  -5.2905200e+00   4.8518800e+01   2.0000000e+00
   2.0000000e+01  -1.3511000e+01  -2.6757500e+00   3.2475900e+01  -2.0000000e+00
   2.1000000e+01   9.8906200e+00   1.3661500e+01   1.6537600e+01  -2.0000000e+00
   2.2000000e+01   2.3499700e+00   7.5497600e-01   1.5611200e+01   1.0000000e+00
   2.3000000e+01   1.5251700e+01   1.1897300e+00   2.7282300e+01  -3.0000000e+00
   2.4000000e+01  -2.4297800e+00   1.1322400e+01   1.5646600e+01   1.0000000e+00
   2.5000000e+01  -1.6838500e+01  -6.1607200e+00   7.7864700e+01  -1.0000000e+00
   2.6000000e+01   3.7208200e-01  -4.5243600e+00   2.3160900e+01  -3.0000000e+00
   2.7000000e+01   7.8087500e+00  -1.4161100e+01   4.7548900e+01   2.0000000e+00
   2.8000000e+01  -1.2870700e+01   8.2892000e+00   1.6083800e+01   1.0000000e+00
   2.9000000e+01  -1.4316800e+01   6.8080800e+00   1.5887600e+01  -2.0000000e+00
   3.0000000e+01  -7.7296400e+00   3.2471800e+00   1.6072300e+01   1.0000000e+00
   3.1000000e+01   1.6786600e+01   2.6242600e+00   2.2897700e+01  -2.0000000e+00
   3.2000000e+01  -5.3447000e+00  -7.1067900e+00   4.7196200e+01   2.0000000e+00
   3.3000000e+01  -1.6223900e+00  -1.5354100e+01   4.7770800e+01  -2.0000000e+00
   3.4000000e+01   6.6595600e+00  -1.0719700e+01   4.8497600e+01   2.0000000e+00
   3.5000000e+01  -1.1728200e+01   4.2934100e+00   1.5600700e+01   1.0000000e+00
   3.6000000e+01  -6.7008900e+00  -1.3197000e+01   4.7692200e+01   2.0000000e+00
   3.7000000e+01   1.6133200e+01   4.6799200e+00   1.5371700e+01  -2.0000000e+00
   3.8000000e+01  -1.0276000e+01   5.7448900e+00   1.5907200e+01   1.0000000e+00
   3.9000000e+01   1.5565700e+01  -3.9426200e+00   4.8024200e+01  -2.0000000e+00
   4.0000000e+01   1.5702000e+01  -1.1550300e+01   4.8174500e+01  -1.0000000e+00
   4.1000000e+01   1.1270300e+01  -1.4925400e+01   4.8122600e+01  -1.0000000e+00
   4.2000000e+01   1.4346100e+01  -6.5589900e-01   4.2084900e+01  -3.0000000e+00
   4.3000000e+01   1.7058000e+01   8.2488000e+00   1.7684400e+00  -1.0000000e+00
   4.4000000e+01   9.4952200e+00  -5.9739000e+00   4.8502000e+01   2.0000000e+00
   4.5000000e+01  -1.7803200e+01   5.7805900e+00   1.5584000e+01  -1.0000000e+00
   4.6000000e+01  -1.4908800e+01   8.7859300e+00   1.6177000e+01  -2.0000000e+00
   4.7000000e+01   1.8267500e+00   1.5837200e+01   2.8343200e+01  -2.0000000e+00
   4.8000000e+01   9.7630000e+00  -1.3493500e+01   4.7916100e+01  -2.0000000e+00
   4.9000000e+01   1.6561300e+00  -8.5938100e+00   4.8316100e+01   2.0000000e+00
   5.0000000e+01  -1.5594700e+01  -1.0715900e+01   5.6894000e+01  -1.0000000e+00
   5.1000000e+01   4.7000900e+00  -1.1379400e+01   4.8327400e+01   2.0000000e+00
   5.2000000e+01   6.2739100e+00  -1.2747900e+01   4.8413000e+01   2.0000000e+00
   5.3000000e+01   6.6350200e+00  -5.1186100e-01   3.1398700e+01  -3.0000000e+00
   5.4000000e+01  -2.7209400e+00  -1.1906900e+01   4.7535800e+01   2.0000000e+00
   5.5000000e+01  -1.5130600e+01  -8.6450000e+00   5.9703200e+01  -1.0000000e+00
   5.6000000e+01  -9.2934600e+00  -8.3301200e+00   4.6905200e+01   2.0000000e+00
   5.7000000e+01  -9.1317600e+00  -1.5844800e+01   4.7218900e+01  -1.0000000e+00
   5.8000000e+01  -4.5829200e+00  -1.2121900e+00   1.7787500e+01   1.0000000e+00
   5.9000000e+01   1.5040300e+01   8.6834200e+00   1.7056600e+01  -2.0000000e+00
   6.0000000e+01  -9.3760700e+00   9.2501700e+00   1.5059100e+01   1.0000000e+00
   6.1000000e+01  -5.8009700e+00  -9.1513700e+00   4.7316400e+01   2.0000000e+00
   6.2000000e+01   1.5101800e+01  -5.9925300e+00   4.7244200e+01  -2.0000000e+00
   6.3000000e+01  -1.0516400e+01   1.3277100e+01   2.8887000e+01  -2.0000000e+00
   6.4000000e+01   1.8438500e+01   1.3110000e+00   3.1525700e+01  -1.0000000e+00
   6.5000000e+01   1.1576400e+01   7.6971500e+00   1.5788500e+01   1.0000000e+00
   6.6000000e+01  -1.7255100e+01   3.7793300e+00   1.5527000e+01  -2.0000000e+00
   6.7000000e+01  -1.6177500e+01  -2.4106200e-01   1.5834900e+01  -2.0000000e+00
   6.8000000e+01  -7.9423400e+00   1.0721100e+01   1.5651300e+01   1.0000000e+00
   6.9000000e+01   1.1893800e+01   1.3161300e+01   1.6360500e+01  -2.0000000e+00
   7.0000000e+01  -1.2542900e+01   1.3769600e+01   1.6309900e+01  -1.0000000e+00
   7.1000000e+01   1.7120300e+01  -5.4661300e+00   6.2400500e+01  -1.0000000e+00
   7.2000000e+01   5.9853800e+00  -5.2706900e+00   4.8381400e+01   2.0000000e+00
   7.3000000e+01  -3.7042400e+00  -1.6018100e+01   3.6245600e+01  -2.0000000e+00
   7.4000000e+01   7.8756600e+00   1.4168500e+01   1.5976700e+01  -2.0000000e+00
   7.5000000e+01   1.4450400e+01   1.0683700e+01   4.9782200e+00  -2.0000000e+00
   7.6000000e+01   5.1196500e+00  -9.3188800e+00   4.7887800e+01   2.0000000e+00
   7.7000000e+01   1.7859000e+00   2.7433400e+00   1.5893400e+01   1.0000000e+00
   7.8000000e+01   1.2693400e+01   3.7089300e+00   1.5363400e+01   1.0000000e+00
   7.9000000e+01   1.2455700e+01   1.1157200e+01   1.6018600e+01  -2.0000000e+00
   8.0000000e+01   7.2253600e+00   3.2266400e+00   1.5897700e+01   1.0000000e+00
   8.1000000e+01  -1.3959700e+01   1.2294800e+01   1.5604100e+01  -2.0000000e+00
   8.2000000e+01  -2.0103100e+00  -3.8082900e+00   2.9363100e+00  -3.0000000e+00
   8.3000000e+01  -5.6866200e+00  -1.6791700e+01   4.7615600e+01  -1.0000000e+00
   8.4000000e+01  -1.4575600e+01   1.4252800e+01  -1.2955100e+01  -1.0000000e+00
   8.5000000e+01  -5.7266700e+00   2.7879200e+00   1.6142200e+01   1.0000000e+00
   8.6000000e+01  -1.3582700e+00   7.2660000e+00   1.5920600e+01   1.0000000e+00
   8.7000000e+01  -1.8292000e+01  -3.6729800e+00   5.8808700e+01  -1.0000000e+00
   8.8000000e+01   5.7693900e+00   1.7056500e+00   1.6873100e+01   1.0000000e+00
   8.9000000e+01  -4.1849900e+00   1.7290200e+01   1.7775700e+01  -1.0000000e+00
   9.0000000e+01   4.3515400e+00   1.9726000e-01   1.5309200e+01   1.0000000e+00
   9.1000000e+01   7.6324000e-01  -1.2673200e+01   4.7997700e+01   2.0000000e+00
   9.2000000e+01  -8.2567800e+00  -1.1781500e+01   4.7245200e+01   2.0000000e+00
   9.3000000e+01   1.2996000e+01  -6.6615300e+00   4.8936700e+01   2.0000000e+00
   9.4000000e+01  -1.0612600e+01   2.5988800e-01   1.5451400e+01   1.0000000e+00
   9.5000000e+01   5.3439000e+00  -1.6968500e+01   4.7224400e+01  -1.0000000e+00
   9.6000000e+01   1.0681500e+01   4.1977400e+00   1.5627000e+01   1.0000000e+00
   9.7000000e+01   6.3593300e+00  -3.2565200e+00   3.5800500e+01   2.0000000e+00
   9.8000000e+01  -5.0258500e+00   1.3778100e+01   1.6776100e+01   1.0000000e+00
   9.9000000e+01   7.0784900e+00  -8.7025500e+00   4.8097300e+01   2.0000000e+00
   1.0000000e+02  -1.1174600e+01   2.2846000e+00   1.5627200e+01   1.0000000e+00
   1.0100000e+02  -7.1723200e-02  -1.6887100e+01   4.7736700e+01  -1.0000000e+00
   1.0200000e+02  -2.5508200e+00  -1.6998200e+00   1.5444600e+01   1.0000000e+00
   1.0300000e+02   1.2048900e+00  -1.0644900e+01   4.7885200e+01   2.0000000e+00
   1.0400000e+02  -5.3520000e+00   8.2509700e+00   1.6289700e+01   1.0000000e+00
   1.0500000e+02   1.6119700e+01  -9.5099600e+00   6.0925100e+01  -1.0000000e+00
   1.0600000e+02   3.3325900e+00  -1.7591400e+01   4.6676100e+01  -1.0000000e+00
   1.0700000e+02  -1.1895100e+00  -1.3330400e+01   4.7854800e+01   2.0000000e+00
   1.0800000e+02   9.9070400e+00  -3.9094500e+00   4.8361700e+01   2.0000000e+00
   1.0900000e+02   1.7542200e+01  -3.3492300e+00   5.9414100e+01  -1.0000000e+00
   1.1000000e+02  -7.3245000e+00  -7.7348800e+00   4.6862400e+01   2.0000000e+00
   1.1100000e+02  -1.4632500e+01   1.2939100e+00   1.5956600e+01   1.0000000e+00
   1.1200000e+02  -8.8691800e+00   7.2487200e+00   1.5623000e+01   1.0000000e+00
   1.1300000e+02  -7.3965000e-01  -1.1289300e+01   4.7696400e+01   2.0000000e+00
   1.1400000e+02  -2.3699700e-01   3.2784600e+00   1.5782200e+01   1.0000000e+00
   1.1500000e+02   1.4123600e+01   5.1791700e+00   1.5422600e+01   1.0000000e+00
   1.1600000e+02   1.1015700e+01   9.6814500e+00   1.5750200e+01   1.0000000e+00
   1.1700000e+02  -1.1965600e+01   1.1772300e+01   1.5705200e+01  -2.0000000e+00
   1.1800000e+02  -1.2393700e+01  -5.4895800e+00   4.9556700e+01  -2.0000000e+00
   1.1900000e+02  -8.5984200e+00  -2.2304300e-01   1.6447500e+01   1.0000000e+00
   1.2000000e+02  -1.3256000e+01  -9.5181800e+00   5.2143800e+01  -2.0000000e+00
   1.2100000e+02  -4.8025500e+00   6.2742800e+00   1.5874500e+01   1.0000000e+00
   1.2200000e+02  -1.0231800e+01  -1.2368000e+01   4.6836700e+01   2.0000000e+00
   1.2300000e+02   9.2380500e+00   2.7289100e+00   2.7658100e+01  -3.0000000e+00
   1.2400000e+02   3.2065200e+00   4.2423100e+00   1.5809300e+01   1.0000000e+00
   1.2500000e+02  -7.6945100e+00   1.6274100e+01   3.0322600e+01  -1.0000000e+00
   1.2600000e+02  -5.2049300e+00  -1.4605300e+01   4.7125600e+01  -2.0000000e+00
   1.2700000e+02   5.8644600e+00   1.4727600e+01   1.6767600e+01  -2.0000000e+00
   1.2800000e+02   1.1038800e+01  -7.3788000e+00   4.8615400e+01   2.0000000e+00
   1.2900000e+02  -3.1070200e+00   3.0599900e-01   1.6154600e+01   1.0000000e+00
   1.3000000e+02   1.2000600e+00   4.7497300e+00   1.5756400e+01   1.0000000e+00
   1.3100000e+02  -3.9844300e+00  -3.1981400e+00   3.4989400e+01  -3.0000000e+00
   1.3200000e+02  -8.4825200e+00   1.2769200e+01   1.6446100e+01  -2.0000000e+00
   1.3300000e+02   1.3937200e+01  -2.6716500e+00   4.8448400e+01   2.0000000e+00
   1.3400000e+02  -6.0432400e+00  -3.3581400e+00   4.1219200e+01  -3.0000000e+00
   1.3500000e+02  -1.6648300e+01   1.7549100e+00   1.5532400e+01  -2.0000000e+00
   1.3600000e+02  -1.5794800e+01   5.2564000e+00   1.5988300e+01  -2.0000000e+00
   1.3700000e+02  -9.1575800e+00   1.7605500e+00   1.5858300e+01   1.0000000e+00
   1.3800000e+02  -1.5203000e+01   3.2886300e+00   1.6426500e+01   1.0000000e+00
   1.3900000e+02   1.0466600e+01   1.1664000e+01   1.5835700e+01   1.0000000e+00
   1.4000000e+02  -2.2300500e+00   3.7806200e+00   1.5865000e+01   1.0000000e+00
   1.4100000e+02   1.0125300e+01   6.2043900e+00   1.5553200e+01   1.0000000e+00
   1.4200000e+02  -4.4930100e-01   1.0788300e+01   1.4971600e+01   1.0000000e+00
   1.4300000e+02   7.5249500e+00  -6.6283200e+00   4.8348600e+01   2.0000000e+00
   1.4400000e+02   1.6780500e+01  -7.5364800e+00   6.0385100e+01  -1.0000000e+00
   1.4500000e+02   1.2614800e+01  -8.7260400e+00   4.8622600e+01   2.0000000e+00
   1.4600000e+02   1.3204300e+01   1.5381700e+00   6.0335400e+00  -3.0000000e+00
   1.4700000e+02   1.4682300e+01   3.1620700e+00   1.5976600e+01   1.0000000e+00
   1.4800000e+02   1.4621300e+00  -2.7068700e+00   2.0879700e+01  -3.0000000e+00
   1.4900000e+02  -1.0876300e+01   7.7958500e+00   1.5497900e+01   1.0000000e+00
   1.5000000e+02   1.4568400e+01  -8.0058300e+00   4.6897600e+01  -2.0000000e+00
   1.5100000e+02   4.9990200e+00   1.1164000e+01   1.5579800e+01   1.0000000e+00
   1.5200000e+02  -3.6162600e+00   1.5308200e+01   1.7362800e+01  -2.0000000e+00
   1.5300000e+02  -3.9347700e+00   9.7657700e+00   1.6088800e+01   1.0000000e+00
   1.5400000e+02  -1.1731400e+01  -1.0942100e+01   4.6884300e+01   2.0000000e+00
   1.5500000e+02   1.3895900e+01   1.2669200e+01   1.2031400e+00  -1.0000000e+00
   1.5600000e+02  -6.2975500e+00  -1.1171400e+01   4.7495100e+01   2.0000000e+00
   1.5700000e+02  -1.6352800e+01   7.2858900e+00   3.1079800e+01  -1.0000000e+00
   1.5800000e+02   2.9289500e+00  -1.2780300e+00   2.7306300e+01  -3.0000000e+00
   1.5900000e+02  -1.8811700e+01   2.2890200e+00   1.6029500e+01  -1.0000000e+00
   1.6000000e+02   1.0382500e+01  -1.8771500e+00   4.7781700e+01  -3.0000000e+00
   1.6100000e+02   5.2171500e+00   3.7191200e+00   1.5645900e+01   1.0000000e+00
   1.6200000e+02   3.8324400e+00  -1.5421700e+01   4.7556300e+01  -2.0000000e+00
   1.6300000e+02   1.8445100e+01  -1.4054100e+00   4.1772100e+01  -1.0000000e+00
   1.6400000e+02   2.6357700e+00   6.2592300e+00   3.8268800e+00   0.0000000e+00
   1.6500000e+02   7.3165100e+00  -1.6241300e+01   3.5793400e+01  -2.0000000e+00
   1.6600000e+02  -1.2219900e+01  -1.2965200e+01   4.6682000e+01  -2.0000000e+00
   1.6700000e+02   2.2956400e+00  -1.4051500e+01   4.8152100e+01   2.0000000e+00
   1.6800000e+02  -4.8639300e+00  -5.0539800e+00   4.2058300e+01  -3.0000000e+00
   1.6900000e+02   4.2761800e+00  -1.3419300e+01   4.8145500e+01   2.0000000e+00
   1.7000000e+02   3.0032600e+00   1.1739800e+01   1.5326100e+01   1.0000000e+00
   1.7100000e+02   3.3121100e-01  -1.4734900e+01   4.8105800e+01  -2.0000000e+00
   1.7200000e+02   1.6465900e+01   1.0307700e+01   1.8067900e+01  -1.0000000e+00
   1.7300000e+02  -1.5534200e+01  -2.2021000e+00   3.3506100e+01  -2.0000000e+00
   1.7400000e+02   8.3526000e+00  -2.5645300e+00   6.0542000e+01   2.0000000e+00
   1.7500000e+02  -1.4785600e+01  -6.6066200e+00   5.8763700e+01  -2.0000000e+00
   1.7600000e+02  -1.7586500e+01  -1.7374300e+00   3.7406800e+01  -1.0000000e+00
   1.7700000e+02   1.3026100e+01   9.1680900e+00   1.6076200e+01   1.0000000e+00
   1.7800000e+02  -1.2080300e+01  -1.1841000e+00   1.5156000e+01   1.0000000e+00
   1.7900000e+02   4.0069600e+00  -5.8807600e+00   4.8583700e+01   2.0000000e+00
   1.8000000e+02  -1.2892400e+01  -7.4878000e+00   5.2041100e+01   0.0000000e+00
   1.8100000e+02   4.2284800e-01   1.4332800e+01   1.5752300e+01  -2.0000000e+00
   1.8200000e+02  -2.9894700e+00   1.3330700e+01   1.6809000e+01   1.0000000e+00
   1.8300000e+02   1.5654500e+01   6.6897100e+00   1.5495100e+01  -2.0000000e+00
   1.8400000e+02  -4.4383800e+00   1.1776800e+01   1.6042100e+01   1.0000000e+00
   1.8500000e+02  -7.1664100e+00   1.2614100e+00   1.6151000e+01   1.0000000e+00
   1.8600000e+02   7.5549700e+00   8.6895800e+00   1.5910100e+01   1.0000000e+00
   1.8700000e+02  -1.5468400e+01   1.0756100e+01   1.5923300e+01  -1.0000000e+00
   1.8800000e+02  -7.0818200e+00   1.4275900e+01   1.6220800e+01  -2.0000000e+00
   1.8900000e+02   2.7454000e+00  -1.2024800e+01   4.7971100e+01   2.0000000e+00
   1.9000000e+02  -1.9212300e+00   9.2861700e+00   1.5568000e+01   1.0000000e+00
   1.9100000e+02  -1.4312500e+01  -1.3585200e+01   4.5655300e+01  -1.0000000e+00
   1.9200000e+02  -1.0060400e+00   1.2804900e+01   1.5740100e+01   1.0000000e+00
   1.9300000e+02  -1.1398400e+01   9.7918500e+00   1.5623200e+01   1.0000000e+00
   1.9400000e+02   2.4303600e+00   1.3722500e+01   1.5653600e+01   1.0000000e+00
   1.9500000e+02   1.5986000e+01  -1.9047600e+00   4.5653200e+01  -2.0000000e+00
   1.9600000e+02  -8.3327600e+00  -4.2457800e+00   6.0551800e+01  -3.0000000e+00
   1.9700000e+02   4.3811600e+00  -3.8427200e+00   5.9782500e+01  -3.0000000e+00
   1.9800000e+02   1.8570700e+00  -1.6156300e+01   3.6441300e+01  -2.0000000e+00
   1.9900000e+02  -1.8166000e+01   3.2543900e-01   3.1937200e-01  -1.0000000e+00
   2.0000000e+02  -7.9037100e-01   5.2907900e+00   1.5830000e+01   1.0000000e+00
   2.0100000e+02  -5.6202900e+00   1.5751700e+01   1.6500400e+01  -2.0000000e+00
   2.0200000e+02  -1.6280200e+01  -4.1136500e+00   5.9422800e+01  -1.0000000e+00
   2.0300000e+02  -1.2295000e+01   6.2718800e+00   1.5734900e+01   1.0000000e+00
   2.0400000e+02   8.8200000e+00  -5.3860200e-01   2.9029700e+01  -3.0000000e+00
   2.0500000e+02  -7.3889400e+00   8.7301800e+00   1.5794000e+01   1.0000000e+00
   2.0600000e+02   5.8454600e+00  -1.4775800e+01   4.7438400e+01  -2.0000000e+00
   2.0700000e+02  -1.0899700e+00  -2.1833300e-01   1.5611900e+01   1.0000000e+00
   2.0800000e+02  -7.1692900e+00  -1.5253900e+01   3.4589900e+01  -2.0000000e+00
   2.0900000e+02   8.6282700e+00  -1.0073500e+01   4.8741000e+01   2.0000000e+00
   2.1000000e+02  -1.2693700e+01  -1.5107800e+01   4.7619400e+01  -1.0000000e+00
   2.1100000e+02   1.3300300e+01   1.4664300e+01   1.6566900e+01  -1.0000000e+00
   2.1200000e+02   6.6814400e+00   5.2334000e+00   1.5915600e+01   1.0000000e+00
   2.1300000e+02   8.2452000e+00  -1.2098100e+01   4.8473900e+01   2.0000000e+00
   2.1400000e+02  -1.0042600e+01  -1.7779000e+00   2.7766000e+01  -3.0000000e+00
   2.1500000e+02   6.3881200e-01   6.7664800e+00   1.5803300e+01   1.0000000e+00
   2.1600000e+02   1.6900800e+01  -5.1215500e-02   3.8075500e+01  -2.0000000e+00
   2.1700000e+02   1.2123200e+01   5.6804500e+00   1.5709600e+01   1.0000000e+00
   2.1800000e+02  -6.2825500e+00   4.7617700e+00   1.5881000e+01   1.0000000e+00
   2.1900000e+02   9.3271000e+00  -1.5579700e+01   5.9842700e+01  -2.0000000e+00
   2.2000000e+02  -9.1956900e+00   1.4872100e+01   3.1599900e+01  -1.0000000e+00
   2.2100000e+02   1.3418600e+01  -4.6498200e+00   4.8250000e+01   2.0000000e+00
   2.2200000e+02   6.1041100e+00   7.1978500e+00   1.6035100e+01   0.0000000e+00
   2.2300000e+02  -3.8323600e+00  -8.4956700e+00   4.7828200e+01   2.0000000e+00
   2.2400000e+02   4.9277300e+00  -1.7945100e+00   2.5603800e+01  -3.0000000e+00
   2.2500000e+02   1.2355100e+01  -1.2492500e+00   3.5197600e+01  -3.0000000e+00
   2.2600000e+02   9.1801900e-01  -7.3290500e-01   1.5597300e+01   1.0000000e+00
   2.2700000e+02   2.4478900e+00  -4.5244800e+00   2.9144400e+01  -3.0000000e+00
   2.2800000e+02   1.1728200e+01  -1.2825300e+01   4.8104300e+01  -2.0000000e+00
   2.2900000e+02  -2.7925100e+00   5.7720300e+00   1.5975400e+01   1.0000000e+00
   2.3000000e+02   7.7788800e+00   1.2298900e+00   2.1027500e+01  -3.0000000e+00
   2.3100000e+02   5.2226600e+00   1.6910300e+01   1.7752200e+01  -1.0000000e+00
   2.3200000e+02   1.4138100e+01  -1.0149900e+01   4.7874300e+01  -2.0000000e+00
   2.3300000e+02  -9.7621600e+00  -1.0341600e+01   4.6877900e+01   2.0000000e+00
   2.3400000e+02  -2.9795000e-01  -9.2311400e+00   4.8081000e+01   2.0000000e+00
   2.3500000e+02   2.0479900e+00  -6.5531700e+00   4.7303600e+01   2.0000000e+00
   2.3600000e+02   1.3296600e+01  -1.4199300e+01   4.8930700e+01  -1.0000000e+00
   2.3700000e+02   1.5349700e+00   1.0233000e+01   1.5043700e+01   1.0000000e+00
   2.3800000e+02  -3.3525100e+00   7.7769800e+00   1.6125900e+01   1.0000000e+00
   2.3900000e+02  -1.3716100e+01  -1.1544600e+01   5.0097500e+01  -2.0000000e+00
   2.4000000e+02   7.2659600e+00   1.6506600e+01   1.5931100e+01  -1.0000000e+00
   2.4100000e+02   3.8356700e+00   1.5239400e+01   1.6556800e+01  -2.0000000e+00
   2.4200000e+02  -4.2477100e+00   4.2729500e+00   1.5726100e+01   1.0000000e+00
   2.4300000e+02  -1.2608000e+01   8.0834400e-01   1.5579200e+01   1.0000000e+00
   2.4400000e+02  -1.7226600e-01   1.6330500e+01   1.5048800e+01  -1.0000000e+00
   2.4500000e+02   1.0835900e+01   1.5321600e-01   6.3129000e+01  -3.0000000e+00
   2.4600000e+02   8.8689500e+00  -1.7604200e+01   4.7984400e+01  -1.0000000e+00
   2.4700000e+02   1.0601600e+01  -9.3933600e+00   4.8358500e+01   2.0000000e+00
   2.4800000e+02   1.1865100e+01  -3.2758700e+00   4.7283000e+01   2.0000000e+00
   2.4900000e+02  -1.4268500e+01  -4.5921000e+00   5.6269200e+01  -1.0000000e+00
   2.5000000e+02   1.2150500e+01  -1.0772100e+01   4.7937300e+01   2.0000000e+00
   2.5100000e+02   8.6736400e+00   4.7340000e+00   1.5601600e+01   1.0000000e+00
   2.5200000e+02  -4.2686900e+00  -1.0515900e+01   4.7848000e+01   2.0000000e+00
   2.5300000e+02  -1.0312300e+01  -4.8962000e+00   3.2231300e+01  -3.0000000e+00
   2.5400000e+02   9.5660300e+00   8.1836600e+00   1.5892400e+01   1.0000000e+00
   2.5500000e+02  -1.3200600e+01   2.7914000e+00   1.6153800e+01   1.0000000e+00
   2.5600000e+02  -1.3787500e+01   4.7829100e+00   1.5984300e+01   1.0000000e+00
   2.5700000e+02  -5.9428800e+00   1.0241200e+01   1.5971400e+01   1.0000000e+00
   2.5800000e+02   1.3711900e+01  -1.2194400e+01   5.9954000e+01  -2.0000000e+00
   2.5900000e+02   9.8531700e-02  -7.2108900e+00   3.6024700e+01  -3.0000000e+00
   2.6000000e+02  -1.7162000e+01  -8.2276200e+00   6.4746600e+01  -1.0000000e+00
   2.6100000e+02  -6.5931500e+00  -7.1624200e-01   2.8310800e+01   1.0000000e+00
   2.6200000e+02   8.4434600e+00   1.2159500e+01   1.5809000e+01   1.0000000e+00
   2.6300000e+02  -4.7291500e+00  -1.2559200e+01   4.7476000e+01   2.0000000e+00
   2.6400000e+02   9.2138600e+00   1.5739900e+01   1.5122800e+01  -1.0000000e+00
   2.6500000e+02  -3.2112700e+00  -1.4013200e+01   4.7392300e+01   2.0000000e+00
   2.6600000e+02   1.0210400e+01  -1.1427000e+01   4.8534100e+01   2.0000000e+00
   2.6700000e+02   1.3594800e+01   7.1998600e+00   1.5781900e+01   1.0000000e+00
   2.6800000e+02  -2.1312400e+00   1.6974300e+01   1.6307600e+01  -1.0000000e+00
   2.6900000e+02   3.6069700e+00  -7.9229700e+00   4.8348300e+01   2.0000000e+00
   2.7000000e+02  -3.7116500e+00   2.2881300e+00   1.6083000e+01   1.0000000e+00
   2.7100000e+02   7.2760700e-02   8.7560700e+00   1.5391600e+01   1.0000000e+00
   2.7200000e+02   1.0012900e+00   1.2245600e+01   1.5278300e+01   1.0000000e+00
   2.7300000e+02   5.5500100e+00   9.1820100e+00   3.7736100e+00   0.0000000e+00
   2.7400000e+02  -1.6713400e+00   1.7920900e+00   1.6017900e+01   1.0000000e+00
   2.7500000e+02  -2.2857600e+00  -9.8829500e+00   4.7958900e+01   2.0000000e+00
   2.7600000e+02  -1.1512200e+01  -3.2323500e+00   2.3821800e+01  -3.0000000e+00
   2.7700000e+02   3.5682100e-01   1.2841900e+00   1.5813200e+01   1.0000000e+00
   2.7800000e+02   3.1758800e+00  -9.9750200e+00   4.8129300e+01   2.0000000e+00
   2.7900000e+02  -5.4504300e-01  -2.2516000e+00   1.6936600e+01   1.0000000e+00
   2.8000000e+02   1.1280300e+01   1.5161400e+01   1.6193200e+01  -1.0000000e+00
   2.8100000e+02   9.0696400e+00  -7.9945700e+00   4.8194600e+01   2.0000000e+00
   2.8200000e+02  -8.2863600e+00   5.2677000e+00   1.5999000e+01   1.0000000e+00
   2.8300000e+02  -6.8277800e+00  -5.6772200e+00   4.5944600e+01   2.0000000e+00
   2.8400000e+02  -5.1403300e+00   7.6647200e-01   1.6301500e+01   1.0000000e+00
   2.8500000e+02   3.2023000e+00   1.7433000e+01   1.6945900e+01  -1.0000000e+00
   2.8600000e+02  -1.4100400e+01  -6.8480400e-01   1.6206000e+01   1.0000000e+00
   2.8700000e+02   3.7749000e+00   2.2447900e+00   1.5719900e+01   1.0000000e+00
   2.8800000e+02   5.5626300e+00  -7.2851000e+00   4.7879600e+01   2.0000000e+00
   2.8900000e+02  -1.6088900e+00   1.4860200e+01   1.6114200e+01  -2.0000000e+00
   2.9000000e+02  -6.2203700e+00   1.7765800e+01   1.6258900e+01  -1.0000000e+00
   2.9100000e+02  -9.7308800e+00   3.7592000e+00   1.5646400e+01   1.0000000e+00
   2.9200000e+02   4.4359300e+00   1.3209600e+01   1.5896100e+01   1.0000000e+00
   2.9300000e+02   2.0725400e+00   8.2390100e+00   1.5405900e+01   0.0000000e+00
   2.9400000e+02  -8.8170500e+00  -6.3172700e+00   4.6728200e+01   2.0000000e+00
   2.9500000e+02   1.7637900e+01   6.1111000e+00  -3.2149600e-01  -1.0000000e+00
   2.9600000e+02  -1.1289800e+01  -8.9278100e+00   4.7373400e+01   2.0000000e+00
   2.9700000e+02   7.0093700e+00   1.0682400e+01   1.5950500e+01   1.0000000e+00
   2.9800000e+02  -1.3939100e+00  -5.7663000e+00   3.3100500e+01  -3.0000000e+00
   2.9900000e+02  -3.3741700e+00  -6.4723100e+00   3.5720200e+01  -3.0000000e+00
