   0.0000000e+00  -6.7249200e+00  -5.2566800e+00   1.0000000e+00
   1.0000000e+00  -5.9870100e+00  -1.2674300e+01   1.0000000e+00
   2.0000000e+00   1.2401400e+01  -1.1286200e+01  -1.0000000e+00
   3.0000000e+00  -1.3434300e+01   8.8893100e+00   1.0000000e+00
   4.0000000e+00  -2.4988800e+00  -1.6980200e+01   1.0000000e+00
   5.0000000e+00  -6.1922900e-01  -6.3818000e+00   1.0000000e+00
   6.0000000e+00  -9.4305700e+00   2.6047200e+00   1.0000000e+00
   7.0000000e+00  -4.4239300e+00   1.6340200e+01   1.0000000e+00
   8.0000000e+00  -1.0710500e+01   6.5070200e+00   1.0000000e+00
   9.0000000e+00   4.8018400e+00   1.2739500e+01  -1.0000000e+00
   1.0000000e+01  -2.5245900e+00   1.0424100e+01   1.0000000e+00
   1.1000000e+01   1.7528000e+01   4.5952800e+00  -1.0000000e+00
   1.2000000e+01   1.0280400e+01  -6.2446300e+00  -1.0000000e+00
   1.3000000e+01  -8.0479400e+00  -6.8255600e+00   1.0000000e+00
   1.4000000e+01   5.8064100e+00  -1.8497700e+01   1.0000000e+00
   1.5000000e+01   1.0852600e+01   1.4190200e+01  -1.0000000e+00
   1.6000000e+01  -1.7226400e-01   1.5226200e+01  -1.0000000e+00
   1.7000000e+01   5.3552900e+00   1.4735100e+01  -1.0000000e+00
   1.8000000e+01  -3.9748400e+00  -1.3086000e+01   1.0000000e+00
   1.9000000e+01  -6.7148700e+00   2.4089800e-01   1.0000000e+00
   2.0000000e+01  -1.1454400e+01  -7.9932300e+00   1.0000000e+00
   2.1000000e+01  -3.9685900e+00   3.3905900e+00   1.0000000e+00
   2.2000000e+01   1.2811400e+01   1.4837500e+01  -1.0000000e+00
   2.3000000e+01  -3.3114700e+00  -9.5562600e+00   1.0000000e+00
   2.4000000e+01   1.5159600e+01  -8.9484900e+00  -1.0000000e+00
   2.5000000e+01  -1.4241600e+01  -1.4543600e-01   1.0000000e+00
   2.6000000e+01  -1.7642000e+01  -1.3162500e+00   1.0000000e+00
   2.7000000e+01   5.9422300e+00  -1.8859100e+00  -1.0000000e+00
   2.8000000e+01  -1.2562600e+00  -9.9268500e+00   1.0000000e+00
   2.9000000e+01  -9.4638600e+00  -2.8616700e+00   1.0000000e+00
   3.0000000e+01   7.6554400e-02  -8.3410700e+00   1.0000000e+00
   3.1000000e+01  -1.3257500e+01   1.4437400e+01   1.0000000e+00
   3.2000000e+01  -1.2755000e+01   6.9555100e+00   1.0000000e+00
   3.3000000e+01   8.2710200e+00   1.1713000e+01  -1.0000000e+00
   3.4000000e+01  -7.4150700e+00  -3.2949000e+00   1.0000000e+00
   3.5000000e+01  -9.8713000e+00   1.5646900e+01   1.0000000e+00
   3.6000000e+01   3.3560800e+00   1.4223900e+01  -1.0000000e+00
   3.7000000e+01  -1.1966500e+00  -1.5385400e+01   1.0000000e+00
   3.8000000e+01  -1.1344800e+01   8.4773200e+00   1.0000000e+00
   3.9000000e+01  -5.3750000e+00   1.7835200e+00   1.0000000e+00
   4.0000000e+01  -1.9826600e+00  -2.4840600e+00   1.0000000e+00
   4.1000000e+01   4.8951200e+00  -1.0828900e+01   1.0000000e+00
   4.2000000e+01  -8.6734500e+00   6.1473000e+00   1.0000000e+00
   4.3000000e+01   9.5833100e+00  -2.7298300e+00  -1.0000000e+00
   4.4000000e+01   1.0239200e+01  -7.3224800e-01  -1.0000000e+00
   4.5000000e+01   3.4475700e+00  -1.7271800e+00   1.0000000e+00
   4.6000000e+01  -3.8835200e+00   1.8328200e+01   1.0000000e+00
   4.7000000e+01   1.6051500e+01   6.1045200e+00  -1.0000000e+00
   4.8000000e+01  -1.4826900e+01   7.3367300e+00   1.0000000e+00
   4.9000000e+01   1.1433400e+00   1.3600100e+01  -1.0000000e+00
   5.0000000e+01  -8.0493700e+00   4.1455800e+00   1.0000000e+00
   5.1000000e+01   2.2973700e+00  -1.4170600e+01   1.0000000e+00
   5.2000000e+01  -9.3559600e+00  -1.3853000e+01   1.0000000e+00
   5.3000000e+01   1.1716200e+01  -7.7543400e+00  -1.0000000e+00
   5.4000000e+01  -1.0758600e+01  -1.5623800e+01   1.0000000e+00
   5.5000000e+01   1.2579500e+01   7.2347800e+00  -1.0000000e+00
   5.6000000e+01  -1.6263900e+01   2.8530800e-01   1.0000000e+00
   5.7000000e+01  -6.0537400e+00  -1.6965900e+00   1.0000000e+00
   5.8000000e+01  -9.3178300e+00   8.0936100e+00   1.0000000e+00
   5.9000000e+01  -1.2857600e+01  -4.0671200e+00   1.0000000e+00
   6.0000000e+01  -1.6433600e+01  -5.2993100e+00   1.0000000e+00
   6.1000000e+01   3.6197100e+00   8.7336900e+00  -1.0000000e+00
   6.2000000e+01   1.7777400e+01  -7.6866000e-01  -1.0000000e+00
   6.3000000e+01   5.8289200e+00   1.6740100e+01  -1.0000000e+00
   6.4000000e+01   1.1616600e+01  -2.3107600e+00  -1.0000000e+00
   6.5000000e+01   9.1037300e+00   8.2365000e+00  -1.0000000e+00
   6.6000000e+01   1.4108000e+00  -6.7663300e+00   1.0000000e+00
   6.7000000e+01   8.9292400e+00  -1.0161900e+01  -1.0000000e+00
   6.8000000e+01   1.5252600e+01   9.7429200e+00  -1.0000000e+00
   6.9000000e+01   1.2303500e+01   1.2722700e+01  -1.0000000e+00
   7.0000000e+01   3.5388000e+00  -7.1475200e+00   1.0000000e+00
   7.1000000e+01   8.7970900e+00   7.8751100e-01  -1.0000000e+00
   7.2000000e+01   1.4894800e+01   2.1381300e+00  -1.0000000e+00
   7.3000000e+01   7.1614000e+00  -1.6939100e+01   1.0000000e+00
   7.4000000e+01  -1.2182000e+01   4.9388600e+00   1.0000000e+00
   7.5000000e+01   2.8891800e+00   6.7509100e+00  -1.0000000e+00
   7.6000000e+01  -1.0795400e+01  -4.4606000e+00   1.0000000e+00
   7.7000000e+01   6.1798100e-02   2.5886300e+00   1.0000000e+00
   7.8000000e+01  -5.7994700e+00   1.4825000e+01   1.0000000e+00
   7.9000000e+01  -1.4235600e+01   5.3658400e+00   1.0000000e+00
   8.0000000e+01  -4.5728900e+00  -1.6603500e+01   1.0000000e+00
   8.1000000e+01   3.7395200e+00  -1.8053300e+01   1.0000000e+00
   8.2000000e+01  -1.4916300e+01   1.8566400e+00   1.0000000e+00
   8.3000000e+01   7.3199200e+00   2.2952600e+00  -1.0000000e+00
   8.4000000e+01  -1.7934400e+00  -1.8958800e+01   1.0000000e+00
   8.5000000e+01   1.3661400e+01  -1.8131600e+00  -1.0000000e+00
   8.6000000e+01  -1.2799500e+00   1.0072500e+00   1.0000000e+00
   8.7000000e+01  -5.1946100e+00   1.2840000e+01   1.0000000e+00
   8.8000000e+01   2.3325900e+00   1.7695000e+01  -1.0000000e+00
   8.9000000e+01  -1.1516900e+01  -2.4852500e+00   1.0000000e+00
   9.0000000e+01   1.5486600e+01   4.1269000e+00  -1.0000000e+00
   9.1000000e+01  -6.0072200e+00   3.7393400e+00   1.0000000e+00
   9.2000000e+01  -9.2333200e+00   1.3652800e+01   1.0000000e+00
   9.3000000e+01  -1.2862600e+01   1.4279300e+00   1.0000000e+00
   9.4000000e+01  -1.0005600e+01   1.0058400e+01   1.0000000e+00
   9.5000000e+01  -3.3564500e+00  -4.0619500e+00   1.0000000e+00
   9.6000000e+01  -1.8489700e+00  -1.3449200e+01   1.0000000e+00
   9.7000000e+01  -3.8282000e+00  -1.8615900e+01   1.0000000e+00
   9.8000000e+01  -8.7486700e+00   6.3642700e-01   1.0000000e+00
   9.9000000e+01   7.8863900e+00   1.7178600e+01  -1.0000000e+00
   1.0000000e+02   1.6906600e+01   2.6274700e+00  -1.0000000e+00
   1.0100000e+02   7.7161200e+00  -1.2523300e+01   1.0000000e+00
   1.0200000e+02  -1.7832100e+00   1.7934600e+01   1.0000000e+00
   1.0300000e+02   8.2071000e+00  -1.2021300e+00  -1.0000000e+00
   1.0400000e+02   6.2260100e+00   1.1202500e+01  -1.0000000e+00
   1.0500000e+02   9.5016600e+00  -1.3554000e+01  -1.0000000e+00
   1.0600000e+02   1.2640200e+01  -1.5097200e+01  -1.0000000e+00
   1.0700000e+02   2.8475600e+00  -1.0612300e+01   1.0000000e+00
   1.0800000e+02   1.1447900e+01   3.2059300e+00  -1.0000000e+00
   1.0900000e+02  -1.3586100e+01  -1.3097800e+01   1.0000000e+00
   1.1000000e+02   2.0910800e+00   2.1834900e+00   1.0000000e+00
   1.1100000e+02  -1.7419600e+00   1.3909300e+01   1.0000000e+00
   1.1200000e+02   9.3167500e-01  -1.5804300e+01   1.0000000e+00
   1.1300000e+02  -1.5474800e+01   9.3020500e+00   1.0000000e+00
   1.1400000e+02  -8.0549000e+00  -1.2256600e+01   1.0000000e+00
   1.1500000e+02  -1.3547600e+01  -7.5773500e+00   1.0000000e+00
   1.1600000e+02  -1.2203300e+01  -6.0198600e+00   1.0000000e+00
   1.1700000e+02   7.9340300e+00   4.2586900e+00  -1.0000000e+00
   1.1800000e+02  -7.3996100e+00  -8.7602000e+00   1.0000000e+00
   1.1900000e+02   5.5946000e-02  -2.8909400e+00   1.0000000e+00
   1.2000000e+02   1.1037000e+01  -9.7077500e+00  -1.0000000e+00
   1.2100000e+02   1.3782800e+01  -7.3718600e+00  -1.0000000e+00
   1.2200000e+02  -4.5331600e-01  -1.7334600e+01   1.0000000e+00
   1.2300000e+02   9.7052200e+00   1.0212800e+01  -1.0000000e+00
   1.2400000e+02  -1.1591600e+00   6.5121900e+00   1.0000000e+00
   1.2500000e+02  -4.7110300e+00  -5.6120900e+00   1.0000000e+00
   1.2600000e+02  -2.2264800e+00   1.5922600e+01   1.0000000e+00
   1.2700000e+02  -5.9435000e+00   9.2765400e+00   1.0000000e+00
   1.2800000e+02  -2.6539000e+00  -6.0058400e+00   1.0000000e+00
   1.2900000e+02  -1.2843300e+01  -9.5476000e+00   1.0000000e+00
   1.3000000e+02   7.0915400e+00   7.7582400e+00  -1.0000000e+00
   1.3100000e+02   5.6236100e+00   9.2184500e+00  -1.0000000e+00
   1.3200000e+02   1.0839500e+01   1.2495800e+00  -1.0000000e+00
   1.3300000e+02   3.5675200e+00  -1.2555300e+01   1.0000000e+00
   1.3400000e+02  -1.0090600e+01  -1.1889400e+01   1.0000000e+00
   1.3500000e+02  -1.0185400e+01  -9.0868600e-01   1.0000000e+00
   1.3600000e+02   1.0550100e+01   6.7437000e+00  -1.0000000e+00
   1.3700000e+02   1.0282500e+01   1.2191800e+01  -1.0000000e+00
   1.3800000e+02  -5.2872200e+00  -1.4665700e+01   1.0000000e+00
   1.3900000e+02   1.7190500e+01  -2.8509100e+00  -1.0000000e+00
   1.4000000e+02   4.8189100e+00  -5.5173300e+00   1.0000000e+00
   1.4100000e+02   1.3065800e+01  -3.8100600e+00  -1.0000000e+00
   1.4200000e+02   4.3229400e+00   5.2870600e+00  -1.0000000e+00
   1.4300000e+02   1.4459000e+01  -5.4236900e+00  -1.0000000e+00
   1.4400000e+02   1.1641800e+01  -1.3298600e+01  -1.0000000e+00
   1.4500000e+02  -7.9805100e+00   9.6942600e+00   1.0000000e+00
   1.4600000e+02  -6.1937900e-01  -9.4240300e-01   1.0000000e+00
   1.4700000e+02   4.3799600e+00  -1.4535400e+01   1.0000000e+00
   1.4800000e+02   7.5592600e+00  -8.6257500e+00  -1.0000000e+00
   1.4900000e+02  -1.9590500e+00   2.9803300e+00   1.0000000e+00
   1.5000000e+02  -4.0313800e+00  -2.0987700e+00   1.0000000e+00
   1.5100000e+02  -1.2193900e+01  -5.2200800e-01   1.0000000e+00
   1.5200000e+02  -1.3554700e+01   3.4199200e+00   1.0000000e+00
   1.5300000e+02   1.2861600e+01   1.7127800e+00  -1.0000000e+00
   1.5400000e+02  -8.7628200e+00  -4.8748300e+00   1.0000000e+00
   1.5500000e+02   9.4122900e+00   2.7789700e+00  -1.0000000e+00
   1.5600000e+02  -1.9517300e+00  -7.9505600e+00   1.0000000e+00
   1.5700000e+02  -1.5598400e+01  -1.7240900e+00   1.0000000e+00
   1.5800000e+02   1.8440600e+00   1.5638200e+01  -1.0000000e+00
   1.5900000e+02  -1.0125600e+01  -6.4194100e+00   1.0000000e+00
   1.6000000e+02   1.7875200e+01  -6.4673500e+00  -1.0000000e+00
   1.6100000e+02   4.9451200e+00  -8.7775000e+00   1.0000000e+00
   1.6200000e+02   2.1141500e+00  -3.2905100e+00   1.0000000e+00
   1.6300000e+02  -1.2194900e+01  -1.1538000e+01   1.0000000e+00
   1.6400000e+02  -7.3965300e+00   2.1840200e+00   1.0000000e+00
   1.6500000e+02   1.3476700e+01   3.6838700e+00  -1.0000000e+00
   1.6600000e+02  -1.4223600e+01  -5.6125200e+00   1.0000000e+00
   1.6700000e+02   8.9358100e+00  -4.6992200e+00  -1.0000000e+00
   1.6800000e+02   5.0534200e+00   7.2383900e+00  -1.0000000e+00
   1.6900000e+02  -1.4700900e+01   1.2964900e+01   1.0000000e+00
   1.7000000e+02  -1.5596800e+01  -7.1809900e+00   1.0000000e+00
   1.7100000e+02   1.1754900e+01   1.0718700e+01  -1.0000000e+00
   1.7200000e+02  -1.7658000e+01   4.2557300e+00   1.0000000e+00
   1.7300000e+02   2.7779900e+00  -5.2309400e+00   1.0000000e+00
   1.7400000e+02  -8.7437700e+00  -1.0325600e+01   1.0000000e+00
   1.7500000e+02   6.8481200e+00  -5.1500300e+00  -1.0000000e+00
   1.7600000e+02   1.3774600e+01   1.1207700e+01  -1.0000000e+00
   1.7700000e+02  -8.6929200e+00  -1.5880400e+01   1.0000000e+00
   1.7800000e+02  -7.9574900e+00  -1.7852500e+01   1.0000000e+00
   1.7900000e+02  -1.0762800e+01  -9.9478800e+00   1.0000000e+00
   1.8000000e+02   4.2071800e+00   1.0721700e+01  -1.0000000e+00
   1.8100000e+02  -1.1431900e+01  -1.3509400e+01   1.0000000e+00
   1.8200000e+02   9.9475100e+00   4.7707700e+00  -1.0000000e+00
   1.8300000e+02  -7.8282200e+00   1.5201300e+01   1.0000000e+00
   1.8400000e+02   9.3674500e+00   1.5750900e+01  -1.0000000e+00
   1.8500000e+02  -1.0634400e+01   1.2051900e+01   1.0000000e+00
   1.8600000e+02   1.4450400e+01  -1.0924600e+01  -1.0000000e+00
   1.8700000e+02   6.7802600e+00   2.9307800e-01  -1.0000000e+00
   1.8800000e+02   1.3081000e+01  -9.3140500e+00  -1.0000000e+00
   1.8900000e+02   2.7775100e+00   2.4388900e-01   1.0000000e+00
   1.9000000e+02  -5.9450100e+00  -1.8244000e+01   1.0000000e+00
   1.9100000e+02   2.1127700e+00  -8.6909500e+00   1.0000000e+00
   1.9200000e+02   2.9902700e+00  -1.6110100e+01   1.0000000e+00
   1.9300000e+02   1.6700100e+01   8.0800800e+00  -1.0000000e+00
   1.9400000e+02  -1.6962800e+01  -8.8997900e+00   1.0000000e+00
   1.9500000e+02  -5.5389200e-01   4.5555800e+00   1.0000000e+00
   1.9600000e+02   4.5778500e+00  -3.4705500e+00   1.0000000e+00
   1.9700000e+02   4.3224600e+00   1.8241800e+01  -1.0000000e+00
   1.9800000e+02  -6.0268600e+00  -7.2069500e+00   1.0000000e+00
   1.9900000e+02   1.5328500e+00  -1.2236300e+01   1.0000000e+00
   2.0000000e+02   1.4241300e+01   1.8225600e-01  -1.0000000e+00
   2.0100000e+02   2.0742500e+00   4.3037900e+00   1.0000000e+00
   2.0200000e+02  -1.7011500e+01   2.2169300e+00   1.0000000e+00
   2.0300000e+02   1.0355800e+01  -1.1669000e+01  -1.0000000e+00
   2.0400000e+02   3.8363900e+00   1.6226000e+01  -1.0000000e+00
   2.0500000e+02  -1.1307400e+00   1.1926700e+01   1.0000000e+00
   2.0600000e+02   6.8350100e+00   1.3188200e+01  -1.0000000e+00
   2.0700000e+02   1.3180800e+01   9.2292100e+00  -1.0000000e+00
   2.0800000e+02  -1.4216600e+01  -1.1107200e+01   1.0000000e+00
   2.0900000e+02   1.5883100e+01  -7.0236500e+00  -1.0000000e+00
   2.1000000e+02  -1.8965100e+00   8.4434000e+00   1.0000000e+00
   2.1100000e+02   5.8361000e+00   3.8135100e+00  -1.0000000e+00
   2.1200000e+02  -8.1105300e+00  -1.3101800e+00   1.0000000e+00
   2.1300000e+02   1.6292000e+01   6.4728200e-01  -1.0000000e+00
   2.1400000e+02   1.4005800e+01   5.6757800e+00  -1.0000000e+00
   2.1500000e+02  -6.5899300e+00  -1.6268800e+01   1.0000000e+00
   2.1600000e+02  -3.9946400e+00  -7.6003200e+00   1.0000000e+00
   2.1700000e+02  -1.2678100e+01   1.2386600e+01   1.0000000e+00
   2.1800000e+02   7.3225300e-01   6.2107600e-01   1.0000000e+00
   2.1900000e+02   2.1693200e-01   1.7257900e+01  -1.0000000e+00
   2.2000000e+02  -3.2241600e+00   6.8834400e+00   1.0000000e+00
   2.2100000e+02  -4.6674400e+00  -1.5696400e-01   1.0000000e+00
   2.2200000e+02   4.7864900e+00  -1.7470500e-01  -1.0000000e+00
   2.2300000e+02  -4.4793600e-01   9.9224800e+00   1.0000000e+00
   2.2400000e+02  -3.7767300e+00   1.4368800e+01   1.0000000e+00
   2.2500000e+02  -1.6344200e+01   5.9161300e+00   1.0000000e+00
   2.2600000e+02   6.9228900e+00  -1.0594900e+01   1.0000000e+00
   2.2700000e+02   9.6300100e+00  -8.2030800e+00  -1.0000000e+00
   2.2800000e+02   8.2371000e+00  -6.6568100e+00  -1.0000000e+00
   2.2900000e+02  -1.5644200e+01   3.8089600e+00   1.0000000e+00
   2.3000000e+02  -3.9034800e+00   8.8677600e+00   1.0000000e+00
   2.3100000e+02  -1.0797400e+01   1.0513100e+00   1.0000000e+00
   2.3200000e+02  -4.6424200e+00  -1.1120400e+01   1.0000000e+00
   2.3300000e+02   1.6456400e+01  -4.8984400e+00  -1.0000000e+00
   2.3400000e+02  -1.3549000e+01  -2.0955700e+00   1.0000000e+00
   2.3500000e+02   8.8572100e-01   1.1504200e+01  -1.0000000e+00
   2.3600000e+02  -9.4322200e+00  -8.3597300e+00   1.0000000e+00
   2.3700000e+02  -1.4891900e+01  -9.1439000e+00   1.0000000e+00
   2.3800000e+02   8.4953100e+00   6.2581400e+00  -1.0000000e+00
   2.3900000e+02   6.5041300e+00   5.7635100e+00  -1.0000000e+00
   2.4000000e+02  -7.2926800e+00   7.6877600e+00   1.0000000e+00
   2.4100000e+02   1.2373300e+01  -5.7853700e+00  -1.0000000e+00
   2.4200000e+02  -1.6960000e+01  -3.2886500e+00   1.0000000e+00
   2.4300000e+02  -1.1508200e+01   2.9697800e+00   1.0000000e+00
   2.4400000e+02   1.4324400e+01   1.3192800e+01  -1.0000000e+00
   2.4500000e+02   3.8526400e+00   3.2824400e+00  -1.0000000e+00
   2.4600000e+02   1.4645400e+01   7.6801500e+00  -1.0000000e+00
   2.4700000e+02  -5.3756200e+00  -3.6530600e+00   1.0000000e+00
   2.4800000e+02  -6.5160000e+00   1.6841800e+01   1.0000000e+00
   2.4900000e+02  -3.2275000e+00  -1.5031500e+01   1.0000000e+00
   2.5000000e+02   8.5262100e+00  -1.5371000e+01   1.0000000e+00
   2.5100000e+02   1.1156000e+01   8.7155600e+00  -1.0000000e+00
   2.5200000e+02  -3.1642000e+00   1.2386000e+01   1.0000000e+00
   2.5300000e+02   8.0379300e-01  -1.0275300e+01   1.0000000e+00
   2.5400000e+02   1.5074200e+01  -3.3303500e+00  -1.0000000e+00
   2.5500000e+02  -1.1250000e+01   1.4034400e+01   1.0000000e+00
   2.5600000e+02  -6.7052000e+00  -1.0690700e+01   1.0000000e+00
   2.5700000e+02  -2.5760700e+00   4.9339800e+00   1.0000000e+00
   2.5800000e+02   1.8909900e-01  -1.3804200e+01   1.0000000e+00
   2.5900000e+02   9.3489100e-01   6.0279300e+00   1.0000000e+00
   2.6000000e+02  -7.3056300e+00  -1.4279900e+01   1.0000000e+00
   2.6100000e+02  -5.1930200e-01  -1.1878000e+01   1.0000000e+00
   2.6200000e+02   7.3712900e+00   1.5168000e+01  -1.0000000e+00
   2.6300000e+02   1.7291300e+00   9.5684000e+00  -1.0000000e+00
   2.6400000e+02   1.4175000e+00  -1.3212300e+00   1.0000000e+00
   2.6500000e+02   5.3159900e+00   1.8227700e+00  -1.0000000e+00
   2.6600000e+02   6.1541700e+00  -7.0981800e+00   1.0000000e+00
   2.6700000e+02  -7.2133300e+00   1.3232800e+01   1.0000000e+00
   2.6800000e+02  -6.5662200e+00   1.1242600e+01   1.0000000e+00
   2.6900000e+02  -5.2763700e+00   7.3057000e+00   1.0000000e+00
   2.7000000e+02  -4.5470800e+00   1.0829500e+01   1.0000000e+00
   2.7100000e+02  -4.6474500e+00   5.3364000e+00   1.0000000e+00
   2.7200000e+02  -1.3266900e+00  -4.4328300e+00   1.0000000e+00
   2.7300000e+02   5.6859700e+00  -1.2847500e+01   1.0000000e+00
   2.7400000e+02   6.4243400e+00  -1.4798800e+01   1.0000000e+00
   2.7500000e+02  -2.6469400e+00  -5.3332800e-01   1.0000000e+00
   2.7600000e+02  -1.0081900e+01   4.5565300e+00   1.0000000e+00
   2.7700000e+02  -5.3472700e+00  -9.1619900e+00   1.0000000e+00
   2.7800000e+02   1.0965300e+01  -4.2562500e+00  -1.0000000e+00
   2.7900000e+02   7.5558900e+00  -3.1732000e+00  -1.0000000e+00
   2.8000000e+02   8.8350800e+00   1.3690000e+01  -1.0000000e+00
   2.8100000e+02   1.6907800e+00  -1.7767700e+01   1.0000000e+00
   2.8200000e+02   5.1674200e+00  -1.6465500e+01   1.0000000e+00
   2.8300000e+02  -3.3012100e+00   1.4215600e+00   1.0000000e+00
   2.8400000e+02   2.9477500e-01   7.9861500e+00   1.0000000e+00
   2.8500000e+02  -1.4889200e+01  -3.6680100e+00   1.0000000e+00
   2.8600000e+02   1.1938200e+01   5.2336100e+00  -1.0000000e+00
   2.8700000e+02   7.4038900e-01  -4.8361400e+00   1.0000000e+00
   2.8800000e+02   7.6748400e+00   9.7462300e+00  -1.0000000e+00
   2.8900000e+02   2.7881500e+00   1.2256900e+01  -1.0000000e+00
   2.9000000e+02  -1.4172600e+01   1.0955500e+01   1.0000000e+00
   2.9100000e+02  -6.6740600e+00   5.7247800e+00   1.0000000e+00
   2.9200000e+02   1.3656700e+01  -1.2934500e+01  -1.0000000e+00
   2.9300000e+02  -8.5906500e+00   1.1696200e+01   1.0000000e+00
   2.9400000e+02   1.2233400e+01  -2.7929400e-01  -1.0000000e+00
   2.9500000e+02   1.8473100e+01  -4.4517400e+00  -1.0000000e+00
   2.9600000e+02  -2.6153500e+00  -1.1528300e+01   1.0000000e+00
   2.9700000e+02  -1.2022300e+01   1.0421100e+01   1.0000000e+00
   2.9800000e+02   1.0589700e+01  -1.5424400e+01  -1.0000000e+00
   2.9900000e+02   1.5680400e+01  -1.3511600e+00  -1.0000000e+00
