   0.0000000e+00   1.7970300e+01  -3.9102200e-01  -1.0000000e+00
   1.0000000e+00  -7.2615900e+00   1.2343100e+01   1.0000000e+00
   2.0000000e+00  -9.1520100e+00   1.1518200e+01   1.0000000e+00
   3.0000000e+00  -1.6849500e+01   5.8276300e+00   1.0000000e+00
   4.0000000e+00   1.3275000e+01  -3.3600400e+00  -1.0000000e+00
   5.0000000e+00  -8.7997500e+00  -8.5641400e+00  -1.0000000e+00
   6.0000000e+00  -2.8529200e+00   5.0825800e-01   1.0000000e+00
   7.0000000e+00  -2.6664700e+00   1.6198500e+01   1.0000000e+00
   8.0000000e+00   1.8548200e+01   1.6162300e+00  -1.0000000e+00
   9.0000000e+00  -1.0798200e+01  -8.0586500e+00   1.0000000e+00
   1.0000000e+01   4.3125900e+00  -1.7886900e+00  -1.0000000e+00
   1.1000000e+01   7.7872000e+00  -2.8387600e+00  -1.0000000e+00
   1.2000000e+01   1.5304500e+01  -2.8626100e+00  -1.0000000e+00
   1.3000000e+01  -1.2925000e+01   9.7553500e+00   1.0000000e+00
   1.4000000e+01   1.4849400e+01  -1.0447400e+01  -1.0000000e+00
   1.5000000e+01   1.1964900e+01   1.3244300e+01   1.0000000e+00
   1.6000000e+01   3.5825300e+00   9.0329200e+00   1.0000000e+00
   1.7000000e+01  -7.7327500e-01   3.4216800e+00   1.0000000e+00
   1.8000000e+01   5.9447500e+00  -8.7868700e+00  -1.0000000e+00
   1.9000000e+01  -1.1574400e+01   4.3566900e+00   1.0000000e+00
   2.0000000e+01   1.2132800e+00  -1.1710700e+01  -1.0000000e+00
   2.1000000e+01   1.1130300e+00   1.3613600e+00   1.0000000e+00
   2.2000000e+01   8.8034000e+00   1.6349100e+01   1.0000000e+00
   2.3000000e+01   5.7309200e+00  -3.2814400e+00  -1.0000000e+00
   2.4000000e+01  -2.8078500e+00  -1.5742200e+01  -1.0000000e+00
   2.5000000e+01  -9.8683200e+00   3.1910400e+00   1.0000000e+00
   2.6000000e+01   1.0431700e+01  -3.7333500e-01  -1.0000000e+00
   2.7000000e+01   4.6257600e+00   5.5756300e+00   1.0000000e+00
   2.8000000e+01   3.7004900e+00  -3.7630900e+00  -1.0000000e+00
   2.9000000e+01  -3.0901600e+00   1.4143900e+01   1.0000000e+00
   3.0000000e+01  -1.3762900e+01  -1.0913600e+01  -1.0000000e+00
   3.1000000e+01  -4.4175600e+00   3.7938600e+00   1.0000000e+00
   3.2000000e+01  -6.1442600e+00   4.9822900e+00   1.0000000e+00
   3.3000000e+01  -1.5482900e+01  -1.9545600e+00   1.0000000e+00
   3.4000000e+01   7.5374400e+00   1.0184900e+01   1.0000000e+00
   3.5000000e+01   1.2223500e+00  -1.7338500e+01  -1.0000000e+00
   3.6000000e+01   1.1652200e+00   6.3948000e+00   1.0000000e+00
   3.7000000e+01  -1.6352300e+01  -8.0818700e+00   1.0000000e+00
   3.8000000e+01  -1.0024400e+01   1.1522100e+00   1.0000000e+00
   3.9000000e+01   1.1601000e+01   3.6533300e+00  -1.0000000e+00
   4.0000000e+01   4.6513300e+00  -1.2799000e+01  -1.0000000e+00
   4.1000000e+01   1.3056300e+01   2.1743300e+00  -1.0000000e+00
   4.2000000e+01  -1.0134200e+01  -9.7650200e-01   1.0000000e+00
   4.3000000e+01  -8.8481400e-01  -6.6939500e+00  -1.0000000e+00
   4.4000000e+01  -1.0221300e+01  -1.0127600e+01  -1.0000000e+00
   4.5000000e+01   7.1159700e+00   8.1373300e+00   1.0000000e+00
   4.6000000e+01   9.3399500e+00  -9.8543300e+00  -1.0000000e+00
   4.7000000e+01  -4.2982100e-02   9.6226100e+00   1.0000000e+00
   4.8000000e+01   4.3335900e+00   1.3123000e+01   1.0000000e+00
   4.9000000e+01  -2.1929900e+00   8.7788100e+00   1.0000000e+00
   5.0000000e+01  -1.1054900e+01   1.0634500e+01   1.0000000e+00
   5.1000000e+01   1.2816800e+01  -1.0887600e+01  -1.0000000e+00
   5.2000000e+01  -1.5937200e+01  -1.0218000e+01   1.0000000e+00
   5.3000000e+01  -1.6681600e+01   8.0452400e+00   1.0000000e+00
   5.4000000e+01  -1.3719500e+01  -3.0941600e+00   1.0000000e+00
   5.5000000e+01  -2.6989500e+00   2.5636700e+00   1.0000000e+00
   5.6000000e+01  -5.7703300e+00   9.1081000e+00   1.0000000e+00
   5.7000000e+01  -1.4990500e+01   6.7081500e+00   1.0000000e+00
   5.8000000e+01  -1.2556700e+01   1.3941600e+01   1.0000000e+00
   5.9000000e+01  -1.0829200e+01   1.2724900e+01   1.0000000e+00
   6.0000000e+01   1.6689900e+00  -4.2179500e+00  -1.0000000e+00
   6.1000000e+01  -1.1190400e+01  -1.3729100e+01  -1.0000000e+00
   6.2000000e+01   9.5982400e+00   3.1594000e+00  -1.0000000e+00
   6.3000000e+01   8.2838800e+00   1.4261500e+01   1.0000000e+00
   6.4000000e+01  -2.2119700e+00   1.8255800e+01   1.0000000e+00
   6.5000000e+01  -4.6623900e+00   1.5476800e+01   1.0000000e+00
   6.6000000e+01  -1.5452800e+01   4.2930600e-01   1.0000000e+00
   6.7000000e+01   5.5381600e+00   9.6629200e+00   1.0000000e+00
   6.8000000e+01  -1.0480000e+01  -1.5959500e+01  -1.0000000e+00
   6.9000000e+01  -9.4139800e+00  -6.5051100e+00   1.0000000e+00
   7.0000000e+01   2.5087500e+00  -7.7610300e+00  -1.0000000e+00
   7.1000000e+01  -7.0778500e+00  -1.4831700e+01  -1.0000000e+00
   7.2000000e+01  -1.5479000e+01  -4.1774100e+00   1.0000000e+00
   7.3000000e+01  -1.4920600e+00  -8.7281100e+00  -1.0000000e+00
   7.4000000e+01   5.1002800e+00  -5.2719900e+00  -1.0000000e+00
   7.5000000e+01   9.8263000e+00  -2.3628700e+00  -1.0000000e+00
   7.6000000e+01   3.1926000e+00   1.6516500e+01   1.0000000e+00
   7.7000000e+01   1.2019000e+01  -7.3335700e+00  -1.0000000e+00
   7.8000000e+01   2.2705700e+00  -2.2486000e+00  -1.0000000e+00
   7.9000000e+01   1.2665100e+01  -5.3280900e+00  -1.0000000e+00
   8.0000000e+01  -6.2654900e+00  -1.1369800e+01  -1.0000000e+00
   8.1000000e+01   4.1431500e+00   3.5743000e+00   1.0000000e+00
   8.2000000e+01  -1.2010200e+01  -1.8552600e+00   1.0000000e+00
   8.3000000e+01  -1.3195400e+01  -1.3104200e+01  -1.0000000e+00
   8.4000000e+01  -5.4799200e+00   1.1275700e+01   1.0000000e+00
   8.5000000e+01   7.1257500e+00  -4.7951200e+00  -1.0000000e+00
   8.6000000e+01  -1.0665400e+01   1.4826500e+01   1.0000000e+00
   8.7000000e+01   2.4086200e-01  -2.7113400e+00  -1.0000000e+00
   8.8000000e+01  -1.1839600e+01  -3.9236700e+00   1.0000000e+00
   8.9000000e+01  -8.2792300e+00  -1.0829100e+01  -1.0000000e+00
   9.0000000e+01  -1.2780300e+01  -7.5061300e+00   1.0000000e+00
   9.1000000e+01  -1.4626300e+01   1.0988500e+01   1.0000000e+00
   9.2000000e+01   6.2660700e-01   1.3670300e+01   1.0000000e+00
   9.3000000e+01   1.3020300e+00   3.4231800e+00   1.0000000e+00
   9.4000000e+01  -8.4713700e+00   1.5636800e+01   1.0000000e+00
   9.5000000e+01  -1.3775600e+01  -7.7836300e-01   1.0000000e+00
   9.6000000e+01   6.1406000e+00   4.1440400e+00  -1.0000000e+00
   9.7000000e+01  -1.2543200e+01  -1.5350600e+01  -1.0000000e+00
   9.8000000e+01  -5.9298400e+00  -5.4612500e+00  -1.0000000e+00
   9.9000000e+01  -4.0526500e+00  -6.3302000e+00  -1.0000000e+00
   1.0000000e+02  -7.7054700e+00  -1.2837300e+01  -1.0000000e+00
   1.0100000e+02  -1.3453400e+01   3.4702500e+00   1.0000000e+00
   1.0200000e+02   1.3663200e+01   1.1721100e+01   1.0000000e+00
   1.0300000e+02   4.7560800e+00   1.5156200e+01   1.0000000e+00
   1.0400000e+02  -9.7838600e+00  -4.0081500e+00   1.0000000e+00
   1.0500000e+02  -7.9924300e+00   4.1051800e+00   1.0000000e+00
   1.0600000e+02  -1.4730000e+01  -6.8239700e+00   1.0000000e+00
   1.0700000e+02  -3.4368400e+00  -1.3739100e+01  -1.0000000e+00
   1.0800000e+02  -6.4524200e+00   8.8470400e-01   1.0000000e+00
   1.0900000e+02   8.3850700e+00  -8.7172400e-01  -1.0000000e+00
   1.1000000e+02   1.0600200e+01  -5.8433700e+00  -1.0000000e+00
   1.1100000e+02  -1.0549500e+00   1.4867700e+01   1.0000000e+00
   1.1200000e+02   2.6563100e+00   4.9963100e+00   1.0000000e+00
   1.1300000e+02  -3.4979100e+00  -8.3032100e+00  -1.0000000e+00
   1.1400000e+02   1.5884900e+01  -8.9835000e-01  -1.0000000e+00
   1.1500000e+02   1.6742500e+01  -4.3396100e+00  -1.0000000e+00
   1.1600000e+02   3.1134300e+00  -5.7828800e+00  -1.0000000e+00
   1.1700000e+02   1.7490000e+01  -7.9368400e+00  -1.0000000e+00
   1.1800000e+02   3.1425600e+00   1.7894600e+00  -1.0000000e+00
   1.1900000e+02   1.3569800e+01  -1.4422100e+01  -1.0000000e+00
   1.2000000e+02   2.6318900e+00  -1.3215100e+01  -1.0000000e+00
   1.2100000e+02  -8.3267000e+00  -1.4329500e-03   1.0000000e+00
   1.2200000e+02   1.3601500e+01   4.1579400e+00  -1.0000000e+00
   1.2300000e+02   1.3970300e+01   1.3755700e+01   1.0000000e+00
   1.2400000e+02  -1.1686200e+01  -1.1560200e+01  -1.0000000e+00
   1.2500000e+02   1.8778600e+00  -9.7292100e+00  -1.0000000e+00
   1.2600000e+02  -4.1830400e+00  -1.7269600e+01  -1.0000000e+00
   1.2700000e+02   3.1542200e+00   7.0156500e+00   1.0000000e+00
   1.2800000e+02  -9.5426100e+00   7.3396200e+00   1.0000000e+00
   1.2900000e+02   1.0159900e+01   5.1386100e+00  -1.0000000e+00
   1.3000000e+02   9.6685000e+00   1.0693900e+01   1.0000000e+00
   1.3100000e+02   7.0212900e+00   6.5289800e-01  -1.0000000e+00
   1.3200000e+02  -1.4220700e+00   1.2837900e+01   1.0000000e+00
   1.3300000e+02  -4.5831900e+00   1.7547600e+00   1.0000000e+00
   1.3400000e+02   8.6449000e+00   6.6569100e+00   1.0000000e+00
   1.3500000e+02   5.8757200e+00   1.1689900e+01   1.0000000e+00
   1.3600000e+02   1.0655000e+01   7.1602700e+00  -1.0000000e+00
   1.3700000e+02  -8.1518600e+00   2.0479600e+00   1.0000000e+00
   1.3800000e+02  -1.7174400e+01   1.5592500e+00   1.0000000e+00
   1.3900000e+02   1.6224800e+01   6.7104900e+00  -1.0000000e+00
   1.4000000e+02   1.3390900e+01  -8.9099200e+00  -1.0000000e+00
   1.4100000e+02   8.7452800e+00  -1.1825400e+01  -1.0000000e+00
   1.4200000e+02   1.0003700e+01  -7.8075500e+00  -1.0000000e+00
   1.4300000e+02   1.4044000e+01  -6.9293000e+00  -1.0000000e+00
   1.4400000e+02  -3.2671300e-01  -4.7074800e+00  -1.0000000e+00
   1.4500000e+02  -2.8413800e+00  -1.0286300e+01  -1.0000000e+00
   1.4600000e+02   2.9104700e+00  -2.7066800e-01  -1.0000000e+00
   1.4700000e+02   1.2933700e+00   1.7783100e+01   1.0000000e+00
   1.4800000e+02   1.1138600e+01   9.1584700e+00   1.0000000e+00
   1.4900000e+02  -3.4622500e+00   1.2038400e+01   1.0000000e+00
   1.5000000e+02   1.1258000e+01  -3.8411300e+00  -1.0000000e+00
   1.5100000e+02   1.2659000e+01   7.6830900e+00  -1.0000000e+00
   1.5200000e+02   1.6061000e+01  -6.4309600e+00  -1.0000000e+00
   1.5300000e+02   9.1824000e+00  -4.3513400e+00  -1.0000000e+00
   1.5400000e+02   9.1455600e+00   8.6806000e+00   1.0000000e+00
   1.5500000e+02   1.0437500e+01   1.4887300e+01   1.0000000e+00
   1.5600000e+02   6.2521400e-01  -1.3688600e+01  -1.0000000e+00
   1.5700000e+02   1.1519500e+01  -1.4921100e+01  -1.0000000e+00
   1.5800000e+02   1.4172200e+01  -1.2441700e+01  -1.0000000e+00
   1.5900000e+02   1.6495400e+01   1.1360000e+00  -1.0000000e+00
   1.6000000e+02  -3.0187700e+00  -1.5594600e+00   1.0000000e+00
   1.6100000e+02   1.1357200e+01  -9.3765300e+00  -1.0000000e+00
   1.6200000e+02   9.9029600e+00   1.2868900e+01   1.0000000e+00
   1.6300000e+02  -5.3508400e-01  -1.0615500e+01  -1.0000000e+00
   1.6400000e+02   1.2532100e+01   1.5223100e+01   1.0000000e+00
   1.6500000e+02   1.9401300e+00   1.0446400e+01   1.0000000e+00
   1.6600000e+02  -1.1733300e+01   2.3035800e+00   1.0000000e+00
   1.6700000e+02   1.0459100e+00   1.5707900e+01   1.0000000e+00
   1.6800000e+02  -4.2041300e+00   1.7574100e+01   1.0000000e+00
   1.6900000e+02   7.5974800e+00   2.6577200e+00  -1.0000000e+00
   1.7000000e+02   6.5332200e+00  -6.8149100e+00  -1.0000000e+00
   1.7100000e+02  -1.8843300e+01   2.8023300e+00   1.0000000e+00
   1.7200000e+02   1.1047300e+01   1.6554300e+00  -1.0000000e+00
   1.7300000e+02   7.9478300e+00  -8.3085800e+00  -1.0000000e+00
   1.7400000e+02   6.7774100e+00   1.5772000e+01   1.0000000e+00
   1.7500000e+02   4.5242000e+00  -7.2998800e+00  -1.0000000e+00
   1.7600000e+02  -5.6575500e+00  -1.3359500e+01  -1.0000000e+00
   1.7700000e+02   1.2156200e+01   5.6600600e+00  -1.0000000e+00
   1.7800000e+02  -5.5041500e+00  -7.7871500e+00  -1.0000000e+00
   1.7900000e+02  -3.8604500e+00   9.9822500e+00   1.0000000e+00
   1.8000000e+02  -5.9704800e-01   1.6968100e+01   1.0000000e+00
   1.8100000e+02  -2.5501500e+00   4.6512200e+00   1.0000000e+00
   1.8200000e+02  -6.7101900e+00  -3.4200000e+00   1.0000000e+00
   1.8300000e+02  -8.9021000e+00   1.3596100e+01   1.0000000e+00
   1.8400000e+02  -1.3135300e+01   7.6582900e+00   1.0000000e+00
   1.8500000e+02  -6.2094200e+00  -1.6884900e+01  -1.0000000e+00
   1.8600000e+02  -4.8645600e+00  -9.8541300e+00  -1.0000000e+00
   1.8700000e+02  -1.6669200e+01  -6.0201300e+00   1.0000000e+00
   1.8800000e+02  -9.1349700e+00  -1.4336800e+01  -1.0000000e+00
   1.8900000e+02  -1.8426400e+01  -4.7017800e+00   1.0000000e+00
   1.9000000e+02  -6.7108100e+00  -1.2764000e+00   1.0000000e+00
   1.9100000e+02  -1.4803000e+01   8.8872100e+00   1.0000000e+00
   1.9200000e+02   8.1077100e+00  -1.3898000e+01  -1.0000000e+00
   1.9300000e+02  -2.3228900e+00  -5.1930600e+00  -1.0000000e+00
   1.9400000e+02  -2.3801600e+00   6.7166800e+00   1.0000000e+00
   1.9500000e+02   4.9398300e+00   1.6398700e-01  -1.0000000e+00
   1.9600000e+02  -5.0092600e+00   1.3418500e+01   1.0000000e+00
   1.9700000e+02   1.4455700e+01   6.3662600e-01  -1.0000000e+00
   1.9800000e+02  -8.5806200e+00  -2.3252100e+00   1.0000000e+00
   1.9900000e+02   4.9731700e-01  -8.2177200e+00  -1.0000000e+00
   2.0000000e+02   7.4222400e+00  -1.5866700e+01  -1.0000000e+00
   2.0100000e+02  -1.1409200e+01  -5.9624500e+00   1.0000000e+00
   2.0200000e+02   6.6155900e+00   6.1414400e+00   1.0000000e+00
   2.0300000e+02  -9.7336900e+00  -1.2270800e+01  -1.0000000e+00
   2.0400000e+02   9.0197700e-01  -6.7707100e-01  -1.0000000e+00
   2.0500000e+02  -1.4124900e+00  -1.4135200e+01  -1.0000000e+00
   2.0600000e+02   6.7113900e+00  -1.2363900e+01  -1.0000000e+00
   2.0700000e+02  -4.7614500e+00  -2.9884200e-01   1.0000000e+00
   2.0800000e+02  -1.0233200e+01   1.6892200e+01   1.0000000e+00
   2.0900000e+02   3.8845000e+00   1.1114200e+01   1.0000000e+00
   2.1000000e+02   9.5129700e+00  -1.5448200e+01  -1.0000000e+00
   2.1100000e+02   1.5055300e+01   2.6634300e+00  -1.0000000e+00
   2.1200000e+02   1.0750200e+01  -1.1360200e+01  -1.0000000e+00
   2.1300000e+02  -7.8385400e+00   6.1785200e+00   1.0000000e+00
   2.1400000e+02  -1.3293000e+01   5.5496300e+00   1.0000000e+00
   2.1500000e+02  -9.6702900e-01   1.3706800e+00   1.0000000e+00
   2.1600000e+02   5.3064900e+00  -1.0850200e+01  -1.0000000e+00
   2.1700000e+02   9.0233500e+00   1.1524800e+00  -1.0000000e+00
   2.1800000e+02   1.8061300e+01  -5.9161200e+00  -1.0000000e+00
   2.1900000e+02   1.1678900e+01   1.1165400e+01   1.0000000e+00
   2.2000000e+02  -6.1313600e+00   1.8539700e+01   1.0000000e+00
   2.2100000e+02  -4.0808000e+00   7.9113800e+00   1.0000000e+00
   2.2200000e+02  -1.7250700e+01  -8.0895800e-01   1.0000000e+00
   2.2300000e+02   6.2917800e+00   1.3752700e+01   1.0000000e+00
   2.2400000e+02   3.9941400e+00  -1.4773500e+01  -1.0000000e+00
   2.2500000e+02   3.9400700e+00  -9.2879300e+00  -1.0000000e+00
   2.2600000e+02  -1.8934700e+01   4.3179200e-01   1.0000000e+00
   2.2700000e+02  -9.3407900e+00   9.4677100e+00   1.0000000e+00
   2.2800000e+02  -1.7536400e+00  -3.1874100e+00  -1.0000000e+00
   2.2900000e+02  -1.2229900e+01  -9.5356800e+00  -1.0000000e+00
   2.3000000e+02   1.3142100e+01   9.6913500e+00   1.0000000e+00
   2.3100000e+02   5.5905900e+00   2.1200200e+00  -1.0000000e+00
   2.3200000e+02   1.0119000e+01  -1.3378900e+01  -1.0000000e+00
   2.3300000e+02   1.5416100e+01  -8.4674200e+00  -1.0000000e+00
   2.3400000e+02  -1.1865600e+01   2.3617100e-01   1.0000000e+00
   2.3500000e+02   1.2442100e+01   1.3574300e-01  -1.0000000e+00
   2.3600000e+02  -1.5138700e+01   4.6384200e+00   1.0000000e+00
   2.3700000e+02  -7.9633500e+00  -5.0419100e+00   1.0000000e+00
   2.3800000e+02  -7.4589900e+00   1.0294000e+01   1.0000000e+00
   2.3900000e+02  -6.4464600e-02  -1.5683400e+01  -1.0000000e+00
   2.4000000e+02   8.5358000e+00  -6.3049800e+00  -1.0000000e+00
   2.4100000e+02   1.3880300e+01  -1.3624700e+00  -1.0000000e+00
   2.4200000e+02   1.6313300e+00   8.4033200e+00   1.0000000e+00
   2.4300000e+02  -1.3452500e+01  -5.2146900e+00   1.0000000e+00
   2.4400000e+02   1.4700500e+01  -4.8960000e+00  -1.0000000e+00
   2.4500000e+02  -4.9948000e-01   7.5988500e+00   1.0000000e+00
   2.4600000e+02  -1.3995500e+00  -1.7406900e+01  -1.0000000e+00
   2.4700000e+02   1.1125100e+00  -6.2196100e+00  -1.0000000e+00
   2.4800000e+02   7.3210800e+00  -1.0342200e+01  -1.0000000e+00
   2.4900000e+02   2.6226800e-01   1.1652000e+01   1.0000000e+00
   2.5000000e+02   8.1384900e+00   4.6520800e+00  -1.0000000e+00
   2.5100000e+02  -5.9365200e+00   7.0351400e+00   1.0000000e+00
   2.5200000e+02   2.7164600e+00   1.4489700e+01   1.0000000e+00
   2.5300000e+02  -1.1515400e+00  -7.1033600e-01   1.0000000e+00
   2.5400000e+02   6.0196100e+00  -1.4363300e+01  -1.0000000e+00
   2.5500000e+02   1.4689600e+01   8.2624600e+00  -1.0000000e+00
   2.5600000e+02  -1.7000400e+01   3.7308300e+00   1.0000000e+00
   2.5700000e+02   1.7398500e+01  -2.3948000e+00  -1.0000000e+00
   2.5800000e+02   1.1862200e+01  -1.8549000e+00  -1.0000000e+00
   2.5900000e+02   2.3358600e+00   1.2465700e+01   1.0000000e+00
   2.6000000e+02  -2.0308100e+00  -1.2180200e+01  -1.0000000e+00
   2.6100000e+02  -6.6629600e-01   5.4667900e+00   1.0000000e+00
   2.6200000e+02  -1.7282400e+01  -2.9830300e+00   1.0000000e+00
   2.6300000e+02   1.7099000e+01   3.1544400e+00  -1.0000000e+00
   2.6400000e+02  -4.2489400e+00  -1.1821100e+01  -1.0000000e+00
   2.6500000e+02   3.2787300e+00  -1.6845900e+01  -1.0000000e+00
   2.6600000e+02  -1.1431600e+01   6.4473500e+00   1.0000000e+00
   2.6700000e+02  -8.4333200e+00  -1.6371900e+01  -1.0000000e+00
   2.6800000e+02  -4.1753600e+00  -4.2837100e+00  -1.0000000e+00
   2.6900000e+02  -4.2624300e+00   5.8363200e+00   1.0000000e+00
   2.7000000e+02  -6.2781100e+00   2.9239500e+00   1.0000000e+00
   2.7100000e+02  -6.8447500e+00   1.4375100e+01   1.0000000e+00
   2.7200000e+02  -6.8868800e+00  -9.3133600e+00  -1.0000000e+00
   2.7300000e+02  -1.2733700e+01   1.1866600e+01   1.0000000e+00
   2.7400000e+02  -7.6426400e+00   8.2392000e+00   1.0000000e+00
   2.7500000e+02   6.3691200e+00  -1.3196100e+00  -1.0000000e+00
   2.7600000e+02   5.1548800e+00   1.7178500e+01   1.0000000e+00
   2.7700000e+02  -4.9385200e+00  -2.3467600e+00   1.0000000e+00
   2.7800000e+02   1.2147400e+01  -1.2905600e+01  -1.0000000e+00
   2.7900000e+02   7.8823300e+00   1.2206700e+01   1.0000000e+00
   2.8000000e+02  -7.4079100e+00  -7.0321000e+00  -1.0000000e+00
   2.8100000e+02  -6.5520500e+00   1.6500600e+01   1.0000000e+00
   2.8200000e+02  -1.7586400e+00   1.0783500e+01   1.0000000e+00
   2.8300000e+02   5.1184800e+00   7.6465800e+00   1.0000000e+00
   2.8400000e+02   1.9784300e+00  -1.5238500e+01  -1.0000000e+00
   2.8500000e+02   3.2654500e+00  -1.1246700e+01  -1.0000000e+00
   2.8600000e+02  -1.5271800e+01  -1.2340000e+01  -1.0000000e+00
   2.8700000e+02  -1.5313400e+01   2.4839800e+00   1.0000000e+00
   2.8800000e+02  -9.7026800e+00   5.2841900e+00   1.0000000e+00
   2.8900000e+02  -1.1229000e+01   8.5200400e+00   1.0000000e+00
   2.9000000e+02   1.7719800e+01   5.2288600e+00  -1.0000000e+00
   2.9100000e+02   1.5176400e+01   1.0264800e+01  -1.0000000e+00
   2.9200000e+02  -1.4312300e+01  -8.9018800e+00   1.0000000e+00
   2.9300000e+02   1.4134900e+01   6.1978100e+00  -1.0000000e+00
   2.9400000e+02   1.5589600e+01   4.6791100e+00  -1.0000000e+00
   2.9500000e+02   5.3716000e+00  -1.6335000e+01  -1.0000000e+00
   2.9600000e+02  -1.3565900e+01   1.3902700e+00   1.0000000e+00
   2.9700000e+02   1.6882300e+01  -1.0019500e+01  -1.0000000e+00
   2.9800000e+02   6.7695200e+00  -1.7910900e+01  -1.0000000e+00
   2.9900000e+02  -4.8339500e+00  -1.5320100e+01  -1.0000000e+00
