   0.0000000e+00  -1.3956800e+01   1.4075600e+00   1.0000000e+00
   1.0000000e+00   7.5105300e+00  -1.5260700e+01  -1.0000000e+00
   2.0000000e+00   6.8549400e+00   9.8758200e+00  -1.0000000e+00
   3.0000000e+00  -3.5532500e-01   7.8915200e+00  -1.0000000e+00
   4.0000000e+00   1.5105000e+00   1.8751600e+01  -1.0000000e+00
   5.0000000e+00   9.1380300e+00   2.7519900e+00  -1.0000000e+00
   6.0000000e+00   1.1212200e+01   2.8036500e+00  -1.0000000e+00
   7.0000000e+00  -1.0275200e-01  -2.9001600e+00  -1.0000000e+00
   8.0000000e+00   9.0123700e+00   6.3095800e+00  -1.0000000e+00
   9.0000000e+00   1.0868900e+01   1.3611000e+01  -1.0000000e+00
   1.0000000e+01   1.4410100e+01   1.0901700e+00  -1.0000000e+00
   1.1000000e+01  -7.7954000e+00   1.0231800e+01   1.0000000e+00
   1.2000000e+01   1.2559900e+01  -6.1173400e+00  -1.0000000e+00
   1.3000000e+01  -2.6168900e+00   1.4989800e+01  -1.0000000e+00
   1.4000000e+01   1.6235200e+00   1.1528200e+01  -1.0000000e+00
   1.5000000e+01  -1.0753700e+01  -5.0931700e+00   1.0000000e+00
   1.6000000e+01  -9.6992900e+00   9.3704600e+00   1.0000000e+00
   1.7000000e+01  -7.6267300e+00  -1.3547500e+01   1.0000000e+00
   1.8000000e+01   1.1423600e+00  -8.2532800e+00  -1.0000000e+00
   1.9000000e+01  -1.6394200e+01  -5.7553000e+00   1.0000000e+00
   2.0000000e+01   2.4193900e+00  -1.7263400e+01  -1.0000000e+00
   2.1000000e+01   1.3407000e+01  -7.2819400e-01  -1.0000000e+00
   2.2000000e+01  -4.4670100e+00   4.2308300e+00  -1.0000000e+00
   2.3000000e+01  -3.6084400e+00   1.3205200e+01  -1.0000000e+00
   2.4000000e+01  -1.1783700e+01   6.4458800e+00   1.0000000e+00
   2.5000000e+01   4.3279100e+00  -9.9256100e+00  -1.0000000e+00
   2.6000000e+01   3.8855900e+00   4.4300000e+00  -1.0000000e+00
   2.7000000e+01   7.0323400e+00   2.7024400e+00  -1.0000000e+00
   2.8000000e+01   5.6561100e+00   1.5259300e+01  -1.0000000e+00
   2.9000000e+01   1.9132700e+00   7.5296700e-01  -1.0000000e+00
   3.0000000e+01   1.2025100e+01   1.1821300e+01  -1.0000000e+00
   3.1000000e+01   2.9038800e+00   2.5933300e+00  -1.0000000e+00
   3.2000000e+01  -7.5619300e+00  -1.1488100e+01   1.0000000e+00
   3.3000000e+01   1.0324800e+01  -2.6132900e+00  -1.0000000e+00
   3.4000000e+01   1.6349500e+01   8.3157900e+00  -1.0000000e+00
   3.5000000e+01   1.1434000e+01  -4.3406700e+00  -1.0000000e+00
   3.6000000e+01  -1.0900100e+01  -7.1461500e+00   1.0000000e+00
   3.7000000e+01   7.9322500e+00   8.0873600e+00  -1.0000000e+00
   3.8000000e+01  -1.2768500e+01   1.4069500e+01   1.0000000e+00
   3.9000000e+01   1.1527500e+01  -7.9496100e+00  -1.0000000e+00
   4.0000000e+01  -8.2053700e+00   6.1135400e+00   1.0000000e+00
   4.1000000e+01  -1.1219000e+01  -1.3443800e+01   1.0000000e+00
   4.2000000e+01   1.2122500e+01   8.2043500e+00  -1.0000000e+00
   4.3000000e+01  -5.7022800e+00  -1.4721200e+01   1.0000000e+00
   4.4000000e+01  -1.2191300e+01   2.0691100e-01   1.0000000e+00
   4.5000000e+01  -2.9179500e+00  -1.5496000e+01  -1.0000000e+00
   4.6000000e+01  -1.7682200e+01  -5.1545800e-01   1.0000000e+00
   4.7000000e+01   8.9856300e+00   9.9219300e+00  -1.0000000e+00
   4.8000000e+01  -3.4358300e+00   2.4345700e+00  -1.0000000e+00
   4.9000000e+01  -6.7302200e+00   1.6439200e+01   1.0000000e+00
   5.0000000e+01  -9.4630700e+00  -1.4504200e+01   1.0000000e+00
   5.1000000e+01   1.6382400e+01   4.7187100e+00  -1.0000000e+00
   5.2000000e+01   1.5642600e+01  -4.2870900e+00  -1.0000000e+00
   5.3000000e+01   2.3351700e+00  -1.3636100e+01  -1.0000000e+00
   5.4000000e+01  -4.5630600e+00   6.3871800e-01   1.0000000e+00
   5.5000000e+01   2.2624800e+00  -1.0033400e+01  -1.0000000e+00
   5.6000000e+01  -3.4766700e+00   9.6111000e+00  -1.0000000e+00
   5.7000000e+01   1.0520900e+01  -9.7514600e+00  -1.0000000e+00
   5.8000000e+01  -6.7862800e+00  -1.2075600e+00   1.0000000e+00
   5.9000000e+01   3.0282200e-01  -1.7254700e+01  -1.0000000e+00
   6.0000000e+01  -1.5265500e+00   1.3246600e+01  -1.0000000e+00
   6.1000000e+01  -1.0073000e+01   5.2148600e+00   1.0000000e+00
   6.2000000e+01  -9.0653300e-01  -8.2646100e+00  -1.0000000e+00
   6.3000000e+01   7.8826300e+00   1.1725900e+01  -1.0000000e+00
   6.4000000e+01   9.2581800e+00  -8.3571300e-01  -1.0000000e+00
   6.5000000e+01   7.7444700e+00   1.5351000e+01  -1.0000000e+00
   6.6000000e+01   3.5688700e+00   1.5166100e+01  -1.0000000e+00
   6.7000000e+01   1.5493100e+01  -6.6186500e-01  -1.0000000e+00
   6.8000000e+01   4.9716500e+00   2.6463400e+00  -1.0000000e+00
   6.9000000e+01   1.4178600e+01   1.1932400e+01  -1.0000000e+00
   7.0000000e+01  -3.1876700e+00  -4.7643800e+00  -1.0000000e+00
   7.1000000e+01  -5.7718100e+00  -1.2661100e+01   1.0000000e+00
   7.2000000e+01   1.1083400e+01   9.9990500e+00  -1.0000000e+00
   7.3000000e+01   8.3479500e+00  -6.2338100e+00  -1.0000000e+00
   7.4000000e+01  -9.2038000e+00  -8.3141300e+00   1.0000000e+00
   7.5000000e+01  -1.7643300e+01   1.5728400e+00   1.0000000e+00
   7.6000000e+01   3.3997300e+00  -1.5434900e+01  -1.0000000e+00
   7.7000000e+01   1.4798000e+01  -1.3234900e+01  -1.0000000e+00
   7.8000000e+01   6.1679500e+00  -2.6999300e+00  -1.0000000e+00
   7.9000000e+01  -1.4211400e+01  -2.8187900e+00   1.0000000e+00
   8.0000000e+01   1.8235400e-01  -1.0093500e+01  -1.0000000e+00
   8.1000000e+01  -1.3124700e+01  -1.4263500e+01   1.0000000e+00
   8.2000000e+01  -1.5940700e+01  -1.6347700e+00   1.0000000e+00
   8.3000000e+01   1.3126400e+00  -1.5454400e+01  -1.0000000e+00
   8.4000000e+01   1.2227800e+01   4.6085300e+00  -1.0000000e+00
   8.5000000e+01  -1.7302800e+01   5.8091900e+00   1.0000000e+00
   8.6000000e+01  -8.3449300e+00   1.9729100e+00   1.0000000e+00
   8.7000000e+01  -9.4906900e+00   1.1414600e+01   1.0000000e+00
   8.8000000e+01   1.7739000e+01  -4.2572200e+00  -1.0000000e+00
   8.9000000e+01  -1.2616000e+01  -6.0071000e+00   1.0000000e+00
   9.0000000e+01  -1.8649100e+00  -1.0100800e+01  -1.0000000e+00
   9.1000000e+01   4.7826300e+00   9.8350100e+00  -1.0000000e+00
   9.2000000e+01  -6.3521400e+00   6.9852000e+00   1.0000000e+00
   9.3000000e+01   9.6221300e+00  -1.5147800e+01  -1.0000000e+00
   9.4000000e+01   3.7958600e+00   8.0304200e+00  -1.0000000e+00
   9.5000000e+01   4.1017800e+00  -2.7426900e+00  -1.0000000e+00
   9.6000000e+01  -8.2596200e-01  -1.1889100e+01  -1.0000000e+00
   9.7000000e+01  -3.8134200e+00   1.6670200e+01  -1.0000000e+00
   9.8000000e+01  -9.0233000e+00  -6.2488500e+00   1.0000000e+00
   9.9000000e+01   8.1641800e-02  -6.4580400e+00  -1.0000000e+00
   1.0000000e+02  -3.2535600e+00  -1.1671900e+01  -1.0000000e+00
   1.0100000e+02  -1.4791200e+01  -1.1068800e+01   1.0000000e+00
   1.0200000e+02   1.7461800e+01   6.4746900e+00  -1.0000000e+00
   1.0300000e+02  -1.2765100e+01  -8.0936900e+00   1.0000000e+00
   1.0400000e+02  -1.5449400e+01   6.8113600e+00   1.0000000e+00
   1.0500000e+02  -5.8717300e+00  -1.6777400e+01   1.0000000e+00
   1.0600000e+02  -3.9438800e+00  -1.3612400e+01   1.0000000e+00
   1.0700000e+02   3.3103000e+00  -1.1817200e+01  -1.0000000e+00
   1.0800000e+02   2.1361100e+00  -6.4002600e+00  -1.0000000e+00
   1.0900000e+02  -7.4494800e+00  -9.4272200e+00   1.0000000e+00
   1.1000000e+02  -9.3813700e+00  -1.2435900e+01   1.0000000e+00
   1.1100000e+02  -3.3940700e+00   6.0414300e+00  -1.0000000e+00
   1.1200000e+02   1.0026700e+01   8.1264100e+00  -1.0000000e+00
   1.1300000e+02  -2.5540000e-01   4.2705400e+00  -1.0000000e+00
   1.1400000e+02  -7.3988400e-01   1.8678000e+01  -1.0000000e+00
   1.1500000e+02   5.3375300e-01   1.3271200e+01  -1.0000000e+00
   1.1600000e+02  -1.0205300e+01   3.1359400e+00   1.0000000e+00
   1.1700000e+02   1.2584200e+01  -9.7252900e+00  -1.0000000e+00
   1.1800000e+02   1.5788100e+01  -7.9204700e+00  -1.0000000e+00
   1.1900000e+02  -9.4997200e+00  -1.6644100e+01   1.0000000e+00
   1.2000000e+02   1.3574300e+01  -4.3060300e+00  -1.0000000e+00
   1.2100000e+02  -7.5877200e+00   1.2280400e+01   1.0000000e+00
   1.2200000e+02  -8.8002100e+00   1.5659600e+01   1.0000000e+00
   1.2300000e+02   1.3199200e+01   1.0076100e+01  -1.0000000e+00
   1.2400000e+02  -1.1183800e+01  -1.1322800e+01   1.0000000e+00
   1.2500000e+02  -6.1185200e+00   2.8607600e+00   1.0000000e+00
   1.2600000e+02  -1.5651500e+01   4.5824400e+00   1.0000000e+00
   1.2700000e+02  -1.7885900e+01  -2.5625200e+00   1.0000000e+00
   1.2800000e+02   1.4720100e+01  -6.1294600e+00  -1.0000000e+00
   1.2900000e+02   4.6684700e+00   1.3403800e+01  -1.0000000e+00
   1.3000000e+02   1.1692100e+01  -1.5166000e+01  -1.0000000e+00
   1.3100000e+02  -1.4221300e+00   9.6677100e+00  -1.0000000e+00
   1.3200000e+02   1.9830600e+00  -2.7925200e+00  -1.0000000e+00
   1.3300000e+02  -1.0571100e+00  -4.7048900e+00  -1.0000000e+00
   1.3400000e+02  -9.3046300e+00  -1.0373900e+01   1.0000000e+00
   1.3500000e+02  -1.5232500e+01   8.8836900e+00   1.0000000e+00
   1.3600000e+02  -1.3073600e+01  -1.2204800e+01   1.0000000e+00
   1.3700000e+02   3.9824800e+00   8.2553100e-01  -1.0000000e+00
   1.3800000e+02   7.3899600e+00  -8.0520800e+00  -1.0000000e+00
   1.3900000e+02  -7.1317900e+00  -5.3300200e+00   1.0000000e+00
   1.4000000e+02   1.5295700e+01   6.4759700e+00  -1.0000000e+00
   1.4100000e+02  -1.1600300e+01   8.4998900e+00   1.0000000e+00
   1.4200000e+02   3.0063200e+00  -9.9112400e-01  -1.0000000e+00
   1.4300000e+02  -5.7103600e-01   1.5087700e+01  -1.0000000e+00
   1.4400000e+02   6.6316500e+00   1.7093100e+01  -1.0000000e+00
   1.4500000e+02  -1.4332000e+01  -4.8804600e+00   1.0000000e+00
   1.4600000e+02  -5.2556400e+00  -4.4230700e+00   1.0000000e+00
   1.4700000e+02   1.1309300e+01  -7.8690200e-01  -1.0000000e+00
   1.4800000e+02   1.3238600e+01   6.4552400e+00  -1.0000000e+00
   1.4900000e+02  -1.3911700e+01   3.4694300e+00   1.0000000e+00
   1.5000000e+02   6.5520300e+00  -1.7165900e+01  -1.0000000e+00
   1.5100000e+02   2.2601500e-01  -1.3684800e+01  -1.0000000e+00
   1.5200000e+02   1.6645100e+01  -2.4788000e+00  -1.0000000e+00
   1.5300000e+02  -8.3132000e+00   4.0566400e+00   1.0000000e+00
   1.5400000e+02  -1.1947600e+01   4.3761300e+00   1.0000000e+00
   1.5500000e+02   8.2260300e+00  -2.6240300e+00  -1.0000000e+00
   1.5600000e+02   7.2795600e+00  -4.4709900e+00  -1.0000000e+00
   1.5700000e+02   2.7182300e+00   9.7913000e+00  -1.0000000e+00
   1.5800000e+02  -5.7073500e+00  -1.0606100e+01   1.0000000e+00
   1.5900000e+02  -2.8507400e+00   1.8541200e+01  -1.0000000e+00
   1.6000000e+02   2.8079800e+00   6.2008900e+00  -1.0000000e+00
   1.6100000e+02   1.1106400e+01   6.3793900e+00  -1.0000000e+00
   1.6200000e+02   8.2516400e-01   2.5157000e+00  -1.0000000e+00
   1.6300000e+02  -1.2298300e+01  -1.8799600e+00   1.0000000e+00
   1.6400000e+02  -5.1073700e+00   1.0967800e+01  -1.0000000e+00
   1.6500000e+02   3.6996500e+00   1.1595500e+01  -1.0000000e+00
   1.6600000e+02   1.5389400e+01   2.9172600e+00  -1.0000000e+00
   1.6700000e+02   1.4579200e+01  -2.5005800e+00  -1.0000000e+00
   1.6800000e+02   6.9338000e+00   6.2655800e+00  -1.0000000e+00
   1.6900000e+02   7.2859000e-01   6.1321400e+00  -1.0000000e+00
   1.7000000e+02  -2.4100300e+00   7.8568000e+00  -1.0000000e+00
   1.7100000e+02   6.4530100e+00  -1.3457900e+01  -1.0000000e+00
   1.7200000e+02   8.1287300e+00   9.5414600e-01  -1.0000000e+00
   1.7300000e+02  -1.2163100e+00  -1.0940000e+00  -1.0000000e+00
   1.7400000e+02   8.8066000e+00   1.3557400e+01  -1.0000000e+00
   1.7500000e+02   4.1957000e+00  -6.3598900e+00  -1.0000000e+00
   1.7600000e+02  -1.6565900e+00   1.6833000e+01  -1.0000000e+00
   1.7700000e+02   6.2909900e-01   9.7203700e+00  -1.0000000e+00
   1.7800000e+02  -1.4018400e+01  -7.5624100e-01   1.0000000e+00
   1.7900000e+02   1.1616200e+01  -1.1541700e+01  -1.0000000e+00
   1.8000000e+02  -1.8772900e+00  -1.3722800e+01  -1.0000000e+00
   1.8100000e+02   3.2024600e+00  -8.1836200e+00  -1.0000000e+00
   1.8200000e+02  -1.3735100e+01   5.5328500e+00   1.0000000e+00
   1.8300000e+02  -1.6452900e+01  -7.8137800e+00   1.0000000e+00
   1.8400000e+02  -6.0562500e+00   9.1226600e+00   1.0000000e+00
   1.8500000e+02  -4.8185000e+00   1.4872700e+01  -1.0000000e+00
   1.8600000e+02   1.6475200e+01   1.1408800e+00  -1.0000000e+00
   1.8700000e+02   5.3931200e+00  -1.1699300e+01  -1.0000000e+00
   1.8800000e+02   1.4894400e+00   1.5119700e+01  -1.0000000e+00
   1.8900000e+02  -1.2894600e+01  -1.0149700e+01   1.0000000e+00
   1.9000000e+02   1.2679300e+01  -1.3294700e+01  -1.0000000e+00
   1.9100000e+02  -7.6142200e+00  -1.5635300e+01   1.0000000e+00
   1.9200000e+02   1.8231300e+00   4.3400100e+00  -1.0000000e+00
   1.9300000e+02   1.3278400e+01   2.8546200e+00  -1.0000000e+00
   1.9400000e+02   5.2156100e+00  -4.5247900e+00  -1.0000000e+00
   1.9500000e+02   5.0788700e+00  -9.3434500e-01  -1.0000000e+00
   1.9600000e+02   1.6975300e+00   7.9727400e+00  -1.0000000e+00
   1.9700000e+02  -1.3295600e+01   9.7126100e+00   1.0000000e+00
   1.9800000e+02  -4.4682700e+00   7.7965000e+00  -1.0000000e+00
   1.9900000e+02   2.5859500e+00   1.3349600e+01  -1.0000000e+00
   2.0000000e+02  -7.3018900e+00  -7.3728300e+00   1.0000000e+00
   2.0100000e+02   6.0398100e+00   8.8699800e-01  -1.0000000e+00
   2.0200000e+02  -7.2443500e+00   1.4300100e+01   1.0000000e+00
   2.0300000e+02  -7.6198300e-01  -1.5501300e+01  -1.0000000e+00
   2.0400000e+02   9.4478200e+00  -7.9839100e+00  -1.0000000e+00
   2.0500000e+02  -1.4615700e+01  -9.0101100e+00   1.0000000e+00
   2.0600000e+02   6.7448900e+00   1.3502400e+01  -1.0000000e+00
   2.0700000e+02   4.3986400e+00  -1.3573200e+01  -1.0000000e+00
   2.0800000e+02  -8.6725600e+00  -2.1169300e+00   1.0000000e+00
   2.0900000e+02   9.9245700e+00   1.5448900e+01  -1.0000000e+00
   2.1000000e+02   9.3740900e+00  -4.4269900e+00  -1.0000000e+00
   2.1100000e+02  -5.4345800e+00  -6.4747200e+00   1.0000000e+00
   2.1200000e+02   6.3727800e+00  -9.8757700e+00  -1.0000000e+00
   2.1300000e+02  -8.8325400e+00  -4.1659700e+00   1.0000000e+00
   2.1400000e+02   1.0243600e+01   9.7452000e-01  -1.0000000e+00
   2.1500000e+02  -1.3677800e+00   2.4389700e+00  -1.0000000e+00
   2.1600000e+02   5.9527400e+00   4.4585200e+00  -1.0000000e+00
   2.1700000e+02  -2.4522600e-01   7.1865400e-01  -1.0000000e+00
   2.1800000e+02   8.4508200e+00  -9.8144200e+00  -1.0000000e+00
   2.1900000e+02  -5.3914500e+00   1.8049300e+01  -1.0000000e+00
   2.2000000e+02   5.7619000e+00   1.1643500e+01  -1.0000000e+00
   2.2100000e+02   1.2940500e+01   1.3660700e+01  -1.0000000e+00
   2.2200000e+02   4.2285100e-01   1.6920900e+01  -1.0000000e+00
   2.2300000e+02   2.5024300e+00   1.6940300e+01  -1.0000000e+00
   2.2400000e+02  -1.1104400e+01   1.2736400e+01   1.0000000e+00
   2.2500000e+02  -1.6484200e+01  -9.8745400e+00   1.0000000e+00
   2.2600000e+02  -1.5815600e+01   4.3263500e-01   1.0000000e+00
   2.2700000e+02   1.2325800e+01   1.0263300e+00  -1.0000000e+00
   2.2800000e+02   9.5389400e+00  -1.1557900e+01  -1.0000000e+00
   2.2900000e+02  -1.0333800e+01   1.0886100e+00   1.0000000e+00
   2.3000000e+02  -4.7157400e-01   1.1482600e+01  -1.0000000e+00
   2.3100000e+02  -3.7171100e+00  -7.6409300e+00  -1.0000000e+00
   2.3200000e+02   4.5580400e+00   1.7014500e+01  -1.0000000e+00
   2.3300000e+02   1.7589100e+01   3.0271300e+00  -1.0000000e+00
   2.3400000e+02  -2.5316500e+00   1.1442700e+01  -1.0000000e+00
   2.3500000e+02  -1.4487500e+01  -6.9592900e+00   1.0000000e+00
   2.3600000e+02  -1.1290800e+01  -1.5517400e+01   1.0000000e+00
   2.3700000e+02  -3.3616200e+00  -1.2071800e+00  -1.0000000e+00
   2.3800000e+02  -1.2469800e+01  -3.9341500e+00   1.0000000e+00
   2.3900000e+02  -3.8894300e+00  -1.7316900e+01   1.0000000e+00
   2.4000000e+02   1.0361900e+00  -4.6322600e+00  -1.0000000e+00
   2.4100000e+02  -9.8950100e+00   7.3006500e+00   1.0000000e+00
   2.4200000e+02  -1.7528900e+01   3.7177500e+00   1.0000000e+00
   2.4300000e+02   1.2468600e+01  -2.5623100e+00  -1.0000000e+00
   2.4400000e+02  -6.6197700e+00   8.4292200e-01   1.0000000e+00
   2.4500000e+02  -3.8734500e+00  -9.6958700e+00   1.0000000e+00
   2.4600000e+02   1.3695100e+01  -1.1484400e+01  -1.0000000e+00
   2.4700000e+02  -1.7604500e+00  -1.7317400e+01  -1.0000000e+00
   2.4800000e+02  -8.5834700e+00  -6.1079200e-02   1.0000000e+00
   2.4900000e+02  -2.0011600e+00  -6.5275000e+00  -1.0000000e+00
   2.5000000e+02   7.4659000e+00  -1.1636200e+01  -1.0000000e+00
   2.5100000e+02  -1.0446400e+01  -9.7854700e-01   1.0000000e+00
   2.5200000e+02  -5.6560300e+00   1.2973500e+01   1.0000000e+00
   2.5300000e+02  -6.4241600e+00   4.9060400e+00   1.0000000e+00
   2.5400000e+02  -5.0865800e+00  -2.3577700e+00   1.0000000e+00
   2.5500000e+02   1.0619700e+01  -1.3352400e+01  -1.0000000e+00
   2.5600000e+02  -6.9439000e+00  -3.2611800e+00   1.0000000e+00
   2.5700000e+02   1.7631900e+01  -5.9269500e-01  -1.0000000e+00
   2.5800000e+02  -4.6253500e-01  -1.9170200e+01  -1.0000000e+00
   2.5900000e+02   8.9640000e-01  -1.0447400e+00  -1.0000000e+00
   2.6000000e+02   1.0137500e+01   4.5653000e+00  -1.0000000e+00
   2.6100000e+02   1.3622500e+01  -7.8911000e+00  -1.0000000e+00
   2.6200000e+02  -1.2088800e+01   2.2754400e+00   1.0000000e+00
   2.6300000e+02   1.6231300e+01   1.1921500e+01  -1.0000000e+00
   2.6400000e+02   7.1359800e+00  -8.5419100e-01  -1.0000000e+00
   2.6500000e+02  -2.4336800e+00   6.3677700e-01  -1.0000000e+00
   2.6600000e+02  -1.6060900e+01  -3.7340600e+00   1.0000000e+00
   2.6700000e+02  -1.1038900e+01  -9.2333500e+00   1.0000000e+00
   2.6800000e+02   5.8665800e+00   8.0768100e+00  -1.0000000e+00
   2.6900000e+02   1.4275000e+01   4.6776800e+00  -1.0000000e+00
   2.7000000e+02  -1.3084600e+01   1.1768600e+01   1.0000000e+00
   2.7100000e+02  -1.3257900e+00   6.0491300e+00  -1.0000000e+00
   2.7200000e+02  -1.0583300e+01  -3.0317100e+00   1.0000000e+00
   2.7300000e+02   3.1408100e+00  -4.5913200e+00  -1.0000000e+00
   2.7400000e+02  -2.2135200e+00  -2.9335100e+00  -1.0000000e+00
   2.7500000e+02   1.4214200e+01   8.2919800e+00  -1.0000000e+00
   2.7600000e+02  -1.4996300e+01   1.0983200e+01   1.0000000e+00
   2.7700000e+02   5.3174700e+00  -8.1187400e+00  -1.0000000e+00
   2.7800000e+02   8.6470600e+00  -1.6987000e+01  -1.0000000e+00
   2.7900000e+02  -2.3928400e+00   4.2358400e+00  -1.0000000e+00
   2.8000000e+02   6.2761400e+00  -6.2926700e+00  -1.0000000e+00
   2.8100000e+02   1.2501000e+00  -1.1873500e+01  -1.0000000e+00
   2.8200000e+02  -5.5928500e+00  -8.5262100e+00   1.0000000e+00
   2.8300000e+02  -1.0818100e+01   1.5013500e+01   1.0000000e+00
   2.8400000e+02   1.5771800e+01  -1.1419900e+01  -1.0000000e+00
   2.8500000e+02   5.4484600e+00  -1.5355900e+01  -1.0000000e+00
   2.8600000e+02   8.0314700e+00   4.5050800e+00  -1.0000000e+00
   2.8700000e+02   1.0478800e+01  -6.1761700e+00  -1.0000000e+00
   2.8800000e+02   8.5295400e+00  -1.3389200e+01  -1.0000000e+00
   2.8900000e+02   4.4737400e+00  -1.7177200e+01  -1.0000000e+00
   2.9000000e+02  -9.2054500e+00   1.3591700e+01   1.0000000e+00
   2.9100000e+02  -1.1368500e+01   1.0559000e+01   1.0000000e+00
   2.9200000e+02  -8.0124700e+00   8.1839200e+00   1.0000000e+00
   2.9300000e+02   1.5256700e+01   1.0066700e+01  -1.0000000e+00
   2.9400000e+02   1.4695000e+01  -9.6707000e+00  -1.0000000e+00
   2.9500000e+02  -1.5755500e+01   2.4881900e+00   1.0000000e+00
   2.9600000e+02  -1.3488200e+01   7.6030100e+00   1.0000000e+00
   2.9700000e+02   4.8639300e+00   6.2424800e+00  -1.0000000e+00
   2.9800000e+02   9.9409200e+00   1.1734400e+01  -1.0000000e+00
   2.9900000e+02   1.6834700e+01  -6.1229100e+00  -1.0000000e+00
