   0.0000000e+00   7.2414600e+00   1.5753200e+01  -1.0000000e+00
   1.0000000e+00   5.9774800e+00  -1.1556600e+01  -1.0000000e+00
   2.0000000e+00  -6.0920000e+00  -1.6915800e+01   1.0000000e+00
   3.0000000e+00   1.3927700e+01  -1.1435700e+01  -1.0000000e+00
   4.0000000e+00  -3.5824600e+00  -1.3479700e+01   1.0000000e+00
   5.0000000e+00  -9.0912600e+00  -5.6789800e+00   1.0000000e+00
   6.0000000e+00   1.1189200e+01   9.4686600e+00  -1.0000000e+00
   7.0000000e+00   1.1656700e+01   2.0330100e+00  -1.0000000e+00
   8.0000000e+00  -1.8612200e+00   1.0770500e+01   1.0000000e+00
   9.0000000e+00  -5.4304300e+00   1.4890700e+01   1.0000000e+00
   1.0000000e+01  -1.6450300e+01   4.4932500e+00   1.0000000e+00
   1.1000000e+01  -1.5427000e+01  -4.9975400e+00   1.0000000e+00
   1.2000000e+01  -8.0842300e-02   1.8048500e+01   1.0000000e+00
   1.3000000e+01   5.5745900e+00   3.3968300e+00  -1.0000000e+00
   1.4000000e+01  -3.7055000e+00   7.6211600e+00   1.0000000e+00
   1.5000000e+01   1.5375900e+01  -9.9434200e+00  -1.0000000e+00
   1.6000000e+01  -1.2632800e+01   1.4880800e+01   1.0000000e+00
   1.7000000e+01   5.8567100e+00  -9.5008000e+00  -1.0000000e+00
   1.8000000e+01   1.2086600e+00  -6.6479500e+00   1.0000000e+00
   1.9000000e+01  -3.6352600e+00   1.3866300e+01   1.0000000e+00
   2.0000000e+01   1.0576800e+01   1.1431400e+01  -1.0000000e+00
   2.1000000e+01   1.4352200e+01  -4.1362500e-01  -1.0000000e+00
   2.2000000e+01   3.5401600e+00   1.3857400e+01   1.0000000e+00
   2.3000000e+01   4.5253500e+00  -1.3004200e+01  -1.0000000e+00
   2.4000000e+01   9.8442900e+00  -1.0547300e+01  -1.0000000e+00
   2.5000000e+01  -1.2843600e+01  -1.0764000e+01   1.0000000e+00
   2.6000000e+01  -1.1462600e+00  -1.0089400e+01   1.0000000e+00
   2.7000000e+01  -1.0884300e+01   9.7297000e+00   1.0000000e+00
   2.8000000e+01   2.2835500e+00  -1.2544000e+01  -1.0000000e+00
   2.9000000e+01  -7.3063200e+00   5.5784300e+00   1.0000000e+00
   3.0000000e+01  -1.8212300e-01   2.7450600e+00   1.0000000e+00
   3.1000000e+01  -5.1447300e+00  -1.1361900e-01   1.0000000e+00
   3.2000000e+01  -3.6666400e+00   1.8065000e+01   1.0000000e+00
   3.3000000e+01   1.0394000e+01   5.9814500e+00  -1.0000000e+00
   3.4000000e+01   1.2139600e+01  -5.4158100e+00  -1.0000000e+00
   3.5000000e+01   8.6993800e+00  -6.5271000e+00  -1.0000000e+00
   3.6000000e+01   1.7446900e+00   1.2818800e+01   1.0000000e+00
   3.7000000e+01  -1.6365900e+01  -1.1925900e+01   1.0000000e+00
   3.8000000e+01  -1.8340400e+01   8.3297600e-01   1.0000000e+00
   3.9000000e+01   1.1027500e+01   4.0183900e+00  -1.0000000e+00
   4.0000000e+01   1.2433600e+01   5.5092100e+00  -1.0000000e+00
   4.1000000e+01  -1.0296000e-01  -2.7134300e+00   1.0000000e+00
   4.2000000e+01  -5.6616900e+00  -1.3261800e+01   1.0000000e+00
   4.3000000e+01   6.8073000e+00  -5.3685600e-01  -1.0000000e+00
   4.4000000e+01  -6.0707200e-01  -1.5522600e+01   1.0000000e+00
   4.5000000e+01  -1.2686800e+01   2.4101500e+00   1.0000000e+00
   4.6000000e+01  -1.4549400e+01   5.5188200e+00   1.0000000e+00
   4.7000000e+01  -1.4896600e+01  -1.0453000e+01   1.0000000e+00
   4.8000000e+01   3.0520000e+00  -1.4467700e+01  -1.0000000e+00
   4.9000000e+01  -1.1122300e+01  -1.4583200e+01   1.0000000e+00
   5.0000000e+01   1.3060300e+01   3.5481200e+00  -1.0000000e+00
   5.1000000e+01   1.0686200e+01   1.3500400e+01  -1.0000000e+00
   5.2000000e+01  -5.5936800e+00   1.7225700e+01   1.0000000e+00
   5.3000000e+01   6.0373100e+00  -4.0180600e+00  -1.0000000e+00
   5.4000000e+01   1.5227300e+01   8.6108300e+00  -1.0000000e+00
   5.5000000e+01   1.3061800e+00  -1.1208400e+00   1.0000000e+00
   5.6000000e+01   8.9763600e+00   1.4638000e+01  -1.0000000e+00
   5.7000000e+01  -2.7086000e+00  -1.5345300e+01   1.0000000e+00
   5.8000000e+01   8.2085700e+00   1.0038500e+00  -1.0000000e+00
   5.9000000e+01  -9.5428700e+00  -9.2930200e+00   1.0000000e+00
   6.0000000e+01  -7.4864800e+00  -9.5161600e+00   1.0000000e+00
   6.1000000e+01   1.7850700e+00   6.4369100e+00   1.0000000e+00
   6.2000000e+01  -4.2252000e+00  -1.9772200e+00   1.0000000e+00
   6.3000000e+01   8.8526700e+00   1.2561500e+01  -1.0000000e+00
   6.4000000e+01  -8.1549300e+00  -1.6695600e+01   1.0000000e+00
   6.5000000e+01  -1.5123100e+00  -4.3057800e+00   1.0000000e+00
   6.6000000e+01   5.3466500e+00   1.4895600e+01  -1.0000000e+00
   6.7000000e+01  -1.2704100e+01   3.5200200e-01   1.0000000e+00
   6.8000000e+01   9.9895900e+00  -1.2629600e+01  -1.0000000e+00
   6.9000000e+01   1.3343500e+01  -9.3701000e+00  -1.0000000e+00
   7.0000000e+01  -1.2739000e+01   1.0740600e+01   1.0000000e+00
   7.1000000e+01  -1.6403100e+01   6.5801300e+00   1.0000000e+00
   7.2000000e+01  -2.1772300e+00  -7.8282800e+00   1.0000000e+00
   7.3000000e+01   6.6658700e+00  -5.9998900e+00  -1.0000000e+00
   7.4000000e+01   8.9867800e+00   4.4709700e+00  -1.0000000e+00
   7.5000000e+01   1.4440000e+01   5.0954400e+00  -1.0000000e+00
   7.6000000e+01   6.3339800e+00   6.8980200e+00  -1.0000000e+00
   7.7000000e+01   7.1829100e+00  -1.5700600e+01  -1.0000000e+00
   7.8000000e+01  -2.3186900e+00  -1.1771100e+01   1.0000000e+00
   7.9000000e+01   1.4974900e+01  -2.4047700e+00  -1.0000000e+00
   8.0000000e+01  -8.3016000e+00  -7.6240100e+00   1.0000000e+00
   8.1000000e+01  -1.1997000e-02   9.6543200e+00   1.0000000e+00
   8.2000000e+01   9.3106500e+00  -8.5198900e+00  -1.0000000e+00
   8.3000000e+01   2.1453200e+00  -1.8109700e+01  -1.0000000e+00
   8.4000000e+01  -1.4170300e+01  -3.3317700e+00   1.0000000e+00
   8.5000000e+01  -6.6345700e+00  -1.1415300e+01   1.0000000e+00
   8.6000000e+01   1.4750200e+01   1.2769900e+01  -1.0000000e+00
   8.7000000e+01  -1.3343700e+01  -5.2345800e+00   1.0000000e+00
   8.8000000e+01   5.1155600e-01  -4.6981100e+00   1.0000000e+00
   8.9000000e+01  -1.4567200e+01   1.1740800e+01   1.0000000e+00
   9.0000000e+01  -3.7182000e+00   5.5612700e+00   1.0000000e+00
   9.1000000e+01   1.6231900e+01  -6.3834400e+00  -1.0000000e+00
   9.2000000e+01  -5.4182700e-02   1.1802100e+01   1.0000000e+00
   9.3000000e+01  -4.2058600e-02   1.3887300e+01   1.0000000e+00
   9.4000000e+01  -3.5990500e+00  -3.9531200e+00   1.0000000e+00
   9.5000000e+01   1.6428500e+01  -8.1765300e-01  -1.0000000e+00
   9.6000000e+01  -5.7051300e+00  -4.2496200e+00   1.0000000e+00
   9.7000000e+01  -5.4045300e+00  -9.7542800e+00   1.0000000e+00
   9.8000000e+01   1.6500500e+01   4.6468600e+00  -1.0000000e+00
   9.9000000e+01   3.8510000e+00  -9.0289700e+00  -1.0000000e+00
   1.0000000e+02  -1.0884800e+01   1.3749600e+00   1.0000000e+00
   1.0100000e+02  -1.0736100e+01  -1.0982400e+01   1.0000000e+00
   1.0200000e+02  -7.3246600e+00   3.5299200e+00   1.0000000e+00
   1.0300000e+02   1.5919800e+01   6.6392800e+00  -1.0000000e+00
   1.0400000e+02   1.2288600e+01   4.5798100e-02  -1.0000000e+00
   1.0500000e+02   1.9236500e+00  -3.1092600e+00   1.0000000e+00
   1.0600000e+02   3.7822900e+00  -1.1081300e+01  -1.0000000e+00
   1.0700000e+02  -8.1521400e-01  -6.2603300e+00   1.0000000e+00
   1.0800000e+02   3.5754700e+00   1.5962900e+01   1.0000000e+00
   1.0900000e+02   1.7131300e+01   2.6676600e+00  -1.0000000e+00
   1.1000000e+02   5.2961200e+00   1.2792700e+01  -1.0000000e+00
   1.1100000e+02  -7.2080600e+00   1.5917600e+01   1.0000000e+00
   1.1200000e+02  -6.8536000e+00  -1.4957200e+01   1.0000000e+00
   1.1300000e+02  -9.3857000e-01  -1.9162600e+01   1.0000000e+00
   1.1400000e+02   2.5805700e+00  -5.0907900e+00  -1.0000000e+00
   1.1500000e+02  -4.2081800e+00  -8.0862700e+00   1.0000000e+00
   1.1600000e+02   7.4619000e+00   8.6567900e+00  -1.0000000e+00
   1.1700000e+02  -1.2669900e-01   5.5306600e+00   1.0000000e+00
   1.1800000e+02  -2.8675700e+00  -4.2891000e-01   1.0000000e+00
   1.1900000e+02   4.1194900e+00   1.8834800e+00  -1.0000000e+00
   1.2000000e+02  -1.3654500e+01  -8.7843500e+00   1.0000000e+00
   1.2100000e+02   1.7450700e+00   1.0743700e+01   1.0000000e+00
   1.2200000e+02   1.3680000e+01   1.5930400e+00  -1.0000000e+00
   1.2300000e+02   1.9500600e-01  -1.7453100e+01   1.0000000e+00
   1.2400000e+02  -5.5071700e+00   6.5906000e+00   1.0000000e+00
   1.2500000e+02   1.2645800e+01  -1.4985500e+01  -1.0000000e+00
   1.2600000e+02  -1.2670700e+01   1.2823200e+01   1.0000000e+00
   1.2700000e+02  -3.6288700e+00   1.5918600e+01   1.0000000e+00
   1.2800000e+02   1.5110600e+01   3.1107300e+00  -1.0000000e+00
   1.2900000e+02  -6.2725500e+00  -2.2831400e+00   1.0000000e+00
   1.3000000e+02   5.3191600e+00   1.0738100e+01  -1.0000000e+00
   1.3100000e+02   1.7343200e+01   8.1878300e+00  -1.0000000e+00
   1.3200000e+02   8.5311200e+00  -1.4146500e+01  -1.0000000e+00
   1.3300000e+02   1.5636500e+00  -1.5873900e+01  -1.0000000e+00
   1.3400000e+02  -1.0006400e+01  -3.7859000e+00   1.0000000e+00
   1.3500000e+02  -5.4555200e+00   1.2821400e+01   1.0000000e+00
   1.3600000e+02   1.8341400e+00  -8.6248400e+00   1.0000000e+00
   1.3700000e+02   3.3481700e+00  -1.6019500e+00  -1.0000000e+00
   1.3800000e+02   1.1938200e+01  -1.0905400e+01  -1.0000000e+00
   1.3900000e+02  -1.9352300e+00   6.5919500e+00   1.0000000e+00
   1.4000000e+02   9.1097700e+00   1.6694300e+01  -1.0000000e+00
   1.4100000e+02  -1.2728500e+01   6.5502000e+00   1.0000000e+00
   1.4200000e+02   8.0884600e+00  -4.5075500e+00  -1.0000000e+00
   1.4300000e+02   9.1267300e+00   9.9506700e+00  -1.0000000e+00
   1.4400000e+02  -1.6827000e-01  -8.2368600e+00   1.0000000e+00
   1.4500000e+02   5.7494000e-01   8.3125700e-01   1.0000000e+00
   1.4600000e+02  -1.5787200e+01  -8.5799000e+00   1.0000000e+00
   1.4700000e+02   1.5295800e+00   4.3239800e+00   1.0000000e+00
   1.4800000e+02  -6.2385000e+00  -7.8242400e+00   1.0000000e+00
   1.4900000e+02  -1.6351200e+01   2.3408000e+00   1.0000000e+00
   1.5000000e+02  -1.2919300e+01  -1.7078200e+00   1.0000000e+00
   1.5100000e+02   1.4834900e+01  -7.9339500e+00  -1.0000000e+00
   1.5200000e+02   3.2263900e+00  -7.0542800e+00  -1.0000000e+00
   1.5300000e+02   4.5984900e+00  -5.5111300e+00  -1.0000000e+00
   1.5400000e+02  -4.8024000e+00  -1.5139700e+01   1.0000000e+00
   1.5500000e+02  -1.3228600e+01  -1.4343000e+01   1.0000000e+00
   1.5600000e+02   1.0230700e+01   5.3325000e-01  -1.0000000e+00
   1.5700000e+02   1.2939700e+01  -1.9175500e+00  -1.0000000e+00
   1.5800000e+02  -1.4482900e+01   1.3895000e+00   1.0000000e+00
   1.5900000e+02  -1.6316800e+01   2.6647700e-01   1.0000000e+00
   1.6000000e+02   6.5102800e+00  -1.3537600e+01  -1.0000000e+00
   1.6100000e+02  -3.6591200e+00   1.1808200e+01   1.0000000e+00
   1.6200000e+02  -1.8554600e+00   1.4892500e+01   1.0000000e+00
   1.6300000e+02  -7.2574600e+00   1.1810200e+01   1.0000000e+00
   1.6400000e+02   1.3570200e+01  -3.9096300e+00  -1.0000000e+00
   1.6500000e+02  -3.6758700e+00   3.5019300e+00   1.0000000e+00
   1.6600000e+02   3.5313200e+00   3.8606700e+00  -1.0000000e+00
   1.6700000e+02   9.4886400e+00  -2.9680600e+00  -1.0000000e+00
   1.6800000e+02  -1.4537600e+01  -6.9326900e+00   1.0000000e+00
   1.6900000e+02  -9.0358300e+00  -1.4833000e+01   1.0000000e+00
   1.7000000e+02  -8.9557500e+00   1.7095200e+01   1.0000000e+00
   1.7100000e+02   5.3939900e+00  -2.0453200e+00  -1.0000000e+00
   1.7200000e+02  -3.2133500e+00  -9.9161000e+00   1.0000000e+00
   1.7300000e+02   1.7717100e+01  -4.7631700e+00  -1.0000000e+00
   1.7400000e+02   1.1326400e+01  -8.9543100e+00  -1.0000000e+00
   1.7500000e+02  -1.1586400e+01  -9.0740800e+00   1.0000000e+00
   1.7600000e+02  -1.8709100e+00   1.6984300e+01   1.0000000e+00
   1.7700000e+02   5.3613100e+00   1.6981100e+01  -1.0000000e+00
   1.7800000e+02   6.3083000e-01  -1.3848500e+01   1.0000000e+00
   1.7900000e+02   1.4192500e+01  -5.8964700e+00  -1.0000000e+00
   1.8000000e+02  -1.7461100e+01  -4.7083300e+00   1.0000000e+00
   1.8100000e+02   5.0511000e+00  -1.5017000e+01  -1.0000000e+00
   1.8200000e+02   2.7220400e+00   3.7735100e-01   1.0000000e+00
   1.8300000e+02   5.6263400e+00  -1.7054500e+01  -1.0000000e+00
   1.8400000e+02  -9.1253700e+00   2.4891100e+00   1.0000000e+00
   1.8500000e+02  -9.0380800e+00   1.0767600e+01   1.0000000e+00
   1.8600000e+02   3.9938500e+00  -3.5509400e+00  -1.0000000e+00
   1.8700000e+02  -1.0848100e+01   1.5934600e+01   1.0000000e+00
   1.8800000e+02   1.0757700e+01  -6.9625200e+00  -1.0000000e+00
   1.8900000e+02   1.7418000e+00   1.4896800e+01   1.0000000e+00
   1.9000000e+02  -9.0391600e+00   1.2827100e+01   1.0000000e+00
   1.9100000e+02   7.5852200e+00   2.9608200e+00  -1.0000000e+00
   1.9200000e+02  -1.0353500e+01  -7.3889700e+00   1.0000000e+00
   1.9300000e+02  -7.2311300e-02   1.5943900e+01   1.0000000e+00
   1.9400000e+02   4.1464600e+00  -1.8598700e+01  -1.0000000e+00
   1.9500000e+02  -7.2871500e+00   7.6322000e+00   1.0000000e+00
   1.9600000e+02   9.6055500e+00   2.5099400e+00  -1.0000000e+00
   1.9700000e+02   7.2484000e+00   1.7866700e+01  -1.0000000e+00
   1.9800000e+02   1.7493800e+00   1.6971500e+01   1.0000000e+00
   1.9900000e+02  -1.7188900e+00   4.1787000e+00   1.0000000e+00
   2.0000000e+02   1.3880000e+00  -1.0663200e+01   1.0000000e+00
   2.0100000e+02  -9.5616700e+00  -2.1479500e-01   1.0000000e+00
   2.0200000e+02  -4.4092300e+00  -1.1607800e+01   1.0000000e+00
   2.0300000e+02   7.2850500e+00  -8.0215900e+00  -1.0000000e+00
   2.0400000e+02   3.5219000e+00   1.1758300e+01   1.0000000e+00
   2.0500000e+02   9.2085600e+00  -1.6158000e+01  -1.0000000e+00
   2.0600000e+02   1.1809100e+01   7.4901200e+00  -1.0000000e+00
   2.0700000e+02   7.8582400e+00  -1.0028100e+01  -1.0000000e+00
   2.0800000e+02  -9.8665100e+00  -1.2947100e+01   1.0000000e+00
   2.0900000e+02   1.0889100e+01  -1.4645900e+00  -1.0000000e+00
   2.1000000e+02   1.0594800e+01  -1.4630500e+01  -1.0000000e+00
   2.1100000e+02  -1.1186500e+01  -5.4643700e+00   1.0000000e+00
   2.1200000e+02   5.2979800e+00   8.6717600e+00  -1.0000000e+00
   2.1300000e+02  -1.2683200e+01   8.6427100e+00   1.0000000e+00
   2.1400000e+02  -7.2194700e+00   1.3865400e+01   1.0000000e+00
   2.1500000e+02  -9.0768300e+00   8.6743300e+00   1.0000000e+00
   2.1600000e+02  -1.2068900e+01  -3.6070800e+00   1.0000000e+00
   2.1700000e+02  -7.2715800e+00   9.7032500e+00   1.0000000e+00
   2.1800000e+02  -1.1972700e+01  -1.2680200e+01   1.0000000e+00
   2.1900000e+02   1.7494700e+00   8.4847600e+00   1.0000000e+00
   2.2000000e+02   4.7203800e+00   5.5967700e+00  -1.0000000e+00
   2.2100000e+02  -1.2708500e+01   4.4922000e+00   1.0000000e+00
   2.2200000e+02  -2.8373200e+00  -5.8682400e+00   1.0000000e+00
   2.2300000e+02   1.5637200e+01  -4.3836000e+00  -1.0000000e+00
   2.2400000e+02  -1.6318900e+01   8.6325800e+00   1.0000000e+00
   2.2500000e+02  -1.0921100e+01   5.5788200e+00   1.0000000e+00
   2.2600000e+02  -9.1177500e+00   4.5400200e+00   1.0000000e+00
   2.2700000e+02   1.2600000e+01   1.1005400e+01  -1.0000000e+00
   2.2800000e+02   1.1508900e+01  -3.4220500e+00  -1.0000000e+00
   2.2900000e+02  -8.1913400e-01  -7.3208600e-01   1.0000000e+00
   2.3000000e+02  -1.6579200e+00   1.2716700e+00   1.0000000e+00
   2.3100000e+02  -5.5352100e+00   2.4396600e+00   1.0000000e+00
   2.3200000e+02  -1.0860000e+01  -1.8997800e+00   1.0000000e+00
   2.3300000e+02   1.2132800e+01  -1.2962400e+01  -1.0000000e+00
   2.3400000e+02   4.7584600e+00  -8.0644700e-02  -1.0000000e+00
   2.3500000e+02   2.1003300e+00   2.3405400e+00   1.0000000e+00
   2.3600000e+02   6.1832300e+00   1.4266100e+00  -1.0000000e+00
   2.3700000e+02  -7.7594000e+00  -3.9651600e+00   1.0000000e+00
   2.3800000e+02  -1.7556900e+01  -1.4736500e+00   1.0000000e+00
   2.3900000e+02  -2.1448000e-01  -1.1959600e+01   1.0000000e+00
   2.4000000e+02   7.4560600e+00  -2.5096700e+00  -1.0000000e+00
   2.4100000e+02   1.3835400e+01   7.0561400e+00  -1.0000000e+00
   2.4200000e+02  -8.9960400e+00   1.4896400e+01   1.0000000e+00
   2.4300000e+02   1.5723700e+01   1.1494400e+00  -1.0000000e+00
   2.4400000e+02   5.2726700e+00  -7.5102800e+00  -1.0000000e+00
   2.4500000e+02   1.0123200e+01  -4.9800600e+00  -1.0000000e+00
   2.4600000e+02  -1.8631400e+00  -1.7243400e+01   1.0000000e+00
   2.4700000e+02  -1.2577500e-01   7.5973000e+00   1.0000000e+00
   2.4800000e+02  -6.9650500e+00  -5.8860700e+00   1.0000000e+00
   2.4900000e+02  -1.0804600e+01   1.3886600e+01   1.0000000e+00
   2.5000000e+02   3.5938200e+00   1.8057800e+01   1.0000000e+00
   2.5100000e+02   8.3350500e+00   6.4556800e+00  -1.0000000e+00
   2.5200000e+02  -1.6213900e+01  -3.0522200e+00   1.0000000e+00
   2.5300000e+02   1.8527000e+01  -1.2813300e+00  -1.0000000e+00
   2.5400000e+02  -1.4636000e+00  -1.3657300e+01   1.0000000e+00
   2.5500000e+02   6.9526400e+00   4.9355100e+00  -1.0000000e+00
   2.5600000e+02  -3.7295200e+00   1.4401500e+00   1.0000000e+00
   2.5700000e+02   9.7513100e+00   7.9535000e+00  -1.0000000e+00
   2.5800000e+02   3.4881400e+00   9.6663800e+00   1.0000000e+00
   2.5900000e+02  -1.8654200e+00   8.6948700e+00   1.0000000e+00
   2.6000000e+02  -7.4353500e+00  -5.7951900e-01   1.0000000e+00
   2.6100000e+02   7.3326900e+00   1.1174100e+01  -1.0000000e+00
   2.6200000e+02   1.6895600e+01  -8.5049300e+00  -1.0000000e+00
   2.6300000e+02  -1.2425800e+01  -7.1154300e+00   1.0000000e+00
   2.6400000e+02  -1.4154600e+01  -1.2369900e+01   1.0000000e+00
   2.6500000e+02   3.5904500e+00  -1.6484700e+01  -1.0000000e+00
   2.6600000e+02  -1.4937500e+01  -1.2997600e+00   1.0000000e+00
   2.6700000e+02   3.6012900e+00   7.4026000e+00  -1.0000000e+00
   2.6800000e+02   1.8621400e+01   4.1490700e+00  -1.0000000e+00
   2.6900000e+02   7.1383500e+00   1.3708300e+01  -1.0000000e+00
   2.7000000e+02  -1.4499700e+01   7.6071600e+00   1.0000000e+00
   2.7100000e+02  -4.8825900e+00  -6.1455600e+00   1.0000000e+00
   2.7200000e+02  -3.0224900e+00  -1.9005500e+01   1.0000000e+00
   2.7300000e+02  -1.0918000e+01   3.4943800e+00   1.0000000e+00
   2.7400000e+02  -1.0871700e+01   1.1824000e+01   1.0000000e+00
   2.7500000e+02  -7.3506200e+00   1.4656900e+00   1.0000000e+00
   2.7600000e+02  -1.6690900e+01  -6.6234900e+00   1.0000000e+00
   2.7700000e+02  -1.4533900e+01   9.6568300e+00   1.0000000e+00
   2.7800000e+02   1.4162900e+01  -1.3493900e+01  -1.0000000e+00
   2.7900000e+02  -8.7623800e+00  -2.1494500e+00   1.0000000e+00
   2.8000000e+02  -7.8031100e+00  -1.3117100e+01   1.0000000e+00
   2.8100000e+02   1.0909200e+01   1.5648400e+01  -1.0000000e+00
   2.8200000e+02  -1.8397300e+00   1.2831600e+01   1.0000000e+00
   2.8300000e+02  -3.6438800e+00   9.7188600e+00   1.0000000e+00
   2.8400000e+02   1.3209400e+01   9.0290000e+00  -1.0000000e+00
   2.8500000e+02   7.9651700e+00  -1.2087900e+01  -1.0000000e+00
   2.8600000e+02   8.8494000e+00  -1.0036000e+00  -1.0000000e+00
   2.8700000e+02  -3.9457200e+00  -1.7030000e+01   1.0000000e+00
   2.8800000e+02   1.4633500e+01   1.0659600e+01  -1.0000000e+00
   2.8900000e+02  -8.6957900e+00  -1.1255300e+01   1.0000000e+00
   2.9000000e+02  -5.5018200e+00   4.5305200e+00   1.0000000e+00
   2.9100000e+02   1.7802600e+01   7.1599600e-01  -1.0000000e+00
   2.9200000e+02  -5.4613400e+00   8.7130200e+00   1.0000000e+00
   2.9300000e+02  -9.0923500e+00   6.6199300e+00   1.0000000e+00
   2.9400000e+02   1.7070900e+01  -2.7618500e+00  -1.0000000e+00
   2.9500000e+02  -1.4502800e+01   3.4683900e+00   1.0000000e+00
   2.9600000e+02  -1.0879400e+01   7.6712300e+00   1.0000000e+00
   2.9700000e+02   1.2700500e+01   1.3081800e+01  -1.0000000e+00
   2.9800000e+02  -5.4856600e+00   1.0769700e+01   1.0000000e+00
   2.9900000e+02  -2.1973500e+00  -2.3630700e+00   1.0000000e+00
