   0.0000000e+00  -1.5907000e+01  -4.1142700e+00   1.0000000e+00
   1.0000000e+00   2.4504900e-01  -1.5663500e+01   1.0000000e+00
   2.0000000e+00   1.4745500e+01   2.8571100e-01  -1.0000000e+00
   3.0000000e+00  -3.1376200e+00  -1.7020700e+01   1.0000000e+00
   4.0000000e+00   6.0297400e+00  -1.3383000e+01  -1.0000000e+00
   5.0000000e+00   7.1717300e+00   1.4641300e+01  -1.0000000e+00
   6.0000000e+00   1.2650400e+01  -2.6104400e+00  -1.0000000e+00
   7.0000000e+00   5.0653700e+00  -5.9785600e+00  -1.0000000e+00
   8.0000000e+00  -7.7852600e+00   9.8268800e+00  -1.0000000e+00
   9.0000000e+00   1.4524000e+01  -1.7571400e+00  -1.0000000e+00
   1.0000000e+01   9.7237300e+00   3.9766900e+00  -1.0000000e+00
   1.1000000e+01  -9.2595100e+00  -1.5951500e+01   1.0000000e+00
   1.2000000e+01  -1.6270400e+01   1.3377000e+00   1.0000000e+00
   1.3000000e+01   1.0370100e+01   1.0166000e+01  -1.0000000e+00
   1.4000000e+01   1.2052100e+01   8.9747700e+00  -1.0000000e+00
   1.5000000e+01  -7.2596000e+00   1.6065300e+01  -1.0000000e+00
   1.6000000e+01  -1.1805500e+01  -4.7104200e+00   1.0000000e+00
   1.7000000e+01  -9.7084500e+00  -4.9480500e+00   1.0000000e+00
   1.8000000e+01   1.6834900e+00   1.4109700e+01  -1.0000000e+00
   1.9000000e+01   5.5085800e+00  -1.8832100e+00  -1.0000000e+00
   2.0000000e+01   9.0357800e+00   1.5507900e+01  -1.0000000e+00
   2.1000000e+01  -6.0880800e+00   8.6527900e+00  -1.0000000e+00
   2.2000000e+01   6.5494000e+00   8.4213300e+00  -1.0000000e+00
   2.3000000e+01  -1.7900900e+01   5.1838400e+00   1.0000000e+00
   2.4000000e+01   1.5982700e+01  -5.0963000e+00  -1.0000000e+00
   2.5000000e+01   2.5760700e+00   4.7051100e+00  -1.0000000e+00
   2.6000000e+01  -1.0486300e+01  -3.0402400e+00   1.0000000e+00
   2.7000000e+01  -1.6598300e+01   6.8536900e+00   1.0000000e+00
   2.8000000e+01  -1.2541000e+01  -2.7336200e+00   1.0000000e+00
   2.9000000e+01   1.3294600e+01   3.5988500e+00  -1.0000000e+00
   3.0000000e+01  -1.5243400e+01   8.4779600e+00   1.0000000e+00
   3.1000000e+01  -1.2053600e+01   8.1484800e-01   1.0000000e+00
   3.2000000e+01  -6.2918600e+00   6.5917300e+00  -1.0000000e+00
   3.3000000e+01   8.1385100e+00  -1.0465600e+01  -1.0000000e+00
   3.4000000e+01   1.2231300e+01   1.1033900e+01  -1.0000000e+00
   3.5000000e+01   7.2056000e+00  -3.0743600e+00  -1.0000000e+00
   3.6000000e+01  -5.6222700e+00  -5.5767500e+00   1.0000000e+00
   3.7000000e+01   3.8669400e+00  -1.6294500e+01   1.0000000e+00
   3.8000000e+01   1.3412000e+01  -1.2119200e+01  -1.0000000e+00
   3.9000000e+01   1.7380700e+01   7.3005700e+00  -1.0000000e+00
   4.0000000e+01   4.8523300e+00  -8.0239000e+00  -1.0000000e+00
   4.1000000e+01  -9.6533400e+00   8.9729200e+00   1.0000000e+00
   4.2000000e+01  -4.6564100e-01  -2.3061700e+00  -1.0000000e+00
   4.3000000e+01   4.2502200e+00   3.4849300e+00  -1.0000000e+00
   4.4000000e+01  -1.1025300e+00  -1.7283900e+01   1.0000000e+00
   4.5000000e+01   7.4971200e+00  -1.6826300e+01  -1.0000000e+00
   4.6000000e+01  -1.3863700e+01  -4.3584000e+00   1.0000000e+00
   4.7000000e+01   4.5691300e+00  -1.0067000e+01  -1.0000000e+00
   4.8000000e+01   1.7726900e+01  -6.2987100e+00  -1.0000000e+00
   4.9000000e+01  -5.3543400e+00  -1.1108200e+01   1.0000000e+00
   5.0000000e+01  -1.1068600e+01   1.4317300e+01  -1.0000000e+00
   5.1000000e+01  -7.9899100e+00   7.7656500e+00  -1.0000000e+00
   5.2000000e+01  -5.8237400e+00  -9.6253700e-02   1.0000000e+00
   5.3000000e+01   4.7045700e-01  -1.8626800e+01   1.0000000e+00
   5.4000000e+01   8.2099600e+00   7.2008000e+00  -1.0000000e+00
   5.5000000e+01  -6.9003000e+00  -7.1949700e+00   1.0000000e+00
   5.6000000e+01   1.3630300e+01  -1.0061200e+01  -1.0000000e+00
   5.7000000e+01  -2.0052600e+00  -9.8089100e+00   1.0000000e+00
   5.8000000e+01   1.0549300e+01   1.2222900e+01  -1.0000000e+00
   5.9000000e+01  -1.6500700e+01  -7.6341700e+00   1.0000000e+00
   6.0000000e+01  -1.0736500e+01   2.4232200e+00   1.0000000e+00
   6.1000000e+01  -1.3332100e+01   9.2250000e+00   1.0000000e+00
   6.2000000e+01   1.8125700e+00  -1.7065100e+01   1.0000000e+00
   6.3000000e+01   1.1175800e+01   6.4725700e-01  -1.0000000e+00
   6.4000000e+01   6.7345200e+00  -7.1821900e+00  -1.0000000e+00
   6.5000000e+01  -1.5004100e+01   3.0021500e+00   1.0000000e+00
   6.6000000e+01  -1.0216400e+01  -8.5602700e+00   1.0000000e+00
   6.7000000e+01   3.5706400e+00   1.4960800e+01  -1.0000000e+00
   6.8000000e+01   9.4980700e+00   1.8548500e+00  -1.0000000e+00
   6.9000000e+01  -8.3998100e-01   7.0692300e+00  -1.0000000e+00
   7.0000000e+01  -1.1387900e+01  -1.5692000e+01   1.0000000e+00
   7.1000000e+01  -1.5130700e+01  -6.0329000e+00   1.0000000e+00
   7.2000000e+01  -2.7351100e+00   6.2163800e+00  -1.0000000e+00
   7.3000000e+01   4.8460800e+00   9.6591600e+00  -1.0000000e+00
   7.4000000e+01   6.9892400e+00  -5.1491500e+00  -1.0000000e+00
   7.5000000e+01   1.4966000e+01   2.3916600e+00  -1.0000000e+00
   7.6000000e+01   1.0733900e+01  -3.4635100e+00  -1.0000000e+00
   7.7000000e+01  -7.9738700e+00  -1.4347200e+01   1.0000000e+00
   7.8000000e+01   1.6194600e+01  -2.9943000e+00  -1.0000000e+00
   7.9000000e+01   1.3552000e+01   5.6332300e+00  -1.0000000e+00
   8.0000000e+01   5.0495500e+00   1.1709300e+01  -1.0000000e+00
   8.1000000e+01   6.9914400e+00   1.2534800e+01  -1.0000000e+00
   8.2000000e+01  -9.1845800e+00   1.5239600e+01  -1.0000000e+00
   8.3000000e+01   1.8111400e+01  -2.1687900e+00  -1.0000000e+00
   8.4000000e+01   1.6957600e+00  -3.5455000e+00  -1.0000000e+00
   8.5000000e+01   4.4546000e+00   5.5362800e+00  -1.0000000e+00
   8.6000000e+01   3.1618700e+00   1.0854900e+01  -1.0000000e+00
   8.7000000e+01   5.4874600e+00   1.5829600e+01  -1.0000000e+00
   8.8000000e+01   1.0510300e+01  -5.5233700e+00  -1.0000000e+00
   8.9000000e+01  -1.2808400e+01   2.7340700e+00   1.0000000e+00
   9.0000000e+01  -7.7582100e-01  -8.1519100e+00   1.0000000e+00
   9.1000000e+01   2.6768700e+00  -1.0931400e+01  -1.0000000e+00
   9.2000000e+01  -1.7416100e+00  -6.9481700e-01  -1.0000000e+00
   9.3000000e+01   2.7750500e+00   6.7586500e+00  -1.0000000e+00
   9.4000000e+01   5.7664700e+00  -1.5485400e+01  -1.0000000e+00
   9.5000000e+01  -4.8548600e+00  -7.4932900e+00   1.0000000e+00
   9.6000000e+01   2.9602900e+00   8.8024000e+00  -1.0000000e+00
   9.7000000e+01  -1.8478600e+01   1.6914100e+00   1.0000000e+00
   9.8000000e+01  -8.9669400e+00  -6.9167800e+00   1.0000000e+00
   9.9000000e+01  -1.1463100e+01   4.4271100e+00   1.0000000e+00
   1.0000000e+02   7.9127000e+00  -1.2540500e+01  -1.0000000e+00
   1.0100000e+02   1.6911700e+01   3.1636100e+00  -1.0000000e+00
   1.0200000e+02  -1.1173900e+01   1.2224300e+01   1.0000000e+00
   1.0300000e+02  -1.2934200e+01   1.3396000e+01   1.0000000e+00
   1.0400000e+02   1.7895500e+01  -4.2281700e+00  -1.0000000e+00
   1.0500000e+02   1.1521400e+01  -1.2979400e+01  -1.0000000e+00
   1.0600000e+02   3.3907000e+00  -4.7644500e+00  -1.0000000e+00
   1.0700000e+02  -7.5888600e+00   1.1887300e+01  -1.0000000e+00
   1.0800000e+02  -7.3802600e+00   1.4012200e+01  -1.0000000e+00
   1.0900000e+02  -1.2743600e+00  -1.1737900e+01   1.0000000e+00
   1.1000000e+02   1.7155000e+01   5.2584700e+00  -1.0000000e+00
   1.1100000e+02   1.4065100e+01  -5.9159000e+00  -1.0000000e+00
   1.1200000e+02  -1.3030200e+01   1.1325400e+01   1.0000000e+00
   1.1300000e+02  -8.4045200e+00  -3.3449800e+00   1.0000000e+00
   1.1400000e+02  -3.7790200e+00   1.3628200e+01  -1.0000000e+00
   1.1500000e+02   1.4316900e+01  -3.8241900e+00  -1.0000000e+00
   1.1600000e+02   1.1242900e+01  -1.5018400e+01  -1.0000000e+00
   1.1700000e+02   7.6658100e+00  -1.4657300e+01  -1.0000000e+00
   1.1800000e+02   1.1410000e+01   2.7494400e+00  -1.0000000e+00
   1.1900000e+02   6.2289800e+00  -1.1297200e+01  -1.0000000e+00
   1.2000000e+02   2.4293400e+00  -1.2998100e+01   1.0000000e+00
   1.2100000e+02  -2.1002500e+00   1.2450200e+01  -1.0000000e+00
   1.2200000e+02  -5.2859000e+00   3.4314200e+00  -1.0000000e+00
   1.2300000e+02   1.3167600e+01  -1.4240400e+01  -1.0000000e+00
   1.2400000e+02  -1.7271200e+01  -5.7182400e+00   1.0000000e+00
   1.2500000e+02  -2.5386400e+00   8.3182500e+00  -1.0000000e+00
   1.2600000e+02   7.7658600e-01  -1.1720500e+01   1.0000000e+00
   1.2700000e+02  -9.9493600e+00   4.8987500e-01   1.0000000e+00
   1.2800000e+02   5.7162200e+00   1.7103800e-01  -1.0000000e+00
   1.2900000e+02  -9.4493800e+00   4.0256000e+00   1.0000000e+00
   1.3000000e+02  -5.7150500e+00   1.2754400e+01  -1.0000000e+00
   1.3100000e+02   4.4535000e-01   1.7761100e+00  -1.0000000e+00
   1.3200000e+02   8.7196600e-01   5.8966800e+00  -1.0000000e+00
   1.3300000e+02   2.8789600e+00  -8.8899500e+00  -1.0000000e+00
   1.3400000e+02  -9.2837400e+00   1.3065900e+01  -1.0000000e+00
   1.3500000e+02   1.1991500e+01  -8.8081200e+00  -1.0000000e+00
   1.3600000e+02  -1.2858900e+01  -1.1801600e+01   1.0000000e+00
   1.3700000e+02  -1.6684200e+01  -2.1941900e+00   1.0000000e+00
   1.3800000e+02   9.9242000e+00   6.0213000e+00  -1.0000000e+00
   1.3900000e+02   1.3909900e+01  -7.9627000e+00  -1.0000000e+00
   1.4000000e+02  -9.4647500e+00  -1.0467300e+01   1.0000000e+00
   1.4100000e+02   8.6327800e+00  -6.3773100e+00  -1.0000000e+00
   1.4200000e+02   1.2349500e+00  -7.6438800e+00  -1.0000000e+00
   1.4300000e+02  -7.8814900e+00   2.0715900e-01   1.0000000e+00
   1.4400000e+02   3.1543900e+00  -6.8304500e+00  -1.0000000e+00
   1.4500000e+02   8.3185600e-01  -9.6593600e+00   1.0000000e+00
   1.4600000e+02   8.8606400e+00   1.3394500e+01  -1.0000000e+00
   1.4700000e+02   2.2159800e+00  -1.5045000e+01   1.0000000e+00
   1.4800000e+02   5.9261800e+00   2.2249800e+00  -1.0000000e+00
   1.4900000e+02  -4.6057200e+00  -1.3022600e+01   1.0000000e+00
   1.5000000e+02   3.3639200e+00   1.2914800e+01  -1.0000000e+00
   1.5100000e+02   4.1341300e+00  -1.4230200e+01  -1.0000000e+00
   1.5200000e+02   5.6934200e+00   1.7898600e+01  -1.0000000e+00
   1.5300000e+02  -2.2989500e+00   1.0372900e+01  -1.0000000e+00
   1.5400000e+02  -1.4385600e+00   1.8681200e+01  -1.0000000e+00
   1.5500000e+02   1.9273300e+00   1.6195700e+01  -1.0000000e+00
   1.5600000e+02   1.2432100e+01   1.3156600e+01  -1.0000000e+00
   1.5700000e+02   1.5808900e+01  -7.1756800e+00  -1.0000000e+00
   1.5800000e+02  -5.9386800e+00  -1.4687400e+01   1.0000000e+00
   1.5900000e+02   1.0900300e+00   7.9340600e+00  -1.0000000e+00
   1.6000000e+02  -8.6524500e+00   2.1365300e+00   1.0000000e+00
   1.6100000e+02  -1.0512600e+00   5.0111500e+00  -1.0000000e+00
   1.6200000e+02   7.3855000e+00  -1.0149600e+00  -1.0000000e+00
   1.6300000e+02   1.2393400e+01  -4.7060600e+00  -1.0000000e+00
   1.6400000e+02  -2.4261700e+00   1.2331000e+00  -1.0000000e+00
   1.6500000e+02   2.6666800e-01  -2.8466200e-01  -1.0000000e+00
   1.6600000e+02  -7.2078000e+00  -1.6308500e+01   1.0000000e+00
   1.6700000e+02   7.3769500e+00   1.6708300e+01  -1.0000000e+00
   1.6800000e+02  -1.5356900e+01  -5.1495600e-01   1.0000000e+00
   1.6900000e+02  -3.7763600e+00  -4.0880800e-01  -1.0000000e+00
   1.7000000e+02  -1.6417600e+00   1.6542600e+01  -1.0000000e+00
   1.7100000e+02   5.3153400e+00   1.3765500e+01  -1.0000000e+00
   1.7200000e+02  -1.4895100e+01  -1.1478800e+01   1.0000000e+00
   1.7300000e+02  -1.0765200e+01  -1.2106300e+01   1.0000000e+00
   1.7400000e+02   8.0205300e+00   5.1315800e+00  -1.0000000e+00
   1.7500000e+02  -3.8599700e+00  -1.4969300e+01   1.0000000e+00
   1.7600000e+02   8.8596400e+00  -4.2978700e+00  -1.0000000e+00
   1.7700000e+02   5.3142400e+00  -3.9339900e+00  -1.0000000e+00
   1.7800000e+02  -6.0990400e-01   9.1136600e+00  -1.0000000e+00
   1.7900000e+02  -7.1259900e+00  -1.7043700e+00   1.0000000e+00
   1.8000000e+02   1.5532500e+01  -9.2229300e+00  -1.0000000e+00
   1.8100000e+02   1.8344200e+01  -7.2229200e-02  -1.0000000e+00
   1.8200000e+02  -1.0912200e+01   1.6393300e+01  -1.0000000e+00
   1.8300000e+02  -1.3704800e+01   4.6241800e+00   1.0000000e+00
   1.8400000e+02  -5.4869800e+00   1.4835400e+01  -1.0000000e+00
   1.8500000e+02   6.9786600e-01   3.8248200e+00  -1.0000000e+00
   1.8600000e+02  -3.3385800e+00   1.7784900e+01  -1.0000000e+00
   1.8700000e+02   1.4652600e+00  -5.5981500e+00  -1.0000000e+00
   1.8800000e+02   3.5930000e+00  -2.7276200e+00  -1.0000000e+00
   1.8900000e+02  -8.7114500e+00  -1.2408900e+01   1.0000000e+00
   1.9000000e+02  -1.5700900e+01  -9.5302800e+00   1.0000000e+00
   1.9100000e+02  -6.3647500e+00  -3.6484700e+00   1.0000000e+00
   1.9200000e+02   1.1625300e+01   4.7977000e+00  -1.0000000e+00
   1.9300000e+02   1.5265600e+01   4.4329200e+00  -1.0000000e+00
   1.9400000e+02  -1.2429500e+01   6.2364100e+00   1.0000000e+00
   1.9500000e+02   2.1633800e+00   5.6365500e-01  -1.0000000e+00
   1.9600000e+02  -4.0542600e+00  -9.4775200e+00   1.0000000e+00
   1.9700000e+02  -1.3089100e+01  -6.3169500e+00   1.0000000e+00
   1.9800000e+02   2.3657300e+00   2.6215100e+00  -1.0000000e+00
   1.9900000e+02   8.6724400e+00   1.1342800e+01  -1.0000000e+00
   2.0000000e+02  -9.1741600e+00  -1.4251900e+00   1.0000000e+00
   2.0100000e+02   3.8374400e+00  -6.8318700e-01  -1.0000000e+00
   2.0200000e+02  -1.7101200e+01   3.2393400e+00   1.0000000e+00
   2.0300000e+02  -4.2082700e+00   9.5109200e+00  -1.0000000e+00
   2.0400000e+02  -1.3323100e+01  -8.0362200e-01   1.0000000e+00
   2.0500000e+02   1.0142700e+01   8.1211700e+00  -1.0000000e+00
   2.0600000e+02  -3.9902800e-01   1.1168400e+01  -1.0000000e+00
   2.0700000e+02  -1.7655900e+01  -3.7992400e-01   1.0000000e+00
   2.0800000e+02   1.9378600e+00  -1.4963100e+00  -1.0000000e+00
   2.0900000e+02   1.2815800e+00   9.9876700e+00  -1.0000000e+00
   2.1000000e+02   3.8049700e+00   1.7035400e+01  -1.0000000e+00
   2.1100000e+02   2.1488800e+00   1.8293800e+01  -1.0000000e+00
   2.1200000e+02  -3.9853800e+00   1.1562300e+01  -1.0000000e+00
   2.1300000e+02  -7.6575100e+00  -5.2694200e+00   1.0000000e+00
   2.1400000e+02  -2.2618500e+00  -4.2729200e+00   1.0000000e+00
   2.1500000e+02  -4.3199900e+00  -3.9748800e+00   1.0000000e+00
   2.1600000e+02  -3.3200300e+00  -1.1407000e+01   1.0000000e+00
   2.1700000e+02  -1.8558300e+00   1.4483600e+01  -1.0000000e+00
   2.1800000e+02  -3.1862900e+00   3.8410900e+00  -1.0000000e+00
   2.1900000e+02  -1.8017000e+01  -3.7515700e+00   1.0000000e+00
   2.2000000e+02  -6.5734200e+00   1.8284600e+00   1.0000000e+00
   2.2100000e+02  -2.9817000e+00  -2.3358400e+00   1.0000000e+00
   2.2200000e+02   4.3352300e+00  -1.2183800e+01  -1.0000000e+00
   2.2300000e+02  -1.4985600e+01   1.0567500e+01   1.0000000e+00
   2.2400000e+02  -4.5411500e+00   1.5143800e+00  -1.0000000e+00
   2.2500000e+02   1.0318100e+01  -7.6135500e+00  -1.0000000e+00
   2.2600000e+02   4.0258800e+00   1.9141500e+01  -1.0000000e+00
   2.2700000e+02  -5.0914400e+00  -2.0332000e+00   1.0000000e+00
   2.2800000e+02   9.8434500e+00  -1.1699400e+01  -1.0000000e+00
   2.2900000e+02  -1.3596500e+01  -9.8828600e+00   1.0000000e+00
   2.3000000e+02   1.2837700e+01  -5.6242100e-01  -1.0000000e+00
   2.3100000e+02   1.4814400e+00   1.2041600e+01  -1.0000000e+00
   2.3200000e+02  -9.4773100e+00   1.1017400e+01  -1.0000000e+00
   2.3300000e+02   1.3935900e+01   9.8407000e+00  -1.0000000e+00
   2.3400000e+02   7.8439300e+00   3.0739900e+00  -1.0000000e+00
   2.3500000e+02  -8.2489600e+00   5.7215000e+00   1.0000000e+00
   2.3600000e+02  -1.8125600e+00  -1.5308300e+01   1.0000000e+00
   2.3700000e+02  -1.0257600e+01   6.3408200e+00   1.0000000e+00
   2.3800000e+02  -6.6376900e+00  -1.2715400e+01   1.0000000e+00
   2.3900000e+02  -6.1168300e+00  -9.1247900e+00   1.0000000e+00
   2.4000000e+02  -3.5853700e+00   1.5680700e+01  -1.0000000e+00
   2.4100000e+02   1.6628600e+01   1.1197400e+00  -1.0000000e+00
   2.4200000e+02   9.5518600e+00  -1.3802600e+01  -1.0000000e+00
   2.4300000e+02   3.4354900e-02   1.5348100e+01  -1.0000000e+00
   2.4400000e+02  -2.8114300e+00  -7.8417800e+00   1.0000000e+00
   2.4500000e+02   3.5497300e+00  -1.8490900e+01   1.0000000e+00
   2.4600000e+02  -1.2253900e+01  -8.2744200e+00   1.0000000e+00
   2.4700000e+02   6.1608500e+00   4.2712800e+00  -1.0000000e+00
   2.4800000e+02  -1.5773800e+01   4.9451400e+00   1.0000000e+00
   2.4900000e+02   4.6736200e+00   7.6056600e+00  -1.0000000e+00
   2.5000000e+02   1.5628100e+01   8.6058100e+00  -1.0000000e+00
   2.5100000e+02   1.3700100e+01   7.7070100e+00  -1.0000000e+00
   2.5200000e+02   6.5012500e+00  -9.2316000e+00  -1.0000000e+00
   2.5300000e+02   1.4120700e+01   1.1920700e+01  -1.0000000e+00
   2.5400000e+02  -7.3280300e+00   3.7987100e+00   1.0000000e+00
   2.5500000e+02   9.0762900e+00  -2.2339200e+00  -1.0000000e+00
   2.5600000e+02  -1.1516800e+01   8.0885000e+00   1.0000000e+00
   2.5700000e+02  -1.1345100e+01   1.0151000e+01   1.0000000e+00
   2.5800000e+02  -1.1264100e+01  -1.1077200e+00   1.0000000e+00
   2.5900000e+02  -5.9015200e+00   1.0706300e+01  -1.0000000e+00
   2.6000000e+02   5.5171500e+00  -1.7735800e+01  -1.0000000e+00
   2.6100000e+02   1.0961800e+01  -1.4295300e+00  -1.0000000e+00
   2.6200000e+02   4.0431600e+00   1.4087000e+00  -1.0000000e+00
   2.6300000e+02   9.2744800e+00  -1.8915100e-01  -1.0000000e+00
   2.6400000e+02  -1.4340700e+01  -7.9464800e+00   1.0000000e+00
   2.6500000e+02   8.4529200e+00   9.2795600e+00  -1.0000000e+00
   2.6600000e+02  -8.1738900e+00  -8.8472700e+00   1.0000000e+00
   2.6700000e+02  -1.4057600e+00  -6.1411000e+00   1.0000000e+00
   2.6800000e+02  -1.2783600e+00   2.9476100e+00  -1.0000000e+00
   2.6900000e+02  -1.0046700e+01  -1.4058400e+01   1.0000000e+00
   2.7000000e+02  -2.0394100e-01  -4.4179500e+00  -1.0000000e+00
   2.7100000e+02  -4.3981600e+00   7.4323700e+00  -1.0000000e+00
   2.7200000e+02  -1.1521500e+01  -1.0195100e+01   1.0000000e+00
   2.7300000e+02   6.3417900e+00   6.3372900e+00  -1.0000000e+00
   2.7400000e+02  -1.1027100e+01  -6.6266400e+00   1.0000000e+00
   2.7500000e+02  -2.0826100e-01   1.3243400e+01  -1.0000000e+00
   2.7600000e+02  -1.2106700e+01  -1.3710500e+01   1.0000000e+00
   2.7700000e+02  -1.4595900e+01  -2.4393400e+00   1.0000000e+00
   2.7800000e+02  -5.1546100e+00  -1.6606100e+01   1.0000000e+00
   2.7900000e+02   2.4675400e-01   1.7415500e+01  -1.0000000e+00
   2.8000000e+02  -4.6219400e+00   5.3823100e+00  -1.0000000e+00
   2.8100000e+02   8.3932500e+00  -8.4214500e+00  -1.0000000e+00
   2.8200000e+02  -2.2341800e-01  -1.3506600e+01   1.0000000e+00
   2.8300000e+02   1.5411900e+01   6.5025100e+00  -1.0000000e+00
   2.8400000e+02  -5.3250600e+00   1.6907200e+01  -1.0000000e+00
   2.8500000e+02  -1.4132000e+01   1.1370300e+00   1.0000000e+00
   2.8600000e+02  -7.3893800e+00  -1.0771800e+01   1.0000000e+00
   2.8700000e+02   1.0717400e+01   1.4333800e+01  -1.0000000e+00
   2.8800000e+02   7.6098400e+00   1.0258000e+00  -1.0000000e+00
   2.8900000e+02   1.1727800e+01  -1.0858700e+01  -1.0000000e+00
   2.9000000e+02   1.6425600e+01  -9.3970400e-01  -1.0000000e+00
   2.9100000e+02  -2.5759300e+00  -1.3343600e+01   1.0000000e+00
   2.9200000e+02   1.1819200e+01   6.8693600e+00  -1.0000000e+00
   2.9300000e+02   1.3052100e+01   1.5213600e+00  -1.0000000e+00
   2.9400000e+02   1.2191000e+01  -6.7476200e+00  -1.0000000e+00
   2.9500000e+02  -1.4471800e+01   6.5423400e+00   1.0000000e+00
   2.9600000e+02   9.4037200e+00  -1.5954100e+01  -1.0000000e+00
   2.9700000e+02   1.0048700e+01  -9.6556400e+00  -1.0000000e+00
   2.9800000e+02  -3.5200200e+00  -5.9078800e+00   1.0000000e+00
   2.9900000e+02   6.7349100e+00   1.0469000e+01  -1.0000000e+00
