   0.0000000e+00   1.7014300e+01   5.3991300e+00  -3.1692200e+00  -1.0000000e+00
   1.0000000e+00  -2.5073100e+00   8.1304600e+00   3.7893300e+01  -3.0000000e+00
   2.0000000e+00   9.1583700e+00   1.3230300e+01   1.4705700e+01  -2.0000000e+00
   3.0000000e+00  -3.2224500e+00   1.5672500e+01   5.0601700e+01  -2.0000000e+00
   4.0000000e+00  -2.3788700e+00  -1.1662200e+01   2.7389900e+01   1.0000000e+00
   5.0000000e+00  -9.4510700e+00  -5.8512400e+00   2.7037900e+01   1.0000000e+00
   6.0000000e+00   6.1834800e+00   1.0279500e+01   1.6342000e+01  -2.0000000e+00
   7.0000000e+00  -3.6837500e+00   3.4885400e+00   1.5943800e+01  -3.0000000e+00
   8.0000000e+00  -9.5793900e+00  -9.4568900e+00   2.6839500e+01   1.0000000e+00
   9.0000000e+00  -2.8364700e+00   1.7712700e+01   5.0039400e+01  -1.0000000e+00
   1.0000000e+01  -1.5911900e+01  -9.1979800e+00   1.1675100e+01  -1.0000000e+00
   1.1000000e+01   3.4116400e+00   1.0352400e+01   4.8267700e+01  -3.0000000e+00
   1.2000000e+01  -3.8378500e+00   1.1491300e+01   5.0675800e+01   2.0000000e+00
   1.3000000e+01  -3.5078500e+00   1.3577300e+01   5.1001900e+01   2.0000000e+00
   1.4000000e+01   9.4027300e-01   7.3327000e+00   3.9313000e+01  -3.0000000e+00
   1.5000000e+01  -1.2616500e+01  -7.5249300e+00   2.6994200e+01   1.0000000e+00
   1.6000000e+01  -1.1330900e+01  -2.1473400e+00   2.6528800e+01   1.0000000e+00
   1.7000000e+01   7.3902700e+00  -3.1176200e+00   2.7049100e+01   1.0000000e+00
   1.8000000e+01   6.4573600e+00   2.8223800e+00   2.5863300e+01  -3.0000000e+00
   1.9000000e+01  -1.0183600e+01  -4.1840700e-01   2.6067200e+01   1.0000000e+00
   2.0000000e+01   1.9476500e+00  -8.2550500e+00   2.7317300e+01   1.0000000e+00
   2.1000000e+01   1.3202400e+00   9.6401000e+00   5.0148300e+01   2.0000000e+00
   2.2000000e+01  -1.4298400e+00  -1.3516100e+01   2.7310200e+01   1.0000000e+00
   2.3000000e+01   1.1035000e+01  -1.4106000e+01   4.0605300e+01  -2.0000000e+00
   2.4000000e+01   9.9030300e-01  -6.4303000e+00   2.7593800e+01   1.0000000e+00
   2.5000000e+01  -1.4314700e+01  -1.4169400e-01   2.5114500e+01   1.0000000e+00
   2.6000000e+01  -7.6653300e+00  -1.3214200e+01   2.7075600e+01   1.0000000e+00
   2.7000000e+01  -2.5390900e-01   1.0967400e+01   5.1716200e+01   2.0000000e+00
   2.8000000e+01   1.4997400e+01  -3.5371400e+00   8.0196700e+00   1.0000000e+00
   2.9000000e+01   4.1801700e+00   1.6688200e+01   4.5636300e+01  -2.0000000e+00
   3.0000000e+01  -3.4958700e+00  -1.3444000e+01   2.7412700e+01   1.0000000e+00
   3.1000000e+01  -8.4258900e+00  -7.7624900e+00   2.6758700e+01   1.0000000e+00
   3.2000000e+01  -1.6764600e+01  -7.2945200e+00   1.1821200e+01  -1.0000000e+00
   3.3000000e+01  -4.7319000e-01  -1.5361100e+01   2.7117800e+01  -2.0000000e+00
   3.4000000e+01   5.8559000e+00   4.7888400e+00   1.2350300e+01  -3.0000000e+00
   3.5000000e+01  -1.5817400e+00   1.4324500e+01   5.0635500e+01   2.0000000e+00
   3.6000000e+01   8.3492700e+00  -4.9930600e+00   2.7171600e+01  -3.0000000e+00
   3.7000000e+01  -1.1915800e+01   3.8911400e+00   3.9694300e+01  -3.0000000e+00
   3.8000000e+01  -3.3418800e+00  -9.8144200e+00   2.7461500e+01   1.0000000e+00
   3.9000000e+01  -9.3211800e+00   1.1375800e+01   5.2302700e+01   2.0000000e+00
   4.0000000e+01   8.2282200e+00   9.7991000e+00   1.5472200e+01   1.0000000e+00
   4.1000000e+01   1.3261300e+01  -4.8827200e+00   6.6794800e+00  -2.0000000e+00
   4.2000000e+01   6.7510500e+00  -1.7557000e+01   2.7483400e+01  -1.0000000e+00
   4.3000000e+01  -6.3778900e+00  -7.9052700e+00   2.7076300e+01   1.0000000e+00
   4.4000000e+01   6.8055100e+00   8.3049200e+00   3.7467600e+00   1.0000000e+00
   4.5000000e+01   6.4775900e+00  -1.2811700e+00   2.6624400e+01   1.0000000e+00
   4.6000000e+01  -1.0691200e+01  -1.1254500e+01   2.7164500e+01   1.0000000e+00
   4.7000000e+01  -1.1824600e+01  -1.2995800e+01   2.6983500e+01  -2.0000000e+00
   4.8000000e+01   1.4791900e+01   1.3547300e+01   1.3779000e+01  -1.0000000e+00
   4.9000000e+01   9.2768200e+00  -6.8323000e+00   1.8679800e+01  -2.0000000e+00
   5.0000000e+01  -3.6856900e+00  -1.7028700e+01   2.7396100e+01  -1.0000000e+00
   5.1000000e+01  -5.1601700e+00   1.4906500e+01   5.1470100e+01  -2.0000000e+00
   5.2000000e+01  -1.2235900e+00   1.6355700e+01   5.0140500e+01  -2.0000000e+00
   5.3000000e+01  -1.7733700e+01  -5.4601500e+00   1.3012400e+01  -1.0000000e+00
   5.4000000e+01   2.1002500e+00  -4.6763500e+00   2.7230600e+01   1.0000000e+00
   5.5000000e+01  -5.4646100e+00   1.2838000e+01   5.1041100e+01   2.0000000e+00
   5.6000000e+01  -7.8706300e+00   2.9892700e+00   3.8290300e+01  -3.0000000e+00
   5.7000000e+01  -8.7642300e+00  -1.4970600e+01   1.5170600e+01  -2.0000000e+00
   5.8000000e+01  -1.3154600e+01   1.5853500e+00   2.6107300e+01  -3.0000000e+00
   5.9000000e+01  -1.1034700e+01   1.2610700e+01   5.2442500e+01  -2.0000000e+00
   6.0000000e+01  -4.8569100e+00   1.0296700e+00   1.5205800e+01   1.0000000e+00
   6.1000000e+01   2.0049300e+00   1.3698200e+01   5.0979400e+01   2.0000000e+00
   6.2000000e+01   1.1734200e+01   1.0667900e+01   1.5043200e+01   1.0000000e+00
   6.3000000e+01  -1.0559200e+01  -7.6016300e+00   2.7331500e+01   1.0000000e+00
   6.4000000e+01  -1.3897500e+01  -1.2881200e+01   1.2663400e+01  -1.0000000e+00
   6.5000000e+01   2.8756100e+00  -1.0108700e+01   2.7412200e+01   1.0000000e+00
   6.6000000e+01   1.1659700e+00  -2.8495400e+00   2.6664700e+01   1.0000000e+00
   6.7000000e+01  -2.5506700e+00  -1.5278200e+01   2.7423700e+01  -2.0000000e+00
   6.8000000e+01   7.3925900e+00   1.6891700e+01   1.5203400e+01  -1.0000000e+00
   6.9000000e+01  -4.4014500e+00   7.3205400e+00   4.9164000e+01  -3.0000000e+00
   7.0000000e+01  -1.2939800e+01   1.1846600e+01   5.3749300e+01  -2.0000000e+00
   7.1000000e+01   1.0439900e+01   1.7997300e+00   3.4353700e+01  -3.0000000e+00
   7.2000000e+01   1.1313800e+01  -6.3443000e+00   5.0022100e+01  -1.0000000e+00
   7.3000000e+01   4.0295500e+00  -8.3558600e+00   2.7104100e+01   1.0000000e+00
   7.4000000e+01   1.2294300e+01  -8.7325700e+00   2.7770400e+01  -1.0000000e+00
   7.5000000e+01   1.6644300e+01  -2.2461500e+00   8.1833700e+00  -2.0000000e+00
   7.6000000e+01   6.2836400e+00  -4.8822100e+00   2.7243300e+01   1.0000000e+00
   7.7000000e+01   1.7817000e+00  -1.1877500e+01   2.7584800e+01   1.0000000e+00
   7.8000000e+01  -1.5675900e+01   4.6283100e+00   4.7758700e+01  -2.0000000e+00
   7.9000000e+01  -6.7839000e+00   1.6190000e+01   5.1659100e+01  -1.0000000e+00
   8.0000000e+01  -1.6895800e+01   2.9639600e+00   4.0471800e+01  -1.0000000e+00
   8.1000000e+01   6.0851400e+00  -8.4553500e+00   2.6939500e+01   1.0000000e+00
   8.2000000e+01   7.8591600e+00   4.3278900e+00   1.6203100e+01   1.0000000e+00
   8.3000000e+01  -6.9704400e+00   1.1374700e+00   2.6133800e+01   1.0000000e+00
   8.4000000e+01   1.3250700e+01  -1.4052700e+01   2.9396500e+01  -1.0000000e+00
   8.5000000e+01   1.8295300e+01  -9.3658400e-01  -6.4718100e+00  -1.0000000e+00
   8.6000000e+01  -1.3547900e+01   7.6859000e+00   5.3205700e+01   2.0000000e+00
   8.7000000e+01  -8.8175800e-01   1.8446700e+01   5.0416000e+01  -1.0000000e+00
   8.8000000e+01  -9.9656000e+00   7.2371400e+00   5.1917100e+01   2.0000000e+00
   8.9000000e+01  -1.4901100e+01  -1.1060900e+01   1.3716000e+01  -1.0000000e+00
   9.0000000e+01   9.9126300e+00   3.7968700e+00   1.5257000e+01   1.0000000e+00
   9.1000000e+01   1.0258100e+01   9.2348900e+00   1.4877200e+01   1.0000000e+00
   9.2000000e+01   8.6467100e+00   1.5263800e+01   4.9786900e+00  -1.0000000e+00
   9.3000000e+01   9.3122900e+00   5.7719900e+00   1.5393600e+01   1.0000000e+00
   9.4000000e+01  -1.1296100e+01   1.0550600e+01   5.2163900e+01   2.0000000e+00
   9.5000000e+01  -6.3687400e+00   6.7188000e+00   4.9840800e+01   2.0000000e+00
   9.6000000e+01  -2.9361700e+00  -2.6453400e+00   1.4538400e+01  -3.0000000e+00
   9.7000000e+01  -1.0909100e+00  -6.3471000e+00   2.7724200e+01   1.0000000e+00
   9.8000000e+01   4.0123100e+00   1.4523000e+01   6.5640800e+01  -2.0000000e+00
   9.9000000e+01   1.5432100e+01   4.0576300e+00   1.2876000e+01  -2.0000000e+00
   1.0000000e+02   7.6740200e+00   1.1791600e+01   1.5363100e+01  -2.0000000e+00
   1.0100000e+02  -1.0260900e+01   5.1821000e+00   3.4878000e+01  -3.0000000e+00
   1.0200000e+02  -1.6594500e+01  -3.5784500e+00   2.7761600e+01  -2.0000000e+00
   1.0300000e+02  -1.3223900e+01   9.8096500e+00   5.2662300e+01  -2.0000000e+00
   1.0400000e+02   4.4481400e+00   2.4239900e+00   1.6924400e+01  -3.0000000e+00
   1.0500000e+02   5.5512800e+00   6.4588100e-01   2.9530100e+01  -3.0000000e+00
   1.0600000e+02  -3.8108300e+00  -7.6016500e-01   2.7648100e+01  -3.0000000e+00
   1.0700000e+02   1.4685400e+01  -1.4788200e+00   9.2443600e+00   1.0000000e+00
   1.0800000e+02   1.2289400e+01   8.6843200e+00   1.5056900e+01   1.0000000e+00
   1.0900000e+02  -1.5200400e+01   8.9004100e+00   6.5796600e+01  -2.0000000e+00
   1.1000000e+02   4.3929000e+00  -1.1670400e+00   2.7268800e+01   1.0000000e+00
   1.1100000e+02  -4.3287900e+00  -8.0002800e+00   2.7535200e+01   1.0000000e+00
   1.1200000e+02  -1.8700100e+01  -3.6400500e+00   2.9656700e+01  -1.0000000e+00
   1.1300000e+02   4.7334600e+00   6.6375900e+00   4.0319000e+01  -3.0000000e+00
   1.1400000e+02   5.3187200e+00  -3.0378300e+00   2.7028400e+01   1.0000000e+00
   1.1500000e+02  -1.4655800e+01   1.3028100e+01   5.6023700e+01  -1.0000000e+00
   1.1600000e+02  -1.4930500e+01   1.0970200e+01   6.8627700e+01  -1.0000000e+00
   1.1700000e+02   1.7080900e+01  -8.5293500e+00   6.1821200e+01  -1.0000000e+00
   1.1800000e+02   1.5382100e+01   1.1476800e+01  -1.8577400e+00  -1.0000000e+00
   1.1900000e+02   4.7970200e+00   8.7714500e+00   4.7762800e+01  -3.0000000e+00
   1.2000000e+02   7.2270600e+00  -6.7197700e+00   2.7035800e+01   1.0000000e+00
   1.2100000e+02  -8.1175600e+00  -5.6596800e-01   2.6319800e+01   1.0000000e+00
   1.2200000e+02   5.8022900e+00  -1.5720000e+01   2.7532700e+01  -2.0000000e+00
   1.2300000e+02   1.1133700e+01  -2.0916300e+00   1.0805800e+01  -3.0000000e+00
   1.2400000e+02  -5.6606200e+00   2.9389000e+00   3.1842200e+01  -3.0000000e+00
   1.2500000e+02  -5.2832200e+00  -6.1396600e+00   2.6437400e+01   1.0000000e+00
   1.2600000e+02  -1.0387700e+01  -4.0002400e+00   2.6840200e+01   1.0000000e+00
   1.2700000e+02  -6.0642900e+00   8.7485400e+00   5.0712700e+01   2.0000000e+00
   1.2800000e+02  -5.0292400e+00  -2.5159200e+00   2.6662800e+01   1.0000000e+00
   1.2900000e+02  -1.0766200e+01   1.4657500e+01   5.0648000e+01  -1.0000000e+00
   1.3000000e+02   1.4370900e+01  -1.2300900e+01   2.8706700e+01  -1.0000000e+00
   1.3100000e+02   8.4496500e+00   2.3461600e+00   3.1654500e+01  -3.0000000e+00
   1.3200000e+02   5.1527700e+00  -6.6126400e+00   2.7130300e+01   1.0000000e+00
   1.3300000e+02   1.5222900e+01  -7.6629000e+00   2.7341700e+01  -2.0000000e+00
   1.3400000e+02   9.1202700e+00  -1.0410900e+01   2.7117100e+01   1.0000000e+00
   1.3500000e+02  -1.2951900e+01  -1.4734700e+01   2.6772600e+01  -1.0000000e+00
   1.3600000e+02   5.6927400e+00   1.8106400e+01   3.3803600e+01  -1.0000000e+00
   1.3700000e+02   1.8527300e+01  -3.0377000e+00  -6.2727100e+00  -1.0000000e+00
   1.3800000e+02  -1.1906400e+01   6.4444900e+00   5.4085300e+01   2.0000000e+00
   1.3900000e+02  -4.7566300e+00   5.2810400e+00   4.1379200e+01  -3.0000000e+00
   1.4000000e+02  -7.3011300e-01   8.8325900e-01   1.5800400e+01  -3.0000000e+00
   1.4100000e+02   1.4961100e+01   6.1056200e+00   1.3555200e+01  -2.0000000e+00
   1.4200000e+02  -4.4485500e+00  -1.1590000e+01   2.7579700e+01   1.0000000e+00
   1.4300000e+02   1.1377900e+01   5.2586200e+00   1.4882000e+01   1.0000000e+00
   1.4400000e+02  -8.2823800e+00  -4.1458700e+00   2.6834700e+01   1.0000000e+00
   1.4500000e+02   3.4328300e-01   2.6880900e+00   2.8628400e+01   1.0000000e+00
   1.4600000e+02   3.6178000e+00   1.2421100e+01   5.8438000e+01  -2.0000000e+00
   1.4700000e+02  -1.3825700e+01  -9.2833200e+00   2.7432000e+01  -2.0000000e+00
   1.4800000e+02  -9.2735800e+00  -2.2754300e+00   2.6614500e+01   1.0000000e+00
   1.4900000e+02  -7.6953600e+00   1.0074000e+01   5.1291400e+01   2.0000000e+00
   1.5000000e+02   1.7912700e+01   1.1353400e+00  -5.4527200e+00  -1.0000000e+00
   1.5100000e+02   3.8407500e+00  -1.1923900e+01   2.7940000e+01   1.0000000e+00
   1.5200000e+02   2.6746700e+00   6.1786000e+00   4.1898300e+01  -3.0000000e+00
   1.5300000e+02   1.3063600e+01  -2.8244100e+00   8.4345900e+00   1.0000000e+00
   1.5400000e+02   1.3952800e+01   2.6205700e+00   1.2501400e+01   1.0000000e+00
   1.5500000e+02  -1.5665800e+01  -5.5530600e+00   2.7375000e+01  -2.0000000e+00
   1.5600000e+02   1.5254700e+01  -5.6061000e+00   3.5649900e+01   0.0000000e+00
   1.5700000e+02   2.3231500e+00   1.5739500e+01   5.2861600e+01  -2.0000000e+00
   1.5800000e+02   6.8827800e+00  -1.3920200e+01   2.7523600e+01   1.0000000e+00
   1.5900000e+02   3.6701300e+00  -1.5616700e+01   2.6974000e+01  -2.0000000e+00
   1.6000000e+02   7.2096600e-01   1.7099600e+01   4.0422700e+01  -2.0000000e+00
   1.6100000e+02  -7.1710100e+00  -2.4168500e+00   2.6950900e+01   1.0000000e+00
   1.6200000e+02  -4.8304400e+00   1.6972500e+01   5.1043600e+01  -1.0000000e+00
   1.6300000e+02  -1.5488900e+01  -1.8350700e+00   2.6379600e+01  -2.0000000e+00
   1.6400000e+02   2.3120600e+00  -1.0796200e+00   2.6970900e+01   1.0000000e+00
   1.6500000e+02  -4.1378700e+00   9.4604100e+00   5.0986400e+01   2.0000000e+00
   1.6600000e+02   1.1930800e+01   3.2430200e+00   1.3955900e+01   1.0000000e+00
   1.6700000e+02  -5.5866000e+00  -1.3337400e+01   2.7058400e+01   1.0000000e+00
   1.6800000e+02  -7.3325500e+00  -5.9787700e+00   2.6774500e+01   1.0000000e+00
   1.6900000e+02   3.0602900e+00  -6.5123200e+00   2.7460400e+01   1.0000000e+00
   1.7000000e+02  -2.1896600e+00   1.0159000e+01   5.1065000e+01   2.0000000e+00
   1.7100000e+02   1.6916700e+01  -4.3609600e+00   8.1472700e+00  -2.0000000e+00
   1.7200000e+02   1.3539700e+00   8.1764700e-01   2.7746500e+01   1.0000000e+00
   1.7300000e+02  -8.7250200e+00   1.5440400e+01   5.1003200e+01  -1.0000000e+00
   1.7400000e+02  -1.0239900e+00   6.6947200e+00   3.1532600e+01  -3.0000000e+00
   1.7500000e+02   9.4368400e+00  -3.2454600e+00   2.9899700e+01  -3.0000000e+00
   1.7600000e+02   1.3227800e+01   1.2160900e+01   1.4547700e+01  -2.0000000e+00
   1.7700000e+02  -1.8249600e+01   1.2132900e+00   4.0865900e+01  -1.0000000e+00
   1.7800000e+02  -7.4965200e+00  -9.6350400e+00   2.6734800e+01   1.0000000e+00
   1.7900000e+02  -1.5190300e+01   1.8164100e+00   2.9892100e+01  -2.0000000e+00
   1.8000000e+02  -1.3596500e+01  -5.6161000e+00   2.6948700e+01   1.0000000e+00
   1.8100000e+02   2.4582900e-01  -9.2442900e-01   2.6972900e+01  -3.0000000e+00
   1.8200000e+02  -7.3894400e+00   1.2103000e+01   5.1254000e+01   2.0000000e+00
   1.8300000e+02  -5.4197500e+00  -9.7513700e+00   2.7695800e+01   1.0000000e+00
   1.8400000e+02   2.5277100e+00  -1.7351100e+01   2.7775900e+01  -1.0000000e+00
   1.8500000e+02  -1.4518100e+01  -3.7187300e+00   2.6517300e+01   1.0000000e+00
   1.8600000e+02   2.3943200e+00   2.6282300e+00   2.6699500e+01   1.0000000e+00
   1.8700000e+02   1.3440200e+01   4.6467200e+00   1.3950400e+01   1.0000000e+00
   1.8800000e+02  -3.1694500e+00  -6.2693500e+00   2.7084000e+01   1.0000000e+00
   1.8900000e+02   5.9406700e+00  -1.2043100e+01   2.7304600e+01   1.0000000e+00
   1.9000000e+02   1.0234600e+01  -2.4776100e-01   4.0451600e+01  -3.0000000e+00
   1.9100000e+02   1.0243600e+01  -8.6444700e+00   2.8958900e+01  -2.0000000e+00
   1.9200000e+02   1.5995900e+01   1.8793300e+00   1.0854600e+01  -2.0000000e+00
   1.9300000e+02  -2.7809600e+00   1.0084500e+00   3.9021500e+01  -3.0000000e+00
   1.9400000e+02  -2.6553000e+00   5.4070000e+00   3.6887200e+01  -3.0000000e+00
   1.9500000e+02   1.4288000e+01   8.1555200e+00   1.4402500e+01  -2.0000000e+00
   1.9600000e+02   1.2748700e+01  -7.9380700e-01   1.0819100e+01  -3.0000000e+00
   1.9700000e+02   2.8166700e+00   8.2421100e+00   4.9692800e+01  -3.0000000e+00
   1.9800000e+02  -4.0842300e+00  -4.3954800e+00   2.6393500e+01   1.0000000e+00
   1.9900000e+02   4.6601600e+00  -1.7474200e+01   2.7355400e+01  -1.0000000e+00
   2.0000000e+02  -9.0794700e+00   1.3414900e+01   5.1891100e+01  -2.0000000e+00
   2.0100000e+02   1.6771200e+00   1.1672000e+01   5.1016500e+01   2.0000000e+00
   2.0200000e+02   6.4164100e-01  -1.3612600e+01   2.6982900e+01   1.0000000e+00
   2.0300000e+02  -1.8937600e+00   1.2207100e+01   5.1467300e+01   2.0000000e+00
   2.0400000e+02  -9.0308700e+00   1.2948800e+00   2.5708200e+01   1.0000000e+00
   2.0500000e+02  -1.7288700e+01   5.9890400e+00   6.0834600e+01  -1.0000000e+00
   2.0600000e+02  -1.5694600e+00  -1.7130300e+01   2.6284800e+01  -1.0000000e+00
   2.0700000e+02  -1.1332200e-01  -8.1694100e+00   2.7509500e+01   1.0000000e+00
   2.0800000e+02   4.8133100e+00  -1.3772600e+01   2.7512100e+01   1.0000000e+00
   2.0900000e+02   3.8088500e+00   4.4343600e+00   2.9539500e+01  -3.0000000e+00
   2.1000000e+02  -7.0712800e+00   1.4140900e+01   5.1275000e+01  -2.0000000e+00
   2.1100000e+02  -2.0301900e+00  -4.5021400e+00   2.7120600e+01   1.0000000e+00
   2.1200000e+02  -2.1761700e+00  -8.0792200e+00   2.7420400e+01   1.0000000e+00
   2.1300000e+02  -8.7361800e-01  -2.6959000e+00   3.9049800e+01  -3.0000000e+00
   2.1400000e+02   7.6029300e+00   4.6942100e-01   2.8083600e+01  -3.0000000e+00
   2.1500000e+02  -7.8692100e+00  -1.6827800e+01   2.6102700e+01  -1.0000000e+00
   2.1600000e+02  -5.4847100e-01   8.7852400e+00   4.9722900e+01  -3.0000000e+00
   2.1700000e+02  -2.6966500e-01  -1.1765200e+01   2.7215400e+01   1.0000000e+00
   2.1800000e+02   8.5261600e+00  -1.3911100e+00   2.1985200e+01  -3.0000000e+00
   2.1900000e+02  -1.2497800e+00  -9.9511100e+00   2.7184400e+01   1.0000000e+00
   2.2000000e+02   8.1589800e-01  -1.0020300e+01   2.7534400e+01   1.0000000e+00
   2.2100000e+02  -1.1522800e+01  -5.7565800e+00   2.7140400e+01   1.0000000e+00
   2.2200000e+02   2.5257600e+00   1.8192800e+01   5.4732800e+01  -1.0000000e+00
   2.2300000e+02   5.6639600e+00   1.2270000e+01   1.8220000e+01  -1.0000000e+00
   2.2400000e+02   3.7022100e-01   1.5037200e+01   5.0222900e+01   2.0000000e+00
   2.2500000e+02   1.2621900e+01   1.4174700e+01   1.5570700e+01  -1.0000000e+00
   2.2600000e+02  -1.2448600e+01  -3.8891100e+00   2.6411000e+01   1.0000000e+00
   2.2700000e+02   4.1904900e+00  -4.7723900e+00   2.7136600e+01   1.0000000e+00
   2.2800000e+02  -8.6091000e+00  -1.1371200e+01   2.6974500e+01   1.0000000e+00
   2.2900000e+02   9.9365900e+00  -1.5919000e+01   2.7733100e+01  -1.0000000e+00
   2.3000000e+02   1.5259700e+01  -9.7203200e+00   1.8836900e+01  -1.0000000e+00
   2.3100000e+02  -9.9160400e+00   3.1589400e+00   7.0730400e+00  -3.0000000e+00
   2.3200000e+02  -9.7292800e+00  -1.3107700e+01   2.7204700e+01  -2.0000000e+00
   2.3300000e+02   1.0634200e+01   1.4687100e+01   1.4825000e+01  -1.0000000e+00
   2.3400000e+02   4.7276600e-01  -1.7426100e+01   2.7057100e+01  -1.0000000e+00
   2.3500000e+02   7.8742800e+00  -1.5800500e+01   3.9811200e+01  -2.0000000e+00
   2.3600000e+02  -8.0019600e+00   8.0184300e+00   5.1410800e+01   2.0000000e+00
   2.3700000e+02  -1.3952500e+01   3.4762300e+00   3.9806700e+01  -3.0000000e+00
   2.3800000e+02   1.3329500e+01  -1.0512100e+01   2.1904100e+01  -2.0000000e+00
   2.3900000e+02  -1.3775800e+01   5.5440600e+00   5.3497700e+01   2.0000000e+00
   2.4000000e+02   7.2851900e+00   6.3010700e+00   1.6354300e+01   1.0000000e+00
   2.4100000e+02   4.9534800e+00  -1.0201900e+01   2.7272600e+01   1.0000000e+00
   2.4200000e+02  -1.5415400e+01   6.8194700e+00   5.3608400e+01  -2.0000000e+00
   2.4300000e+02  -4.6175100e+00  -1.5172400e+01   2.7290600e+01  -2.0000000e+00
   2.4400000e+02  -1.1595700e+01   8.4948100e+00   5.1843800e+01   2.0000000e+00
   2.4500000e+02   1.3680200e+00   4.5378800e+00   3.9056300e+01  -3.0000000e+00
   2.4600000e+02  -5.9957800e+00  -6.8451800e-01   2.7172400e+01   1.0000000e+00
   2.4700000e+02   3.4108300e+00   6.5384100e-01   2.8012600e+01   1.0000000e+00
   2.4800000e+02  -6.5207400e+00  -1.1497600e+01   2.7104700e+01   1.0000000e+00
   2.4900000e+02  -1.8676800e+01   4.0014800e+00   4.2423300e+01  -1.0000000e+00
   2.5000000e+02  -1.2786900e+01  -1.1109500e+01   2.7852000e+01  -2.0000000e+00
   2.5100000e+02  -1.4706900e+01  -7.3823100e+00   2.6743400e+01  -2.0000000e+00
   2.5200000e+02  -5.7628200e+00   1.0798100e+01   5.0910200e+01   2.0000000e+00
   2.5300000e+02   7.9883800e+00  -1.2133200e+01   2.7055300e+01   1.0000000e+00
   2.5400000e+02  -1.3379600e+01  -1.9961400e+00   2.6304300e+01   1.0000000e+00
   2.5500000e+02   1.2869300e+01   6.6675800e+00   1.5181500e+01   1.0000000e+00
   2.5600000e+02   5.8981400e+00   1.5471200e+01   2.5192400e+01  -1.0000000e+00
   2.5700000e+02   1.2231900e+01  -1.2245200e+01   2.9082500e+01  -2.0000000e+00
   2.5800000e+02   1.1194300e+01  -1.0481100e+01   2.8472500e+01  -2.0000000e+00
   2.5900000e+02   1.8955300e+01  -5.0509700e+00   1.0435100e+01  -1.0000000e+00
   2.6000000e+02  -1.7060500e+00   2.8257300e+00   3.7091500e+01  -3.0000000e+00
   2.6100000e+02   1.4364600e+01   5.6349000e-01   9.9165500e+00   1.0000000e+00
   2.6200000e+02  -1.7553800e+01  -1.7073700e+00   4.3154600e+01  -1.0000000e+00
   2.6300000e+02  -9.6237200e+00   9.2930400e+00   5.1878500e+01   2.0000000e+00
   2.6400000e+02   3.2536200e+00  -2.9254100e+00   2.7068700e+01   1.0000000e+00
   2.6500000e+02  -1.1098800e+01   1.4609600e+00   2.4647400e+01  -3.0000000e+00
   2.6600000e+02   1.0805600e+01   7.2370900e+00   1.5068700e+01   1.0000000e+00
   2.6700000e+02  -1.7089600e+01   8.0623400e+00   5.3950100e+01  -1.0000000e+00
   2.6800000e+02   8.1949600e+00  -8.5790500e+00   2.7233300e+01   1.0000000e+00
   2.6900000e+02  -1.0864200e+01  -1.4871800e+01   2.6976500e+01  -1.0000000e+00
   2.7000000e+02   1.7180100e+01  -6.4380200e+00   4.0236500e+01  -2.0000000e+00
   2.7100000e+02   8.7902200e+00   7.7529800e+00   1.4911200e+01   1.0000000e+00
   2.7200000e+02  -7.2682500e-01   4.6486200e+00   8.8306000e+00  -3.0000000e+00
   2.7300000e+02  -8.3136300e+00   5.9860100e+00   3.9636400e+01  -3.0000000e+00
   2.7400000e+02  -1.6462800e+01   1.5854400e-01   3.1940500e+01  -2.0000000e+00
   2.7500000e+02   1.1183800e+01   1.2679400e+01   1.5253100e+01  -2.0000000e+00
   2.7600000e+02   8.9345200e+00  -1.4010100e+01   2.7576200e+01  -2.0000000e+00
   2.7700000e+02   1.1343900e+01  -4.1510800e+00   2.9280400e+01  -2.0000000e+00
   2.7800000e+02   1.0061000e+01  -1.2291100e+01   2.7727700e+01   1.0000000e+00
   2.7900000e+02   1.3796500e+01   1.0158200e+01   1.3678300e+01  -2.0000000e+00
   2.8000000e+02  -6.7199300e+00   4.6937100e+00   4.0974400e+01  -3.0000000e+00
   2.8100000e+02   1.6181800e+00  -1.5460500e+01   2.7099400e+01  -2.0000000e+00
   2.8200000e+02  -1.1681600e+01  -9.3537000e+00   2.7512500e+01   1.0000000e+00
   2.8300000e+02   1.5898800e+01   9.4833500e+00  -1.3226100e+00  -1.0000000e+00
   2.8400000e+02   9.7113300e+00   1.1245500e+01   1.4726400e+01   1.0000000e+00
   2.8500000e+02   2.7565100e+00  -1.3750000e+01   2.7481800e+01   1.0000000e+00
   2.8600000e+02   7.1237500e+00   1.3774500e+01   1.9321000e+01  -2.0000000e+00
   2.8700000e+02   7.0348700e+00  -1.0302600e+01   2.7146600e+01   1.0000000e+00
   2.8800000e+02  -1.2255800e+01  -2.7057600e-01   2.6264500e+01   1.0000000e+00
   2.8900000e+02  -1.2846900e+01   1.4081900e+01   5.3559300e+01  -1.0000000e+00
   2.9000000e+02   1.3957200e-02   1.3001600e+01   5.1027500e+01   2.0000000e+00
   2.9100000e+02   3.5215900e-02  -4.5689500e+00   2.7089900e+01   1.0000000e+00
   2.9200000e+02   1.6569700e+01   7.4754400e+00  -1.4048600e+00  -1.0000000e+00
   2.9300000e+02  -6.7073200e+00  -1.5061800e+01   2.7045600e+01  -2.0000000e+00
   2.9400000e+02   1.7517000e+01   3.3722300e+00  -2.4429200e+00  -1.0000000e+00
   2.9500000e+02   1.2427600e+01   1.2291900e+00   5.3754600e-02  -3.0000000e+00
   2.9600000e+02   1.6298800e+01  -1.6731700e-01   9.0168700e+00  -2.0000000e+00
   2.9700000e+02  -5.7386300e+00  -1.6979800e+01   2.7385200e+01  -1.0000000e+00
   2.9800000e+02  -6.1895000e+00  -4.2626700e+00   2.6618300e+01   1.0000000e+00
   2.9900000e+02   1.3288400e+01  -6.9409000e+00   2.3724600e+01  -2.0000000e+00
