   0.0000000e+00  -1.7312000e-01  -8.1559800e+00   1.1526000e+00  -3.0000000e+00
   1.0000000e+00   9.0593100e+00  -1.0675500e+01   5.9747900e+00   1.0000000e+00
   2.0000000e+00   3.4360700e+00   1.7744700e+01   2.9579900e+01  -1.0000000e+00
   3.0000000e+00  -8.9990800e+00   1.2368400e+01   2.1595900e+01   1.0000000e+00
   4.0000000e+00  -4.3182500e+00  -8.1916700e+00   2.3845800e+01   1.0000000e+00
   5.0000000e+00  -1.1247500e+01  -1.4702600e+01   2.4612700e+01  -1.0000000e+00
   6.0000000e+00  -1.5881500e+01   4.2955900e-01   2.3863200e+01  -2.0000000e+00
   7.0000000e+00  -3.7981300e+00  -1.3769100e+01   2.6675600e+01  -1.0000000e+00
   8.0000000e+00  -7.6689000e+00   1.4009400e+01   2.0605600e+01  -2.0000000e+00
   9.0000000e+00  -1.5298600e+00  -1.7541000e+01   1.2501500e+01  -2.0000000e+00
   1.0000000e+01  -1.3775000e+01  -8.9941900e+00   2.3752600e+01  -2.0000000e+00
   1.1000000e+01   3.9792300e-01   1.3221200e+01   5.5838700e+01  -3.0000000e+00
   1.2000000e+01   3.7590200e+00  -1.4272700e+01   3.3154200e+00   1.0000000e+00
   1.3000000e+01   4.9391100e+00   1.6255700e+01   3.2788500e+01  -2.0000000e+00
   1.4000000e+01  -1.7957100e+01   6.1216400e-01   2.4310000e+01  -1.0000000e+00
   1.5000000e+01   3.2692600e+00   1.0251200e+01   4.3023500e+01   2.0000000e+00
   1.6000000e+01   6.4026800e+00   1.4764000e+01   4.4578800e+01  -2.0000000e+00
   1.7000000e+01  -1.3325500e+01  -1.4499900e+01   2.3757000e+01  -1.0000000e+00
   1.8000000e+01   1.0962100e-02   5.8210300e+00   4.2965200e+01  -3.0000000e+00
   1.9000000e+01   6.1259600e+00   7.2375800e+00   4.3251500e+01   2.0000000e+00
   2.0000000e+01  -1.1570200e+01   8.9854300e+00   2.2931800e+01   1.0000000e+00
   2.1000000e+01  -6.8436000e+00  -2.4949800e+00   2.3466400e+01   1.0000000e+00
   2.2000000e+01   9.2915100e+00   1.1673100e+01   4.3305400e+01   2.0000000e+00
   2.3000000e+01  -1.6110800e+00   1.2764200e+01   1.9103900e+01  -3.0000000e+00
   2.4000000e+01   1.4183300e+01   9.0206300e+00   4.2387600e+01  -2.0000000e+00
   2.5000000e+01  -1.2827000e+01   7.3475900e+00   2.2434800e+01   1.0000000e+00
   2.6000000e+01  -3.5484900e+00  -1.0924300e+00   1.7676200e+01  -3.0000000e+00
   2.7000000e+01  -1.4242400e+01  -3.4309600e+00   2.2825400e+01   1.0000000e+00
   2.8000000e+01   1.7863000e+01   1.9190400e+00   3.2045000e+01  -2.0000000e+00
   2.9000000e+01  -8.7317300e+00   6.8652700e+00   2.2709800e+01   1.0000000e+00
   3.0000000e+01   1.6405900e+00  -9.1726700e+00   2.6637300e+00   1.0000000e+00
   3.1000000e+01   1.0305700e+01   2.6252500e+00   4.1929900e+01   2.0000000e+00
   3.2000000e+01  -1.0173400e+00  -4.1872800e+00   2.1849200e+01  -3.0000000e+00
   3.3000000e+01   3.0066400e+00  -2.8104400e+00   4.4710800e+01  -3.0000000e+00
   3.4000000e+01  -9.1745400e+00  -1.4882000e+01   4.2487400e+01  -2.0000000e+00
   3.5000000e+01   6.2987700e+00   1.7263000e+00   4.2829100e+01   2.0000000e+00
   3.6000000e+01  -1.7527800e+01   4.2810200e+00   2.4583100e+01  -1.0000000e+00
   3.7000000e+01   7.5466600e+00  -1.6057400e+01   2.0517100e+01  -1.0000000e+00
   3.8000000e+01  -1.2920300e+01  -1.0872200e+01   2.3750400e+01  -2.0000000e+00
   3.9000000e+01   3.5093000e+00  -1.0062400e+01   2.9586400e+00   1.0000000e+00
   4.0000000e+01  -5.1465600e+00  -6.3019000e+00   2.3603400e+01   1.0000000e+00
   4.1000000e+01   9.8992100e+00   1.3674600e+01   4.3329700e+01  -2.0000000e+00
   4.2000000e+01  -6.1648200e+00   1.5784700e+01   3.1577300e+01  -2.0000000e+00
   4.3000000e+01   1.0173000e+01   8.1208000e+00   4.2940300e+01   2.0000000e+00
   4.4000000e+01   2.0560400e+00   6.2920700e+00   4.3050800e+01   2.0000000e+00
   4.5000000e+01  -2.6672300e+00  -2.9591600e+00   2.4632500e+01  -3.0000000e+00
   4.6000000e+01   4.8914800e+00   3.2487300e+00   4.3099300e+01   2.0000000e+00
   4.7000000e+01  -2.0247600e+00   5.3487400e+00   4.6707500e+01  -3.0000000e+00
   4.8000000e+01  -5.6052400e+00   1.3808600e+01   1.9216300e+01  -3.0000000e+00
   4.9000000e+01   1.3629600e+01   7.0186400e+00   4.2400100e+01   2.0000000e+00
   5.0000000e+01   8.8751400e+00  -8.6114700e+00   7.1055300e+00   1.0000000e+00
   5.1000000e+01   7.8962700e-01  -5.1807400e+00   3.2862500e+01  -3.0000000e+00
   5.2000000e+01   1.2031300e+00   9.7627500e+00   4.3393500e+01   2.0000000e+00
   5.3000000e+01  -1.5235700e+01   1.3223300e+01  -9.4442300e+00  -1.0000000e+00
   5.4000000e+01   1.4234400e+01  -6.6888500e+00   9.0728600e+00   1.0000000e+00
   5.5000000e+01   1.4424100e+01  -8.7437700e+00   8.4098500e+00  -2.0000000e+00
   5.6000000e+01  -6.9527900e+00   1.2056600e+01   2.1459400e+01   1.0000000e+00
   5.7000000e+01  -7.9580900e+00  -1.3209800e+01   2.3604700e+01   1.0000000e+00
   5.8000000e+01  -3.3242000e+00  -1.8604100e+01   4.9882000e-01  -1.0000000e+00
   5.9000000e+01  -1.2524900e+01   1.8844100e+00   2.2275500e+01   1.0000000e+00
   6.0000000e+01  -7.5071100e-01   1.6384100e+01   1.9924800e+01  -2.0000000e+00
   6.1000000e+01   7.8817300e+00   1.3262400e+01   4.3779500e+01   2.0000000e+00
   6.2000000e+01   1.5877300e+01  -5.2706700e+00   9.1377900e+00  -2.0000000e+00
   6.3000000e+01  -9.7604700e+00   1.4291800e+01   1.9983400e+01  -2.0000000e+00
   6.4000000e+01  -1.1715100e+01  -9.2135900e+00   2.4342600e+01   1.0000000e+00
   6.5000000e+01   6.7328600e+00   9.2032500e+00   4.3663500e+01   2.0000000e+00
   6.6000000e+01  -5.4969400e+00  -9.8805300e+00   2.4295200e+01   1.0000000e+00
   6.7000000e+01   1.1735900e+01   1.0538000e+00   4.2093600e+01   2.0000000e+00
   6.8000000e+01  -2.1215800e+00   1.4835100e+01   1.6081100e+01  -3.0000000e+00
   6.9000000e+01   1.2999200e+01   5.0450900e+00   4.1783800e+01   2.0000000e+00
   7.0000000e+01  -3.0738300e+00  -6.5358100e+00   1.4236700e+01  -3.0000000e+00
   7.1000000e+01  -1.4626900e+01   2.1590700e+00   2.2910200e+01   1.0000000e+00
   7.2000000e+01   1.2934500e+01  -1.2191100e+01   6.3103200e+00  -2.0000000e+00
   7.3000000e+01  -3.0754600e+00   2.4705800e+00   1.9578300e+01  -3.0000000e+00
   7.4000000e+01  -1.3417400e+01  -5.4065500e+00   2.3209200e+01   1.0000000e+00
   7.5000000e+01   3.4276600e+00  -7.9928100e+00   7.9354000e+00  -3.0000000e+00
   7.6000000e+01   5.0341800e+00  -2.2473500e+00   4.3435700e+01   2.0000000e+00
   7.7000000e+01  -7.4648700e+00   8.5082500e+00   2.2472800e+01   1.0000000e+00
   7.8000000e+01   3.8224600e+00   1.2250100e+01   4.3502800e+01   2.0000000e+00
   7.9000000e+01   5.6233200e+00  -1.5166300e+01   4.3684200e+00  -2.0000000e+00
   8.0000000e+01  -1.5023300e+01  -1.0630600e+01   8.5997800e+00  -1.0000000e+00
   8.1000000e+01  -1.1803900e+01   1.4691300e+01   3.5031800e+01  -1.0000000e+00
   8.2000000e+01   1.0440300e+01   1.5680800e+01   4.3542700e+01  -1.0000000e+00
   8.3000000e+01   2.3972700e+00   1.3752800e+01   4.4063500e+01   2.0000000e+00
   8.4000000e+01   1.4823100e+01   1.0996400e+01   2.7203100e+01  -1.0000000e+00
   8.5000000e+01  -2.2244300e+00  -8.4474000e+00   3.9686400e+01  -3.0000000e+00
   8.6000000e+01  -4.0761600e+00   9.8748700e+00   1.6886200e+01  -3.0000000e+00
   8.7000000e+01  -8.1983500e-01   9.2753200e+00   4.3475400e+01  -3.0000000e+00
   8.8000000e+01   6.9743800e+00   1.6764900e+01   4.3977600e+01  -1.0000000e+00
   8.9000000e+01   1.0972400e+01   4.6014200e+00   4.1902800e+01   2.0000000e+00
   9.0000000e+01   8.3029900e+00   2.1940700e+00   4.2423400e+01   2.0000000e+00
   9.1000000e+01   1.7336400e+01  -1.9539900e+00   1.1274600e+01  -2.0000000e+00
   9.2000000e+01  -1.3652000e+01   9.2689500e+00   2.2648300e+01  -2.0000000e+00
   9.3000000e+01   1.9243800e-01  -1.4415600e+01   2.4273400e+00   1.0000000e+00
   9.4000000e+01   2.8715200e+00   2.7905300e+00   4.3229400e+01   2.0000000e+00
   9.5000000e+01  -5.9142700e+00  -1.3451800e+01   2.3063200e+01  -2.0000000e+00
   9.6000000e+01   1.3879400e+01  -4.6321600e+00   1.0510000e+01   1.0000000e+00
   9.7000000e+01   1.4651400e+01  -1.0996700e+01   2.1577000e+01  -1.0000000e+00
   9.8000000e+01  -3.3355300e+00  -1.6545900e+01   1.1860000e+01  -2.0000000e+00
   9.9000000e+01   1.2332000e+01   3.0402700e+00   4.1875700e+01   2.0000000e+00
   1.0000000e+02   9.5440900e-01   1.5239800e+01   4.7721000e+01  -3.0000000e+00
   1.0100000e+02   4.4099400e+00   1.4235500e+01   4.4116900e+01   2.0000000e+00
   1.0200000e+02   1.6162900e+01  -7.3989900e+00   8.4430300e+00  -2.0000000e+00
   1.0300000e+02  -1.0940500e+01  -1.9990000e+00   2.3561800e+01   1.0000000e+00
   1.0400000e+02  -4.9081200e+00   1.1762700e+01   2.1177700e+01  -3.0000000e+00
   1.0500000e+02  -1.7633600e+00  -1.3396600e+01  -1.7748200e+00  -2.0000000e+00
   1.0600000e+02  -1.4088800e+01   5.7070400e+00   2.2147700e+01  -2.0000000e+00
   1.0700000e+02  -1.8332600e+00  -1.1341800e+01  -5.5258600e-01  -1.0000000e+00
   1.0800000e+02   9.1195100e+00  -1.3192000e+00   2.4808600e+01  -3.0000000e+00
   1.0900000e+02   6.4792600e+00  -3.7337800e+00   1.6818600e+01  -3.0000000e+00
   1.1000000e+02   8.6248100e+00  -6.5502000e+00   7.5037100e+00   1.0000000e+00
   1.1100000e+02  -1.2097100e+01  -1.2816700e+01   2.3920600e+01  -2.0000000e+00
   1.1200000e+02   1.4361000e+01   3.4859400e+00   4.1702000e+01   2.0000000e+00
   1.1300000e+02  -9.6659700e+00  -9.4171900e+00   2.3894400e+01   1.0000000e+00
   1.1400000e+02   3.6690800e+00  -6.9807100e-01   4.2491500e+01   2.0000000e+00
   1.1500000e+02  -1.4650000e+01  -7.0483500e+00   2.3671600e+01  -2.0000000e+00
   1.1600000e+02  -1.3127400e+01   1.2835700e+01   3.4028900e+01  -2.0000000e+00
   1.1700000e+02   8.3809200e+00  -4.5149500e+00   1.9987000e+01  -3.0000000e+00
   1.1800000e+02   5.6801700e+00  -2.6830900e-01   4.2577000e+01   2.0000000e+00
   1.1900000e+02   1.1298600e+01   1.2148200e+01   4.3120300e+01   2.0000000e+00
   1.2000000e+02   1.0792800e+01  -9.3774100e+00   7.2098900e+00   1.0000000e+00
   1.2100000e+02  -1.1780300e+01  -8.0883200e-02   2.2674200e+01   1.0000000e+00
   1.2200000e+02  -1.4040000e+00   7.3180200e+00   4.8878500e+01  -3.0000000e+00
   1.2300000e+02   9.6938600e+00   6.5543400e-01   4.1514500e+01   2.0000000e+00
   1.2400000e+02  -1.0531800e+01  -7.5071200e+00   2.3805300e+01   1.0000000e+00
   1.2500000e+02  -7.1357300e+00  -1.5168800e+01   4.2323400e+01  -2.0000000e+00
   1.2600000e+02   8.6945500e-01   2.3054300e+00   4.3698300e+01   2.0000000e+00
   1.2700000e+02   1.9853200e+00   1.9244800e+01   4.2602300e+01  -1.0000000e+00
   1.2800000e+02   1.1219000e+01  -1.3528200e+01   5.8116500e+00  -2.0000000e+00
   1.2900000e+02   3.6219500e+00  -1.2124400e+01   3.3412400e+00   1.0000000e+00
   1.3000000e+02  -2.1434900e-01   1.1256300e+01   4.3134900e+01   2.0000000e+00
   1.3100000e+02  -4.1348300e+00   1.5366600e+01   1.6940200e+01  -2.0000000e+00
   1.3200000e+02  -1.5053300e+01  -1.5371500e+00   2.3285500e+01  -2.0000000e+00
   1.3300000e+02  -2.7646300e+00   1.6907800e+01   2.8323500e+01  -2.0000000e+00
   1.3400000e+02  -5.3918100e+00   8.2304000e+00   2.2071500e+01  -3.0000000e+00
   1.3500000e+02  -1.0080400e+01  -3.9404400e+00   2.3589900e+01   1.0000000e+00
   1.3600000e+02   5.8214600e+00  -1.7355000e+01   1.8200100e+01  -1.0000000e+00
   1.3700000e+02   5.2626400e+00  -8.9634400e+00   1.5077400e+01  -3.0000000e+00
   1.3800000e+02  -8.2593700e+00   1.0427800e+01   2.2300800e+01   1.0000000e+00
   1.3900000e+02  -9.7183100e-01  -6.2652600e+00   1.8650700e+01  -3.0000000e+00
   1.4000000e+02   7.3560800e+00  -1.3998200e+01   4.2751400e+00  -2.0000000e+00
   1.4100000e+02   1.5670100e+01   7.4045400e+00   4.2433900e+01  -2.0000000e+00
   1.4200000e+02   5.3749500e+00  -1.1043700e+01   2.8241400e+00   1.0000000e+00
   1.4300000e+02  -1.4151100e+01  -1.2551800e+01   8.4502200e+00  -1.0000000e+00
   1.4400000e+02  -1.6714700e+01   2.3318400e+00   2.3773200e+01  -2.0000000e+00
   1.4500000e+02   1.9318900e+00  -1.3318100e+01   3.3271000e+00   1.0000000e+00
   1.4600000e+02   1.8773400e+01  -3.1899400e-01   2.0458300e+01  -1.0000000e+00
   1.4700000e+02   9.3004200e-01  -3.1206600e+00   6.2121300e+01  -3.0000000e+00
   1.4800000e+02   3.4701900e+00   4.7587100e+00   4.2800200e+01   2.0000000e+00
   1.4900000e+02  -3.4545700e+00  -1.0092300e+01   2.9831100e+01  -2.0000000e+00
   1.5000000e+02   1.4419700e+00   4.2899500e+00   4.3172600e+01   2.0000000e+00
   1.5100000e+02  -7.1832400e+00   3.0130100e+00   2.2917900e+01   1.0000000e+00
   1.5200000e+02  -1.7129000e+01  -1.2650500e+00   8.3712900e+00  -1.0000000e+00
   1.5300000e+02  -9.2809800e+00  -1.6933500e+01   6.9570900e+01  -1.0000000e+00
   1.5400000e+02   1.5801600e+01   1.8731200e+00   2.4873200e+01  -3.0000000e+00
   1.5500000e+02  -1.4444300e+01   1.1217100e+01   2.1759100e+01  -2.0000000e+00
   1.5600000e+02  -8.8898800e+00  -2.2597500e+00   2.3558300e+01   1.0000000e+00
   1.5700000e+02   1.2789900e+01   1.0563200e+01   4.2464700e+01  -2.0000000e+00
   1.5800000e+02  -1.6298500e+01  -3.1743300e+00   2.3250700e+01  -2.0000000e+00
   1.5900000e+02  -5.1321300e+00  -1.7582700e+01   4.9856700e+01  -1.0000000e+00
   1.6000000e+02   7.2881200e+00   1.1193200e+01   4.3936800e+01   2.0000000e+00
   1.6100000e+02  -1.5488900e+01  -5.0762700e+00   2.3375000e+01  -2.0000000e+00
   1.6200000e+02  -5.1078100e+00   2.7496900e+00   2.2304800e+01  -3.0000000e+00
   1.6300000e+02   1.5046200e+01  -1.1710400e+00   2.3219800e+01  -3.0000000e+00
   1.6400000e+02   1.6750300e+00  -1.1965900e+00   4.2865700e+01   2.0000000e+00
   1.6500000e+02  -6.1915800e+00   1.0150000e+01   2.2168000e+01   1.0000000e+00
   1.6600000e+02   1.2780500e+01  -1.0142300e+01   7.3889300e+00  -2.0000000e+00
   1.6700000e+02   4.4943100e+00  -4.2400300e+00   2.9242200e+01  -3.0000000e+00
   1.6800000e+02   7.1679700e+00  -9.8884400e+00   4.7883700e+00   1.0000000e+00
   1.6900000e+02  -9.5089700e+00   8.7648600e+00   2.3137700e+01   1.0000000e+00
   1.7000000e+02   1.3098200e+01  -1.4375300e+01   4.4096600e+00  -1.0000000e+00
   1.7100000e+02  -1.5867900e+01  -8.7218900e+00   9.1284600e+00  -1.0000000e+00
   1.7200000e+02  -5.9903300e+00  -4.4152200e+00   2.3794200e+01   1.0000000e+00
   1.7300000e+02   1.2451800e+01  -8.0818900e+00   8.2366800e+00   1.0000000e+00
   1.7400000e+02  -1.0868400e+01  -1.1092300e+01   2.4072700e+01   1.0000000e+00
   1.7500000e+02   2.6348800e+00   8.2777900e+00   4.3273000e+01   2.0000000e+00
   1.7600000e+02  -6.1535400e-01   3.8350900e+00   4.3558200e+01  -3.0000000e+00
   1.7700000e+02  -1.3831600e+01   2.1529300e-01   2.2922300e+01   1.0000000e+00
   1.7800000e+02   1.1933700e+01  -3.9349300e+00   2.1758400e+01   1.0000000e+00
   1.7900000e+02  -8.8143100e+00  -1.1320100e+01   2.3768900e+01   1.0000000e+00
   1.8000000e+02   4.2974100e+00   1.2610600e+00   4.2714300e+01   2.0000000e+00
   1.8100000e+02  -1.2062700e+01   5.4306600e+00   2.2154100e+01   1.0000000e+00
   1.8200000e+02  -6.3728900e+00   1.1034700e+00   2.3034200e+01   1.0000000e+00
   1.8300000e+02  -4.3202200e+00   8.3193000e-01   2.2347000e+01  -3.0000000e+00
   1.8400000e+02   1.3078200e+01  -5.4753200e-01   1.9522800e+01  -3.0000000e+00
   1.8500000e+02  -5.5736500e+00  -7.9054200e-01   2.2659400e+01   1.0000000e+00
   1.8600000e+02   1.3542600e+01  -2.5642000e+00   1.1762500e+01   1.0000000e+00
   1.8700000e+02  -1.4903300e+01   7.6132300e+00   2.1860800e+01  -2.0000000e+00
   1.8800000e+02  -1.5399600e+01   4.0862600e+00   2.3259200e+01  -2.0000000e+00
   1.8900000e+02   1.2262600e+01  -6.0013200e+00   8.4721400e+00   1.0000000e+00
   1.9000000e+02   7.6933600e+00   2.0273100e-01   4.3009700e+01   2.0000000e+00
   1.9100000e+02   4.6909100e+00  -6.3256000e+00   1.9547900e+01  -3.0000000e+00
   1.9200000e+02   1.7577700e+00  -1.1221300e+01   3.4149400e+00   1.0000000e+00
   1.9300000e+02  -4.7990300e+00   1.7451800e+01   1.7790400e+01  -1.0000000e+00
   1.9400000e+02   1.6462700e+01   3.8259000e+00   3.8964600e+01  -2.0000000e+00
   1.9500000e+02   6.9216500e+00   3.7339100e+00   4.2864900e+01   2.0000000e+00
   1.9600000e+02  -5.8966000e+00   4.6863500e+00   2.2226500e+01   1.0000000e+00
   1.9700000e+02   1.7798400e+01  -6.0495600e+00   8.4149600e+00  -1.0000000e+00
   1.9800000e+02   2.2769300e+00   8.1272300e-01   4.3182400e+01   2.0000000e+00
   1.9900000e+02  -9.2746700e+00  -5.8542200e+00   2.3318700e+01   1.0000000e+00
   2.0000000e+02  -6.3795000e+00  -7.9666400e+00   2.4236300e+01   1.0000000e+00
   2.0100000e+02   2.0414300e+00  -1.7463500e+01   1.4551700e+01  -2.0000000e+00
   2.0200000e+02  -4.6450200e+00  -1.1795600e+01   2.3696100e+01  -2.0000000e+00
   2.0300000e+02  -9.2420200e+00   3.2467500e+00   2.2536400e+01   1.0000000e+00
   2.0400000e+02  -1.0024300e+01   5.1594300e+00   2.2503100e+01   1.0000000e+00
   2.0500000e+02   1.1608100e+01   6.5811000e+00   4.2718200e+01   2.0000000e+00
   2.0600000e+02   5.2830400e+00   1.0684800e+01   4.3340100e+01   2.0000000e+00
   2.0700000e+02  -7.2281400e+00  -6.0748800e+00   2.3787300e+01   1.0000000e+00
   2.0800000e+02   2.8228200e+00  -5.4339100e+00   4.0821200e+01  -3.0000000e+00
   2.0900000e+02   5.4935800e+00   5.2179100e+00   4.2982700e+01   2.0000000e+00
   2.1000000e+02   6.9658200e+00  -7.8150200e+00   6.4138700e+00  -3.0000000e+00
   2.1100000e+02  -1.5732300e+00  -1.5482200e+01   1.8640400e+00   0.0000000e+00
   2.1200000e+02   1.7519700e+01  -4.0123900e+00  -8.2420400e+00  -1.0000000e+00
   2.1300000e+02  -1.2194900e+01  -3.7167300e+00   2.3482600e+01   1.0000000e+00
   2.1400000e+02  -1.1281700e+01   3.5352000e+00   2.2474100e+01   1.0000000e+00
   2.1500000e+02  -5.0870800e+00  -1.5397100e+01   3.6773700e+01  -2.0000000e+00
   2.1600000e+02  -1.7583100e+01  -4.9462700e+00   2.4418200e+01  -1.0000000e+00
   2.1700000e+02  -2.2355500e+00   1.0781600e+01   4.6296200e+01  -3.0000000e+00
   2.1800000e+02  -1.6379000e+01   6.0058100e+00   3.8344700e+01  -1.0000000e+00
   2.1900000e+02   9.5576100e+00   6.1373700e+00   4.2337700e+01   2.0000000e+00
   2.2000000e+02   1.3942700e+01   1.4590200e+01   7.2323700e+01  -1.0000000e+00
   2.2100000e+02   3.0318600e-01  -1.8653100e+01   1.7126400e+00  -1.0000000e+00
   2.2200000e+02   2.9558800e+00   1.5729800e+01   4.5055000e+01  -2.0000000e+00
   2.2300000e+02   2.0180700e+00  -1.5365700e+01   2.0758800e+00   1.0000000e+00
   2.2400000e+02   5.8595600e+00   1.2697500e+01   4.4018400e+01   2.0000000e+00
   2.2500000e+02  -7.6418800e+00  -5.7702000e-01   2.3292300e+01   1.0000000e+00
   2.2600000e+02  -1.2396600e+01   1.0904200e+01   2.2231900e+01   1.0000000e+00
   2.2700000e+02  -1.3332700e+01   3.7855800e+00   2.2181000e+01   1.0000000e+00
   2.2800000e+02   3.9237300e+00  -1.8382400e+01   1.3127100e+00  -1.0000000e+00
   2.2900000e+02   8.7335000e+00   9.6963200e+00   4.3586000e+01   2.0000000e+00
   2.3000000e+02  -1.1350500e+01  -5.6040700e+00   2.3648600e+01   1.0000000e+00
   2.3100000e+02  -1.0329800e+01   1.0654000e+01   2.2714600e+01   1.0000000e+00
   2.3200000e+02   1.7074400e+01   5.8401700e+00   2.5766300e+01  -1.0000000e+00
   2.3300000e+02   1.0541200e+01  -7.2990200e+00   7.3251600e+00   1.0000000e+00
   2.3400000e+02   9.2545500e+00  -1.4875200e+01   1.7028400e+01  -2.0000000e+00
   2.3500000e+02   1.8530500e+01   3.9177800e+00   3.7072400e+01  -1.0000000e+00
   2.3600000e+02   4.6540100e+00   8.7197600e+00   4.3230800e+01   2.0000000e+00
   2.3700000e+02   6.2134900e-01   7.7942700e+00   4.3497300e+01   2.0000000e+00
   2.3800000e+02  -1.0033800e+01  -1.2987300e+01   2.4308800e+01  -2.0000000e+00
   2.3900000e+02  -3.8365300e+00   4.3729200e+00   1.7058500e+01  -3.0000000e+00
   2.4000000e+02  -6.6738300e+00   6.6054000e+00   2.2254300e+01   1.0000000e+00
   2.4100000e+02   1.5554500e+01  -3.1659900e+00   9.7459500e+00  -2.0000000e+00
   2.4200000e+02  -1.0337300e+01   1.6261100e+01   1.8978400e+01  -1.0000000e+00
   2.4300000e+02   1.6214300e+01   9.4217200e+00   4.2511100e+01  -1.0000000e+00
   2.4400000e+02  -1.0781200e+01   7.0597100e+00   2.2608700e+01   1.0000000e+00
   2.4500000e+02   7.5306000e+00   5.7043200e+00   4.2676700e+01   2.0000000e+00
   2.4600000e+02   1.1172700e+01  -1.3317100e+00   5.0589700e+01  -3.0000000e+00
   2.4700000e+02  -4.6190500e+00   6.3196300e+00   2.2082600e+01  -3.0000000e+00
   2.4800000e+02  -1.7091700e+00  -1.7587700e-01   4.2378200e+01  -3.0000000e+00
   2.4900000e+02  -8.0349200e+00  -4.1725800e+00   2.3674000e+01   1.0000000e+00
   2.5000000e+02   1.0346100e+01  -5.2481100e+00   8.3818400e+00   1.0000000e+00
   2.5100000e+02   2.8204200e-01   3.1476800e-01   4.2028100e+01  -3.0000000e+00
   2.5200000e+02   1.1888200e+01   1.4202300e+01   3.1127700e+01  -2.0000000e+00
   2.5300000e+02   7.2418500e+00  -1.1943200e+01   4.2263300e+00   1.0000000e+00
   2.5400000e+02  -7.5851400e+00  -9.6685500e+00   2.3917400e+01   1.0000000e+00
   2.5500000e+02   7.1086300e+00  -1.7777900e+00   5.4947300e+01  -3.0000000e+00
   2.5600000e+02  -8.4306300e+00  -7.7716500e+00   2.3825900e+01   1.0000000e+00
   2.5700000e+02   3.8689200e+00  -1.6327700e+01   2.4568500e+00  -2.0000000e+00
   2.5800000e+02   1.8289700e+00   1.1750000e+01   4.3735400e+01   2.0000000e+00
   2.5900000e+02   6.6850700e+00  -5.7735300e+00   2.7653600e+00  -3.0000000e+00
   2.6000000e+02   1.5736900e+00  -7.0744800e+00   1.0488700e+01  -3.0000000e+00
   2.6100000e+02   9.9829900e+00  -3.2031300e+00   1.6199200e+01  -3.0000000e+00
   2.6200000e+02   8.1545000e+00   7.7005600e+00   4.2734400e+01   2.0000000e+00
   2.6300000e+02   9.2266600e+00  -1.2759700e+01   5.3305100e+00   1.0000000e+00
   2.6400000e+02  -7.1844900e+00  -1.7223900e+01   5.3612400e+01  -1.0000000e+00
   2.6500000e+02  -9.7037100e+00  -3.3741900e-01   2.2909500e+01   1.0000000e+00
   2.6600000e+02  -7.9716700e+00   4.9267900e+00   2.2653300e+01   1.0000000e+00
   2.6700000e+02  -1.0497500e+01   1.6126100e+00   2.2245200e+01   1.0000000e+00
   2.6800000e+02   1.2165800e+01   8.5973000e+00   4.2845200e+01   2.0000000e+00
   2.6900000e+02   1.6438800e+01  -9.4825900e+00   9.2246900e+00  -1.0000000e+00
   2.7000000e+02   1.3142200e+00   1.7277700e+01   5.8729700e+01  -2.0000000e+00
   2.7100000e+02  -1.1066200e+01   1.2636000e+01   2.1904100e+01  -2.0000000e+00
   2.7200000e+02  -8.4523400e+00   1.3049400e+00   2.2903700e+01   1.0000000e+00
   2.7300000e+02   1.0750000e+01   1.0169200e+01   4.3172400e+01   2.0000000e+00
   2.7400000e+02   1.5035200e+01   5.4473400e+00   4.1385300e+01  -2.0000000e+00
   2.7500000e+02   8.9366100e+00   4.1756600e+00   4.2155500e+01   2.0000000e+00
   2.7600000e+02  -1.6783800e+01  -6.8525000e+00   9.3782400e+00  -1.0000000e+00
   2.7700000e+02   1.3357100e+01   1.2553800e+01   4.2833300e+01  -2.0000000e+00
   2.7800000e+02   1.3786800e+01   1.3872000e+00   5.3744900e+01  -3.0000000e+00
   2.7900000e+02  -3.3596100e+00   7.9576900e+00   1.9295500e+01  -3.0000000e+00
   2.8000000e+02  -1.3010300e+01  -1.7770500e+00   2.3292200e+01   1.0000000e+00
   2.8100000e+02   2.2793000e-01  -1.6494900e+01   1.4202800e+00  -2.0000000e+00
   2.8200000e+02  -6.7355700e+00  -1.1564400e+01   2.3614900e+01   1.0000000e+00
   2.8300000e+02  -8.9053700e-02  -1.0261100e+01   2.2610900e+00  -2.0000000e+00
   2.8400000e+02  -8.2044000e-01  -2.0464600e+00   4.6450000e+01  -3.0000000e+00
   2.8500000e+02  -8.2496200e+00   1.6029200e+01   2.0501400e+01  -1.0000000e+00
   2.8600000e+02  -3.8913700e+00  -4.6335300e+00   2.3934600e+01  -3.0000000e+00
   2.8700000e+02   1.6722800e+01   2.2310200e-02   1.9738300e+01  -2.0000000e+00
   2.8800000e+02  -3.5789300e+00   1.3345900e+01   2.8331200e+01  -3.0000000e+00
   2.8900000e+02   2.2121600e-03  -1.2331000e+01   2.6228200e+00  -2.0000000e+00
   2.9000000e+02  -1.2576800e+01  -7.3043900e+00   2.4056700e+01   1.0000000e+00
   2.9100000e+02   8.4061000e+00   1.5273500e+01   3.1569300e+01  -2.0000000e+00
   2.9200000e+02  -1.1279500e+00   1.8208000e+00   4.9558600e+01  -3.0000000e+00
   2.9300000e+02   1.1235800e+01  -1.5594300e+01   4.5762000e+00  -1.0000000e+00
   2.9400000e+02   1.0953200e+01  -1.1478200e+01   6.9578600e+00   1.0000000e+00
   2.9500000e+02   5.4783200e+00  -1.3101900e+01   3.5279500e+00   1.0000000e+00
   2.9600000e+02   4.1151100e+00   6.7398800e+00   4.3164400e+01   2.0000000e+00
   2.9700000e+02  -4.7879700e+00  -2.7521600e+00   2.3664000e+01   1.0000000e+00
   2.9800000e+02  -1.3278000e+00   1.8373400e+01   1.5872500e+01  -1.0000000e+00
   2.9900000e+02  -1.5719500e+01   9.5275500e+00   2.2972900e+01  -1.0000000e+00
