   0.0000000e+00   1.0418700e+01   2.2550600e+00   2.6596400e+01  -3.0000000e+00
   1.0000000e+00  -7.1491700e+00   1.1947200e+00   2.8922300e+01   1.0000000e+00
   2.0000000e+00   1.2430800e+01  -4.4864200e+00   2.9220300e+01   1.0000000e+00
   3.0000000e+00   7.7358200e+00   1.4990600e+01   2.7349600e+01  -2.0000000e+00
   4.0000000e+00  -4.1185000e+00  -4.2462900e+00   2.8703400e+01   1.0000000e+00
   5.0000000e+00   9.3538000e+00  -2.5525200e+00   2.9609700e+01   1.0000000e+00
   6.0000000e+00  -5.2189500e+00   1.0517000e+01   3.0161500e+01   2.0000000e+00
   7.0000000e+00  -1.3310200e+01   8.6005300e+00   2.8270500e+01   1.0000000e+00
   8.0000000e+00   8.2418600e-01  -1.3286600e+01   2.8510800e+01   1.0000000e+00
   9.0000000e+00   3.4221600e-01   1.3483100e+01   5.6451300e+01   2.0000000e+00
   1.0000000e+01  -8.4717600e+00  -1.1322600e+01   2.8473500e+01   1.0000000e+00
   1.1000000e+01  -1.2241100e+00  -1.3238300e+01   2.9042800e+01   1.0000000e+00
   1.2000000e+01  -1.6638400e+01  -7.6094800e+00   1.4636400e+01  -1.0000000e+00
   1.3000000e+01   8.5072600e+00   1.3481100e+00   5.4390800e+01  -3.0000000e+00
   1.4000000e+01  -1.0177600e+01  -1.5135500e+01   2.6289400e+01  -1.0000000e+00
   1.5000000e+01  -1.2480600e+01  -4.0241400e+00   2.9374500e+01   1.0000000e+00
   1.6000000e+01  -2.6107800e-01   5.0555200e+00   2.6583800e+01  -3.0000000e+00
   1.7000000e+01  -4.2894700e+00  -1.1430300e+01   2.8822400e+01   1.0000000e+00
   1.8000000e+01  -1.4395800e+01   3.1674200e+00   2.8136300e+01   1.0000000e+00
   1.9000000e+01  -1.2309600e+01  -1.4969400e+01   3.2622200e+01  -1.0000000e+00
   2.0000000e+01  -4.0422500e+00   2.9157700e+00   2.8732100e+01   1.0000000e+00
   2.1000000e+01  -1.5716500e+01  -9.4543200e+00   1.4115300e+01  -1.0000000e+00
   2.2000000e+01  -1.6466600e+01   3.2200300e+00   2.8624500e+01  -2.0000000e+00
   2.3000000e+01  -9.3680100e+00  -5.9270100e+00   2.8193200e+01   1.0000000e+00
   2.4000000e+01  -1.3440500e+01   1.3566100e+00   2.8650000e+01   1.0000000e+00
   2.5000000e+01   1.5569700e+01  -9.9278800e+00   2.8329300e+01  -2.0000000e+00
   2.6000000e+01   1.6215500e+01   7.0116200e+00   7.0212800e+01  -1.0000000e+00
   2.7000000e+01   4.2458300e+00   1.7414500e+01   4.0278400e+01  -1.0000000e+00
   2.8000000e+01  -1.2420400e+01  -4.6905300e-01   2.9016400e+01   1.0000000e+00
   2.9000000e+01  -8.2768500e+00  -4.1641500e+00   2.8488200e+01   1.0000000e+00
   3.0000000e+01  -1.1468000e+01  -5.8242600e+00   2.8865600e+01   1.0000000e+00
   3.1000000e+01  -9.0710400e+00   8.4901900e+00   5.0221600e+01  -3.0000000e+00
   3.2000000e+01  -8.3754100e+00  -7.7477800e+00   2.8683500e+01   1.0000000e+00
   3.3000000e+01  -2.5307300e-01  -1.5082000e+01   2.9219900e+01   1.0000000e+00
   3.4000000e+01  -9.1322500e-01   1.1046700e+00   3.0207700e+01   1.0000000e+00
   3.5000000e+01   1.3759000e-01   3.0153300e+00   1.5226200e+01  -3.0000000e+00
   3.6000000e+01   4.7823400e-01   1.5543200e+01   5.6138900e+01  -2.0000000e+00
   3.7000000e+01   1.5910900e+01   2.9131300e+00   5.6443100e+01  -2.0000000e+00
   3.8000000e+01  -7.6182200e-02  -7.8773500e+00   2.8900800e+01   1.0000000e+00
   3.9000000e+01  -3.3785200e+00  -1.6911200e+01   2.8531300e+01  -1.0000000e+00
   4.0000000e+01  -1.7682600e+01  -2.1475400e+00   2.7358700e+01  -1.0000000e+00
   4.1000000e+01  -1.2340400e+01   3.0880800e+00   2.8344400e+01   1.0000000e+00
   4.2000000e+01   5.2449400e+00   5.7325500e+00   5.5432500e+01  -3.0000000e+00
   4.3000000e+01  -1.7701900e+01  -5.8324300e+00   3.1265000e+01  -1.0000000e+00
   4.4000000e+01  -1.0274000e+01   3.0581700e+00   2.8768000e+01   1.0000000e+00
   4.5000000e+01   1.7751300e+01  -2.7989000e+00   2.8266500e+01  -1.0000000e+00
   4.6000000e+01   5.1825800e+00  -2.5481900e+00   2.9446400e+01   1.0000000e+00
   4.7000000e+01  -1.0334600e+01  -5.0087100e-01   2.9057900e+01   1.0000000e+00
   4.8000000e+01   1.7864300e+01   3.8955600e+00   5.6758400e+01  -1.0000000e+00
   4.9000000e+01   1.7763300e+01  -6.2378400e+00   3.1173000e+01  -1.0000000e+00
   5.0000000e+01   9.1446300e+00  -1.3533500e+01   2.9162800e+01  -2.0000000e+00
   5.1000000e+01   1.8685500e-01   9.2823400e+00   5.6323600e+01   2.0000000e+00
   5.2000000e+01   7.2416800e+00  -6.1897800e+00   2.9440500e+01   1.0000000e+00
   5.3000000e+01   1.1203500e+01  -1.3530500e+01   3.0333300e+01  -2.0000000e+00
   5.4000000e+01   1.5593400e+01  -6.3071200e+00   2.9751400e+01  -2.0000000e+00
   5.5000000e+01   6.7418900e-02  -6.8636400e-01   2.9712900e+01   1.0000000e+00
   5.6000000e+01   1.0580600e+00  -2.4965200e+00   3.0070000e+01   1.0000000e+00
   5.7000000e+01  -3.0067500e+00   1.1065400e+00   2.9498600e+01   1.0000000e+00
   5.8000000e+01  -5.3961900e+00  -1.3213400e+01   2.8364100e+01   1.0000000e+00
   5.9000000e+01   1.7663100e+01   1.7883500e+00   3.3527400e+01  -1.0000000e+00
   6.0000000e+01   5.4052700e-02   7.1835100e+00   5.4039700e+01  -3.0000000e+00
   6.1000000e+01  -3.1862000e+00   1.7826500e+01   6.6133400e-01  -1.0000000e+00
   6.2000000e+01   8.3102300e+00  -4.3806900e+00   2.9472800e+01   1.0000000e+00
   6.3000000e+01   1.2751000e+01   9.4108400e+00   5.5596600e+01   2.0000000e+00
   6.4000000e+01  -3.1464600e+00  -6.0660200e+00   2.8832500e+01   1.0000000e+00
   6.5000000e+01   5.9494400e+00   1.6163300e+01   4.4795700e+01  -2.0000000e+00
   6.6000000e+01  -4.0548000e+00  -6.7309100e-01   2.9284200e+01   1.0000000e+00
   6.7000000e+01  -1.6763600e+00   8.4370500e+00   5.6022400e+01  -3.0000000e+00
   6.8000000e+01  -1.0524600e+01   1.3719300e+01   1.2657100e+01  -2.0000000e+00
   6.9000000e+01   1.4614800e+01   1.0280100e+01   5.5193300e+01  -2.0000000e+00
   7.0000000e+01   1.1307300e+01  -9.8515100e+00   2.9169000e+01   1.0000000e+00
   7.1000000e+01   2.8930400e+00  -1.3347700e+01   2.8483100e+01   1.0000000e+00
   7.2000000e+01   7.1512700e+00  -9.8205200e+00   2.8457300e+01   1.0000000e+00
   7.3000000e+01   9.1663000e+00   9.6451000e+00   5.5861100e+01   2.0000000e+00
   7.4000000e+01  -9.1714200e+00   4.8553100e+00   2.8488200e+01   1.0000000e+00
   7.5000000e+01  -4.2323500e+00  -7.8448000e+00   2.8966900e+01   1.0000000e+00
   7.6000000e+01   1.3019900e+01   1.3545600e+01   4.1148200e+01  -1.0000000e+00
   7.7000000e+01  -1.5373400e+01   4.9845500e+00   2.8809400e+01  -2.0000000e+00
   7.8000000e+01   3.4596400e-02  -4.2983600e+00   2.9570600e+01   1.0000000e+00
   7.9000000e+01   1.4596400e+01  -8.8500600e-01   4.0470200e+01  -3.0000000e+00
   8.0000000e+01  -1.4878400e+00   1.2549400e+01   5.7370300e+01   2.0000000e+00
   8.1000000e+01   7.4649200e+00   1.0827700e+01   5.5806800e+01   2.0000000e+00
   8.2000000e+01  -1.3005400e+00  -1.6905100e+01   1.7804200e+01  -2.0000000e+00
   8.3000000e+01  -1.6729400e+01  -4.0013400e+00   2.9380700e+01  -2.0000000e+00
   8.4000000e+01   7.0751700e+00  -1.3464300e+01   2.8688900e+01   1.0000000e+00
   8.5000000e+01  -1.4053400e+00   1.4693400e+01   5.7548000e+01   2.0000000e+00
   8.6000000e+01  -5.0140100e+00   4.7342700e+00   2.8659800e+01   1.0000000e+00
   8.7000000e+01   1.4356100e+01   6.1163600e+00   5.6201900e+01  -2.0000000e+00
   8.8000000e+01  -3.4198900e+00   9.5090800e+00   4.7076700e+01  -3.0000000e+00
   8.9000000e+01  -1.2201600e+01   6.7555100e+00   2.9012000e+01   1.0000000e+00
   9.0000000e+01   1.4436700e+01   8.2292900e+00   5.5870000e+01  -2.0000000e+00
   9.1000000e+01  -9.3087500e+00  -2.3034700e+00   2.8632000e+01   1.0000000e+00
   9.2000000e+01  -2.6169500e-01  -1.8726200e+01   3.0186800e+01  -1.0000000e+00
   9.3000000e+01  -1.8408000e+00   6.3988300e+00   5.2599000e+01  -3.0000000e+00
   9.4000000e+01  -1.0380700e+01  -4.0569100e+00   2.8518700e+01   1.0000000e+00
   9.5000000e+01   3.9982200e+00  -1.1573100e+01   2.8892700e+01   1.0000000e+00
   9.6000000e+01   1.1164400e+01   1.2641600e+01   5.5763300e+01  -2.0000000e+00
   9.7000000e+01   1.3967900e+01   1.9559900e+00   4.3892400e+01  -3.0000000e+00
   9.8000000e+01  -6.1782900e+00  -4.2009600e+00   2.8795900e+01   1.0000000e+00
   9.9000000e+01  -1.6398600e+01   6.7892500e+00   4.4012800e+01  -1.0000000e+00
   1.0000000e+02  -5.4597000e+00  -1.6764900e+01   2.8299100e+01  -1.0000000e+00
   1.0100000e+02   9.4859800e+00   1.3829000e+01   5.5913400e+01  -2.0000000e+00
   1.0200000e+02  -8.0678300e+00   6.6803100e+00   1.6265700e+01  -3.0000000e+00
   1.0300000e+02   1.2308300e+01  -1.1648300e+01   2.9738300e+01  -2.0000000e+00
   1.0400000e+02  -1.2338700e+01   1.4692800e+01   6.0810300e+01  -1.0000000e+00
   1.0500000e+02   3.7385200e+00   9.0369500e+00   5.5217200e+01   2.0000000e+00
   1.0600000e+02   8.4043100e+00  -7.1891300e-01   4.8439400e+01  -3.0000000e+00
   1.0700000e+02  -1.6113700e-01  -1.1473600e+01   2.8567000e+01   1.0000000e+00
   1.0800000e+02   1.6594500e+01  -4.5059900e+00   3.0296000e+01  -2.0000000e+00
   1.0900000e+02   1.6563200e+01  -8.1343600e+00   4.3689600e+01  -1.0000000e+00
   1.1000000e+02   4.9092500e+00  -1.7026900e+01   2.7812200e+01  -1.0000000e+00
   1.1100000e+02   5.2590000e+00   1.1405000e+00   2.1513100e+01  -3.0000000e+00
   1.1200000e+02   1.8165600e+00  -1.5095500e+01   2.8927500e+01  -2.0000000e+00
   1.1300000e+02   1.6681200e+01  -9.9452600e-01   2.1366900e+01  -2.0000000e+00
   1.1400000e+02  -1.3522300e+01  -5.8141200e+00   2.9569900e+01   1.0000000e+00
   1.1500000e+02   8.2769600e+00  -7.9689100e+00   2.8993600e+01   1.0000000e+00
   1.1600000e+02   1.2328000e+01  -1.5269800e+01   3.1437300e+01  -1.0000000e+00
   1.1700000e+02  -1.1237100e+01   4.9087900e+00   2.8350200e+01   1.0000000e+00
   1.1800000e+02  -5.0021100e+00   1.6768500e+01   6.0110300e+01  -1.0000000e+00
   1.1900000e+02   3.9378800e+00  -1.5175100e+01   2.8160900e+01  -2.0000000e+00
   1.2000000e+02  -1.3790700e+00   1.6830600e+01   4.6010000e+01  -2.0000000e+00
   1.2100000e+02   4.8923900e+00   3.3629400e+00   2.2900400e+01  -3.0000000e+00
   1.2200000e+02  -8.2898400e+00  -1.6022000e+01   3.2696900e+01  -1.0000000e+00
   1.2300000e+02   2.1283900e+00  -6.5567600e-01   2.9662300e+01   1.0000000e+00
   1.2400000e+02   6.3010700e+00  -6.2718200e-01   1.7050700e+01  -3.0000000e+00
   1.2500000e+02  -3.0652500e+00  -2.4694500e+00   2.8970200e+01   1.0000000e+00
   1.2600000e+02  -6.8360600e+00   1.5717400e+01   4.6308800e+01  -2.0000000e+00
   1.2700000e+02   1.9218100e+00  -1.1543700e+01   2.8372400e+01   1.0000000e+00
   1.2800000e+02  -7.2392300e+00  -2.3905300e+00   2.8705000e+01   1.0000000e+00
   1.2900000e+02   7.0032600e+00  -1.7062400e+01   2.8570900e+01  -1.0000000e+00
   1.3000000e+02  -4.3824700e+00  -1.5016100e+01   2.8573500e+01  -2.0000000e+00
   1.3100000e+02  -1.1549300e+01  -9.4422600e+00   2.8762400e+01   1.0000000e+00
   1.3200000e+02   1.0706200e+01   6.3999200e+00   5.4946300e+01   2.0000000e+00
   1.3300000e+02   1.0438500e+01  -2.8379500e-01   1.5781800e+01  -3.0000000e+00
   1.3400000e+02  -1.1395400e+01  -2.2653500e+00   2.9142900e+01   1.0000000e+00
   1.3500000e+02   5.0926600e+00  -9.7480300e+00   2.8721300e+01   1.0000000e+00
   1.3600000e+02  -5.0306400e+00   1.4655900e+01   5.9244400e+01  -2.0000000e+00
   1.3700000e+02   1.6797000e+00   5.9227800e+00   4.3060000e+01  -3.0000000e+00
   1.3800000e+02  -3.1639100e+00   1.5756700e+01   3.0120800e+01  -2.0000000e+00
   1.3900000e+02   5.4025300e+00   7.8338600e+00   5.5163400e+01   2.0000000e+00
   1.4000000e+02  -7.4452800e+00  -1.3148200e+01   1.6474500e+01   0.0000000e+00
   1.4100000e+02  -1.4200100e+01   1.0473700e+01   1.0798400e+01  -2.0000000e+00
   1.4200000e+02  -6.3637100e+00  -1.1408200e+01   2.8282500e+01   1.0000000e+00
   1.4300000e+02  -5.1183200e+00  -2.4427800e+00   2.9100200e+01   1.0000000e+00
   1.4400000e+02  -3.2176500e+00   1.3656500e+01   5.8790700e+01   2.0000000e+00
   1.4500000e+02   2.5065400e+00   1.8598900e+01   5.5574400e+01  -1.0000000e+00
   1.4600000e+02  -5.2645400e+00  -9.6240600e+00   2.9099300e+01   1.0000000e+00
   1.4700000e+02  -9.2669100e+00   1.2648600e+00   2.9020600e+01   1.0000000e+00
   1.4800000e+02  -1.0145100e+01   6.6734400e+00   2.8683500e+01   1.0000000e+00
   1.4900000e+02  -1.5496800e+01   1.3812000e+00   2.9302200e+01  -2.0000000e+00
   1.5000000e+02   8.8354800e+00   5.5338100e+00   5.5810900e+01   2.0000000e+00
   1.5100000e+02  -1.7731000e+01   1.3174900e+00   3.0801200e+01  -1.0000000e+00
   1.5200000e+02   1.1412000e+01  -2.6606400e+00   2.7148900e+01   1.0000000e+00
   1.5300000e+02  -1.3598000e+01  -9.4142800e+00   2.9345300e+01  -2.0000000e+00
   1.5400000e+02  -1.5989000e+00   1.0479500e+01   5.7157900e+01   2.0000000e+00
   1.5500000e+02   1.9969000e+00  -7.9298400e+00   2.8906300e+01   1.0000000e+00
   1.5600000e+02  -1.2507200e+01  -7.6119700e+00   2.8892200e+01   1.0000000e+00
   1.5700000e+02   6.2531900e+00  -4.3681500e+00   2.9603200e+01   1.0000000e+00
   1.5800000e+02   6.9792200e+00   4.5920900e+00   5.6939100e+01  -3.0000000e+00
   1.5900000e+02  -6.1273300e+00   2.9825700e+00   2.8736500e+01   1.0000000e+00
   1.6000000e+02   5.6026700e+00   9.9110600e+00   5.5432100e+01   2.0000000e+00
   1.6100000e+02  -5.1406300e+00   1.2597700e+01   5.8770400e+01   2.0000000e+00
   1.6200000e+02   9.3299100e+00  -6.2055600e+00   2.8979900e+01   1.0000000e+00
   1.6300000e+02   9.2444700e+00  -9.8400500e+00   2.8816000e+01   1.0000000e+00
   1.6400000e+02  -7.3141600e+00  -5.9804300e+00   2.8577700e+01   1.0000000e+00
   1.6500000e+02  -1.1360300e+00  -9.6725400e+00   2.8954200e+01   1.0000000e+00
   1.6600000e+02  -1.4674000e+01  -1.1247300e+01   1.4964300e+01  -1.0000000e+00
   1.6700000e+02  -1.4299600e+01   6.7486400e+00   2.9675000e+01  -2.0000000e+00
   1.6800000e+02   1.4162800e+01   4.0031000e+00   5.5659500e+01   2.0000000e+00
   1.6900000e+02   5.1545900e+00  -6.1628500e+00   2.8996000e+01   1.0000000e+00
   1.7000000e+02  -8.7551100e+00   1.0526100e+01   5.6671700e+01  -3.0000000e+00
   1.7100000e+02   2.3347300e+00   1.6482700e+01   5.6334000e+01  -2.0000000e+00
   1.7200000e+02   1.0880900e+01   8.4684100e+00   5.5585000e+01   2.0000000e+00
   1.7300000e+02   4.1649400e+00  -4.3518300e+00   2.9162200e+01   1.0000000e+00
   1.7400000e+02  -8.2158000e+00  -5.5219600e-01   2.8448800e+01   1.0000000e+00
   1.7500000e+02   1.0210500e+00  -6.1027200e+00   2.8691400e+01   1.0000000e+00
   1.7600000e+02  -2.9418400e+00   4.6661000e+00   2.7161500e+01  -3.0000000e+00
   1.7700000e+02   7.6202300e+00   1.2941600e+01   5.6030200e+01   2.0000000e+00
   1.7800000e+02  -1.9943200e+00  -6.8795600e-01   2.9259900e+01   1.0000000e+00
   1.7900000e+02  -3.8835500e+00   6.8359300e+00   1.8025800e+01  -3.0000000e+00
   1.8000000e+02   5.8509800e+00   1.4101600e+01   5.6471300e+01   2.0000000e+00
   1.8100000e+02   1.6466600e+01   9.1273200e+00   5.5064500e+01  -1.0000000e+00
   1.8200000e+02  -3.3231300e+00   1.1587600e+01   5.8289400e+01   2.0000000e+00
   1.8300000e+02   2.0175700e+00   1.0222700e+01   5.6219500e+01   2.0000000e+00
   1.8400000e+02   7.2953600e+00   8.7452100e+00   5.5438800e+01   2.0000000e+00
   1.8500000e+02   1.2429100e+01   5.2016100e+00   5.5359300e+01   2.0000000e+00
   1.8600000e+02  -9.9421700e-01  -2.5221000e+00   2.9445400e+01   1.0000000e+00
   1.8700000e+02   1.2926800e+01   1.1489700e+01   5.5554700e+01  -2.0000000e+00
   1.8800000e+02   8.0846700e+00  -1.5302900e+01   4.0727700e+01  -2.0000000e+00
   1.8900000e+02  -6.9823700e+00   1.1586300e+01   5.8775100e+01   2.0000000e+00
   1.9000000e+02   1.6509500e+01  -1.1781200e+01  -3.3572700e+00  -1.0000000e+00
   1.9100000e+02  -6.9136500e+00   1.3650900e+01   5.8396500e+01   2.0000000e+00
   1.9200000e+02   1.4505300e+01  -8.0664400e+00   2.8959200e+01  -2.0000000e+00
   1.9300000e+02   8.7029000e+00   3.3964300e+00   5.5661500e+01  -3.0000000e+00
   1.9400000e+02  -3.2905700e+00  -1.3259800e+01   2.9012400e+01   1.0000000e+00
   1.9500000e+02  -2.1327600e+00  -7.8657800e+00   2.9202500e+01   1.0000000e+00
   1.9600000e+02  -7.0646100e+00   9.2951600e+00   4.6579400e+01  -3.0000000e+00
   1.9700000e+02  -1.1563300e+01  -1.3040900e+01   3.1686800e+01  -2.0000000e+00
   1.9800000e+02   1.2592700e+01   7.2518900e+00   5.5882400e+01   2.0000000e+00
   1.9900000e+02  -3.2125800e+00  -9.6460300e+00   2.9099700e+01   1.0000000e+00
   2.0000000e+02   4.1899000e+00  -6.6797000e-01   2.9124100e+01   1.0000000e+00
   2.0100000e+02  -1.6274600e+01   1.0489300e+01  -2.2319200e+00  -1.0000000e+00
   2.0200000e+02  -1.6552300e+01  -4.0537800e-01   2.9772400e+01  -2.0000000e+00
   2.0300000e+02   1.1414200e+00   1.1760400e+00   3.0307900e+01   1.0000000e+00
   2.0400000e+02   1.2532200e+01  -9.4106200e-01   1.0193600e+01  -3.0000000e+00
   2.0500000e+02   3.8745300e+00   1.1106700e+01   5.5727400e+01   2.0000000e+00
   2.0600000e+02  -2.3126700e+00  -1.5060300e+01   2.9106700e+01  -2.0000000e+00
   2.0700000e+02   1.2276600e+01   3.1383400e+00   5.5414100e+01   2.0000000e+00
   2.0800000e+02   5.6937300e-01   1.7670000e+01   5.5636700e+01  -1.0000000e+00
   2.0900000e+02  -9.4703200e+00  -9.4984700e+00   2.8355800e+01   1.0000000e+00
   2.1000000e+02   4.0864800e+00   1.5310500e+01   5.6164100e+01  -2.0000000e+00
   2.1100000e+02   1.1332100e+01   1.4740900e+01   4.0236800e+01  -1.0000000e+00
   2.1200000e+02   6.8152400e+00   2.5295500e+00   4.8702900e+01  -3.0000000e+00
   2.1300000e+02  -5.0819100e+00   1.1395200e+00   2.9237300e+01   1.0000000e+00
   2.1400000e+02   1.4413300e+01  -1.1649200e+01   4.0529100e+01  -2.0000000e+00
   2.1500000e+02  -2.0642100e+00  -4.2870900e+00   2.9072200e+01   1.0000000e+00
   2.1600000e+02   8.1560900e+00  -1.1667600e+01   2.8706400e+01   1.0000000e+00
   2.1700000e+02   2.8273700e+00  -1.6902800e+01   2.8215300e+01  -1.0000000e+00
   2.1800000e+02   3.0876900e+00  -6.1278300e+00   2.8694800e+01   1.0000000e+00
   2.1900000e+02  -1.9551600e+00   2.8728800e+00   1.8255800e+01  -3.0000000e+00
   2.2000000e+02  -9.5012400e+00  -1.3139400e+01   4.3438100e+01  -2.0000000e+00
   2.2100000e+02   7.7204900e+00   1.7256900e+01  -7.3246700e-01  -1.0000000e+00
   2.2200000e+02  -8.7264400e+00   1.2668100e+01   5.9167300e+01   2.0000000e+00
   2.2300000e+02   1.1395100e+01  -6.2697100e+00   2.9273000e+01   1.0000000e+00
   2.2400000e+02   1.2411300e+01  -8.0513000e+00   2.9226300e+01   1.0000000e+00
   2.2500000e+02  -1.4416300e+01   1.2529200e+01  -1.1568800e+01  -1.0000000e+00
   2.2600000e+02   5.7498000e+00   1.2016900e+01   5.6139300e+01   2.0000000e+00
   2.2700000e+02   1.2117000e+01   1.0686000e+00   3.7360000e+01  -3.0000000e+00
   2.2800000e+02  -8.6258400e+00   1.6898700e+01   5.7362500e+01  -1.0000000e+00
   2.2900000e+02  -1.7584200e+01   4.9977200e+00   2.9439700e+01  -1.0000000e+00
   2.3000000e+02   9.3055600e+00   1.1766700e+01   5.5664600e+01   2.0000000e+00
   2.3100000e+02  -1.4485100e+01  -4.2291800e-01   2.9148600e+01   1.0000000e+00
   2.3200000e+02  -6.3053200e+00  -7.7895600e+00   2.9147100e+01   1.0000000e+00
   2.3300000e+02   4.0188200e+00   1.3177900e+01   5.6221400e+01   2.0000000e+00
   2.3400000e+02   3.1256000e+00  -2.4892000e+00   2.9456900e+01   1.0000000e+00
   2.3500000e+02   6.0677700e+00  -1.1577800e+01   2.8722200e+01   1.0000000e+00
   2.3600000e+02  -7.3284500e+00  -9.5892900e+00   2.8523600e+01   1.0000000e+00
   2.3700000e+02  -1.2111000e+01   1.0315200e+01   1.8870500e+01  -3.0000000e+00
   2.3800000e+02   9.5764700e+00   1.5991800e+01   4.1599700e+01  -1.0000000e+00
   2.3900000e+02  -1.4410800e+01  -1.5002600e+01   6.4513400e+01  -1.0000000e+00
   2.4000000e+02   1.8922500e+00   8.1405000e+00   5.5643800e+01   2.0000000e+00
   2.4100000e+02  -6.1497300e+00  -6.4495500e-01   2.8691700e+01   1.0000000e+00
   2.4200000e+02  -5.2084400e+00  -6.0017500e+00   2.8413300e+01   1.0000000e+00
   2.4300000e+02   1.1034700e+01   1.0573500e+01   5.5961500e+01   2.0000000e+00
   2.4400000e+02  -1.5619400e+01  -5.8008900e+00   3.0251500e+01  -2.0000000e+00
   2.4500000e+02  -1.2344700e+01   1.2560300e+01   3.2389500e+01  -2.0000000e+00
   2.4600000e+02  -2.2224100e+00  -1.1448700e+01   2.9124400e+01   1.0000000e+00
   2.4700000e+02   7.0914700e+00   6.6376500e+00   5.5956900e+01   2.0000000e+00
   2.4800000e+02   9.3944000e-01  -9.7031600e+00   2.8787500e+01   1.0000000e+00
   2.4900000e+02   1.3376100e+01  -1.3484000e+01   4.5381500e+01  -1.0000000e+00
   2.5000000e+02   3.5330200e+00   6.9123700e+00   5.5612900e+01   2.0000000e+00
   2.5100000e+02   6.0256700e+00  -1.5243700e+01   2.8490500e+01  -2.0000000e+00
   2.5200000e+02  -1.4538300e+01  -4.0263600e+00   2.9491200e+01   1.0000000e+00
   2.5300000e+02  -8.6955800e+00   1.4738900e+01   7.0556100e+01  -2.0000000e+00
   2.5400000e+02  -1.2596000e+01  -1.1221700e+01   2.9776800e+01  -2.0000000e+00
   2.5500000e+02   1.3464300e+01  -6.2744800e+00   2.9464100e+01   1.0000000e+00
   2.5600000e+02   3.0166400e+00  -9.7369100e+00   2.9062900e+01   1.0000000e+00
   2.5700000e+02  -1.0546000e+00  -6.0660700e+00   2.9062600e+01   1.0000000e+00
   2.5800000e+02   1.4850600e+01   1.2334600e+01   5.4560700e+01  -1.0000000e+00
   2.5900000e+02  -1.3297600e+01   4.9275300e+00   2.8551800e+01   1.0000000e+00
   2.6000000e+02   2.7602200e-01   1.1422600e+01   5.6870500e+01   2.0000000e+00
   2.6100000e+02  -1.1132700e+01   8.5024200e+00   1.6468500e+01  -3.0000000e+00
   2.6200000e+02  -6.5160700e+00  -1.4975200e+01   2.2902900e+01  -2.0000000e+00
   2.6300000e+02   1.0175800e+01  -1.5338900e+01   3.0243700e+01  -1.0000000e+00
   2.6400000e+02  -1.3640000e+01  -1.3083100e+01   3.2916500e+01  -2.0000000e+00
   2.6500000e+02   7.2579200e+00  -2.5603400e+00   2.9212500e+01   1.0000000e+00
   2.6600000e+02  -1.0522100e+01  -1.1253400e+01   2.9003400e+01   1.0000000e+00
   2.6700000e+02  -1.5374500e+01   8.6411900e+00   2.8567400e+01  -2.0000000e+00
   2.6800000e+02   1.0530600e+01   4.3152100e+00   5.5683000e+01   2.0000000e+00
   2.6900000e+02   2.1182000e+00   1.2316500e+01   5.6028800e+01   2.0000000e+00
   2.7000000e+02   2.2144300e+00   3.0648300e+00   4.4025300e+01  -3.0000000e+00
   2.7100000e+02  -5.1951900e+00   8.4490700e+00   1.6699500e+01  -3.0000000e+00
   2.7200000e+02   9.0245300e+00   7.5777600e+00   5.5554400e+01   2.0000000e+00
   2.7300000e+02   4.0769000e+00  -7.9537600e+00   2.9092100e+01   1.0000000e+00
   2.7400000e+02   1.6083300e+01   4.9644600e+00   5.6684500e+01  -2.0000000e+00
   2.7500000e+02   3.2030400e+00   1.2656200e+00   1.7122400e+01  -3.0000000e+00
   2.7600000e+02   6.1899600e+00  -7.9897900e+00   2.9096000e+01   1.0000000e+00
   2.7700000e+02   1.0374200e+01  -4.4438500e+00   2.8960400e+01   1.0000000e+00
   2.7800000e+02   1.3387600e+01  -9.8468400e+00   2.8856100e+01   1.0000000e+00
   2.7900000e+02   1.5563900e+01  -2.7322200e+00   2.9004400e+01  -2.0000000e+00
   2.8000000e+02   1.8600500e+01  -1.0689700e-01   1.0568400e+01  -1.0000000e+00
   2.8100000e+02   1.5737000e+01   8.5123700e-01   4.4586000e+01  -2.0000000e+00
   2.8200000e+02  -1.3492700e+01  -2.2418200e+00   2.9272700e+01   1.0000000e+00
   2.8300000e+02  -8.1938100e+00   3.0333200e+00   2.8848300e+01   1.0000000e+00
   2.8400000e+02   7.6713300e-01  -1.6895000e+01   4.1970100e+01  -2.0000000e+00
   2.8500000e+02  -1.0517700e+01   1.1622200e+01   1.4154700e+01  -3.0000000e+00
   2.8600000e+02   1.4547000e+01  -4.5237100e+00   2.9836400e+01   1.0000000e+00
   2.8700000e+02   2.2438300e+00   1.4382100e+01   5.6433200e+01   2.0000000e+00
   2.8800000e+02  -1.0454100e+01  -7.6769000e+00   2.8276000e+01   1.0000000e+00
   2.8900000e+02   2.1182200e+00  -4.2902400e+00   2.9415300e+01   1.0000000e+00
   2.9000000e+02   1.0322000e+01  -8.0406400e+00   2.8753200e+01   1.0000000e+00
   2.9100000e+02   5.0228600e+00  -1.3419200e+01   2.8893200e+01   1.0000000e+00
   2.9200000e+02  -1.1337900e+01   1.2987000e+00   2.8874000e+01   1.0000000e+00
   2.9300000e+02  -1.5562100e+01  -2.2275800e+00   2.8572500e+01  -2.0000000e+00
   2.9400000e+02  -1.4582000e+01  -7.5918300e+00   2.9372900e+01  -2.0000000e+00
   2.9500000e+02   1.0219200e+01  -1.1665900e+01   2.9264800e+01   1.0000000e+00
   2.9600000e+02   1.3500300e+01  -2.7427900e+00   2.9111500e+01   1.0000000e+00
   2.9700000e+02  -7.1102700e+00   4.8091300e+00   2.7986300e+01   1.0000000e+00
   2.9800000e+02  -5.9951900e+00   6.5426800e+00   4.3415000e+01  -3.0000000e+00
   2.9900000e+02   3.3935900e+00   4.7836800e+00   4.8372100e+01  -3.0000000e+00
