   0.0000000e+00  -9.6134300e+00  -1.6159000e+01   4.3003600e+01  -1.0000000e+00
   1.0000000e+00  -1.7396900e+00  -1.2702200e+01   4.5588900e+00   2.0000000e+00
   2.0000000e+00   7.8467000e+00   1.5596600e+01   3.2774700e+01  -2.0000000e+00
   3.0000000e+00   6.5025400e+00  -2.6456500e+00   5.2671400e+00   2.0000000e+00
   4.0000000e+00  -1.3345300e+01  -1.3107600e+01   3.8554200e+00  -1.0000000e+00
   5.0000000e+00  -1.0175500e+01  -1.0055400e+01   2.8091200e+01  -2.0000000e+00
   6.0000000e+00   4.3067200e+00   1.6555400e+01   3.4050100e+01  -2.0000000e+00
   7.0000000e+00   1.7380300e+01   6.2213400e+00   5.2001900e+00  -1.0000000e+00
   8.0000000e+00   1.3698600e-01  -1.3575200e+01   4.2386300e+00   2.0000000e+00
   9.0000000e+00   1.1135900e+01   7.1809000e+00   2.2114800e+01   1.0000000e+00
   1.0000000e+01  -1.6868100e+01  -5.3472000e-01   4.4829500e+01  -2.0000000e+00
   1.1000000e+01   1.2585900e+00  -4.1545300e+00   5.1599700e+00   2.0000000e+00
   1.2000000e+01  -1.5464000e+00  -1.6825200e+01  -7.7677800e+00  -2.0000000e+00
   1.3000000e+01   3.1285900e+00  -5.0243000e+00   4.8600800e+00   2.0000000e+00
   1.4000000e+01   1.7408600e+01  -1.7662100e+00  -9.8334200e+00  -1.0000000e+00
   1.5000000e+01   7.6428400e+00  -1.7148000e+01   1.9645200e+01  -1.0000000e+00
   1.6000000e+01  -1.0641800e+01   1.6054100e+01   4.5131300e+01  -1.0000000e+00
   1.7000000e+01  -1.4789200e-01   1.3350400e+01   4.6042900e+01   1.0000000e+00
   1.8000000e+01   1.8141200e+01   4.1882900e+00   2.6858200e+00  -1.0000000e+00
   1.9000000e+01  -1.3964400e+01  -3.4856200e+00   4.3662500e+01   1.0000000e+00
   2.0000000e+01  -1.4308700e+01   1.9579700e+00   4.4371800e+01   1.0000000e+00
   2.1000000e+01  -1.3198600e+01   5.9479100e+00   4.4701800e+01   1.0000000e+00
   2.2000000e+01   1.7355500e+00  -1.0323000e+01   4.3731100e+00   2.0000000e+00
   2.3000000e+01  -1.1717900e+00   9.2697600e+00   4.6010600e+01   1.0000000e+00
   2.4000000e+01  -4.1119700e+00   1.2166100e+01   4.5652300e+01   1.0000000e+00
   2.5000000e+01   1.2593200e+01  -1.1557400e+01   3.9746500e+00  -2.0000000e+00
   2.6000000e+01  -9.6924400e+00  -8.0629800e+00   4.4634500e+01   1.0000000e+00
   2.7000000e+01   3.3029200e+00   1.2484100e+01   4.6133600e+01   1.0000000e+00
   2.8000000e+01  -1.5752700e+01   3.4570100e+00   4.3675800e+01  -2.0000000e+00
   2.9000000e+01   1.0898700e+01  -1.2696500e+01   3.9389700e+00  -2.0000000e+00
   3.0000000e+01   6.6844300e+00  -4.7395700e+00   5.1559300e+00   2.0000000e+00
   3.1000000e+01   1.5944400e+01  -7.1586700e+00   4.2381700e+00  -2.0000000e+00
   3.2000000e+01   1.0754000e+01  -1.0641200e+01   3.8347700e+00   2.0000000e+00
   3.3000000e+01  -3.1810000e+00   8.6800100e+00   4.5937400e+01   1.0000000e+00
   3.4000000e+01  -1.3144500e+01   1.3499900e+01   4.4630600e+01  -1.0000000e+00
   3.5000000e+01  -1.5489400e+00  -1.4750600e+01   3.6768400e+00   2.0000000e+00
   3.6000000e+01   4.3723500e+00   2.7267400e-01   2.6025900e+01  -3.0000000e+00
   3.7000000e+01   6.9635300e+00   2.3434500e+00   1.0193900e+01  -3.0000000e+00
   3.8000000e+01  -9.2233600e+00  -1.3994500e+01   3.2811800e+01  -2.0000000e+00
   3.9000000e+01   3.4252000e-01   1.5378500e+01   4.6103800e+01  -2.0000000e+00
   4.0000000e+01  -8.1285400e+00   1.1037500e+01   4.5456200e+01   1.0000000e+00
   4.1000000e+01  -3.4859800e+00  -1.3897800e+01   3.5970400e+00   2.0000000e+00
   4.2000000e+01  -1.5149200e+01  -7.5584100e+00   4.3137700e+01  -2.0000000e+00
   4.3000000e+01  -1.3656000e+01   1.1478000e+01   5.6718100e+01  -2.0000000e+00
   4.4000000e+01  -5.9138500e+00  -1.4105100e+00   4.3771300e+01   1.0000000e+00
   4.5000000e+01   8.2380600e+00  -1.4642600e+00   5.2465400e+00   2.0000000e+00
   4.6000000e+01  -3.9198700e+00  -8.4676400e-01   4.3700700e+01   1.0000000e+00
   4.7000000e+01  -1.2259900e+01   2.5032400e+00   4.4525500e+01   1.0000000e+00
   4.8000000e+01   1.7868300e+00   6.3067000e+00   4.7722900e+01  -3.0000000e+00
   4.9000000e+01  -1.0246400e+01   3.0074800e+00   4.4890500e+01   1.0000000e+00
   5.0000000e+01  -5.4525900e+00  -1.0901100e+01   4.7952700e+00  -3.0000000e+00
   5.1000000e+01   1.8585900e+00  -1.2421400e+01   4.2449300e+00   2.0000000e+00
   5.2000000e+01  -1.5999600e+01  -4.0214300e+00   4.4362900e+01  -2.0000000e+00
   5.3000000e+01   2.2239100e+00  -1.6556600e+01   4.8612300e+00  -2.0000000e+00
   5.4000000e+01  -1.5217100e+01   5.4583500e+00   4.4185100e+01   1.0000000e+00
   5.5000000e+01   9.0787000e+00   7.4304600e+00   2.2022500e+01   1.0000000e+00
   5.6000000e+01   1.5495800e+01  -9.8369800e-01   3.0620800e+00  -2.0000000e+00
   5.7000000e+01   7.1121900e-01   2.2673300e+00   4.9432000e+01  -3.0000000e+00
   5.8000000e+01   1.2159600e+01  -5.3183200e+00   3.9333500e+00   2.0000000e+00
   5.9000000e+01   5.9386100e+00   4.1327900e+00   1.7647100e+01  -3.0000000e+00
   6.0000000e+01   7.0320400e+00   7.6615900e+00   2.0973500e+01  -3.0000000e+00
   6.1000000e+01  -5.1493900e+00  -1.7164100e+01   3.2886900e+00  -1.0000000e+00
   6.2000000e+01   8.4715900e-01   1.7394800e+01   4.6254600e+01  -1.0000000e+00
   6.3000000e+01  -6.6254200e+00   1.7164100e+01   4.6721600e+01  -1.0000000e+00
   6.4000000e+01  -1.0648300e+01   8.5207700e+00   4.5537200e+01   1.0000000e+00
   6.5000000e+01  -3.6799200e+00   6.6682300e+00   4.5708100e+01   1.0000000e+00
   6.6000000e+01  -5.6628700e+00   6.1165500e+00   4.5373700e+01   1.0000000e+00
   6.7000000e+01  -2.6809600e+00   1.0684600e+01   4.5715700e+01   1.0000000e+00
   6.8000000e+01  -3.7471800e+00  -9.7588700e+00   5.3686500e+00   2.0000000e+00
   6.9000000e+01  -2.9057600e-01  -7.3758300e+00   4.3332800e+00   2.0000000e+00
   7.0000000e+01   8.3011100e+00   9.3418800e+00   3.9210900e+01  -2.0000000e+00
   7.1000000e+01   1.7304800e+01   3.0257500e-01   9.8154100e+00  -2.0000000e+00
   7.2000000e+01   2.9244500e+00  -2.9464100e+00   5.6435700e+00   2.0000000e+00
   7.3000000e+01  -6.2486200e+00   4.1240900e+00   4.5266500e+01   1.0000000e+00
   7.4000000e+01  -1.1139300e+01  -6.5610900e+00   4.3790800e+01   1.0000000e+00
   7.5000000e+01  -3.8568200e+00  -7.7041300e+00   1.5927800e+01  -3.0000000e+00
   7.6000000e+01  -1.8741900e+01   6.4561300e+00   1.5310900e+01  -1.0000000e+00
   7.7000000e+01  -3.1642600e+00   1.6273600e+01   4.5860200e+01  -2.0000000e+00
   7.8000000e+01   3.5467800e-01  -1.1943400e-01   2.7186600e+01  -3.0000000e+00
   7.9000000e+01  -4.3646200e-01  -5.3103200e+00   5.4199400e+00   2.0000000e+00
   8.0000000e+01  -3.4155400e+00  -1.5953100e+01   1.5915500e+01  -2.0000000e+00
   8.1000000e+01  -9.0867000e+00   1.4525600e+01   4.5630600e+01  -2.0000000e+00
   8.2000000e+01  -5.6096600e+00   1.3635000e+01   4.6044800e+01   1.0000000e+00
   8.3000000e+01  -1.2559500e+01  -5.0193300e+00   4.3321700e+01   1.0000000e+00
   8.4000000e+01  -5.1804600e+00   8.1230000e+00   4.5766200e+01   1.0000000e+00
   8.5000000e+01  -2.6829800e+00  -4.4513000e+00   3.0059800e+01  -3.0000000e+00
   8.6000000e+01   8.5920300e+00  -5.5957400e+00   4.9237300e+00   2.0000000e+00
   8.7000000e+01   7.1668700e+00  -1.0923800e+01   4.5421600e+00   2.0000000e+00
   8.8000000e+01  -7.9196800e+00  -1.9160400e+00   4.3396500e+01   1.0000000e+00
   8.9000000e+01   1.6112600e+01  -9.2158700e+00   4.3735900e+00  -1.0000000e+00
   9.0000000e+01   3.6063700e+00  -1.1217900e+01   4.4674200e+00   2.0000000e+00
   9.1000000e+01   2.8221100e+00   1.8006000e+01   4.6505200e+01  -1.0000000e+00
   9.2000000e+01  -1.4551300e+01  -5.5070200e+00   4.3803400e+01  -2.0000000e+00
   9.3000000e+01   7.3262900e+00  -1.2987000e+01   4.7007500e+00   2.0000000e+00
   9.4000000e+01   1.1619300e+01   1.0759800e+01   2.5456200e+01   0.0000000e+00
   9.5000000e+01  -1.2843900e+01   5.0210100e-01   4.4715400e+01   1.0000000e+00
   9.6000000e+01  -1.1117800e+01   1.4013500e+01   5.7125300e+01  -2.0000000e+00
   9.7000000e+01   1.5843900e+00  -8.2779000e+00   4.4105800e+00   2.0000000e+00
   9.8000000e+01   9.3288800e+00   1.4170200e+01   3.0982300e+01  -2.0000000e+00
   9.9000000e+01   1.5977500e+01   4.6305000e+00   2.0086900e+01  -2.0000000e+00
   1.0000000e+02  -5.3193200e+00   6.5775000e-01   4.3807700e+01   1.0000000e+00
   1.0100000e+02   2.9423400e+00   3.1255900e+00   4.9346400e+01  -3.0000000e+00
   1.0200000e+02  -1.1930500e+01  -3.0110300e+00   4.4211400e+01   1.0000000e+00
   1.0300000e+02   1.7688500e+01  -6.0206300e+00   3.7598100e+00  -1.0000000e+00
   1.0400000e+02  -1.1382400e+01  -9.3758200e-01   4.4684000e+01   1.0000000e+00
   1.0500000e+02  -8.5226900e+00  -3.8926800e+00   4.3524700e+01   1.0000000e+00
   1.0600000e+02   1.0429400e+01  -6.4944500e+00   4.2815800e+00   2.0000000e+00
   1.0700000e+02  -1.2264800e+01  -1.0526700e+01   2.8633100e+01  -2.0000000e+00
   1.0800000e+02  -1.4677600e+01   7.4605200e+00   4.4170900e+01  -2.0000000e+00
   1.0900000e+02   1.5776300e+01   1.0173600e+01   8.4118200e+00  -1.0000000e+00
   1.1000000e+02  -2.1493700e+00  -6.4982600e+00   6.7070300e+00  -3.0000000e+00
   1.1100000e+02  -2.1854100e-01   5.7771400e+00   4.5246600e+01   1.0000000e+00
   1.1200000e+02   8.7456300e+00  -7.6612700e+00   4.5346700e+00   2.0000000e+00
   1.1300000e+02   8.8905500e+00  -9.7301600e+00   4.3310100e+00   2.0000000e+00
   1.1400000e+02   1.1810000e+01  -1.1368400e+00   6.3084400e+00   2.0000000e+00
   1.1500000e+02   1.7566200e+01  -3.8676200e+00  -1.0072700e+01  -1.0000000e+00
   1.1600000e+02   1.2313300e+01  -7.3806300e+00   4.2179900e+00   2.0000000e+00
   1.1700000e+02   8.3968600e+00  -3.5173200e+00   5.0513900e+00   2.0000000e+00
   1.1800000e+02   2.2919500e+00   8.3958900e+00   4.5587700e+01   1.0000000e+00
   1.1900000e+02  -8.6543700e+00   9.0547300e+00   4.5088700e+01   1.0000000e+00
   1.2000000e+02  -4.6842900e+00  -5.1262000e+00   5.5483500e+01  -3.0000000e+00
   1.2100000e+02   1.0310300e+01  -4.3853500e+00   4.4775800e+00   2.0000000e+00
   1.2200000e+02  -7.3332900e+00  -1.1743100e+01  -1.1850300e+00  -2.0000000e+00
   1.2300000e+02   1.3196200e+01   6.8718000e+00   2.1755200e+01   1.0000000e+00
   1.2400000e+02   5.6390800e+00   6.1567000e+00   2.3694900e+01  -3.0000000e+00
   1.2500000e+02   1.4183000e+00  -6.2224400e+00   4.4322500e+00   2.0000000e+00
   1.2600000e+02  -9.5974600e+00   1.2477800e+01   4.5495300e+01   1.0000000e+00
   1.2700000e+02   1.5756300e+01  -5.1156700e+00   4.0715500e+00  -2.0000000e+00
   1.2800000e+02  -1.9965900e+00  -8.5670800e+00   4.3047500e+00   2.0000000e+00
   1.2900000e+02   1.2013100e+01  -3.2030700e+00   4.6880900e+00   2.0000000e+00
   1.3000000e+02  -1.6553200e+01  -6.0347500e+00   2.9293300e+01  -1.0000000e+00
   1.3100000e+02   9.0368800e+00  -1.1786600e+01   4.3642600e+00   2.0000000e+00
   1.3200000e+02  -1.1388200e+00  -1.9140000e+01   1.0545200e+01  -1.0000000e+00
   1.3300000e+02  -1.5782900e+01  -9.5182600e+00   4.2545300e+01  -1.0000000e+00
   1.3400000e+02   2.3457000e+00  -1.8604200e+01   4.5157100e+00  -1.0000000e+00
   1.3500000e+02   7.7085700e+00   5.7185900e+00   1.9560500e+01  -3.0000000e+00
   1.3600000e+02   2.8607400e+00   1.0417000e+01   4.6017700e+01   1.0000000e+00
   1.3700000e+02   3.8425600e+00   1.4506600e+01   4.5977600e+01   1.0000000e+00
   1.3800000e+02   1.3875100e+01  -4.1460200e+00   3.4029200e+00   2.0000000e+00
   1.3900000e+02  -7.1438000e+00  -5.4257100e+00   4.2716300e+01   1.0000000e+00
   1.4000000e+02  -7.1711800e+00  -1.3884900e+01   2.9511000e+01  -2.0000000e+00
   1.4100000e+02  -1.1375500e+01  -1.2419300e+01   5.1815200e-01  -2.0000000e+00
   1.4200000e+02  -3.5935100e+00  -1.1821100e+01   3.9757000e+00   2.0000000e+00
   1.4300000e+02  -1.3746200e+01   3.9490200e+00   4.4587800e+01   1.0000000e+00
   1.4400000e+02  -1.2642700e+01   7.9471800e+00   4.5014200e+01   1.0000000e+00
   1.4500000e+02  -1.2128100e+01   9.9495300e+00   4.5418500e+01   1.0000000e+00
   1.4600000e+02   1.4689200e+01   1.2278600e+01   2.6567700e+01  -1.0000000e+00
   1.4700000e+02  -9.7107700e+00   5.0203900e+00   4.5069200e+01   1.0000000e+00
   1.4800000e+02   4.0734700e+00  -1.7435900e+01   1.6375400e+01  -2.0000000e+00
   1.4900000e+02  -1.5384800e+01  -2.0102500e+00   4.4338900e+01  -2.0000000e+00
   1.5000000e+02  -7.7033400e+00  -7.5855500e+00   4.6130900e+01   1.0000000e+00
   1.5100000e+02  -2.5175000e+00  -2.3479700e+00   5.0187600e+01  -3.0000000e+00
   1.5200000e+02   4.2881900e+00   8.9401600e+00   5.7537300e+01  -3.0000000e+00
   1.5300000e+02  -1.4517800e-01  -9.4640600e+00   4.3273700e+00   2.0000000e+00
   1.5400000e+02  -1.4131800e+01   9.4429300e+00   4.4920300e+01  -2.0000000e+00
   1.5500000e+02  -1.3387600e+01  -1.4901000e+00   4.4517300e+01   1.0000000e+00
   1.5600000e+02   1.0568200e+01   1.2536100e+01   2.8596100e+01  -2.0000000e+00
   1.5700000e+02  -1.2820700e+00   1.6496700e+00   4.5053400e+01   1.0000000e+00
   1.5800000e+02  -1.4285600e+01  -1.1130400e+01   2.5089300e+01  -1.0000000e+00
   1.5900000e+02  -5.3392300e+00  -1.2961700e+01   9.7050600e-01  -3.0000000e+00
   1.6000000e+02  -1.5730100e+01   1.1001100e+01   4.5648300e+01  -1.0000000e+00
   1.6100000e+02  -1.6339400e+01   1.4872600e+00   4.3852400e+01  -2.0000000e+00
   1.6200000e+02  -1.0505100e+01  -4.4948100e+00   4.4038700e+01   1.0000000e+00
   1.6300000e+02  -8.2347100e+00   3.5687300e+00   4.5732700e+01   1.0000000e+00
   1.6400000e+02   7.9980500e+00   5.6989800e-01   1.0738500e+01  -3.0000000e+00
   1.6500000e+02   8.6041500e+00   3.6671100e+00   2.3267600e+01  -3.0000000e+00
   1.6600000e+02   1.2607900e+00   4.3023300e+00   4.7339300e+01  -3.0000000e+00
   1.6700000e+02   3.2911100e+00  -7.1071500e+00   4.7047100e+00   2.0000000e+00
   1.6800000e+02   7.0302400e+00  -8.8604500e+00   4.3604000e+00   2.0000000e+00
   1.6900000e+02   1.1561200e+01   1.0174500e+00   2.3866000e+01  -3.0000000e+00
   1.7000000e+02   1.1030400e+01  -1.4770800e+01   1.9159800e+01  -1.0000000e+00
   1.7100000e+02   1.4421300e-02  -1.1515800e+01   4.1792700e+00   2.0000000e+00
   1.7200000e+02   9.3362500e+00  -1.5992500e+01   1.9221200e+01  -1.0000000e+00
   1.7300000e+02   1.6560300e+01   8.2681800e+00   7.5629600e+00  -1.0000000e+00
   1.7400000e+02  -1.0813400e+01   1.0277700e+00   4.4418500e+01   1.0000000e+00
   1.7500000e+02   1.4687600e+01   3.0177500e+00   1.1810700e+01  -3.0000000e+00
   1.7600000e+02   1.4321800e+01  -1.0413100e+01   3.8220000e+00  -2.0000000e+00
   1.7700000e+02   1.3715000e+01   1.0452800e+01   2.3874800e+01  -2.0000000e+00
   1.7800000e+02  -5.7468900e+00  -6.9133600e+00   4.7629000e+01  -3.0000000e+00
   1.7900000e+02   9.1882700e+00  -1.3865100e+01   4.3098200e+00  -2.0000000e+00
   1.8000000e+02   3.9917900e+00   4.9003100e+00   2.1911100e+01  -3.0000000e+00
   1.8100000e+02  -1.7771100e+01   3.0188600e+00   5.8109600e+01  -1.0000000e+00
   1.8200000e+02  -3.3060500e+00   1.1220200e+00   4.3805900e+01   1.0000000e+00
   1.8300000e+02   1.0369800e+00  -2.1063600e+00   8.2779700e+00  -3.0000000e+00
   1.8400000e+02  -6.4943300e+00  -3.4834800e+00   4.3359200e+01   1.0000000e+00
   1.8500000e+02   1.4457500e+01   8.5047100e+00   2.2080200e+01  -2.0000000e+00
   1.8600000e+02   1.8298000e+00   1.3935800e+01   4.5962800e+01   1.0000000e+00
   1.8700000e+02   5.3305600e+00   1.3043800e+01   4.5545400e+01   1.0000000e+00
   1.8800000e+02   6.4402300e+00   1.7097900e+01   4.3590700e+01  -1.0000000e+00
   1.8900000e+02   4.6027000e+00  -1.7609500e+00   5.6989200e+00   2.0000000e+00
   1.9000000e+02   3.7458700e+00   6.9422700e+00   1.8425100e+01  -3.0000000e+00
   1.9100000e+02  -1.1646800e+01   1.1942100e+01   4.5012300e+01  -2.0000000e+00
   1.9200000e+02   5.0008300e+00  -5.9108500e+00   4.7694300e+00   2.0000000e+00
   1.9300000e+02   1.5373000e+01   1.0768900e+00   9.0331700e+00  -3.0000000e+00
   1.9400000e+02   1.4016900e+01  -6.2404800e+00   3.9809100e+00   2.0000000e+00
   1.9500000e+02  -6.8108800e-01   1.1259000e+01   4.5955600e+01   1.0000000e+00
   1.9600000e+02  -2.2182100e+00   5.2235900e+00   4.5359500e+01   1.0000000e+00
   1.9700000e+02   8.1098600e-01   9.8217700e+00   4.6000300e+01   1.0000000e+00
   1.9800000e+02   1.4494300e+01  -1.2472200e+01   4.2793400e+00  -1.0000000e+00
   1.9900000e+02  -1.8395800e+01   9.9563300e-01   4.3745300e+01  -1.0000000e+00
   2.0000000e+02  -1.6152800e+01   8.9657900e+00   6.0160900e+01  -1.0000000e+00
   2.0100000e+02  -8.5997300e+00   1.6526800e+01   4.5885700e+01  -1.0000000e+00
   2.0200000e+02  -9.3517300e+00  -4.2674600e-01   4.3937900e+01   1.0000000e+00
   2.0300000e+02  -7.5106700e-01   3.7097900e+00   4.5536000e+01   1.0000000e+00
   2.0400000e+02   4.8525600e+00   2.2763800e+00   5.8511300e+01  -3.0000000e+00
   2.0500000e+02   9.6461000e+00   1.7946900e+00   1.6170600e+01  -3.0000000e+00
   2.0600000e+02   1.4205900e+01  -8.3139000e+00   4.1220400e+00  -2.0000000e+00
   2.0700000e+02  -5.1455200e+00   1.5709400e+01   4.6454900e+01  -2.0000000e+00
   2.0800000e+02  -7.3145400e+00   8.7193700e-02   4.4144500e+01   1.0000000e+00
   2.0900000e+02  -1.8832700e+00  -1.0613900e+01   4.2904300e+00   2.0000000e+00
   2.1000000e+02   6.2813800e+00  -5.6197200e-01   1.7324300e+01  -3.0000000e+00
   2.1100000e+02   9.7506600e+00   5.4804500e+00   2.3426400e+01   1.0000000e+00
   2.1200000e+02  -1.3746600e+01  -9.0605200e+00   4.3843300e+01  -2.0000000e+00
   2.1300000e+02   3.9090300e+00  -1.5371200e+01   4.7711000e+00   2.0000000e+00
   2.1400000e+02  -4.4933000e+00  -3.0278700e+00   4.7500200e+01   1.0000000e+00
   2.1500000e+02  -9.1646300e+00   7.0533000e+00   4.4951200e+01   1.0000000e+00
   2.1600000e+02   5.5878000e+00  -1.4185300e+01   4.5751500e+00   2.0000000e+00
   2.1700000e+02   5.8429600e+00   1.5097900e+01   4.5075900e+01  -2.0000000e+00
   2.1800000e+02   1.1891000e+01   5.2465400e+00   2.1426200e+01   1.0000000e+00
   2.1900000e+02   2.4190400e+00   1.1391900e+00   2.3375800e+01  -3.0000000e+00
   2.2000000e+02   1.2623800e+01   2.8083200e+00   3.5855600e+01  -3.0000000e+00
   2.2100000e+02  -6.1291900e+00  -8.9607900e+00   2.9158000e+01  -3.0000000e+00
   2.2200000e+02  -9.1473000e+00  -6.0459000e+00   4.4127000e+01   1.0000000e+00
   2.2300000e+02   1.0683100e+01   3.5605800e+00   3.5148100e+01  -3.0000000e+00
   2.2400000e+02  -1.4841100e+01  -2.2063000e-02   4.4676900e+01   1.0000000e+00
   2.2500000e+02  -1.8012600e+01  -4.5815100e+00   4.4861500e+01  -1.0000000e+00
   2.2600000e+02  -4.6495600e+00   1.0111700e+01   4.5447400e+01   1.0000000e+00
   2.2700000e+02  -5.3026100e+00  -1.5069300e+01   6.6881500e-01  -2.0000000e+00
   2.2800000e+02   5.3020300e+00  -1.0020600e+01   4.4393600e+00   2.0000000e+00
   2.2900000e+02   5.7696700e+00  -1.6281600e+01   4.8345900e+00  -2.0000000e+00
   2.3000000e+02   9.8359600e+00   1.6149400e+01   4.4751900e+01  -1.0000000e+00
   2.3100000e+02  -4.7207400e+00   2.6286900e+00   4.4255800e+01   1.0000000e+00
   2.3200000e+02   6.8193800e+00   1.1580900e+01   5.3010600e+01  -2.0000000e+00
   2.3300000e+02   1.5610600e+01  -3.0608400e+00   3.8833900e+00  -2.0000000e+00
   2.3400000e+02  -7.6186700e+00   1.3083800e+01   4.5756300e+01   1.0000000e+00
   2.3500000e+02   1.2642700e+01   1.2622200e+01   1.6881500e+01  -2.0000000e+00
   2.3600000e+02   1.2774800e+01  -1.3620900e+01   1.8983500e+01  -1.0000000e+00
   2.3700000e+02  -6.1544700e+00   1.1607400e+01   4.5371300e+01   1.0000000e+00
   2.3800000e+02   1.1360100e+01   1.4520400e+01   2.3792000e+01  -1.0000000e+00
   2.3900000e+02  -9.9493000e+00  -2.4163700e+00   4.4497900e+01   1.0000000e+00
   2.4000000e+02   1.3917700e+01   4.9302400e+00   2.2432800e+01   1.0000000e+00
   2.4100000e+02  -1.7216300e+01   4.9901300e+00   4.4530500e+01  -2.0000000e+00
   2.4200000e+02  -1.1738100e+00   1.6832000e+01   3.3681400e+01  -2.0000000e+00
   2.4300000e+02  -1.6922300e+00   7.2375700e+00   4.5679600e+01   1.0000000e+00
   2.4400000e+02  -1.6420300e+00   1.4821000e+01   4.6147100e+01   1.0000000e+00
   2.4500000e+02   8.8738800e+00   1.1368600e+01   6.4296300e+01  -1.0000000e+00
   2.4600000e+02   6.8780700e+00  -6.7958400e+00   4.8539900e+00   2.0000000e+00
   2.4700000e+02  -6.7427800e+00   2.1366700e+00   4.5024000e+01   1.0000000e+00
   2.4800000e+02  -1.1212200e+01  -1.4499800e+01  -7.6129600e+00  -1.0000000e+00
   2.4900000e+02   2.0086300e+00  -1.4493500e+01   4.9526000e+00   2.0000000e+00
   2.5000000e+02   1.6719400e+01   2.6789300e+00   1.6996000e+01  -2.0000000e+00
   2.5100000e+02  -1.3138200e+01  -7.0510900e+00   4.3605900e+01   1.0000000e+00
   2.5200000e+02   1.3327600e+00   1.1908600e+01   4.6299700e+01   1.0000000e+00
   2.5300000e+02  -1.6695900e+01   6.9845000e+00   5.6378900e+01  -2.0000000e+00
   2.5400000e+02   3.7409400e+00  -1.3269500e+01   4.4642300e+00   2.0000000e+00
   2.5500000e+02   1.0334900e+01   9.0985100e+00   3.4802500e+01   0.0000000e+00
   2.5600000e+02  -1.0127300e+01   1.0497600e+01   4.5455400e+01   1.0000000e+00
   2.5700000e+02   4.8380200e+00  -3.8556900e+00   5.0526400e+00   2.0000000e+00
   2.5800000e+02  -2.7235100e+00   3.1364300e+00   4.4773000e+01   1.0000000e+00
   2.5900000e+02  -9.3716900e+00  -1.1951000e+01  -3.4729900e+00  -1.0000000e+00
   2.6000000e+02   1.5277200e+01   6.5976300e+00   2.1414300e+01  -2.0000000e+00
   2.6100000e+02   1.3480500e+01   2.2659700e-01   1.5201600e+01  -3.0000000e+00
   2.6200000e+02  -3.6253300e+00   1.4256800e+01   4.6440800e+01   1.0000000e+00
   2.6300000e+02   1.8744400e+01   1.9467200e+00   1.4659500e+01  -1.0000000e+00
   2.6400000e+02   6.2619300e+00   9.5711800e+00   2.4396100e+01  -3.0000000e+00
   2.6500000e+02   1.3713200e+01  -1.9972200e+00   3.6089500e+00   2.0000000e+00
   2.6600000e+02   5.9495500e+00  -1.8332800e+01   4.8138700e+00  -1.0000000e+00
   2.6700000e+02  -6.6663900e+00   9.5650700e+00   4.5317700e+01   1.0000000e+00
   2.6800000e+02   3.0050700e-01  -1.5702700e+01   3.9597200e+00   2.0000000e+00
   2.6900000e+02   2.3390900e+00   1.5969600e+01   4.6293300e+01  -2.0000000e+00
   2.7000000e+02  -1.1699200e+01   4.4896300e+00   4.4890500e+01   1.0000000e+00
   2.7100000e+02   1.0602500e+01  -8.5615800e+00   4.2013800e+00   2.0000000e+00
   2.7200000e+02  -1.1677800e+01  -8.5642500e+00   4.4192800e+01   1.0000000e+00
   2.7300000e+02   7.3124500e+00   1.3583500e+01   5.7380400e+01  -2.0000000e+00
   2.7400000e+02  -7.3228900e+00  -1.5946900e+01   5.1328400e+01  -1.0000000e+00
   2.7500000e+02   3.4445300e+00  -9.1684200e+00   4.5404800e+00   2.0000000e+00
   2.7600000e+02  -1.7844500e+00  -3.7392300e-01   5.4088500e+01  -3.0000000e+00
   2.7700000e+02  -2.6157500e+00   1.8321600e+01   4.4848000e+01  -1.0000000e+00
   2.7800000e+02   1.0135900e+01  -2.3392500e+00   5.1805100e+00   2.0000000e+00
   2.7900000e+02  -4.6545200e+00   1.7757400e+01   4.5966300e+01  -1.0000000e+00
   2.8000000e+02   4.4280100e-01  -1.7760100e+01   1.8002600e+01  -2.0000000e+00
   2.8100000e+02  -2.1310700e+00   1.2764900e+01   4.5674200e+01   1.0000000e+00
   2.8200000e+02  -7.1751900e+00   7.5604100e+00   4.5217000e+01   1.0000000e+00
   2.8300000e+02   1.2464600e+01  -9.5028000e+00   3.7838000e+00   2.0000000e+00
   2.8400000e+02  -8.7446600e+00   1.5648600e+00   4.4913200e+01   1.0000000e+00
   2.8500000e+02  -8.1714500e+00  -9.5860400e+00   2.8645700e+01  -3.0000000e+00
   2.8600000e+02  -7.7287800e+00   5.5699600e+00   4.5054400e+01   1.0000000e+00
   2.8700000e+02   4.8202800e+00   1.1053300e+01   4.5858200e+01   1.0000000e+00
   2.8800000e+02   1.2374300e+01   8.8430300e+00   2.1881400e+01   1.0000000e+00
   2.8900000e+02  -1.7425100e+01  -2.5442000e+00   5.9266900e+01  -1.0000000e+00
   2.9000000e+02   5.4667400e+00  -1.2112200e+01   4.2964500e+00   2.0000000e+00
   2.9100000e+02   2.6912300e+00  -8.9063000e-01   7.0598000e+00   2.0000000e+00
   2.9200000e+02  -7.1105900e+00   1.5103600e+01   4.6331700e+01  -2.0000000e+00
   2.9300000e+02   9.9220000e+00  -2.5906400e-01   6.4629900e+00   2.0000000e+00
   2.9400000e+02  -1.1164900e+01   6.5036300e+00   4.5254800e+01   1.0000000e+00
   2.9500000e+02  -4.1983100e+00   4.6748300e+00   4.5144400e+01   1.0000000e+00
   2.9600000e+02   3.1440300e-01   7.8103600e+00   4.5631400e+01   1.0000000e+00
   2.9700000e+02   5.1760100e+00  -7.9714800e+00   4.5699100e+00   2.0000000e+00
   2.9800000e+02  -6.7263300e-01  -3.2569800e+00   1.6011900e+01  -3.0000000e+00
   2.9900000e+02   7.4915500e+00  -1.5044500e+01   4.6192700e+00  -2.0000000e+00
