   0.0000000e+00  -1.2862100e+01  -8.9032200e+00   1.0000000e+00
   1.0000000e+00   4.6912200e+00  -1.4273600e+00  -1.0000000e+00
   2.0000000e+00  -1.3989300e+01  -5.5116400e+00   1.0000000e+00
   3.0000000e+00   7.9074600e+00  -1.6949600e+01   1.0000000e+00
   4.0000000e+00  -1.6474300e+01  -8.1582400e+00   1.0000000e+00
   5.0000000e+00   4.3477400e+00  -4.8087100e+00   1.0000000e+00
   6.0000000e+00  -1.3423800e+01   9.4727300e+00  -1.0000000e+00
   7.0000000e+00   7.2439800e+00  -9.4591000e+00   1.0000000e+00
   8.0000000e+00  -1.3499400e+01   5.1732400e+00  -1.0000000e+00
   9.0000000e+00   8.9475800e+00  -1.5800500e+00  -1.0000000e+00
   1.0000000e+01   5.6673600e+00  -3.2436200e+00   1.0000000e+00
   1.1000000e+01  -9.6934300e+00  -1.1825500e+01   1.0000000e+00
   1.2000000e+01   1.1117800e+01  -7.8726300e+00   1.0000000e+00
   1.3000000e+01  -3.2093700e+00  -1.7209800e+01   1.0000000e+00
   1.4000000e+01  -1.9504300e+00   1.1463100e+01  -1.0000000e+00
   1.5000000e+01   7.8645100e+00  -5.3571800e+00   1.0000000e+00
   1.6000000e+01   1.6972200e+01  -5.1322600e+00   1.0000000e+00
   1.7000000e+01   8.9168900e+00  -1.0674100e+01   1.0000000e+00
   1.8000000e+01   1.8051700e+00   4.0738100e+00  -1.0000000e+00
   1.9000000e+01  -4.2293100e+00  -1.1728800e+01   1.0000000e+00
   2.0000000e+01  -5.3855100e+00   6.2455600e+00  -1.0000000e+00
   2.1000000e+01   1.1135200e+01   1.8978000e+00  -1.0000000e+00
   2.2000000e+01   1.3606700e+01   1.2515300e+01  -1.0000000e+00
   2.3000000e+01  -6.3108700e+00   8.0786000e+00  -1.0000000e+00
   2.4000000e+01  -9.5797100e+00   2.1529200e+00  -1.0000000e+00
   2.5000000e+01  -2.1530400e+00   7.8648500e+00  -1.0000000e+00
   2.6000000e+01  -1.0756500e+00  -4.9368500e+00   1.0000000e+00
   2.7000000e+01   2.9487000e+00   5.8360600e+00  -1.0000000e+00
   2.8000000e+01   5.3792800e+00   1.2887600e+01  -1.0000000e+00
   2.9000000e+01  -2.6518200e+00  -3.6207700e+00   1.0000000e+00
   3.0000000e+01  -1.6543300e+01   7.1671500e+00  -1.0000000e+00
   3.1000000e+01  -1.6936900e+01  -1.1345900e-01   1.0000000e+00
   3.2000000e+01   3.8367900e+00  -1.8557100e+01   1.0000000e+00
   3.3000000e+01   1.8222900e+01  -1.2263700e+00  -1.0000000e+00
   3.4000000e+01  -5.8445200e-01   1.6834700e+01  -1.0000000e+00
   3.5000000e+01   1.2429200e+01   7.2009500e+00  -1.0000000e+00
   3.6000000e+01  -1.5225500e+01  -1.1638300e+01   1.0000000e+00
   3.7000000e+01   1.4199000e+01  -1.2305200e+01   1.0000000e+00
   3.8000000e+01   9.2051900e+00  -8.6327200e+00   1.0000000e+00
   3.9000000e+01  -1.1225900e+01   1.3762800e+01  -1.0000000e+00
   4.0000000e+01   2.3832000e+00   1.4841000e+01  -1.0000000e+00
   4.1000000e+01  -6.7986600e+00  -1.6533100e+01   1.0000000e+00
   4.2000000e+01   1.1713100e+01  -3.6768900e+00  -1.0000000e+00
   4.3000000e+01   1.0166600e+01  -1.4013400e+01   1.0000000e+00
   4.4000000e+01  -2.9132800e+00   1.3323400e+01  -1.0000000e+00
   4.5000000e+01   1.1417900e+01   8.9934300e+00  -1.0000000e+00
   4.6000000e+01   7.1147800e+00   5.6317500e+00  -1.0000000e+00
   4.7000000e+01  -1.4846900e+01  -2.7814600e-01   1.0000000e+00
   4.8000000e+01   9.2037600e+00   5.5394000e+00  -1.0000000e+00
   4.9000000e+01   1.0825800e+01  -9.9192000e+00   1.0000000e+00
   5.0000000e+01  -1.0511200e+01  -1.5950200e+01   1.0000000e+00
   5.1000000e+01  -8.1090300e+00  -3.5863900e+00   1.0000000e+00
   5.2000000e+01   1.4221800e+01  -8.1113200e-02  -1.0000000e+00
   5.3000000e+01  -3.0291200e+00  -5.6330100e+00   1.0000000e+00
   5.4000000e+01   5.6065800e-01  -1.2594400e+00  -1.0000000e+00
   5.5000000e+01   1.3240400e+01   1.7370500e+00  -1.0000000e+00
   5.6000000e+01  -1.4122700e+00   1.8759200e+01  -1.0000000e+00
   5.7000000e+01  -7.6248400e+00   2.7644500e+00  -1.0000000e+00
   5.8000000e+01   3.7457200e+00   4.1411000e-01  -1.0000000e+00
   5.9000000e+01   2.7720100e+00   2.2185800e+00  -1.0000000e+00
   6.0000000e+01  -1.5806800e+00  -1.8685700e+01   1.0000000e+00
   6.1000000e+01   1.2903700e-01  -8.2970700e+00   1.0000000e+00
   6.2000000e+01  -1.4332900e+01   1.1322300e+01  -1.0000000e+00
   6.3000000e+01   7.5453800e+00  -7.4180000e+00   1.0000000e+00
   6.4000000e+01  -1.0512600e+01   8.3014200e+00  -1.0000000e+00
   6.5000000e+01   1.2678000e+01   1.4367400e+01  -1.0000000e+00
   6.6000000e+01  -1.5768600e+01   1.5878500e+00  -1.0000000e+00
   6.7000000e+01   1.2245900e+01  -1.3144100e+01   1.0000000e+00
   6.8000000e+01   1.2807200e+01  -9.0619200e+00   1.0000000e+00
   6.9000000e+01  -1.7943600e+00  -9.0169400e+00   1.0000000e+00
   7.0000000e+01  -6.1760200e+00  -1.2414500e+01   1.0000000e+00
   7.1000000e+01   4.2431200e+00   1.1138500e+01  -1.0000000e+00
   7.2000000e+01  -1.5242000e+01   1.3210900e+01  -1.0000000e+00
   7.3000000e+01  -3.3207500e+00   6.1313600e+00  -1.0000000e+00
   7.4000000e+01   9.3548600e+00   9.1330100e+00  -1.0000000e+00
   7.5000000e+01  -1.0891500e+01  -8.3095900e+00   1.0000000e+00
   7.6000000e+01   1.6766100e+01  -7.2869300e+00   1.0000000e+00
   7.7000000e+01  -1.0361800e+00   9.5767000e+00  -1.0000000e+00
   7.8000000e+01  -1.4425300e+01  -7.5139100e+00   1.0000000e+00
   7.9000000e+01  -9.5566600e+00   6.3964400e+00  -1.0000000e+00
   8.0000000e+01  -1.4866400e+01  -9.5797900e+00   1.0000000e+00
   8.1000000e+01  -3.8089200e+00   1.5216500e+01  -1.0000000e+00
   8.2000000e+01  -1.0030300e+01   1.5500900e+01  -1.0000000e+00
   8.3000000e+01   5.6349200e+00  -8.1731700e+00   1.0000000e+00
   8.4000000e+01  -8.4579100e+00   8.1735100e+00  -1.0000000e+00
   8.5000000e+01  -4.3971800e+00   4.3609400e+00  -1.0000000e+00
   8.6000000e+01  -2.5622100e-01   4.1823300e+00  -1.0000000e+00
   8.7000000e+01   6.8267500e-01   2.3163100e+00  -1.0000000e+00
   8.8000000e+01   5.6499800e+00   1.6554400e+01  -1.0000000e+00
   8.9000000e+01  -1.1456000e+01   1.0139500e+01  -1.0000000e+00
   9.0000000e+01  -5.1673300e+00   9.8025000e+00  -1.0000000e+00
   9.1000000e+01  -1.7190500e+01  -3.7376200e+00   1.0000000e+00
   9.2000000e+01  -1.2625200e+01   3.3046000e+00  -1.0000000e+00
   9.3000000e+01   2.6267500e+00  -1.3895200e+00  -1.0000000e+00
   9.4000000e+01  -1.0636200e+01  -3.1314200e-01   1.0000000e+00
   9.5000000e+01   1.3079100e+01  -2.0185600e+00  -1.0000000e+00
   9.6000000e+01   1.2994900e+01  -7.0167600e+00   1.0000000e+00
   9.7000000e+01   1.0138600e+01   3.7109400e+00  -1.0000000e+00
   9.8000000e+01   6.8651800e+00  -1.1496600e+01   1.0000000e+00
   9.9000000e+01  -5.3584600e+00  -8.3592200e+00   1.0000000e+00
   1.0000000e+02  -1.0478800e+01  -6.2777700e+00   1.0000000e+00
   1.0100000e+02  -2.8916400e+00  -1.5111600e+01   1.0000000e+00
   1.0200000e+02   5.9498400e+00  -6.0935100e+00   1.0000000e+00
   1.0300000e+02  -1.0099100e+01  -1.3863800e+01   1.0000000e+00
   1.0400000e+02   6.2447900e+00  -1.5643700e+01   1.0000000e+00
   1.0500000e+02  -8.9213000e+00  -7.6525800e+00   1.0000000e+00
   1.0600000e+02   1.1822600e+01  -1.5293000e+01   1.0000000e+00
   1.0700000e+02  -1.4714100e+01   3.4012400e+00  -1.0000000e+00
   1.0800000e+02  -1.0661200e+01   3.9133400e+00  -1.0000000e+00
   1.0900000e+02  -1.3707800e+00   2.4286200e+00  -1.0000000e+00
   1.1000000e+02   1.5309100e+01   1.6593300e+00  -1.0000000e+00
   1.1100000e+02   8.5226200e-01  -4.2299300e+00   1.0000000e+00
   1.1200000e+02   1.4037600e+00  -1.1671100e+01   1.0000000e+00
   1.1300000e+02   3.0427000e+00  -1.2999700e+01   1.0000000e+00
   1.1400000e+02   5.2736900e+00  -1.0200600e+01   1.0000000e+00
   1.1500000e+02  -9.2977800e+00  -9.6642300e+00   1.0000000e+00
   1.1600000e+02   1.5040800e+01  -6.0998900e+00   1.0000000e+00
   1.1700000e+02  -7.1398100e-01  -2.8905600e+00   1.0000000e+00
   1.1800000e+02   2.2998100e+00  -1.7145800e+01   1.0000000e+00
   1.1900000e+02   1.0455300e+01   1.0875800e+01  -1.0000000e+00
   1.2000000e+02  -8.1047400e-01   1.3210100e+01  -1.0000000e+00
   1.2100000e+02   1.4873000e+00   1.6683800e+01  -1.0000000e+00
   1.2200000e+02  -1.6035800e+01  -1.9530900e+00   1.0000000e+00
   1.2300000e+02  -4.2462700e+00   7.9685800e+00  -1.0000000e+00
   1.2400000e+02  -1.6320000e+01   1.0807800e+01  -1.0000000e+00
   1.2500000e+02   1.9837400e+00   7.6487800e+00  -1.0000000e+00
   1.2600000e+02  -6.5535500e+00  -4.9743100e+00   1.0000000e+00
   1.2700000e+02   6.5040900e+00   1.4658600e+01  -1.0000000e+00
   1.2800000e+02   2.4335000e+00  -5.5551200e+00   1.0000000e+00
   1.2900000e+02  -1.4754700e+00  -6.9850200e+00   1.0000000e+00
   1.3000000e+02   1.3986700e+01  -1.4348600e+01   1.0000000e+00
   1.3100000e+02  -2.0362500e-01  -1.0340000e+01   1.0000000e+00
   1.3200000e+02  -2.3271100e+00   4.2789400e+00  -1.0000000e+00
   1.3300000e+02   2.4441400e+00   1.8503500e+01  -1.0000000e+00
   1.3400000e+02   4.8505700e+00   2.1585500e+00  -1.0000000e+00
   1.3500000e+02  -5.7489100e+00  -9.2074500e-01   1.0000000e+00
   1.3600000e+02   1.2500900e+01   1.0762400e+01  -1.0000000e+00
   1.3700000e+02   6.3000900e+00   1.1036600e+01  -1.0000000e+00
   1.3800000e+02  -1.2129400e+00   6.0148100e+00  -1.0000000e+00
   1.3900000e+02   1.1961100e-01   1.1342600e+01  -1.0000000e+00
   1.4000000e+02   3.6616000e+00  -8.9175700e+00   1.0000000e+00
   1.4100000e+02   1.7636300e+01   5.1455400e+00  -1.0000000e+00
   1.4200000e+02   1.0606600e+01   1.4440700e+01  -1.0000000e+00
   1.4300000e+02   1.6599000e+01   7.0015800e+00  -1.0000000e+00
   1.4400000e+02  -1.2449000e+01   7.6080100e+00  -1.0000000e+00
   1.4500000e+02  -2.1128800e+00  -1.3923400e+00   1.0000000e+00
   1.4600000e+02   1.2264700e+01   3.6086700e+00  -1.0000000e+00
   1.4700000e+02   3.1227700e+00   9.4139200e+00  -1.0000000e+00
   1.4800000e+02  -7.7177200e+00  -1.5572900e+00   1.0000000e+00
   1.4900000e+02   6.5460400e+00  -1.3525300e+01   1.0000000e+00
   1.5000000e+02  -6.8190900e+00   1.7141900e+01  -1.0000000e+00
   1.5100000e+02  -4.8469900e+00  -1.5810600e+01   1.0000000e+00
   1.5200000e+02  -4.7161500e+00   1.7129200e+01  -1.0000000e+00
   1.5300000e+02   6.1474200e+00   7.4573500e+00  -1.0000000e+00
   1.5400000e+02  -1.5599400e+01   5.2903300e+00  -1.0000000e+00
   1.5500000e+02   8.5550700e+00   1.4550500e+01  -1.0000000e+00
   1.5600000e+02  -4.9817500e+00   1.3396500e+01  -1.0000000e+00
   1.5700000e+02   5.8241300e+00  -1.7806000e+01   1.0000000e+00
   1.5800000e+02   8.1914700e+00  -1.4834300e+01   1.0000000e+00
   1.5900000e+02   2.7747900e+00  -3.4654700e+00   1.0000000e+00
   1.6000000e+02   1.6381600e+01  -9.3950400e+00   1.0000000e+00
   1.6100000e+02   3.1887900e-01   1.4972300e+01  -1.0000000e+00
   1.6200000e+02   8.4772800e+00  -1.2762900e+01   1.0000000e+00
   1.6300000e+02   1.0654000e+00  -1.3729000e+01   1.0000000e+00
   1.6400000e+02   7.9290200e+00   2.1062900e-01  -1.0000000e+00
   1.6500000e+02   9.0689100e+00   1.9306500e+00  -1.0000000e+00
   1.6600000e+02  -5.7799600e+00  -1.0378100e+01   1.0000000e+00
   1.6700000e+02  -4.0079000e+00   1.1549300e+01  -1.0000000e+00
   1.6800000e+02  -8.6409600e+00   2.9101600e-01  -1.0000000e+00
   1.6900000e+02   8.3998700e+00   1.0965400e+01  -1.0000000e+00
   1.7000000e+02   1.5194500e+01  -3.9931900e+00  -1.0000000e+00
   1.7100000e+02   1.6893200e+00   4.5384200e-01  -1.0000000e+00
   1.7200000e+02   1.2528600e+01  -1.1111100e+01   1.0000000e+00
   1.7300000e+02  -8.1011500e+00  -1.3152500e+01   1.0000000e+00
   1.7400000e+02  -4.9874900e+00  -6.3066400e+00   1.0000000e+00
   1.7500000e+02  -9.1335200e+00   1.3661000e+01  -1.0000000e+00
   1.7600000e+02   1.4341100e+01   3.5167200e+00  -1.0000000e+00
   1.7700000e+02   8.5583100e-01   5.9073500e+00  -1.0000000e+00
   1.7800000e+02   3.3247100e+00   1.3017900e+01  -1.0000000e+00
   1.7900000e+02  -3.1097000e+00   9.6953400e+00  -1.0000000e+00
   1.8000000e+02  -7.3545000e+00  -9.0155600e+00   1.0000000e+00
   1.8100000e+02  -1.2119700e+01   1.5625800e+01  -1.0000000e+00
   1.8200000e+02  -2.1868800e+00  -1.1044000e+01   1.0000000e+00
   1.8300000e+02   9.9058800e+00  -1.6100600e+01   1.0000000e+00
   1.8400000e+02  -1.5442400e+01   8.9244200e+00  -1.0000000e+00
   1.8500000e+02  -8.2277700e+00   1.1742700e+01  -1.0000000e+00
   1.8600000e+02  -6.9417000e+00  -6.9955500e+00   1.0000000e+00
   1.8700000e+02  -1.3701900e+01   1.5576200e+00  -1.0000000e+00
   1.8800000e+02  -3.7781000e+00  -9.6903700e+00   1.0000000e+00
   1.8900000e+02   3.6155900e-01  -1.7884600e+01   1.0000000e+00
   1.9000000e+02  -3.4499100e+00   2.5405400e+00  -1.0000000e+00
   1.9100000e+02  -1.3288900e+01   1.3903600e+01  -1.0000000e+00
   1.9200000e+02   1.7589400e+01   1.4860400e+00  -1.0000000e+00
   1.9300000e+02   2.0946000e+00  -7.5889800e+00   1.0000000e+00
   1.9400000e+02   1.3350100e+01   5.3525600e+00  -1.0000000e+00
   1.9500000e+02   6.9552000e+00   2.0409000e+00  -1.0000000e+00
   1.9600000e+02  -9.6932100e+00  -2.2016200e+00   1.0000000e+00
   1.9700000e+02   1.3315200e+01  -4.9876600e+00   1.0000000e+00
   1.9800000e+02  -1.2440700e+01  -6.8647000e+00   1.0000000e+00
   1.9900000e+02  -1.1661700e+01  -1.2414800e+01   1.0000000e+00
   2.0000000e+02  -7.9437600e+00   1.5419200e+01  -1.0000000e+00
   2.0100000e+02   4.0595500e+00   7.5676900e+00  -1.0000000e+00
   2.0200000e+02   7.4322200e+00   1.2804500e+01  -1.0000000e+00
   2.0300000e+02   8.0839200e+00   3.8123800e+00  -1.0000000e+00
   2.0400000e+02   6.7571800e+00  -1.4992800e+00  -1.0000000e+00
   2.0500000e+02  -4.6167900e-01   5.8498900e-01  -1.0000000e+00
   2.0600000e+02   1.6981300e+01  -2.9162400e+00  -1.0000000e+00
   2.0700000e+02  -1.8124600e+01  -1.8949200e+00   1.0000000e+00
   2.0800000e+02  -2.5162900e+00   6.7249000e-01  -1.0000000e+00
   2.0900000e+02  -5.7623000e-01  -1.2389600e+01   1.0000000e+00
   2.1000000e+02  -4.6037500e+00  -4.2978300e+00   1.0000000e+00
   2.1100000e+02  -1.7494700e+00   1.5083300e+01  -1.0000000e+00
   2.1200000e+02  -1.5119600e+01  -3.7904000e+00   1.0000000e+00
   2.1300000e+02  -2.6525300e+00   1.6966300e+01  -1.0000000e+00
   2.1400000e+02   1.1390600e+01  -5.7175300e+00   1.0000000e+00
   2.1500000e+02  -1.6013600e+01  -5.8654500e+00   1.0000000e+00
   2.1600000e+02  -3.4305600e+00  -7.6556900e+00   1.0000000e+00
   2.1700000e+02   1.4487600e+01   7.1390000e+00  -1.0000000e+00
   2.1800000e+02   2.1776700e+00   1.1264900e+01  -1.0000000e+00
   2.1900000e+02  -1.1782000e+01  -2.5150300e+00   1.0000000e+00
   2.2000000e+02  -7.2782400e+00   9.9223600e+00  -1.0000000e+00
   2.2100000e+02   4.0355700e+00  -6.8682800e+00   1.0000000e+00
   2.2200000e+02   1.5513100e+01   5.2405000e+00  -1.0000000e+00
   2.2300000e+02   6.5186800e-01  -1.5766600e+01   1.0000000e+00
   2.2400000e+02  -1.6782500e+01   3.5206800e+00  -1.0000000e+00
   2.2500000e+02  -9.3669000e-01  -1.4414900e+01   1.0000000e+00
   2.2600000e+02  -5.5603500e+00   2.6496900e+00  -1.0000000e+00
   2.2700000e+02  -4.5899200e+00   8.3371300e-01  -1.0000000e+00
   2.2800000e+02   1.0088900e+01   1.2635500e-01  -1.0000000e+00
   2.2900000e+02  -1.2768300e+00  -1.6496100e+01   1.0000000e+00
   2.3000000e+02   5.9659300e+00   3.8892800e+00  -1.0000000e+00
   2.3100000e+02   7.7641200e+00  -3.2991800e+00   1.0000000e+00
   2.3200000e+02  -7.6700200e-02   7.7288000e+00  -1.0000000e+00
   2.3300000e+02   1.7289800e+00  -9.6275000e+00   1.0000000e+00
   2.3400000e+02  -1.0066300e+01  -4.2485700e+00   1.0000000e+00
   2.3500000e+02   1.0305200e+01   7.2713100e+00  -1.0000000e+00
   2.3600000e+02  -6.1435700e+00   1.1655900e+01  -1.0000000e+00
   2.3700000e+02   1.1289500e+01   5.4490000e+00  -1.0000000e+00
   2.3800000e+02  -1.0289000e+01   1.1889400e+01  -1.0000000e+00
   2.3900000e+02  -5.1943100e+00  -1.7847600e+01   1.0000000e+00
   2.4000000e+02  -1.3856000e+01  -2.0775800e+00   1.0000000e+00
   2.4100000e+02  -8.5220000e+00  -5.6362300e+00   1.0000000e+00
   2.4200000e+02   9.5148600e+00  -6.5893700e+00   1.0000000e+00
   2.4300000e+02   1.2471000e+00   1.3108800e+01  -1.0000000e+00
   2.4400000e+02  -1.1236300e+01  -1.0360500e+01   1.0000000e+00
   2.4500000e+02  -6.1709800e+00  -2.9285600e+00   1.0000000e+00
   2.4600000e+02   3.8932300e+00   3.9867200e+00  -1.0000000e+00
   2.4700000e+02  -4.4799400e+00  -1.3783900e+01   1.0000000e+00
   2.4800000e+02  -1.4452200e+01   7.0633900e+00  -1.0000000e+00
   2.4900000e+02   1.0151900e+00   9.4874100e+00  -1.0000000e+00
   2.5000000e+02   9.4786400e+00   1.2712400e+01  -1.0000000e+00
   2.5100000e+02  -6.5147500e+00   4.5078100e+00  -1.0000000e+00
   2.5200000e+02   1.2131700e+01  -1.8377600e-02  -1.0000000e+00
   2.5300000e+02   4.6185400e+00  -1.4322600e+01   1.0000000e+00
   2.5400000e+02  -1.7941600e+01   1.6966300e+00   1.0000000e+00
   2.5500000e+02  -1.2102900e+01  -4.6663400e+00   1.0000000e+00
   2.5600000e+02  -1.1526800e+01   5.7816600e+00  -1.0000000e+00
   2.5700000e+02  -7.4505600e+00   6.3423500e+00  -1.0000000e+00
   2.5800000e+02  -8.3698500e+00  -1.5196300e+01   1.0000000e+00
   2.5900000e+02  -5.8736600e+00   1.5258700e+01  -1.0000000e+00
   2.6000000e+02  -7.0599700e+00   1.3490600e+01  -1.0000000e+00
   2.6100000e+02  -1.3715200e+01  -1.3068300e+01   1.0000000e+00
   2.6200000e+02   1.1003400e+01  -1.7461900e+00  -1.0000000e+00
   2.6300000e+02   5.0456900e-01  -6.2731000e+00   1.0000000e+00
   2.6400000e+02   1.0559300e+01  -1.1960200e+01   1.0000000e+00
   2.6500000e+02   1.6325000e+01  -1.7394100e-01  -1.0000000e+00
   2.6600000e+02  -1.2093100e+01  -1.4497800e+01   1.0000000e+00
   2.6700000e+02  -1.2379200e+01   1.1994200e+01  -1.0000000e+00
   2.6800000e+02  -4.0917700e+00  -2.1518400e+00   1.0000000e+00
   2.6900000e+02  -1.3216000e+01  -1.0964700e+01   1.0000000e+00
   2.7000000e+02  -9.3946200e+00   1.0034100e+01  -1.0000000e+00
   2.7100000e+02  -1.2737900e+01  -2.7584700e-01   1.0000000e+00
   2.7200000e+02   4.4421100e+00   1.4753500e+01  -1.0000000e+00
   2.7300000e+02  -1.1578200e+01   1.5410200e+00  -1.0000000e+00
   2.7400000e+02  -6.6897300e+00   9.2559100e-01  -1.0000000e+00
   2.7500000e+02   5.8011700e+00   3.2434400e-01  -1.0000000e+00
   2.7600000e+02   1.4510100e+01  -1.0263600e+01   1.0000000e+00
   2.7700000e+02   3.5368600e+00   1.6626600e+01  -1.0000000e+00
   2.7800000e+02   7.7194800e+00   1.6422100e+01  -1.0000000e+00
   2.7900000e+02   1.5155700e+01  -1.9158000e+00  -1.0000000e+00
   2.8000000e+02   1.5709300e+01   1.2451700e+01  -1.0000000e+00
   2.8100000e+02   1.1552100e+01   1.2607800e+01  -1.0000000e+00
   2.8200000e+02   2.6792600e+00  -1.5106500e+01   1.0000000e+00
   2.8300000e+02   3.3455600e+00  -1.0958600e+01   1.0000000e+00
   2.8400000e+02   4.9925400e+00   5.7178700e+00  -1.0000000e+00
   2.8500000e+02   5.1929300e+00   9.2867300e+00  -1.0000000e+00
   2.8600000e+02   1.4722200e+01  -8.1668800e+00   1.0000000e+00
   2.8700000e+02   7.2633200e+00   9.2013000e+00  -1.0000000e+00
   2.8800000e+02  -2.5328400e+00  -1.3072400e+01   1.0000000e+00
   2.8900000e+02   1.6461900e+01   3.3775300e+00  -1.0000000e+00
   2.9000000e+02   1.4607500e+01   1.0687100e+01  -1.0000000e+00
   2.9100000e+02   8.2428300e+00   7.3683000e+00  -1.0000000e+00
   2.9200000e+02  -8.6372000e+00   4.5526100e+00  -1.0000000e+00
   2.9300000e+02  -7.7745300e+00  -1.1053600e+01   1.0000000e+00
   2.9400000e+02   9.6978100e+00  -4.1739200e+00   1.0000000e+00
   2.9500000e+02   4.9571900e+00  -1.2232300e+01   1.0000000e+00
   2.9600000e+02  -6.4359500e+00  -1.4464700e+01   1.0000000e+00
   2.9700000e+02   4.2820800e+00  -1.6408000e+01   1.0000000e+00
   2.9800000e+02   1.3501200e+01   8.9621200e+00  -1.0000000e+00
   2.9900000e+02   1.5643000e+01   8.8769200e+00  -1.0000000e+00
