   0.0000000e+00   1.5604100e+01   6.3067500e-01  -1.0000000e+00
   1.0000000e+00  -1.7422000e+01  -5.6397000e+00   1.0000000e+00
   2.0000000e+00  -2.5600400e+00  -1.7600000e+01   1.0000000e+00
   3.0000000e+00   1.0347700e+01  -1.1355600e+01   1.0000000e+00
   4.0000000e+00   1.4665500e+00   1.1922200e+01  -1.0000000e+00
   5.0000000e+00  -6.4273800e+00  -7.2784700e+00   1.0000000e+00
   6.0000000e+00  -1.5525400e-01   1.2668500e+00  -1.0000000e+00
   7.0000000e+00  -1.7798400e+00  -1.0150500e+01   1.0000000e+00
   8.0000000e+00   2.7538900e+00   1.3552900e+01  -1.0000000e+00
   9.0000000e+00  -9.1582000e-01   1.7821400e+01  -1.0000000e+00
   1.0000000e+01  -2.6125200e+00   1.2553900e+01  -1.0000000e+00
   1.1000000e+01  -7.9552700e-01  -2.6870400e+00   1.0000000e+00
   1.2000000e+01   7.3204400e+00   1.9217800e+00  -1.0000000e+00
   1.3000000e+01  -1.2662800e+01   8.4767000e+00  -1.0000000e+00
   1.4000000e+01  -2.4648700e+00  -1.2086200e+01   1.0000000e+00
   1.5000000e+01   1.5620100e+00  -1.6878000e+01   1.0000000e+00
   1.6000000e+01  -3.6640400e+00  -5.0138800e+00   1.0000000e+00
   1.7000000e+01  -2.4250800e+00   7.0341200e+00  -1.0000000e+00
   1.8000000e+01  -1.5341800e+01  -5.2616700e+00   1.0000000e+00
   1.9000000e+01   8.3189100e+00  -1.1008200e+01   1.0000000e+00
   2.0000000e+01  -1.5236600e+01   2.9466400e-01   1.0000000e+00
   2.1000000e+01   8.3958400e+00   8.9853300e+00  -1.0000000e+00
   2.2000000e+01  -1.5619800e+01   1.0582100e+01  -1.0000000e+00
   2.3000000e+01   1.1530000e+01   1.5786800e+01  -1.0000000e+00
   2.4000000e+01  -5.4363100e+00   1.4800100e+01  -1.0000000e+00
   2.5000000e+01  -6.2118800e+00  -1.7414900e+00   1.0000000e+00
   2.6000000e+01  -1.1243300e+01  -9.9167900e+00   1.0000000e+00
   2.7000000e+01   7.5016900e+00  -3.5285400e+00   1.0000000e+00
   2.8000000e+01  -5.6326600e-01   1.2260000e+01  -1.0000000e+00
   2.9000000e+01  -4.8803500e+00  -3.3440200e+00   1.0000000e+00
   3.0000000e+01   9.1504600e+00   7.0667300e+00  -1.0000000e+00
   3.1000000e+01   3.1668100e+00   2.5928600e+00  -1.0000000e+00
   3.2000000e+01  -4.3601300e-01  -1.7308600e+01   1.0000000e+00
   3.3000000e+01  -1.8389900e+01   3.2209400e+00  -1.0000000e+00
   3.4000000e+01   1.6467700e+00  -1.1377300e+01   1.0000000e+00
   3.5000000e+01  -1.3176000e+01   7.0740900e-01   1.0000000e+00
   3.6000000e+01  -1.4427600e+01  -1.2065300e+01   1.0000000e+00
   3.7000000e+01   1.3770800e+01  -4.4722000e+00   1.0000000e+00
   3.8000000e+01   1.3897900e+01  -9.9670900e+00   1.0000000e+00
   3.9000000e+01  -3.1839500e+00   9.0028400e+00  -1.0000000e+00
   4.0000000e+01   5.3245400e+00   1.6782200e+01  -1.0000000e+00
   4.1000000e+01  -1.2581900e+01  -2.9541600e+00   1.0000000e+00
   4.2000000e+01  -5.2183000e+00   9.3395000e+00  -1.0000000e+00
   4.3000000e+01  -1.4710000e+01  -8.8277000e+00   1.0000000e+00
   4.4000000e+01  -1.0133400e+01   1.1816300e+01  -1.0000000e+00
   4.5000000e+01   5.5936200e+00   1.1255600e+01  -1.0000000e+00
   4.6000000e+01   6.3103500e+00   9.3093000e+00  -1.0000000e+00
   4.7000000e+01   9.5460300e+00  -3.8445100e+00   1.0000000e+00
   4.8000000e+01   2.9813200e+00   8.0741500e+00  -1.0000000e+00
   4.9000000e+01  -1.7619700e+01  -5.1129000e-01   1.0000000e+00
   5.0000000e+01   2.1152400e+00  -5.5617400e+00   1.0000000e+00
   5.1000000e+01  -1.1887900e+01   6.5353900e+00  -1.0000000e+00
   5.2000000e+01  -2.2178600e+00   1.1715800e+00  -1.0000000e+00
   5.3000000e+01  -5.9297800e+00  -1.6334300e+01   1.0000000e+00
   5.4000000e+01  -4.4021500e+00  -6.9438400e+00   1.0000000e+00
   5.5000000e+01  -1.4245800e+01   1.2341900e+01  -1.0000000e+00
   5.6000000e+01  -3.2372500e-01  -6.2781100e+00   1.0000000e+00
   5.7000000e+01  -1.3922400e+01   6.8091300e+00  -1.0000000e+00
   5.8000000e+01   1.1423500e+00   2.9227700e+00  -1.0000000e+00
   5.9000000e+01  -3.6893700e-01   6.7816700e+00  -1.0000000e+00
   6.0000000e+01  -1.5931700e+01  -1.6759800e+00   1.0000000e+00
   6.1000000e+01  -7.7902000e+00   6.0576500e+00  -1.0000000e+00
   6.2000000e+01   1.3483300e+01   9.7918600e-01  -1.0000000e+00
   6.3000000e+01  -9.3185700e+00  -1.5143400e+01   1.0000000e+00
   6.4000000e+01  -7.2522600e+00   9.6026300e+00  -1.0000000e+00
   6.5000000e+01  -1.6310800e+01   3.4387700e+00  -1.0000000e+00
   6.6000000e+01   1.8838500e+00   9.7159900e-01  -1.0000000e+00
   6.7000000e+01   5.4203500e+00  -1.8200800e+01   1.0000000e+00
   6.8000000e+01   1.4359400e+01   1.3640900e+01  -1.0000000e+00
   6.9000000e+01  -1.8209900e+00  -1.5683000e+01   1.0000000e+00
   7.0000000e+01   1.4829500e+01   2.5279800e+00  -1.0000000e+00
   7.1000000e+01   8.8602700e+00  -1.2999500e+01   1.0000000e+00
   7.2000000e+01   1.5982900e+01  -1.0263900e+01   1.0000000e+00
   7.3000000e+01   1.1054100e+01  -7.6743500e+00   1.0000000e+00
   7.4000000e+01   9.0039800e+00  -7.4096700e+00   1.0000000e+00
   7.5000000e+01   8.2451500e+00  -1.6607500e+01   1.0000000e+00
   7.6000000e+01   9.0335900e-01  -1.3321500e+01   1.0000000e+00
   7.7000000e+01  -3.3759000e+00   1.4533100e+01  -1.0000000e+00
   7.8000000e+01  -1.6807100e+01  -9.1236200e+00   1.0000000e+00
   7.9000000e+01   5.6247200e+00  -8.6833900e+00   1.0000000e+00
   8.0000000e+01   1.2386300e+01  -1.1680900e+01   1.0000000e+00
   8.1000000e+01   2.8842400e-01  -9.8260500e+00   1.0000000e+00
   8.2000000e+01   1.4416000e+01  -6.4159400e+00   1.0000000e+00
   8.3000000e+01  -8.3348900e+00   1.8410000e+00  -1.0000000e+00
   8.4000000e+01  -1.6963900e+01   1.4525000e+00   1.0000000e+00
   8.5000000e+01   1.0915600e+01  -1.3347700e+01   1.0000000e+00
   8.6000000e+01  -1.8996500e+01   1.1579900e+00   1.0000000e+00
   8.7000000e+01  -7.2686500e+00  -1.4740100e+01   1.0000000e+00
   8.8000000e+01  -6.9270100e+00  -3.6832200e+00   1.0000000e+00
   8.9000000e+01   9.3593400e+00   1.6154400e+00  -1.0000000e+00
   9.0000000e+01  -1.1453000e+01   1.0152900e+01  -1.0000000e+00
   9.1000000e+01   8.1552700e+00   1.4525900e+01  -1.0000000e+00
   9.2000000e+01   1.1405500e+01   1.2723000e+00  -1.0000000e+00
   9.3000000e+01   8.9087400e+00   1.2549400e+01  -1.0000000e+00
   9.4000000e+01   5.0055500e+00   7.7241200e+00  -1.0000000e+00
   9.5000000e+01  -7.5877600e+00  -9.4096200e-02   1.0000000e+00
   9.6000000e+01  -3.9029800e+00   1.0928400e+01  -1.0000000e+00
   9.7000000e+01   1.1952700e+01   4.8187600e+00  -1.0000000e+00
   9.8000000e+01   5.7832700e+00   5.7646000e+00  -1.0000000e+00
   9.9000000e+01  -1.6000500e+01   7.1046100e+00  -1.0000000e+00
   1.0000000e+02  -4.6594800e+00   1.2874300e+01  -1.0000000e+00
   1.0100000e+02  -9.7647300e+00  -6.0040300e+00   1.0000000e+00
   1.0200000e+02  -9.6248700e+00  -5.4293300e-01   1.0000000e+00
   1.0300000e+02  -1.1943000e+01  -1.1888700e+01   1.0000000e+00
   1.0400000e+02  -6.5336100e+00  -1.2782900e+01   1.0000000e+00
   1.0500000e+02  -8.3479700e+00   1.7046100e+01  -1.0000000e+00
   1.0600000e+02   3.3429900e+00  -2.8898500e+00   1.0000000e+00
   1.0700000e+02  -1.6051300e+01  -7.2091200e+00   1.0000000e+00
   1.0800000e+02   4.1743900e+00  -1.5829100e+01   1.0000000e+00
   1.0900000e+02  -9.9041100e+00  -1.1555400e+01   1.0000000e+00
   1.1000000e+02   1.4247400e+01  -9.4008100e-01   1.0000000e+00
   1.1100000e+02  -1.0344800e+01  -2.5045400e+00   1.0000000e+00
   1.1200000e+02  -1.1808600e+01  -1.5532900e+01   1.0000000e+00
   1.1300000e+02   1.2936800e+01  -1.3687600e+01   1.0000000e+00
   1.1400000e+02  -1.3299800e+01  -4.8833400e+00   1.0000000e+00
   1.1500000e+02   5.9908600e+00   3.3491000e-01   1.0000000e+00
   1.1600000e+02  -1.1840200e+01  -6.3465800e+00   1.0000000e+00
   1.1700000e+02  -1.3509200e+01   1.0380800e+01  -1.0000000e+00
   1.1800000e+02  -2.9433700e+00   3.5098400e+00  -1.0000000e+00
   1.1900000e+02  -4.1821800e+00   1.8084800e+00  -1.0000000e+00
   1.2000000e+02  -1.3180500e+01   4.4601000e+00  -1.0000000e+00
   1.2100000e+02  -1.1130400e+01   4.5947900e+00  -1.0000000e+00
   1.2200000e+02   1.5010000e+01   1.1596400e+01  -1.0000000e+00
   1.2300000e+02  -4.1241300e+00  -1.3490500e+00   1.0000000e+00
   1.2400000e+02  -8.0674800e+00   1.1505000e+01  -1.0000000e+00
   1.2500000e+02  -3.7943000e+00  -1.0510300e+01   1.0000000e+00
   1.2600000e+02  -2.8359700e+00  -2.9553800e+00   1.0000000e+00
   1.2700000e+02   4.6885800e+00  -1.2780100e+00   1.0000000e+00
   1.2800000e+02   3.9258700e+00   6.4740400e-01  -1.0000000e+00
   1.2900000e+02  -2.0186000e+00  -8.6845700e-01   1.0000000e+00
   1.3000000e+02  -1.6634600e+01  -3.6497600e+00   1.0000000e+00
   1.3100000e+02  -1.2299000e+01   2.6106300e+00  -1.0000000e+00
   1.3200000e+02  -1.2829300e+01  -1.3743100e+01   1.0000000e+00
   1.3300000e+02   3.2792100e+00   1.7174300e+01  -1.0000000e+00
   1.3400000e+02   6.7213800e+00  -1.6069500e+00   1.0000000e+00
   1.3500000e+02  -3.7133300e+00   5.4187600e+00  -1.0000000e+00
   1.3600000e+02  -4.9908000e+00   3.7744900e+00  -1.0000000e+00
   1.3700000e+02   1.2946300e+01  -2.5510800e+00   1.0000000e+00
   1.3800000e+02   1.6433300e+01  -1.3107900e+00   1.0000000e+00
   1.3900000e+02  -6.7518000e+00   1.3172600e+01  -1.0000000e+00
   1.4000000e+02   1.0332600e+01  -5.7560400e+00   1.0000000e+00
   1.4100000e+02  -1.2171800e+01   1.2090500e+01  -1.0000000e+00
   1.4200000e+02  -6.2750600e+00   2.1532300e+00  -1.0000000e+00
   1.4300000e+02   1.0681300e+01   3.2059600e+00  -1.0000000e+00
   1.4400000e+02   1.4669800e+00  -1.8926600e+01   1.0000000e+00
   1.4500000e+02  -7.7205900e+00  -5.6795200e+00   1.0000000e+00
   1.4600000e+02  -1.4480200e+01   2.4730200e+00  -1.0000000e+00
   1.4700000e+02   1.6460600e+00   6.4429100e+00  -1.0000000e+00
   1.4800000e+02  -7.4829600e+00   1.5107200e+01  -1.0000000e+00
   1.4900000e+02   4.0195300e+00   1.5160700e+01  -1.0000000e+00
   1.5000000e+02   4.7868200e+00   1.3244900e+01  -1.0000000e+00
   1.5100000e+02  -1.4605000e+01  -3.2890800e+00   1.0000000e+00
   1.5200000e+02   3.0040500e+00  -7.5076800e+00   1.0000000e+00
   1.5300000e+02  -1.3882900e+01  -1.2765400e+00   1.0000000e+00
   1.5400000e+02   1.0861300e+01  -2.2074100e+00   1.0000000e+00
   1.5500000e+02   9.8918900e+00   5.1442000e+00  -1.0000000e+00
   1.5600000e+02  -5.2393100e+00  -1.4381900e+01   1.0000000e+00
   1.5700000e+02   3.5297100e+00   1.1589600e+01  -1.0000000e+00
   1.5800000e+02  -1.2602100e+01  -8.3579500e+00   1.0000000e+00
   1.5900000e+02   7.6725800e+00  -9.0242300e+00   1.0000000e+00
   1.6000000e+02   1.6187400e+01   4.0535900e+00  -1.0000000e+00
   1.6100000e+02   2.6380800e+00  -9.4221900e-01   1.0000000e+00
   1.6200000e+02   7.0640100e+00   7.3758500e+00  -1.0000000e+00
   1.6300000e+02   1.3220100e+01   6.4260900e+00  -1.0000000e+00
   1.6400000e+02   1.2739500e+01   2.9162100e+00  -1.0000000e+00
   1.6500000e+02  -7.1597600e+00  -9.2600700e+00   1.0000000e+00
   1.6600000e+02  -9.1941900e+00  -9.5740600e+00   1.0000000e+00
   1.6700000e+02   1.0935500e+01   1.2228800e+01  -1.0000000e+00
   1.6800000e+02  -6.2722100e+00   1.6763500e+01  -1.0000000e+00
   1.6900000e+02  -5.7474900e+00   5.7438900e+00  -1.0000000e+00
   1.7000000e+02  -1.1393100e+00   8.7023100e+00  -1.0000000e+00
   1.7100000e+02  -9.5523700e+00   1.5363800e+01  -1.0000000e+00
   1.7200000e+02   2.2295200e+00   1.0010800e+01  -1.0000000e+00
   1.7300000e+02   3.3790000e+00  -1.7855800e+01   1.0000000e+00
   1.7400000e+02   9.8050600e+00  -9.3534300e+00   1.0000000e+00
   1.7500000e+02   6.8418200e-02  -8.0592800e-01   1.0000000e+00
   1.7600000e+02   5.2208300e+00   2.2433300e+00  -1.0000000e+00
   1.7700000e+02   7.5163400e+00  -1.4569700e+01   1.0000000e+00
   1.7800000e+02  -8.0116600e+00  -1.6775100e+01   1.0000000e+00
   1.7900000e+02   4.2859600e+00   9.6760400e+00  -1.0000000e+00
   1.8000000e+02   4.1055700e+00  -4.8248200e+00   1.0000000e+00
   1.8100000e+02  -1.0617900e+01   8.2737200e+00  -1.0000000e+00
   1.8200000e+02   1.2817800e+00  -2.4812300e+00   1.0000000e+00
   1.8300000e+02   1.5372800e+01   6.0970700e+00  -1.0000000e+00
   1.8400000e+02   1.2966000e+01   1.1928400e+01  -1.0000000e+00
   1.8500000e+02   5.4122100e+00  -3.2019900e+00   1.0000000e+00
   1.8600000e+02  -1.8773700e+00   1.0620400e+01  -1.0000000e+00
   1.8700000e+02   1.6604500e+01  -6.7236000e+00   1.0000000e+00
   1.8800000e+02  -8.5361600e+00   7.9913200e+00  -1.0000000e+00
   1.8900000e+02   1.7430100e+01   5.7860200e+00  -1.0000000e+00
   1.9000000e+02   2.1619100e-01  -1.5280000e+01   1.0000000e+00
   1.9100000e+02   1.0225000e+01   1.4197400e+01  -1.0000000e+00
   1.9200000e+02  -9.0244000e+00  -4.0843600e+00   1.0000000e+00
   1.9300000e+02   1.2194000e+00   1.7557900e+01  -1.0000000e+00
   1.9400000e+02  -6.0054300e+00   1.1257800e+01  -1.0000000e+00
   1.9500000e+02   6.5549600e+00   3.8484000e+00  -1.0000000e+00
   1.9600000e+02  -1.2343600e+00  -1.9222600e+01   1.0000000e+00
   1.9700000e+02  -1.2993300e+01   1.4018900e+01  -1.0000000e+00
   1.9800000e+02   1.1721900e+01   1.0275000e+01  -1.0000000e+00
   1.9900000e+02  -6.5010800e+00   7.6656800e+00  -1.0000000e+00
   2.0000000e+02   2.3059600e+00  -9.4422300e+00   1.0000000e+00
   2.0100000e+02  -1.6224600e+00  -4.6360000e+00   1.0000000e+00
   2.0200000e+02   9.6667400e+00   1.0612100e+01  -1.0000000e+00
   2.0300000e+02  -4.4220700e-02   1.5830600e+01  -1.0000000e+00
   2.0400000e+02  -3.8816200e+00  -1.5967200e+01   1.0000000e+00
   2.0500000e+02   1.5853500e+01   9.6123100e+00  -1.0000000e+00
   2.0600000e+02   6.8497000e+00   1.2892600e+01  -1.0000000e+00
   2.0700000e+02   2.9344400e+00  -1.2970500e+01   1.0000000e+00
   2.0800000e+02   7.2078100e-01   1.3865100e+01  -1.0000000e+00
   2.0900000e+02   6.2700600e+00  -1.0641900e+01   1.0000000e+00
   2.1000000e+02  -7.8815600e+00  -1.1182500e+01   1.0000000e+00
   2.1100000e+02  -1.1115500e+01   8.7569900e-01   1.0000000e+00
   2.1200000e+02   2.2395000e+00  -1.4908800e+01   1.0000000e+00
   2.1300000e+02  -4.6411700e+00  -1.7967700e+01   1.0000000e+00
   2.1400000e+02   1.3758800e+01   9.9610400e+00  -1.0000000e+00
   2.1500000e+02   1.5245300e+01  -8.3278900e+00   1.0000000e+00
   2.1600000e+02  -9.8297300e+00   6.3731700e+00  -1.0000000e+00
   2.1700000e+02   4.2167600e+00  -1.0219500e+01   1.0000000e+00
   2.1800000e+02   7.3757000e+00   1.6456300e+01  -1.0000000e+00
   2.1900000e+02  -1.0226400e+01   2.7318800e+00  -1.0000000e+00
   2.2000000e+02   1.2289100e+01   1.3866700e+01  -1.0000000e+00
   2.2100000e+02   1.2207700e+01  -6.2920400e-01   1.0000000e+00
   2.2200000e+02  -1.3974100e+01  -6.8338200e+00   1.0000000e+00
   2.2300000e+02  -8.4652600e+00  -7.6524200e+00   1.0000000e+00
   2.2400000e+02   1.2389300e+01  -6.1013200e+00   1.0000000e+00
   2.2500000e+02   1.9809700e+00   1.5518700e+01  -1.0000000e+00
   2.2600000e+02   8.5873800e+00   3.5418000e+00  -1.0000000e+00
   2.2700000e+02   8.7878600e+00  -1.9197600e+00   1.0000000e+00
   2.2800000e+02  -1.5132900e+01   5.1484200e+00  -1.0000000e+00
   2.2900000e+02  -3.0952100e+00  -8.5523600e+00   1.0000000e+00
   2.3000000e+02   1.5033300e+01  -2.8307500e+00   1.0000000e+00
   2.3100000e+02   1.0428400e+01   8.6804700e+00  -1.0000000e+00
   2.3200000e+02  -5.7014600e+00  -5.3424300e+00   1.0000000e+00
   2.3300000e+02   1.4423000e+01  -1.1951000e+01   1.0000000e+00
   2.3400000e+02   1.4526800e+01   8.0335300e+00  -1.0000000e+00
   2.3500000e+02  -5.8600100e+00  -1.0849400e+01   1.0000000e+00
   2.3600000e+02   1.2473500e+01   8.3553400e+00  -1.0000000e+00
   2.3700000e+02   9.1802700e-01   8.3826500e+00  -1.0000000e+00
   2.3800000e+02  -1.7223500e+01   5.3374800e+00  -1.0000000e+00
   2.3900000e+02  -3.1751600e+00  -1.4011300e+01   1.0000000e+00
   2.4000000e+02  -1.1806900e+01  -1.0495900e+00   1.0000000e+00
   2.4100000e+02   4.4610600e+00   4.2011400e+00  -1.0000000e+00
   2.4200000e+02   9.7631200e-01  -7.8762800e+00   1.0000000e+00
   2.4300000e+02   6.9777900e+00  -7.0755700e+00   1.0000000e+00
   2.4400000e+02  -8.6622500e+00  -1.3189500e+01   1.0000000e+00
   2.4500000e+02   2.4027000e+00   4.5375900e+00  -1.0000000e+00
   2.4600000e+02  -1.0920200e+01   1.3753500e+01  -1.0000000e+00
   2.4700000e+02  -1.1118900e+01  -4.4212200e+00   1.0000000e+00
   2.4800000e+02   4.8346300e+00  -1.2186700e+01   1.0000000e+00
   2.4900000e+02  -5.5362200e+00   2.1127600e-01   1.0000000e+00
   2.5000000e+02  -4.1515500e+00   1.6490500e+01  -1.0000000e+00
   2.5100000e+02  -4.3206700e-01  -1.1752900e+01   1.0000000e+00
   2.5200000e+02  -9.1277100e-01   3.2046600e+00  -1.0000000e+00
   2.5300000e+02   1.1571000e+01  -1.5387700e+01   1.0000000e+00
   2.5400000e+02   6.1089900e+00   1.4825700e+01  -1.0000000e+00
   2.5500000e+02   1.1189300e+01   6.7447600e+00  -1.0000000e+00
   2.5600000e+02  -1.0707400e+01  -1.3530900e+01   1.0000000e+00
   2.5700000e+02  -4.4662500e+00   7.3570400e+00  -1.0000000e+00
   2.5800000e+02  -1.3258000e+01  -1.0310300e+01   1.0000000e+00
   2.5900000e+02   4.2454900e-01  -4.3536400e+00   1.0000000e+00
   2.6000000e+02   3.7148300e+00   6.1276100e+00  -1.0000000e+00
   2.6100000e+02   1.5811200e+01  -4.7753000e+00   1.0000000e+00
   2.6200000e+02   1.1620400e+01  -4.1229700e+00   1.0000000e+00
   2.6300000e+02  -9.0786400e+00   4.4592800e+00  -1.0000000e+00
   2.6400000e+02   1.4032800e+01   4.5359000e+00  -1.0000000e+00
   2.6500000e+02  -1.4716900e+01   8.7038300e+00  -1.0000000e+00
   2.6600000e+02   6.1841300e+00  -1.6258400e+01   1.0000000e+00
   2.6700000e+02  -2.0824400e+00   1.6137500e+01  -1.0000000e+00
   2.6800000e+02  -7.0371800e+00   4.0763700e+00  -1.0000000e+00
   2.6900000e+02   5.4102800e+00  -1.4165700e+01   1.0000000e+00
   2.7000000e+02  -1.0512200e+01  -7.9849900e+00   1.0000000e+00
   2.7100000e+02   1.6705000e+01   7.7216500e+00  -1.0000000e+00
   2.7200000e+02   1.1858500e+01  -9.6592100e+00   1.0000000e+00
   2.7300000e+02  -2.3672100e+00  -6.6276200e+00   1.0000000e+00
   2.7400000e+02   1.7320800e+01  -3.3262600e+00   1.0000000e+00
   2.7500000e+02   6.8431100e+00  -1.2613400e+01   1.0000000e+00
   2.7600000e+02   1.5408200e-01   1.0325300e+01  -1.0000000e+00
   2.7700000e+02   1.0078800e+01  -3.1088500e-01   1.0000000e+00
   2.7800000e+02   1.5029100e+01  -1.3928000e+01   1.0000000e+00
   2.7900000e+02   9.4521300e+00   1.6120100e+01  -1.0000000e+00
   2.8000000e+02  -1.8448000e+01  -2.5532100e+00   1.0000000e+00
   2.8100000e+02   7.6274100e+00   1.0948400e+01  -1.0000000e+00
   2.8200000e+02   1.3157200e+01  -8.0504300e+00   1.0000000e+00
   2.8300000e+02   4.9193500e+00  -6.7339800e+00   1.0000000e+00
   2.8400000e+02   8.0359700e+00   3.2546800e-03   1.0000000e+00
   2.8500000e+02   9.5595100e+00  -1.4992500e+01   1.0000000e+00
   2.8600000e+02  -5.1342200e+00  -8.9015800e+00   1.0000000e+00
   2.8700000e+02  -4.5016100e+00  -1.2445500e+01   1.0000000e+00
   2.8800000e+02  -1.1180400e+00  -1.3711600e+01   1.0000000e+00
   2.8900000e+02  -9.3577200e+00   9.8999800e+00  -1.0000000e+00
   2.9000000e+02  -1.3412600e+00   1.4208000e+01  -1.0000000e+00
   2.9100000e+02  -1.0407800e+00  -8.2421300e+00   1.0000000e+00
   2.9200000e+02   7.8423900e+00   5.4662700e+00  -1.0000000e+00
   2.9300000e+02   6.2177900e+00  -5.1497600e+00   1.0000000e+00
   2.9400000e+02  -1.6390000e+00   5.1151000e+00  -1.0000000e+00
   2.9500000e+02  -8.2579400e+00  -2.1126400e+00   1.0000000e+00
   2.9600000e+02  -8.8015700e+00   1.3447000e+01  -1.0000000e+00
   2.9700000e+02   1.7796700e+01   2.3665400e-01  -1.0000000e+00
   2.9800000e+02   1.7093700e+01   2.1841600e+00  -1.0000000e+00
   2.9900000e+02   8.2613400e+00  -5.4710500e+00   1.0000000e+00
