   0.0000000e+00   4.2659900e+00  -1.6878700e+01   1.0000000e+00
   1.0000000e+00  -3.2324700e-01   7.3030700e+00  -1.0000000e+00
   2.0000000e+00  -1.7661700e+01   1.5361000e-01   1.0000000e+00
   3.0000000e+00  -1.1428700e+01  -1.0971200e+01   1.0000000e+00
   4.0000000e+00   1.5518300e+01  -5.6281700e+00  -1.0000000e+00
   5.0000000e+00  -8.1314100e+00   1.1926100e+01  -1.0000000e+00
   6.0000000e+00  -1.0658700e+01  -1.5054000e+01   1.0000000e+00
   7.0000000e+00  -5.1207800e+00  -1.5117900e+01   1.0000000e+00
   8.0000000e+00  -7.1183600e+00  -1.4398200e+01   1.0000000e+00
   9.0000000e+00   1.1391300e+01   1.5764100e+01  -1.0000000e+00
   1.0000000e+01   1.7899400e+01   3.5551700e+00  -1.0000000e+00
   1.1000000e+01  -7.0057000e+00  -4.9455700e+00   1.0000000e+00
   1.2000000e+01  -4.8240400e+00   1.0428000e+01  -1.0000000e+00
   1.3000000e+01  -1.0943300e+00  -7.1162200e+00   1.0000000e+00
   1.4000000e+01  -7.2721200e+00   1.3789400e+01  -1.0000000e+00
   1.5000000e+01  -1.0822600e+01  -3.4368900e+00   1.0000000e+00
   1.6000000e+01   1.0577800e+00   1.4643600e+01  -1.0000000e+00
   1.7000000e+01  -1.0607000e+01   1.5284800e+01  -1.0000000e+00
   1.8000000e+01   7.5864300e+00   1.1669300e+01  -1.0000000e+00
   1.9000000e+01   4.1913100e+00   4.1478900e+00  -1.0000000e+00
   2.0000000e+01  -1.6973100e+01   5.5059400e+00   1.0000000e+00
   2.1000000e+01  -1.5455500e+01   3.3075000e-01   1.0000000e+00
   2.2000000e+01  -4.2932300e+00  -9.7126300e+00   1.0000000e+00
   2.3000000e+01  -1.3493700e+01   1.3090500e+01   1.0000000e+00
   2.4000000e+01   1.4867200e+01   1.4857700e+00  -1.0000000e+00
   2.5000000e+01   6.2604800e+00   4.3149300e+00  -1.0000000e+00
   2.6000000e+01   1.1359000e+01  -5.9895000e+00  -1.0000000e+00
   2.7000000e+01   1.4182200e+01   8.6884800e+00  -1.0000000e+00
   2.8000000e+01  -7.3738100e+00   4.7186000e+00   1.0000000e+00
   2.9000000e+01   8.3792500e+00  -7.9958700e+00  -1.0000000e+00
   3.0000000e+01   9.3054600e+00  -6.1673800e+00  -1.0000000e+00
   3.1000000e+01  -1.2273400e+01   1.1430600e+01   1.0000000e+00
   3.2000000e+01  -7.6855800e+00  -7.6461300e-01   1.0000000e+00
   3.3000000e+01  -6.7111000e+00  -1.6420400e+01   1.0000000e+00
   3.4000000e+01  -1.9307400e+00   1.2523800e+01  -1.0000000e+00
   3.5000000e+01  -1.3072900e+01   9.5284200e+00   1.0000000e+00
   3.6000000e+01   1.6193000e+01  -1.8320900e-01  -1.0000000e+00
   3.7000000e+01  -6.1503600e+00   3.0602300e+00   1.0000000e+00
   3.8000000e+01   1.0186300e+01  -4.2982000e+00  -1.0000000e+00
   3.9000000e+01   9.6319100e+00   1.1856000e+01  -1.0000000e+00
   4.0000000e+01   1.9727800e+00  -1.3938200e+01   1.0000000e+00
   4.1000000e+01   3.1080800e+00   1.4924200e+01  -1.0000000e+00
   4.2000000e+01  -1.5734500e+01   3.8043900e+00   1.0000000e+00
   4.3000000e+01   1.3167000e+01  -2.2033800e+00  -1.0000000e+00
   4.4000000e+01  -6.5572000e+00   6.6255100e+00  -1.0000000e+00
   4.5000000e+01  -1.2474400e+01  -4.7826500e+00   1.0000000e+00
   4.6000000e+01  -1.5008600e+01  -1.1450900e+01   1.0000000e+00
   4.7000000e+01  -3.1378900e+00   1.4213500e+01  -1.0000000e+00
   4.8000000e+01  -1.0187800e+01  -7.5532100e+00   1.0000000e+00
   4.9000000e+01   1.4356000e+01  -3.9223400e+00  -1.0000000e+00
   5.0000000e+01   3.8800300e+00  -1.4795600e+01   1.0000000e+00
   5.1000000e+01   1.0577900e+01  -1.1495000e+01  -1.0000000e+00
   5.2000000e+01   5.0068400e-01  -5.7353800e+00   1.0000000e+00
   5.3000000e+01   3.8177400e+00   7.7135100e+00  -1.0000000e+00
   5.4000000e+01  -9.3514800e+00   1.3623000e+01  -1.0000000e+00
   5.5000000e+01  -1.1097500e+01   6.8815000e-01   1.0000000e+00
   5.6000000e+01   1.2486700e+00  -9.8316800e+00   1.0000000e+00
   5.7000000e+01  -1.2298900e+01   2.3606100e+00   1.0000000e+00
   5.8000000e+01  -1.5376300e+01  -9.3974200e+00   1.0000000e+00
   5.9000000e+01   9.6015400e+00  -1.7060500e+01   1.0000000e+00
   6.0000000e+01   1.2808000e+01   1.3805800e+00  -1.0000000e+00
   6.1000000e+01  -2.6541300e+00   1.9709400e+01  -1.0000000e+00
   6.2000000e+01   1.4579600e+01   5.0946400e+00  -1.0000000e+00
   6.3000000e+01   1.2263400e+01  -4.1092900e+00  -1.0000000e+00
   6.4000000e+01   1.7359500e+01  -1.8800900e+00  -1.0000000e+00
   6.5000000e+01   2.9660000e+00   5.8383100e+00  -1.0000000e+00
   6.6000000e+01   7.2231900e+00   1.5247400e+01  -1.0000000e+00
   6.7000000e+01   3.5635500e+00  -1.2591200e+01   1.0000000e+00
   6.8000000e+01   1.6475000e+01  -3.7766700e+00  -1.0000000e+00
   6.9000000e+01  -1.6411500e+01  -1.5205400e+00   1.0000000e+00
   7.0000000e+01  -4.4233700e+00   6.8829600e+00  -1.0000000e+00
   7.1000000e+01  -1.1901400e+01   7.8413300e+00   1.0000000e+00
   7.2000000e+01  -1.7652200e+01  -6.3460700e+00   1.0000000e+00
   7.3000000e+01  -6.0430000e+00   1.2109800e+01  -1.0000000e+00
   7.4000000e+01   5.7864300e+00  -4.8008400e+00  -1.0000000e+00
   7.5000000e+01   8.1304000e+00  -4.4645400e+00  -1.0000000e+00
   7.6000000e+01  -1.4363500e+01   1.1183300e+01   1.0000000e+00
   7.7000000e+01  -6.8192800e-01   1.0884200e+01  -1.0000000e+00
   7.8000000e+01  -1.3213100e+01   4.3509100e-01   1.0000000e+00
   7.9000000e+01   7.4110000e+00  -9.8095200e+00  -1.0000000e+00
   8.0000000e+01  -8.1491400e-01   1.8838700e+00  -1.0000000e+00
   8.1000000e+01   3.6742700e+00  -1.2778200e+00  -1.0000000e+00
   8.2000000e+01   1.6332700e+00  -1.5105100e+00  -1.0000000e+00
   8.3000000e+01   3.4742100e+00   1.1284400e+01  -1.0000000e+00
   8.4000000e+01  -1.4806400e+01   5.7218600e+00   1.0000000e+00
   8.5000000e+01   8.5142100e+00  -1.1561000e+01  -1.0000000e+00
   8.6000000e+01   8.3257600e+00   4.5187500e+00  -1.0000000e+00
   8.7000000e+01  -1.1032400e+01  -1.3015400e+01   1.0000000e+00
   8.8000000e+01  -3.7157300e+00  -2.7177700e-01   1.0000000e+00
   8.9000000e+01  -5.4073300e+00  -3.6443500e+00   1.0000000e+00
   9.0000000e+01  -8.1971500e+00   2.8351400e+00   1.0000000e+00
   9.1000000e+01   8.6882200e+00   9.7697000e-01  -1.0000000e+00
   9.2000000e+01   2.5720400e+00  -6.6162400e+00   1.0000000e+00
   9.3000000e+01  -5.4741600e+00  -1.3059900e+01   1.0000000e+00
   9.4000000e+01   1.7553700e+00   7.5193700e+00  -1.0000000e+00
   9.5000000e+01   1.5683700e+01  -9.3246400e+00  -1.0000000e+00
   9.6000000e+01   6.8552100e+00  -2.8543000e+00  -1.0000000e+00
   9.7000000e+01   1.3765200e+01   1.2256700e+01  -1.0000000e+00
   9.8000000e+01   1.4789800e+01  -1.1273700e+01  -1.0000000e+00
   9.9000000e+01  -1.1701000e+00   5.4218800e+00  -1.0000000e+00
   1.0000000e+02  -1.7119800e+01  -3.4630600e+00   1.0000000e+00
   1.0100000e+02   9.0274300e+00  -2.6059000e+00  -1.0000000e+00
   1.0200000e+02   5.5353300e+00   1.1463300e+01  -1.0000000e+00
   1.0300000e+02   1.1682800e+01   1.2070100e+01  -1.0000000e+00
   1.0400000e+02   8.5018600e+00  -1.5173900e+01   1.0000000e+00
   1.0500000e+02  -7.9070800e+00  -1.0340900e+01   1.0000000e+00
   1.0600000e+02  -1.0992000e+01   9.8095500e+00   1.0000000e+00
   1.0700000e+02  -5.0788200e+00  -5.6749400e+00   1.0000000e+00
   1.0800000e+02   1.2497900e+01  -7.7204200e+00  -1.0000000e+00
   1.0900000e+02  -6.4570700e+00   1.5680500e+01  -1.0000000e+00
   1.1000000e+02   1.5355900e-01   1.2769700e+01  -1.0000000e+00
   1.1100000e+02   1.8282700e+01   2.2075300e-02  -1.0000000e+00
   1.1200000e+02   2.1424000e+00  -3.5725300e+00  -1.0000000e+00
   1.1300000e+02  -1.6680400e+01   1.9677200e+00   1.0000000e+00
   1.1400000e+02  -1.2240800e+00  -1.6580500e+01   1.0000000e+00
   1.1500000e+02  -1.6031800e+01   7.4027500e+00   1.0000000e+00
   1.1600000e+02  -1.0197700e+01   1.1739700e+01  -1.0000000e+00
   1.1700000e+02   4.3281200e+00   1.3167800e+01  -1.0000000e+00
   1.1800000e+02  -1.0770000e+00   1.4438200e+01  -1.0000000e+00
   1.1900000e+02  -3.9941800e+00   1.2332600e+01  -1.0000000e+00
   1.2000000e+02   1.2437600e+01   4.9454000e+00  -1.0000000e+00
   1.2100000e+02  -4.9432500e+00   1.3771800e+00   1.0000000e+00
   1.2200000e+02   2.6021500e+00   9.4196400e+00  -1.0000000e+00
   1.2300000e+02  -8.2477700e+00  -8.2898000e+00   1.0000000e+00
   1.2400000e+02  -1.4772600e+00   1.7974100e+01  -1.0000000e+00
   1.2500000e+02   1.0375200e+01   4.7315100e+00  -1.0000000e+00
   1.2600000e+02   2.3370000e+00  -1.6154000e+01   1.0000000e+00
   1.2700000e+02   9.1647900e+00   6.4140700e+00  -1.0000000e+00
   1.2800000e+02   1.6768100e+01   5.3181300e+00  -1.0000000e+00
   1.2900000e+02   6.3858700e+00   1.3364100e+01  -1.0000000e+00
   1.3000000e+02   1.0738700e+01   1.1615600e+00  -1.0000000e+00
   1.3100000e+02   4.1904600e-01  -1.5283200e+01   1.0000000e+00
   1.3200000e+02  -1.9352000e+00  -1.2467400e+01   1.0000000e+00
   1.3300000e+02   1.8092500e+00   1.6602800e+01  -1.0000000e+00
   1.3400000e+02  -1.0682800e+01   6.1575100e+00   1.0000000e+00
   1.3500000e+02   1.1610000e+01   3.0598200e+00  -1.0000000e+00
   1.3600000e+02   3.3225600e+00   2.2786100e+00  -1.0000000e+00
   1.3700000e+02   7.2296800e-02   3.7549400e+00  -1.0000000e+00
   1.3800000e+02  -1.5949200e+01  -5.1610000e+00   1.0000000e+00
   1.3900000e+02   3.8549300e+00   1.6834100e+01  -1.0000000e+00
   1.4000000e+02  -1.5744900e+01  -7.3400900e+00   1.0000000e+00
   1.4100000e+02  -1.3958300e+01   7.6606500e+00   1.0000000e+00
   1.4200000e+02  -1.5346900e+00   9.0084200e+00  -1.0000000e+00
   1.4300000e+02  -1.0147100e+00  -1.8842500e+01   1.0000000e+00
   1.4400000e+02   5.9037900e+00  -1.5424100e+01   1.0000000e+00
   1.4500000e+02  -5.7224200e+00  -1.4205300e+00   1.0000000e+00
   1.4600000e+02   1.1062600e+01  -2.3808200e+00  -1.0000000e+00
   1.4700000e+02   5.5154400e-01   9.2001200e+00  -1.0000000e+00
   1.4800000e+02  -1.4085900e+01  -6.0772500e+00   1.0000000e+00
   1.4900000e+02  -3.5265000e+00  -1.3817600e+01   1.0000000e+00
   1.5000000e+02  -8.5912700e+00  -6.2485600e+00   1.0000000e+00
   1.5100000e+02   1.1951000e+01  -5.0596900e-01  -1.0000000e+00
   1.5200000e+02   1.0591800e+01  -1.5142700e+01  -1.0000000e+00
   1.5300000e+02   7.7783100e+00  -9.6971100e-01  -1.0000000e+00
   1.5400000e+02  -1.3031900e+01  -1.2267200e+01   1.0000000e+00
   1.5500000e+02   2.4649000e+00   4.1385200e-01  -1.0000000e+00
   1.5600000e+02  -9.8448700e+00   8.1004900e+00   1.0000000e+00
   1.5700000e+02  -1.3365400e+01  -1.0200300e+01   1.0000000e+00
   1.5800000e+02  -2.3010800e+00   1.6097100e+01  -1.0000000e+00
   1.5900000e+02   9.3516700e+00   1.5489500e+01  -1.0000000e+00
   1.6000000e+02   6.3908600e-02  -3.6941400e+00   1.0000000e+00
   1.6100000e+02  -1.4731400e+01  -3.4670200e+00   1.0000000e+00
   1.6200000e+02  -5.2224300e+00   1.3995900e+01  -1.0000000e+00
   1.6300000e+02   8.5887800e-01  -7.7759800e+00   1.0000000e+00
   1.6400000e+02   7.3709800e+00  -1.6920300e+01   1.0000000e+00
   1.6500000e+02  -5.6944100e+00   8.5279100e+00  -1.0000000e+00
   1.6600000e+02   5.7927700e+00  -1.8286300e+01   1.0000000e+00
   1.6700000e+02   1.5788900e+01   3.4245800e+00  -1.0000000e+00
   1.6800000e+02   3.2179200e+00  -1.0548900e+01   1.0000000e+00
   1.6900000e+02   1.3316900e+01   6.8141100e+00  -1.0000000e+00
   1.7000000e+02  -1.5232900e+01   9.2970300e+00   1.0000000e+00
   1.7100000e+02   6.7365700e+00   9.7823000e+00  -1.0000000e+00
   1.7200000e+02   5.0237300e+00   6.0210500e+00  -1.0000000e+00
   1.7300000e+02   1.0492400e+01   1.3772100e+01  -1.0000000e+00
   1.7400000e+02   5.8621900e+00   7.9047600e+00  -1.0000000e+00
   1.7500000e+02   4.6775600e+00  -6.7180200e+00  -1.0000000e+00
   1.7600000e+02  -1.2620700e+01  -1.4336600e+01   1.0000000e+00
   1.7700000e+02   1.3767100e+01  -1.3082000e+01  -1.0000000e+00
   1.7800000e+02   1.2797100e+01  -1.4970800e+01  -1.0000000e+00
   1.7900000e+02  -6.8694800e+00   1.0223300e+01  -1.0000000e+00
   1.8000000e+02   4.5305200e+00   5.8619500e-01  -1.0000000e+00
   1.8100000e+02  -9.8333900e+00  -9.6027300e+00   1.0000000e+00
   1.8200000e+02  -3.5851500e+00   8.7725200e+00  -1.0000000e+00
   1.8300000e+02   1.4562300e+01  -7.5259700e+00  -1.0000000e+00
   1.8400000e+02   5.4149200e+00   2.4344800e+00  -1.0000000e+00
   1.8500000e+02   5.1689100e+00   1.5068500e+01  -1.0000000e+00
   1.8600000e+02  -1.7920500e+01   3.6231800e+00   1.0000000e+00
   1.8700000e+02  -9.0498200e+00   8.1896900e-01   1.0000000e+00
   1.8800000e+02   1.0428400e+01  -7.8880200e+00  -1.0000000e+00
   1.8900000e+02   1.2933300e+01   1.0367800e+01  -1.0000000e+00
   1.9000000e+02  -5.8968600e+00  -1.1024400e+01   1.0000000e+00
   1.9100000e+02  -6.6739100e+00  -6.9755300e+00   1.0000000e+00
   1.9200000e+02  -3.1663900e+00  -1.5844100e+01   1.0000000e+00
   1.9300000e+02   5.9178900e+00   1.6978800e+01  -1.0000000e+00
   1.9400000e+02   1.3640000e+01  -9.4817500e+00  -1.0000000e+00
   1.9500000e+02  -3.4816300e+00  -4.3795200e+00   1.0000000e+00
   1.9600000e+02   5.7256000e+00  -1.1396100e+00  -1.0000000e+00
   1.9700000e+02   3.7372600e+00  -4.8873400e+00  -1.0000000e+00
   1.9800000e+02  -3.0835100e+00  -6.4035500e+00   1.0000000e+00
   1.9900000e+02   1.0005900e+01   8.2910500e+00  -1.0000000e+00
   2.0000000e+02  -1.0261800e+01   2.5849800e+00   1.0000000e+00
   2.0100000e+02  -2.8455400e+00  -1.7924700e+01   1.0000000e+00
   2.0200000e+02   8.0045900e+00   1.7148900e+01  -1.0000000e+00
   2.0300000e+02  -2.7717900e+00   1.0650300e+01  -1.0000000e+00
   2.0400000e+02   7.4900800e+00  -1.3374000e+01   1.0000000e+00
   2.0500000e+02  -1.8438900e+01  -1.8682100e+00   1.0000000e+00
   2.0600000e+02  -9.4410200e+00  -1.1713000e+01   1.0000000e+00
   2.0700000e+02  -1.3742900e+01  -8.1373300e+00   1.0000000e+00
   2.0800000e+02   1.2103300e+01   8.4924900e+00  -1.0000000e+00
   2.0900000e+02   1.5267300e+01  -2.0436800e+00  -1.0000000e+00
   2.1000000e+02  -6.4282800e+00  -1.8458200e+01   1.0000000e+00
   2.1100000e+02  -6.8556300e-01  -9.1380600e+00   1.0000000e+00
   2.1200000e+02  -1.1498600e+01   4.2720100e+00   1.0000000e+00
   2.1300000e+02   1.0860700e+01   1.0188900e+01  -1.0000000e+00
   2.1400000e+02  -5.6229800e+00   1.7555500e+01  -1.0000000e+00
   2.1500000e+02   3.6431300e+00  -8.5362900e+00   1.0000000e+00
   2.1600000e+02  -8.9196700e+00  -4.1843300e+00   1.0000000e+00
   2.1700000e+02  -2.3054700e+00  -1.0441000e+01   1.0000000e+00
   2.1800000e+02  -6.9834000e+00   1.1794600e+00   1.0000000e+00
   2.1900000e+02  -1.3550100e+01   4.0525800e+00   1.0000000e+00
   2.2000000e+02   1.3859100e+00   1.1085500e+01  -1.0000000e+00
   2.2100000e+02  -2.3262000e-01   1.6311500e+01  -1.0000000e+00
   2.2200000e+02   1.2723000e+00   2.0818200e+00  -1.0000000e+00
   2.2300000e+02   6.4275000e+00  -1.1610000e+01   1.0000000e+00
   2.2400000e+02  -3.5799000e+00   1.7798700e+01  -1.0000000e+00
   2.2500000e+02  -1.2751400e+01   5.9722600e+00   1.0000000e+00
   2.2600000e+02   2.2549100e+00   1.2952100e+01  -1.0000000e+00
   2.2700000e+02  -8.5315800e+00   1.5566400e+01  -1.0000000e+00
   2.2800000e+02   9.5386700e+00   2.8401200e+00  -1.0000000e+00
   2.2900000e+02   6.1880700e+00  -8.1262600e+00  -1.0000000e+00
   2.3000000e+02  -1.4617200e+00  -5.0931900e+00   1.0000000e+00
   2.3100000e+02  -1.4275600e+01  -1.3531400e+00   1.0000000e+00
   2.3200000e+02   3.9858700e-01   2.1754800e-01  -1.0000000e+00
   2.3300000e+02  -9.0715600e+00  -1.3730500e+01   1.0000000e+00
   2.3400000e+02   9.8617200e+00  -7.1501800e-01  -1.0000000e+00
   2.3500000e+02   2.1145100e+00   3.9688500e+00  -1.0000000e+00
   2.3600000e+02  -4.3597800e+00   1.5889900e+01  -1.0000000e+00
   2.3700000e+02  -1.0533000e+01  -5.5082000e+00   1.0000000e+00
   2.3800000e+02   2.6149800e+00  -1.8355400e+01   1.0000000e+00
   2.3900000e+02  -7.4852300e+00  -1.2356900e+01   1.0000000e+00
   2.4000000e+02  -1.1190100e+01  -1.4026800e+00   1.0000000e+00
   2.4100000e+02  -7.7650300e+00   8.3064300e+00  -1.0000000e+00
   2.4200000e+02   7.9409100e+00   8.0784900e+00  -1.0000000e+00
   2.4300000e+02  -4.0592800e-01  -1.6795500e+00  -1.0000000e+00
   2.4400000e+02   1.6314400e+01   8.8494500e+00  -1.0000000e+00
   2.4500000e+02  -8.9416700e+00   1.0003700e+01  -1.0000000e+00
   2.4600000e+02   6.6185400e+00   7.3753400e-01  -1.0000000e+00
   2.4700000e+02  -1.9149400e+00  -3.0639000e+00   1.0000000e+00
   2.4800000e+02  -1.4446400e+01   2.1641900e+00   1.0000000e+00
   2.4900000e+02  -5.2780600e+00   5.0084500e+00  -1.0000000e+00
   2.5000000e+02  -3.9020400e+00  -1.1750900e+01   1.0000000e+00
   2.5100000e+02  -8.6418200e+00   6.3870200e+00   1.0000000e+00
   2.5200000e+02  -6.2998400e+00  -8.9969400e+00   1.0000000e+00
   2.5300000e+02  -7.2920600e+00  -2.8037400e+00   1.0000000e+00
   2.5400000e+02  -2.3751700e+00   7.0901500e+00  -1.0000000e+00
   2.5500000e+02  -1.1455000e+01   1.3392600e+01  -1.0000000e+00
   2.5600000e+02   5.2073100e+00  -9.9353500e+00   1.0000000e+00
   2.5700000e+02   7.1058200e+00   6.2067300e+00  -1.0000000e+00
   2.5800000e+02  -4.6798000e+00  -7.7052000e+00   1.0000000e+00
   2.5900000e+02   1.3457700e+01  -5.7871100e+00  -1.0000000e+00
   2.6000000e+02   8.4278000e+00   1.3580200e+01  -1.0000000e+00
   2.6100000e+02  -9.4515400e+00   4.4855300e+00   1.0000000e+00
   2.6200000e+02   9.5858200e+00  -1.3343200e+01  -1.0000000e+00
   2.6300000e+02   1.1213400e+01   6.6064300e+00  -1.0000000e+00
   2.6400000e+02   5.7736200e-01   1.8259800e+01  -1.0000000e+00
   2.6500000e+02  -1.2131100e+01  -6.8391000e+00   1.0000000e+00
   2.6600000e+02  -2.6870900e+00  -8.4181300e+00   1.0000000e+00
   2.6700000e+02   1.6257500e+00  -1.1891800e+01   1.0000000e+00
   2.6800000e+02   1.5098800e+01   1.0559300e+01  -1.0000000e+00
   2.6900000e+02   1.5437900e+01   6.9903500e+00  -1.0000000e+00
   2.7000000e+02   1.1538000e+01  -9.6275500e+00  -1.0000000e+00
   2.7100000e+02  -8.6829800e+00  -1.5771500e+01   1.0000000e+00
   2.7200000e+02  -1.2759400e+01  -2.7486500e+00   1.0000000e+00
   2.7300000e+02   7.2896400e-01  -1.7458300e+01   1.0000000e+00
   2.7400000e+02  -1.6418400e+00  -3.8358700e-02  -1.0000000e+00
   2.7500000e+02  -1.1765300e+01  -8.8562200e+00   1.0000000e+00
   2.7600000e+02   1.6627500e+01  -7.4486100e+00  -1.0000000e+00
   2.7700000e+02   1.1706900e+01  -1.3210900e+01  -1.0000000e+00
   2.7800000e+02   1.2551200e+01   1.3937700e+01  -1.0000000e+00
   2.7900000e+02   1.2671600e+01  -1.1334900e+01  -1.0000000e+00
   2.8000000e+02   5.4467400e+00  -1.3431100e+01   1.0000000e+00
   2.8100000e+02   4.6630700e+00   9.5909100e+00  -1.0000000e+00
   2.8200000e+02  -3.2125000e+00   5.1546100e+00  -1.0000000e+00
   2.8300000e+02   9.4796800e+00  -9.7300300e+00  -1.0000000e+00
   2.8400000e+02   7.4601800e+00   2.6405400e+00  -1.0000000e+00
   2.8500000e+02   1.3728800e+01   3.2214700e+00  -1.0000000e+00
   2.8600000e+02   1.7602100e+01  -5.6254300e+00  -1.0000000e+00
   2.8700000e+02  -2.8538200e+00   1.6303400e+00  -1.0000000e+00
   2.8800000e+02  -1.5776700e+00  -1.4495700e+01   1.0000000e+00
   2.8900000e+02  -3.8324200e+00  -2.3200000e+00   1.0000000e+00
   2.9000000e+02   7.1869700e+00  -6.3083100e+00  -1.0000000e+00
   2.9100000e+02  -4.0870600e+00   3.2700500e+00  -1.0000000e+00
   2.9200000e+02  -4.7809900e+00  -1.7159200e+01   1.0000000e+00
   2.9300000e+02   1.7010300e+01   1.6995000e+00  -1.0000000e+00
   2.9400000e+02   2.3433700e-02  -1.3213500e+01   1.0000000e+00
   2.9500000e+02   8.7869600e+00   9.9669300e+00  -1.0000000e+00
   2.9600000e+02   4.7337900e+00  -3.0334400e+00  -1.0000000e+00
   2.9700000e+02  -3.3780900e-01  -1.1178300e+01   1.0000000e+00
   2.9800000e+02   9.1958600e-01   5.6318100e+00  -1.0000000e+00
   2.9900000e+02  -9.2497400e+00  -2.1009400e+00   1.0000000e+00
