   0.0000000e+00   1.0256000e+00  -1.8422300e+01   1.0000000e+00
   1.0000000e+00   1.4206000e+01   2.5662800e+00  -1.0000000e+00
   2.0000000e+00   5.4255200e+00  -1.1733600e+00  -1.0000000e+00
   3.0000000e+00  -1.2716800e+01   8.1057600e+00   1.0000000e+00
   4.0000000e+00  -1.7706600e+01   2.3900600e+00   1.0000000e+00
   5.0000000e+00   1.2571400e+00   3.3898000e+00  -1.0000000e+00
   6.0000000e+00  -1.0660100e+01   5.0983800e+00   1.0000000e+00
   7.0000000e+00  -1.2518900e+01   5.9841700e+00   1.0000000e+00
   8.0000000e+00   4.0624200e+00   3.7185900e-01  -1.0000000e+00
   9.0000000e+00   1.6273700e+01   3.0207300e+00  -1.0000000e+00
   1.0000000e+01   1.4938800e+01  -8.9939900e-01  -1.0000000e+00
   1.1000000e+01   8.3279000e+00   1.4222700e+01  -1.0000000e+00
   1.2000000e+01  -8.2202500e+00  -1.9553200e+00   1.0000000e+00
   1.3000000e+01   2.2984900e+00   1.2830900e+01  -1.0000000e+00
   1.4000000e+01  -1.4704600e+01   1.1172600e+01   1.0000000e+00
   1.5000000e+01   1.2626800e+01   9.6338700e+00  -1.0000000e+00
   1.6000000e+01   6.9824300e+00  -1.3753100e+01  -1.0000000e+00
   1.7000000e+01  -2.1733100e+00  -8.7286200e+00   1.0000000e+00
   1.8000000e+01   9.6769800e+00  -1.1334300e+01  -1.0000000e+00
   1.9000000e+01  -1.1166400e+01  -8.5013800e+00   1.0000000e+00
   2.0000000e+01  -1.3259700e+01  -5.5753500e+00   1.0000000e+00
   2.1000000e+01  -6.1067400e+00  -4.9109200e+00   1.0000000e+00
   2.2000000e+01  -1.4268900e+00  -1.4978900e+01   1.0000000e+00
   2.3000000e+01  -4.0695500e+00  -7.8778500e+00   1.0000000e+00
   2.4000000e+01   1.6600800e+01  -7.9560900e+00  -1.0000000e+00
   2.5000000e+01  -3.5608500e+00   5.8668000e+00  -1.0000000e+00
   2.6000000e+01  -8.7154000e+00   4.2615200e+00   1.0000000e+00
   2.7000000e+01  -1.1074700e+01   1.1113000e+01   1.0000000e+00
   2.8000000e+01   4.6980600e+00   2.3423000e+00  -1.0000000e+00
   2.9000000e+01  -1.1560600e+01  -4.3547600e+00   1.0000000e+00
   3.0000000e+01   1.0572300e+01   9.1578300e+00  -1.0000000e+00
   3.1000000e+01   1.0981200e+01  -7.3399900e+00  -1.0000000e+00
   3.2000000e+01  -1.4471300e+00   9.5888800e-01  -1.0000000e+00
   3.3000000e+01  -1.3682600e+01  -1.4091800e+00   1.0000000e+00
   3.4000000e+01  -1.2892700e+01   1.0156900e+01   1.0000000e+00
   3.5000000e+01   4.8204700e+00  -3.1402200e+00  -1.0000000e+00
   3.6000000e+01  -2.3494400e+00   9.9032600e+00  -1.0000000e+00
   3.7000000e+01  -1.1795600e+01  -2.2892300e+00   1.0000000e+00
   3.8000000e+01   1.9553600e+00  -1.6419500e+01   1.0000000e+00
   3.9000000e+01   7.1349900e+00   1.0240700e+01  -1.0000000e+00
   4.0000000e+01  -1.5346500e+01  -2.6227200e+00   1.0000000e+00
   4.1000000e+01  -7.8049700e+00  -6.0724800e+00   1.0000000e+00
   4.2000000e+01   3.4977900e+00   1.6823000e+01  -1.0000000e+00
   4.3000000e+01   1.2916400e+01  -1.3683300e+00  -1.0000000e+00
   4.4000000e+01   1.4906600e+00   1.6393900e+01  -1.0000000e+00
   4.5000000e+01   8.9551500e+00   1.6181500e+01  -1.0000000e+00
   4.6000000e+01  -4.8725000e-01  -7.5545600e+00  -1.0000000e+00
   4.7000000e+01  -1.4623900e+01   8.9933200e+00   1.0000000e+00
   4.8000000e+01  -8.8137800e-01   2.9793700e+00  -1.0000000e+00
   4.9000000e+01   2.1788000e+00  -5.5140500e+00  -1.0000000e+00
   5.0000000e+01   6.5236800e+00   8.2725700e+00  -1.0000000e+00
   5.1000000e+01   1.6826000e+00   1.0852200e+01  -1.0000000e+00
   5.2000000e+01  -2.6666100e+00   3.9957300e+00  -1.0000000e+00
   5.3000000e+01  -1.4400100e+01   1.3539100e+01   1.0000000e+00
   5.4000000e+01  -4.5881200e+00   1.4951000e+01  -1.0000000e+00
   5.5000000e+01  -1.3030000e+01  -7.6255300e+00   1.0000000e+00
   5.6000000e+01  -7.1955600e+00  -1.2368500e+01   1.0000000e+00
   5.7000000e+01   5.5630200e+00   1.7310000e+01  -1.0000000e+00
   5.8000000e+01   1.1793100e+01   1.3121800e+01  -1.0000000e+00
   5.9000000e+01   4.6503700e-01   6.8741900e+00  -1.0000000e+00
   6.0000000e+01   3.0784600e+00   9.3289200e+00  -1.0000000e+00
   6.1000000e+01  -2.9130300e+00  -4.8303500e-01   1.0000000e+00
   6.2000000e+01  -4.8155400e+00  -1.7335200e+01   1.0000000e+00
   6.3000000e+01   7.9521200e+00   6.7737500e+00  -1.0000000e+00
   6.4000000e+01  -4.3784900e+00   9.4167300e+00  -1.0000000e+00
   6.5000000e+01  -3.1698900e+00   1.3407700e+01  -1.0000000e+00
   6.6000000e+01  -1.6528700e+01   9.8791200e+00   1.0000000e+00
   6.7000000e+01  -1.3466900e+01  -3.4893300e+00   1.0000000e+00
   6.8000000e+01   3.9152800e+00   5.8396100e+00  -1.0000000e+00
   6.9000000e+01  -1.1001000e+01  -1.0584200e+01   1.0000000e+00
   7.0000000e+01  -1.3855000e+01   6.8154700e-01   1.0000000e+00
   7.1000000e+01   8.1071300e+00   1.2316200e+00  -1.0000000e+00
   7.2000000e+01   9.5030500e+00  -2.7353000e-01  -1.0000000e+00
   7.3000000e+01   4.4999400e+00   7.8324800e+00  -1.0000000e+00
   7.4000000e+01  -1.0099300e+01  -1.0952200e+00   1.0000000e+00
   7.5000000e+01   1.2470500e+01  -8.8324300e+00  -1.0000000e+00
   7.6000000e+01   1.1074600e+01  -1.2873200e+01  -1.0000000e+00
   7.7000000e+01   8.5501600e+00   8.7542400e+00  -1.0000000e+00
   7.8000000e+01  -1.4800200e+01  -8.8635700e+00   1.0000000e+00
   7.9000000e+01  -1.2773600e+01   1.2256200e+01   1.0000000e+00
   8.0000000e+01   7.1433700e-01  -9.3522600e+00  -1.0000000e+00
   8.1000000e+01   8.2653700e+00  -4.2492600e+00  -1.0000000e+00
   8.2000000e+01   1.5837900e+01  -9.9677600e+00  -1.0000000e+00
   8.3000000e+01  -8.5239200e+00   2.1917900e+00   1.0000000e+00
   8.4000000e+01   1.8675200e+00   5.3702900e+00  -1.0000000e+00
   8.5000000e+01   1.6350500e+01  -2.4542000e+00  -1.0000000e+00
   8.6000000e+01   3.3854600e+00  -1.5775600e+00  -1.0000000e+00
   8.7000000e+01  -4.7287400e+00   3.3678400e+00   1.0000000e+00
   8.8000000e+01  -1.0853600e+01  -1.2745100e+01   1.0000000e+00
   8.9000000e+01  -1.6118500e+01   5.6671900e+00   1.0000000e+00
   9.0000000e+01  -5.1988300e+00   1.2977500e+01  -1.0000000e+00
   9.1000000e+01   2.7958900e+00  -1.4537700e+01  -1.0000000e+00
   9.2000000e+01   6.9199000e+00   1.5751700e+01  -1.0000000e+00
   9.3000000e+01   1.1742500e+01  -1.0926900e+01  -1.0000000e+00
   9.4000000e+01   9.3606200e+00   5.1808600e+00  -1.0000000e+00
   9.5000000e+01  -6.3004200e+00  -2.8272900e+00   1.0000000e+00
   9.6000000e+01  -4.4259800e+00  -3.7144100e+00   1.0000000e+00
   9.7000000e+01   1.4663800e+01   9.9902100e+00  -1.0000000e+00
   9.8000000e+01   1.3085300e+01  -6.8542400e+00  -1.0000000e+00
   9.9000000e+01   2.0026400e+00  -3.1111300e-02  -1.0000000e+00
   1.0000000e+02  -8.3733400e+00   8.3353100e+00   1.0000000e+00
   1.0100000e+02  -5.7426300e+00  -9.0681300e+00   1.0000000e+00
   1.0200000e+02   2.8866300e+00  -9.0302400e+00  -1.0000000e+00
   1.0300000e+02   1.5124700e+01  -6.3964000e+00  -1.0000000e+00
   1.0400000e+02  -9.2826600e+00  -9.4310500e+00   1.0000000e+00
   1.0500000e+02  -8.0038500e+00  -4.0281100e+00   1.0000000e+00
   1.0600000e+02   9.7579900e+00   1.2707200e+01  -1.0000000e+00
   1.0700000e+02   7.6234100e+00  -6.2164500e+00  -1.0000000e+00
   1.0800000e+02  -1.5582400e+01  -5.7406600e-01   1.0000000e+00
   1.0900000e+02   1.2389000e+01   1.5106500e+01  -1.0000000e+00
   1.1000000e+02  -3.0924400e+00  -1.6182900e+01   1.0000000e+00
   1.1100000e+02  -1.1355200e+01  -6.4375500e+00   1.0000000e+00
   1.1200000e+02   4.8679300e+00  -1.4167000e+01  -1.0000000e+00
   1.1300000e+02  -2.5399900e+00  -4.6017800e+00   1.0000000e+00
   1.1400000e+02   1.0376400e+01   1.4680000e+01  -1.0000000e+00
   1.1500000e+02   5.9193600e+00   6.2958400e+00  -1.0000000e+00
   1.1600000e+02  -8.8599100e+00  -1.3593000e+01   1.0000000e+00
   1.1700000e+02  -1.2544100e+01   1.4456900e+01   1.0000000e+00
   1.1800000e+02  -6.8091600e-01  -5.5202900e+00  -1.0000000e+00
   1.1900000e+02   5.6041700e+00  -6.6517000e+00  -1.0000000e+00
   1.2000000e+02  -4.6174400e+00  -1.6496300e+00   1.0000000e+00
   1.2100000e+02   1.4833900e+01   4.5535100e+00  -1.0000000e+00
   1.2200000e+02  -9.6782100e+00  -5.2261400e+00   1.0000000e+00
   1.2300000e+02  -1.5123200e+01  -4.7111000e+00   1.0000000e+00
   1.2400000e+02  -4.9075100e-02  -5.5621000e-01  -1.0000000e+00
   1.2500000e+02   2.1181100e+00  -1.0962900e+01  -1.0000000e+00
   1.2600000e+02  -1.0258800e+01   9.2135300e+00   1.0000000e+00
   1.2700000e+02  -1.6007300e+01   3.5595700e+00   1.0000000e+00
   1.2800000e+02  -1.6659400e+01  -7.9684100e+00   1.0000000e+00
   1.2900000e+02   6.2856400e-01  -1.4851500e+01   1.0000000e+00
   1.3000000e+02   1.0123100e+01   1.6866700e+00  -1.0000000e+00
   1.3100000e+02   3.3047200e+00   3.8835800e+00  -1.0000000e+00
   1.3200000e+02  -1.0534800e+01  -1.4823800e+01   1.0000000e+00
   1.3300000e+02   9.9608800e+00   7.1806100e+00  -1.0000000e+00
   1.3400000e+02  -1.5370100e+00   6.4171400e+00  -1.0000000e+00
   1.3500000e+02   1.4339900e+01  -2.8929500e+00  -1.0000000e+00
   1.3600000e+02   1.1521800e+01   1.4093500e-01  -1.0000000e+00
   1.3700000e+02  -3.3930000e-01   1.0380500e+01  -1.0000000e+00
   1.3800000e+02  -1.8937400e+00  -1.0778600e+01   1.0000000e+00
   1.3900000e+02   2.7909500e+00  -3.5506300e+00  -1.0000000e+00
   1.4000000e+02  -5.4622600e-01   1.5883900e+01  -1.0000000e+00
   1.4100000e+02  -1.5302400e+00  -1.2805500e+01   1.0000000e+00
   1.4200000e+02  -7.1910900e+00   1.2428900e+01   1.0000000e+00
   1.4300000e+02   1.2282500e+01  -3.3372200e+00  -1.0000000e+00
   1.4400000e+02   1.2044400e+01   7.6678700e+00  -1.0000000e+00
   1.4500000e+02  -5.5316400e+00  -1.1123800e+01   1.0000000e+00
   1.4600000e+02  -1.6828200e+01  -5.9037400e+00   1.0000000e+00
   1.4700000e+02  -2.9364100e+00   7.9270500e+00  -1.0000000e+00
   1.4800000e+02   1.1655300e+01  -5.3676300e+00  -1.0000000e+00
   1.4900000e+02   1.1365900e+01   5.6751000e+00  -1.0000000e+00
   1.5000000e+02   6.7274700e+00   2.7693700e+00  -1.0000000e+00
   1.5100000e+02   1.4105900e+01   8.0043400e+00  -1.0000000e+00
   1.5200000e+02   1.1209000e+01   1.1117200e+01  -1.0000000e+00
   1.5300000e+02   7.5811300e-01  -4.0215000e+00  -1.0000000e+00
   1.5400000e+02   1.5537500e+01   6.5192300e+00  -1.0000000e+00
   1.5500000e+02   2.8081000e-01   1.2399100e+01  -1.0000000e+00
   1.5600000e+02  -9.4671700e+00  -7.3001500e+00   1.0000000e+00
   1.5700000e+02   6.2683300e+00  -1.0235500e+01  -1.0000000e+00
   1.5800000e+02   4.2308700e+00  -1.0609400e+01  -1.0000000e+00
   1.5900000e+02   6.0739600e+00   8.0695400e-01  -1.0000000e+00
   1.6000000e+02   1.5598500e+01   1.0526000e+00  -1.0000000e+00
   1.6100000e+02   1.0279700e+01  -3.8174500e+00  -1.0000000e+00
   1.6200000e+02  -5.9333000e+00  -7.0249200e+00   1.0000000e+00
   1.6300000e+02   6.9367000e+00  -8.2225000e+00  -1.0000000e+00
   1.6400000e+02  -1.2513900e+01  -1.3970200e+01   1.0000000e+00
   1.6500000e+02   9.0175800e+00  -1.3367000e+01  -1.0000000e+00
   1.6600000e+02  -1.0857500e+01   7.2086100e+00   1.0000000e+00
   1.6700000e+02  -8.1909100e+00   1.5964500e+01   1.0000000e+00
   1.6800000e+02   1.8442200e+01   3.4438600e+00  -1.0000000e+00
   1.6900000e+02  -1.0327100e+01   1.5228700e+01   1.0000000e+00
   1.7000000e+02   1.4782200e+00  -1.2931700e+01  -1.0000000e+00
   1.7100000e+02  -6.9610800e+00  -1.4458100e+01   1.0000000e+00
   1.7200000e+02   6.3214100e+00   1.3778000e+01  -1.0000000e+00
   1.7300000e+02   1.3420300e+01   6.0729800e+00  -1.0000000e+00
   1.7400000e+02  -6.5129500e+00  -7.5142300e-01   1.0000000e+00
   1.7500000e+02   3.2110000e+00  -1.8065200e+01  -1.0000000e+00
   1.7600000e+02  -6.7690400e+00  -1.6628100e+01   1.0000000e+00
   1.7700000e+02   1.0820500e+00   8.8552800e+00  -1.0000000e+00
   1.7800000e+02   1.0894900e+01  -1.8199400e+00  -1.0000000e+00
   1.7900000e+02   1.3669400e+01  -4.8506300e+00  -1.0000000e+00
   1.8000000e+02   1.5319400e+01   1.1960900e+01  -1.0000000e+00
   1.8100000e+02   7.4468600e+00  -7.2139400e-01  -1.0000000e+00
   1.8200000e+02  -1.7888200e+01   4.4661900e+00   1.0000000e+00
   1.8300000e+02   6.2464100e+00  -4.6618400e+00  -1.0000000e+00
   1.8400000e+02   1.7845800e+01   1.3737600e+00  -1.0000000e+00
   1.8500000e+02   5.1194800e+00   9.7938900e+00  -1.0000000e+00
   1.8600000e+02   1.3769300e+00  -2.0456100e+00  -1.0000000e+00
   1.8700000e+02  -9.1732300e+00   1.1914400e+01   1.0000000e+00
   1.8800000e+02   9.1842500e+00   1.0729400e+01  -1.0000000e+00
   1.8900000e+02   1.7015900e+01   5.0391000e+00  -1.0000000e+00
   1.9000000e+02  -1.7406400e+00   1.1888400e+01  -1.0000000e+00
   1.9100000e+02  -3.2713900e+00   1.9120600e+00  -1.0000000e+00
   1.9200000e+02  -5.0479900e+00  -1.5273400e+01   1.0000000e+00
   1.9300000e+02  -4.2473000e+00  -5.8000500e+00   1.0000000e+00
   1.9400000e+02  -1.7106800e+01  -3.8055900e+00   1.0000000e+00
   1.9500000e+02  -1.7517200e+01   3.1445200e-01   1.0000000e+00
   1.9600000e+02   5.7002400e+00   1.1777100e+01  -1.0000000e+00
   1.9700000e+02   8.7742900e-01   1.4370800e+01  -1.0000000e+00
   1.9800000e+02  -6.6814600e-01  -2.5409600e+00  -1.0000000e+00
   1.9900000e+02   5.6133000e+00  -1.2188400e+01  -1.0000000e+00
   2.0000000e+02  -3.2203700e-01  -1.6752100e+01   1.0000000e+00
   2.0100000e+02   4.2927500e+00   1.3309400e+01  -1.0000000e+00
   2.0200000e+02   1.0786600e+01   3.6830800e+00  -1.0000000e+00
   2.0300000e+02   2.6847400e+00   1.9004000e+00  -1.0000000e+00
   2.0400000e+02  -8.9834600e+00   6.3742300e+00   1.0000000e+00
   2.0500000e+02  -9.8758900e+00  -3.1638800e+00   1.0000000e+00
   2.0600000e+02  -1.4230000e+01   4.7916200e+00   1.0000000e+00
   2.0700000e+02  -1.0773800e+01   1.3222200e+01   1.0000000e+00
   2.0800000e+02   1.2814700e+01   4.0848100e+00  -1.0000000e+00
   2.0900000e+02  -7.4114000e+00  -1.0295800e+01   1.0000000e+00
   2.1000000e+02  -1.2867200e+01  -9.6696300e+00   1.0000000e+00
   2.1100000e+02  -1.4728500e+01  -1.0947300e+01   1.0000000e+00
   2.1200000e+02  -6.6273400e+00   1.3240100e+00   1.0000000e+00
   2.1300000e+02   2.4709000e+00   7.3343100e+00  -1.0000000e+00
   2.1400000e+02  -6.6344200e+00   1.4499200e+01  -1.0000000e+00
   2.1500000e+02  -3.7759600e+00   1.1400700e+01  -1.0000000e+00
   2.1600000e+02   1.4499300e+01  -1.3976000e+01  -1.0000000e+00
   2.1700000e+02  -5.2889800e+00  -1.3215300e+01   1.0000000e+00
   2.1800000e+02  -2.3843900e+00  -6.6619800e+00   1.0000000e+00
   2.1900000e+02   1.3193900e+01  -1.2371000e+01  -1.0000000e+00
   2.2000000e+02  -1.4053700e+01   2.7252100e+00   1.0000000e+00
   2.2100000e+02   1.7145100e+01  -5.9516500e+00  -1.0000000e+00
   2.2200000e+02   7.6389800e+00  -1.1783800e+01  -1.0000000e+00
   2.2300000e+02  -1.4428200e+01   6.8965400e+00   1.0000000e+00
   2.2400000e+02  -1.9733200e+00   1.7392900e+01  -1.0000000e+00
   2.2500000e+02   5.5009800e-01   1.4332100e+00  -1.0000000e+00
   2.2600000e+02  -6.1947300e+00   1.6638800e+01  -1.0000000e+00
   2.2700000e+02   5.4428100e+00  -1.7739100e+01  -1.0000000e+00
   2.2800000e+02  -1.0286400e+01   9.8688500e-01   1.0000000e+00
   2.2900000e+02   4.9179100e+00   1.5287200e+01  -1.0000000e+00
   2.3000000e+02   3.7041400e+00   1.1299800e+01  -1.0000000e+00
   2.3100000e+02   1.7028200e+01  -4.9795900e-01  -1.0000000e+00
   2.3200000e+02   3.5853000e+00  -7.0755000e+00  -1.0000000e+00
   2.3300000e+02   1.5225800e+01  -1.1955100e+01  -1.0000000e+00
   2.3400000e+02  -6.9616400e+00   6.8292300e+00   1.0000000e+00
   2.3500000e+02  -1.0421100e+01   3.0585700e+00   1.0000000e+00
   2.3600000e+02  -1.2146100e+01   1.8770700e+00   1.0000000e+00
   2.3700000e+02  -4.1582800e+00   1.7110000e+01  -1.0000000e+00
   2.3800000e+02   8.8865800e+00  -2.2738100e+00  -1.0000000e+00
   2.3900000e+02  -8.6354200e+00  -1.5679600e+01   1.0000000e+00
   2.4000000e+02   7.7653600e+00   1.2233500e+01  -1.0000000e+00
   2.4100000e+02  -1.5778400e+01   1.5090700e+00   1.0000000e+00
   2.4200000e+02  -1.6380500e+01   7.8062300e+00   1.0000000e+00
   2.4300000e+02  -2.5635100e+00   1.5413000e+01  -1.0000000e+00
   2.4400000e+02   8.7381700e+00   3.2163900e+00  -1.0000000e+00
   2.4500000e+02   1.3861300e+01   1.3638400e+01  -1.0000000e+00
   2.4600000e+02   5.3294900e+00   4.3115900e+00  -1.0000000e+00
   2.4700000e+02   7.3262600e+00   4.7984200e+00  -1.0000000e+00
   2.4800000e+02  -1.4351300e+01  -1.3019800e+01   1.0000000e+00
   2.4900000e+02  -1.4959400e+01  -6.7936500e+00   1.0000000e+00
   2.5000000e+02  -3.2887200e+00  -1.4082900e+01   1.0000000e+00
   2.5100000e+02  -4.9699800e+00   7.3658000e+00  -1.0000000e+00
   2.5200000e+02   8.3293300e+00  -1.5298000e+01  -1.0000000e+00
   2.5300000e+02   2.9017000e+00   1.4821300e+01  -1.0000000e+00
   2.5400000e+02  -1.2128400e+01  -1.6138100e+01   1.0000000e+00
   2.5500000e+02   1.3831700e+01  -1.0402400e+01  -1.0000000e+00
   2.5600000e+02   4.9185700e+00  -8.6503700e+00  -1.0000000e+00
   2.5700000e+02   1.4515400e+01  -8.3666400e+00  -1.0000000e+00
   2.5800000e+02   1.2158300e+01   2.1161300e+00  -1.0000000e+00
   2.5900000e+02  -6.7908800e+00   3.4267500e+00   1.0000000e+00
   2.6000000e+02   1.8527200e+01  -1.9034500e+00  -1.0000000e+00
   2.6100000e+02  -7.6138200e+00  -8.2079400e+00   1.0000000e+00
   2.6200000e+02   1.5585000e+00  -7.4693000e+00  -1.0000000e+00
   2.6300000e+02  -6.3894100e+00   8.8873800e+00   1.0000000e+00
   2.6400000e+02  -5.7744300e+00   1.0931200e+01  -1.0000000e+00
   2.6500000e+02   8.2799200e+00  -9.7977700e+00  -1.0000000e+00
   2.6600000e+02  -3.8355500e+00  -9.9212500e+00   1.0000000e+00
   2.6700000e+02  -9.1798200e-01   8.3915000e+00  -1.0000000e+00
   2.6800000e+02  -8.3925100e+00   1.3267700e-01   1.0000000e+00
   2.6900000e+02   1.2400800e+01  -1.4444600e+01  -1.0000000e+00
   2.7000000e+02   6.2997500e+00  -1.5722500e+01  -1.0000000e+00
   2.7100000e+02   3.3393100e-02   1.7882100e+01  -1.0000000e+00
   2.7200000e+02  -1.2363100e+01   3.9288300e+00   1.0000000e+00
   2.7300000e+02   1.7859500e+01  -3.9919600e+00  -1.0000000e+00
   2.7400000e+02   1.3207100e+01   1.1618700e+01  -1.0000000e+00
   2.7500000e+02   1.5738200e+01  -4.4122400e+00  -1.0000000e+00
   2.7600000e+02   1.0365500e+01  -9.3586600e+00  -1.0000000e+00
   2.7700000e+02  -2.7346800e+00  -2.5259200e+00   1.0000000e+00
   2.7800000e+02   6.8289400e+00  -2.6827500e+00  -1.0000000e+00
   2.7900000e+02  -9.1255500e+00  -1.1477700e+01   1.0000000e+00
   2.8000000e+02  -4.7651000e+00   4.1013200e-01   1.0000000e+00
   2.8100000e+02  -3.5270700e+00  -1.2032000e+01   1.0000000e+00
   2.8200000e+02   9.6222800e+00  -5.7837200e+00  -1.0000000e+00
   2.8300000e+02   4.1316300e+00  -1.6127500e+01  -1.0000000e+00
   2.8400000e+02   7.2752200e-02  -1.1394800e+01   1.0000000e+00
   2.8500000e+02  -8.6408200e+00   1.3926500e+01   1.0000000e+00
   2.8600000e+02  -1.2685400e+01  -1.1805600e+01   1.0000000e+00
   2.8700000e+02  -1.1570000e+00   1.3899900e+01  -1.0000000e+00
   2.8800000e+02  -7.7836200e+00   1.0391500e+01   1.0000000e+00
   2.8900000e+02  -2.0086500e+00  -1.7956900e+01   1.0000000e+00
   2.9000000e+02   3.4996300e+00  -1.2572100e+01  -1.0000000e+00
   2.9100000e+02   8.9529200e+00  -7.7894000e+00  -1.0000000e+00
   2.9200000e+02   1.3552000e+01   6.1466700e-01  -1.0000000e+00
   2.9300000e+02  -1.1987100e+01  -2.2501200e-01   1.0000000e+00
   2.9400000e+02  -1.7361900e+01  -1.7460400e+00   1.0000000e+00
   2.9500000e+02   1.6154200e+01   8.4850700e+00  -1.0000000e+00
   2.9600000e+02   1.0410100e+01  -1.5026300e+01  -1.0000000e+00
   2.9700000e+02  -1.4578200e-01   4.9065900e+00  -1.0000000e+00
   2.9800000e+02   4.2001700e+00  -5.1141400e+00  -1.0000000e+00
   2.9900000e+02  -5.5429000e+00   5.3062800e+00   1.0000000e+00
