   0.0000000e+00   6.4459300e+00   7.1513500e+00   1.0000000e+00
   1.0000000e+00   1.5898400e+01  -1.8885500e+00   1.0000000e+00
   2.0000000e+00  -6.3726500e+00   4.7996200e-01   1.0000000e+00
   3.0000000e+00   2.0563200e+00  -1.6519900e+01  -1.0000000e+00
   4.0000000e+00  -3.4814100e+00  -5.0747900e+00   1.0000000e+00
   5.0000000e+00   3.7473000e+00  -1.7728200e+01  -1.0000000e+00
   6.0000000e+00   1.2938100e+01   1.4077900e+01   1.0000000e+00
   7.0000000e+00  -1.2992100e+01  -1.0143700e+01   1.0000000e+00
   8.0000000e+00  -3.1893200e+00   2.1614200e+00   1.0000000e+00
   9.0000000e+00   3.4755700e+00   1.2647400e+01   1.0000000e+00
   1.0000000e+01  -2.7736900e+00   1.2887900e+01   1.0000000e+00
   1.1000000e+01   1.5769100e+01   4.8680100e+00   1.0000000e+00
   1.2000000e+01   1.5721500e+01  -6.0440500e+00  -1.0000000e+00
   1.3000000e+01   9.9803100e+00  -1.0976700e+01  -1.0000000e+00
   1.4000000e+01  -1.7763300e+01   6.1454100e+00   1.0000000e+00
   1.5000000e+01   5.6282300e+00  -1.6898900e+01  -1.0000000e+00
   1.6000000e+01   1.0302600e+01  -6.8297100e+00  -1.0000000e+00
   1.7000000e+01   1.0819100e+01   1.4144400e+01   1.0000000e+00
   1.8000000e+01  -4.9277800e+00  -1.3304200e+01  -1.0000000e+00
   1.9000000e+01  -3.7439700e+00   1.4714900e+01   1.0000000e+00
   2.0000000e+01   8.3521700e+00   3.4882200e+00   1.0000000e+00
   2.1000000e+01   5.5702200e+00   1.2561800e+01   1.0000000e+00
   2.2000000e+01  -5.5461800e-01   1.6384400e+01   1.0000000e+00
   2.3000000e+01   1.2146400e+01  -5.8974400e+00  -1.0000000e+00
   2.4000000e+01   6.1700400e+00  -1.2772500e+01  -1.0000000e+00
   2.5000000e+01   4.5772200e+00   1.4373500e+01   1.0000000e+00
   2.6000000e+01   1.2325700e+01  -3.5212300e-01   1.0000000e+00
   2.7000000e+01   3.5940700e+00   1.6200000e+01   1.0000000e+00
   2.8000000e+01  -4.5360900e+00  -6.8487800e+00   1.0000000e+00
   2.9000000e+01  -5.1232700e+00   5.8116300e+00   1.0000000e+00
   3.0000000e+01   1.6880400e+01   6.6619800e+00   1.0000000e+00
   3.1000000e+01   9.3325500e+00   1.6427800e+00   1.0000000e+00
   3.2000000e+01  -4.1599200e+00   3.9681400e+00   1.0000000e+00
   3.3000000e+01   1.1713500e+01  -1.2115700e+01  -1.0000000e+00
   3.4000000e+01  -9.9183200e+00  -1.2068900e+01  -1.0000000e+00
   3.5000000e+01  -1.4276300e+01   1.1594900e+01   1.0000000e+00
   3.6000000e+01  -1.6050100e+00  -1.6012600e+01  -1.0000000e+00
   3.7000000e+01  -4.7066300e+00   1.6541600e+01   1.0000000e+00
   3.8000000e+01   1.5878200e+01   8.5198000e+00   1.0000000e+00
   3.9000000e+01   6.5948000e+00  -8.6057500e+00  -1.0000000e+00
   4.0000000e+01   5.1399800e+00   1.8102100e+00   1.0000000e+00
   4.1000000e+01  -9.8023200e+00  -8.4597100e+00   1.0000000e+00
   4.2000000e+01   2.0785300e+00   3.7269600e+00   1.0000000e+00
   4.3000000e+01   1.0604300e+01   6.9445300e+00   1.0000000e+00
   4.4000000e+01   8.6355100e+00   1.0624800e+01   1.0000000e+00
   4.5000000e+01   6.5423300e+00   1.0725300e+01   1.0000000e+00
   4.6000000e+01  -1.5604200e+01   2.5972900e+00   1.0000000e+00
   4.7000000e+01  -2.0881100e+00   3.8964100e+00   1.0000000e+00
   4.8000000e+01   2.6430700e+00   1.8079800e+01   1.0000000e+00
   4.9000000e+01  -1.2557600e+01   6.5157900e-01   1.0000000e+00
   5.0000000e+01  -3.7461000e+00  -1.8798300e+01  -1.0000000e+00
   5.1000000e+01   1.2043300e+01  -7.9609900e+00  -1.0000000e+00
   5.2000000e+01  -1.6384800e+00   1.4615300e+01   1.0000000e+00
   5.3000000e+01   7.8131900e+00   1.6187500e+01   1.0000000e+00
   5.4000000e+01   6.2856300e+00   3.5617000e+00   1.0000000e+00
   5.5000000e+01   1.4894000e-01   7.3852100e+00   1.0000000e+00
   5.6000000e+01   1.1534700e+01  -1.4257800e+01  -1.0000000e+00
   5.7000000e+01  -6.7720200e+00   1.6788900e+01   1.0000000e+00
   5.8000000e+01   1.7781900e+01  -2.9764000e+00  -1.0000000e+00
   5.9000000e+01   4.0042000e+00   5.7891300e-02   1.0000000e+00
   6.0000000e+01   2.5271800e-01   1.0983500e+01   1.0000000e+00
   6.1000000e+01   1.5657500e+01  -8.1151700e+00  -1.0000000e+00
   6.2000000e+01  -1.1383400e+01   6.0297300e+00   1.0000000e+00
   6.3000000e+01  -3.8963000e+00   1.1157700e+01   1.0000000e+00
   6.4000000e+01  -2.4828400e+00  -6.8991800e+00   1.0000000e+00
   6.5000000e+01   4.4783200e+00   1.0779400e+01   1.0000000e+00
   6.6000000e+01   7.8569700e+00  -1.3949100e+01  -1.0000000e+00
   6.7000000e+01  -1.4510300e+01   4.3335400e+00   1.0000000e+00
   6.8000000e+01  -5.2598200e+00   2.2084900e+00   1.0000000e+00
   6.9000000e+01  -4.4315700e+00  -3.2492200e+00   1.0000000e+00
   7.0000000e+01   1.1567000e+01   5.0944900e+00   1.0000000e+00
   7.1000000e+01  -5.0094300e+00   9.3461100e+00   1.0000000e+00
   7.2000000e+01  -9.4170500e+00   2.3420700e+00   1.0000000e+00
   7.3000000e+01  -8.2057600e-01   9.2080600e+00   1.0000000e+00
   7.4000000e+01  -7.9150800e+00   1.4941000e+01   1.0000000e+00
   7.5000000e+01   1.4379000e+01  -4.9534700e-01   1.0000000e+00
   7.6000000e+01   9.1933600e+00  -1.7262500e+01  -1.0000000e+00
   7.7000000e+01   1.1832500e+01   1.2304500e+01   1.0000000e+00
   7.8000000e+01   1.5515700e+01  -1.0175000e+01  -1.0000000e+00
   7.9000000e+01  -1.7870600e+01  -8.9556200e-01   1.0000000e+00
   8.0000000e+01  -5.7215000e-01  -7.6892600e+00  -1.0000000e+00
   8.1000000e+01  -5.6071900e+00  -8.6374700e+00   1.0000000e+00
   8.2000000e+01   2.3411000e+00   1.0875100e+01   1.0000000e+00
   8.3000000e+01   1.3559400e+01  -1.3370900e+01  -1.0000000e+00
   8.4000000e+01   8.8799700e-01  -1.1155200e+01  -1.0000000e+00
   8.5000000e+01   1.5946700e+01  -3.9405800e+00  -1.0000000e+00
   8.6000000e+01   4.4973700e+00  -1.1539800e+01  -1.0000000e+00
   8.7000000e+01  -6.1230100e+00   7.6224600e+00   1.0000000e+00
   8.8000000e+01  -1.3084000e+01  -1.3853500e+01  -1.0000000e+00
   8.9000000e+01  -1.1350900e+00   2.0695200e+00   1.0000000e+00
   9.0000000e+01  -8.0297300e+00   1.1288400e+01   1.0000000e+00
   9.1000000e+01   9.1926700e-03   3.8110500e+00   1.0000000e+00
   9.2000000e+01   1.1685400e+01   8.7070100e+00   1.0000000e+00
   9.3000000e+01  -1.0684100e+00  -1.1809700e+01  -1.0000000e+00
   9.4000000e+01  -3.3316300e+00  -1.4690400e+00   1.0000000e+00
   9.5000000e+01   1.3739300e+01  -9.1405900e+00  -1.0000000e+00
   9.6000000e+01   8.2911700e+00  -9.7714500e+00  -1.0000000e+00
   9.7000000e+01  -1.0978000e+01  -1.3832000e+01  -1.0000000e+00
   9.8000000e+01  -1.5608400e-01   2.4265200e-01   1.0000000e+00
   9.9000000e+01   8.5512700e+00   7.0636800e+00   1.0000000e+00
   1.0000000e+02  -1.0102300e+01   1.5083900e+01   1.0000000e+00
   1.0100000e+02  -1.5910100e+01  -4.6269300e+00   1.0000000e+00
   1.0200000e+02  -1.0378400e+01   4.1955500e+00   1.0000000e+00
   1.0300000e+02   9.4802700e+00   5.2056300e+00   1.0000000e+00
   1.0400000e+02   4.2473000e-01   1.4551600e+01   1.0000000e+00
   1.0500000e+02   1.7821300e+00  -3.4387900e+00   1.0000000e+00
   1.0600000e+02   3.0501400e+00   1.8833600e+00   1.0000000e+00
   1.0700000e+02  -1.1476100e+01   2.4078400e+00   1.0000000e+00
   1.0800000e+02  -7.3386800e+00   2.2909900e+00   1.0000000e+00
   1.0900000e+02  -1.0307100e+01   7.8007400e+00   1.0000000e+00
   1.1000000e+02   1.0447200e+01   3.3734300e+00   1.0000000e+00
   1.1100000e+02   1.2450400e+00   9.1509400e+00   1.0000000e+00
   1.1200000e+02  -9.6514400e-01   5.6466300e+00   1.0000000e+00
   1.1300000e+02  -1.3279200e+00  -1.3941900e+01  -1.0000000e+00
   1.1400000e+02  -9.3489800e+00  -1.5881800e+01  -1.0000000e+00
   1.1500000e+02  -1.0098400e+01   1.1372100e+01   1.0000000e+00
   1.1600000e+02   7.6803000e+00   1.2487500e+01   1.0000000e+00
   1.1700000e+02   1.8190700e+01   1.6172000e+00   1.0000000e+00
   1.1800000e+02  -1.3523800e+01   2.5020000e+00   1.0000000e+00
   1.1900000e+02   1.9303500e+00   1.3833600e-01   1.0000000e+00
   1.2000000e+02   9.8629000e+00  -1.3044900e+01  -1.0000000e+00
   1.2100000e+02   1.1082000e+00  -9.1143200e+00  -1.0000000e+00
   1.2200000e+02   6.6689300e+00  -6.3817600e+00  -1.0000000e+00
   1.2300000e+02  -2.3550800e+00  -3.2851500e+00   1.0000000e+00
   1.2400000e+02  -2.9694200e+00  -1.2650700e+01  -1.0000000e+00
   1.2500000e+02   4.1697200e+00   3.6212000e+00   1.0000000e+00
   1.2600000e+02  -1.4664200e+01   7.5709600e-01   1.0000000e+00
   1.2700000e+02   1.1658100e-01  -1.7340400e+01  -1.0000000e+00
   1.2800000e+02  -4.8610200e+00   1.2970000e+01   1.0000000e+00
   1.2900000e+02   9.6334000e+00   8.8209100e+00   1.0000000e+00
   1.3000000e+02  -1.1742500e+01  -4.7703600e+00   1.0000000e+00
   1.3100000e+02  -1.6638700e+01   4.3740200e+00   1.0000000e+00
   1.3200000e+02  -7.4692800e+00  -1.3417400e+00   1.0000000e+00
   1.3300000e+02   7.5133500e+00   8.9049200e+00   1.0000000e+00
   1.3400000e+02  -5.4006900e+00  -1.4278100e+00   1.0000000e+00
   1.3500000e+02   1.3603300e+01  -1.1315000e+01  -1.0000000e+00
   1.3600000e+02  -1.2716100e+01  -2.9267200e+00   1.0000000e+00
   1.3700000e+02   8.6130100e+00  -5.6577000e+00  -1.0000000e+00
   1.3800000e+02  -7.1894100e+00   5.8609300e+00   1.0000000e+00
   1.3900000e+02  -5.9693900e+00   1.1229100e+01   1.0000000e+00
   1.4000000e+02   1.3863400e+01  -2.5186200e+00   1.0000000e+00
   1.4100000e+02   1.1320600e+00   5.5405900e+00   1.0000000e+00
   1.4200000e+02   1.4007200e+01  -4.9144700e+00  -1.0000000e+00
   1.4300000e+02   5.6264200e-01   1.8202300e+01   1.0000000e+00
   1.4400000e+02   1.0721400e+01   1.0561100e+01   1.0000000e+00
   1.4500000e+02   1.3467200e+01   1.4109500e+00   1.0000000e+00
   1.4600000e+02  -3.5455200e+00  -1.6751900e+01  -1.0000000e+00
   1.4700000e+02   4.7648000e+00   1.8081400e+01   1.0000000e+00
   1.4800000e+02  -1.7609700e+00  -1.8173700e+01  -1.0000000e+00
   1.4900000e+02   1.3892800e+01  -7.0269300e+00  -1.0000000e+00
   1.5000000e+02  -1.7096000e+01  -6.3162100e+00   1.0000000e+00
   1.5100000e+02  -1.2192400e+01   1.1497700e+01   1.0000000e+00
   1.5200000e+02  -1.5724000e+01  -1.0171600e+00   1.0000000e+00
   1.5300000e+02  -1.6030800e+01  -8.2005600e+00   1.0000000e+00
   1.5400000e+02  -1.5129700e+01  -1.0076500e+01   1.0000000e+00
   1.5500000e+02   1.7847500e+01   4.6279800e+00   1.0000000e+00
   1.5600000e+02   7.0268100e+00  -1.8685700e+00   1.0000000e+00
   1.5700000e+02   3.1974400e+00   5.4509100e+00   1.0000000e+00
   1.5800000e+02  -1.4469700e+01   7.9257700e+00   1.0000000e+00
   1.5900000e+02   5.6504800e+00   1.6164800e+01   1.0000000e+00
   1.6000000e+02   8.1776700e+00  -1.2636400e-01   1.0000000e+00
   1.6100000e+02   8.1198700e+00  -1.1836200e+01  -1.0000000e+00
   1.6200000e+02   9.1196200e+00  -1.9538300e+00   1.0000000e+00
   1.6300000e+02   1.2789000e+01   1.0454200e+01   1.0000000e+00
   1.6400000e+02  -7.2350100e+00  -1.6167700e+01  -1.0000000e+00
   1.6500000e+02   4.8822300e+00  -7.4146800e+00  -1.0000000e+00
   1.6600000e+02   1.1177100e+01  -2.0595600e+00   1.0000000e+00
   1.6700000e+02   1.4946200e+01   1.0346400e+01   1.0000000e+00
   1.6800000e+02  -6.2343900e+00   4.0159000e+00   1.0000000e+00
   1.6900000e+02   3.4214900e-01  -1.5294600e+01  -1.0000000e+00
   1.7000000e+02  -8.7587200e+00  -1.0365200e+01  -1.0000000e+00
   1.7100000e+02   9.5430600e+00  -1.5126700e+01  -1.0000000e+00
   1.7200000e+02  -1.8158100e+00   1.1051000e+01   1.0000000e+00
   1.7300000e+02   1.2234600e+01  -3.8170900e+00  -1.0000000e+00
   1.7400000e+02   2.8208100e+00  -1.0363000e+01  -1.0000000e+00
   1.7500000e+02  -3.0657600e+00   5.7034300e+00   1.0000000e+00
   1.7600000e+02   1.7794700e+01  -5.0911200e+00  -1.0000000e+00
   1.7700000e+02   1.5327600e+00   1.6315100e+01   1.0000000e+00
   1.7800000e+02  -9.5421500e+00  -1.2922700e+00   1.0000000e+00
   1.7900000e+02  -6.6657800e+00  -1.0429700e+01  -1.0000000e+00
   1.8000000e+02   7.2212100e+00   1.7151400e+00   1.0000000e+00
   1.8100000e+02  -9.1413500e+00   9.5505900e+00   1.0000000e+00
   1.8200000e+02   6.0973000e+00  -3.2628200e-02   1.0000000e+00
   1.8300000e+02   3.9840800e+00  -1.5636600e+01  -1.0000000e+00
   1.8400000e+02   4.7729000e+00  -5.3593600e+00   1.0000000e+00
   1.8500000e+02   1.7395500e+01  -9.2277100e+00  -1.0000000e+00
   1.8600000e+02  -1.0490000e+01   5.7894700e-01   1.0000000e+00
   1.8700000e+02  -8.7848400e-01  -9.7150000e+00  -1.0000000e+00
   1.8800000e+02  -6.6014300e+00  -6.8201700e+00   1.0000000e+00
   1.8900000e+02  -1.2718000e+00  -1.5109800e+00   1.0000000e+00
   1.9000000e+02   1.3757600e+01   8.6125600e+00   1.0000000e+00
   1.9100000e+02  -1.5513900e+01   6.1201200e+00   1.0000000e+00
   1.9200000e+02   3.3306700e+00   9.0759700e+00   1.0000000e+00
   1.9300000e+02   9.7545300e+00   1.2375200e+01   1.0000000e+00
   1.9400000e+02   4.7347200e+00  -9.4933100e+00  -1.0000000e+00
   1.9500000e+02   1.0093800e+01  -4.0392900e+00  -1.0000000e+00
   1.9600000e+02  -5.2180100e+00  -1.5411200e+01  -1.0000000e+00
   1.9700000e+02  -1.5925500e+00   1.8260300e+01   1.0000000e+00
   1.9800000e+02  -1.1215700e+01   9.6375700e+00   1.0000000e+00
   1.9900000e+02   1.5648900e+01   1.1137600e+00   1.0000000e+00
   2.0000000e+02   4.9556200e+00  -1.7812800e+00   1.0000000e+00
   2.0100000e+02  -1.3294400e+01   9.7593100e+00   1.0000000e+00
   2.0200000e+02   1.7465800e+01  -7.1315200e+00  -1.0000000e+00
   2.0300000e+02  -6.5172300e+00  -3.2015300e+00   1.0000000e+00
   2.0400000e+02  -1.1970900e+01  -1.1993900e+01  -1.0000000e+00
   2.0500000e+02  -8.4267000e+00   5.1599600e-01   1.0000000e+00
   2.0600000e+02   5.9043100e+00  -3.6275900e+00   1.0000000e+00
   2.0700000e+02   2.5332700e+00  -1.2404400e+01  -1.0000000e+00
   2.0800000e+02  -1.2456800e+01   4.2827000e+00   1.0000000e+00
   2.0900000e+02  -1.4775400e+01  -2.8521500e+00   1.0000000e+00
   2.1000000e+02  -3.0451000e-01  -3.3215200e+00   1.0000000e+00
   2.1100000e+02  -7.0509500e+00   9.4685000e+00   1.0000000e+00
   2.1200000e+02  -2.7393700e+00  -1.0606000e+01  -1.0000000e+00
   2.1300000e+02  -7.6767100e+00  -1.2224100e+01  -1.0000000e+00
   2.1400000e+02  -4.7295100e+00  -1.1252200e+01  -1.0000000e+00
   2.1500000e+02   6.6541000e+00   1.4364200e+01   1.0000000e+00
   2.1600000e+02   8.4438200e+00  -7.7132000e+00  -1.0000000e+00
   2.1700000e+02   3.0434400e+00  -8.3223100e+00  -1.0000000e+00
   2.1800000e+02  -9.0229600e+00   1.3165000e+01   1.0000000e+00
   2.1900000e+02  -1.6524000e+01   8.0133700e+00   1.0000000e+00
   2.2000000e+02   1.6603100e+01   2.9373100e+00   1.0000000e+00
   2.2100000e+02  -8.2921700e+00   4.1352900e+00   1.0000000e+00
   2.2200000e+02   1.3910900e+01   1.2197000e+01   1.0000000e+00
   2.2300000e+02   2.2444400e+00  -1.4456100e+01  -1.0000000e+00
   2.2400000e+02   7.9253800e-01  -1.5815100e+00   1.0000000e+00
   2.2500000e+02  -1.4160500e+01  -1.2088700e+01  -1.0000000e+00
   2.2600000e+02  -1.8065800e+01  -4.4525400e+00   1.0000000e+00
   2.2700000e+02  -1.4201200e+00  -5.1351800e+00   1.0000000e+00
   2.2800000e+02   7.5336500e+00  -1.6040200e+01  -1.0000000e+00
   2.2900000e+02  -6.9570500e-01   1.2798400e+01   1.0000000e+00
   2.3000000e+02  -8.7225500e+00  -6.7020400e+00   1.0000000e+00
   2.3100000e+02   2.4752000e+00   1.4450200e+01   1.0000000e+00
   2.3200000e+02  -1.3147000e+01   1.3374400e+01   1.0000000e+00
   2.3300000e+02   1.1865500e+01  -1.0050600e+01  -1.0000000e+00
   2.3400000e+02  -1.5380000e+01   9.7852100e+00   1.0000000e+00
   2.3500000e+02  -5.5494500e+00  -5.0233500e+00   1.0000000e+00
   2.3600000e+02   8.7653500e+00   1.4272700e+01   1.0000000e+00
   2.3700000e+02   1.4746400e+01   6.7290300e+00   1.0000000e+00
   2.3800000e+02  -3.8518400e+00   1.8418300e+01   1.0000000e+00
   2.3900000e+02  -4.2950900e+00   3.8364100e-01   1.0000000e+00
   2.4000000e+02  -9.3050000e+00   5.9553800e+00   1.0000000e+00
   2.4100000e+02   1.2513200e+01   3.2580800e+00   1.0000000e+00
   2.4200000e+02   1.7199600e+01  -2.3797400e-01   1.0000000e+00
   2.4300000e+02   3.8364100e+00  -3.5175800e+00   1.0000000e+00
   2.4400000e+02  -3.2322400e+00  -1.4710300e+01  -1.0000000e+00
   2.4500000e+02  -1.6856700e+01  -2.7516500e+00   1.0000000e+00
   2.4600000e+02  -1.1873900e+01  -8.3943000e+00   1.0000000e+00
   2.4700000e+02  -1.1079600e+01   1.3238900e+01   1.0000000e+00
   2.4800000e+02  -4.0144000e+00   7.5449000e+00   1.0000000e+00
   2.4900000e+02   1.1216900e+01  -1.6327000e+01  -1.0000000e+00
   2.5000000e+02   1.3613500e+01   5.0069100e+00   1.0000000e+00
   2.5100000e+02  -1.7792400e+01   2.6590400e+00   1.0000000e+00
   2.5200000e+02  -1.2859500e+01  -6.5651500e+00   1.0000000e+00
   2.5300000e+02  -1.1609400e+01  -1.1794800e+00   1.0000000e+00
   2.5400000e+02  -1.3669000e+01  -1.0886400e+00   1.0000000e+00
   2.5500000e+02  -8.5724600e+00  -3.0981400e+00   1.0000000e+00
   2.5600000e+02  -3.5229300e+00  -8.6881000e+00  -1.0000000e+00
   2.5700000e+02   7.9776600e+00  -3.6937800e+00   1.0000000e+00
   2.5800000e+02   5.9654000e-01  -1.3215400e+01  -1.0000000e+00
   2.5900000e+02  -7.6049000e+00  -4.9452600e+00   1.0000000e+00
   2.6000000e+02   2.2315200e+00   7.3061500e+00   1.0000000e+00
   2.6100000e+02  -1.4927700e+01  -6.4742700e+00   1.0000000e+00
   2.6200000e+02  -9.6690600e+00  -4.8689900e+00   1.0000000e+00
   2.6300000e+02  -1.0634700e+01  -3.0339700e+00   1.0000000e+00
   2.6400000e+02   1.3659600e+00   1.2718400e+01   1.0000000e+00
   2.6500000e+02  -1.3437900e+01   6.1403200e+00   1.0000000e+00
   2.6600000e+02   1.0274200e+01  -2.1112000e-01   1.0000000e+00
   2.6700000e+02   9.6642500e-01   1.9905600e+00   1.0000000e+00
   2.6800000e+02   4.2914600e+00   7.2231300e+00   1.0000000e+00
   2.6900000e+02  -5.8489700e+00   1.4823800e+01   1.0000000e+00
   2.7000000e+02   5.8923100e+00  -1.4806200e+01  -1.0000000e+00
   2.7100000e+02   6.4160100e+00  -1.0685500e+01  -1.0000000e+00
   2.7200000e+02  -2.2424200e+00   3.1443200e-01   1.0000000e+00
   2.7300000e+02  -8.2199200e+00   7.7005600e+00   1.0000000e+00
   2.7400000e+02   1.1416300e+01   1.5005800e+00   1.0000000e+00
   2.7500000e+02  -6.8643600e+00  -1.4117300e+01  -1.0000000e+00
   2.7600000e+02   1.4047700e+00  -7.0634800e+00  -1.0000000e+00
   2.7700000e+02   1.0177800e+01  -8.8886600e+00  -1.0000000e+00
   2.7800000e+02   5.4412900e+00   8.9671000e+00   1.0000000e+00
   2.7900000e+02  -2.9389400e+00   9.3075200e+00   1.0000000e+00
   2.8000000e+02  -1.0778800e+01  -6.6462700e+00   1.0000000e+00
   2.8100000e+02  -1.2370100e+01   7.9252900e+00   1.0000000e+00
   2.8200000e+02  -1.9618400e+00   7.4891700e+00   1.0000000e+00
   2.8300000e+02   6.3850500e-01  -5.1530400e+00   1.0000000e+00
   2.8400000e+02  -2.6452800e+00   1.6470600e+01   1.0000000e+00
   2.8500000e+02   1.4560700e+01   3.1695400e+00   1.0000000e+00
   2.8600000e+02  -1.6734200e+01   8.7540900e-01   1.0000000e+00
   2.8700000e+02  -5.5506700e+00  -1.7453700e+01  -1.0000000e+00
   2.8800000e+02   7.4077300e+00   5.3202700e+00   1.0000000e+00
   2.8900000e+02   5.3313600e+00   5.4170600e+00   1.0000000e+00
   2.9000000e+02   1.2671800e+01   6.8367200e+00   1.0000000e+00
   2.9100000e+02  -8.9066700e+00  -1.3879200e+01  -1.0000000e+00
   2.9200000e+02  -1.3956000e+01  -8.3216700e+00   1.0000000e+00
   2.9300000e+02  -1.3843400e+01  -4.6875700e+00   1.0000000e+00
   2.9400000e+02  -6.9526100e+00   1.3054800e+01   1.0000000e+00
   2.9500000e+02  -1.0863700e+01  -1.0235500e+01   1.0000000e+00
   2.9600000e+02   2.7126200e+00  -5.3084000e+00   1.0000000e+00
   2.9700000e+02   2.8767900e+00  -1.6839600e+00   1.0000000e+00
   2.9800000e+02   4.2220500e+00  -1.3580400e+01  -1.0000000e+00
   2.9900000e+02  -7.6724300e+00  -8.5945000e+00   1.0000000e+00
