   0.0000000e+00   8.1912600e+00  -1.6114900e+01  -1.0000000e+00
   1.0000000e+00  -1.7800500e+01   2.8089100e+00   1.0000000e+00
   2.0000000e+00  -1.2727400e+01  -7.6170300e+00   1.0000000e+00
   3.0000000e+00   1.5538100e+00  -1.2704100e+01  -1.0000000e+00
   4.0000000e+00  -4.0229200e-01  -1.3396900e+01  -1.0000000e+00
   5.0000000e+00  -6.9670000e+00  -1.6199000e+00   1.0000000e+00
   6.0000000e+00  -1.0645900e+00   9.8823900e+00   1.0000000e+00
   7.0000000e+00   1.2357800e+00  -5.2685800e+00  -1.0000000e+00
   8.0000000e+00  -2.8656700e+00  -1.5805200e+01  -1.0000000e+00
   9.0000000e+00  -1.0878500e+01  -1.3563300e+01   1.0000000e+00
   1.0000000e+01   4.7600200e+00  -5.9499400e+00  -1.0000000e+00
   1.1000000e+01  -3.3209700e+00   4.9001000e+00   1.0000000e+00
   1.2000000e+01  -1.3150600e+01   1.2842800e+01   1.0000000e+00
   1.3000000e+01   1.3859200e+01   1.2324400e+01  -1.0000000e+00
   1.4000000e+01   1.1502800e+01   9.6297000e+00  -1.0000000e+00
   1.5000000e+01  -9.0631300e+00   1.1866900e+01   1.0000000e+00
   1.6000000e+01   1.7997800e+01  -4.8323200e+00  -1.0000000e+00
   1.7000000e+01  -1.2884000e+01  -1.3110000e+01   1.0000000e+00
   1.8000000e+01   1.7453800e+01  -7.2555800e+00  -1.0000000e+00
   1.9000000e+01  -8.0450500e+00  -1.0568500e+01   1.0000000e+00
   2.0000000e+01   3.5330400e+00  -1.2031600e+01  -1.0000000e+00
   2.1000000e+01  -1.3496100e+01  -1.1115800e+01   1.0000000e+00
   2.2000000e+01  -3.6588000e+00   1.2421900e+01   1.0000000e+00
   2.3000000e+01   3.2125100e+00   1.4505500e+01   1.0000000e+00
   2.4000000e+01  -1.5322200e+01  -5.1321100e+00   1.0000000e+00
   2.5000000e+01   1.4267600e+01   4.9004800e+00  -1.0000000e+00
   2.6000000e+01   6.7087000e+00   1.3759300e+01  -1.0000000e+00
   2.7000000e+01   1.2267200e+01   4.2085400e+00  -1.0000000e+00
   2.8000000e+01  -1.9982800e-01   1.3429900e+01   1.0000000e+00
   2.9000000e+01   2.2599800e-01   1.9001700e+01   1.0000000e+00
   3.0000000e+01  -3.1823200e+00  -8.0733600e+00   1.0000000e+00
   3.1000000e+01   6.6906200e+00  -5.2326200e+00  -1.0000000e+00
   3.2000000e+01  -6.5031900e+00   9.3963200e+00   1.0000000e+00
   3.3000000e+01   9.9388000e+00   1.0997400e+01  -1.0000000e+00
   3.4000000e+01  -1.5205000e+00  -1.0147900e+00   1.0000000e+00
   3.5000000e+01  -6.6218000e+00  -9.0721300e+00   1.0000000e+00
   3.6000000e+01  -5.6447900e+00   1.2914600e+01   1.0000000e+00
   3.7000000e+01  -9.4500200e+00  -1.2085700e+01   1.0000000e+00
   3.8000000e+01   7.9226000e+00   8.6357500e-01  -1.0000000e+00
   3.9000000e+01   1.4531200e+01  -2.5543100e+00  -1.0000000e+00
   4.0000000e+01   6.2861800e+00  -7.3326800e+00  -1.0000000e+00
   4.1000000e+01  -1.0061700e+01  -1.0094200e+01   1.0000000e+00
   4.2000000e+01   1.0645600e+01  -3.9012200e+00  -1.0000000e+00
   4.3000000e+01   1.3391100e+01  -8.6556000e+00  -1.0000000e+00
   4.4000000e+01  -1.1711900e+01   1.4317700e+01   1.0000000e+00
   4.5000000e+01  -4.7407100e-01   7.9070300e+00   1.0000000e+00
   4.6000000e+01  -6.7502000e+00   3.9033100e+00   1.0000000e+00
   4.7000000e+01  -5.9086300e+00   7.3871000e+00   1.0000000e+00
   4.8000000e+01   1.2233800e+01   1.3734700e+01  -1.0000000e+00
   4.9000000e+01  -1.2375400e+01  -1.5120500e+01   1.0000000e+00
   5.0000000e+01   1.1027300e+01  -1.8780800e+00  -1.0000000e+00
   5.1000000e+01  -5.5435700e+00  -7.6034200e-02   1.0000000e+00
   5.2000000e+01   3.4727900e-01   1.1415600e+01   1.0000000e+00
   5.3000000e+01   3.5314300e+00  -2.4873600e+00  -1.0000000e+00
   5.4000000e+01  -1.5611000e+01  -1.0612500e+01   1.0000000e+00
   5.5000000e+01  -8.3005100e+00  -1.6071700e+01   1.0000000e+00
   5.6000000e+01  -1.6332900e+01   4.2644800e+00   1.0000000e+00
   5.7000000e+01  -6.8688800e+00   1.6987900e+01   1.0000000e+00
   5.8000000e+01  -1.1101300e+01   1.2348600e+01   1.0000000e+00
   5.9000000e+01  -1.2194300e+01   3.3184200e+00   1.0000000e+00
   6.0000000e+01   1.2716200e+01   6.2474800e+00  -1.0000000e+00
   6.1000000e+01   1.3462900e+01   1.0310600e+01  -1.0000000e+00
   6.2000000e+01   5.5969200e+00   7.6424700e+00  -1.0000000e+00
   6.3000000e+01   1.5781800e+01   1.3124600e+01  -1.0000000e+00
   6.4000000e+01  -1.4147600e+01  -9.1206300e+00   1.0000000e+00
   6.5000000e+01   2.3271100e+00  -1.8297200e+01  -1.0000000e+00
   6.6000000e+01  -1.4465400e+01  -1.6242800e+00   1.0000000e+00
   6.7000000e+01  -8.8635600e+00  -1.4069900e+01   1.0000000e+00
   6.8000000e+01  -1.7118300e+01   8.2026100e-01   1.0000000e+00
   6.9000000e+01   1.7485700e+01   2.3011100e+00  -1.0000000e+00
   7.0000000e+01   4.4157100e+00   1.1026600e+01   1.0000000e+00
   7.1000000e+01  -7.4459000e+00  -1.2586600e+01   1.0000000e+00
   7.2000000e+01   3.8889400e-01  -9.3140300e+00  -1.0000000e+00
   7.3000000e+01   1.6185400e+00   7.4669800e+00   1.0000000e+00
   7.4000000e+01   9.3755900e-01   9.4370600e+00   1.0000000e+00
   7.5000000e+01   1.1884400e+01   1.1696200e+01  -1.0000000e+00
   7.6000000e+01  -5.3255200e+00   5.3963900e+00   1.0000000e+00
   7.7000000e+01   1.3109600e+01   8.2685500e+00  -1.0000000e+00
   7.8000000e+01  -1.3423700e+01   7.3204700e+00   1.0000000e+00
   7.9000000e+01  -5.2099200e-01  -3.3310500e+00   1.0000000e+00
   8.0000000e+01  -1.5867200e+01  -3.1394800e+00   1.0000000e+00
   8.1000000e+01  -7.2977800e-01  -5.9090100e+00   1.0000000e+00
   8.2000000e+01  -8.2710700e+00   1.5429200e+01   1.0000000e+00
   8.3000000e+01   6.6433400e+00  -1.4750600e+01  -1.0000000e+00
   8.4000000e+01   2.8038800e+00  -6.6209800e+00  -1.0000000e+00
   8.5000000e+01  -6.3112300e+00  -1.6578300e+01   1.0000000e+00
   8.6000000e+01  -1.7330900e+01  -4.5989100e+00   1.0000000e+00
   8.7000000e+01   1.5077600e+01  -1.0055400e+01  -1.0000000e+00
   8.8000000e+01   3.2902600e+00   9.0575600e+00   1.0000000e+00
   8.9000000e+01   3.6488900e+00   6.9777800e+00   1.0000000e+00
   9.0000000e+01  -8.1318800e+00   2.3873500e+00   1.0000000e+00
   9.1000000e+01   1.5515800e+01   1.1050000e+01  -1.0000000e+00
   9.2000000e+01   2.7750400e+00   3.4679900e+00  -1.0000000e+00
   9.3000000e+01   1.4974600e+01  -5.2241400e-01  -1.0000000e+00
   9.4000000e+01  -2.9183300e+00  -1.8772400e+01  -1.0000000e+00
   9.5000000e+01  -2.3240100e+00  -4.5477900e+00   1.0000000e+00
   9.6000000e+01  -1.0394700e+01  -2.6553400e+00   1.0000000e+00
   9.7000000e+01  -1.3025800e+01  -1.6554200e-01   1.0000000e+00
   9.8000000e+01   1.2959800e+01  -1.0698200e+01  -1.0000000e+00
   9.9000000e+01  -1.1376100e+01   6.8478400e+00   1.0000000e+00
   1.0000000e+02  -1.3317400e+00   1.7466400e+01   1.0000000e+00
   1.0100000e+02   7.1866400e+00   6.2777700e+00  -1.0000000e+00
   1.0200000e+02  -1.6692100e+00  -9.9102900e+00  -1.0000000e+00
   1.0300000e+02   9.8637600e+00   1.5376700e+00  -1.0000000e+00
   1.0400000e+02   2.7104700e+00   1.6575000e+01   1.0000000e+00
   1.0500000e+02   1.5802900e+01   3.5124400e+00  -1.0000000e+00
   1.0600000e+02   1.0306800e+01   3.5459400e+00  -1.0000000e+00
   1.0700000e+02   5.9926000e+00   9.6895400e+00  -1.0000000e+00
   1.0800000e+02  -2.7924100e+00   1.5986700e+01   1.0000000e+00
   1.0900000e+02   4.2447300e+00  -1.7474300e+01  -1.0000000e+00
   1.1000000e+02  -2.0865900e+00   9.6076900e-01   1.0000000e+00
   1.1100000e+02   9.1192300e+00   6.9576500e+00  -1.0000000e+00
   1.1200000e+02  -1.5128800e+01   1.3422600e+01   1.0000000e+00
   1.1300000e+02   8.3233500e-01  -7.2791300e+00  -1.0000000e+00
   1.1400000e+02   1.1156700e+01   7.5850000e+00  -1.0000000e+00
   1.1500000e+02   1.6148600e+01  -3.9011300e+00  -1.0000000e+00
   1.1600000e+02   9.4314000e+00  -9.9965300e+00  -1.0000000e+00
   1.1700000e+02   1.0591800e+01  -1.3419100e+01  -1.0000000e+00
   1.1800000e+02  -1.0516300e+01   1.0372700e+01   1.0000000e+00
   1.1900000e+02  -3.0487500e+00   1.0420900e+01   1.0000000e+00
   1.2000000e+02  -4.3357700e+00  -4.0580800e+00   1.0000000e+00
   1.2100000e+02   5.0747000e+00  -1.3404600e+01  -1.0000000e+00
   1.2200000e+02  -8.9945600e+00  -1.1107000e+00   1.0000000e+00
   1.2300000e+02   8.6408700e+00  -1.4100800e+01  -1.0000000e+00
   1.2400000e+02   7.7622200e-01   3.9808900e+00   1.0000000e+00
   1.2500000e+02   3.9342100e+00  -1.0020900e+01  -1.0000000e+00
   1.2600000e+02   7.9409100e+00   1.0360700e+01  -1.0000000e+00
   1.2700000e+02   1.8778700e+00   1.2947100e+01   1.0000000e+00
   1.2800000e+02   2.3548500e+00   1.0944100e+01   1.0000000e+00
   1.2900000e+02   1.1307100e+00  -1.4790200e+01  -1.0000000e+00
   1.3000000e+02  -6.3880200e+00  -3.5930100e+00   1.0000000e+00
   1.3100000e+02  -1.5104900e+01   3.3734500e-01   1.0000000e+00
   1.3200000e+02  -1.6829600e+01  -1.2266900e+00   1.0000000e+00
   1.3300000e+02  -9.8100900e+00  -4.6173900e+00   1.0000000e+00
   1.3400000e+02   1.4171300e+01   1.4404600e+01  -1.0000000e+00
   1.3500000e+02  -7.3320500e+00   5.8925200e+00   1.0000000e+00
   1.3600000e+02  -7.1877800e+00  -7.0809900e+00   1.0000000e+00
   1.3700000e+02  -1.1277300e+01  -6.1507400e+00   1.0000000e+00
   1.3800000e+02  -1.1994700e+01   8.8288000e+00   1.0000000e+00
   1.3900000e+02  -6.1437300e+00   1.8888500e+00   1.0000000e+00
   1.4000000e+02   9.0684600e+00   1.6482500e+01  -1.0000000e+00
   1.4100000e+02   1.6692000e+01   7.5698200e+00  -1.0000000e+00
   1.4200000e+02  -1.1615600e+01   1.3475300e+00   1.0000000e+00
   1.4300000e+02   1.2566000e+01  -1.2754500e+01  -1.0000000e+00
   1.4400000e+02   1.3830700e+01  -6.6410900e+00  -1.0000000e+00
   1.4500000e+02   7.8574300e+00  -8.6712400e+00  -1.0000000e+00
   1.4600000e+02  -3.7519700e+00  -6.0645200e+00   1.0000000e+00
   1.4700000e+02   7.3894000e-01  -1.6839200e+01  -1.0000000e+00
   1.4800000e+02  -4.7360800e+00   3.4160200e+00   1.0000000e+00
   1.4900000e+02  -1.1006500e+01  -6.1895400e-01   1.0000000e+00
   1.5000000e+02  -1.6791600e+01  -6.5777500e+00   1.0000000e+00
   1.5100000e+02  -8.1772400e-01  -1.5444200e+01  -1.0000000e+00
   1.5200000e+02   3.7044600e+00   1.5918400e+00  -1.0000000e+00
   1.5300000e+02  -1.4734300e+01  -7.1097900e+00   1.0000000e+00
   1.5400000e+02  -1.0753300e+01   4.8584500e+00   1.0000000e+00
   1.5500000e+02   1.5109900e+01   8.9736500e+00  -1.0000000e+00
   1.5600000e+02   1.4537000e+01  -1.2045100e+01  -1.0000000e+00
   1.5700000e+02   1.5789400e+01  -5.9412200e+00  -1.0000000e+00
   1.5800000e+02  -9.5748500e+00   8.6702700e-01   1.0000000e+00
   1.5900000e+02   4.8325700e+00   3.5825200e+00  -1.0000000e+00
   1.6000000e+02  -5.0479200e+00   1.0884400e+01   1.0000000e+00
   1.6100000e+02   4.9400200e-01  -1.5023700e+00   1.0000000e+00
   1.6200000e+02   7.1280700e+00  -3.2322800e+00  -1.0000000e+00
   1.6300000e+02   1.0224800e+01  -1.5478100e+01  -1.0000000e+00
   1.6400000e+02  -1.2786800e+01   5.3458700e+00   1.0000000e+00
   1.6500000e+02   1.6700300e+01  -1.8910000e+00  -1.0000000e+00
   1.6600000e+02  -1.6589900e+00   1.1952000e+01   1.0000000e+00
   1.6700000e+02  -7.0569200e+00   1.1414600e+01   1.0000000e+00
   1.6800000e+02  -1.4885700e+01   5.8096100e+00   1.0000000e+00
   1.6900000e+02   1.5413800e+01   1.4930800e+00  -1.0000000e+00
   1.7000000e+02   1.5976300e+00  -3.2279800e+00  -1.0000000e+00
   1.7100000e+02  -7.7962000e+00  -5.0939000e+00   1.0000000e+00
   1.7200000e+02   1.1857500e+01   2.1882100e+00  -1.0000000e+00
   1.7300000e+02  -1.8707400e+00   6.3998100e+00   1.0000000e+00
   1.7400000e+02  -1.1494900e+01  -1.1573100e+01   1.0000000e+00
   1.7500000e+02  -1.1367900e+00  -7.9250300e+00  -1.0000000e+00
   1.7600000e+02   8.6559300e+00   1.4429500e+01  -1.0000000e+00
   1.7700000e+02  -1.4218500e+01   3.8198600e+00   1.0000000e+00
   1.7800000e+02  -8.0362200e-01   1.5469400e+01   1.0000000e+00
   1.7900000e+02  -1.3280400e+01  -5.6276800e+00   1.0000000e+00
   1.8000000e+02  -1.0180300e+01   2.8583100e+00   1.0000000e+00
   1.8100000e+02   2.6891000e+00  -1.6122100e+01  -1.0000000e+00
   1.8200000e+02  -4.3427700e+00  -1.7261100e+01  -1.0000000e+00
   1.8300000e+02   9.4891400e+00  -4.7728500e-01  -1.0000000e+00
   1.8400000e+02  -6.8524700e-01   2.4728500e+00   1.0000000e+00
   1.8500000e+02   1.3011500e+01  -1.1670000e+00  -1.0000000e+00
   1.8600000e+02  -3.3811000e+00   1.7997600e+01   1.0000000e+00
   1.8700000e+02   4.7386700e+00   1.3060400e+01   1.0000000e+00
   1.8800000e+02  -9.9632200e+00   8.3633600e+00   1.0000000e+00
   1.8900000e+02   8.2997000e+00   1.2414500e+01  -1.0000000e+00
   1.9000000e+02  -6.2224100e+00   1.4893300e+01   1.0000000e+00
   1.9100000e+02  -2.2256700e+00   1.3958100e+01   1.0000000e+00
   1.9200000e+02   1.3845300e+01   2.8625800e+00  -1.0000000e+00
   1.9300000e+02   1.5392900e+01  -8.0012200e+00  -1.0000000e+00
   1.9400000e+02   9.8400200e+00  -7.9686300e+00  -1.0000000e+00
   1.9500000e+02   8.3109800e+00   2.8927900e+00  -1.0000000e+00
   1.9600000e+02  -1.1816900e+01  -4.1577600e+00   1.0000000e+00
   1.9700000e+02   1.7231600e-03  -1.1338800e+01  -1.0000000e+00
   1.9800000e+02   7.0457000e+00  -1.2739800e+01  -1.0000000e+00
   1.9900000e+02  -1.6197500e+01  -8.5666500e+00   1.0000000e+00
   2.0000000e+02  -1.4897800e+01  -1.2638400e+01   1.0000000e+00
   2.0100000e+02  -4.6192600e+00  -9.5824600e+00   1.0000000e+00
   2.0200000e+02   8.7489800e+00   4.9272300e+00  -1.0000000e+00
   2.0300000e+02  -4.8191100e+00  -1.5057600e+01   1.0000000e+00
   2.0400000e+02   1.1393400e+01  -9.3508000e+00  -1.0000000e+00
   2.0500000e+02  -1.5501500e+01   7.8299000e+00   1.0000000e+00
   2.0600000e+02  -4.0002100e+00  -1.1540100e+01   1.0000000e+00
   2.0700000e+02  -6.8177100e+00  -1.4572100e+01   1.0000000e+00
   2.0800000e+02   7.0858400e+00   1.5914800e+01  -1.0000000e+00
   2.0900000e+02   6.2349900e+00  -1.6772200e+01  -1.0000000e+00
   2.1000000e+02  -4.2191800e+00   1.4444900e+01   1.0000000e+00
   2.1100000e+02   1.4687900e+01   6.9415200e+00  -1.0000000e+00
   2.1200000e+02  -1.0668100e+01  -8.1068800e+00   1.0000000e+00
   2.1300000e+02  -1.5678200e+01   2.3217900e+00   1.0000000e+00
   2.1400000e+02  -2.9106300e+00  -2.5591100e+00   1.0000000e+00
   2.1500000e+02   1.3293500e+00   1.9966600e+00   1.0000000e+00
   2.1600000e+02  -7.6503800e+00   1.3383500e+01   1.0000000e+00
   2.1700000e+02   3.1290900e+00  -1.4049800e+01  -1.0000000e+00
   2.1800000e+02   1.0634500e+01   1.5071600e+01  -1.0000000e+00
   2.1900000e+02   6.7718100e+00   4.2554100e+00  -1.0000000e+00
   2.2000000e+02   5.2143800e+00   5.6101200e+00  -1.0000000e+00
   2.2100000e+02   1.0239500e+01  -5.9349200e+00  -1.0000000e+00
   2.2200000e+02  -1.4625100e+01   1.1393700e+01   1.0000000e+00
   2.2300000e+02   1.0715400e+01   5.5598900e+00  -1.0000000e+00
   2.2400000e+02   1.1802600e+01  -7.3199300e+00  -1.0000000e+00
   2.2500000e+02   1.1939500e+00   1.4953900e+01   1.0000000e+00
   2.2600000e+02  -3.9019700e+00   6.8718300e+00   1.0000000e+00
   2.2700000e+02  -3.1705700e+00  -1.3752700e+01   1.0000000e+00
   2.2800000e+02   1.3425700e+01   8.5649800e-01  -1.0000000e+00
   2.2900000e+02   9.0572800e+00  -2.5096200e+00  -1.0000000e+00
   2.3000000e+02   1.0977100e+01  -1.1363000e+01  -1.0000000e+00
   2.3100000e+02   1.9548200e+00  -1.0675100e+01  -1.0000000e+00
   2.3200000e+02   4.3436300e+00  -7.9790100e+00  -1.0000000e+00
   2.3300000e+02  -2.7053100e+00   2.9308500e+00   1.0000000e+00
   2.3400000e+02  -9.2032500e+00  -6.6028900e+00   1.0000000e+00
   2.3500000e+02  -8.6556200e+00  -8.5853800e+00   1.0000000e+00
   2.3600000e+02  -1.6027000e+01   9.8171900e+00   1.0000000e+00
   2.3700000e+02   1.6965000e+01   1.5084100e-01  -1.0000000e+00
   2.3800000e+02   1.2595800e+01  -3.2664400e+00  -1.0000000e+00
   2.3900000e+02  -4.9469300e+00  -2.0459200e+00   1.0000000e+00
   2.4000000e+02   6.3738100e+00   2.2209200e+00  -1.0000000e+00
   2.4100000e+02   1.2246500e+01  -5.2918500e+00  -1.0000000e+00
   2.4200000e+02  -4.4773500e+00   8.8599300e+00   1.0000000e+00
   2.4300000e+02  -1.3670800e+01   1.7956900e+00   1.0000000e+00
   2.4400000e+02   1.4194500e+01  -4.6116800e+00  -1.0000000e+00
   2.4500000e+02   8.2425800e+00  -6.6244000e+00  -1.0000000e+00
   2.4600000e+02   5.1600500e+00   1.5162000e+01   1.0000000e+00
   2.4700000e+02  -1.9613800e+00  -1.2006800e+01  -1.0000000e+00
   2.4800000e+02   2.3836000e+00  -8.6573700e+00  -1.0000000e+00
   2.4900000e+02   3.1641400e+00  -4.5530900e+00  -1.0000000e+00
   2.5000000e+02  -7.9194700e+00   7.8812900e+00   1.0000000e+00
   2.5100000e+02  -9.3750800e+00   6.3862600e+00   1.0000000e+00
   2.5200000e+02   1.4149000e+01  -1.4112800e+01  -1.0000000e+00
   2.5300000e+02   6.8720800e-01   1.6965600e+01   1.0000000e+00
   2.5400000e+02  -4.8301100e+00   1.6435600e+01   1.0000000e+00
   2.5500000e+02   9.0010000e+00  -1.2057200e+01  -1.0000000e+00
   2.5600000e+02   8.6784400e+00  -4.6010700e+00  -1.0000000e+00
   2.5700000e+02   4.6457500e+00  -1.5456400e+01  -1.0000000e+00
   2.5800000e+02   1.2166600e+01  -1.4804200e+01  -1.0000000e+00
   2.5900000e+02  -1.0362700e+01   1.5879100e+01   1.0000000e+00
   2.6000000e+02   1.9608500e+00   2.2649700e-02  -1.0000000e+00
   2.6100000e+02  -6.8040100e-02   4.8306600e-01   1.0000000e+00
   2.6200000e+02  -8.7611400e+00   4.3662800e+00   1.0000000e+00
   2.6300000e+02  -5.7599600e+00  -5.5746400e+00   1.0000000e+00
   2.6400000e+02   7.5678100e+00   8.3173900e+00  -1.0000000e+00
   2.6500000e+02  -8.3848600e+00  -3.1237100e+00   1.0000000e+00
   2.6600000e+02  -1.2126200e+01  -9.5772300e+00   1.0000000e+00
   2.6700000e+02  -4.1305900e+00   1.4262100e+00   1.0000000e+00
   2.6800000e+02   7.4494800e+00  -1.0690300e+01  -1.0000000e+00
   2.6900000e+02  -1.3983200e+01   9.3466300e+00   1.0000000e+00
   2.7000000e+02   1.7965000e-01   5.9573500e+00   1.0000000e+00
   2.7100000e+02  -1.2955400e+00   4.4332800e+00   1.0000000e+00
   2.7200000e+02  -3.5344600e+00  -5.6134600e-01   1.0000000e+00
   2.7300000e+02   5.4832100e+00  -1.1378900e+01  -1.0000000e+00
   2.7400000e+02   1.0289700e+01   1.3023100e+01  -1.0000000e+00
   2.7500000e+02   3.9652600e+00  -4.7670100e-01  -1.0000000e+00
   2.7600000e+02  -1.2536300e+01   1.0831800e+01   1.0000000e+00
   2.7700000e+02  -8.5228000e+00   9.8730700e+00   1.0000000e+00
   2.7800000e+02  -5.1926200e+00  -7.5539600e+00   1.0000000e+00
   2.7900000e+02  -6.0187300e+00  -1.1107400e+01   1.0000000e+00
   2.8000000e+02   1.1454000e+01   1.8089700e-01  -1.0000000e+00
   2.8100000e+02   5.5266800e+00  -1.8344800e+00  -1.0000000e+00
   2.8200000e+02   5.9293800e+00   1.9088800e-01  -1.0000000e+00
   2.8300000e+02   5.8183400e+00  -1.8885600e+01  -1.0000000e+00
   2.8400000e+02  -1.3866300e+01  -3.6393400e+00   1.0000000e+00
   2.8500000e+02   6.3568000e+00   1.1716100e+01  -1.0000000e+00
   2.8600000e+02   2.2313700e+00   5.4711400e+00   1.0000000e+00
   2.8700000e+02   9.5115800e+00   8.9875400e+00  -1.0000000e+00
   2.8800000e+02   5.8790300e+00  -9.3493900e+00  -1.0000000e+00
   2.8900000e+02  -1.2899600e+00  -1.7438900e+01  -1.0000000e+00
   2.9000000e+02  -9.6584900e+00   1.3874400e+01   1.0000000e+00
   2.9100000e+02   1.6294700e+01   5.5442100e+00  -1.0000000e+00
   2.9200000e+02   7.4880500e+00  -1.1525100e+00  -1.0000000e+00
   2.9300000e+02  -1.0345200e+01  -1.5576800e+01   1.0000000e+00
   2.9400000e+02  -7.5593200e+00   3.9171400e-01   1.0000000e+00
   2.9500000e+02   5.1088600e+00  -3.8910000e+00  -1.0000000e+00
   2.9600000e+02  -1.2433200e+01  -2.1398800e+00   1.0000000e+00
   2.9700000e+02   4.6910800e+00   1.7168000e+01   1.0000000e+00
   2.9800000e+02  -5.3765400e+00  -1.3072500e+01   1.0000000e+00
   2.9900000e+02  -2.4770500e+00   8.3855900e+00   1.0000000e+00
