   0.0000000e+00   6.5513400e-01   8.5457000e+00   1.6724700e+01   1.0000000e+00
   1.0000000e+00  -9.0521800e+00   3.3913600e+00   5.4039900e+00   0.0000000e+00
   2.0000000e+00   1.4658000e+01  -1.2425100e+01   5.9276100e+01  -1.0000000e+00
   3.0000000e+00  -6.9957200e+00   2.9592100e+00   1.7112800e+01   1.0000000e+00
   4.0000000e+00  -5.2794600e+00  -3.0635300e+00   1.6513700e+01   1.0000000e+00
   5.0000000e+00   1.8006400e+01  -2.5566700e+00   6.1076900e+01  -1.0000000e+00
   6.0000000e+00   6.4466800e+00  -1.4998500e+00   3.1050100e+01  -3.0000000e+00
   7.0000000e+00   6.5369200e+00   1.5683300e+00   2.8869700e+01  -3.0000000e+00
   8.0000000e+00   9.9240200e+00   1.5592100e+01   1.4841300e+01  -1.0000000e+00
   9.0000000e+00   1.6117600e+00  -9.9670700e-01   1.5788100e+01  -3.0000000e+00
   1.0000000e+01  -1.2729800e+01  -3.0766400e+00   1.6248000e+01   1.0000000e+00
   1.1000000e+01   1.4754500e+01   5.9853400e+00   3.0439600e+01  -2.0000000e+00
   1.2000000e+01   8.5836600e+00  -1.3949300e+01   4.3923200e+01  -2.0000000e+00
   1.3000000e+01  -1.0390800e+01  -1.1024100e+01   1.6428500e+01   1.0000000e+00
   1.4000000e+01  -5.5459500e+00  -8.5244400e+00   1.6289800e+01   1.0000000e+00
   1.5000000e+01   1.2752600e+01   5.4902400e+00   1.7953400e+01  -3.0000000e+00
   1.6000000e+01   3.8784500e+00  -1.7301900e+00   1.7221500e+01  -3.0000000e+00
   1.7000000e+01   1.0383100e+01   1.3572600e+01   8.5795600e+00  -2.0000000e+00
   1.8000000e+01   1.8735600e+00   4.4643800e+00   1.7001500e+01   1.0000000e+00
   1.9000000e+01   1.7122900e+00  -1.1997000e+01   4.3821600e+01   2.0000000e+00
   2.0000000e+01   1.7904500e+00   1.7606200e+01   1.5154600e+01  -1.0000000e+00
   2.1000000e+01   1.0798700e+01   6.1141000e+00   2.7488600e+01  -3.0000000e+00
   2.2000000e+01   2.2114900e+00  -2.9771900e+00   2.3298100e+01  -3.0000000e+00
   2.3000000e+01  -1.4771900e+01  -2.5693000e+00   1.5753800e+01  -2.0000000e+00
   2.4000000e+01  -5.7675200e+00  -1.4007900e+01   1.6410600e+01   1.0000000e+00
   2.5000000e+01   2.2837700e+00  -1.0014200e+01   4.5053800e+01   2.0000000e+00
   2.6000000e+01  -2.1328600e+00   5.4665800e+00   1.5984200e+01   1.0000000e+00
   2.7000000e+01  -1.7217400e+01   5.3435800e+00   1.4008700e+01  -1.0000000e+00
   2.8000000e+01  -1.4463300e+01  -1.0043800e+01   1.6445700e+01  -2.0000000e+00
   2.9000000e+01  -4.1277500e+00  -7.0298700e+00   1.6241300e+01   1.0000000e+00
   3.0000000e+01  -6.1329700e+00  -6.5296900e+00   1.6138800e+01   1.0000000e+00
   3.1000000e+01   1.5116500e+01   1.1530700e+01   1.7867800e+01  -1.0000000e+00
   3.2000000e+01  -1.7042600e+01  -1.9714500e+00   7.2970500e-01  -1.0000000e+00
   3.3000000e+01  -8.1329100e+00  -6.0330000e+00   1.6525700e+01   1.0000000e+00
   3.4000000e+01   7.9837600e+00  -1.6119400e+01   4.3441200e+01  -1.0000000e+00
   3.5000000e+01   8.7296000e+00   6.5846300e+00   1.6412300e+01   1.0000000e+00
   3.6000000e+01   1.3422200e+01  -3.3477500e+00   4.0602100e+01  -3.0000000e+00
   3.7000000e+01  -1.5441200e+01  -6.1980900e-01   1.5604800e+01  -2.0000000e+00
   3.8000000e+01  -2.4997800e+00   1.2988100e+01   1.6194900e+01   1.0000000e+00
   3.9000000e+01  -6.9664100e+00  -1.0023500e+01   1.6327200e+01   1.0000000e+00
   4.0000000e+01   1.8499800e+01  -5.1122100e-01   6.0592900e+01  -1.0000000e+00
   4.1000000e+01  -1.1416200e+01   1.1326900e+01   1.6175100e+01   1.0000000e+00
   4.2000000e+01   6.7193100e-02   1.0512100e+01   1.6308000e+01   1.0000000e+00
   4.3000000e+01  -6.9277700e-01  -1.7702500e+01   3.3210400e+01  -1.0000000e+00
   4.4000000e+01  -1.7687100e+01   3.2371900e-02   1.3702900e+01  -1.0000000e+00
   4.5000000e+01  -6.7114000e+00  -4.5336500e+00   1.6159800e+01   1.0000000e+00
   4.6000000e+01   3.4683200e-01   1.6128300e+01   1.6377900e+01  -2.0000000e+00
   4.7000000e+01   1.3670600e+01   9.9749400e+00   9.3596300e+00  -2.0000000e+00
   4.8000000e+01   1.2650300e+01  -1.2953000e+01   4.3556600e+01  -2.0000000e+00
   4.9000000e+01  -1.1977300e+01   1.3340800e+01   1.6686700e+01  -2.0000000e+00
   5.0000000e+01   1.2283800e+01  -7.4106900e+00   4.4749800e+01   2.0000000e+00
   5.1000000e+01  -1.3316700e+01  -1.0875100e+00   1.7195000e+01   1.0000000e+00
   5.2000000e+01  -9.1904200e+00  -1.5066300e+01   5.4379900e+00  -2.0000000e+00
   5.3000000e+01  -1.5644500e+01  -6.0810500e+00   1.5774500e+01  -2.0000000e+00
   5.4000000e+01   7.9567300e+00   3.0533300e+00   1.7801900e+01   1.0000000e+00
   5.5000000e+01   1.7651600e+01   3.0401900e+00   2.9569900e+01  -1.0000000e+00
   5.6000000e+01  -1.6628800e+00   1.6574700e+01   2.9222700e+01  -2.0000000e+00
   5.7000000e+01   1.4117400e+01  -1.4405500e+01   4.5166900e+01  -1.0000000e+00
   5.8000000e+01   1.4271000e+01   7.9794600e+00   7.3657400e+00  -2.0000000e+00
   5.9000000e+01  -1.4605400e+01   2.8377700e+00   1.7116800e+01  -2.0000000e+00
   6.0000000e+01   1.3771500e+01  -8.8499000e+00   4.4590200e+01  -2.0000000e+00
   6.1000000e+01  -3.6778200e+00  -1.4561200e+01   2.1768400e+01  -2.0000000e+00
   6.2000000e+01  -5.8607500e+00  -1.0393200e+00   1.6047900e+01   1.0000000e+00
   6.3000000e+01   3.9676300e+00  -4.0336700e+00   1.5014500e+01  -3.0000000e+00
   6.4000000e+01   5.3102100e+00   5.5617800e+00   1.7243800e+01   1.0000000e+00
   6.5000000e+01   6.1191100e+00   9.0463500e+00   1.6773400e+01   1.0000000e+00
   6.6000000e+01  -2.6613600e+00  -5.5217600e+00   1.6451900e+01   1.0000000e+00
   6.7000000e+01  -3.1672300e-01  -1.2494800e+01   5.5491300e+01  -3.0000000e+00
   6.8000000e+01  -7.2969500e+00  -2.5538500e+00   1.5893000e+01   1.0000000e+00
   6.9000000e+01  -7.5516600e+00  -8.0360900e+00   1.6402500e+01   1.0000000e+00
   7.0000000e+01  -4.1519100e+00   5.9643200e+00   1.6277100e+01   1.0000000e+00
   7.1000000e+01  -2.9935600e+00   1.9631200e+00   1.6042200e+01   1.0000000e+00
   7.2000000e+01   1.7681500e+01   5.7447800e+00   2.5338500e+01  -1.0000000e+00
   7.3000000e+01  -1.5662400e+00   3.4510500e+00   1.5949600e+01   1.0000000e+00
   7.4000000e+01   8.1612000e+00   8.5695500e+00   1.6455300e+01   1.0000000e+00
   7.5000000e+01   1.1299000e+00  -1.4047400e+01   4.3641500e+01   2.0000000e+00
   7.6000000e+01   1.1199000e+01  -1.1420900e+01   4.3892600e+01   2.0000000e+00
   7.7000000e+01  -9.9079500e-01   1.4645600e+00   1.6041900e+01   1.0000000e+00
   7.8000000e+01   4.5037200e+00   2.0217000e+00   1.6642200e+01   1.0000000e+00
   7.9000000e+01   1.1624300e+01   9.5587200e+00   9.4944800e+00  -3.0000000e+00
   8.0000000e+01   1.7007700e+01   9.6591200e-01   4.4825600e+01  -2.0000000e+00
   8.1000000e+01   2.0651500e+00   1.0030300e+01   1.5879600e+01   1.0000000e+00
   8.2000000e+01   6.3535200e+00   1.4547200e+01   1.6908800e+01   1.0000000e+00
   8.3000000e+01  -4.9165300e-01   1.2496600e+01   1.6121900e+01   1.0000000e+00
   8.4000000e+01  -9.0740600e+00   1.6450600e+01   1.5149600e+01  -1.0000000e+00
   8.5000000e+01  -5.1799500e+00  -1.6003000e+01   2.0533500e+01  -2.0000000e+00
   8.6000000e+01  -2.9187600e+00  -1.1010800e+01   1.6868400e+01  -3.0000000e+00
   8.7000000e+01   5.0356300e+00   8.9911600e-03   2.3401100e+01  -3.0000000e+00
   8.8000000e+01  -7.6286200e+00   4.9074500e+00   1.7129900e+01   1.0000000e+00
   8.9000000e+01  -6.1721800e+00   6.4658900e+00   1.6987700e+01   1.0000000e+00
   9.0000000e+01   8.3814500e+00   1.4086400e+01   1.6225100e+01  -2.0000000e+00
   9.1000000e+01   1.5563700e+01   2.4358600e+00   4.5465200e+01  -2.0000000e+00
   9.2000000e+01  -1.2172500e+01  -5.0848300e+00   1.6160200e+01   1.0000000e+00
   9.3000000e+01  -1.3991200e+01   8.6188300e-01   1.7350300e+01   1.0000000e+00
   9.4000000e+01  -1.1081900e+01   3.8417200e+00   2.8303000e+01   0.0000000e+00
   9.5000000e+01   3.9706100e+00  -1.7097900e+01   3.2342500e+01  -2.0000000e+00
   9.6000000e+01  -9.4003600e+00   1.0890400e+01   1.6841600e+01   1.0000000e+00
   9.7000000e+01   8.2823500e+00  -8.4546200e+00   4.4261400e+01   2.0000000e+00
   9.8000000e+01  -9.1024200e-01  -1.4537600e+01   3.8952700e+01  -2.0000000e+00
   9.9000000e+01  -5.9600400e+00   1.1957000e+01   1.6431800e+01   1.0000000e+00
   1.0000000e+02   1.1964800e+01  -1.9119200e+00   4.0653400e+01  -3.0000000e+00
   1.0100000e+02  -3.5681600e+00   3.9735800e+00   1.6099600e+01   1.0000000e+00
   1.0200000e+02   1.0612800e+01  -1.3401400e+01   4.3071700e+01  -2.0000000e+00
   1.0300000e+02  -2.3249900e+00  -1.2989900e+01   1.5701400e+01  -3.0000000e+00
   1.0400000e+02  -6.6141500e-01  -5.9904700e+00   2.7882600e+01  -3.0000000e+00
   1.0500000e+02  -1.5232300e+01   4.8084300e+00   1.5702200e+01  -2.0000000e+00
   1.0600000e+02  -1.5478400e+01   1.2314300e+01   1.6588800e+01  -1.0000000e+00
   1.0700000e+02   1.6106100e+01   4.4257200e+00   3.7765600e+01  -2.0000000e+00
   1.0800000e+02   9.6084000e-01   1.4004400e+01   1.6567700e+01   1.0000000e+00
   1.0900000e+02   1.4509400e+01  -1.6079000e+00   4.1087400e+01  -3.0000000e+00
   1.1000000e+02  -9.9720200e+00   1.2876000e+01   1.7016800e+01   1.0000000e+00
   1.1100000e+02   5.5148800e+00   1.1015700e+01   1.6485600e+01   1.0000000e+00
   1.1200000e+02   5.7296900e+00  -1.0969400e+01   4.4150500e+01   2.0000000e+00
   1.1300000e+02  -9.5650500e+00  -7.5515700e+00   1.6570300e+01   1.0000000e+00
   1.1400000e+02   1.6513400e+01  -1.0528400e+00   4.5325500e+01  -2.0000000e+00
   1.1500000e+02   1.5804500e+01  -8.3966300e+00   5.8258000e+01  -1.0000000e+00
   1.1600000e+02  -6.3777200e+00  -1.2033200e+01   1.6655200e+01   1.0000000e+00
   1.1700000e+02   5.9628000e+00  -1.6540500e+01   5.5749700e+01  -2.0000000e+00
   1.1800000e+02   1.5036200e+01   4.0782600e-01   4.5344200e+01   1.0000000e+00
   1.1900000e+02  -1.5740000e+01   6.8378200e+00   1.6115200e+01  -2.0000000e+00
   1.2000000e+02   2.5774400e+00  -1.5585000e+01   4.3336900e+01  -2.0000000e+00
   1.2100000e+02  -1.1576500e+01  -7.0716300e+00   1.6378300e+01   1.0000000e+00
   1.2200000e+02  -1.3136000e-01   4.9364900e+00   1.6308600e+01   1.0000000e+00
   1.2300000e+02  -1.5117000e+01  -8.0662700e+00   3.9467100e+00  -2.0000000e+00
   1.2400000e+02   5.7549500e+00   1.6532400e+01   2.8556800e+01  -2.0000000e+00
   1.2500000e+02   1.0995100e+01   1.1589400e+01   1.0029500e+01  -2.0000000e+00
   1.2600000e+02   9.6190500e+00   1.0065600e+01   1.6782100e+01   1.0000000e+00
   1.2700000e+02  -6.5582300e+00  -1.7544200e+01   1.7841700e+01  -1.0000000e+00
   1.2800000e+02  -1.1675600e+01   5.8674500e+00   1.6279300e+01   1.0000000e+00
   1.2900000e+02  -6.7957200e+00   8.4200700e+00   1.6957600e+01   1.0000000e+00
   1.3000000e+02  -4.4999900e+00   1.3468200e+01   1.6220900e+01   1.0000000e+00
   1.3100000e+02   4.5858400e+00  -1.5011500e+01   4.4324900e+01   2.0000000e+00
   1.3200000e+02   8.2921800e-01  -4.4940700e+00   1.6069500e+01  -3.0000000e+00
   1.3300000e+02  -1.2451300e+01  -1.0557800e+01   1.6323700e+01   1.0000000e+00
   1.3400000e+02   2.3212400e+00   1.5570700e+01   1.6101400e+01  -2.0000000e+00
   1.3500000e+02  -4.9851600e+00   2.4758600e+00   1.6238900e+01   1.0000000e+00
   1.3600000e+02  -9.6507800e+00   5.4014400e+00   1.6785300e+01   1.0000000e+00
   1.3700000e+02   5.3652800e-01  -1.6033300e+01   3.8661400e+01  -2.0000000e+00
   1.3800000e+02  -1.6794600e+01   3.3177500e+00   8.7787000e-01  -1.0000000e+00
   1.3900000e+02   1.5232500e+00   1.2028000e+01   1.5870300e+01   1.0000000e+00
   1.4000000e+02   2.9548600e+00   1.3511800e+01   1.6326700e+01   1.0000000e+00
   1.4100000e+02  -3.5358000e+00  -9.0302600e+00   1.6781000e+01   1.0000000e+00
   1.4200000e+02   4.2820100e+00  -9.4918900e+00   4.4545800e+01   2.0000000e+00
   1.4300000e+02  -1.8322900e+00  -2.0121800e+00   1.6742900e+01   1.0000000e+00
   1.4400000e+02   1.8674200e+00  -1.7626300e+01   3.9126400e+01  -1.0000000e+00
   1.4500000e+02   9.9579500e+00  -1.5507000e+01   4.3878900e+01  -1.0000000e+00
   1.4600000e+02  -1.9296500e+00   1.0999600e+01   1.6277000e+01   1.0000000e+00
   1.4700000e+02  -1.4303500e+01   8.3626100e+00   1.6354400e+01  -2.0000000e+00
   1.4800000e+02   3.7733100e+00   1.7092500e+01   1.5372100e+01  -1.0000000e+00
   1.4900000e+02  -6.4137700e+00   9.8373100e-01   1.6195600e+01   1.0000000e+00
   1.5000000e+02  -1.2598000e+01   1.5352600e+01   1.6891400e+01  -1.0000000e+00
   1.5100000e+02  -7.8501700e+00  -5.4164300e-01   1.5741300e+01   1.0000000e+00
   1.5200000e+02   1.7635300e+01  -4.5796100e+00   6.1001300e+01  -1.0000000e+00
   1.5300000e+02  -8.4195500e+00   1.4456900e+00   1.6315400e+01   0.0000000e+00
   1.5400000e+02  -9.3015000e+00  -2.0248000e+00   1.6141600e+01   1.0000000e+00
   1.5500000e+02   8.4284300e+00  -9.5424700e-01   6.0089800e+01  -3.0000000e+00
   1.5600000e+02   5.8161100e-01  -8.4673500e+00   5.9079800e+01  -3.0000000e+00
   1.5700000e+02  -1.3247500e+01  -1.4153100e+01   1.7581700e+01  -1.0000000e+00
   1.5800000e+02  -3.8789600e+00  -1.7639700e+01   2.5190700e+01  -1.0000000e+00
   1.5900000e+02   1.3102700e+01   1.1966000e+01  -7.1153800e+00  -1.0000000e+00
   1.6000000e+02   9.3204200e+00   4.6257900e+00   1.7315800e+01   1.0000000e+00
   1.6100000e+02  -8.3909500e+00  -1.1512800e+01   1.6378600e+01   1.0000000e+00
   1.6200000e+02  -1.3594100e+01  -6.5741200e+00   1.5831800e+01   1.0000000e+00
   1.6300000e+02  -1.7129100e+01  -7.5373100e+00   1.5023600e+01  -1.0000000e+00
   1.6400000e+02   4.0734400e+00   9.5143100e+00   1.6444800e+01   1.0000000e+00
   1.6500000e+02   7.7184100e+00  -1.0448100e+01   4.4316700e+01   2.0000000e+00
   1.6600000e+02   3.7287200e+00  -1.1474200e+01   4.4103700e+01   2.0000000e+00
   1.6700000e+02  -3.6572800e+00   1.7064600e+01   1.6887700e+01  -1.0000000e+00
   1.6800000e+02  -7.1774300e+00  -1.5495900e+01   1.7263200e+01  -2.0000000e+00
   1.6900000e+02   9.1651200e+00  -1.1923200e+01   4.4333400e+01   2.0000000e+00
   1.7000000e+02  -1.3738800e+01   6.3741900e+00   1.5818500e+01   1.0000000e+00
   1.7100000e+02  -7.0766800e+00   1.5936500e+01   1.5725700e+01  -1.0000000e+00
   1.7200000e+02   8.9701800e+00   1.2029600e+01   1.6884100e+01   1.0000000e+00
   1.7300000e+02   3.2944200e+00   6.0013500e+00   1.7542100e+01   1.0000000e+00
   1.7400000e+02  -1.6366600e+01   8.8202900e+00   1.6835800e+01  -1.0000000e+00
   1.7500000e+02   1.1780400e+01  -9.4150500e+00   4.4942600e+01   2.0000000e+00
   1.7600000e+02  -8.5846900e+00  -1.7132300e+01   1.8052300e+01  -1.0000000e+00
   1.7700000e+02   1.9019200e+01   1.4813100e+00   4.3674000e+01  -1.0000000e+00
   1.7800000e+02   1.9204700e-01  -2.4817800e+00   1.6842600e+01   1.0000000e+00
   1.7900000e+02  -1.2591200e+01   2.3837800e+00   1.7057100e+01   0.0000000e+00
   1.8000000e+02   4.8423100e+00  -7.4980800e+00   4.4245000e+01   2.0000000e+00
   1.8100000e+02  -1.3868300e+01  -1.2063700e+01   4.1207500e+00  -2.0000000e+00
   1.8200000e+02   7.1401300e+00   1.8076100e+01   1.7972900e+01  -1.0000000e+00
   1.8300000e+02   2.8032400e+00  -8.0203700e+00   4.3968400e+01   2.0000000e+00
   1.8400000e+02  -8.2351000e+00   6.9037500e+00   1.6690800e+01   1.0000000e+00
   1.8500000e+02  -3.8547900e+00  -1.5268600e+00   1.6510400e+01   1.0000000e+00
   1.8600000e+02   3.4092900e+00  -6.0209900e+00   5.5891500e+01  -3.0000000e+00
   1.8700000e+02   2.6524000e+00   7.9972000e+00   1.6860600e+01   1.0000000e+00
   1.8800000e+02   6.5798400e+00  -1.4458900e+01   4.3640500e+01  -2.0000000e+00
   1.8900000e+02  -8.7289200e+00  -4.0341900e+00   1.6349300e+01   1.0000000e+00
   1.9000000e+02   4.6752900e+00   7.5512800e+00   1.7291800e+01   1.0000000e+00
   1.9100000e+02   1.2041000e+01   3.4762800e+00   5.7003300e+01  -3.0000000e+00
   1.9200000e+02   9.7291300e+00  -9.9461700e+00   4.4248200e+01   2.0000000e+00
   1.9300000e+02  -1.0588700e+01   1.4860300e+01   2.9023500e+01  -2.0000000e+00
   1.9400000e+02  -5.0814400e+00   1.5452600e+01   2.8868300e+01  -2.0000000e+00
   1.9500000e+02   9.9461700e+00  -2.3761300e+00   4.5446400e+01   2.0000000e+00
   1.9600000e+02   1.3012600e+01  -1.2583700e-01   4.0643500e+01  -3.0000000e+00
   1.9700000e+02  -4.9709100e+00  -1.0516100e+01   1.6582100e+01   1.0000000e+00
   1.9800000e+02   1.3237200e+01  -1.0920900e+01   4.4297000e+01  -2.0000000e+00
   1.9900000e+02   1.4340800e+01  -6.8721900e+00   4.4341000e+01  -2.0000000e+00
   2.0000000e+02   2.8883700e-01  -1.0508500e+01   4.8364600e+01  -3.0000000e+00
   2.0100000e+02   1.4878100e+01  -4.8824400e+00   4.1745800e+01  -2.0000000e+00
   2.0200000e+02   5.1459800e+00  -1.2990200e+01   4.4202100e+01   2.0000000e+00
   2.0300000e+02  -1.2218500e+00  -3.9885400e+00   1.6600000e+01   1.0000000e+00
   2.0400000e+02   4.6942100e-01   2.9542700e+00   1.6283900e+01   1.0000000e+00
   2.0500000e+02   1.6437400e+01  -6.3673500e+00   5.4698300e+01  -1.0000000e+00
   2.0600000e+02  -1.3518700e+00   9.0116700e+00   1.7151000e+01   1.0000000e+00
   2.0700000e+02   5.4044200e+00  -5.5013700e+00   4.4417400e+01   2.0000000e+00
   2.0800000e+02  -1.0991100e+01  -9.0472000e+00   1.6426500e+01   1.0000000e+00
   2.0900000e+02  -4.7599000e+00   7.9703800e+00   1.7019600e+01   1.0000000e+00
   2.1000000e+02   1.1576800e+01   1.3316400e+00   4.2612600e+01  -3.0000000e+00
   2.1100000e+02  -3.3737700e+00   9.4872500e+00   1.6915200e+01   1.0000000e+00
   2.1200000e+02  -1.7676200e+01  -5.5447400e+00   1.6744300e+01  -1.0000000e+00
   2.1300000e+02  -2.2128200e+00  -1.6144700e+01   2.9986500e+01  -1.0000000e+00
   2.1400000e+02  -2.1017900e-01   1.8147700e+01   1.5850500e+01  -1.0000000e+00
   2.1500000e+02   1.2247700e+01   7.5855000e+00   8.7425300e+00  -3.0000000e+00
   2.1600000e+02   8.6042600e+00   1.0916300e+00   3.1890400e+01  -3.0000000e+00
   2.1700000e+02   4.3405100e+00   1.5040600e+01   1.6312100e+01  -2.0000000e+00
   2.1800000e+02   1.4080400e+01   3.8791100e+00   4.3266200e+01  -3.0000000e+00
   2.1900000e+02   1.6297900e+01   7.3512700e+00   4.4334400e+00  -1.0000000e+00
   2.2000000e+02  -7.0770900e-01   6.9746900e+00   1.6822800e+01   1.0000000e+00
   2.2100000e+02   5.9185900e+00   3.5256600e+00   1.7072600e+01   1.0000000e+00
   2.2200000e+02  -1.3214400e+01   4.3646900e+00   1.6315900e+01   1.0000000e+00
   2.2300000e+02  -1.2277200e+01   7.8317300e+00   1.6263100e+01   1.0000000e+00
   2.2400000e+02   3.0401100e+00   4.8175100e-01   1.7073000e+01  -3.0000000e+00
   2.2500000e+02  -3.9400800e+00   1.1474800e+01   1.6289900e+01   1.0000000e+00
   2.2600000e+02   6.8384100e+00  -6.9945000e+00   4.4428600e+01   2.0000000e+00
   2.2700000e+02  -7.7879600e+00  -1.3523900e+01   1.6943700e+01   1.0000000e+00
   2.2800000e+02   7.3881900e+00  -4.9728700e+00   4.4499900e+01   2.0000000e+00
   2.2900000e+02  -7.9678600e+00   1.2400900e+01   1.6808500e+01   1.0000000e+00
   2.3000000e+02   8.8447600e+00  -6.4680200e+00   4.4681300e+01   2.0000000e+00
   2.3100000e+02   7.2997800e+00   5.0856200e+00   1.7150300e+01   1.0000000e+00
   2.3200000e+02   9.9808500e+00   2.6351000e+00   1.9584200e+01  -3.0000000e+00
   2.3300000e+02  -1.6331400e+01  -3.9608400e+00   1.6704200e+01  -2.0000000e+00
   2.3400000e+02  -4.6733000e+00  -5.0438400e+00   1.6212400e+01   1.0000000e+00
   2.3500000e+02  -1.0733500e+01  -3.5601900e+00   1.6389000e+01   1.0000000e+00
   2.3600000e+02  -2.4215800e+00  -2.5392200e-02   1.6213800e+01   1.0000000e+00
   2.3700000e+02  -1.2855800e+01   9.8727100e+00   1.6017700e+01   1.0000000e+00
   2.3800000e+02  -1.0518600e+00   1.4499500e+01   1.6729900e+01   1.0000000e+00
   2.3900000e+02   6.9580500e+00   1.2529800e+01   1.6597000e+01   1.0000000e+00
   2.4000000e+02  -1.4161800e+01  -4.5629500e+00   1.5718200e+01   1.0000000e+00
   2.4100000e+02   1.0180900e+01   8.0941800e+00   1.6284500e+01   1.0000000e+00
   2.4200000e+02  -4.4153200e+00   4.6591300e-01   1.5968500e+01   1.0000000e+00
   2.4300000e+02  -1.0844300e+01   9.3573800e+00   1.6692200e+01   1.0000000e+00
   2.4400000e+02   1.0224700e+00   9.6953600e-01   1.6175900e+01   1.0000000e+00
   2.4500000e+02   1.2762300e+00   6.4615300e+00   1.6888000e+01   1.0000000e+00
   2.4600000e+02  -1.4016100e+01   1.3816100e+01   3.1754500e+01  -1.0000000e+00
   2.4700000e+02  -1.1215300e+01  -1.4623500e+01   1.7704900e+01  -1.0000000e+00
   2.4800000e+02   3.5090000e+00   1.1498600e+01   1.5736700e+01   1.0000000e+00
   2.4900000e+02   1.1967800e+01  -1.5000800e+01   4.2863500e+01  -1.0000000e+00
   2.5000000e+02  -1.3413100e+01   1.1854000e+01   1.6249600e+01  -2.0000000e+00
   2.5100000e+02   6.2842300e+00  -8.9792400e+00   4.4407900e+01   2.0000000e+00
   2.5200000e+02   1.3270300e+00  -6.5125600e+00   1.9189100e+01  -3.0000000e+00
   2.5300000e+02   1.2871000e+01  -5.4112000e+00   4.4393900e+01   2.0000000e+00
   2.5400000e+02   7.9426000e+00  -2.9795900e+00   4.5378900e+01   2.0000000e+00
   2.5500000e+02  -1.0245100e+01   7.3881700e+00   1.6841700e+01   1.0000000e+00
   2.5600000e+02  -6.5122800e+00   1.3954900e+01   1.6375100e+01  -2.0000000e+00
   2.5700000e+02  -8.7971200e+00   8.9184000e+00   1.6689100e+01   1.0000000e+00
   2.5800000e+02  -1.6067400e+01   1.3661000e+00   1.5788800e+01  -2.0000000e+00
   2.5900000e+02   1.1384800e+01  -3.8880400e+00   4.4638100e+01   2.0000000e+00
   2.6000000e+02   1.3568300e+01   1.8559600e+00   4.4963400e+01   1.0000000e+00
   2.6100000e+02   7.7861700e+00   1.6069700e+01   5.1742100e+00  -2.0000000e+00
   2.6200000e+02  -7.3934100e+00   1.0425800e+01   1.6772800e+01   1.0000000e+00
   2.6300000e+02   3.1303100e+00  -1.3527000e+01   4.4244200e+01   2.0000000e+00
   2.6400000e+02  -4.1493000e-01  -5.2330200e-01   1.6464300e+01   1.0000000e+00
   2.6500000e+02  -3.2444700e+00  -3.5221600e+00   1.6883200e+01   1.0000000e+00
   2.6600000e+02  -1.1872000e+01  -1.2557700e+01   1.6927500e+01  -2.0000000e+00
   2.6700000e+02  -1.1915500e+01   4.3544900e-01   6.0560800e+00   0.0000000e+00
   2.6800000e+02   6.7094300e+00   7.0867900e+00   1.6574600e+01   1.0000000e+00
   2.6900000e+02   5.4573800e+00  -1.8545500e+01   4.5808700e+01  -1.0000000e+00
   2.7000000e+02  -1.4886600e+01   1.0325100e+01   1.6418100e+01  -2.0000000e+00
   2.7100000e+02  -4.3405800e+00  -1.2496900e+01   1.6965000e+01   1.0000000e+00
   2.7200000e+02  -1.5897900e+01  -1.1512400e+01   4.5237900e+01  -1.0000000e+00
   2.7300000e+02  -9.8263800e+00  -1.3050800e+01   1.6997000e+01  -2.0000000e+00
   2.7400000e+02  -1.1304800e+01  -1.5462400e+00   1.6995500e+01   1.0000000e+00
   2.7500000e+02  -8.9799600e+00  -9.5318800e+00   1.6446100e+01   1.0000000e+00
   2.7600000e+02   5.9624500e+00  -3.4921000e+00   5.6886600e+01   2.0000000e+00
   2.7700000e+02   9.3959800e+00  -4.4471900e+00   4.5124000e+01   2.0000000e+00
   2.7800000e+02  -1.4945600e+00  -9.4497400e+00   2.1466000e+01  -3.0000000e+00
   2.7900000e+02   1.5233900e+01  -1.0380000e+01   5.9270500e+01  -1.0000000e+00
   2.8000000e+02   7.5264200e+00   1.0547500e+01   1.6719900e+01   1.0000000e+00
   2.8100000e+02  -1.0166700e+01  -5.5676400e+00   1.6651900e+01   1.0000000e+00
   2.8200000e+02  -3.0622100e+00   1.4978800e+01   1.6709200e+01  -2.0000000e+00
   2.8300000e+02   2.4643800e+00   2.4690700e+00   1.6677900e+01   1.0000000e+00
   2.8400000e+02   1.0877100e+01  -5.8883500e+00   4.4700400e+01   2.0000000e+00
   2.8500000e+02  -5.3810700e+00   9.9586000e+00   1.6846500e+01   1.0000000e+00
   2.8600000e+02   4.9485900e+00   1.2996300e+01   1.6485900e+01   1.0000000e+00
   2.8700000e+02  -9.9084500e+00   1.7950100e-02   2.8326200e+01   0.0000000e+00
   2.8800000e+02   7.1469500e+00  -1.2472200e+01   4.4260200e+01   2.0000000e+00
   2.8900000e+02  -2.7090500e+00   7.4580300e+00   1.6920600e+01   1.0000000e+00
   2.9000000e+02   1.5832000e+01   9.4176000e+00  -9.8544900e-02  -1.0000000e+00
   2.9100000e+02   1.5974900e+01  -3.0433800e+00   4.1189700e+01  -2.0000000e+00
   2.9200000e+02  -2.0819300e+00  -7.4907600e+00   1.6719100e+01  -3.0000000e+00
   2.9300000e+02  -1.3032400e+01  -8.5523800e+00   1.6154900e+01   1.0000000e+00
   2.9400000e+02  -5.5839000e+00   4.4680100e+00   1.6730700e+01   1.0000000e+00
   2.9500000e+02   1.0303300e+01  -7.9637700e+00   4.4572000e+01   2.0000000e+00
   2.9600000e+02  -8.5875200e+00   1.4421900e+01   1.6452900e+01  -2.0000000e+00
   2.9700000e+02   3.8990600e+00   4.0258300e+00   1.7073500e+01   1.0000000e+00
   2.9800000e+02   1.2475000e+01   1.3934500e+01  -1.2509600e+00  -1.0000000e+00
   2.9900000e+02   1.0395000e+01  -3.6837000e-01   4.1794900e+01  -3.0000000e+00
