   0.0000000e+00  -6.1563400e+00   5.5644900e+00   4.2229300e+01   2.0000000e+00
   1.0000000e+00   1.3617000e+00  -4.4752200e+00   7.4571600e+00   0.0000000e+00
   2.0000000e+00  -4.3114800e+00   6.4850000e+00   5.4194600e+01   2.0000000e+00
   3.0000000e+00  -1.3431100e+01   6.1855400e+00   3.9085300e+01  -2.0000000e+00
   4.0000000e+00   1.1550900e+01  -6.3415400e+00   2.0696500e+01   1.0000000e+00
   5.0000000e+00   3.3670500e+00   6.0415600e-01   3.6909100e+01  -3.0000000e+00
   6.0000000e+00   4.2135900e+00   2.4774000e+00   4.5714300e+01  -3.0000000e+00
   7.0000000e+00  -1.2144300e+01  -1.4878100e+01   1.9720200e+01  -1.0000000e+00
   8.0000000e+00  -3.6865200e+00   1.2677600e+01   5.4199700e+01   2.0000000e+00
   9.0000000e+00   1.3014200e+01  -1.0225500e+01   1.9308900e+01  -2.0000000e+00
   1.0000000e+01   1.2171900e+01  -2.7917300e+00   2.1462800e+01   1.0000000e+00
   1.1000000e+01  -5.3708400e+00   1.3891000e+01   5.4221800e+01   2.0000000e+00
   1.2000000e+01  -9.3295400e+00   1.0083200e+01   5.4120300e+01   2.0000000e+00
   1.3000000e+01   1.0697400e+01   1.1103100e+01   5.3112300e+01   2.0000000e+00
   1.4000000e+01  -5.9247000e-01  -9.6004500e+00   1.9392700e+01   1.0000000e+00
   1.5000000e+01  -3.2875000e+00   1.6851100e+01   4.3571000e+01  -2.0000000e+00
   1.6000000e+01   3.5392400e+00  -1.5915500e+01   3.2974900e+01  -2.0000000e+00
   1.7000000e+01   7.7908300e+00   2.0239000e+00   6.7586100e+01  -3.0000000e+00
   1.8000000e+01  -1.1562000e+01  -5.7338900e+00   1.9280400e+01   1.0000000e+00
   1.9000000e+01  -4.5739700e+00  -1.4402400e+01   1.9504600e+01   1.0000000e+00
   2.0000000e+01  -1.2156800e+01  -9.3463800e+00   2.0323600e+01   1.0000000e+00
   2.1000000e+01  -6.7064100e+00  -8.4623200e+00   1.9603200e+01   1.0000000e+00
   2.2000000e+01   1.4795600e+01   4.3574400e-01   2.2396200e+01   1.0000000e+00
   2.3000000e+01   1.5413500e+01   4.9537400e+00   4.0100800e+01  -2.0000000e+00
   2.4000000e+01   1.1213900e+01   1.5255500e+01   5.1589900e+01  -1.0000000e+00
   2.5000000e+01   1.8557100e+01  -3.8465300e+00   1.9259300e+01  -1.0000000e+00
   2.6000000e+01   1.6419200e+01  -9.0396900e+00   3.3727000e+01  -1.0000000e+00
   2.7000000e+01   1.0716900e+01   1.0987900e+00   2.3481500e+01  -3.0000000e+00
   2.8000000e+01  -1.0922600e+01   1.3401100e+01   5.5061400e+01  -2.0000000e+00
   2.9000000e+01  -7.9638100e+00  -1.5609100e+01   6.6021400e+00  -2.0000000e+00
   3.0000000e+01   7.2804900e+00   1.3693300e+01   5.3433100e+01  -2.0000000e+00
   3.1000000e+01   1.0320700e+01  -1.3435200e+01   2.0281800e+01  -2.0000000e+00
   3.2000000e+01  -8.8844400e+00   2.8572800e+00   3.7091900e+01  -3.0000000e+00
   3.3000000e+01   1.2595800e+01   1.1900100e+01   5.2655900e+01  -2.0000000e+00
   3.4000000e+01  -1.0659900e+01   1.5500600e+01   5.3054300e+01  -1.0000000e+00
   3.5000000e+01   2.3013400e+00   1.7418100e+01   3.8231900e+01  -1.0000000e+00
   3.6000000e+01   4.0909100e+00  -6.8504100e+00   1.9539900e+01   1.0000000e+00
   3.7000000e+01   2.6903400e+00  -2.9095600e+00   1.9434700e+01   1.0000000e+00
   3.8000000e+01   4.8133500e+00  -8.8180900e+00   1.9606400e+01   1.0000000e+00
   3.9000000e+01   7.5807500e+00  -1.1117300e+01   1.9647900e+01   1.0000000e+00
   4.0000000e+01   5.4914800e+00  -1.0753300e+01   1.9642800e+01   1.0000000e+00
   4.1000000e+01  -8.1359900e+00  -4.5729900e+00   1.9596400e+01   1.0000000e+00
   4.2000000e+01  -1.2284100e+01   1.6909800e+00   1.9505300e+01   1.0000000e+00
   4.3000000e+01  -5.1416500e+00   1.5936100e+01   5.5014900e+01  -2.0000000e+00
   4.4000000e+01   1.3632000e+00   9.0635000e+00   5.3887200e+01   2.0000000e+00
   4.5000000e+01  -1.3471300e+01  -1.0930700e+01   1.9780400e+01  -2.0000000e+00
   4.6000000e+01  -3.3514100e+00  -7.2631000e+00   1.9515300e+01   1.0000000e+00
   4.7000000e+01   7.4563800e+00  -5.6203100e+00   1.9950500e+01   1.0000000e+00
   4.8000000e+01   6.8363500e+00   9.4673100e+00   5.3719500e+01   2.0000000e+00
   4.9000000e+01  -8.9975200e+00   1.4214300e+01   5.3952300e+01  -2.0000000e+00
   5.0000000e+01   5.3919500e+00   1.2774400e+01   5.4337500e+01   2.0000000e+00
   5.1000000e+01   1.0878400e+01   1.3176300e+01   5.2631500e+01  -2.0000000e+00
   5.2000000e+01  -9.4996100e+00  -6.1425200e+00   1.9743800e+01   1.0000000e+00
   5.3000000e+01   1.3389500e+01   4.4376600e+00   3.5486500e+01  -3.0000000e+00
   5.4000000e+01  -4.5413800e+00   4.3043900e+00   6.8010200e+01  -3.0000000e+00
   5.5000000e+01   1.0118800e+01  -2.4733700e+00   2.0699700e+01   1.0000000e+00
   5.6000000e+01   8.2694100e+00   6.1994600e+00   5.2812000e+01   2.0000000e+00
   5.7000000e+01   1.1045200e+01  -1.5383900e+01   2.0543200e+01  -1.0000000e+00
   5.8000000e+01  -1.5836400e+00   1.5622500e+01   5.4912600e+01  -2.0000000e+00
   5.9000000e+01  -1.0099500e+01  -9.6935600e+00   2.0174100e+01   1.0000000e+00
   6.0000000e+01  -1.3260200e+01   8.2510600e+00   5.5483400e+01  -2.0000000e+00
   6.1000000e+01  -1.9509300e+00  -1.1183300e+01   1.9862900e+01   1.0000000e+00
   6.2000000e+01  -1.2942500e+01  -1.8340700e+00   1.9334100e+01   1.0000000e+00
   6.3000000e+01   4.0344600e+00  -1.3352200e+00   2.0383400e+01   1.0000000e+00
   6.4000000e+01  -1.2212000e+01  -3.7550300e+00   1.9127600e+01   1.0000000e+00
   6.5000000e+01   1.4501900e+01   1.2667300e+01   5.2386000e+01  -1.0000000e+00
   6.6000000e+01  -1.1060100e+01   1.1362500e+01   5.5579100e+01   2.0000000e+00
   6.7000000e+01   2.0402900e+00  -6.4298500e+00   1.9455500e+01   0.0000000e+00
   6.8000000e+01   9.3773800e+00  -5.0333600e-01   3.2269600e+01  -3.0000000e+00
   6.9000000e+01  -6.0628800e+00  -4.9171300e+00   1.9867600e+01   1.0000000e+00
   7.0000000e+01  -8.8059300e+00  -2.5911300e+00   1.9415500e+01   1.0000000e+00
   7.1000000e+01  -9.1629600e+00   1.2153900e+01   5.4770700e+01   2.0000000e+00
   7.2000000e+01   1.3590400e+00   9.9486900e-01   6.4188600e+00  -3.0000000e+00
   7.3000000e+01   1.1886500e+01   2.8590600e+00   3.4890000e+01  -3.0000000e+00
   7.4000000e+01   1.2950200e+01  -4.6958700e+00   2.0720800e+01   1.0000000e+00
   7.5000000e+01  -9.5122300e+00  -6.3752500e-01   1.9932300e+01   1.0000000e+00
   7.6000000e+01  -5.5638500e+00   1.1839600e+01   5.4213100e+01   2.0000000e+00
   7.7000000e+01   1.3621800e+01  -6.6327100e+00   1.9773200e+01   1.0000000e+00
   7.8000000e+01  -1.1428600e+01  -1.1274100e+01   2.0447500e+01   1.0000000e+00
   7.9000000e+01   4.7297500e+00  -3.2936100e+00   1.9470400e+01   1.0000000e+00
   8.0000000e+01   1.2322500e+01  -8.2507600e+00   2.0432400e+01   1.0000000e+00
   8.1000000e+01   1.7306700e+01   5.9315500e+00   5.4839400e+01  -1.0000000e+00
   8.2000000e+01  -6.1473700e+00   6.4272000e-01   2.0187800e+01  -3.0000000e+00
   8.3000000e+01  -1.0238400e+01   1.2987000e+00   1.9546600e+01   1.0000000e+00
   8.4000000e+01  -1.2895100e+01  -7.3932500e+00   1.9614100e+01   1.0000000e+00
   8.5000000e+01  -1.4899500e+01  -6.9167700e+00   1.9412500e+01  -2.0000000e+00
   8.6000000e+01   1.1414400e+01  -8.4762300e-01   2.0631200e+01   1.0000000e+00
   8.7000000e+01   6.8789800e+00  -9.1854000e+00   2.0013100e+01   1.0000000e+00
   8.8000000e+01   1.0974800e+01  -9.8501500e+00   2.0293600e+01   1.0000000e+00
   8.9000000e+01   8.5133200e+00   8.2539200e+00   5.3523000e+01   2.0000000e+00
   9.0000000e+01  -1.4839100e+01  -1.2490600e+01   1.9588900e+01  -1.0000000e+00
   9.1000000e+01  -9.9162000e-02   1.2323700e+01   5.4018600e+01   2.0000000e+00
   9.2000000e+01  -2.8153100e+00   2.1538600e+00   3.1017000e+01  -3.0000000e+00
   9.3000000e+01   1.5592500e+01  -1.4823900e+00   2.1353200e+01   1.0000000e+00
   9.4000000e+01   1.3765500e+01   6.4509200e+00   5.0730500e+01  -3.0000000e+00
   9.5000000e+01  -2.6899400e+00   5.1906300e+00   3.9310100e+01  -3.0000000e+00
   9.6000000e+01   1.4988300e+01  -5.0764800e+00   1.9522500e+01   1.0000000e+00
   9.7000000e+01  -5.1029100e+00  -1.8132500e+01   2.1111000e+01  -1.0000000e+00
   9.8000000e+01  -1.4979700e+01  -1.4463600e+00   1.8750100e+01   1.0000000e+00
   9.9000000e+01   1.6007300e+01   2.1580200e+00   3.5450200e+01  -2.0000000e+00
   1.0000000e+02  -5.4136900e-01   8.2206800e+00   5.4229100e+01   2.0000000e+00
   1.0100000e+02   8.2477700e+00  -1.3057200e+01   1.9930700e+01   1.0000000e+00
   1.0200000e+02   8.1825000e+00  -7.5890700e+00   2.0587100e+01   1.0000000e+00
   1.0300000e+02  -7.8499900e+00   6.8075600e+00   5.4629300e+01   2.0000000e+00
   1.0400000e+02  -1.6430900e+01   8.0401300e+00   2.0355400e+01  -1.0000000e+00
   1.0500000e+02  -7.6652500e+00   8.8792000e+00   5.4400000e+01   2.0000000e+00
   1.0600000e+02  -4.1094000e+00   2.4590700e-01   2.0468000e+01  -3.0000000e+00
   1.0700000e+02   1.6839200e+01   1.9034600e-01   2.3813800e+01  -2.0000000e+00
   1.0800000e+02   1.2769100e+01   7.5836600e-01   2.1532500e+01   1.0000000e+00
   1.0900000e+02   2.0133200e+00   1.5238600e+01   5.3675300e+01  -2.0000000e+00
   1.1000000e+02   8.9751300e+00   1.2395100e+01   5.2887500e+01   2.0000000e+00
   1.1100000e+02   6.9162500e+00  -1.4699500e+01   2.0002000e+01  -2.0000000e+00
   1.1200000e+02  -5.4456300e+00  -1.3417400e+00   1.9953900e+01   1.0000000e+00
   1.1300000e+02  -1.5011800e+01   4.1384300e+00   1.6810600e+01  -2.0000000e+00
   1.1400000e+02  -1.1229300e+01   9.2654800e+00   5.4976500e+01   2.0000000e+00
   1.1500000e+02  -1.3060900e+00  -7.6607300e+00   7.7984000e+00   0.0000000e+00
   1.1600000e+02   1.7856400e+01  -7.5516300e+00   1.8469700e+01  -1.0000000e+00
   1.1700000e+02  -6.0024000e+00  -1.0418300e+01   1.9309300e+01   1.0000000e+00
   1.1800000e+02   9.6170000e+00  -1.1484100e+01   1.9994000e+01   1.0000000e+00
   1.1900000e+02  -1.2764100e+01  -1.2895100e+01   7.6430400e+00  -2.0000000e+00
   1.2000000e+02   1.2087800e+01   7.7684500e+00   5.1600100e+01   2.0000000e+00
   1.2100000e+02  -6.6213600e+00  -1.3992500e+01   1.9427200e+01   1.0000000e+00
   1.2200000e+02  -1.3584500e+01  -5.3376200e+00   1.9542300e+01   1.0000000e+00
   1.2300000e+02  -6.9370600e+00   1.7227700e+01   5.5768100e+01  -1.0000000e+00
   1.2400000e+02  -1.5505300e+01   6.2055600e+00   5.4339500e+00  -1.0000000e+00
   1.2500000e+02   7.6640000e+00  -1.6673100e+01   2.0337100e+01  -1.0000000e+00
   1.2600000e+02   3.0508700e+00   7.8436000e+00   5.3534100e+01   2.0000000e+00
   1.2700000e+02   1.2360400e+01   9.8511400e+00   5.2205900e+01   2.0000000e+00
   1.2800000e+02  -1.3902500e+00  -2.1012300e+00   1.9541200e+01   1.0000000e+00
   1.2900000e+02   9.2118500e+00   1.4455800e+01   4.0011500e+01  -2.0000000e+00
   1.3000000e+02  -2.9924900e-02  -5.2989900e-01   1.9358800e+01   1.0000000e+00
   1.3100000e+02  -1.2971000e+01   1.0361700e+01   5.5643500e+01  -2.0000000e+00
   1.3200000e+02   6.3667300e+00   5.3789400e+00   5.3191400e+01   2.0000000e+00
   1.3300000e+02   1.0159800e+01   7.0079100e+00   5.2203200e+01   2.0000000e+00
   1.3400000e+02   4.8807900e+00  -1.4288600e+01   1.9842500e+01  -2.0000000e+00
   1.3500000e+02  -8.6472800e+00  -1.3584900e+01   1.9399900e+01  -2.0000000e+00
   1.3600000e+02  -1.4214100e+01  -8.9630800e+00   1.9152000e+01  -2.0000000e+00
   1.3700000e+02  -3.3165400e-01   1.0270800e+01   5.4022200e+01   2.0000000e+00
   1.3800000e+02   1.5690700e+01   7.2458600e+00   5.2400500e+01  -2.0000000e+00
   1.3900000e+02   1.0240700e+01  -7.9273800e+00   2.0900400e+01   1.0000000e+00
   1.4000000e+02  -1.7819000e+01   9.8845900e-01   2.5515900e+00  -1.0000000e+00
   1.4100000e+02   3.4978500e+00   1.1943400e+01   5.3944200e+01   2.0000000e+00
   1.4200000e+02   1.5027900e+01  -1.0624800e+01   3.4034600e+01  -1.0000000e+00
   1.4300000e+02   8.7104000e+00   1.0324200e+01   5.3379300e+01   2.0000000e+00
   1.4400000e+02   3.2548700e+00   9.8912700e+00   5.3735200e+01   2.0000000e+00
   1.4500000e+02   1.2352000e+01  -1.3770800e+01   3.2046300e+01  -2.0000000e+00
   1.4600000e+02   6.0744400e+00  -1.7210500e+00   1.9149600e+01   1.0000000e+00
   1.4700000e+02   9.8724100e+00   4.9136200e+00   6.4822700e+01  -3.0000000e+00
   1.4800000e+02   1.4276000e+01   1.0582700e+01   5.2481600e+01  -2.0000000e+00
   1.4900000e+02  -1.8445700e+01   3.2001900e+00   1.5600000e+01  -1.0000000e+00
   1.5000000e+02  -5.9398000e+00  -1.5950200e+01   1.9528000e+01  -2.0000000e+00
   1.5100000e+02   9.6676200e+00   2.8722000e+00   3.2468200e+01  -3.0000000e+00
   1.5200000e+02  -1.4925000e+01   9.4911600e+00   5.9117400e+01  -1.0000000e+00
   1.5300000e+02  -1.0917500e+01   3.2328700e+00   7.2797300e+00  -3.0000000e+00
   1.5400000e+02  -1.6410800e+01  -3.0332500e+00   1.9917700e+01  -2.0000000e+00
   1.5500000e+02  -1.4322800e+01  -3.3867000e+00   1.9718700e+01   1.0000000e+00
   1.5600000e+02  -1.0701300e+01  -1.3200700e+01   1.9987600e+01  -2.0000000e+00
   1.5700000e+02   1.4398800e+01  -1.4142300e+01  -1.0204500e+01  -1.0000000e+00
   1.5800000e+02  -2.7006800e+00  -3.7131300e+00   1.9824200e+01   1.0000000e+00
   1.5900000e+02  -1.2823200e+01   1.2458600e+01   6.8462400e+01  -2.0000000e+00
   1.6000000e+02  -1.7640500e+00   1.3541900e+01   5.4534900e+01   2.0000000e+00
   1.6100000e+02   2.3237500e-01  -1.7156700e+01   1.9893000e+01  -1.0000000e+00
   1.6200000e+02   1.5666000e+01  -7.0761100e+00   1.9180600e+01  -2.0000000e+00
   1.6300000e+02   1.4012300e+01   8.4984600e+00   5.2183600e+01  -2.0000000e+00
   1.6400000e+02   2.7754800e+00  -8.4258600e+00   1.9625600e+01   1.0000000e+00
   1.6500000e+02   9.1689700e-01   4.9717500e+00   5.5062000e+01   2.0000000e+00
   1.6600000e+02   8.0340100e-01  -1.3572400e+01   1.9910400e+01   1.0000000e+00
   1.6700000e+02  -2.0823300e+00  -1.7854700e-01   1.9783800e+01   1.0000000e+00
   1.6800000e+02   6.2295600e+00  -1.2706300e+01   1.9792700e+01   1.0000000e+00
   1.6900000e+02   4.6974900e+00   6.5969000e+00   5.3295000e+01   2.0000000e+00
   1.7000000e+02  -5.2947000e+00  -1.2420200e+01   1.9544900e+01   1.0000000e+00
   1.7100000e+02   2.5566500e+00   3.6869300e+00   4.0854300e+01  -3.0000000e+00
   1.7200000e+02   1.1775300e+01   5.7346100e+00   3.9474300e+01  -3.0000000e+00
   1.7300000e+02   5.1328800e-01   1.8668200e+01   5.4748000e+01  -1.0000000e+00
   1.7400000e+02   9.0012500e+00  -1.5032600e+01   3.2661600e+01  -2.0000000e+00
   1.7500000e+02  -4.0366700e+00  -5.3060600e+00   1.9391100e+01   1.0000000e+00
   1.7600000e+02   1.2868200e+01   1.3970700e+01   3.6962500e+01  -1.0000000e+00
   1.7700000e+02   1.3694300e+01  -1.2193800e+01   1.9425500e+01  -2.0000000e+00
   1.7800000e+02  -3.9766200e+00  -1.0846100e+01   1.9814000e+01   1.0000000e+00
   1.7900000e+02   8.1051500e+00  -2.1094400e+00   2.0043800e+01   1.0000000e+00
   1.8000000e+02  -7.9526800e-01   6.1035700e+00   5.3734100e+01   2.0000000e+00
   1.8100000e+02  -1.4751900e+01   1.1552900e+01   5.5525700e+01  -1.0000000e+00
   1.8200000e+02  -5.3752200e+00  -6.8916800e+00   1.9539400e+01   1.0000000e+00
   1.8300000e+02  -4.8828700e+00   2.2761200e+00   3.8571800e+01  -3.0000000e+00
   1.8400000e+02   7.9919200e+00   4.1132900e+00   5.3333700e+01   2.0000000e+00
   1.8500000e+02   1.8137500e+00   1.3168700e+01   5.4217300e+01   2.0000000e+00
   1.8600000e+02   1.0858600e+01  -4.4028400e+00   2.0528700e+01   1.0000000e+00
   1.8700000e+02  -1.5647000e+01  -4.9661100e+00   2.0683000e+01  -2.0000000e+00
   1.8800000e+02   1.7787700e+01  -1.8579700e+00   2.2791600e+01  -2.0000000e+00
   1.8900000e+02   6.1297700e+00  -7.2459200e+00   2.0211900e+01   1.0000000e+00
   1.9000000e+02  -7.2420100e+00   1.3037500e+01   5.4836400e+01   2.0000000e+00
   1.9100000e+02  -3.8628300e+00  -1.6349500e+01   3.2377200e+01  -2.0000000e+00
   1.9200000e+02   3.6934300e+00   1.4053700e+01   5.4106800e+01   2.0000000e+00
   1.9300000e+02  -9.5797300e+00   8.0309500e+00   5.4076700e+01   2.0000000e+00
   1.9400000e+02   5.1813900e+00   1.0736200e+01   5.3668900e+01   2.0000000e+00
   1.9500000e+02   3.4676100e+00  -1.0370800e+01   1.9706500e+01   1.0000000e+00
   1.9600000e+02  -1.3003800e+01   3.6370500e+00   1.6911700e+01  -3.0000000e+00
   1.9700000e+02  -1.1566000e+01  -2.6403400e-01   1.9744500e+01   1.0000000e+00
   1.9800000e+02   1.7173300e+01   3.8555400e+00   4.1063500e+01  -1.0000000e+00
   1.9900000e+02   2.8064000e+00   5.7925000e+00   5.3208500e+01   2.0000000e+00
   2.0000000e+02   5.4156100e+00  -5.2596900e+00   1.9693600e+01   1.0000000e+00
   2.0100000e+02  -7.0465900e+00   1.5079600e+01   5.4906800e+01  -2.0000000e+00
   2.0200000e+02  -8.5080600e-01   1.5130700e+00   1.6806100e+01  -3.0000000e+00
   2.0300000e+02   2.1342800e+00  -1.1973900e+01   1.9878700e+01   1.0000000e+00
   2.0400000e+02   8.8000100e+00  -4.0567200e+00   1.9737400e+01   1.0000000e+00
   2.0500000e+02  -2.2295400e+00   9.4044900e+00   5.4340800e+01   2.0000000e+00
   2.0600000e+02  -7.3908300e+00  -1.7611400e+01   1.7334100e+01  -1.0000000e+00
   2.0700000e+02   1.1374400e+00   7.0228300e+00   5.4049800e+01   2.0000000e+00
   2.0800000e+02   4.4629300e+00   4.5299800e+00   5.3234900e+01   2.0000000e+00
   2.0900000e+02  -1.7704200e+01  -4.6533200e+00   5.6268100e+00  -1.0000000e+00
   2.1000000e+02   8.7422800e-02  -1.1605200e+01   1.9494000e+01   1.0000000e+00
   2.1100000e+02   7.3171200e-01  -8.0166800e+00   3.1705600e+01   0.0000000e+00
   2.1200000e+02  -2.4446300e+00   7.3440100e+00   5.4041400e+01   2.0000000e+00
   2.1300000e+02   1.7025300e+01  -5.4592200e+00   1.9202300e+01  -2.0000000e+00
   2.1400000e+02  -9.3864300e+00  -1.1619700e+01   2.0113500e+01   1.0000000e+00
   2.1500000e+02  -2.5431700e+00  -1.4769200e+01   1.9367800e+01  -2.0000000e+00
   2.1600000e+02  -8.0570300e+00   4.7404000e+00   4.6297200e+01  -3.0000000e+00
   2.1700000e+02  -8.0292900e+00  -1.0027300e+01   1.9708200e+01   1.0000000e+00
   2.1800000e+02   2.3223500e+00  -1.7622700e+01   2.1080100e+01  -1.0000000e+00
   2.1900000e+02   6.4425800e-01   2.9379600e+00   4.1944900e+01  -3.0000000e+00
   2.2000000e+02   1.8066700e+01   1.8843600e+00   8.5776400e+00  -1.0000000e+00
   2.2100000e+02  -1.0822000e+01  -7.7354900e+00   2.0341200e+01   1.0000000e+00
   2.2200000e+02   9.4868100e+00  -5.9947100e+00   2.0133200e+01   1.0000000e+00
   2.2300000e+02   2.8259400e+00  -1.3966400e+01   2.0106800e+01   1.0000000e+00
   2.2400000e+02   7.3304200e+00  -9.0598800e-02   3.5643400e+01  -3.0000000e+00
   2.2500000e+02  -1.3116000e+00   3.5677000e+00   3.1512300e+01  -3.0000000e+00
   2.2600000e+02   1.1660000e+01  -1.1796700e+01   1.9824100e+01   1.0000000e+00
   2.2700000e+02  -5.0452900e-01  -1.5205400e+01   1.9936600e+01  -2.0000000e+00
   2.2800000e+02   5.4197300e+00   6.6149200e-01   1.0864000e+01  -3.0000000e+00
   2.2900000e+02  -1.8420500e+01  -2.6295000e+00   1.9885700e+01  -1.0000000e+00
   2.3000000e+02  -1.1619100e+01   5.1568100e+00   4.1242500e+01  -3.0000000e+00
   2.3100000e+02  -1.6432900e+01   2.5354100e+00   1.7199500e+01  -2.0000000e+00
   2.3200000e+02   1.5978200e+00   1.1109100e+01   5.3792300e+01   2.0000000e+00
   2.3300000e+02  -1.9939200e+00   1.1483900e+01   5.4076200e+01   2.0000000e+00
   2.3400000e+02  -4.1084400e+00   8.5434600e+00   5.4319500e+01   2.0000000e+00
   2.3500000e+02  -8.7472100e+00   1.6268300e+01   5.4473100e+01  -1.0000000e+00
   2.3600000e+02   8.9212600e+00  -9.5522300e+00   2.0388700e+01   1.0000000e+00
   2.3700000e+02   3.1660300e-01   1.6531000e+01   5.4041700e+01  -2.0000000e+00
   2.3800000e+02   3.3970500e+00  -4.8683900e+00   1.9333500e+01   1.0000000e+00
   2.3900000e+02   7.0563800e+00   1.1573600e+01   5.3728600e+01   2.0000000e+00
   2.4000000e+02  -3.4280100e+00  -1.7296400e+00   1.9687800e+01   1.0000000e+00
   2.4100000e+02  -4.7268200e+00  -3.3404500e+00   1.9945000e+01   1.0000000e+00
   2.4200000e+02   1.4214900e+01  -3.0831700e+00   2.0917300e+01   1.0000000e+00
   2.4300000e+02   5.8325000e+00   1.6902600e+01   5.4186800e+01  -1.0000000e+00
   2.4400000e+02  -1.7130800e+01  -1.0066100e+00   1.8835100e+01  -2.0000000e+00
   2.4500000e+02  -8.7247500e+00  -8.0968700e+00   2.0113300e+01   1.0000000e+00
   2.4600000e+02   1.0458500e+01   9.0583100e+00   5.2644700e+01   2.0000000e+00
   2.4700000e+02  -1.0831600e+01  -2.2220300e+00   1.9487800e+01   1.0000000e+00
   2.4800000e+02  -1.0165700e+01  -4.1678300e+00   1.8723700e+01   1.0000000e+00
   2.4900000e+02  -1.6989500e+01  -6.5890200e+00   5.3110700e+00  -1.0000000e+00
   2.5000000e+02  -2.6211800e+00  -9.2397600e+00   1.9759100e+01   1.0000000e+00
   2.5100000e+02  -7.4357300e+00   1.0980000e+01   5.4622500e+01   2.0000000e+00
   2.5200000e+02   2.0136000e+00  -9.6852600e-01   1.8918600e+01   1.0000000e+00
   2.5300000e+02   1.5185000e+00  -1.5560000e+01   2.0489900e+01  -2.0000000e+00
   2.5400000e+02   1.3958600e+01   2.4636900e+00   8.8648500e+00  -3.0000000e+00
   2.5500000e+02  -1.2124400e+00  -1.3186900e+01   1.9730000e+01   1.0000000e+00
   2.5600000e+02   6.6247900e+00   7.4176700e+00   5.3484000e+01   2.0000000e+00
   2.5700000e+02  -9.7220200e+00   5.9456400e+00   4.2267400e+01  -3.0000000e+00
   2.5800000e+02  -3.4669800e+00   1.4726800e+01   5.4588500e+01   2.0000000e+00
   2.5900000e+02  -6.8337600e+00   2.8841400e+00   1.1867900e+01  -3.0000000e+00
   2.6000000e+02  -7.3941100e+00  -6.5106000e+00   1.9981300e+01   1.0000000e+00
   2.6100000e+02  -5.7795700e+00   9.7565200e+00   5.4206000e+01   2.0000000e+00
   2.6200000e+02  -8.1841100e+00   9.2021500e-01   2.1145100e+01  -3.0000000e+00
   2.6300000e+02  -1.4354900e+01   2.0840500e+00   1.9113600e+01   1.0000000e+00
   2.6400000e+02   1.4312100e+00  -1.0029100e+01   1.9521300e+01   1.0000000e+00
   2.6500000e+02  -5.9861700e+00   7.6932300e+00   5.4740900e+01   2.0000000e+00
   2.6600000e+02  -1.8310000e+00  -1.6804100e+01   1.9324200e+01  -1.0000000e+00
   2.6700000e+02   1.5968800e+01   9.3071400e+00   5.2591800e+01  -1.0000000e+00
   2.6800000e+02   5.5760100e+00  -1.6284100e+01   1.9543300e+01  -1.0000000e+00
   2.6900000e+02   6.1071400e+00   3.2560500e+00   4.1174600e+01  -3.0000000e+00
   2.7000000e+02  -7.4766300e+00  -1.0075200e+00   2.0160600e+01   1.0000000e+00
   2.7100000e+02   4.9371800e+00   8.6624100e+00   5.3423100e+01   2.0000000e+00
   2.7200000e+02  -6.7844000e+00  -2.9821600e+00   1.9895400e+01   1.0000000e+00
   2.7300000e+02   1.8884600e+01  -3.3768900e-03   2.5803900e+01  -1.0000000e+00
   2.7400000e+02  -1.1457900e+01   7.2142900e+00   5.5687600e+01   2.0000000e+00
   2.7500000e+02   4.1638500e+00  -1.2331900e+01   2.0004400e+01   1.0000000e+00
   2.7600000e+02  -6.9150300e-01  -4.1071600e+00   3.1676200e+01   0.0000000e+00
   2.7700000e+02  -4.6786900e+00  -8.8502800e+00   1.9555400e+01   1.0000000e+00
   2.7800000e+02  -1.6301500e+01  -8.5329400e+00   4.1015400e+00  -1.0000000e+00
   2.7900000e+02   7.6034300e+00   1.5767300e+01   3.8284000e+01  -1.0000000e+00
   2.8000000e+02   5.5722400e+00   1.4869700e+01   5.3897100e+01  -2.0000000e+00
   2.8100000e+02   6.6610900e-01  -2.5168700e+00   1.9155800e+01   1.0000000e+00
   2.8200000e+02   1.6355100e+01  -3.4642000e+00   1.9608600e+01  -2.0000000e+00
   2.8300000e+02   3.9308000e+00   1.6114100e+01   4.0930400e+01  -2.0000000e+00
   2.8400000e+02  -1.5603700e+01  -1.0503500e+01   4.2912000e+00  -1.0000000e+00
   2.8500000e+02   1.4346200e+01  -8.6442600e+00   1.9466500e+01  -2.0000000e+00
   2.8600000e+02  -3.2275700e+00  -1.2799700e+01   2.0087800e+01   1.0000000e+00
   2.8700000e+02  -1.9955400e+00  -5.7130000e+00   1.9477000e+01   0.0000000e+00
   2.8800000e+02  -3.9038300e+00   1.0605300e+01   5.4185800e+01   2.0000000e+00
   2.8900000e+02  -5.0516600e+00   1.8059200e+01   5.5656500e+01  -1.0000000e+00
   2.9000000e+02  -1.2702500e+01   1.4538900e+01   5.6433400e+01  -1.0000000e+00
   2.9100000e+02  -1.3622100e+01   1.1201000e-01   1.9532100e+01   1.0000000e+00
   2.9200000e+02  -1.3809200e+00   1.7806500e+01   5.4713000e+01  -1.0000000e+00
   2.9300000e+02   6.7533200e+00  -3.6692800e+00   1.9468400e+01   1.0000000e+00
   2.9400000e+02   1.3467700e+01  -1.1698800e+00   2.0957400e+01   1.0000000e+00
   2.9500000e+02  -1.0039100e+01  -1.5155000e+01   1.9331500e+01  -1.0000000e+00
   2.9600000e+02  -1.7088800e+01   4.7752200e+00   3.0155800e+01  -1.0000000e+00
   2.9700000e+02   9.8588700e-02   1.4424400e+01   5.4238600e+01   2.0000000e+00
   2.9800000e+02  -7.3450900e+00  -1.1996300e+01   1.9536400e+01   1.0000000e+00
   2.9900000e+02  -1.5658100e+01   4.9809800e-01   1.8789400e+01  -2.0000000e+00
