   0.0000000e+00  -8.0307400e+00   2.2308700e+00   1.0000000e+00
   1.0000000e+00  -6.0285600e+00   1.6738500e+01   1.0000000e+00
   2.0000000e+00  -9.1870200e+00  -1.4661900e+01  -1.0000000e+00
   3.0000000e+00   1.7506700e+01   4.5117200e+00   1.0000000e+00
   4.0000000e+00   1.0022100e+00  -4.0851200e+00   1.0000000e+00
   5.0000000e+00   9.4018400e+00  -8.0178100e-01   1.0000000e+00
   6.0000000e+00  -1.6596200e+00  -1.5053700e+01  -1.0000000e+00
   7.0000000e+00   1.3416700e+01  -1.9547000e+00   1.0000000e+00
   8.0000000e+00  -2.6343600e+00   1.7687100e+01   1.0000000e+00
   9.0000000e+00   7.8580000e+00  -1.4774800e+01  -1.0000000e+00
   1.0000000e+01  -1.0508500e+01   1.2336800e+01   1.0000000e+00
   1.1000000e+01  -3.5431000e+00   1.4090200e+01   1.0000000e+00
   1.2000000e+01  -3.0443200e+00   4.5819300e+00   1.0000000e+00
   1.3000000e+01  -9.1475900e+00  -6.9481900e+00   1.0000000e+00
   1.4000000e+01   4.8772600e+00   1.7351000e+01   1.0000000e+00
   1.5000000e+01   6.4595200e+00  -3.7310300e+00   1.0000000e+00
   1.6000000e+01   3.9564700e+00  -1.1341000e+00   1.0000000e+00
   1.7000000e+01  -8.4778800e+00  -3.2194200e+00   1.0000000e+00
   1.8000000e+01  -3.1022500e+00  -1.3493300e+01  -1.0000000e+00
   1.9000000e+01   4.3154100e+00  -8.2109900e+00  -1.0000000e+00
   2.0000000e+01   1.9148100e+00   1.4436300e+01   1.0000000e+00
   2.1000000e+01  -5.8306000e+00  -1.5854500e+01  -1.0000000e+00
   2.2000000e+01   2.3906200e+00  -1.4132600e+01  -1.0000000e+00
   2.3000000e+01   1.4915000e+01   6.9282000e+00   1.0000000e+00
   2.4000000e+01  -6.4536500e+00  -1.2272800e+01  -1.0000000e+00
   2.5000000e+01  -1.5259300e+00  -1.4611200e+00   1.0000000e+00
   2.6000000e+01   1.3917500e+01   3.4884600e+00   1.0000000e+00
   2.7000000e+01  -1.3541200e+01   9.3788800e+00   1.0000000e+00
   2.8000000e+01   9.9593100e+00   1.2081200e+01   1.0000000e+00
   2.9000000e+01   1.8396300e+01   3.3501900e-01   1.0000000e+00
   3.0000000e+01   1.7413800e+01  -5.9468500e+00  -1.0000000e+00
   3.1000000e+01   1.3910400e+01  -3.9523300e+00   1.0000000e+00
   3.2000000e+01  -1.2014300e+01   3.3436700e+00   1.0000000e+00
   3.3000000e+01  -1.3496200e+01   1.9171000e+00   1.0000000e+00
   3.4000000e+01   7.0768800e+00   1.6812600e+01   1.0000000e+00
   3.5000000e+01  -2.3948500e+00  -1.1478500e+01  -1.0000000e+00
   3.6000000e+01   1.1438700e+01   1.3560300e+01   1.0000000e+00
   3.7000000e+01   1.8885900e+01  -1.7789600e+00   1.0000000e+00
   3.8000000e+01   1.4392800e+00   8.9205500e+00   1.0000000e+00
   3.9000000e+01  -1.1251100e+01  -1.5124600e+01  -1.0000000e+00
   4.0000000e+01   9.3825800e-01   1.0919800e+01   1.0000000e+00
   4.1000000e+01   9.9254200e+00  -2.8040000e+00   1.0000000e+00
   4.2000000e+01   7.7297700e+00  -9.2890900e+00  -1.0000000e+00
   4.3000000e+01   7.3093600e+00  -1.6766300e+01  -1.0000000e+00
   4.4000000e+01  -1.1545700e+01   8.8280800e+00   1.0000000e+00
   4.5000000e+01   1.9353100e+00   6.9363300e+00   1.0000000e+00
   4.6000000e+01  -1.1484800e+01   1.3613300e+00   1.0000000e+00
   4.7000000e+01  -4.5440900e+00   1.0591800e+01   1.0000000e+00
   4.8000000e+01   1.4004600e+01  -1.3584800e+01  -1.0000000e+00
   4.9000000e+01   4.4588000e+00   1.1820100e+01   1.0000000e+00
   5.0000000e+01   2.4443900e+00   4.8902800e+00   1.0000000e+00
   5.1000000e+01   1.1948300e+01   1.1498500e+01   1.0000000e+00
   5.2000000e+01   1.3496800e+01   1.2973800e+01   1.0000000e+00
   5.3000000e+01  -1.4501900e+01  -1.5550800e+00   1.0000000e+00
   5.4000000e+01   6.9288000e+00   9.2213200e+00   1.0000000e+00
   5.5000000e+01   1.0897100e+01   6.2363300e-01   1.0000000e+00
   5.6000000e+01   1.7966800e+00  -1.6135400e+01  -1.0000000e+00
   5.7000000e+01  -1.8274900e+01   5.0123400e+00   1.0000000e+00
   5.8000000e+01  -1.3906300e+01  -1.1088900e+01  -1.0000000e+00
   5.9000000e+01  -7.5187300e+00   7.7128400e+00   1.0000000e+00
   6.0000000e+01   1.1910800e+01  -3.4032900e+00   1.0000000e+00
   6.1000000e+01   4.4027900e+00  -1.3699900e+01  -1.0000000e+00
   6.2000000e+01  -9.2180700e-02   1.4964100e+01   1.0000000e+00
   6.3000000e+01  -5.1186300e+00  -1.3869900e+01  -1.0000000e+00
   6.4000000e+01   1.0401000e+01   2.6145400e+00   1.0000000e+00
   6.5000000e+01  -7.8602100e+00  -1.6339000e+01  -1.0000000e+00
   6.6000000e+01  -8.9991700e+00   6.2580800e+00   1.0000000e+00
   6.7000000e+01  -7.2039000e+00  -8.7886100e+00  -1.0000000e+00
   6.8000000e+01   1.6906500e+01  -1.1272600e+00   1.0000000e+00
   6.9000000e+01  -1.4025000e+01   3.9094800e+00   1.0000000e+00
   7.0000000e+01   4.4702500e+00  -3.1647700e+00   1.0000000e+00
   7.1000000e+01  -1.7573000e+00  -9.4801400e+00  -1.0000000e+00
   7.2000000e+01  -1.4404600e+01  -9.0219700e+00  -1.0000000e+00
   7.3000000e+01   6.4301400e+00   1.1257500e+01   1.0000000e+00
   7.4000000e+01   1.5421900e+01   4.9195400e+00   1.0000000e+00
   7.5000000e+01  -1.0975500e+01  -8.1587100e+00  -1.0000000e+00
   7.6000000e+01  -9.5152800e+00   8.2828700e+00   1.0000000e+00
   7.7000000e+01   1.2417200e+01   9.4799600e+00   1.0000000e+00
   7.8000000e+01   1.1764100e+01  -8.4165100e+00  -1.0000000e+00
   7.9000000e+01   3.9110000e+00   1.3897400e+01   1.0000000e+00
   8.0000000e+01   1.3125300e+01  -9.9466000e+00  -1.0000000e+00
   8.1000000e+01  -1.6102000e+01   1.1960000e+01   1.0000000e+00
   8.2000000e+01  -7.9647200e+00  -5.2353300e+00   1.0000000e+00
   8.3000000e+01   5.8268900e+00  -1.5207200e+01  -1.0000000e+00
   8.4000000e+01   8.4569200e+00  -4.2695200e+00   1.0000000e+00
   8.5000000e+01   1.0903400e+01   8.0602500e+00   1.0000000e+00
   8.6000000e+01  -3.5208400e+00   6.6010000e+00   1.0000000e+00
   8.7000000e+01  -1.0015500e+01   2.7911500e+00   1.0000000e+00
   8.8000000e+01   9.4061200e+00   6.6354000e+00   1.0000000e+00
   8.9000000e+01  -6.0396200e+00   9.1434600e+00   1.0000000e+00
   9.0000000e+01   1.4911700e+01  -5.3328100e-01   1.0000000e+00
   9.1000000e+01  -2.0660700e+00   5.6621300e-01   1.0000000e+00
   9.2000000e+01   1.6957800e+01   6.5427700e+00   1.0000000e+00
   9.3000000e+01  -7.5078700e+00   2.3905000e-01   1.0000000e+00
   9.4000000e+01  -4.4530300e+00  -4.3493900e+00   1.0000000e+00
   9.5000000e+01   1.9233700e+00  -5.7706100e-01   1.0000000e+00
   9.6000000e+01  -2.9742100e+00  -2.9174500e+00   1.0000000e+00
   9.7000000e+01  -9.8773200e+00  -1.1183800e+01  -1.0000000e+00
   9.8000000e+01   1.5401500e+01  -2.5486800e+00   1.0000000e+00
   9.9000000e+01   9.4211100e+00   1.4091900e+01   1.0000000e+00
   1.0000000e+02  -3.7532500e+00  -1.5465000e+01  -1.0000000e+00
   1.0100000e+02  -5.1761800e+00  -8.3674100e+00  -1.0000000e+00
   1.0200000e+02  -1.5651500e+00   1.3519200e+01   1.0000000e+00
   1.0300000e+02   1.7924500e+01   2.4501300e+00   1.0000000e+00
   1.0400000e+02  -5.0300300e+00   1.2679600e+01   1.0000000e+00
   1.0500000e+02  -1.6088100e+01   4.4877300e+00   1.0000000e+00
   1.0600000e+02   1.3792000e+01  -7.9951000e+00  -1.0000000e+00
   1.0700000e+02  -1.4087200e+01   1.1381600e+01   1.0000000e+00
   1.0800000e+02   1.4289200e+01  -5.9773600e+00  -1.0000000e+00
   1.0900000e+02   1.6401100e+01   8.8965700e-01   1.0000000e+00
   1.1000000e+02   4.4348400e+00   4.3148000e+00   1.0000000e+00
   1.1100000e+02  -1.5915100e+01  -1.0446400e+01  -1.0000000e+00
   1.1200000e+02  -1.2435400e+01  -9.6030400e+00  -1.0000000e+00
   1.1300000e+02   9.8536500e-01  -1.2616400e+01  -1.0000000e+00
   1.1400000e+02   1.4183100e+00   1.6433500e+01   1.0000000e+00
   1.1500000e+02   5.9261600e+00   1.3291800e+01   1.0000000e+00
   1.1600000e+02  -1.2510000e+01   1.2836700e+01   1.0000000e+00
   1.1700000e+02   3.6894900e+00  -1.0201800e+01  -1.0000000e+00
   1.1800000e+02  -5.5302900e+00  -3.1817300e-01   1.0000000e+00
   1.1900000e+02   9.5585800e-01   3.4456900e+00   1.0000000e+00
   1.2000000e+02   3.4358000e+00   8.3357400e+00   1.0000000e+00
   1.2100000e+02   1.5188800e+01  -9.5082400e+00  -1.0000000e+00
   1.2200000e+02   7.9174900e+00  -2.2592400e+00   1.0000000e+00
   1.2300000e+02  -7.0302300e+00   1.3227900e+01   1.0000000e+00
   1.2400000e+02  -2.6074200e-01  -1.6572800e+01  -1.0000000e+00
   1.2500000e+02  -9.5983100e+00   1.5886000e+01   1.0000000e+00
   1.2600000e+02  -3.0612400e+00   1.2076900e+01   1.0000000e+00
   1.2700000e+02  -9.6085300e-01  -1.8572800e+01  -1.0000000e+00
   1.2800000e+02   2.9765100e+00  -4.6404300e+00   1.0000000e+00
   1.2900000e+02  -8.5313800e+00   4.2265300e+00   1.0000000e+00
   1.3000000e+02  -8.9727900e+00  -1.2194300e+00   1.0000000e+00
   1.3100000e+02   3.1822500e+00  -1.7659300e+01  -1.0000000e+00
   1.3200000e+02   5.4316900e+00   2.8407100e-01   1.0000000e+00
   1.3300000e+02   8.3624400e+00  -7.3214400e+00  -1.0000000e+00
   1.3400000e+02   7.0770300e+00  -1.1266900e+01  -1.0000000e+00
   1.3500000e+02  -8.0360900e+00   9.7165700e+00   1.0000000e+00
   1.3600000e+02  -1.6538300e+01   6.5432900e+00   1.0000000e+00
   1.3700000e+02   1.0520400e+01  -1.2351400e+01  -1.0000000e+00
   1.3800000e+02   9.9028100e+00   4.6185700e+00   1.0000000e+00
   1.3900000e+02  -2.5266700e+00  -5.1080200e+00   1.0000000e+00
   1.4000000e+02   7.3946700e+00   1.4746100e+01   1.0000000e+00
   1.4100000e+02  -1.0019900e+01   1.0328900e+01   1.0000000e+00
   1.4200000e+02  -2.5220200e+00   2.5755200e+00   1.0000000e+00
   1.4300000e+02  -1.3053000e+01  -8.7526600e-02   1.0000000e+00
   1.4400000e+02   3.4251700e+00   1.5896400e+01   1.0000000e+00
   1.4500000e+02   8.4200500e+00   1.0686600e+01   1.0000000e+00
   1.4600000e+02   4.9179600e+00   9.8135800e+00   1.0000000e+00
   1.4700000e+02  -1.7611500e+01  -4.4469300e+00   1.0000000e+00
   1.4800000e+02   2.6379100e-01  -9.0534900e+00  -1.0000000e+00
   1.4900000e+02  -2.0474500e+00   1.5644800e+01   1.0000000e+00
   1.5000000e+02   9.8917300e+00  -1.4294900e+01  -1.0000000e+00
   1.5100000e+02   1.2898800e+01   7.4838200e+00   1.0000000e+00
   1.5200000e+02   5.2516900e+00  -1.7185100e+01  -1.0000000e+00
   1.5300000e+02  -1.1088500e+01   1.4357700e+01   1.0000000e+00
   1.5400000e+02  -4.4377100e+00  -1.1885800e+01  -1.0000000e+00
   1.5500000e+02   9.0955200e+00  -1.0835900e+01  -1.0000000e+00
   1.5600000e+02  -1.0532100e+01   4.7954700e+00   1.0000000e+00
   1.5700000e+02   1.5870600e+01  -4.5960900e+00   1.0000000e+00
   1.5800000e+02  -4.0516000e+00   1.1005500e+00   1.0000000e+00
   1.5900000e+02   1.6437200e+01   8.8403600e+00   1.0000000e+00
   1.6000000e+02  -4.3459800e+00  -1.7584400e+01  -1.0000000e+00
   1.6100000e+02   6.4232400e+00   3.7728100e+00   1.0000000e+00
   1.6200000e+02  -9.0687500e+00   1.3853000e+01   1.0000000e+00
   1.6300000e+02  -7.0313600e+00   5.6785800e+00   1.0000000e+00
   1.6400000e+02   4.9088600e+00   2.2716200e+00   1.0000000e+00
   1.6500000e+02  -3.8442700e-01  -1.1050800e+01  -1.0000000e+00
   1.6600000e+02  -7.8472900e+00  -1.0747100e+01  -1.0000000e+00
   1.6700000e+02  -5.0553600e+00   5.1258400e+00   1.0000000e+00
   1.6800000e+02  -1.5452800e+01  -4.9867100e+00   1.0000000e+00
   1.6900000e+02  -1.1985100e+01  -4.1162900e+00   1.0000000e+00
   1.7000000e+02  -2.5400300e+00   1.0067900e+01   1.0000000e+00
   1.7100000e+02  -3.5187700e+00  -9.1079100e-01   1.0000000e+00
   1.7200000e+02   8.3942400e+00   3.2157000e+00   1.0000000e+00
   1.7300000e+02  -6.3989400e-02   7.4741200e+00   1.0000000e+00
   1.7400000e+02  -1.3471600e+01  -5.5569400e+00   1.0000000e+00
   1.7500000e+02   1.1432100e+01  -1.3958800e+00   1.0000000e+00
   1.7600000e+02  -1.2546100e+01   5.3791100e+00   1.0000000e+00
   1.7700000e+02   1.1103600e+01  -1.0382700e+01  -1.0000000e+00
   1.7800000e+02  -2.3106000e+00  -1.7024000e+01  -1.0000000e+00
   1.7900000e+02  -1.2072200e+01   1.0825200e+01   1.0000000e+00
   1.8000000e+02   1.4378700e+01   8.9154700e+00   1.0000000e+00
   1.8100000e+02   3.9377100e+00   6.3189600e+00   1.0000000e+00
   1.8200000e+02   1.7197800e+01  -8.9436400e+00  -1.0000000e+00
   1.8300000e+02  -1.1459800e+01  -6.1206300e+00   1.0000000e+00
   1.8400000e+02  -5.9614900e-01   1.7096100e+01   1.0000000e+00
   1.8500000e+02  -1.1894800e+01  -1.1580600e+01  -1.0000000e+00
   1.8600000e+02  -4.9516900e-01  -5.4843400e+00   1.0000000e+00
   1.8700000e+02  -2.0511000e+00   8.0540200e+00   1.0000000e+00
   1.8800000e+02  -4.0641100e+00   8.5898200e+00   1.0000000e+00
   1.8900000e+02  -9.9569900e+00  -4.6735200e+00   1.0000000e+00
   1.9000000e+02  -1.0501900e+01  -2.6534900e+00   1.0000000e+00
   1.9100000e+02  -7.5705900e+00   1.5261800e+01   1.0000000e+00
   1.9200000e+02  -9.9513200e-01  -3.4885600e+00   1.0000000e+00
   1.9300000e+02   8.4849400e+00  -1.2791800e+01  -1.0000000e+00
   1.9400000e+02   2.8773200e+00   1.7878000e+01   1.0000000e+00
   1.9500000e+02  -1.5027000e+01   4.5821100e-01   1.0000000e+00
   1.9600000e+02   3.4252600e+00   8.5977600e-01   1.0000000e+00
   1.9700000e+02   1.1386700e+01   6.0442100e+00   1.0000000e+00
   1.9800000e+02  -1.5354400e+00   6.0262000e+00   1.0000000e+00
   1.9900000e+02   7.4105400e+00  -2.5187400e-01   1.0000000e+00
   2.0000000e+02  -1.8014100e+01  -2.4199100e+00   1.0000000e+00
   2.0100000e+02  -1.7627900e+01   3.0196500e+00   1.0000000e+00
   2.0200000e+02   2.4492500e+00   1.2437200e+01   1.0000000e+00
   2.0300000e+02  -5.8109000e+00  -1.0325600e+01  -1.0000000e+00
   2.0400000e+02  -4.5112900e+00   3.1240000e+00   1.0000000e+00
   2.0500000e+02   6.9844200e+00  -5.7818800e+00   1.0000000e+00
   2.0600000e+02   1.2917300e+01   3.5105900e-02   1.0000000e+00
   2.0700000e+02  -1.1296200e+00  -7.4675300e+00  -1.0000000e+00
   2.0800000e+02  -9.2189900e+00  -9.2225900e+00  -1.0000000e+00
   2.0900000e+02   7.4142100e+00   7.2092600e+00   1.0000000e+00
   2.1000000e+02  -1.4549900e+01   5.9360700e+00   1.0000000e+00
   2.1100000e+02  -1.5624100e+01   2.4577900e+00   1.0000000e+00
   2.1200000e+02   8.8972900e+00   1.1948000e+00   1.0000000e+00
   2.1300000e+02   2.4694500e+00  -2.6422700e+00   1.0000000e+00
   2.1400000e+02  -1.6470600e+01  -8.4596300e+00  -1.0000000e+00
   2.1500000e+02   8.8861100e-01  -7.0318800e+00  -1.0000000e+00
   2.1600000e+02   6.9086200e+00   1.7656000e+00   1.0000000e+00
   2.1700000e+02  -4.5465600e+00  -6.4115700e+00   1.0000000e+00
   2.1800000e+02   1.2209600e+01  -5.8731500e+00   1.0000000e+00
   2.1900000e+02   4.9169900e+00  -5.3717300e+00   1.0000000e+00
   2.2000000e+02   8.9134400e+00   8.6252800e+00   1.0000000e+00
   2.2100000e+02   9.3306200e+00  -1.6291300e+01  -1.0000000e+00
   2.2200000e+02  -1.0553800e+01  -1.3143400e+01  -1.0000000e+00
   2.2300000e+02  -1.1018600e+01  -6.4649200e-01   1.0000000e+00
   2.2400000e+02  -1.2687500e+01  -1.3483100e+01  -1.0000000e+00
   2.2500000e+02  -8.4964900e+00  -1.2704100e+01  -1.0000000e+00
   2.2600000e+02  -5.4564800e-01   2.0154400e+00   1.0000000e+00
   2.2700000e+02  -1.4507700e+01   1.3390200e+01   1.0000000e+00
   2.2800000e+02   1.5910900e+01   2.9247800e+00   1.0000000e+00
   2.2900000e+02   1.4403500e+01   1.4605000e+00   1.0000000e+00
   2.3000000e+02   5.4157600e+00   1.5348600e+01   1.0000000e+00
   2.3100000e+02  -6.5570400e+00   1.1171000e+01   1.0000000e+00
   2.3200000e+02  -9.5047200e+00   7.8151200e-01   1.0000000e+00
   2.3300000e+02   6.3224400e+00  -7.7374300e+00  -1.0000000e+00
   2.3400000e+02   1.2429900e+01   2.0644200e+00   1.0000000e+00
   2.3500000e+02  -1.3024100e+01   7.3805000e+00   1.0000000e+00
   2.3600000e+02  -1.2950000e+01  -7.5718600e+00  -1.0000000e+00
   2.3700000e+02  -1.6974500e+01  -6.4205300e+00   1.0000000e+00
   2.3800000e+02   5.9258500e+00   5.7778700e+00   1.0000000e+00
   2.3900000e+02   5.4264600e+00   7.8160100e+00   1.0000000e+00
   2.4000000e+02   4.6125900e-01   1.2946400e+01   1.0000000e+00
   2.4100000e+02  -1.1013500e+01   6.7926700e+00   1.0000000e+00
   2.4200000e+02  -6.9746900e+00  -1.8119100e+00   1.0000000e+00
   2.4300000e+02   1.5777500e+01  -7.4267200e+00  -1.0000000e+00
   2.4400000e+02  -1.0439800e+00   4.0157000e+00   1.0000000e+00
   2.4500000e+02   3.6281600e-01  -1.4593800e+01  -1.0000000e+00
   2.4600000e+02  -1.2487300e+01  -2.1145800e+00   1.0000000e+00
   2.4700000e+02   4.5228100e-01   5.4724100e+00   1.0000000e+00
   2.4800000e+02   1.4425600e+00   1.4521600e+00   1.0000000e+00
   2.4900000e+02   3.8243900e+00  -1.5673400e+01  -1.0000000e+00
   2.5000000e+02   1.3435500e+01   5.4957500e+00   1.0000000e+00
   2.5100000e+02  -1.5561800e+01   9.9165200e+00   1.0000000e+00
   2.5200000e+02  -4.9860200e-02  -1.1869600e-02   1.0000000e+00
   2.5300000e+02   6.4778500e+00  -1.3248500e+01  -1.0000000e+00
   2.5400000e+02  -1.5003200e+01   7.9325100e+00   1.0000000e+00
   2.5500000e+02   9.0807300e+00   1.6135700e+01   1.0000000e+00
   2.5600000e+02   1.2533600e+01  -1.1925000e+01  -1.0000000e+00
   2.5700000e+02   2.9229100e+00  -6.6876400e+00  -1.0000000e+00
   2.5800000e+02  -1.0378200e+00   1.1502400e+01   1.0000000e+00
   2.5900000e+02  -6.4418000e+00  -3.8367400e+00   1.0000000e+00
   2.6000000e+02  -1.4943300e+01  -7.0039900e+00   1.0000000e+00
   2.6100000e+02   1.1963800e+01  -1.4141500e+01  -1.0000000e+00
   2.6200000e+02  -4.9900200e+00  -2.3471100e+00   1.0000000e+00
   2.6300000e+02   1.6568000e+00  -1.0623200e+01  -1.0000000e+00
   2.6400000e+02   1.4617600e+01  -1.1570400e+01  -1.0000000e+00
   2.6500000e+02   3.0270700e+00  -1.2163500e+01  -1.0000000e+00
   2.6600000e+02  -1.3964700e+01  -3.5409300e+00   1.0000000e+00
   2.6700000e+02   1.0408400e+01   1.0057800e+01   1.0000000e+00
   2.6800000e+02  -1.7199900e+01   8.5243000e+00   1.0000000e+00
   2.6900000e+02   5.6930700e+00  -9.7469100e+00  -1.0000000e+00
   2.7000000e+02   4.9818000e-01  -2.0454500e+00   1.0000000e+00
   2.7100000e+02  -1.7183700e+01   9.6910400e-01   1.0000000e+00
   2.7200000e+02   1.1110400e+00  -1.8110800e+01  -1.0000000e+00
   2.7300000e+02  -5.5312100e+00   7.1412500e+00   1.0000000e+00
   2.7400000e+02  -3.1519800e+00  -7.9215400e+00  -1.0000000e+00
   2.7500000e+02   1.0395900e+01  -6.8810100e+00  -1.0000000e+00
   2.7600000e+02  -7.1496400e+00  -1.4263600e+01  -1.0000000e+00
   2.7700000e+02   1.5504400e+01   1.2295200e+01   1.0000000e+00
   2.7800000e+02   5.9375900e+00  -1.7166100e+00   1.0000000e+00
   2.7900000e+02  -4.0400900e+00   1.6141100e+01   1.0000000e+00
   2.8000000e+02   7.9107400e+00   1.2710700e+01   1.0000000e+00
   2.8100000e+02  -5.5685700e+00   1.4673800e+01   1.0000000e+00
   2.8200000e+02   1.1925600e+01   4.0519800e+00   1.0000000e+00
   2.8300000e+02  -8.5186700e+00   1.1794500e+01   1.0000000e+00
   2.8400000e+02  -1.0400800e+00  -1.3046500e+01  -1.0000000e+00
   2.8500000e+02  -5.4615500e-01   9.4946500e+00   1.0000000e+00
   2.8600000e+02   1.7436800e+01  -3.2622200e+00   1.0000000e+00
   2.8700000e+02  -1.6499500e+01  -9.9105000e-01   1.0000000e+00
   2.8800000e+02   2.9322000e+00   1.0386600e+01   1.0000000e+00
   2.8900000e+02   7.9131700e+00   5.2268400e+00   1.0000000e+00
   2.9000000e+02   1.0426300e+01  -4.8190200e+00   1.0000000e+00
   2.9100000e+02   5.0557700e+00  -1.1751100e+01  -1.0000000e+00
   2.9200000e+02  -6.6353300e+00  -6.8049600e+00   1.0000000e+00
   2.9300000e+02   1.3914000e+01   1.0926900e+01   1.0000000e+00
   2.9400000e+02  -1.5998800e+01  -2.9937100e+00   1.0000000e+00
   2.9500000e+02   9.7456400e+00  -8.8308000e+00  -1.0000000e+00
   2.9600000e+02  -6.5248300e+00   3.6456400e+00   1.0000000e+00
   2.9700000e+02   2.3140900e+00  -8.6777800e+00  -1.0000000e+00
   2.9800000e+02   2.9318200e+00   2.8796000e+00   1.0000000e+00
   2.9900000e+02  -3.7772300e+00  -9.8954500e+00  -1.0000000e+00
