   0.0000000e+00  -3.0535700e+00   1.0986400e+00   1.0000000e+00
   1.0000000e+00  -7.6030200e+00   8.2263100e+00  -1.0000000e+00
   2.0000000e+00   1.8482500e+01  -2.4493200e+00  -1.0000000e+00
   3.0000000e+00   3.7935900e+00   8.6811700e+00  -1.0000000e+00
   4.0000000e+00   1.2574400e+01  -6.6880300e+00   1.0000000e+00
   5.0000000e+00  -1.1585900e+01   5.3494600e+00   1.0000000e+00
   6.0000000e+00  -1.1135900e+01   1.4913200e+01  -1.0000000e+00
   7.0000000e+00   1.5298500e+01   8.0657600e+00  -1.0000000e+00
   8.0000000e+00   7.7313900e+00   2.8651200e-02  -1.0000000e+00
   9.0000000e+00   4.8057400e+00   1.6108000e+01  -1.0000000e+00
   1.0000000e+01   1.4821800e+01   2.5824400e+00  -1.0000000e+00
   1.1000000e+01  -1.0417300e+01  -1.3636200e+01   1.0000000e+00
   1.2000000e+01  -6.3501500e-02  -3.4788300e+00   1.0000000e+00
   1.3000000e+01  -5.0536800e+00  -5.7867900e+00   1.0000000e+00
   1.4000000e+01  -5.9901000e+00  -9.2435600e+00   1.0000000e+00
   1.5000000e+01  -1.4226700e+00   1.5162200e+01  -1.0000000e+00
   1.6000000e+01   1.7661800e+01  -4.3855300e+00  -1.0000000e+00
   1.7000000e+01  -3.5425700e+00  -4.3389500e+00   1.0000000e+00
   1.8000000e+01  -6.0507200e+00  -1.7856200e+00   1.0000000e+00
   1.9000000e+01   5.0076900e+00   7.0159400e+00  -1.0000000e+00
   2.0000000e+01   4.7987700e-01  -1.1571200e+01   1.0000000e+00
   2.1000000e+01  -4.1833200e+00   1.8303500e+01  -1.0000000e+00
   2.2000000e+01  -5.7247300e+00  -1.6762800e+01   1.0000000e+00
   2.3000000e+01   9.8279000e+00   2.6413600e-01  -1.0000000e+00
   2.4000000e+01  -9.9767300e+00  -8.1754100e+00   1.0000000e+00
   2.5000000e+01   1.9123200e+00  -1.7185200e+01   1.0000000e+00
   2.6000000e+01   8.7465600e+00  -1.0690200e+01   1.0000000e+00
   2.7000000e+01   1.7763900e+01   4.7138100e+00  -1.0000000e+00
   2.8000000e+01  -7.6308500e+00   4.2577200e+00   1.0000000e+00
   2.9000000e+01   6.3032100e-01   1.5435500e+01  -1.0000000e+00
   3.0000000e+01   3.2417500e+00   1.2227700e+01  -1.0000000e+00
   3.1000000e+01  -1.2097800e+01  -1.1421000e-01   1.0000000e+00
   3.2000000e+01   1.0129100e+01   1.5033200e+01  -1.0000000e+00
   3.3000000e+01   1.6348700e+01  -2.6862200e+00  -1.0000000e+00
   3.4000000e+01   4.2356500e+00  -7.5177600e+00   1.0000000e+00
   3.5000000e+01  -6.5538500e+00  -7.2621200e+00   1.0000000e+00
   3.6000000e+01  -1.5595300e+00   9.6127500e+00  -1.0000000e+00
   3.7000000e+01  -2.3622200e-01  -1.7090400e+01   1.0000000e+00
   3.8000000e+01  -1.8095600e+01   1.6462500e+00   1.0000000e+00
   3.9000000e+01   1.3603100e+01   4.2533900e+00  -1.0000000e+00
   4.0000000e+01  -1.6097300e+01  -6.4295000e+00   1.0000000e+00
   4.1000000e+01  -4.5127900e+00  -7.7794200e+00   1.0000000e+00
   4.2000000e+01   1.6708600e+01  -6.2324000e+00  -1.0000000e+00
   4.3000000e+01   7.1848100e+00  -5.4485100e+00   1.0000000e+00
   4.4000000e+01   1.3798400e+00  -9.7139500e+00   1.0000000e+00
   4.5000000e+01  -1.1973100e+01  -7.5948100e+00   1.0000000e+00
   4.6000000e+01  -7.4423400e+00  -1.0721300e+01   1.0000000e+00
   4.7000000e+01  -9.0217800e+00  -4.6809600e+00   1.0000000e+00
   4.8000000e+01  -1.9644900e+00  -1.0309000e+01   1.0000000e+00
   4.9000000e+01   1.2200500e+01  -3.1205700e+00  -1.0000000e+00
   5.0000000e+01  -2.8603500e+00  -1.3784500e+01   1.0000000e+00
   5.1000000e+01   1.4398600e+00   5.3404200e+00  -1.0000000e+00
   5.2000000e+01  -7.0773300e+00   2.2579200e+00   1.0000000e+00
   5.3000000e+01   3.6095500e+00  -3.8223900e-01   1.0000000e+00
   5.4000000e+01   4.0046800e+00  -1.6789100e+01   1.0000000e+00
   5.5000000e+01   8.0720100e+00  -3.5595300e+00   1.0000000e+00
   5.6000000e+01   1.0209700e+01  -1.6020700e+01   1.0000000e+00
   5.7000000e+01   1.1986900e+01   9.6009500e+00  -1.0000000e+00
   5.8000000e+01  -1.4964700e+01  -1.0502400e+01   1.0000000e+00
   5.9000000e+01  -6.8918200e+00   1.0311900e+01  -1.0000000e+00
   6.0000000e+01   5.8245600e+00  -1.2831500e+01   1.0000000e+00
   6.1000000e+01  -1.2442400e+01  -1.3075600e+01   1.0000000e+00
   6.2000000e+01   1.5987800e+01   8.9675000e-01  -1.0000000e+00
   6.3000000e+01  -1.8600600e+00  -1.8339500e+01   1.0000000e+00
   6.4000000e+01   2.6794700e+00  -2.2099300e+00   1.0000000e+00
   6.5000000e+01  -1.5601600e+01  -1.0137100e+00   1.0000000e+00
   6.6000000e+01   1.3686700e+01   1.3393500e+01  -1.0000000e+00
   6.7000000e+01   1.9409300e+00   1.3835200e+01  -1.0000000e+00
   6.8000000e+01  -8.2293700e+00   1.1886000e+01  -1.0000000e+00
   6.9000000e+01   1.3432700e+01  -4.8233700e+00   1.0000000e+00
   7.0000000e+01  -2.2664200e+00  -1.5792800e+01   1.0000000e+00
   7.1000000e+01   7.0442600e+00  -1.4492700e+01   1.0000000e+00
   7.2000000e+01  -1.0053700e+01  -6.5998600e-01   1.0000000e+00
   7.3000000e+01   1.0498100e+01  -6.8853800e+00   1.0000000e+00
   7.4000000e+01  -1.1671000e+01   7.4052400e+00   1.0000000e+00
   7.5000000e+01  -1.3459200e+01  -9.0254700e+00   1.0000000e+00
   7.6000000e+01  -4.0398800e+00   5.0864400e+00  -1.0000000e+00
   7.7000000e+01  -4.8460300e+00   1.0671900e+01  -1.0000000e+00
   7.8000000e+01   5.9943000e+00  -3.7631300e+00   1.0000000e+00
   7.9000000e+01  -7.0813600e+00  -1.8307600e+01   1.0000000e+00
   8.0000000e+01  -1.0309200e+01   1.1385300e+01  -1.0000000e+00
   8.1000000e+01   7.0790800e+00   7.2519900e+00  -1.0000000e+00
   8.2000000e+01  -9.1329500e+00   2.7907500e+00   1.0000000e+00
   8.3000000e+01   6.5660100e+00   1.7660500e+00  -1.0000000e+00
   8.4000000e+01  -9.6598200e+00   1.3367000e+01  -1.0000000e+00
   8.5000000e+01   2.4138900e+00   1.2937700e+00   1.0000000e+00
   8.6000000e+01  -1.5101800e+01   4.5667100e+00   1.0000000e+00
   8.7000000e+01   2.9706800e+00   6.7261100e+00  -1.0000000e+00
   8.8000000e+01  -1.4064300e+01  -7.0604800e+00   1.0000000e+00
   8.9000000e+01  -1.6358300e+01   1.1235400e+01   1.0000000e+00
   9.0000000e+01  -2.2104800e+00   7.3444400e+00  -1.0000000e+00
   9.1000000e+01   1.4653100e+01  -6.4734800e+00   1.0000000e+00
   9.2000000e+01   3.0210900e+00  -5.8495200e+00   1.0000000e+00
   9.3000000e+01  -1.1580500e+01  -2.1055900e+00   1.0000000e+00
   9.4000000e+01   1.5702500e+01   4.4653700e+00  -1.0000000e+00
   9.5000000e+01   2.5141500e+00   1.0306000e+01  -1.0000000e+00
   9.6000000e+01   9.6099600e+00  -8.7646300e+00   1.0000000e+00
   9.7000000e+01   1.5508900e+01  -4.5674700e+00  -1.0000000e+00
   9.8000000e+01  -9.4695700e+00  -1.0184800e+01   1.0000000e+00
   9.9000000e+01   1.1539900e+01   1.3298500e+01  -1.0000000e+00
   1.0000000e+02  -6.1967200e+00   1.2276000e+01  -1.0000000e+00
   1.0100000e+02  -5.6008200e+00   8.7063700e+00  -1.0000000e+00
   1.0200000e+02   1.3205600e+01   7.9426600e+00  -1.0000000e+00
   1.0300000e+02  -1.6277500e+01   6.2742600e+00   1.0000000e+00
   1.0400000e+02  -7.8207300e+00  -1.6254400e+01   1.0000000e+00
   1.0500000e+02   1.1373100e+01  -5.0230200e+00   1.0000000e+00
   1.0600000e+02  -9.6083800e+00   4.7940900e+00   1.0000000e+00
   1.0700000e+02   6.0738000e+00  -1.6574800e+01   1.0000000e+00
   1.0800000e+02   6.2035700e+00   5.3453700e+00  -1.0000000e+00
   1.0900000e+02   1.4947500e+01   1.1700300e+01  -1.0000000e+00
   1.1000000e+02   4.2726100e-01   1.9334500e+00   1.0000000e+00
   1.1100000e+02   1.8801900e+00  -4.1292800e+00   1.0000000e+00
   1.1200000e+02   1.6155800e+01   9.9308900e+00  -1.0000000e+00
   1.1300000e+02   4.5791500e+00   1.0607300e+01  -1.0000000e+00
   1.1400000e+02  -1.3593300e+01   1.3758000e+01  -1.0000000e+00
   1.1500000e+02  -1.4283300e+01   1.1702000e+01  -1.0000000e+00
   1.1600000e+02  -3.5536200e+00   3.0942300e+00   1.0000000e+00
   1.1700000e+02  -3.0445800e+00  -6.3424700e+00   1.0000000e+00
   1.1800000e+02   1.4131800e+01  -1.1914900e+01   1.0000000e+00
   1.1900000e+02   1.3086200e+01  -1.2248300e+00  -1.0000000e+00
   1.2000000e+02   1.0671700e+01   2.1790300e+00  -1.0000000e+00
   1.2100000e+02  -4.2772600e+00   7.1249300e+00  -1.0000000e+00
   1.2200000e+02   7.8550300e-01  -5.8674800e+00   1.0000000e+00
   1.2300000e+02  -8.2944400e-01  -1.4292600e+01   1.0000000e+00
   1.2400000e+02   4.8207600e+00  -2.0422500e+00   1.0000000e+00
   1.2500000e+02  -5.6076000e+00   3.7581900e+00   1.0000000e+00
   1.2600000e+02  -3.5317900e+00   9.0614900e+00  -1.0000000e+00
   1.2700000e+02   9.3003000e+00  -5.2209300e+00   1.0000000e+00
   1.2800000e+02  -6.3530300e+00  -1.4787600e+01   1.0000000e+00
   1.2900000e+02   1.3786200e+00   1.7548800e+01  -1.0000000e+00
   1.3000000e+02  -8.5552000e+00   8.1892900e-01   1.0000000e+00
   1.3100000e+02   1.8189800e+01   1.0379500e+00  -1.0000000e+00
   1.3200000e+02   1.0154400e+01  -3.3474300e+00   1.0000000e+00
   1.3300000e+02   1.1663700e+01  -8.5831500e+00   1.0000000e+00
   1.3400000e+02  -6.9570100e+00  -1.2759000e+01   1.0000000e+00
   1.3500000e+02   6.6435500e+00   1.0852000e+01  -1.0000000e+00
   1.3600000e+02   1.0766700e+01   1.1331200e+01  -1.0000000e+00
   1.3700000e+02  -1.4459200e+01  -1.2505400e+01   1.0000000e+00
   1.3800000e+02   8.1039400e+00   1.4721100e+01  -1.0000000e+00
   1.3900000e+02   1.0319900e+01   5.8105300e+00  -1.0000000e+00
   1.4000000e+02   8.2719500e+00   5.5446300e+00  -1.0000000e+00
   1.4100000e+02  -4.9101400e+00  -1.3243800e+01   1.0000000e+00
   1.4200000e+02   8.6260900e+00   1.9278600e+00  -1.0000000e+00
   1.4300000e+02   2.9506800e+00  -1.4975900e+01   1.0000000e+00
   1.4400000e+02  -1.3905000e+01  -1.4597700e+01   1.0000000e+00
   1.4500000e+02  -2.7273300e+00   1.6769700e+01  -1.0000000e+00
   1.4600000e+02  -1.4968100e+01   9.7065100e+00   1.0000000e+00
   1.4700000e+02  -5.2097700e-01   5.9378300e+00  -1.0000000e+00
   1.4800000e+02   4.6473400e+00  -1.1122300e+01   1.0000000e+00
   1.4900000e+02  -2.0695900e+00  -2.9160000e+00   1.0000000e+00
   1.5000000e+02   4.6830700e-01   9.9883800e+00  -1.0000000e+00
   1.5100000e+02   2.6064600e+00  -1.1387800e+01   1.0000000e+00
   1.5200000e+02   3.9325400e+00  -3.9202900e+00   1.0000000e+00
   1.5300000e+02   1.2040800e+01  -1.2138500e+01   1.0000000e+00
   1.5400000e+02  -4.5713400e+00  -2.9711100e-01   1.0000000e+00
   1.5500000e+02   8.1183400e+00  -1.6266500e+01   1.0000000e+00
   1.5600000e+02   1.2051300e+00   1.1894400e+01  -1.0000000e+00
   1.5700000e+02  -1.6541900e+01   3.1007000e+00   1.0000000e+00
   1.5800000e+02   1.7035900e+01  -9.8506700e+00   1.0000000e+00
   1.5900000e+02   7.9145800e+00  -1.2599200e+01   1.0000000e+00
   1.6000000e+02   6.8601100e+00  -1.8988700e+00   1.0000000e+00
   1.6100000e+02   9.9925800e+00  -1.2389900e+01   1.0000000e+00
   1.6200000e+02  -5.0859800e+00   1.7052100e+00   1.0000000e+00
   1.6300000e+02   2.1331800e+00  -7.7267100e+00   1.0000000e+00
   1.6400000e+02   1.5852900e+01  -8.1720000e+00   1.0000000e+00
   1.6500000e+02  -7.5406800e+00  -3.2201500e+00   1.0000000e+00
   1.6600000e+02  -3.4429000e+00  -1.1773500e+01   1.0000000e+00
   1.6700000e+02   1.9660700e+00   3.3421500e+00  -1.0000000e+00
   1.6800000e+02  -3.6681400e+00  -1.7291500e+01   1.0000000e+00
   1.6900000e+02  -1.4367900e+00  -1.2302900e+01   1.0000000e+00
   1.7000000e+02  -1.7570700e+01  -3.5128700e-01   1.0000000e+00
   1.7100000e+02   8.9906800e+00  -1.6386400e+00  -1.0000000e+00
   1.7200000e+02   1.2747000e+01   2.3689600e+00  -1.0000000e+00
   1.7300000e+02   9.4615400e+00   3.8755700e+00  -1.0000000e+00
   1.7400000e+02   7.5488000e+00  -8.9736500e+00   1.0000000e+00
   1.7500000e+02  -1.6632500e+01  -4.4273100e+00   1.0000000e+00
   1.7600000e+02  -9.5929300e+00  -2.6597200e+00   1.0000000e+00
   1.7700000e+02   4.9933600e+00  -1.4769700e+01   1.0000000e+00
   1.7800000e+02  -6.9531700e+00   1.5899300e+01  -1.0000000e+00
   1.7900000e+02  -8.9284600e+00  -1.2175600e+01   1.0000000e+00
   1.8000000e+02  -1.1478700e+01  -9.5927300e+00   1.0000000e+00
   1.8100000e+02  -2.1939900e+00   1.3198600e+01  -1.0000000e+00
   1.8200000e+02  -1.1108500e+01   3.3385500e+00   1.0000000e+00
   1.8300000e+02   2.6658000e+00   1.5849500e+01  -1.0000000e+00
   1.8400000e+02  -1.5677300e+00   2.5282700e+00   1.0000000e+00
   1.8500000e+02   7.3730700e+00   1.2777300e+01  -1.0000000e+00
   1.8600000e+02  -1.0606200e+01   1.3267700e+00   1.0000000e+00
   1.8700000e+02  -1.6625000e+01   8.3332100e+00   1.0000000e+00
   1.8800000e+02  -7.0326700e+00  -5.2128200e+00   1.0000000e+00
   1.8900000e+02  -1.4653900e+01   7.6750700e+00   1.0000000e+00
   1.9000000e+02  -8.1459200e+00   6.2536400e+00   1.0000000e+00
   1.9100000e+02  -5.4587700e+00  -1.1261300e+01   1.0000000e+00
   1.9200000e+02   6.0572100e+00   1.4478200e+01  -1.0000000e+00
   1.9300000e+02   1.2433700e+01   6.0340000e+00  -1.0000000e+00
   1.9400000e+02  -1.4568300e+01   2.4886400e+00   1.0000000e+00
   1.9500000e+02   1.2864400e+01  -1.0254500e+01   1.0000000e+00
   1.9600000e+02   9.2663600e-01  -1.5379400e+01   1.0000000e+00
   1.9700000e+02   1.2254700e+01   1.5222500e+01  -1.0000000e+00
   1.9800000e+02  -1.3092700e+01   3.9192800e+00   1.0000000e+00
   1.9900000e+02  -8.4980700e+00   1.7348800e+01  -1.0000000e+00
   2.0000000e+02  -3.4588800e+00   1.4827800e+01  -1.0000000e+00
   2.0100000e+02   1.3624800e+00  -5.2218700e-01   1.0000000e+00
   2.0200000e+02   1.4940400e+01  -1.0030700e+01   1.0000000e+00
   2.0300000e+02  -2.4777900e+00  -8.3252200e+00   1.0000000e+00
   2.0400000e+02  -1.3062300e+01  -3.5687700e+00   1.0000000e+00
   2.0500000e+02  -6.1281700e+00   5.7686900e+00   1.0000000e+00
   2.0600000e+02  -1.2496500e+01  -5.5788200e+00   1.0000000e+00
   2.0700000e+02   5.3261200e+00   1.2527900e+01  -1.0000000e+00
   2.0800000e+02  -8.4152000e+00  -1.4244300e+01   1.0000000e+00
   2.0900000e+02   1.2822600e+01   1.1512200e+01  -1.0000000e+00
   2.1000000e+02  -2.8593700e+00   1.1217000e+01  -1.0000000e+00
   2.1100000e+02  -1.9582400e+00   1.8690700e+01  -1.0000000e+00
   2.1200000e+02   1.4107800e+01   9.7909100e+00  -1.0000000e+00
   2.1300000e+02  -1.1020400e+01   9.3557500e+00  -1.0000000e+00
   2.1400000e+02   1.6196600e+00  -1.3401200e+01   1.0000000e+00
   2.1500000e+02   3.4325400e+00  -9.4602400e+00   1.0000000e+00
   2.1600000e+02  -1.1705500e+01   1.2902300e+01  -1.0000000e+00
   2.1700000e+02  -8.0018800e+00  -8.7313600e+00   1.0000000e+00
   2.1800000e+02   1.1171000e+01   7.6976500e+00  -1.0000000e+00
   2.1900000e+02  -1.2956600e+01  -1.1080400e+01   1.0000000e+00
   2.2000000e+02  -1.5500700e+00  -4.9101500e+00   1.0000000e+00
   2.2100000e+02   1.1874800e+01   4.6929400e-01  -1.0000000e+00
   2.2200000e+02  -9.0654600e+00   1.5339400e+01  -1.0000000e+00
   2.2300000e+02   8.4189100e+00  -7.0919500e+00   1.0000000e+00
   2.2400000e+02  -1.3638200e-01   1.3523800e+01  -1.0000000e+00
   2.2500000e+02  -4.0666200e+00  -2.3156500e+00   1.0000000e+00
   2.2600000e+02   7.3982300e+00   3.6602400e+00  -1.0000000e+00
   2.2700000e+02   1.7229000e+01  -8.0600400e-01  -1.0000000e+00
   2.2800000e+02   1.0787600e+01  -1.0458400e+01   1.0000000e+00
   2.2900000e+02  -1.2339600e+01   1.0939900e+01  -1.0000000e+00
   2.3000000e+02  -1.0504800e+01  -6.1392300e+00   1.0000000e+00
   2.3100000e+02   1.3926300e+01   6.8025200e-01  -1.0000000e+00
   2.3200000e+02   3.5337400e+00   1.7729300e+01  -1.0000000e+00
   2.3300000e+02   9.9452400e+00   9.3879900e+00  -1.0000000e+00
   2.3400000e+02  -2.0519200e+00   4.5524500e+00  -1.0000000e+00
   2.3500000e+02  -2.5418200e+00  -9.2155400e-01   1.0000000e+00
   2.3600000e+02   4.4511100e+00   1.5861300e+00  -1.0000000e+00
   2.3700000e+02  -8.0156400e+00  -1.1929800e+00   1.0000000e+00
   2.3800000e+02   5.8307500e+00   8.9301800e+00  -1.0000000e+00
   2.3900000e+02  -7.5745100e+00   1.3916800e+01  -1.0000000e+00
   2.4000000e+02  -4.9182800e+00   1.6364400e+01  -1.0000000e+00
   2.4100000e+02  -1.7133800e+01  -2.4096300e+00   1.0000000e+00
   2.4200000e+02   9.1320800e+00   7.4823100e+00  -1.0000000e+00
   2.4300000e+02   3.6148700e+00   4.7139900e+00  -1.0000000e+00
   2.4400000e+02  -8.3414000e-01   1.1587600e+01  -1.0000000e+00
   2.4500000e+02   1.3737300e+01  -8.3748800e+00   1.0000000e+00
   2.4600000e+02   5.2992400e+00   3.5010200e+00  -1.0000000e+00
   2.4700000e+02  -8.9797200e+00   9.8127800e+00  -1.0000000e+00
   2.4800000e+02   8.6953600e+00   1.1145700e+01  -1.0000000e+00
   2.4900000e+02  -1.4072100e+01   4.4218600e-01   1.0000000e+00
   2.5000000e+02  -1.3547100e+01   5.9365600e+00   1.0000000e+00
   2.5100000e+02  -1.2593200e+01   1.8927900e+00   1.0000000e+00
   2.5200000e+02   7.9029700e+00   9.1781200e+00  -1.0000000e+00
   2.5300000e+02   5.0718400e+00  -5.6259800e+00   1.0000000e+00
   2.5400000e+02  -4.2754400e+00  -1.5272300e+01   1.0000000e+00
   2.5500000e+02   9.4654300e+00   1.3051200e+01  -1.0000000e+00
   2.5600000e+02  -5.1111000e-01  -1.4754800e+00   1.0000000e+00
   2.5700000e+02  -6.6407800e-02   3.9314300e+00  -1.0000000e+00
   2.5800000e+02   1.6915400e+01   2.7435600e+00  -1.0000000e+00
   2.5900000e+02  -1.6065400e+01   1.0925200e+00   1.0000000e+00
   2.6000000e+02  -4.9252500e-01  -8.8769600e+00   1.0000000e+00
   2.6100000e+02   1.7485400e+00   8.3782200e+00  -1.0000000e+00
   2.6200000e+02   1.6567400e+01   6.4354500e+00  -1.0000000e+00
   2.6300000e+02  -3.9991800e+00  -9.7713200e+00   1.0000000e+00
   2.6400000e+02   1.5149300e+01  -1.0249300e+00  -1.0000000e+00
   2.6500000e+02  -1.5536100e+01  -8.5187800e+00   1.0000000e+00
   2.6600000e+02   9.1025000e+00  -1.4278700e+01   1.0000000e+00
   2.6700000e+02  -9.6149800e+00   7.7802100e+00   1.0000000e+00
   2.6800000e+02  -6.5733900e+00   2.7324200e-01   1.0000000e+00
   2.6900000e+02  -1.4555700e+01  -5.0624500e+00   1.0000000e+00
   2.7000000e+02  -1.0490600e+00   5.0754300e-01   1.0000000e+00
   2.7100000e+02  -1.3619000e+01  -1.5761700e+00   1.0000000e+00
   2.7200000e+02  -1.7831300e+01   4.7521000e+00   1.0000000e+00
   2.7300000e+02  -9.9025200e-01  -6.8832700e+00   1.0000000e+00
   2.7400000e+02   5.4777600e+00  -9.2142700e+00   1.0000000e+00
   2.7500000e+02   1.1167800e+01  -1.4186600e+01   1.0000000e+00
   2.7600000e+02  -8.5198400e+00  -6.6942300e+00   1.0000000e+00
   2.7700000e+02   6.3176700e+00  -7.3152400e+00   1.0000000e+00
   2.7800000e+02  -1.1042400e+01  -4.1192100e+00   1.0000000e+00
   2.7900000e+02   1.4498000e+01   6.1344800e+00  -1.0000000e+00
   2.8000000e+02  -2.6652700e-01   8.0221800e+00  -1.0000000e+00
   2.8100000e+02  -5.5313200e+00   1.4368400e+01  -1.0000000e+00
   2.8200000e+02   1.5292400e+01  -1.3696900e+01   1.0000000e+00
   2.8300000e+02   3.7848500e+00  -1.3086100e+01   1.0000000e+00
   2.8400000e+02  -4.2060600e+00   1.2808700e+01  -1.0000000e+00
   2.8500000e+02   3.9796200e+00   1.4145400e+01  -1.0000000e+00
   2.8600000e+02  -1.0963100e+01  -1.1618200e+01   1.0000000e+00
   2.8700000e+02  -5.5270300e+00  -3.7879200e+00   1.0000000e+00
   2.8800000e+02   1.1538700e+01   4.0864700e+00  -1.0000000e+00
   2.8900000e+02   1.4283300e+01  -2.8902600e+00  -1.0000000e+00
   2.9000000e+02   1.1041200e+01  -1.4018600e+00  -1.0000000e+00
   2.9100000e+02  -1.3053700e+01   8.9683500e+00   1.0000000e+00
   2.9200000e+02  -1.5111300e+01  -3.0302300e+00   1.0000000e+00
   2.9300000e+02   1.3218700e+01  -1.3841600e+01   1.0000000e+00
   2.9400000e+02   6.6922300e+00  -1.0900500e+01   1.0000000e+00
   2.9500000e+02   5.6711400e+00  -9.5500400e-02  -1.0000000e+00
   2.9600000e+02  -1.1870100e+01  -1.5107000e+01   1.0000000e+00
   2.9700000e+02  -6.3969100e-01   1.7110000e+01  -1.0000000e+00
   2.9800000e+02  -9.8612000e+00  -1.5701800e+01   1.0000000e+00
   2.9900000e+02  -6.3514700e+00   1.7948900e+01  -1.0000000e+00
