   0.0000000e+00   3.8538500e+00   1.3167000e+01   5.1487100e+01   2.0000000e+00
   1.0000000e+00   2.3396900e+00  -1.6400900e+01   3.7713600e+01  -2.0000000e+00
   2.0000000e+00  -1.3935200e+00   1.4984100e+01   5.3891200e+01  -2.0000000e+00
   3.0000000e+00  -1.2913200e+01   9.9938500e+00   5.3543700e+01  -2.0000000e+00
   4.0000000e+00  -1.1796900e+01   4.5859900e+00   5.4349300e+01   2.0000000e+00
   5.0000000e+00   1.7088800e+01  -9.5128900e-01   2.7675600e+01  -2.0000000e+00
   6.0000000e+00  -5.2739900e+00   1.3297300e+01   5.2972900e+01   2.0000000e+00
   7.0000000e+00   1.6319100e+01   8.3204200e+00   1.1098500e+01  -1.0000000e+00
   8.0000000e+00   8.7805700e+00  -5.0214100e-01   2.6723900e+01   1.0000000e+00
   9.0000000e+00   6.1568000e+00  -7.6810100e+00   2.6418900e+01   1.0000000e+00
   1.0000000e+01   1.3042900e+01   6.6316800e+00   2.8016300e+01   1.0000000e+00
   1.1000000e+01   1.4971800e+01  -8.2944000e-01   2.7229600e+01   1.0000000e+00
   1.2000000e+01  -4.6430800e+00   3.7548800e+00   5.3416800e+01   2.0000000e+00
   1.3000000e+01   1.7077600e+01   2.7633300e+00   3.0426300e+01  -2.0000000e+00
   1.4000000e+01   7.5684600e+00  -1.5132900e+01   2.6496900e+01  -2.0000000e+00
   1.5000000e+01  -1.4994700e+01  -2.9246900e-01   2.3563500e+01   1.0000000e+00
   1.6000000e+01   1.1530700e+01   1.4073400e+01   2.9421000e+00  -1.0000000e+00
   1.7000000e+01   1.5095200e+01   6.5162800e+00   2.7328400e+01  -2.0000000e+00
   1.8000000e+01  -1.1621700e+01  -7.9494000e+00   2.4630000e+01   1.0000000e+00
   1.9000000e+01  -9.5321700e-01  -5.3246600e+00   2.4553500e+01   1.0000000e+00
   2.0000000e+01   9.6736200e+00  -2.3895500e+00   2.6504400e+01   1.0000000e+00
   2.1000000e+01  -1.1975200e+01   2.5392600e+00   4.5665300e+01  -3.0000000e+00
   2.2000000e+01   4.9965800e+00  -9.4100900e+00   2.6208500e+01   1.0000000e+00
   2.3000000e+01   1.4126600e+01   8.4272300e+00   2.7122200e+01  -2.0000000e+00
   2.4000000e+01  -3.1241500e+00  -1.7875800e+01   2.4372200e+01  -1.0000000e+00
   2.5000000e+01  -9.0770900e+00   1.1653800e+01   5.3342200e+01   2.0000000e+00
   2.6000000e+01   1.5489800e+01  -9.9820300e+00   4.1111400e+01  -1.0000000e+00
   2.7000000e+01  -5.3960500e+00  -8.5312800e+00   2.4366200e+01   1.0000000e+00
   2.8000000e+01   7.9266600e+00   8.5681800e+00   1.1349900e+01  -1.0000000e+00
   2.9000000e+01   1.0871500e+01   3.0139500e+00   2.9044000e+01   1.0000000e+00
   3.0000000e+01   1.0066600e+01  -1.1548500e+01   2.6312900e+01   1.0000000e+00
   3.1000000e+01   1.0300400e+01  -7.8601900e+00   2.6705500e+01   1.0000000e+00
   3.2000000e+01  -9.6123100e-02  -7.2086600e+00   2.4864100e+01   1.0000000e+00
   3.3000000e+01  -6.3991300e-01  -1.6580200e+00   3.7202200e+01  -3.0000000e+00
   3.4000000e+01   7.4465900e+00   1.2503500e+01   5.0492300e+01   2.0000000e+00
   3.5000000e+01   8.1626300e+00   1.6582000e+01   3.4436000e+01  -1.0000000e+00
   3.6000000e+01  -1.3165400e+01   7.9197000e+00   5.3009000e+01   2.0000000e+00
   3.7000000e+01  -4.1747800e+00   7.9185800e+00   5.3061700e+01   2.0000000e+00
   3.8000000e+01  -8.4561100e+00   2.1202200e+00   5.3008400e+01   2.0000000e+00
   3.9000000e+01  -9.8951700e+00  -1.1711600e+01   2.4880900e+01   1.0000000e+00
   4.0000000e+01   2.8449300e-01   1.3675300e+01   5.1837700e+01   2.0000000e+00
   4.1000000e+01  -2.7398700e+00   4.5957400e+00   5.3515200e+01   2.0000000e+00
   4.2000000e+01  -1.1515600e+01   6.6619600e+00   5.2911000e+01   2.0000000e+00
   4.3000000e+01   1.9402900e+00   1.2351800e+01   5.1599400e+01   2.0000000e+00
   4.4000000e+01   6.1092200e+00   1.5853500e+01   4.9936200e+01  -2.0000000e+00
   4.5000000e+01   1.3959000e+00  -1.9460100e+00   2.4864400e+01   1.0000000e+00
   4.6000000e+01  -6.2873200e+00   5.0003100e+00   5.3575900e+01   2.0000000e+00
   4.7000000e+01   5.5129300e+00  -2.2139400e+00   2.6898700e+01   1.0000000e+00
   4.8000000e+01  -1.4057500e+01  -1.1365100e+01   1.0011400e+01  -1.0000000e+00
   4.9000000e+01  -1.8500500e+01   4.4280400e+00   4.1205000e+01  -1.0000000e+00
   5.0000000e+01   6.7886700e+00  -1.3217000e+01   2.5083500e+01   1.0000000e+00
   5.1000000e+01   2.5668000e+00   3.1845900e+00   3.1302000e+01  -2.0000000e+00
   5.2000000e+01   3.4649600e+00  -2.0957100e+00   2.6115100e+01   1.0000000e+00
   5.3000000e+01  -8.7918600e+00  -1.1849900e-01   4.1419200e+01  -3.0000000e+00
   5.4000000e+01   4.7503300e-01  -1.2620200e+01   2.5668600e+01   1.0000000e+00
   5.5000000e+01   1.5281900e+01  -1.3608800e+01   2.4989600e+01  -1.0000000e+00
   5.6000000e+01   6.6809800e+00  -4.1027900e-01   2.7143700e+01   1.0000000e+00
   5.7000000e+01  -1.5101300e+01   7.1130900e+00   5.3558300e+01  -2.0000000e+00
   5.8000000e+01  -5.0364100e+00   1.5400700e+01   5.2753500e+01  -2.0000000e+00
   5.9000000e+01   8.0003200e+00  -1.1373700e+01   2.6158100e+01   1.0000000e+00
   6.0000000e+01   5.5135300e+00  -1.5042200e+01   2.4449000e+01  -2.0000000e+00
   6.1000000e+01  -1.0798800e+01   1.2893500e+01   5.3572700e+01  -2.0000000e+00
   6.2000000e+01   1.1069000e+01   1.0264800e+01   3.6894200e+01  -2.0000000e+00
   6.3000000e+01   5.5220400e+00   1.1775800e+01   5.0766200e+01   2.0000000e+00
   6.4000000e+01  -8.8318300e+00   1.3736800e+01   5.3379200e+01  -2.0000000e+00
   6.5000000e+01  -1.4606400e+01   1.1185800e+01   6.9139500e+01  -1.0000000e+00
   6.6000000e+01   2.9009900e+00  -9.2675400e+00   2.5166300e+01   1.0000000e+00
   6.7000000e+01  -9.5980400e+00   7.4801800e+00   5.3493300e+01   2.0000000e+00
   6.8000000e+01   1.2374500e+01  -7.9821300e+00   2.6970300e+01   1.0000000e+00
   6.9000000e+01   4.6815900e+00  -1.2977800e+01   2.4090200e+01   1.0000000e+00
   7.0000000e+01   1.3349300e+01  -9.8008700e+00   2.6660900e+01  -2.0000000e+00
   7.1000000e+01  -2.5357300e-02   1.1618600e+01   5.1241200e+01   2.0000000e+00
   7.2000000e+01   1.4810700e+01  -4.4199700e+00   2.6964200e+01  -2.0000000e+00
   7.3000000e+01   1.1937500e+01   4.8456500e+00   2.8205600e+01   1.0000000e+00
   7.4000000e+01   1.1737000e+01  -2.5055600e+00   2.7015000e+01   1.0000000e+00
   7.5000000e+01  -7.1068600e+00  -4.7359500e+00   2.4668400e+01   1.0000000e+00
   7.6000000e+01  -1.2780200e+00   1.2797500e+00   4.2581400e+01  -3.0000000e+00
   7.7000000e+01  -1.4382900e+01   1.3298300e+01   5.3855100e+01  -1.0000000e+00
   7.8000000e+01   2.4826600e+00   1.6458700e+01   5.1849500e+01  -2.0000000e+00
   7.9000000e+01  -1.2873600e+00  -8.8925700e+00   2.5195600e+01   1.0000000e+00
   8.0000000e+01  -3.8738800e+00  -3.2310000e+00   2.4637300e+01   1.0000000e+00
   8.1000000e+01  -3.5040800e-01   9.5825700e+00   5.2369300e+01   2.0000000e+00
   8.2000000e+01  -1.4630200e+01  -5.8690700e+00   2.4205000e+01  -2.0000000e+00
   8.3000000e+01  -4.4128000e+00   5.8587300e+00   5.3602700e+01   2.0000000e+00
   8.4000000e+01   8.5029600e+00  -1.6984100e+01   2.8399700e+01  -1.0000000e+00
   8.5000000e+01  -1.2516200e+01  -6.0462800e+00   2.4159800e+01   1.0000000e+00
   8.6000000e+01  -1.6985700e+01   6.2492600e+00   6.0765200e+01  -2.0000000e+00
   8.7000000e+01  -9.8618400e+00   5.4292700e+00   5.3175500e+01   2.0000000e+00
   8.8000000e+01   1.5776500e+01  -6.3197600e+00   2.6081400e+01  -2.0000000e+00
   8.9000000e+01   9.4077400e+00   1.3119400e+01   6.2996400e+01  -2.0000000e+00
   9.0000000e+01   3.5113000e+00   5.0053900e+00   1.3491400e+01  -1.0000000e+00
   9.1000000e+01  -6.0836800e+00   7.0927400e+00   5.3386900e+01   2.0000000e+00
   9.2000000e+01  -7.4320400e+00   1.0420500e+01   5.2921300e+01   2.0000000e+00
   9.3000000e+01   1.4141100e+00  -1.4570200e+01   2.6099800e+01   1.0000000e+00
   9.4000000e+01   5.6561900e+00   5.1105400e+00   4.1687700e+01  -2.0000000e+00
   9.5000000e+01  -5.9852800e-01   7.4926200e+00   5.2983100e+01   2.0000000e+00
   9.6000000e+01  -5.9199300e+00  -2.9957100e+00   2.5235200e+01   1.0000000e+00
   9.7000000e+01  -1.5885600e+00  -1.2486600e+01   2.5411300e+01   1.0000000e+00
   9.8000000e+01   8.8919300e+00  -1.3245400e+01   2.5189000e+01   1.0000000e+00
   9.9000000e+01   1.0447100e+00   6.2568200e+00   6.4395200e+01  -3.0000000e+00
   1.0000000e+02  -1.7901000e+01   1.8107200e+00   3.9307100e+01  -1.0000000e+00
   1.0100000e+02   8.8065400e+00   3.1422600e+00   2.8781700e+01   1.0000000e+00
   1.0200000e+02   1.2892000e+01  -7.6766200e-01   2.7096400e+01   1.0000000e+00
   1.0300000e+02  -9.1904000e+00  -4.5646300e+00   2.4588400e+01   1.0000000e+00
   1.0400000e+02  -1.2460800e+01   1.4152800e+01   5.3578000e+01  -1.0000000e+00
   1.0500000e+02  -1.6672100e+01   3.4624900e+00   3.2737800e+01  -2.0000000e+00
   1.0600000e+02   7.8128600e-01  -9.0655400e+00   2.4851900e+01   1.0000000e+00
   1.0700000e+02  -6.6932800e+00   1.6673900e+01   5.2883800e+01  -1.0000000e+00
   1.0800000e+02   7.0712000e+00  -9.5142900e+00   2.6490900e+01   1.0000000e+00
   1.0900000e+02   1.1467900e+01  -6.1311800e+00   2.6000700e+01   1.0000000e+00
   1.1000000e+02   9.7086300e+00   1.5188100e+01   3.6510100e+01  -1.0000000e+00
   1.1100000e+02  -6.6221200e+00  -1.0206400e+01   2.4162000e+01   1.0000000e+00
   1.1200000e+02   1.3845100e+01  -2.5864600e+00   2.7638100e+01   1.0000000e+00
   1.1300000e+02   1.0829300e+01  -6.2563500e-01   2.6404000e+01   1.0000000e+00
   1.1400000e+02  -9.5624400e+00  -8.1176500e+00   2.4585400e+01   1.0000000e+00
   1.1500000e+02  -1.2089400e+01  -2.4159300e+00   2.2774200e+01   1.0000000e+00
   1.1600000e+02   1.3071400e+01  -1.3438400e+01   2.6207000e+01  -2.0000000e+00
   1.1700000e+02   2.2708800e+00  -3.8063900e+00   2.5428600e+01   1.0000000e+00
   1.1800000e+02  -3.1737800e+00   4.6390900e-01   3.8508500e+01  -3.0000000e+00
   1.1900000e+02  -9.0310100e+00  -1.3610700e+01   2.4496100e+01  -2.0000000e+00
   1.2000000e+02  -1.1264400e+01   8.7187400e+00   5.2950800e+01   2.0000000e+00
   1.2100000e+02  -4.0099000e+00  -1.5856300e+01   2.4452200e+01  -2.0000000e+00
   1.2200000e+02   3.5643500e+00   1.1095200e+01   5.0908300e+01   2.0000000e+00
   1.2300000e+02  -1.4148200e+01  -2.1979000e+00   2.3826000e+01   1.0000000e+00
   1.2400000e+02  -1.8294100e+01  -1.8014600e+00   8.8322500e+00  -1.0000000e+00
   1.2500000e+02  -4.8918200e+00  -1.3948100e+01   2.4587900e+01   1.0000000e+00
   1.2600000e+02   4.6503900e+00   3.2802400e+00   3.1445700e+01  -2.0000000e+00
   1.2700000e+02   3.2443700e+00   9.0293600e+00   5.1002300e+01   2.0000000e+00
   1.2800000e+02  -2.7735300e+00  -1.4213600e+01   2.4332200e+01   1.0000000e+00
   1.2900000e+02   4.7793000e-01   9.8728500e-02   3.6782300e+01  -3.0000000e+00
   1.3000000e+02  -2.2467700e+00   8.7207000e+00   5.3161900e+01   2.0000000e+00
   1.3100000e+02  -1.7043300e+01  -8.5180400e-02   2.3815500e+01  -2.0000000e+00
   1.3200000e+02  -1.1276900e+01  -4.3855300e+00   2.3599800e+01   1.0000000e+00
   1.3300000e+02   6.5440300e-01   2.1571300e+00   6.8032100e+01  -3.0000000e+00
   1.3400000e+02  -3.3614100e+00   1.4124800e+01   5.3419500e+01   2.0000000e+00
   1.3500000e+02   9.8420400e+00   4.9153400e+00   2.7889900e+01   1.0000000e+00
   1.3600000e+02   9.4087100e+00  -6.0028300e+00   2.6524300e+01   1.0000000e+00
   1.3700000e+02  -7.7082100e+00   8.3654100e+00   5.3219100e+01   2.0000000e+00
   1.3800000e+02  -4.7601500e+00   1.7437800e+01   5.2266700e+01  -1.0000000e+00
   1.3900000e+02   1.3202700e+01   1.0267800e+01   2.8988400e+01  -2.0000000e+00
   1.4000000e+02   1.8243000e+01   4.5563200e+00   2.7805100e+01  -1.0000000e+00
   1.4100000e+02   4.3736800e+00  -1.6780700e+01   2.3290200e+01  -1.0000000e+00
   1.4200000e+02  -1.9257800e+00  -1.6111000e+01   2.4518100e+01  -2.0000000e+00
   1.4300000e+02  -1.0417100e+01  -6.2522500e+00   2.4532700e+01   1.0000000e+00
   1.4400000e+02   1.4276500e+01  -1.1694400e+01   2.6390400e+01  -2.0000000e+00
   1.4500000e+02   1.2072300e+01   8.4507900e+00   2.8607300e+01   1.0000000e+00
   1.4600000e+02   6.4341700e+00  -1.6995800e+01   2.7065000e+01  -1.0000000e+00
   1.4700000e+02  -1.6740800e+01  -5.6936600e+00   8.6394300e+00  -1.0000000e+00
   1.4800000e+02  -1.1076900e+01  -1.3417000e+01   2.4975700e+01  -2.0000000e+00
   1.4900000e+02   6.3908400e-01   1.8007300e+01   5.1397000e+01  -1.0000000e+00
   1.5000000e+02   3.4901400e+00  -1.4693800e+01   2.4694000e+01  -2.0000000e+00
   1.5100000e+02  -6.8168400e+00  -1.1475300e+00   3.9999300e+01  -3.0000000e+00
   1.5200000e+02   2.2264000e+00   1.4409300e+01   5.2009400e+01   2.0000000e+00
   1.5300000e+02  -1.3736300e+01  -7.7550100e+00   2.5192400e+01  -2.0000000e+00
   1.5400000e+02  -1.0563400e+00  -1.8019600e+01   2.4870800e+01  -1.0000000e+00
   1.5500000e+02   1.1001200e+01  -1.3424900e+01   2.5298400e+01  -2.0000000e+00
   1.5600000e+02   1.0002400e+01   8.4988300e+00   4.0344600e+01  -2.0000000e+00
   1.5700000e+02  -8.6959300e-01   5.4368000e+00   5.3267500e+01   2.0000000e+00
   1.5800000e+02   4.9228000e+00   7.6661400e+00   3.9763900e+01   0.0000000e+00
   1.5900000e+02  -1.8250900e+00  -3.4161000e+00   2.4892400e+01   1.0000000e+00
   1.6000000e+02  -1.0773300e+01  -9.8530600e+00   2.4618000e+01   1.0000000e+00
   1.6100000e+02   7.7331400e+00   1.4553300e+01   4.9890000e+01  -2.0000000e+00
   1.6200000e+02   5.8023900e+00   1.3824000e+01   5.0727900e+01   2.0000000e+00
   1.6300000e+02  -3.0086300e+00  -5.1133000e+00   2.4847700e+01   1.0000000e+00
   1.6400000e+02  -1.2693800e+01   1.2054700e+01   5.4050800e+01  -2.0000000e+00
   1.6500000e+02  -2.1495200e+00  -7.0089800e+00   2.4886800e+01   1.0000000e+00
   1.6600000e+02   1.4024100e+01   1.0144700e+00   2.8567100e+01   1.0000000e+00
   1.6700000e+02  -1.6679500e+00   1.2938700e+01   5.2528200e+01   2.0000000e+00
   1.6800000e+02  -4.2127100e+00  -6.8567300e+00   2.4819300e+01   1.0000000e+00
   1.6900000e+02   1.4015600e+01   4.7597500e+00   2.7980500e+01   1.0000000e+00
   1.7000000e+02  -6.1063600e+00  -1.5702900e+01   1.4571500e+01  -2.0000000e+00
   1.7100000e+02   3.6750600e+00   1.4692900e+00   2.9226700e+01  -3.0000000e+00
   1.7200000e+02   8.8970900e+00   6.7523200e+00   2.7515100e+01  -2.0000000e+00
   1.7300000e+02   1.6618700e+01  -8.1900500e+00   2.6081300e+01  -1.0000000e+00
   1.7400000e+02   1.4513700e+01  -8.0506200e+00   2.6388900e+01  -2.0000000e+00
   1.7500000e+02  -1.0796900e+01  -7.8554200e-01   4.4238100e+01  -3.0000000e+00
   1.7600000e+02   1.2684700e+00  -1.8218200e+01   2.7738600e+01  -1.0000000e+00
   1.7700000e+02  -8.3424600e+00  -6.4398000e+00   2.4425700e+01   1.0000000e+00
   1.7800000e+02  -3.9775500e-01  -1.0752800e+01   2.5341900e+01   1.0000000e+00
   1.7900000e+02   1.5962500e+00   1.0328900e+01   5.1338000e+01   2.0000000e+00
   1.8000000e+02   2.6926600e+00   1.8502400e+01   5.0971000e+01  -1.0000000e+00
   1.8100000e+02   3.8143600e+00  -1.1112400e+01   2.4940800e+01   1.0000000e+00
   1.8200000e+02  -2.4588400e+00  -1.0602900e+01   2.5082300e+01   1.0000000e+00
   1.8300000e+02  -3.3328500e+00  -8.7311100e+00   2.4923600e+01   1.0000000e+00
   1.8400000e+02  -1.6784900e+01   8.3312200e+00   5.3802600e+01  -1.0000000e+00
   1.8500000e+02   1.5395200e+01   1.0157800e+01   1.2131200e+01  -1.0000000e+00
   1.8600000e+02  -7.4540100e+00  -8.3406000e+00   2.4268900e+01   1.0000000e+00
   1.8700000e+02  -4.7643100e+00  -1.2691200e+00   3.5390800e+01  -3.0000000e+00
   1.8800000e+02   6.4638300e+00   1.7899500e+01   4.9454600e+01  -1.0000000e+00
   1.8900000e+02   4.8091300e-01   1.5836700e+01   5.2904900e+01  -2.0000000e+00
   1.9000000e+02  -7.1710800e+00   1.2504000e+01   5.3105700e+01   2.0000000e+00
   1.9100000e+02  -7.9570500e+00   6.2404900e+00   5.3423500e+01   2.0000000e+00
   1.9200000e+02  -3.9040300e+00   9.9543900e+00   5.2799200e+01   2.0000000e+00
   1.9300000e+02   1.6865700e+01  -4.5439400e+00   4.1373800e+01  -1.0000000e+00
   1.9400000e+02  -9.3703300e+00   9.5671900e+00   5.3223900e+01   2.0000000e+00
   1.9500000e+02   2.5188800e+00  -1.2799400e+01   2.5490000e+01   1.0000000e+00
   1.9600000e+02   1.1721800e+01  -1.5370800e+01   2.5154800e+01  -1.0000000e+00
   1.9700000e+02   2.1248000e-01  -1.6282700e+01   2.5744100e+01  -2.0000000e+00
   1.9800000e+02   1.5902100e+01  -2.6687900e+00   2.6882000e+01  -2.0000000e+00
   1.9900000e+02   7.1492300e+00   1.0464600e+01   3.2793300e+01  -2.0000000e+00
   2.0000000e+02  -1.0091300e+01   3.3759700e+00   5.3450700e+01   2.0000000e+00
   2.0100000e+02   1.2117000e+01   1.2040300e+01   1.2101500e+01  -1.0000000e+00
   2.0200000e+02  -1.9101100e+01   1.2146300e-01   2.3880100e+01  -1.0000000e+00
   2.0300000e+02  -6.7873300e+00   9.0871700e-01   6.7191900e+01  -3.0000000e+00
   2.0400000e+02   1.4236000e+01   1.2091400e+01   3.0927400e+01  -1.0000000e+00
   2.0500000e+02   6.4271900e+00  -4.0606000e+00   2.6781800e+01   1.0000000e+00
   2.0600000e+02   1.2112500e+01  -1.1623300e+01   2.7232300e+01   1.0000000e+00
   2.0700000e+02   1.0596500e+01  -4.2185100e+00   2.6572100e+01   1.0000000e+00
   2.0800000e+02   4.1292500e+00   1.5218100e+01   5.1460100e+01   2.0000000e+00
   2.0900000e+02  -6.9178000e+00   1.4585700e+01   5.3295600e+01  -2.0000000e+00
   2.1000000e+02   1.0986800e+01   6.6802800e+00   2.8001700e+01   1.0000000e+00
   2.1100000e+02  -8.6108600e+00   1.5834100e+01   5.3643300e+01  -1.0000000e+00
   2.1200000e+02  -1.3835500e+01   3.4754300e+00   1.9860900e+01  -3.0000000e+00
   2.1300000e+02   7.8106500e+00   1.3227100e+00   2.8240000e+01   1.0000000e+00
   2.1400000e+02   5.7424300e+00   1.4335000e+00   2.8754400e+01   1.0000000e+00
   2.1500000e+02  -8.1982000e+00   4.1684700e+00   5.3110700e+01   2.0000000e+00
   2.1600000e+02   1.8346300e+01   1.1437600e+00   3.4269000e+01  -1.0000000e+00
   2.1700000e+02   8.5086300e+00  -4.1526300e+00   2.6838400e+01   1.0000000e+00
   2.1800000e+02  -1.0207400e+01  -1.5315700e+01   2.3064600e+01  -1.0000000e+00
   2.1900000e+02   9.1674600e+00  -9.6648800e+00   2.6502500e+01   1.0000000e+00
   2.2000000e+02   8.2481000e+00  -7.7894500e+00   2.6644500e+01   1.0000000e+00
   2.2100000e+02   6.7357100e+00   3.2477600e+00   2.9434400e+01   1.0000000e+00
   2.2200000e+02  -1.0336400e+01   1.2912900e+00   5.0980900e+01  -3.0000000e+00
   2.2300000e+02   2.0055400e+00  -7.3754300e+00   2.5413800e+01   1.0000000e+00
   2.2400000e+02  -1.1988300e+01  -1.1508600e+01   2.4942000e+01  -2.0000000e+00
   2.2500000e+02   4.4090100e+00   1.7310600e+01   3.9372600e+01  -2.0000000e+00
   2.2600000e+02  -1.4891800e+01  -9.4682200e+00   1.0217200e+01  -1.0000000e+00
   2.2700000e+02   6.8089900e+00   6.8536100e+00   3.5029300e+01  -2.0000000e+00
   2.2800000e+02   1.6066700e+01   4.6674700e+00   2.7998100e+01  -2.0000000e+00
   2.2900000e+02   5.2328700e+00  -5.8366900e+00   2.6038600e+01   1.0000000e+00
   2.3000000e+02   2.5181700e+00  -2.2341500e-01   3.7309400e+01  -3.0000000e+00
   2.3100000e+02  -2.6902000e+00  -1.5505800e+00   1.0497800e+01  -3.0000000e+00
   2.3200000e+02  -1.5762700e+01   1.6208700e+00   1.2017300e+01  -2.0000000e+00
   2.3300000e+02  -5.7829200e+00  -1.2085300e+01   2.4683300e+01   1.0000000e+00
   2.3400000e+02  -3.6623700e+00  -1.2282100e+01   2.4563800e+01   1.0000000e+00
   2.3500000e+02  -1.0032500e+01  -2.6928000e+00   1.1494400e+01  -3.0000000e+00
   2.3600000e+02  -1.9701800e+00   1.0836300e+01   5.2702000e+01   2.0000000e+00
   2.3700000e+02  -5.5325700e+00   1.1249600e+01   5.2648200e+01   2.0000000e+00
   2.3800000e+02   1.1219500e+01  -9.7384500e+00   2.6977600e+01   1.0000000e+00
   2.3900000e+02  -5.8146000e+00   9.1494600e+00   5.2530100e+01   2.0000000e+00
   2.4000000e+02   9.8900400e+00   1.2184100e+00   2.8033300e+01   1.0000000e+00
   2.4100000e+02   7.5767300e+00  -2.2736000e+00   2.6713500e+01   1.0000000e+00
   2.4200000e+02  -6.2554000e+00  -6.6479000e+00   2.4389600e+01   1.0000000e+00
   2.4300000e+02  -1.0500500e+01   1.5018700e+01   5.2911800e+01  -1.0000000e+00
   2.4400000e+02   2.9751200e+00   6.9871000e+00   3.1850300e+01  -2.0000000e+00
   2.4500000e+02  -1.5795000e+01  -7.5801300e+00   1.0773000e+01  -1.0000000e+00
   2.4600000e+02  -1.0969600e+01   1.0837200e+01   5.3407600e+01   2.0000000e+00
   2.4700000e+02  -1.6232500e+01  -1.9914500e+00   2.4137600e+01  -2.0000000e+00
   2.4800000e+02   7.7709700e+00   5.0295900e+00   2.7980300e+01   1.0000000e+00
   2.4900000e+02   1.6107300e+01   9.2004800e-01   2.9870300e+01  -2.0000000e+00
   2.5000000e+02   4.0808200e+00  -7.5395000e+00   2.5816300e+01   1.0000000e+00
   2.5100000e+02  -1.2264000e+01  -1.5099200e+01   2.4980200e+01  -1.0000000e+00
   2.5200000e+02   1.8151400e+01  -2.8208600e+00   2.6338400e+01  -1.0000000e+00
   2.5300000e+02  -4.8685700e+00   1.6912800e+00   4.1315500e+01  -3.0000000e+00
   2.5400000e+02  -1.5375000e+01  -3.8792300e+00   2.3384100e+01  -2.0000000e+00
   2.5500000e+02   1.2938700e+01   2.9677500e+00   2.9180100e+01   1.0000000e+00
   2.5600000e+02   5.9320600e+00  -1.1280300e+01   2.5685900e+01   1.0000000e+00
   2.5700000e+02  -4.5598700e+00  -1.0414100e+01   2.4404900e+01   1.0000000e+00
   2.5800000e+02  -1.1024300e+00   3.3474900e+00   5.4366000e+01   2.0000000e+00
   2.5900000e+02  -3.1018600e+00   1.6186400e+01   4.1684700e+01  -2.0000000e+00
   2.6000000e+02   5.2002400e+00   9.6978300e+00   6.2652000e+01   0.0000000e+00
   2.6100000e+02  -7.9775600e+00  -2.8582100e+00   3.7378200e+01  -3.0000000e+00
   2.6200000e+02  -1.3418400e+01   5.8520000e+00   5.2462500e+01   2.0000000e+00
   2.6300000e+02  -1.2874000e+01  -4.8832500e-01   1.1149600e+01  -3.0000000e+00
   2.6400000e+02  -1.7454400e+01  -3.6952200e+00   8.2147300e+00  -1.0000000e+00
   2.6500000e+02  -5.0501600e+00  -4.9494400e+00   2.4572700e+01   1.0000000e+00
   2.6600000e+02  -3.6135000e+00   1.2067700e+01   5.3170700e+01   2.0000000e+00
   2.6700000e+02   9.6321900e+00  -1.5170700e+01   3.6899300e+01  -2.0000000e+00
   2.6800000e+02   1.1967200e+01   1.0793000e+00   2.8257300e+01   1.0000000e+00
   2.6900000e+02  -2.9667900e+00   2.5075800e+00   5.3804200e+01   2.0000000e+00
   2.7000000e+02  -6.5529900e+00   2.9464700e+00   5.3197100e+01   2.0000000e+00
   2.7100000e+02   3.1771600e+00  -5.6565800e+00   2.5635300e+01   1.0000000e+00
   2.7200000e+02  -1.2483500e+00   1.7077300e+01   5.5569700e+01  -1.0000000e+00
   2.7300000e+02   1.3909900e+01  -1.5344100e+01   2.5372200e+01  -1.0000000e+00
   2.7400000e+02  -6.7290000e-01  -1.4368800e+01   2.5337800e+01   1.0000000e+00
   2.7500000e+02  -7.8367200e+00  -1.1900000e+01   2.4735400e+01   1.0000000e+00
   2.7600000e+02  -6.9654200e+00  -1.3781900e+01   2.5550000e+01  -2.0000000e+00
   2.7700000e+02   9.1288100e+00   1.1083400e+01   3.9127900e+01   0.0000000e+00
   2.7800000e+02  -1.3704000e+01   1.4009600e+00   1.5459200e+01  -3.0000000e+00
   2.7900000e+02   1.6473200e+00  -1.0930600e+01   2.4730400e+01   1.0000000e+00
   2.8000000e+02   4.3640400e+00  -3.9708200e+00   2.5878700e+01   1.0000000e+00
   2.8100000e+02   1.3172400e+00   8.2973600e+00   5.2036000e+01   2.0000000e+00
   2.8200000e+02   1.5015200e+01   2.8757200e+00   2.8838300e+01   1.0000000e+00
   2.8300000e+02  -1.3314200e+01  -4.1140700e+00   2.3200700e+01   1.0000000e+00
   2.8400000e+02   1.7174700e+01   6.4552000e+00   1.2632900e+01  -1.0000000e+00
   2.8500000e+02   4.6060900e+00  -3.6466000e-01   2.7037300e+01   1.0000000e+00
   2.8600000e+02  -5.1626600e+00  -1.7588000e+01   2.4967800e+01  -1.0000000e+00
   2.8700000e+02  -1.4845600e+01   9.1465400e+00   6.5297500e+01  -2.0000000e+00
   2.8800000e+02   1.3574500e+01  -6.1988200e+00   2.6175900e+01   1.0000000e+00
   2.8900000e+02  -1.2846200e+01  -9.6270500e+00   2.4713100e+01  -2.0000000e+00
   2.9000000e+02   2.1924800e-01  -3.6323600e+00   2.4605300e+01   1.0000000e+00
   2.9100000e+02   1.0886300e+00  -5.5292800e+00   2.5360600e+01   1.0000000e+00
   2.9200000e+02   7.7939500e-01   4.2088900e+00   5.5447900e+01  -3.0000000e+00
   2.9300000e+02  -1.3179600e+01  -1.3235200e+01   1.0439800e+01  -1.0000000e+00
   2.9400000e+02  -1.5320600e+01   5.0258400e+00   4.4819200e+01  -3.0000000e+00
   2.9500000e+02   7.3372200e+00  -5.9226800e+00   2.6688100e+01   1.0000000e+00
   2.9600000e+02  -2.5064000e+00   6.6816300e+00   5.3154400e+01   2.0000000e+00
   2.9700000e+02  -8.7010400e+00  -1.0005300e+01   2.4583600e+01   1.0000000e+00
   2.9800000e+02   1.2742900e+01  -4.3205200e+00   2.6634800e+01   1.0000000e+00
   2.9900000e+02  -8.1628000e+00  -1.5740300e+01   2.5012500e+01  -1.0000000e+00
