   0.0000000e+00   2.3527500e+00   5.1035100e+00   4.4966700e+01   1.0000000e+00
   1.0000000e+00  -3.1941800e+00  -4.0148000e+00   1.4167800e+00  -2.0000000e+00
   2.0000000e+00  -1.4521700e+01   1.1655300e+01   5.9889300e+01  -1.0000000e+00
   3.0000000e+00   6.3456400e+00   6.2092300e+00   4.5421500e+01   1.0000000e+00
   4.0000000e+00  -4.4762800e-01   1.5542400e+01   4.4455500e+01  -2.0000000e+00
   5.0000000e+00   5.4109600e+00   9.6783400e+00   4.5521600e+01   1.0000000e+00
   6.0000000e+00   1.1491200e+01   1.1248100e+01   4.3941300e+01   1.0000000e+00
   7.0000000e+00   6.8854300e+00   8.2341400e+00   4.5270300e+01   1.0000000e+00
   8.0000000e+00   5.5613600e+00   1.7240400e+01   4.6786400e+01  -1.0000000e+00
   9.0000000e+00  -7.1422300e+00  -3.1425500e+00   3.2722000e+01  -3.0000000e+00
   1.0000000e+01   1.5628600e+01   3.2280200e+00   4.6202700e+00  -2.0000000e+00
   1.1000000e+01  -1.1545700e+00  -4.3348300e+00   3.4557200e+01  -1.0000000e+00
   1.2000000e+01   3.1489100e-01  -2.8869800e+00   3.8807300e+01  -2.0000000e+00
   1.3000000e+01  -1.6034700e+01  -1.0582800e+01   2.1371200e+01  -1.0000000e+00
   1.4000000e+01  -1.2161800e+01  -7.1591100e-01   3.3545800e+01   1.0000000e+00
   1.5000000e+01   1.4571200e+01   8.0526500e+00   5.3299400e+01  -2.0000000e+00
   1.6000000e+01  -7.9589200e+00   1.5330000e+01   4.3681600e+01  -2.0000000e+00
   1.7000000e+01   3.1622900e+00  -1.0432800e+01   9.6533200e+00   0.0000000e+00
   1.8000000e+01  -7.1522500e+00   4.3719500e+00   4.5012400e+01   1.0000000e+00
   1.9000000e+01  -1.2970500e+01   1.0196400e+01   4.5291100e+01  -2.0000000e+00
   2.0000000e+01   9.1930600e+00   1.6430900e+01   4.2923900e+01  -1.0000000e+00
   2.1000000e+01   1.0887900e+01   9.2702900e+00   4.3297200e+01   1.0000000e+00
   2.2000000e+01  -1.6021700e+01  -4.8726200e+00   2.2690200e+01  -2.0000000e+00
   2.3000000e+01   7.8183100e+00   4.7471600e+00   4.5776300e+01   1.0000000e+00
   2.4000000e+01  -7.1496400e+00   1.7577800e+01   4.1370200e+01  -1.0000000e+00
   2.5000000e+01   1.3025000e+01   9.6951200e+00   4.2921700e+01  -2.0000000e+00
   2.6000000e+01   1.8545900e+00  -1.7679400e+01   2.0872500e+01  -1.0000000e+00
   2.7000000e+01   3.5869300e+00   1.6633500e+01   4.6058700e+01  -1.0000000e+00
   2.8000000e+01  -1.4074500e+01   6.1726000e+00   4.5548800e+01  -2.0000000e+00
   2.9000000e+01  -2.3513200e+00  -1.6918500e+01   1.9800300e+01  -2.0000000e+00
   3.0000000e+01   4.4701000e+00   1.3144200e+01   4.4368900e+01   1.0000000e+00
   3.1000000e+01   3.5866600e+00  -3.9196300e+00   1.6208400e+01  -2.0000000e+00
   3.2000000e+01  -3.8139600e+00  -7.5281300e+00   1.9580100e+01   2.0000000e+00
   3.3000000e+01  -1.6085200e+01  -2.0087800e+00   4.1594600e+01  -2.0000000e+00
   3.4000000e+01  -1.0060200e+01   7.2810300e+00   4.5387800e+01   1.0000000e+00
   3.5000000e+01   1.1350900e+01  -6.7560100e+00   7.6648900e+00   1.0000000e+00
   3.6000000e+01   6.3282600e+00  -1.2747700e+00   2.6110300e+01  -1.0000000e+00
   3.7000000e+01   5.8609900e+00  -1.2795700e+01   1.7512600e+01   2.0000000e+00
   3.8000000e+01  -5.9445800e+00   1.5905300e+01   3.1644500e+01  -2.0000000e+00
   3.9000000e+01  -1.0689300e+01  -9.8286000e+00   1.9044500e+01   2.0000000e+00
   4.0000000e+01  -6.0719800e+00   8.4118100e+00   4.5181800e+01   1.0000000e+00
   4.1000000e+01   3.4223900e+00   9.1303600e+00   4.5227000e+01   1.0000000e+00
   4.2000000e+01   3.8847800e-01  -1.3683400e+01   2.0153000e+01   2.0000000e+00
   4.3000000e+01   1.0025600e+01  -1.0132400e+01   2.9506600e+01   0.0000000e+00
   4.4000000e+01  -7.1333400e+00  -1.4124400e+01   1.9615200e+01  -2.0000000e+00
   4.5000000e+01  -5.0551100e+00  -3.0672500e+00   3.2357100e+01  -3.0000000e+00
   4.6000000e+01   1.1051300e+01  -4.6870500e+00   7.2421200e+00   1.0000000e+00
   4.7000000e+01  -4.6021800e+00   6.9329900e+00   4.5121100e+01   1.0000000e+00
   4.8000000e+01  -2.7011600e+00   2.7726100e-02   4.5191600e+01   1.0000000e+00
   4.9000000e+01   1.0617100e+01  -5.8355500e-01   6.0559000e+00  -2.0000000e+00
   5.0000000e+01   6.4926000e+00  -1.4762700e+01   1.4995100e+01  -2.0000000e+00
   5.1000000e+01  -1.2432900e+01  -3.4895500e+00   2.6923800e+01  -3.0000000e+00
   5.2000000e+01   1.7936800e+01  -1.7856500e+00   8.0980300e+00  -2.0000000e+00
   5.3000000e+01  -1.0156400e+01  -1.9296100e-01   4.4892000e+01   1.0000000e+00
   5.4000000e+01  -1.0731600e+01  -2.2033800e+00   2.8944700e+01  -3.0000000e+00
   5.5000000e+01  -1.9615800e-01   2.5892800e+00   4.5032700e+01   1.0000000e+00
   5.6000000e+01  -9.1513500e+00   3.8209300e+00   4.5055600e+01   1.0000000e+00
   5.7000000e+01  -8.5134300e+00  -4.6666900e+00   3.0206000e+01  -3.0000000e+00
   5.8000000e+01   1.5761200e+00   1.6066700e+01   3.2548800e+01  -2.0000000e+00
   5.9000000e+01   1.0333200e+01   7.2979800e+00   5.6334500e+01   0.0000000e+00
   6.0000000e+01   1.0173900e+01  -1.4198600e+01   6.7219200e+00  -2.0000000e+00
   6.1000000e+01   1.6966000e+01  -7.1037800e+00  -8.2354000e+00  -1.0000000e+00
   6.2000000e+01   1.4151200e+01  -1.2820200e-01   6.9897400e+00   1.0000000e+00
   6.3000000e+01  -1.3902700e+01   1.3656500e+01   4.4506000e+01  -1.0000000e+00
   6.4000000e+01  -1.6615600e+00   4.0366700e+00   4.5055500e+01   1.0000000e+00
   6.5000000e+01   5.1305000e+00  -1.6327800e+01   2.9444700e+01  -2.0000000e+00
   6.6000000e+01   1.7926000e+00   3.1120300e+00   4.4853600e+01   1.0000000e+00
   6.7000000e+01   4.8665400e+00   7.6608800e+00   4.5339200e+01   1.0000000e+00
   6.8000000e+01   9.7992200e+00   5.3054800e+00   5.2892000e+01  -2.0000000e+00
   6.9000000e+01  -9.9540200e+00   1.4821900e+01   5.6748600e+01  -2.0000000e+00
   7.0000000e+01  -1.0462300e+01   1.2794900e+01   4.5657600e+01  -2.0000000e+00
   7.1000000e+01  -2.4596600e+00  -5.9427200e+00   2.0500600e+01  -2.0000000e+00
   7.2000000e+01  -1.5031400e+01   9.6618200e+00   6.0091300e+01  -1.0000000e+00
   7.3000000e+01  -9.5349000e+00   9.2821300e+00   4.5453100e+01   1.0000000e+00
   7.4000000e+01   2.4815700e+00   1.2602300e+01   4.4746300e+01   1.0000000e+00
   7.5000000e+01  -1.5131900e+01   2.1378400e+00   4.6018000e+01   1.0000000e+00
   7.6000000e+01  -9.4539700e-01   1.3547200e+01   4.4814700e+01   1.0000000e+00
   7.7000000e+01  -9.2512800e+00  -8.1975200e+00   1.8297300e+01   2.0000000e+00
   7.8000000e+01  -2.9893600e+00   1.3005000e+01   4.5576000e+01   1.0000000e+00
   7.9000000e+01   2.7521200e+00  -3.1521700e-01   4.5379700e+01   1.0000000e+00
   8.0000000e+01  -4.4519900e+00  -1.1002900e+01   1.9418900e+01   2.0000000e+00
   8.1000000e+01   5.8994100e+00   1.1674900e+01   4.5249200e+01   1.0000000e+00
   8.2000000e+01  -6.5433400e+00  -1.0617700e+01   1.9328700e+01   2.0000000e+00
   8.3000000e+01  -7.1317300e-01   5.7151300e-01   4.5354000e+01   1.0000000e+00
   8.4000000e+01  -1.2626400e+00  -1.4505200e+00   3.3351200e+01  -3.0000000e+00
   8.5000000e+01  -1.0528000e+01  -4.2791200e+00   1.2698300e+00  -3.0000000e+00
   8.6000000e+01  -1.3957400e+01  -5.3715600e+00   1.7621300e+01   2.0000000e+00
   8.7000000e+01   1.2253400e+01   6.6860900e-01   7.4819900e+00   1.0000000e+00
   8.8000000e+01  -1.0607300e+01   5.2903400e+00   4.5281500e+01   1.0000000e+00
   8.9000000e+01   9.4350800e+00   1.0797000e+01   4.4480700e+01   1.0000000e+00
   9.0000000e+01  -8.4867700e+00   1.3338500e+01   4.5183000e+01   1.0000000e+00
   9.1000000e+01   1.2544300e+01   1.5322000e+01   4.4825100e+01  -1.0000000e+00
   9.2000000e+01  -4.2136500e+00   1.4743100e+00   4.5581700e+01   1.0000000e+00
   9.3000000e+01   5.2669500e+00   2.2135100e+00   4.4887500e+01   1.0000000e+00
   9.4000000e+01  -1.5361100e+01  -6.8984200e+00   1.6333300e+01  -2.0000000e+00
   9.5000000e+01   6.4882500e+00   1.3704000e+01   4.4192700e+01   1.0000000e+00
   9.6000000e+01  -8.0487300e+00   7.8533700e+00   4.5695600e+01   1.0000000e+00
   9.7000000e+01   2.2963900e+00  -8.5438600e+00   1.4563200e+01  -2.0000000e+00
   9.8000000e+01   1.3697200e+01   4.0616600e+00   3.6965000e+00  -2.0000000e+00
   9.9000000e+01  -2.4857300e+00   1.5047900e+01   4.5132300e+01  -2.0000000e+00
   1.0000000e+02   8.3474500e+00   6.7762000e+00   4.5125900e+01   1.0000000e+00
   1.0100000e+02  -1.4795400e+01  -8.8883900e+00   1.8452500e+01  -2.0000000e+00
   1.0200000e+02   1.0514600e+01   1.4806500e+01   3.1982300e+01  -2.0000000e+00
   1.0300000e+02   3.0915400e+00  -1.5995500e+01   2.0914400e+01  -2.0000000e+00
   1.0400000e+02   1.0741700e+00  -1.5623000e+01   2.0628400e+01  -2.0000000e+00
   1.0500000e+02  -1.1664300e+01   1.2751900e+00   4.5538400e+01   1.0000000e+00
   1.0600000e+02   2.4412900e+00  -1.4012100e+01   1.9456300e+01   2.0000000e+00
   1.0700000e+02  -9.2965200e+00   1.6874500e+01   4.3756400e+01  -1.0000000e+00
   1.0800000e+02  -1.1241800e+01  -1.3371100e+01   1.9242800e+01  -2.0000000e+00
   1.0900000e+02   1.4386900e+00   8.5799000e+00   4.5055100e+01   1.0000000e+00
   1.1000000e+02  -5.1685400e+00  -9.0761700e+00   1.9257300e+01   2.0000000e+00
   1.1100000e+02   8.1026200e+00  -9.3646000e+00   2.8246100e+01   0.0000000e+00
   1.1200000e+02   6.9773800e+00  -1.7246500e+01   1.1922800e+01  -1.0000000e+00
   1.1300000e+02  -3.9799500e-01  -6.2421900e+00   8.4123200e+00  -2.0000000e+00
   1.1400000e+02   8.4699400e+00  -1.5392000e+01   2.3134600e+01  -2.0000000e+00
   1.1500000e+02  -1.3133700e+01   2.7289600e+00   4.5736600e+01   1.0000000e+00
   1.1600000e+02  -7.2218400e+00  -8.6654600e+00   1.8167100e+01   2.0000000e+00
   1.1700000e+02   1.1860400e+01   2.9433900e+00   8.5039700e+00  -2.0000000e+00
   1.1800000e+02  -1.1129700e+01   3.2985900e+00   4.5203900e+01   1.0000000e+00
   1.1900000e+02   8.7353300e+00   2.8594300e-01   7.9660500e+00  -1.0000000e+00
   1.2000000e+02  -1.3652000e+01   6.9960700e-01   4.6196900e+01   1.0000000e+00
   1.2100000e+02   1.3016600e+01  -5.5007700e+00   7.2687300e+00   1.0000000e+00
   1.2200000e+02   4.7462300e+00   1.7810100e-01   4.6475700e+01  -2.0000000e+00
   1.2300000e+02  -9.2036200e+00  -1.3773600e+01   1.9756800e+01  -2.0000000e+00
   1.2400000e+02   1.3302700e+01  -7.5485800e+00   7.0990400e+00   1.0000000e+00
   1.2500000e+02  -3.9178800e+00   1.6528200e+01   4.5040500e+01  -1.0000000e+00
   1.2600000e+02   1.5375200e+01  -1.0538000e+01   2.0925600e+01  -1.0000000e+00
   1.2700000e+02   3.6011800e-01   4.5790700e+00   4.4843800e+01   1.0000000e+00
   1.2800000e+02   7.2107300e+00  -3.1433400e+00   1.1899400e+01  -2.0000000e+00
   1.2900000e+02   1.8251800e+01  -3.8153900e+00   8.3182100e+00  -1.0000000e+00
   1.3000000e+02  -1.0975300e+01   1.0750100e+01   4.5405200e+01   1.0000000e+00
   1.3100000e+02  -7.0276000e+00   1.1862300e+01   4.5393600e+01   1.0000000e+00
   1.3200000e+02   1.0062500e+00  -1.0153500e+01   2.1520800e+01   2.0000000e+00
   1.3300000e+02  -1.1921300e+01   1.4235200e+01   4.5901200e+01  -1.0000000e+00
   1.3400000e+02  -3.2589900e+00  -1.9639600e+00   2.7504700e+01  -3.0000000e+00
   1.3500000e+02  -5.0006600e+00   1.2425800e+01   4.5513900e+01   1.0000000e+00
   1.3600000e+02  -1.1935900e+01  -5.7777000e+00   1.6880900e+01   2.0000000e+00
   1.3700000e+02   1.4985800e+01  -6.3327400e+00   7.4297700e+00  -2.0000000e+00
   1.3800000e+02  -1.2715800e+01  -9.3238200e+00   1.8162500e+01   2.0000000e+00
   1.3900000e+02   1.4390600e+01  -2.2292900e+00   6.8859400e+00   1.0000000e+00
   1.4000000e+02   1.3713400e+01  -1.1991300e+01   1.8301600e+01  -1.0000000e+00
   1.4100000e+02  -1.3450800e+01  -1.2963100e+01   2.9406000e+00  -1.0000000e+00
   1.4200000e+02  -1.1520000e+01   8.7449500e+00   4.4937000e+01   1.0000000e+00
   1.4300000e+02   5.5822600e+00  -4.3927800e+00   2.1220800e+01   0.0000000e+00
   1.4400000e+02   1.6040700e+01  -9.8685200e-01   6.8084600e+00   1.0000000e+00
   1.4500000e+02  -5.5263300e+00   1.0398700e+01   4.5240800e+01   1.0000000e+00
   1.4600000e+02  -1.0501200e+00  -9.8158600e+00   2.0386100e+01   2.0000000e+00
   1.4700000e+02  -4.5064400e+00  -5.5965100e+00   1.7851900e+01  -3.0000000e+00
   1.4800000e+02   1.2609100e+00   1.1153800e+00   4.5535200e+01   1.0000000e+00
   1.4900000e+02  -5.0972100e+00  -1.4521900e+01   1.8725400e+01  -2.0000000e+00
   1.5000000e+02  -9.0087100e+00   1.1305000e+01   4.5363500e+01   1.0000000e+00
   1.5100000e+02   1.6619400e+01  -5.0813300e+00   8.3495800e+00  -2.0000000e+00
   1.5200000e+02  -3.5348200e+00   1.0964400e+01   4.5479900e+01   1.0000000e+00
   1.5300000e+02  -9.9014100e+00  -1.1803700e+01   2.0377000e+01   2.0000000e+00
   1.5400000e+02  -1.5605400e+01   7.6131600e+00   6.0748800e+01  -1.0000000e+00
   1.5500000e+02  -1.1006600e+00   6.0339200e+00   4.5401200e+01   1.0000000e+00
   1.5600000e+02   1.6455100e+00  -6.5877400e+00   9.3216700e+00  -2.0000000e+00
   1.5700000e+02   5.8279100e+00   4.2145000e+00   4.5271000e+01   1.0000000e+00
   1.5800000e+02   1.6296500e+01  -3.0389000e+00   7.6892200e+00  -2.0000000e+00
   1.5900000e+02   1.5222700e+01  -8.3904200e+00   5.3135300e+00  -2.0000000e+00
   1.6000000e+02  -1.6864400e+01  -8.3352300e+00   1.5336200e+00  -1.0000000e+00
   1.6100000e+02   5.0804600e+00   1.5200400e+01   4.5127000e+01  -2.0000000e+00
   1.6200000e+02   4.3778400e+00  -2.0235400e+00   5.6111000e+01  -2.0000000e+00
   1.6300000e+02  -1.1280700e+01  -7.8007100e+00   1.7759200e+01   2.0000000e+00
   1.6400000e+02   3.8441000e+00  -1.2375100e+01   1.9285700e+01   2.0000000e+00
   1.6500000e+02   1.2138500e+01  -1.5062300e+01   5.6860500e+00  -1.0000000e+00
   1.6600000e+02   1.7051300e+01  -9.3464400e+00   3.3287500e+00  -1.0000000e+00
   1.6700000e+02  -9.9119900e-01  -1.5350400e+01   2.0335100e+01   2.0000000e+00
   1.6800000e+02  -1.4612300e+01   4.1527400e+00   4.5737000e+01   1.0000000e+00
   1.6900000e+02   7.9338400e+00   1.2232600e+01   4.5344100e+01   1.0000000e+00
   1.7000000e+02  -3.2252100e-01  -1.1743100e+01   2.0771900e+01   2.0000000e+00
   1.7100000e+02   5.7651700e+00  -6.4543700e+00   9.3626200e+00  -2.0000000e+00
   1.7200000e+02   7.7193800e+00  -7.3400600e+00   9.0609600e+00   1.0000000e+00
   1.7300000e+02  -1.6614300e+01   3.5808000e+00   4.7744400e+01  -2.0000000e+00
   1.7400000e+02  -6.4929800e+00   1.3895200e+01   4.5248000e+01   1.0000000e+00
   1.7500000e+02  -5.6978200e+00   2.9310900e+00   4.5337400e+01   1.0000000e+00
   1.7600000e+02  -7.8642700e+00  -1.2191600e+01   2.0023400e+01   2.0000000e+00
   1.7700000e+02   4.4786200e+00  -1.4333700e+01   1.8876300e+01   2.0000000e+00
   1.7800000e+02  -1.5641200e+01   1.1524000e-01   4.7138600e+01  -2.0000000e+00
   1.7900000e+02   1.7675800e+01   2.6971100e-01  -4.8938800e+00  -2.0000000e+00
   1.8000000e+02   8.0464400e+00  -1.3371600e+01   1.2120300e+01   0.0000000e+00
   1.8100000e+02  -3.1320000e+00   5.4763500e+00   4.5247700e+01   1.0000000e+00
   1.8200000e+02   1.0357200e+01  -1.6259600e+01   4.7670100e+00  -1.0000000e+00
   1.8300000e+02  -3.6835000e+00   3.4909400e+00   4.5192600e+01   1.0000000e+00
   1.8400000e+02   1.1842900e+01   5.0109000e+00   7.0290600e+00  -1.0000000e+00
   1.8500000e+02   2.2837900e+00  -2.3223300e+00   4.3314000e+01  -2.0000000e+00
   1.8600000e+02   1.0814400e+01  -2.6341500e+00   6.5778400e+00   1.0000000e+00
   1.8700000e+02  -4.4826500e+00   1.4427300e+01   4.5602400e+01  -2.0000000e+00
   1.8800000e+02   9.1476100e+00  -3.8900700e+00   7.9272800e+00   1.0000000e+00
   1.8900000e+02  -8.4841400e+00  -1.5711400e+01   1.9760100e+01  -1.0000000e+00
   1.9000000e+02   1.4029100e+01   1.3814400e+01   4.4781000e+01  -1.0000000e+00
   1.9100000e+02   1.9414000e+00   1.0608800e+01   4.5295900e+01   1.0000000e+00
   1.9200000e+02   1.6206700e+00  -4.5260500e+00   1.2718900e+01  -1.0000000e+00
   1.9300000e+02  -1.3527100e+01   8.1997100e+00   4.5053700e+01  -2.0000000e+00
   1.9400000e+02  -1.2458000e+01   1.2182500e+01   4.5446900e+01  -2.0000000e+00
   1.9500000e+02   5.2146700e+00  -1.0741400e+01   3.3985900e+01   0.0000000e+00
   1.9600000e+02   7.3561300e+00   2.7385500e+00   5.6950900e+01   0.0000000e+00
   1.9700000e+02   7.1074800e+00   1.5775100e+01   3.2978700e+01  -2.0000000e+00
   1.9800000e+02  -3.7221300e+00  -1.2993400e+01   1.9118000e+01   2.0000000e+00
   1.9900000e+02   1.0001800e+01   1.2810300e+01   4.4922200e+01   1.0000000e+00
   2.0000000e+02   3.6111700e+00  -5.9740600e+00   4.4265200e+00  -2.0000000e+00
   2.0100000e+02  -4.7265800e+00  -5.1549200e-01   4.6907100e+01   1.0000000e+00
   2.0200000e+02   1.2745400e+01  -3.4714600e+00   6.7688300e+00   1.0000000e+00
   2.0300000e+02   3.9684700e+00  -1.8041300e+01   2.3114800e+01  -1.0000000e+00
   2.0400000e+02   1.2503400e+01  -1.3963700e+00   6.7077800e+00   1.0000000e+00
   2.0500000e+02  -1.3333300e+01  -7.3631400e+00   1.7459400e+01   2.0000000e+00
   2.0600000e+02  -1.8338800e+01   4.8847500e+00   4.8519300e+01  -1.0000000e+00
   2.0700000e+02   4.2620500e+00  -7.9302000e+00   2.0688400e+01  -1.0000000e+00
   2.0800000e+02  -2.6170200e+00   7.4785500e+00   4.5332900e+01   1.0000000e+00
   2.0900000e+02  -8.7274400e+00  -1.6990400e+00   3.3230600e+01  -3.0000000e+00
   2.1000000e+02  -1.5556500e+00  -1.8847700e+01   2.1504600e+01  -1.0000000e+00
   2.1100000e+02   1.3492900e+01   1.1769900e+01   4.4748800e+01  -2.0000000e+00
   2.1200000e+02  -6.5111400e+00  -5.1023200e+00   1.8646700e+01  -3.0000000e+00
   2.1300000e+02  -1.4127000e+01  -1.3090300e+00   5.9998900e+01  -3.0000000e+00
   2.1400000e+02  -5.7922000e-01   8.0420200e+00   4.5169200e+01   1.0000000e+00
   2.1500000e+02  -7.5464100e+00   9.8628800e+00   4.5568400e+01   1.0000000e+00
   2.1600000e+02   1.3874200e+01   1.9326500e+00   6.2606500e+00   1.0000000e+00
   2.1700000e+02   1.7531800e+01   4.4667600e+00  -9.8215100e+00  -1.0000000e+00
   2.1800000e+02  -1.7630900e+01  -5.8492500e-01   4.7832300e+01  -1.0000000e+00
   2.1900000e+02  -7.8814600e+00  -6.6351500e+00   1.8011300e+01   2.0000000e+00
   2.2000000e+02   1.3549700e+01  -9.6103700e+00   6.0862700e+00  -2.0000000e+00
   2.2100000e+02  -1.6534100e+00  -1.3366900e+01   1.9992500e+01   2.0000000e+00
   2.2200000e+02  -5.8055400e+00  -1.2556500e+01   1.9572200e+01   2.0000000e+00
   2.2300000e+02  -7.6741400e+00   2.3752300e+00   4.5676100e+01   1.0000000e+00
   2.2400000e+02   3.8107900e+00   3.6588900e+00   4.5014900e+01   1.0000000e+00
   2.2500000e+02   2.0288000e-01   1.7634800e+01   4.3291300e+01  -1.0000000e+00
   2.2600000e+02   7.5317500e+00  -5.1750200e+00   7.3107700e+00   1.0000000e+00
   2.2700000e+02  -3.1051400e+00  -9.4572400e+00   1.9730200e+01   2.0000000e+00
   2.2800000e+02   6.0920200e+00  -8.8813400e+00   1.6835200e+01  -2.0000000e+00
   2.2900000e+02  -2.2000100e+00   2.0360300e+00   4.5489500e+01   1.0000000e+00
   2.3000000e+02   1.5051800e+01   1.0081500e+01   2.9011400e+01  -1.0000000e+00
   2.3100000e+02   4.3589400e+00   5.6602100e+00   4.5421300e+01   1.0000000e+00
   2.3200000e+02  -1.7130800e+01   1.5407100e+00   4.8380400e+01  -2.0000000e+00
   2.3300000e+02  -1.2679500e+01  -1.4910400e+01   1.8849300e+01  -1.0000000e+00
   2.3400000e+02  -1.1996200e+01  -1.1462000e+01   1.8916800e+01  -2.0000000e+00
   2.3500000e+02  -1.6101500e+01   5.6015700e+00   5.8238800e+01  -2.0000000e+00
   2.3600000e+02   1.1641800e+01  -8.8342100e+00   7.9807200e+00   1.0000000e+00
   2.3700000e+02  -1.7471300e+01  -6.3670600e+00   1.6292100e+01  -1.0000000e+00
   2.3800000e+02  -1.5306800e+00   1.1543900e+01   4.4962600e+01   1.0000000e+00
   2.3900000e+02   1.2333000e+01   7.7639300e+00   2.8637500e+01   0.0000000e+00
   2.4000000e+02  -5.1349800e+00   4.9315900e+00   4.4994500e+01   1.0000000e+00
   2.4100000e+02  -6.7136600e+00  -1.1278200e+00   4.5442800e+01   1.0000000e+00
   2.4200000e+02   7.4271500e+00   1.0230100e+01   4.5538200e+01   1.0000000e+00
   2.4300000e+02   1.6556300e+01   8.6215600e+00  -4.0461800e+00  -1.0000000e+00
   2.4400000e+02   8.4856200e+00   1.4229400e+01   4.4328100e+01  -2.0000000e+00
   2.4500000e+02   8.8202800e-01   6.5948700e+00   4.4994500e+01   1.0000000e+00
   2.4600000e+02   2.8756100e+00   7.1093900e+00   4.5035100e+01   1.0000000e+00
   2.4700000e+02  -6.2082100e+00   9.2948100e-01   4.5813100e+01   1.0000000e+00
   2.4800000e+02   1.0379200e+01   1.5192900e+00   1.2622300e+01  -2.0000000e+00
   2.4900000e+02   1.0373100e+00   1.4069900e+01   4.5010100e+01   1.0000000e+00
   2.5000000e+02  -4.4136400e+00  -1.6523800e+01   6.3169700e+00  -2.0000000e+00
   2.5100000e+02   7.6910400e-01  -8.8189000e-01   4.6164800e+01   1.0000000e+00
   2.5200000e+02  -3.0527700e+00  -1.4973500e+01   1.8893200e+01   2.0000000e+00
   2.5300000e+02  -9.6697500e+00   1.8035600e+00   4.5423700e+01   1.0000000e+00
   2.5400000e+02  -3.8334100e+00  -1.8540800e+01   1.8653000e+01  -1.0000000e+00
   2.5500000e+02  -1.9151100e+00   1.7030100e+01   4.4637700e+01  -1.0000000e+00
   2.5600000e+02   6.7197000e+00   7.6323600e-01   5.1902200e+01  -2.0000000e+00
   2.5700000e+02   1.7547600e+01   2.3212000e+00  -1.1770800e+01  -1.0000000e+00
   2.5800000e+02  -1.0551600e+01  -1.5363400e+01   1.9310900e+01  -1.0000000e+00
   2.5900000e+02  -8.6160100e+00  -1.0182500e+01   1.9287300e+01   2.0000000e+00
   2.6000000e+02   1.5798900e+01   1.1322600e+00   5.9200500e+00  -2.0000000e+00
   2.6100000e+02  -8.5780000e+00   5.8456700e+00   4.5057000e+01   1.0000000e+00
   2.6200000e+02  -1.4487900e+01  -3.3745000e+00   3.1111400e+01  -3.0000000e+00
   2.6300000e+02  -4.0730700e+00   8.9402600e+00   4.5108500e+01   1.0000000e+00
   2.6400000e+02  -1.3981200e+01  -1.0943700e+01   6.7455100e+00  -2.0000000e+00
   2.6500000e+02   1.2026900e+01   1.3297400e+01   4.4649600e+01  -2.0000000e+00
   2.6600000e+02   1.3615100e+01   6.1592400e+00   1.6729000e+01  -2.0000000e+00
   2.6700000e+02  -2.0467400e+00   9.5103700e+00   4.5247000e+01   1.0000000e+00
   2.6800000e+02   9.3445500e+00   3.2887700e+00   2.6312700e+01   0.0000000e+00
   2.6900000e+02  -6.4747500e+00  -1.6115500e+01   1.8721800e+01  -1.0000000e+00
   2.7000000e+02   2.5893400e-01  -8.2269700e+00   2.0199100e+01   2.0000000e+00
   2.7100000e+02  -3.8498300e-02   1.0049900e+01   4.5201200e+01   1.0000000e+00
   2.7200000e+02   3.9206700e+00   1.1134000e+01   4.5166100e+01   1.0000000e+00
   2.7300000e+02  -2.3985100e+00  -1.1418900e+01   2.0048800e+01   2.0000000e+00
   2.7400000e+02   8.8785400e+00   8.7759100e+00   4.4708400e+01   1.0000000e+00
   2.7500000e+02  -1.2598100e+01   4.7295300e+00   4.5582300e+01   1.0000000e+00
   2.7600000e+02   9.4269500e+00  -5.9642400e+00   7.7995700e+00   1.0000000e+00
   2.7700000e+02   8.8498400e+00  -1.8243200e+00   8.4178200e+00  -2.0000000e+00
   2.7800000e+02   1.8190500e+00  -1.2046700e+01   2.0432600e+01   2.0000000e+00
   2.7900000e+02  -2.1798400e-01  -1.7266100e+01   3.2608600e+01  -2.0000000e+00
   2.8000000e+02   3.2559400e+00   1.6759000e+00   4.5203700e+01   1.0000000e+00
   2.8100000e+02  -1.7629500e+01  -3.4639700e+00   3.1037700e+01  -1.0000000e+00
   2.8200000e+02   1.1932500e+01  -1.0907300e+01   3.3785400e+01  -2.0000000e+00
   2.8300000e+02   9.7893900e+00  -1.2172100e+01   3.9456200e+01   0.0000000e+00
   2.8400000e+02  -1.8921300e+01   2.7278600e+00   5.0544100e+01  -1.0000000e+00
   2.8500000e+02  -9.9140500e+00  -6.2426300e+00   1.8221200e+01   2.0000000e+00
   2.8600000e+02   1.1891900e+01  -1.3019000e+01   3.9548900e+01  -2.0000000e+00
   2.8700000e+02   3.0633800e+00   1.4648800e+01   4.5005700e+01  -2.0000000e+00
   2.8800000e+02  -1.7713700e+00  -7.8774200e+00   2.0053600e+01   2.0000000e+00
   2.8900000e+02   7.2482700e+00  -1.1238600e+01   2.3339400e+01   0.0000000e+00
   2.9000000e+02   4.8507400e-01   1.2056100e+01   4.4764000e+01   1.0000000e+00
   2.9100000e+02  -5.8714200e+00  -7.1273900e+00   1.8263000e+01   2.0000000e+00
   2.9200000e+02   1.7125500e+01   6.6377200e+00  -7.8718500e+00  -1.0000000e+00
   2.9300000e+02  -1.2080300e+01   6.7138900e+00   4.5172300e+01   1.0000000e+00
   2.9400000e+02  -6.5885000e+00   6.4028200e+00   4.5083300e+01   1.0000000e+00
   2.9500000e+02   1.9629500e+01  -3.7046300e-01   4.0877300e+01  -1.0000000e+00
   2.9600000e+02   1.5547500e+01   5.3241900e+00   1.7911800e+01  -2.0000000e+00
   2.9700000e+02   9.6824600e+00  -8.0247700e+00   8.6988600e+00   1.0000000e+00
   2.9800000e+02  -8.1813900e+00   3.4146600e-01   4.5538200e+01   1.0000000e+00
   2.9900000e+02   1.4665200e+01  -4.2834500e+00   7.5257300e+00   1.0000000e+00
