   0.0000000e+00   1.0449400e+01   4.7107100e-01  -1.0000000e+00
   1.0000000e+00   2.4004200e+00  -9.6953600e+00  -1.0000000e+00
   2.0000000e+00   1.5999700e+01  -9.6830700e+00  -1.0000000e+00
   3.0000000e+00  -1.3159800e+01  -3.9588000e+00   1.0000000e+00
   4.0000000e+00   3.5708100e-01  -9.9387100e+00  -1.0000000e+00
   5.0000000e+00   1.1435900e+01  -1.5756300e+01  -1.0000000e+00
   6.0000000e+00   1.7177800e+01  -2.1646600e+00  -1.0000000e+00
   7.0000000e+00   2.4478500e+00  -1.7243300e+01   1.0000000e+00
   8.0000000e+00  -3.6573900e+00   3.9681300e+00  -1.0000000e+00
   9.0000000e+00  -7.6753300e+00  -4.2803800e+00   1.0000000e+00
   1.0000000e+01   1.3052300e+01   1.1740600e+01  -1.0000000e+00
   1.1000000e+01   7.0691500e+00   1.6436000e+01  -1.0000000e+00
   1.2000000e+01   3.8060500e+00   3.2107400e+00  -1.0000000e+00
   1.3000000e+01   3.1859400e+00  -7.7771700e+00  -1.0000000e+00
   1.4000000e+01  -2.6075900e+00  -3.1337100e+00  -1.0000000e+00
   1.5000000e+01   3.0250900e+00   1.2832900e+00  -1.0000000e+00
   1.6000000e+01   9.8625700e+00  -1.0484500e+01  -1.0000000e+00
   1.7000000e+01   8.1349600e+00  -1.4367800e+01  -1.0000000e+00
   1.8000000e+01  -2.1575300e+00   7.8077600e+00  -1.0000000e+00
   1.9000000e+01   2.1917600e+00   1.3904900e+01  -1.0000000e+00
   2.0000000e+01   2.7744900e+00  -4.2053600e+00  -1.0000000e+00
   2.1000000e+01   1.0199100e+01  -1.4117400e+01  -1.0000000e+00
   2.2000000e+01  -1.1266700e+01  -4.7850700e+00   1.0000000e+00
   2.3000000e+01   3.2662300e+00   6.7831800e+00  -1.0000000e+00
   2.4000000e+01  -9.8983800e+00   2.9722800e+00  -1.0000000e+00
   2.5000000e+01  -9.1060400e+00   4.9101600e+00  -1.0000000e+00
   2.6000000e+01   4.0512600e+00   8.7031200e+00  -1.0000000e+00
   2.7000000e+01   4.7563400e-01   4.5761500e+00  -1.0000000e+00
   2.8000000e+01   1.6623400e+01   1.3645000e+00  -1.0000000e+00
   2.9000000e+01  -8.8325800e+00   1.0411200e+01  -1.0000000e+00
   3.0000000e+01   6.5882100e+00   5.4203700e+00  -1.0000000e+00
   3.1000000e+01   9.1534300e-01   1.5564600e+01  -1.0000000e+00
   3.2000000e+01   1.9775200e+00  -1.5237900e+01   1.0000000e+00
   3.3000000e+01  -1.5861000e+01   7.4584200e+00  -1.0000000e+00
   3.4000000e+01  -4.0861400e+00  -1.7590700e+01   1.0000000e+00
   3.5000000e+01   1.4299700e+01  -4.4231700e+00  -1.0000000e+00
   3.6000000e+01   1.5329000e+00  -1.1651600e+01  -1.0000000e+00
   3.7000000e+01  -9.3567400e+00  -5.5403000e+00   1.0000000e+00
   3.8000000e+01   7.3031200e+00  -7.2211500e+00  -1.0000000e+00
   3.9000000e+01  -3.1490000e+00   4.2921600e-01  -1.0000000e+00
   4.0000000e+01   6.9241000e+00  -1.2706000e+01  -1.0000000e+00
   4.1000000e+01  -6.0561000e+00  -1.6806100e+01   1.0000000e+00
   4.2000000e+01   5.2551000e+00  -1.6577400e+01  -1.0000000e+00
   4.3000000e+01   1.2384700e+01  -1.3873100e+01  -1.0000000e+00
   4.4000000e+01  -1.3651300e+01   1.8599400e-01   1.0000000e+00
   4.5000000e+01   1.2977400e+01  -2.8152200e+00  -1.0000000e+00
   4.6000000e+01  -5.9894000e+00   1.2650900e+01  -1.0000000e+00
   4.7000000e+01  -2.8847000e+00   5.8940900e+00  -1.0000000e+00
   4.8000000e+01  -7.2868200e+00   1.4295800e+01  -1.0000000e+00
   4.9000000e+01  -8.0838700e+00  -1.5957600e+01   1.0000000e+00
   5.0000000e+01  -4.4431000e+00   2.0315600e+00  -1.0000000e+00
   5.1000000e+01  -1.1732600e+01   8.1285700e+00  -1.0000000e+00
   5.2000000e+01  -3.3955800e+00  -1.0105100e+01   1.0000000e+00
   5.3000000e+01   9.3566300e+00  -1.6035400e+01  -1.0000000e+00
   5.4000000e+01   1.1413600e+01  -6.6402400e+00  -1.0000000e+00
   5.5000000e+01  -1.0538400e+01   1.5781800e+01  -1.0000000e+00
   5.6000000e+01   1.4599700e+00   1.1945200e+01  -1.0000000e+00
   5.7000000e+01   6.3315400e+00   1.4515600e+01  -1.0000000e+00
   5.8000000e+01  -5.0426000e+00  -1.1345000e+01   1.0000000e+00
   5.9000000e+01   5.6901600e+00  -1.1058200e+01  -1.0000000e+00
   6.0000000e+01  -1.0814500e+01  -8.8752500e+00   1.0000000e+00
   6.1000000e+01   1.2198500e+01  -4.7449400e+00  -1.0000000e+00
   6.2000000e+01   8.5348600e-01  -1.8636000e+01   1.0000000e+00
   6.3000000e+01   1.5112700e+01  -2.5355100e+00  -1.0000000e+00
   6.4000000e+01   5.0629300e+00   1.5875500e+00  -1.0000000e+00
   6.5000000e+01  -8.3788300e+00  -1.3912000e+01   1.0000000e+00
   6.6000000e+01  -1.5087400e+01  -3.0811500e+00   1.0000000e+00
   6.7000000e+01   1.7511800e+00   2.9154000e+00  -1.0000000e+00
   6.8000000e+01   5.8333600e+00   3.5055500e+00  -1.0000000e+00
   6.9000000e+01  -9.4826900e+00  -7.3761400e-01  -1.0000000e+00
   7.0000000e+01   4.5506200e+00   5.1244800e+00  -1.0000000e+00
   7.1000000e+01  -1.2236500e+01   1.1689000e+01  -1.0000000e+00
   7.2000000e+01  -7.2273700e+00  -8.5045600e+00   1.0000000e+00
   7.3000000e+01   7.8746100e+00   3.7726400e+00  -1.0000000e+00
   7.4000000e+01   9.1092200e+00   1.6947600e+01  -1.0000000e+00
   7.5000000e+01  -1.4344800e+01   1.1371300e+01  -1.0000000e+00
   7.6000000e+01  -1.0344000e+01  -1.3067200e+01   1.0000000e+00
   7.7000000e+01  -1.1988900e+01  -1.4321700e+01   1.0000000e+00
   7.8000000e+01  -1.4844900e+01  -5.1729800e+00   1.0000000e+00
   7.9000000e+01  -7.9921000e+00  -2.1607500e+00  -1.0000000e+00
   8.0000000e+01   1.4913200e+01   6.4549400e+00  -1.0000000e+00
   8.1000000e+01   9.6825500e+00  -1.4330700e+00  -1.0000000e+00
   8.2000000e+01  -1.1388500e+00   1.5241100e+01  -1.0000000e+00
   8.3000000e+01  -1.3330400e+00  -4.7564200e+00  -1.0000000e+00
   8.4000000e+01  -4.7766200e+00  -1.3393100e+01   1.0000000e+00
   8.5000000e+01  -5.2768200e+00  -9.2983600e+00   1.0000000e+00
   8.6000000e+01   9.7161500e+00   1.3130100e+01  -1.0000000e+00
   8.7000000e+01  -3.7139600e+00  -5.2993200e+00  -1.0000000e+00
   8.8000000e+01   6.8576300e+00  -3.6578400e+00  -1.0000000e+00
   8.9000000e+01  -1.5918600e+00   4.2736400e+00  -1.0000000e+00
   9.0000000e+01  -1.3792700e+00   9.7389200e+00  -1.0000000e+00
   9.1000000e+01  -5.5002500e+00   9.0771200e+00  -1.0000000e+00
   9.2000000e+01  -5.9520500e+00  -1.8494100e+00  -1.0000000e+00
   9.3000000e+01  -1.2442900e+00  -1.7871500e+01   1.0000000e+00
   9.4000000e+01   1.4029600e+01   4.6032400e+00  -1.0000000e+00
   9.5000000e+01  -3.4278200e+00   9.4369000e+00  -1.0000000e+00
   9.6000000e+01  -1.2250900e+01  -1.2245800e+01   1.0000000e+00
   9.7000000e+01   1.1991400e-01   1.3596500e+01  -1.0000000e+00
   9.8000000e+01   4.0226900e+00  -1.4929800e+01  -1.0000000e+00
   9.9000000e+01   1.2551500e+01   1.5342000e+01  -1.0000000e+00
   1.0000000e+02  -9.5887700e+00  -3.4813300e+00   1.0000000e+00
   1.0100000e+02  -1.1929700e+01   2.6187100e+00  -1.0000000e+00
   1.0200000e+02   7.1357100e-01  -1.3593200e+01   1.0000000e+00
   1.0300000e+02   1.2669000e+01  -8.2638900e+00  -1.0000000e+00
   1.0400000e+02  -1.2684200e+01   1.5243300e+01  -1.0000000e+00
   1.0500000e+02   6.8336300e-01   1.0026300e+01  -1.0000000e+00
   1.0600000e+02   1.0947400e+01  -3.0880300e+00  -1.0000000e+00
   1.0700000e+02  -1.0164100e+01   1.1979500e+01  -1.0000000e+00
   1.0800000e+02  -8.4329100e+00   1.5990900e+01  -1.0000000e+00
   1.0900000e+02   1.1982700e+01   4.3116800e+00  -1.0000000e+00
   1.1000000e+02  -1.7026500e+01  -2.2514900e+00   1.0000000e+00
   1.1100000e+02   1.0980200e+01   1.1502600e+01  -1.0000000e+00
   1.1200000e+02  -1.2939800e+01  -6.0140100e+00   1.0000000e+00
   1.1300000e+02   8.4338700e+00   1.4737700e+01  -1.0000000e+00
   1.1400000e+02   1.6981500e+01   6.7695700e+00  -1.0000000e+00
   1.1500000e+02  -8.5521100e+00   1.3335300e+00  -1.0000000e+00
   1.1600000e+02  -8.0662800e+00   1.2368500e+01  -1.0000000e+00
   1.1700000e+02   1.5897300e+01  -5.4747600e-01  -1.0000000e+00
   1.1800000e+02  -1.8367300e+01   4.4129800e+00   1.0000000e+00
   1.1900000e+02   8.9837400e+00  -1.2469300e+01  -1.0000000e+00
   1.2000000e+02  -2.8696500e+00  -1.4175400e+01   1.0000000e+00
   1.2100000e+02  -1.1034500e+01  -6.8380700e+00   1.0000000e+00
   1.2200000e+02   1.1029200e+01  -1.2196300e+01  -1.0000000e+00
   1.2300000e+02  -3.6647100e+00  -8.0233900e+00   1.0000000e+00
   1.2400000e+02   6.0641000e+00  -5.5717700e+00  -1.0000000e+00
   1.2500000e+02  -1.4199800e+01  -1.1379200e+01   1.0000000e+00
   1.2600000e+02   9.4320100e+00   7.6352200e+00  -1.0000000e+00
   1.2700000e+02  -1.5177800e+01   9.4348300e+00  -1.0000000e+00
   1.2800000e+02   1.8566600e+00   1.7493700e+01  -1.0000000e+00
   1.2900000e+02  -6.5190300e+00   1.7008500e+00  -1.0000000e+00
   1.3000000e+02  -7.8274400e+00   3.2858600e+00  -1.0000000e+00
   1.3100000e+02  -1.8974400e+01  -1.3636900e+00   1.0000000e+00
   1.3200000e+02   7.3885600e+00   7.3810900e+00  -1.0000000e+00
   1.3300000e+02   1.1476100e+01   7.8950100e+00  -1.0000000e+00
   1.3400000e+02   4.0289000e+00  -5.8396300e+00  -1.0000000e+00
   1.3500000e+02  -6.0816600e-02  -6.3832400e+00  -1.0000000e+00
   1.3600000e+02   5.2475400e+00  -7.5017800e+00  -1.0000000e+00
   1.3700000e+02  -1.1164800e+01   4.6074800e+00  -1.0000000e+00
   1.3800000e+02   8.9088800e+00  -3.3548700e+00  -1.0000000e+00
   1.3900000e+02   1.7587900e+01   3.2153400e+00  -1.0000000e+00
   1.4000000e+02  -8.6360100e+00  -1.1842300e+01   1.0000000e+00
   1.4100000e+02  -7.9740700e-01   6.1940300e+00  -1.0000000e+00
   1.4200000e+02  -6.8933600e-02   8.1138500e+00  -1.0000000e+00
   1.4300000e+02  -1.7296500e+01  -1.7722600e-01   1.0000000e+00
   1.4400000e+02  -2.6528100e+00   1.1359000e+01  -1.0000000e+00
   1.4500000e+02  -6.2722300e+00   7.1469700e+00  -1.0000000e+00
   1.4600000e+02  -1.4870800e+00  -1.0867400e+01   1.0000000e+00
   1.4700000e+02  -7.0577200e+00   5.2327900e+00  -1.0000000e+00
   1.4800000e+02  -1.2723300e+00  -8.5587600e+00  -1.0000000e+00
   1.4900000e+02   1.6916600e+01  -7.7807800e+00  -1.0000000e+00
   1.5000000e+02  -1.9331400e+00   1.3310200e+01  -1.0000000e+00
   1.5100000e+02   9.3503500e+00  -6.9613300e+00  -1.0000000e+00
   1.5200000e+02  -3.9607800e+00   1.2978000e+01  -1.0000000e+00
   1.5300000e+02   6.8583000e+00   1.0941400e+01  -1.0000000e+00
   1.5400000e+02  -3.2232500e+00   1.4947200e+01  -1.0000000e+00
   1.5500000e+02  -1.0523500e+01  -1.0992900e+01   1.0000000e+00
   1.5600000e+02   1.2227000e+01   9.8522900e+00  -1.0000000e+00
   1.5700000e+02   4.2891300e+00  -3.4550700e-01  -1.0000000e+00
   1.5800000e+02   1.6422900e+01  -4.1432900e+00  -1.0000000e+00
   1.5900000e+02  -1.4624600e+01  -7.2512000e+00   1.0000000e+00
   1.6000000e+02  -1.8684000e+00  -1.2042800e+00  -1.0000000e+00
   1.6100000e+02   1.0632200e+01  -8.5807500e+00  -1.0000000e+00
   1.6200000e+02  -7.2458700e+00  -2.5278900e-01  -1.0000000e+00
   1.6300000e+02  -5.9660500e-01   1.1667800e+01  -1.0000000e+00
   1.6400000e+02  -2.3952000e+00   2.3492400e+00  -1.0000000e+00
   1.6500000e+02   2.2277700e+00  -6.4227300e-01  -1.0000000e+00
   1.6600000e+02  -1.2408300e+01  -1.0176300e+01   1.0000000e+00
   1.6700000e+02  -6.7801200e+00   1.0690800e+01  -1.0000000e+00
   1.6800000e+02   5.5497700e+00   1.2537800e+01  -1.0000000e+00
   1.6900000e+02  -1.1731400e+01  -6.6565700e-01   1.0000000e+00
   1.7000000e+02  -5.8017900e+00  -5.1753200e+00  -1.0000000e+00
   1.7100000e+02  -5.2437700e+00   1.4602900e+01  -1.0000000e+00
   1.7200000e+02  -1.3915300e+01  -1.3463000e+01   1.0000000e+00
   1.7300000e+02   8.1300600e+00   9.2924600e+00  -1.0000000e+00
   1.7400000e+02  -1.4574000e+01   5.8579300e+00  -1.0000000e+00
   1.7500000e+02  -9.5991100e+00   8.4685300e+00  -1.0000000e+00
   1.7600000e+02  -9.3543300e+00   1.4063000e+01  -1.0000000e+00
   1.7700000e+02   1.5590300e+01  -6.1325100e+00  -1.0000000e+00
   1.7800000e+02   1.2353700e+00   6.4910500e+00  -1.0000000e+00
   1.7900000e+02   1.5608900e+01   8.4408600e+00  -1.0000000e+00
   1.8000000e+02   1.3525500e+01  -6.3802500e+00  -1.0000000e+00
   1.8100000e+02  -1.2457500e+01   6.2046200e+00  -1.0000000e+00
   1.8200000e+02  -4.4457300e+00  -1.5489900e+01   1.0000000e+00
   1.8300000e+02   1.3086400e+01  -1.1903600e+01  -1.0000000e+00
   1.8400000e+02   4.8129700e+00  -3.9251300e+00  -1.0000000e+00
   1.8500000e+02  -1.0414300e+01   6.5537700e+00  -1.0000000e+00
   1.8600000e+02   6.4948100e+00  -9.1425100e+00  -1.0000000e+00
   1.8700000e+02   1.7695000e+01  -5.8549200e+00  -1.0000000e+00
   1.8800000e+02  -8.3237800e+00   6.8437800e+00  -1.0000000e+00
   1.8900000e+02   1.0174300e+01   9.5958500e+00  -1.0000000e+00
   1.9000000e+02   1.0485700e+01   1.5046100e+01  -1.0000000e+00
   1.9100000e+02  -7.4643900e+00  -6.3990600e+00   1.0000000e+00
   1.9200000e+02  -1.8644700e+01   1.3752500e+00   1.0000000e+00
   1.9300000e+02   1.1818800e+01   1.3393200e+01  -1.0000000e+00
   1.9400000e+02   1.2751700e+01   6.2225800e+00  -1.0000000e+00
   1.9500000e+02   1.3508300e+01   8.1707200e+00  -1.0000000e+00
   1.9600000e+02   1.4763000e+01  -8.0268500e+00  -1.0000000e+00
   1.9700000e+02  -1.2699700e+01  -8.0477500e+00   1.0000000e+00
   1.9800000e+02  -7.5503000e+00   8.7586500e+00  -1.0000000e+00
   1.9900000e+02  -1.2293700e+00  -1.2918000e+01   1.0000000e+00
   2.0000000e+02   7.1282500e+00   1.8510700e+00  -1.0000000e+00
   2.0100000e+02  -1.6929600e+01   2.6872200e+00   1.0000000e+00
   2.0200000e+02   1.1621400e+00  -8.0267200e+00  -1.0000000e+00
   2.0300000e+02  -5.7434300e+00   3.6504800e+00  -1.0000000e+00
   2.0400000e+02  -6.9542600e+00  -1.0535400e+01   1.0000000e+00
   2.0500000e+02  -5.2034500e+00   1.0612200e-01  -1.0000000e+00
   2.0600000e+02  -1.7283300e+01   8.9828400e+00  -1.0000000e+00
   2.0700000e+02   7.7902600e+00  -1.0788700e+01  -1.0000000e+00
   2.0800000e+02   1.5174300e+01  -1.1599700e+01  -1.0000000e+00
   2.0900000e+02   1.5187800e+01   1.1975500e+01  -1.0000000e+00
   2.1000000e+02   4.2662000e+00   1.4173500e+01  -1.0000000e+00
   2.1100000e+02  -5.5158200e-01  -2.8547300e+00  -1.0000000e+00
   2.1200000e+02   7.2087400e-01  -4.4775600e+00  -1.0000000e+00
   2.1300000e+02   5.5738300e+00  -1.9583500e+00  -1.0000000e+00
   2.1400000e+02   8.5803000e+00  -8.8609900e+00  -1.0000000e+00
   2.1500000e+02  -2.5601600e-01   1.7276800e+01  -1.0000000e+00
   2.1600000e+02  -6.3696900e+00  -1.4729400e+01   1.0000000e+00
   2.1700000e+02  -1.5619500e+01   1.0796100e+00   1.0000000e+00
   2.1800000e+02   3.6082900e+00  -1.1345500e+01  -1.0000000e+00
   2.1900000e+02  -1.4325700e+01  -9.3140400e+00   1.0000000e+00
   2.2000000e+02   2.7261500e+00   1.0316000e+01  -1.0000000e+00
   2.2100000e+02   1.4502600e+01  -1.3533400e+01  -1.0000000e+00
   2.2200000e+02   4.8665300e+00  -1.2960000e+01  -1.0000000e+00
   2.2300000e+02  -9.1188400e+00  -7.6705400e+00   1.0000000e+00
   2.2400000e+02  -1.5350300e+01  -1.0256000e+00   1.0000000e+00
   2.2500000e+02   1.1726700e+01  -1.1809700e+00  -1.0000000e+00
   2.2600000e+02  -6.4045800e+00   1.6357600e+01  -1.0000000e+00
   2.2700000e+02  -1.6289300e+01  -8.4853900e+00   1.0000000e+00
   2.2800000e+02  -4.3736500e+00   1.6793200e+01  -1.0000000e+00
   2.2900000e+02   6.3247100e+00  -4.3909500e-02  -1.0000000e+00
   2.3000000e+02   1.3875300e+01   1.3624800e+01  -1.0000000e+00
   2.3100000e+02  -4.1908200e+00   7.5016100e+00  -1.0000000e+00
   2.3200000e+02  -1.3236700e+01   4.2546000e+00  -1.0000000e+00
   2.3300000e+02   7.3260300e+00  -1.6384500e+01  -1.0000000e+00
   2.3400000e+02   1.4289800e+01   1.0072000e+01  -1.0000000e+00
   2.3500000e+02   1.8124400e+01  -2.3549400e-01  -1.0000000e+00
   2.3600000e+02  -8.3963800e-01  -1.4961900e+01   1.0000000e+00
   2.3700000e+02   4.4522200e+00  -9.4183200e+00  -1.0000000e+00
   2.3800000e+02  -3.1368800e+00  -1.2136300e+01   1.0000000e+00
   2.3900000e+02  -2.1311600e+00  -6.6593200e+00  -1.0000000e+00
   2.4000000e+02   7.6271200e+00   1.2851200e+01  -1.0000000e+00
   2.4100000e+02  -6.7219500e+00  -1.2599800e+01   1.0000000e+00
   2.4200000e+02   5.3120500e+00   7.0466200e+00  -1.0000000e+00
   2.4300000e+02  -1.1423300e+01   1.3605600e+01  -1.0000000e+00
   2.4400000e+02  -1.6508600e+01  -6.4009800e+00   1.0000000e+00
   2.4500000e+02   6.0886300e+00  -1.4617800e+01  -1.0000000e+00
   2.4600000e+02  -3.2516500e-01   2.6282900e+00  -1.0000000e+00
   2.4700000e+02   1.9056700e-01  -9.3174000e-01  -1.0000000e+00
   2.4800000e+02   8.9061300e+00   1.1229000e+01  -1.0000000e+00
   2.4900000e+02   4.7984700e+00   1.0615700e+01  -1.0000000e+00
   2.5000000e+02   1.3810500e+01  -9.0937000e-01  -1.0000000e+00
   2.5100000e+02  -8.9052000e+00  -9.7219900e+00   1.0000000e+00
   2.5200000e+02   1.5311300e+01   2.9549200e+00  -1.0000000e+00
   2.5300000e+02   1.3254200e+01   2.6656300e+00  -1.0000000e+00
   2.5400000e+02  -1.3036300e+01   9.7379800e+00  -1.0000000e+00
   2.5500000e+02   1.9896200e+00  -6.1111900e+00  -1.0000000e+00
   2.5600000e+02   8.6645200e+00   5.7265300e+00  -1.0000000e+00
   2.5700000e+02  -3.9304000e+00  -1.5188400e+00  -1.0000000e+00
   2.5800000e+02   1.4887400e+00  -2.5731400e+00  -1.0000000e+00
   2.5900000e+02  -4.6519600e+00  -3.4408600e+00  -1.0000000e+00
   2.6000000e+02   1.1913900e+01  -1.0209600e+01  -1.0000000e+00
   2.6100000e+02   8.1166700e+00  -5.3127400e+00  -1.0000000e+00
   2.6200000e+02   1.3953400e+01  -9.9465600e+00  -1.0000000e+00
   2.6300000e+02   1.6199400e+01   4.8532100e+00  -1.0000000e+00
   2.6400000e+02  -2.3218300e+00   1.6955900e+01  -1.0000000e+00
   2.6500000e+02  -4.9492200e+00   5.5777600e+00  -1.0000000e+00
   2.6600000e+02   9.9247900e+00   4.0623600e+00  -1.0000000e+00
   2.6700000e+02   7.6049800e+00  -1.7057500e+00  -1.0000000e+00
   2.6800000e+02  -1.0059100e+01  -1.5209000e+01   1.0000000e+00
   2.6900000e+02  -1.6795800e+01  -4.3635100e+00   1.0000000e+00
   2.7000000e+02   3.0039600e+00   1.5791600e+01  -1.0000000e+00
   2.7100000e+02  -2.4914100e+00  -1.6221900e+01   1.0000000e+00
   2.7200000e+02   4.3575300e-01  -1.6600700e+01   1.0000000e+00
   2.7300000e+02   2.7950500e+00  -1.3281200e+01  -1.0000000e+00
   2.7400000e+02   1.9881500e+00   8.4056700e+00  -1.0000000e+00
   2.7500000e+02   1.0151800e+01  -4.9946900e+00  -1.0000000e+00
   2.7600000e+02  -1.0582900e+01   1.0317700e+00  -1.0000000e+00
   2.7700000e+02  -5.5816700e+00  -7.2378600e+00   1.0000000e+00
   2.7800000e+02   9.7304100e-01   9.7689900e-01  -1.0000000e+00
   2.7900000e+02  -1.3778200e+01   7.8167100e+00  -1.0000000e+00
   2.8000000e+02   8.3822100e+00   1.9238700e-01  -1.0000000e+00
   2.8100000e+02   1.1210700e+01   2.3936400e+00  -1.0000000e+00
   2.8200000e+02  -1.0919800e+00   7.0432100e-01  -1.0000000e+00
   2.8300000e+02  -1.3963300e+01   2.3200000e+00   1.0000000e+00
   2.8400000e+02  -1.6611000e+01   5.5104200e+00   1.0000000e+00
   2.8500000e+02   9.1644100e+00   2.1321000e+00  -1.0000000e+00
   2.8600000e+02  -4.6939900e+00   1.1059800e+01  -1.0000000e+00
   2.8700000e+02  -1.5295500e+01   3.9262400e+00   1.0000000e+00
   2.8800000e+02   4.9947300e+00   1.6300300e+01  -1.0000000e+00
   2.8900000e+02   1.0699200e+01   5.9900500e+00  -1.0000000e+00
   2.9000000e+02  -1.0933500e+01   1.0064900e+01  -1.0000000e+00
   2.9100000e+02   3.5089200e+00   1.2224600e+01  -1.0000000e+00
   2.9200000e+02  -1.1500100e+01  -2.7136700e+00   1.0000000e+00
   2.9300000e+02  -1.3485700e+01   1.3315500e+01  -1.0000000e+00
   2.9400000e+02   3.5431500e+00  -2.2708500e+00  -1.0000000e+00
   2.9500000e+02   4.1589900e+00  -1.8376100e+01   1.0000000e+00
   2.9600000e+02   1.2495600e+01   7.3792800e-01  -1.0000000e+00
   2.9700000e+02  -1.3394400e+01  -1.8847300e+00   1.0000000e+00
   2.9800000e+02   1.4547100e+01   1.0418700e+00  -1.0000000e+00
   2.9900000e+02   6.0792900e+00   8.9969900e+00  -1.0000000e+00
