   0.0000000e+00   1.6955100e+00   1.3747200e+01   4.1412600e+01   2.0000000e+00
   1.0000000e+00  -1.2035100e+01   7.6091200e+00   3.9956200e+01   2.0000000e+00
   2.0000000e+00   1.0526900e+01   1.0812800e+01   1.3827200e+01   1.0000000e+00
   3.0000000e+00   1.0327100e+00   1.7386600e+01   4.0830300e+01  -1.0000000e+00
   4.0000000e+00  -1.4621100e+01  -1.2377900e+01   1.0082900e+01  -1.0000000e+00
   5.0000000e+00  -1.1774800e+01  -7.6797400e+00   9.0439600e+00   1.0000000e+00
   6.0000000e+00  -3.5885400e+00  -1.2715500e+01   8.4717900e+00   1.0000000e+00
   7.0000000e+00   1.0938000e+01   8.7657700e+00   1.0028200e+01   1.0000000e+00
   8.0000000e+00  -3.9774600e+00   3.5304600e+00   4.2149400e+01  -3.0000000e+00
   9.0000000e+00  -1.0687500e+01  -1.3887400e+01   9.2813000e+00  -2.0000000e+00
   1.0000000e+01  -9.8246000e+00  -8.3902000e+00   9.6624000e+00   1.0000000e+00
   1.1000000e+01   5.4450800e+00  -1.2308300e+01   9.5912500e+00   1.0000000e+00
   1.2000000e+01  -6.8286100e+00  -1.5313000e+01   1.0082000e+01  -2.0000000e+00
   1.3000000e+01  -1.6972400e+00   9.3965500e+00   3.9911600e+01   2.0000000e+00
   1.4000000e+01   5.7777100e+00  -1.4353800e+01   9.4886200e+00   1.0000000e+00
   1.5000000e+01   1.3651800e+01   3.9498200e+00   1.0252700e+01   1.0000000e+00
   1.6000000e+01  -1.1645000e+00   5.8622800e+00   1.2245200e+01  -3.0000000e+00
   1.7000000e+01  -8.6879900e+00   6.3645100e+00   3.9627800e+01   2.0000000e+00
   1.8000000e+01   8.4567500e+00   1.9823700e+00   9.3510600e+00   1.0000000e+00
   1.9000000e+01   1.5074300e+01  -4.2545600e+00   1.0557800e+01  -2.0000000e+00
   2.0000000e+01  -9.2272100e+00   9.9060300e+00   3.9581300e+01   2.0000000e+00
   2.1000000e+01   1.4123500e+01  -9.7736600e+00   8.9421700e+00  -2.0000000e+00
   2.2000000e+01   1.7184300e+01  -4.9381300e+00  -4.2598100e+00  -1.0000000e+00
   2.3000000e+01  -6.0114400e+00   3.1883700e+00   3.9017500e+01   2.0000000e+00
   2.4000000e+01  -3.9026800e+00  -1.0623700e+01   9.0364000e+00   1.0000000e+00
   2.5000000e+01   9.0082700e-01  -6.7121200e+00   9.1589800e+00   1.0000000e+00
   2.6000000e+01   5.1029800e+00  -1.0250000e+01   9.8415300e+00   1.0000000e+00
   2.7000000e+01   1.3829600e+01   1.1703800e+01   2.2657300e+00  -2.0000000e+00
   2.8000000e+01  -7.4681300e+00  -1.1234300e+01   9.6279700e+00   1.0000000e+00
   2.9000000e+01  -1.1053400e+01  -1.1779400e+01   9.2643800e+00   1.0000000e+00
   3.0000000e+01   2.9950300e+00   2.1678600e+00   1.0305300e+01   1.0000000e+00
   3.1000000e+01  -1.0810200e+01   5.4534600e-01   4.1033300e+01   2.0000000e+00
   3.2000000e+01  -4.9436700e+00  -4.4920900e+00   8.5466500e+00   1.0000000e+00
   3.3000000e+01   1.5844100e+00  -1.0844600e+01   9.1967700e+00   1.0000000e+00
   3.4000000e+01   6.5232100e+00   2.7369000e+00   8.9335600e+00   1.0000000e+00
   3.5000000e+01   2.3894400e+00   1.0177100e+01   5.3342200e+01  -3.0000000e+00
   3.6000000e+01  -1.5626100e+01  -2.1061600e+00   5.6802900e+01  -2.0000000e+00
   3.7000000e+01  -1.4194600e+01   1.7762400e+00   4.0209100e+01   2.0000000e+00
   3.8000000e+01  -5.5303000e+00  -1.1923800e+01   8.9222500e+00   1.0000000e+00
   3.9000000e+01   6.3958300e+00  -6.8914700e+00   9.5212300e+00   1.0000000e+00
   4.0000000e+01   3.0932100e+00   1.2194200e+01   4.1031600e+01   2.0000000e+00
   4.1000000e+01   1.0784000e+01  -8.1603900e-01   1.0041300e+01   1.0000000e+00
   4.2000000e+01   4.7511400e+00  -8.2235100e+00   9.2757700e+00   1.0000000e+00
   4.3000000e+01  -1.2821100e+01   1.0234400e-01   3.9659400e+01   2.0000000e+00
   4.4000000e+01  -5.8475700e+00  -9.8979600e+00   9.9468300e+00   1.0000000e+00
   4.5000000e+01  -5.0496300e+00   1.6176100e+01   4.0370700e+01  -1.0000000e+00
   4.6000000e+01  -2.4698300e+00   7.4543100e+00   3.8571800e+01   2.0000000e+00
   4.7000000e+01  -5.5930500e+00  -3.9807300e-01   1.7192100e+01  -3.0000000e+00
   4.8000000e+01  -1.0550500e+01   1.1494600e+01   3.9834100e+01   2.0000000e+00
   4.9000000e+01  -1.4977200e+01  -1.0313700e+01  -4.3772000e+00  -1.0000000e+00
   5.0000000e+01   5.1313500e+00   1.2562000e+01   4.0540300e+01   2.0000000e+00
   5.1000000e+01  -7.8951100e+00  -9.1391000e+00   9.8044000e+00   1.0000000e+00
   5.2000000e+01   7.1074900e+00   1.6109400e+01   2.0246900e+01  -1.0000000e+00
   5.3000000e+01  -6.5814100e+00  -5.7793700e+00   8.5739600e+00   1.0000000e+00
   5.4000000e+01  -1.7163200e+01  -7.0084600e-01   4.2281400e+01  -2.0000000e+00
   5.5000000e+01  -1.3927300e+01   1.2745600e+01   5.4351700e+01  -1.0000000e+00
   5.6000000e+01  -9.4534600e+00  -1.0309400e+00   2.0083600e+01  -3.0000000e+00
   5.7000000e+01   7.7889000e+00   6.0971300e+00   9.6542400e+00   1.0000000e+00
   5.8000000e+01   1.0237100e+00   1.1775900e+01   4.1094100e+01   2.0000000e+00
   5.9000000e+01  -9.8592100e+00   1.3431300e+01   3.9668000e+01  -2.0000000e+00
   6.0000000e+01  -1.4036900e+01  -4.6877400e+00   2.1442800e+01  -3.0000000e+00
   6.1000000e+01   1.3323400e+01   1.3898500e+01   1.3885600e+01  -1.0000000e+00
   6.2000000e+01   1.6832000e+01   6.6291300e+00  -5.7285700e+00  -1.0000000e+00
   6.3000000e+01  -2.9639800e+00  -1.6813600e+01   8.5645900e+00  -1.0000000e+00
   6.4000000e+01  -1.3572600e+01  -1.8136600e+00   2.5641800e+01  -3.0000000e+00
   6.5000000e+01  -1.0329500e+01  -1.6027500e+01   9.9334300e+00  -1.0000000e+00
   6.6000000e+01   2.6414700e+00   4.2014100e+00   9.4908600e+00   1.0000000e+00
   6.7000000e+01   1.4812700e+01   7.3649300e+00   1.1170300e+01  -2.0000000e+00
   6.8000000e+01  -5.1337600e+00   1.0611000e+01   3.9909400e+01   2.0000000e+00
   6.9000000e+01  -2.4303700e+00   2.1740700e+00   1.4999300e+01  -3.0000000e+00
   7.0000000e+01  -1.6847300e+01   4.9162200e+00   5.5046000e+01  -1.0000000e+00
   7.1000000e+01  -9.9847300e+00   7.9556600e+00   3.9273500e+01   2.0000000e+00
   7.2000000e+01  -1.8523200e+01   9.4109400e-01   3.8027500e+01  -1.0000000e+00
   7.3000000e+01   1.7505500e+01  -7.2413600e+00   6.6771100e+00  -1.0000000e+00
   7.4000000e+01  -2.6614300e+00  -7.2884500e+00   9.1036000e+00   1.0000000e+00
   7.5000000e+01  -1.5530500e+01   3.3329100e+00   4.0537900e+01  -2.0000000e+00
   7.6000000e+01  -4.5314900e+00   7.1382900e+00   3.9668100e+01   2.0000000e+00
   7.7000000e+01   1.4488900e+01   9.4082200e+00   1.4261300e+01  -2.0000000e+00
   7.8000000e+01  -3.2143900e+00   5.5345100e+00   5.1480300e+01  -3.0000000e+00
   7.9000000e+01  -6.4372000e+00  -1.7432600e+01   1.0636400e+01  -1.0000000e+00
   8.0000000e+01   6.5255700e+00   1.0811700e+01   5.1533100e+01  -3.0000000e+00
   8.1000000e+01   6.5785000e-01  -1.6257600e+01   8.9192300e+00  -2.0000000e+00
   8.2000000e+01   1.2846400e+01  -1.3179000e+01   2.4440500e+01  -1.0000000e+00
   8.3000000e+01   1.3954100e+01   1.8942400e+00   9.8815100e+00   1.0000000e+00
   8.4000000e+01   7.4123900e+00  -1.3033800e+01   9.3189100e+00   1.0000000e+00
   8.5000000e+01  -9.1123100e+00   1.5387400e+01   5.1613800e+01  -2.0000000e+00
   8.6000000e+01   9.6456100e+00  -1.5859700e+01   2.3792500e+01  -1.0000000e+00
   8.7000000e+01   4.5685200e+00   3.4799800e+00   9.2765000e+00   1.0000000e+00
   8.8000000e+01  -6.5876400e+00   6.7361500e+00   3.9898600e+01   2.0000000e+00
   8.9000000e+01   1.0068900e+01   3.2961200e+00   9.6404700e+00   1.0000000e+00
   9.0000000e+01   3.3560900e-01   9.7766000e+00   4.1292100e+01   2.0000000e+00
   9.1000000e+01  -1.2623500e+01  -1.3119300e+01  -2.6989700e+00  -2.0000000e+00
   9.2000000e+01   8.8340600e+00  -8.0734900e-02   9.8426100e+00   1.0000000e+00
   9.3000000e+01   1.7437200e+00   8.2124500e+00   2.0164500e+01  -3.0000000e+00
   9.4000000e+01   7.1365200e+00   1.2992000e+01   3.7756500e+01  -2.0000000e+00
   9.5000000e+01   1.6324000e+01  -8.4824900e-01   1.0186200e+01  -2.0000000e+00
   9.6000000e+01  -3.0334800e+00   1.6564100e+01   4.0194200e+01  -1.0000000e+00
   9.7000000e+01  -3.7135200e-01  -1.0094500e+01   9.0165700e+00   1.0000000e+00
   9.8000000e+01   3.0451100e-01  -1.4161200e+01   9.2918000e+00   1.0000000e+00
   9.9000000e+01   1.1882600e+01  -6.9698000e+00   1.0269800e+01   1.0000000e+00
   1.0000000e+02   2.5095300e+00  -5.4313700e+00   9.2224500e+00   1.0000000e+00
   1.0100000e+02   3.3853300e-01   1.5310900e+01   4.1165700e+01  -2.0000000e+00
   1.0200000e+02   2.5883400e+00  -1.6986800e+01   2.0844300e+01  -2.0000000e+00
   1.0300000e+02   1.2355900e+01   5.4688600e-01   1.0137000e+01   1.0000000e+00
   1.0400000e+02  -1.6155600e+01   6.8567400e+00   5.5121900e+01  -1.0000000e+00
   1.0500000e+02  -1.0163000e+01  -6.3419700e+00   8.9228400e+00   1.0000000e+00
   1.0600000e+02  -1.2615300e+01   1.1133900e+01   3.9474900e+01  -2.0000000e+00
   1.0700000e+02  -1.3232800e+01   1.4681600e+01   4.0354100e+01  -1.0000000e+00
   1.0800000e+02  -8.5137400e+00  -5.0171900e+00   8.7751500e+00   1.0000000e+00
   1.0900000e+02  -3.7310000e+00   1.4501100e+01   4.0112400e+01  -2.0000000e+00
   1.1000000e+02  -8.4210400e+00   1.7347200e+01   4.0249900e+01  -1.0000000e+00
   1.1100000e+02   1.1286500e+01   1.4504100e+01   1.4859900e+01  -1.0000000e+00
   1.1200000e+02  -1.7625800e+01  -5.4698300e+00   7.2015700e+00  -1.0000000e+00
   1.1300000e+02   2.1687200e+00  -3.3817000e+00   9.3272500e+00   1.0000000e+00
   1.1400000e+02   9.1524600e+00   1.6552100e+01   7.1794700e+01  -1.0000000e+00
   1.1500000e+02   3.7458600e+00   1.4177900e+01   4.1070300e+01   2.0000000e+00
   1.1600000e+02   4.5513000e+00  -1.7831700e+01   9.3595900e+00  -1.0000000e+00
   1.1700000e+02   9.7048000e+00   5.3620600e+00   9.7512200e+00   1.0000000e+00
   1.1800000e+02   1.1148400e+01  -2.8736800e+00   9.9761500e+00   1.0000000e+00
   1.1900000e+02  -1.9717300e+00  -1.1381300e+01   8.8366700e+00   1.0000000e+00
   1.2000000e+02  -1.5425300e+01   8.8415000e+00   5.4517700e+01  -1.0000000e+00
   1.2100000e+02  -6.8942500e+00  -3.7381000e+00   9.3872600e+00   1.0000000e+00
   1.2200000e+02   8.6419100e+00  -9.6393700e+00   9.3852800e+00   1.0000000e+00
   1.2300000e+02   1.3243100e+01   5.9718000e+00   1.0945300e+01   1.0000000e+00
   1.2400000e+02   7.2449200e+00  -1.3966000e+00   1.0401800e+01   1.0000000e+00
   1.2500000e+02   4.0907700e+00  -4.0952100e+00   9.4217400e+00   1.0000000e+00
   1.2600000e+02   1.1483400e+01  -4.9402100e+00   1.0499700e+01   1.0000000e+00
   1.2700000e+02  -1.1430900e+01   4.1017100e+00   4.0000200e+01   2.0000000e+00
   1.2800000e+02  -1.0240100e+00   1.1359400e+01   4.0838400e+01   2.0000000e+00
   1.2900000e+02   1.1857500e+01   1.2421200e+01   1.5039200e+01  -2.0000000e+00
   1.3000000e+02   7.0676800e+00  -1.0957600e+01   9.8052800e+00   1.0000000e+00
   1.3100000e+02  -1.7559000e+01   2.9211300e+00   5.4260300e+01  -1.0000000e+00
   1.3200000e+02   1.2267600e+00  -8.7771900e+00   9.1376100e+00   1.0000000e+00
   1.3300000e+02   9.5667500e+00  -4.2025000e+00   9.7816300e+00   1.0000000e+00
   1.3400000e+02   5.8394500e+00   1.7742900e+01   2.8300100e+01  -1.0000000e+00
   1.3500000e+02   1.5806900e+01   1.1008100e+01   1.6866900e+01  -1.0000000e+00
   1.3600000e+02  -4.2951700e+00  -8.5590500e+00   9.7069200e+00   1.0000000e+00
   1.3700000e+02   9.2052100e+00  -2.1315000e+00   9.8612700e+00   1.0000000e+00
   1.3800000e+02  -1.6964800e+00   1.4884900e+01   4.0776600e+01  -2.0000000e+00
   1.3900000e+02   1.7898900e+01   4.7119200e-01   1.0458600e+01  -2.0000000e+00
   1.4000000e+02  -7.4001600e+00  -1.5370500e+00   2.2640600e+01  -3.0000000e+00
   1.4100000e+02   5.3098900e+00  -6.8562300e-01   1.0330800e+01   1.0000000e+00
   1.4200000e+02   2.2645900e+00  -1.4947000e+01   9.1636300e+00   1.0000000e+00
   1.4300000e+02   2.3121400e+00   6.2393000e+00   1.2064900e+01  -3.0000000e+00
   1.4400000e+02  -5.8814100e+00   8.6869100e+00   3.9908800e+01   2.0000000e+00
   1.4500000e+02   2.2622900e-01  -2.6439000e+00   9.5354700e+00   1.0000000e+00
   1.4600000e+02  -1.0540600e+00  -5.9959500e+00   9.3932900e+00   1.0000000e+00
   1.4700000e+02   4.4464100e+00  -6.1525100e+00   9.2750300e+00   1.0000000e+00
   1.4800000e+02  -2.0807500e+00   1.4046400e-01   9.5316100e+00  -3.0000000e+00
   1.4900000e+02  -7.1741700e+00  -1.3276700e+01   9.3097300e+00   1.0000000e+00
   1.5000000e+02   1.2544500e+01   1.0077000e+01   1.2867900e+01   1.0000000e+00
   1.5100000e+02   2.3838600e+00   1.5740800e+01   4.0788400e+01  -2.0000000e+00
   1.5200000e+02  -1.5633900e+01  -6.1726200e+00  -1.6739900e+00  -2.0000000e+00
   1.5300000e+02   4.1844300e+00  -1.5670300e+01   9.4585900e+00  -2.0000000e+00
   1.5400000e+02  -7.0823800e+00   1.5747800e+01   2.8274800e+01  -2.0000000e+00
   1.5500000e+02  -7.8060900e+00   1.3793000e+01   3.9909500e+01   2.0000000e+00
   1.5600000e+02  -4.5719400e+00   1.4434400e+00   5.1536600e+01  -3.0000000e+00
   1.5700000e+02   8.0080700e+00  -5.5396500e+00   9.8696900e+00   1.0000000e+00
   1.5800000e+02   3.3817600e+00   8.4000200e-02   1.0368700e+01   1.0000000e+00
   1.5900000e+02   8.0828100e+00  -1.7253300e+01   9.0063700e+00  -1.0000000e+00
   1.6000000e+02   1.4355600e+00   7.9513400e-01   1.0830900e+01   1.0000000e+00
   1.6100000e+02  -6.2565800e+00  -7.8496600e+00   9.5198800e+00   1.0000000e+00
   1.6200000e+02   1.0918100e+01  -1.2444300e+01   9.4571900e+00  -2.0000000e+00
   1.6300000e+02  -1.2145500e+01   2.1218000e+00   4.0319900e+01   2.0000000e+00
   1.6400000e+02   1.6520900e+01   8.9881000e+00  -2.9100400e-01  -1.0000000e+00
   1.6500000e+02  -9.4074700e+00   4.4411800e+00   3.9823000e+01   2.0000000e+00
   1.6600000e+02  -1.4820500e+01   5.2621000e+00   4.0440000e+01  -2.0000000e+00
   1.6700000e+02   8.9941000e+00  -1.1683800e+01   9.4893700e+00   1.0000000e+00
   1.6800000e+02   3.0848400e+00   1.7733500e+01   4.0069300e+01  -1.0000000e+00
   1.6900000e+02  -8.8022800e+00   9.1833900e-01   5.2182600e+01  -3.0000000e+00
   1.7000000e+02   8.4818100e+00   1.4562100e+01   3.6105100e+01  -1.0000000e+00
   1.7100000e+02  -9.9646700e-01  -1.7559500e+01   8.5606000e+00  -1.0000000e+00
   1.7200000e+02  -4.4341900e+00   1.2548100e+01   4.0240200e+01   2.0000000e+00
   1.7300000e+02   3.7795300e+00  -2.0654400e+00   9.6809700e+00   1.0000000e+00
   1.7400000e+02  -1.6600500e+00  -1.3466300e+01   9.2949400e+00   1.0000000e+00
   1.7500000e+02   5.7649300e+00   1.4546300e+01   3.6705300e+01  -2.0000000e+00
   1.7600000e+02   9.3603700e+00   7.4237700e+00   9.8480100e+00   1.0000000e+00
   1.7700000e+02   8.1344300e+00   4.0207700e+00   9.3043000e+00   1.0000000e+00
   1.7800000e+02   1.0414500e+01   1.2624100e+00   9.9615800e+00   1.0000000e+00
   1.7900000e+02  -4.6591300e+00  -6.5308000e+00   8.8151400e+00   1.0000000e+00
   1.8000000e+02  -3.0505400e+00   1.0981600e+01   4.0428600e+01   2.0000000e+00
   1.8100000e+02  -9.0795700e+00  -1.2530600e+01   9.2527900e+00   1.0000000e+00
   1.8200000e+02   1.5434800e+01  -6.3522000e+00   8.9965900e+00  -2.0000000e+00
   1.8300000e+02   5.8554400e+00   6.8110100e+00   8.7123600e+00   1.0000000e+00
   1.8400000e+02   1.0262300e+01  -8.3235100e+00   9.2884800e+00   1.0000000e+00
   1.8500000e+02   1.1298200e+01  -1.4606400e+01   2.4343800e+01  -1.0000000e+00
   1.8600000e+02  -8.3896100e+00  -1.6708300e+01   1.0488500e+01  -1.0000000e+00
   1.8700000e+02  -8.0686900e+00   2.8817200e+00   3.9390800e+01   2.0000000e+00
   1.8800000e+02  -1.3414800e+01  -8.9393100e+00   9.4880200e+00  -2.0000000e+00
   1.8900000e+02  -8.5053400e+00   1.1853600e+01   3.9876300e+01   2.0000000e+00
   1.9000000e+02  -1.1399800e+01  -9.7193900e+00   9.2818500e+00   1.0000000e+00
   1.9100000e+02   1.1690100e+01   4.6313600e+00   1.0066200e+01   1.0000000e+00
   1.9200000e+02  -1.4116000e+01   7.2300600e+00   4.0233600e+01  -2.0000000e+00
   1.9300000e+02  -1.2119800e+01  -5.5665200e+00   7.7686700e+00   1.0000000e+00
   1.9400000e+02  -1.0715900e+01   6.0362700e+00   3.9550100e+01   2.0000000e+00
   1.9500000e+02  -1.4714700e+01   1.0777100e+01   5.4226300e+01  -1.0000000e+00
   1.9600000e+02   1.3473200e+01  -5.5760800e+00   1.0322000e+01   1.0000000e+00
   1.9700000e+02   9.8580800e+00   1.3034900e+01   2.1418400e+01  -2.0000000e+00
   1.9800000e+02  -5.2842100e+00   5.1334700e+00   3.9544900e+01   2.0000000e+00
   1.9900000e+02  -6.8420400e-01  -8.0388200e+00   9.3818400e+00   1.0000000e+00
   2.0000000e+02   1.0424100e+00   2.8509600e+00   1.0022800e+01   1.0000000e+00
   2.0100000e+02   1.3848400e+01  -7.6887000e+00   9.2864900e+00   1.0000000e+00
   2.0200000e+02   1.2726500e+01  -1.5208500e+00   1.0361100e+01   1.0000000e+00
   2.0300000e+02  -6.7740900e+00   1.2805200e+00   2.5330700e+01  -3.0000000e+00
   2.0400000e+02   7.4309600e+00   8.1297100e+00   2.1539800e+01  -3.0000000e+00
   2.0500000e+02  -8.2319500e+00  -7.0933400e+00   8.7576800e+00   1.0000000e+00
   2.0600000e+02  -1.0404300e+00   3.7107100e+00   9.4910600e+00  -3.0000000e+00
   2.0700000e+02  -1.3700200e+01  -6.8771400e+00   8.8646900e+00  -2.0000000e+00
   2.0800000e+02  -7.1994900e+00   1.0271500e+01   3.9596100e+01   2.0000000e+00
   2.0900000e+02  -1.5355700e+01  -8.2439100e+00  -5.5384100e+00  -1.0000000e+00
   2.1000000e+02   9.4486300e-01  -1.8349800e+01   8.4436500e+00  -1.0000000e+00
   2.1100000e+02  -3.2807100e-01   1.3333900e+01   4.1232300e+01   2.0000000e+00
   2.1200000e+02  -1.1509900e+01  -1.5854900e+00   5.1376700e+01  -3.0000000e+00
   2.1300000e+02  -3.3297900e+00  -3.1986200e+00   9.1020700e+00   1.0000000e+00
   2.1400000e+02   7.6402400e+00  -3.4757000e+00   1.0388600e+01   1.0000000e+00
   2.1500000e+02  -1.3405900e+01   9.1736000e+00   3.9724600e+01  -2.0000000e+00
   2.1600000e+02  -2.9871500e+00  -5.2548000e+00   8.8221100e+00   1.0000000e+00
   2.1700000e+02   2.8263700e+00  -7.4795600e+00   8.9069700e+00   1.0000000e+00
   2.1800000e+02  -1.6014000e+01  -4.1253800e+00   2.7396100e+01  -2.0000000e+00
   2.1900000e+02   3.5155800e+00  -1.1593900e+01   9.5466600e+00   1.0000000e+00
   2.2000000e+02   9.0021700e+00   9.4462400e+00   1.1297400e+01  -3.0000000e+00
   2.2100000e+02   5.6461200e-01  -4.6769600e+00   9.1944900e+00   1.0000000e+00
   2.2200000e+02   1.9606700e+01   2.0351200e+00   4.4981600e+01  -1.0000000e+00
   2.2300000e+02  -1.1161000e+01   1.5062900e+01   3.9438300e+01  -1.0000000e+00
   2.2400000e+02   1.8195000e+00  -1.2978800e+00   1.0084200e+01   1.0000000e+00
   2.2500000e+02   6.1542000e+00  -1.6401900e+01   2.1570500e+01  -2.0000000e+00
   2.2600000e+02  -3.6797900e+00  -1.1525500e+00   2.1073800e+01  -3.0000000e+00
   2.2700000e+02   5.5153200e+00   8.9068300e+00   1.7050800e+01  -3.0000000e+00
   2.2800000e+02   4.2560300e+00   5.5303900e+00   9.6015600e+00   1.0000000e+00
   2.2900000e+02   1.5594500e+01   3.2715600e+00   9.3914500e+00  -2.0000000e+00
   2.3000000e+02  -1.3453000e+01   3.7146300e+00   4.0255000e+01   2.0000000e+00
   2.3100000e+02   3.8582900e+00  -1.3623800e+01   9.4136300e+00   1.0000000e+00
   2.3200000e+02  -1.7680300e+01  -2.8872300e+00   2.3026100e+01  -1.0000000e+00
   2.3300000e+02  -3.2649500e+00  -1.4771500e+01   8.5699500e+00  -2.0000000e+00
   2.3400000e+02   1.1296400e+01   6.6845000e+00   9.9309800e+00   1.0000000e+00
   2.3500000e+02  -2.2831400e+00  -9.3500300e+00   8.9856500e+00   1.0000000e+00
   2.3600000e+02  -5.0207500e-01   1.4636900e+00   1.1025500e+01   1.0000000e+00
   2.3700000e+02   1.5228600e+01   5.3121500e+00   1.0444300e+01  -2.0000000e+00
   2.3800000e+02   1.0579000e+01  -1.0371700e+01   9.3413600e+00   1.0000000e+00
   2.3900000e+02  -3.4269600e-02  -1.2129200e+01   9.0538000e+00   1.0000000e+00
   2.4000000e+02   4.9223000e+00   1.4494500e+00   9.7066000e+00   1.0000000e+00
   2.4100000e+02  -9.9126100e-01   1.6925500e+01   4.0819500e+01  -1.0000000e+00
   2.4200000e+02  -1.3184200e+00  -1.5515700e+01   9.1716800e+00  -2.0000000e+00
   2.4300000e+02  -2.3631600e+00   1.2918700e+01   4.0817600e+01   2.0000000e+00
   2.4400000e+02   1.3101300e+01  -3.5511000e+00   1.0551000e+01   1.0000000e+00
   2.4500000e+02   1.5803900e+01  -8.4475000e+00   8.0218600e+00  -2.0000000e+00
   2.4600000e+02  -5.2313800e+00  -1.3965700e+01   8.8707200e+00   1.0000000e+00
   2.4700000e+02  -1.7282200e+00  -1.9095900e+00   9.3054200e+00   1.0000000e+00
   2.4800000e+02   1.2553700e+01  -1.1105300e+01   8.9987500e+00  -2.0000000e+00
   2.4900000e+02   1.4471300e+01  -1.1913600e+01   2.3822400e+01  -1.0000000e+00
   2.5000000e+02   6.7042800e+00  -8.9277000e+00   9.6511700e+00   1.0000000e+00
   2.5100000e+02   9.3395300e+00  -1.3797200e+01   8.8186600e+00  -2.0000000e+00
   2.5200000e+02  -4.8906300e+00  -1.6049800e+01   2.1364700e+01  -2.0000000e+00
   2.5300000e+02  -8.7588300e+00  -1.4582600e+01   1.0048500e+01  -2.0000000e+00
   2.5400000e+02   3.7713700e+00   7.7621500e+00   2.2940500e+01  -3.0000000e+00
   2.5500000e+02   7.7342800e+00  -1.5080800e+01   9.0070400e+00  -2.0000000e+00
   2.5600000e+02  -8.8552300e+00  -2.9968100e+00   1.1941000e+01  -3.0000000e+00
   2.5700000e+02  -5.2624000e+00  -2.4537200e+00   8.5613300e+00   1.0000000e+00
   2.5800000e+02   8.3376000e+00  -7.5770200e+00   9.2796400e+00   1.0000000e+00
   2.5900000e+02  -1.1886400e+01   1.3097900e+01   3.9780400e+01  -2.0000000e+00
   2.6000000e+02  -1.1281700e+01   9.5711000e+00   3.9545200e+01   2.0000000e+00
   2.6100000e+02  -6.4600500e+00   1.2188400e+01   3.9814100e+01   2.0000000e+00
   2.6200000e+02   3.1566500e+00  -9.5327300e+00   9.4395300e+00   1.0000000e+00
   2.6300000e+02  -1.2751500e+01   5.6812300e+00   4.0434800e+01   2.0000000e+00
   2.6400000e+02   8.5043000e+00   1.1445700e+01   1.5088400e+01  -3.0000000e+00
   2.6500000e+02   1.9188000e+00  -1.2891100e+01   9.0177300e+00   1.0000000e+00
   2.6600000e+02  -3.1454800e-01   7.7193800e+00   5.1571000e+01  -3.0000000e+00
   2.6700000e+02  -5.7629500e+00   1.4164000e+01   3.9997200e+01  -2.0000000e+00
   2.6800000e+02  -9.4347300e+00  -1.0492000e+01   9.6751900e+00   1.0000000e+00
   2.6900000e+02   1.7203800e+01   4.5617200e+00  -5.6161200e+00  -1.0000000e+00
   2.7000000e+02  -1.3720000e-01  -5.9716300e-01   1.0109800e+01   1.0000000e+00
   2.7100000e+02  -1.3868200e+00  -3.9451100e+00   9.2253200e+00   1.0000000e+00
   2.7200000e+02  -1.2348600e+01  -1.5168900e+01   7.4165800e+00  -1.0000000e+00
   2.7300000e+02  -1.0109100e+01   2.5192500e+00   4.0100400e+01   2.0000000e+00
   2.7400000e+02   1.6083500e+01  -1.0511700e+01   9.3630900e+00  -1.0000000e+00
   2.7500000e+02  -1.6201000e+01   1.3677900e+00   3.9959800e+01  -2.0000000e+00
   2.7600000e+02   4.4070100e+00   1.0628100e+01   2.5957800e+01  -3.0000000e+00
   2.7700000e+02   1.7547300e+01   2.4923900e+00  -1.3889000e+00  -2.0000000e+00
   2.7800000e+02   6.8495500e+00   6.7674800e-01   9.6085200e+00   1.0000000e+00
   2.7900000e+02   6.1869600e+00   4.7731100e+00   9.0464400e+00   1.0000000e+00
   2.8000000e+02  -1.0471200e+01  -4.2961500e+00   2.0164200e+01  -3.0000000e+00
   2.8100000e+02  -7.9133400e+00   8.3279700e+00   3.9679500e+01   2.0000000e+00
   2.8200000e+02   7.1338400e-01   4.9498000e+00   1.9182000e+01  -3.0000000e+00
   2.8300000e+02   1.6672200e+01  -2.8882500e+00   1.0908800e+01  -2.0000000e+00
   2.8400000e+02  -7.3165200e+00   4.8088700e+00   3.9542900e+01   2.0000000e+00
   2.8500000e+02  -1.2352200e+01  -3.4609300e+00   1.8152600e+01  -3.0000000e+00
   2.8600000e+02  -1.3014000e+01  -1.0989400e+01   9.9222000e+00  -2.0000000e+00
   2.8700000e+02   1.2870000e+01   8.0165400e+00   1.0084800e+01   1.0000000e+00
   2.8800000e+02   1.8268200e+01  -1.5906800e+00   9.4553000e+00  -1.0000000e+00
   2.8900000e+02   5.6856600e+00  -2.7980200e+00   1.0160100e+01   1.0000000e+00
   2.9000000e+02   1.1998900e+01   2.5969500e+00   9.7057700e+00   1.0000000e+00
   2.9100000e+02   1.4672500e+01  -2.2070800e+00   1.0448200e+01   1.0000000e+00
   2.9200000e+02  -1.4868900e+01  -1.9393400e-01   3.9888700e+01   2.0000000e+00
   2.9300000e+02   6.0443700e+00  -4.8431700e+00   9.8549300e+00   1.0000000e+00
   2.9400000e+02   1.5901400e+01   1.2049000e+00   9.9055500e+00   1.0000000e+00
   2.9500000e+02  -3.7724700e+00   9.0489000e+00   3.9569600e+01   2.0000000e+00
   2.9600000e+02   1.4319400e+01  -1.6952800e-01   1.0402300e+01   1.0000000e+00
   2.9700000e+02   9.9277800e+00  -6.2823400e+00   9.7612700e+00   1.0000000e+00
   2.9800000e+02   4.4282800e+00   1.6132100e+01   3.6097100e+01  -2.0000000e+00
   2.9900000e+02   1.2204200e+01  -9.0351100e+00   9.3350000e+00   1.0000000e+00
