   0.0000000e+00   1.6069100e+01  -5.8472900e+00   1.2956500e+01  -2.0000000e+00
   1.0000000e+00   9.3941700e+00   6.6940900e+00   5.7410800e+01   1.0000000e+00
   2.0000000e+00  -9.7326200e+00  -7.2920600e+00   4.4099400e+01   1.0000000e+00
   3.0000000e+00  -2.8506200e+00  -1.1661000e+01   1.9145100e+01   2.0000000e+00
   4.0000000e+00  -1.6672000e+01  -5.1402700e+00   5.7589200e+01  -1.0000000e+00
   5.0000000e+00   1.4009900e+01  -5.5103400e+00   2.0769100e+01   2.0000000e+00
   6.0000000e+00   7.7578600e+00   9.8937700e+00   5.7114300e+01   1.0000000e+00
   7.0000000e+00  -1.4601500e+01  -4.7453300e+00   4.3137000e+01  -2.0000000e+00
   8.0000000e+00   4.4340600e+00   1.6346200e+01   4.7167100e+01  -1.0000000e+00
   9.0000000e+00  -1.4264000e+01   8.2266000e+00   4.3038700e+01  -2.0000000e+00
   1.0000000e+01   4.9924000e-01  -1.6017300e+01   1.8690400e+01  -2.0000000e+00
   1.1000000e+01  -4.0743300e+00   1.0431400e+01   4.1923800e+01   1.0000000e+00
   1.2000000e+01  -1.4169900e+01   2.7481200e+00   4.2219100e+01   1.0000000e+00
   1.3000000e+01   9.4063300e-01   2.3925500e+00   4.2294600e+01   1.0000000e+00
   1.4000000e+01  -1.1733800e+01  -7.7804500e+00   4.3694600e+01   1.0000000e+00
   1.5000000e+01   7.3393700e+00  -1.3522300e+01   2.0136100e+01   2.0000000e+00
   1.6000000e+01  -2.0407900e+00   1.0851300e+01   4.1674100e+01   1.0000000e+00
   1.7000000e+01   1.1463500e+01   1.1827000e+01   5.7599200e+01  -2.0000000e+00
   1.8000000e+01  -2.1945100e+00  -8.0948700e+00   2.0535700e+01   2.0000000e+00
   1.9000000e+01   1.0616600e+01  -6.7932000e+00   2.0380600e+01   2.0000000e+00
   2.0000000e+01   2.5645200e+00  -1.0809300e+01   1.9985700e+01   2.0000000e+00
   2.1000000e+01   1.4514000e+01   1.3027000e+00   5.6620600e+01   1.0000000e+00
   2.2000000e+01   1.6763300e+01   8.4136500e+00   5.6785800e+01  -1.0000000e+00
   2.3000000e+01   1.3264200e+01   1.2828200e+01   4.2456200e+01  -1.0000000e+00
   2.4000000e+01  -5.4779300e+00   1.1955900e+01   4.2598200e+01   1.0000000e+00
   2.5000000e+01   1.8520100e+00  -8.8743700e+00   1.9967800e+01   2.0000000e+00
   2.6000000e+01   8.6852400e+00  -1.1922800e+01   2.0448000e+01   2.0000000e+00
   2.7000000e+01   1.2345600e+00  -1.2433400e+01   1.9659600e+01   2.0000000e+00
   2.8000000e+01   9.8954200e+00  -4.8504000e+00   3.1987600e+01  -3.0000000e+00
   2.9000000e+01   3.0315700e+00   2.8118400e+00   5.2580200e+01  -3.0000000e+00
   3.0000000e+01   1.2780900e+01   2.4155200e+00   5.7241900e+01   1.0000000e+00
   3.1000000e+01   9.4105500e+00  -2.2393000e+00   3.8388500e+01  -3.0000000e+00
   3.2000000e+01  -6.4749000e+00  -2.9104300e+00   4.2408900e+01   1.0000000e+00
   3.3000000e+01  -2.7113200e+00   8.8767700e+00   4.2182200e+01   1.0000000e+00
   3.4000000e+01   1.4829500e+01  -1.2965700e+01   3.4808900e+01  -1.0000000e+00
   3.5000000e+01  -3.3138200e+00   6.9092500e+00   4.2606600e+01   1.0000000e+00
   3.6000000e+01   3.6834900e+00  -7.1577000e-01   6.2893900e+00  -3.0000000e+00
   3.7000000e+01  -1.5045000e+00  -1.0040800e+01   1.9657200e+01   2.0000000e+00
   3.8000000e+01   1.3432700e+01  -9.0762500e+00   2.0766600e+01   2.0000000e+00
   3.9000000e+01   1.1125300e+01   5.5952200e+00   5.7494800e+01   1.0000000e+00
   4.0000000e+01   1.1205900e+01  -3.2478400e+00   1.5461200e+01  -3.0000000e+00
   4.1000000e+01   7.3969100e+00   3.6749700e+00   5.3787900e+01  -3.0000000e+00
   4.2000000e+01  -1.5090100e-01  -1.4045300e+01   1.8854900e+01   2.0000000e+00
   4.3000000e+01   8.0841000e+00   1.6256600e+01   4.3256300e+01  -1.0000000e+00
   4.4000000e+01   7.9408500e+00  -9.9708900e+00   2.0180000e+01   2.0000000e+00
   4.5000000e+01  -1.2874100e+01   6.7195600e+00   4.2292800e+01   1.0000000e+00
   4.6000000e+01   5.1612900e+00   7.3389000e-01   1.7132000e+01  -3.0000000e+00
   4.7000000e+01  -8.5043800e+00  -3.3551400e+00   4.2410800e+01   1.0000000e+00
   4.8000000e+01   1.4763000e+01   5.4573700e+00   5.6408700e+01  -2.0000000e+00
   4.9000000e+01  -8.9088700e+00   1.3038400e+01   4.1910200e+01   1.0000000e+00
   5.0000000e+01  -9.2378200e-01  -1.7687300e+01   1.7775600e+01  -1.0000000e+00
   5.1000000e+01  -5.5499100e+00   1.7568200e+01   4.1641600e+01  -1.0000000e+00
   5.2000000e+01   1.5548700e+01  -9.3379300e+00   2.0803000e+01  -2.0000000e+00
   5.3000000e+01  -1.1324000e+01  -2.8535600e-01   4.2769200e+01   1.0000000e+00
   5.4000000e+01   7.8710000e+00   1.1973000e+01   5.7259500e+01   1.0000000e+00
   5.5000000e+01  -1.4696200e+00   1.2849100e+01   4.2713000e+01   1.0000000e+00
   5.6000000e+01  -1.5804700e+01  -8.7431400e+00   2.8427900e+01  -1.0000000e+00
   5.7000000e+01   7.2304200e+00  -7.9735800e+00   1.9317100e+01   2.0000000e+00
   5.8000000e+01  -1.3019900e+01   1.2154100e+01   5.5079000e+01  -2.0000000e+00
   5.9000000e+01  -1.1958700e+01  -2.2969900e+00   4.2810500e+01   1.0000000e+00
   6.0000000e+01  -4.2187000e+00  -1.3191700e+01   1.6209700e+01  -3.0000000e+00
   6.1000000e+01  -9.2846700e+00   1.6225200e-01   4.2378700e+01   1.0000000e+00
   6.2000000e+01  -1.1937800e+01  -1.5227800e+01   4.3644200e+01  -1.0000000e+00
   6.3000000e+01  -1.2868500e+01  -1.1744300e+01   4.4559400e+01  -2.0000000e+00
   6.4000000e+01   5.2278100e-01  -1.0434800e+01   1.9588800e+01   2.0000000e+00
   6.5000000e+01  -3.8122700e+00  -5.1365400e-01   4.2464600e+01   1.0000000e+00
   6.6000000e+01   6.6216800e+00  -1.1566900e+01   1.9946100e+01   2.0000000e+00
   6.7000000e+01  -6.0011200e+00   4.5254900e+00   4.2394500e+01   1.0000000e+00
   6.8000000e+01   3.2510800e+00  -1.2785400e+01   1.9381000e+01   2.0000000e+00
   6.9000000e+01   1.4735400e+01  -7.4346100e+00   2.1541700e+01  -2.0000000e+00
   7.0000000e+01   5.2798100e+00  -1.3193700e+01   1.9437300e+01   2.0000000e+00
   7.1000000e+01  -5.8385100e+00  -9.5799600e-01   4.2462800e+01   1.0000000e+00
   7.2000000e+01  -1.5207400e+01  -6.7509100e+00   4.3208300e+01  -2.0000000e+00
   7.3000000e+01   1.5348600e+01  -3.8796400e+00   4.0397200e+01  -2.0000000e+00
   7.4000000e+01   5.0927600e+00   2.8458800e+00   1.7209400e+01  -3.0000000e+00
   7.5000000e+01   1.2069600e+01  -1.0633600e+01   2.0068600e+01   2.0000000e+00
   7.6000000e+01   1.6192900e+01  -1.1294300e+01   2.0315200e+01  -1.0000000e+00
   7.7000000e+01   7.3612400e+00  -2.4074700e+00   6.8446900e+00  -3.0000000e+00
   7.8000000e+01   2.5358900e+00  -1.6400300e+01   3.0778900e+01  -2.0000000e+00
   7.9000000e+01  -2.1391100e+00   1.6360200e+01   3.9409000e+01  -2.0000000e+00
   8.0000000e+01  -5.0668800e+00  -1.6631200e+01   1.6939100e+01  -2.0000000e+00
   8.1000000e+01  -1.4058800e+01  -2.7530300e+00   4.2769100e+01   1.0000000e+00
   8.2000000e+01   1.8255000e+01   3.2777100e+00   5.9064300e+01  -1.0000000e+00
   8.3000000e+01   6.6912700e+00  -1.7136500e+01   2.1341200e+01  -1.0000000e+00
   8.4000000e+01  -3.4791700e+00   1.2420400e+01   4.2531900e+01   1.0000000e+00
   8.5000000e+01  -1.7909100e+00  -6.4420900e-02   4.2380200e+01   1.0000000e+00
   8.6000000e+01   1.2539700e+01  -1.6755400e+00   4.3055100e+01  -3.0000000e+00
   8.7000000e+01  -4.8671800e+00   1.3948400e+01   4.2244200e+01   1.0000000e+00
   8.8000000e+01  -1.4326300e+01  -1.0247200e+01   4.3546400e+01  -2.0000000e+00
   8.9000000e+01   2.3879400e+00   1.1243000e+01   6.3853200e+01  -3.0000000e+00
   9.0000000e+01   5.2132000e+00  -7.6082900e+00   1.9733300e+01   2.0000000e+00
   9.1000000e+01  -2.4205200e+00  -2.0203500e+00   4.2278900e+01  -3.0000000e+00
   9.2000000e+01  -1.4992500e+01  -1.2288100e+01   4.4772100e+01  -1.0000000e+00
   9.3000000e+01   1.6096500e+01  -1.9484100e+00   4.8221400e+01  -2.0000000e+00
   9.4000000e+01  -1.3393300e+01  -7.6495500e-01   4.2444800e+01   1.0000000e+00
   9.5000000e+01  -9.5677600e+00   1.1089800e+01   4.1949600e+01   1.0000000e+00
   9.6000000e+01   4.1872400e+00   1.0099400e+01   5.6443800e+01  -3.0000000e+00
   9.7000000e+01   8.6008300e+00  -6.4369700e+00   1.9361300e+01   2.0000000e+00
   9.8000000e+01  -1.8996000e+00   5.4259400e+00   4.2666500e+01   1.0000000e+00
   9.9000000e+01   1.8172600e+01   1.1555000e+00   7.3100800e+01  -1.0000000e+00
   1.0000000e+02   9.2771100e+00   4.6086700e+00   5.6532400e+01   1.0000000e+00
   1.0100000e+02  -3.0448400e+00  -3.9993300e+00   2.2342700e+01  -3.0000000e+00
   1.0200000e+02  -2.9103300e+00  -1.7142500e+01   2.9977700e+01  -2.0000000e+00
   1.0300000e+02   1.2686600e+01  -7.1253400e+00   2.0761100e+01   2.0000000e+00
   1.0400000e+02   6.2522500e+00   1.5181400e+01   2.8003300e+01  -2.0000000e+00
   1.0500000e+02  -6.6814800e+00  -1.2456900e+01   1.4084600e+01  -3.0000000e+00
   1.0600000e+02   1.2952000e+01   6.5503800e+00   5.7103300e+01   1.0000000e+00
   1.0700000e+02   7.9828500e+00   1.4031900e+01   5.7696200e+01  -2.0000000e+00
   1.0800000e+02  -6.7844200e+00   8.0294800e+00   4.2599800e+01   1.0000000e+00
   1.0900000e+02  -1.3185600e+01  -6.2358100e+00   4.3545900e+01   1.0000000e+00
   1.1000000e+02  -1.3739300e+01  -8.2638700e+00   4.3706000e+01  -2.0000000e+00
   1.1100000e+02   5.8123000e+00   6.8890700e+00   5.8305500e+01  -3.0000000e+00
   1.1200000e+02  -5.2296900e+00   1.0168300e+00   4.2204400e+01   1.0000000e+00
   1.1300000e+02   2.5860800e+00   1.3314600e+01   3.4613000e+01  -3.0000000e+00
   1.1400000e+02   4.5627400e+00  -1.6808900e+01   1.9277800e+01  -1.0000000e+00
   1.1500000e+02  -6.1995100e+00  -8.4070400e+00   5.6376100e+01  -3.0000000e+00
   1.1600000e+02   5.9154900e+00   8.9463400e+00   5.7508100e+01   1.0000000e+00
   1.1700000e+02  -4.2259200e+00  -7.7870500e+00   1.9723000e+01  -3.0000000e+00
   1.1800000e+02   1.2864300e+01   4.4854500e+00   5.7549800e+01   1.0000000e+00
   1.1900000e+02  -9.9247500e+00  -1.4767100e+01   2.8049600e+01  -2.0000000e+00
   1.2000000e+02  -7.2694900e+00   5.9716700e-01   4.2255500e+01   1.0000000e+00
   1.2100000e+02  -8.2834700e+00   1.5003700e+01   4.2894200e+01  -2.0000000e+00
   1.2200000e+02   1.4387900e+01  -7.6437500e-01   4.3889500e+01  -3.0000000e+00
   1.2300000e+02   3.5475300e+00   4.8102600e+00   2.6738800e+01  -3.0000000e+00
   1.2400000e+02  -1.2730600e+00   1.8271800e+01   3.7027600e+01  -1.0000000e+00
   1.2500000e+02  -5.7292100e+00  -6.3968700e+00   4.3762200e+01  -3.0000000e+00
   1.2600000e+02  -1.5434200e+01  -1.2077700e+00   4.1889800e+01  -2.0000000e+00
   1.2700000e+02  -1.1610100e+01   1.0643500e+01   4.2661700e+01   1.0000000e+00
   1.2800000e+02  -1.7248100e+01  -7.1859700e+00   4.3045300e+01  -1.0000000e+00
   1.2900000e+02  -3.5695100e+00  -1.5175700e+01   1.6688900e+01  -3.0000000e+00
   1.3000000e+02  -1.0850800e+01  -1.1262800e+01   4.4158700e+01   1.0000000e+00
   1.3100000e+02  -1.0291500e+00  -3.5608700e+00   2.8397600e+01  -3.0000000e+00
   1.3200000e+02  -1.2327400e+01  -9.7652900e+00   4.3722600e+01   1.0000000e+00
   1.3300000e+02  -1.1369200e+01  -1.3248100e+01   4.4136800e+01  -2.0000000e+00
   1.3400000e+02  -9.7535600e+00   1.6632500e+01   4.2380700e+01  -1.0000000e+00
   1.3500000e+02  -1.0994600e+01   1.2631200e+01   4.2399800e+01  -2.0000000e+00
   1.3600000e+02   1.4977200e+01   9.5894000e+00   5.7907200e+01  -2.0000000e+00
   1.3700000e+02  -3.1760600e+00   1.4711100e+00   4.2237500e+01   1.0000000e+00
   1.3800000e+02   5.9394500e+00  -1.5210900e+01   2.0095500e+01  -2.0000000e+00
   1.3900000e+02  -8.6642700e+00   2.1174800e+00   4.2455500e+01   1.0000000e+00
   1.4000000e+02   9.7749600e+00   1.5082300e+01   4.3200900e+01  -1.0000000e+00
   1.4100000e+02  -1.0542900e+01  -3.7894500e+00   4.2704900e+01   1.0000000e+00
   1.4200000e+02  -6.1227900e+00   1.0003500e+01   4.2008300e+01   1.0000000e+00
   1.4300000e+02   1.1948500e+01  -5.2013200e+00   2.0634600e+01   2.0000000e+00
   1.4400000e+02   6.2382600e+00   1.7322200e+01  -4.0431000e-01  -1.0000000e+00
   1.4500000e+02  -4.2137000e+00  -1.8805700e+01   1.9407000e+01  -1.0000000e+00
   1.4600000e+02  -7.0793000e+00  -1.6134300e+01   1.1625700e+01  -2.0000000e+00
   1.4700000e+02  -4.4407600e+00  -2.4629300e+00   4.2417700e+01   1.0000000e+00
   1.4800000e+02  -1.2764000e+01   1.2087900e+00   4.2660900e+01   1.0000000e+00
   1.4900000e+02   3.2548100e-01   1.1171900e+01   5.2536900e+01  -3.0000000e+00
   1.5000000e+02   1.1490300e+00  -6.9158100e+00   1.9222600e+01   2.0000000e+00
   1.5100000e+02  -1.3376900e+01  -1.3741000e+01   3.0403000e+01  -1.0000000e+00
   1.5200000e+02   3.9528700e+00   7.8108400e+00   4.7206300e+01  -3.0000000e+00
   1.5300000e+02   1.4455400e+00   1.5098300e+01   3.5341200e+01  -2.0000000e+00
   1.5400000e+02  -5.3716400e+00   6.5001800e+00   4.2396800e+01   1.0000000e+00
   1.5500000e+02   5.9166900e+00  -9.5881100e+00   1.9733900e+01   2.0000000e+00
   1.5600000e+02  -6.4458600e-01   9.3468400e+00   4.0460400e+01  -3.0000000e+00
   1.5700000e+02   1.1230000e+01   7.6938200e+00   5.7153300e+01   1.0000000e+00
   1.5800000e+02   1.4157900e+01  -1.1005700e+01   2.0113200e+01  -2.0000000e+00
   1.5900000e+02   9.2832900e+00  -8.3776700e+00   2.0058300e+01   2.0000000e+00
   1.6000000e+02   2.3525700e+00   9.1653200e+00   5.8801200e+01  -3.0000000e+00
   1.6100000e+02  -1.2117700e+01   3.1796700e+00   4.2195400e+01   1.0000000e+00
   1.6200000e+02   1.2639300e+01   3.7396300e-01   5.7480500e+01   1.0000000e+00
   1.6300000e+02  -1.7489700e+01  -1.6162400e+00   4.1790000e+01  -1.0000000e+00
   1.6400000e+02   1.0049800e+01  -1.5827300e+01   1.9594500e+01  -1.0000000e+00
   1.6500000e+02   1.6680400e+01   6.3432500e+00   7.0770400e+01  -1.0000000e+00
   1.6600000e+02   7.3867100e-01   7.8377000e+00   3.7279000e+01  -3.0000000e+00
   1.6700000e+02   8.0105000e+00  -1.5481300e+01   3.2571600e+01  -2.0000000e+00
   1.6800000e+02  -5.8085500e+00  -1.4492700e+01   1.8066000e+01  -3.0000000e+00
   1.6900000e+02  -1.3517600e+01   4.7326700e+00   4.2249100e+01   1.0000000e+00
   1.7000000e+02  -1.1432400e+00   1.9342000e+00   4.2078400e+01   1.0000000e+00
   1.7100000e+02   7.8812200e+00  -4.4133800e+00   6.0929400e+00  -3.0000000e+00
   1.7200000e+02  -1.3645600e+01   1.0182700e+01   4.3282200e+01  -2.0000000e+00
   1.7300000e+02   1.3497500e+01  -1.4541000e+01   1.9884400e+01  -1.0000000e+00
   1.7400000e+02   1.3183800e+01   1.0708200e+01   5.7781400e+01  -2.0000000e+00
   1.7500000e+02   1.8937000e+00  -1.4409000e+01   1.9001700e+01   2.0000000e+00
   1.7600000e+02   4.4158800e+00   1.4262300e+01   6.9253900e+01  -2.0000000e+00
   1.7700000e+02  -1.1167400e+01  -5.7794700e+00   4.3137600e+01   1.0000000e+00
   1.7800000e+02  -1.2421800e+01   1.4125900e+01   4.3103000e+01  -1.0000000e+00
   1.7900000e+02  -2.1799600e+00  -1.3619400e+01   1.8440600e+01   2.0000000e+00
   1.8000000e+02   7.1105000e+00   1.6386200e+00   5.4630200e+01  -3.0000000e+00
   1.8100000e+02  -1.5339700e+00  -1.5607600e+01   1.7930000e+01  -2.0000000e+00
   1.8200000e+02   3.9152300e+00  -1.4816800e+01   1.8762000e+01  -2.0000000e+00
   1.8300000e+02   2.3591600e+00   8.5899600e-01   4.1271400e+01  -3.0000000e+00
   1.8400000e+02  -8.0338300e+00   4.0881800e+00   4.2469800e+01   1.0000000e+00
   1.8500000e+02   4.9548500e-01  -4.9598700e+00   2.5519100e+01  -3.0000000e+00
   1.8600000e+02   1.0713200e+00   1.8463300e+01   3.5987100e+01  -1.0000000e+00
   1.8700000e+02  -9.2348600e-01  -6.4496500e+00   3.1158600e+01  -3.0000000e+00
   1.8800000e+02   5.6884700e+00   4.8397400e+00   6.0469700e+01  -3.0000000e+00
   1.8900000e+02   2.5273500e+00  -5.2769700e+00   2.1549400e+01  -3.0000000e+00
   1.9000000e+02  -3.9393800e+00   4.9603600e+00   4.2554200e+01   1.0000000e+00
   1.9100000e+02  -8.2337500e+00  -8.7949300e+00   4.3477000e+01   1.0000000e+00
   1.9200000e+02   1.3292600e+01  -3.5910000e+00   8.9535500e+00  -3.0000000e+00
   1.9300000e+02   1.4616900e+01   3.3716900e+00   5.6981600e+01   1.0000000e+00
   1.9400000e+02  -9.1495400e+00  -5.3147300e+00   4.2799200e+01   1.0000000e+00
   1.9500000e+02  -4.9261000e+00  -1.1258100e+01   2.5288900e+01  -3.0000000e+00
   1.9600000e+02   1.0741200e+01  -6.6476600e-01   3.4668100e+01  -3.0000000e+00
   1.9700000e+02  -7.5178100e+00   1.1508900e+01   4.2097600e+01   1.0000000e+00
   1.9800000e+02   1.2061200e-01   5.8630900e+00   4.3250700e+01   1.0000000e+00
   1.9900000e+02   1.0829600e+01   1.4334500e+00   5.8031000e+01  -3.0000000e+00
   2.0000000e+02   1.6467500e+01   4.3017300e+00   5.6862100e+01  -2.0000000e+00
   2.0100000e+02   2.4531400e+00   1.6936700e+01   3.0868600e+01  -1.0000000e+00
   2.0200000e+02   1.1259400e+00  -1.8029500e+01   1.8982700e+01  -1.0000000e+00
   2.0300000e+02  -7.1209900e+00  -4.8553200e+00   4.2197600e+01   1.0000000e+00
   2.0400000e+02   3.1882900e+00  -7.2707700e+00   2.0072200e+01   2.0000000e+00
   2.0500000e+02  -3.8077700e-01  -1.5922800e+00   5.4567100e+01  -3.0000000e+00
   2.0600000e+02   1.4913700e+01   7.5112300e+00   5.6873000e+01  -2.0000000e+00
   2.0700000e+02   5.8443900e+00  -3.9780400e+00   1.7051300e+01   2.0000000e+00
   2.0800000e+02  -3.5432000e+00  -9.7252800e+00   1.9728100e+01  -3.0000000e+00
   2.0900000e+02  -6.2710100e+00   1.5538700e+01   4.2689600e+01  -2.0000000e+00
   2.1000000e+02  -6.6354500e+00  -1.8151500e+01   1.3798200e+01  -1.0000000e+00
   2.1100000e+02  -1.6177300e+01   2.2814200e+00   4.3472400e+01  -2.0000000e+00
   2.1200000e+02  -1.0266000e+01  -9.2935300e+00   4.3895400e+01   1.0000000e+00
   2.1300000e+02  -8.1849000e+00   9.5543600e+00   4.2186800e+01   1.0000000e+00
   2.1400000e+02  -7.3831600e+00   6.0525500e+00   4.2479900e+01   1.0000000e+00
   2.1500000e+02   1.1546400e+01   1.3992600e+01   4.2958200e+01  -1.0000000e+00
   2.1600000e+02   3.9100100e+00  -9.1948700e+00   2.0117800e+01   2.0000000e+00
   2.1700000e+02   1.1350500e+01  -8.6996300e+00   2.0409100e+01   2.0000000e+00
   2.1800000e+02  -1.0312500e+01   1.4593800e+01   5.4299100e+01  -2.0000000e+00
   2.1900000e+02  -1.0218000e+01   9.1233000e+00   4.2363100e+01   1.0000000e+00
   2.2000000e+02   1.6926800e+01  -7.7227900e+00   3.9640100e+01  -1.0000000e+00
   2.2100000e+02  -7.7172300e+00   1.7006500e+01   4.3431500e+01  -1.0000000e+00
   2.2200000e+02   4.5499800e+00  -5.6086700e+00   1.9803400e+01   2.0000000e+00
   2.2300000e+02  -8.8319500e+00  -1.0777100e+01   5.5404700e+01  -3.0000000e+00
   2.2400000e+02  -2.5222000e+00   3.4533700e+00   4.2346700e+01   1.0000000e+00
   2.2500000e+02   4.6001200e+00  -1.1166200e+01   1.9505600e+01   2.0000000e+00
   2.2600000e+02  -7.8495000e+00  -1.4186600e+01   2.0319400e+01  -3.0000000e+00
   2.2700000e+02  -4.7521600e+00   8.4785900e+00   4.1904900e+01   1.0000000e+00
   2.2800000e+02  -9.9287600e+00  -1.8331600e+00   4.2458400e+01   1.0000000e+00
   2.2900000e+02  -1.2573400e+01  -4.2639100e+00   4.3211200e+01   1.0000000e+00
   2.3000000e+02  -1.6072300e+01  -3.1783000e+00   4.2478400e+01  -2.0000000e+00
   2.3100000e+02  -1.2222500e+01   8.6908400e+00   4.2607800e+01   1.0000000e+00
   2.3200000e+02  -1.7129100e+01   5.6226800e+00   6.0533500e+01  -1.0000000e+00
   2.3300000e+02   1.6293600e+01   1.0327500e-01   5.5811100e+01  -2.0000000e+00
   2.3400000e+02   1.7093800e+00  -3.2808200e+00   4.0090500e+00  -3.0000000e+00
   2.3500000e+02   1.6479700e+00  -1.1177400e+00   2.1952100e+01  -3.0000000e+00
   2.3600000e+02   9.7306200e+00   1.2954600e+01   5.8119700e+01  -2.0000000e+00
   2.3700000e+02   1.7450500e+01  -3.4931300e+00   2.1446900e+01  -1.0000000e+00
   2.3800000e+02  -7.8876500e+00  -1.3969700e+00   4.2389700e+01   1.0000000e+00
   2.3900000e+02  -7.9825000e-01   1.4800300e+01   3.9281000e+01   1.0000000e+00
   2.4000000e+02  -9.0655900e+00  -1.6694800e+01   4.8900500e+00  -1.0000000e+00
   2.4100000e+02  -2.9427700e+00  -6.0749800e+00   1.4449900e+00  -3.0000000e+00
   2.4200000e+02   7.6500100e+00   7.8405800e+00   5.7192600e+01   1.0000000e+00
   2.4300000e+02  -1.4929400e+01   6.2598600e+00   4.3760900e+01  -2.0000000e+00
   2.4400000e+02   8.8900300e+00   3.5834200e-01   4.4245300e+01  -3.0000000e+00
   2.4500000e+02   6.9241200e+00  -3.9688600e-01   3.7861800e+01  -3.0000000e+00
   2.4600000e+02   9.4817200e+00   8.7797100e+00   5.7279100e+01   1.0000000e+00
   2.4700000e+02  -3.5350700e+00   1.7959500e+01   4.0515000e+01  -1.0000000e+00
   2.4800000e+02   6.1391300e+00   1.3102200e+01   5.6686000e+01   1.0000000e+00
   2.4900000e+02   1.5274400e+00   4.3644000e+00   4.2769300e+01   1.0000000e+00
   2.5000000e+02   5.4150600e-01   1.3241100e+01   5.2369000e+01  -3.0000000e+00
   2.5100000e+02   1.8017300e+01  -1.2014500e+00   6.6616000e+01  -1.0000000e+00
   2.5200000e+02  -4.1784200e+00   1.5968500e+01   4.1181300e+01  -2.0000000e+00
   2.5300000e+02  -1.6850000e+01   3.4210100e-01   5.6636300e+01  -1.0000000e+00
   2.5400000e+02  -1.7724600e+01   3.6475100e+00   4.6165800e+01  -1.0000000e+00
   2.5500000e+02  -9.3594900e+00  -1.2776300e+01   4.4822300e+01  -3.0000000e+00
   2.5600000e+02   5.3335900e+00  -1.9295400e+00   2.2169800e+01  -3.0000000e+00
   2.5700000e+02  -8.3490200e-01  -1.2061000e+01   1.9212600e+01   2.0000000e+00
   2.5800000e+02  -7.7463800e+00  -6.8034200e+00   4.3490100e+01   1.0000000e+00
   2.5900000e+02  -4.9545200e-01   3.8893300e+00   4.2654200e+01   1.0000000e+00
   2.6000000e+02  -9.4459700e+00   5.6023200e+00   4.1954500e+01   1.0000000e+00
   2.6100000e+02  -1.5537600e+01   4.3043300e+00   4.4256200e+01  -2.0000000e+00
   2.6200000e+02   4.2977000e+00   1.2181400e+01   5.6537000e+01   1.0000000e+00
   2.6300000e+02   1.1018800e+01   3.5078600e+00   5.7312400e+01   1.0000000e+00
   2.6400000e+02   1.4998300e+01   1.1704200e+01   5.8414600e+01  -1.0000000e+00
   2.6500000e+02  -1.0713800e+01   1.6762900e+00   4.2625000e+01   1.0000000e+00
   2.6600000e+02  -1.2788800e+00   7.3819600e+00   4.2791100e+01   1.0000000e+00
   2.6700000e+02  -6.8923500e+00   1.3481800e+01   4.2706200e+01   1.0000000e+00
   2.6800000e+02   9.0407500e+00   2.4479100e+00   5.5711100e+01  -3.0000000e+00
   2.6900000e+02  -1.1465000e+01   5.2020100e+00   4.1983800e+01   1.0000000e+00
   2.7000000e+02   1.3095200e+01   8.6233600e+00   5.7065700e+01   1.0000000e+00
   2.7100000e+02   7.7359600e-02   1.6659700e+01   3.6908100e+01  -2.0000000e+00
   2.7200000e+02   6.5708800e+00  -6.0121600e+00   1.9234400e+01   2.0000000e+00
   2.7300000e+02  -5.0599400e+00  -4.4231800e+00   5.4109100e+01  -3.0000000e+00
   2.7400000e+02   1.0751100e+01  -1.2237100e+01   2.0387600e+01   2.0000000e+00
   2.7500000e+02  -6.6210900e+00   2.5691500e+00   4.2263400e+01   1.0000000e+00
   2.7600000e+02  -4.5661800e+00   3.0098800e+00   4.2274500e+01   1.0000000e+00
   2.7700000e+02  -2.8326800e+00   1.4405900e+01   4.1334700e+01   1.0000000e+00
   2.7800000e+02   1.1449600e+01  -1.4169800e+01   3.2134000e+01  -2.0000000e+00
   2.7900000e+02   2.1246600e-01   3.9044000e-01   4.2222600e+01   1.0000000e+00
   2.8000000e+02   7.5579600e+00   5.7490200e+00   5.6584400e+01   1.0000000e+00
   2.8100000e+02   2.2916800e+00   6.4923100e+00   3.6138000e+01  -3.0000000e+00
   2.8200000e+02   1.8106500e+01  -5.5090100e+00   2.9800300e+01  -1.0000000e+00
   2.8300000e+02  -1.0067100e+01   3.6255900e+00   4.2296700e+01   1.0000000e+00
   2.8400000e+02  -1.5727100e+01   9.6661400e+00   5.7738200e+01  -1.0000000e+00
   2.8500000e+02   3.7802600e+00  -3.3533800e+00   1.6922300e+01  -3.0000000e+00
   2.8600000e+02   9.3889800e+00  -1.3863400e+01   2.0040400e+01  -2.0000000e+00
   2.8700000e+02   1.6377800e+01   2.2276000e+00   5.7834200e+01  -2.0000000e+00
   2.8800000e+02   9.6227500e+00   1.0872300e+01   5.7284600e+01   1.0000000e+00
   2.8900000e+02  -1.0802800e+01   7.1531700e+00   4.1970700e+01   1.0000000e+00
   2.9000000e+02   1.0027600e+01  -1.0300400e+01   2.0704800e+01   2.0000000e+00
   2.9100000e+02  -1.5090700e+01   1.1653200e+01   4.3446900e+01  -1.0000000e+00
   2.9200000e+02  -8.7898900e+00   7.5583600e+00   4.2438500e+01   1.0000000e+00
   2.9300000e+02   6.0287500e+00   1.1026200e+01   5.6802600e+01   1.0000000e+00
   2.9400000e+02  -1.6471000e+01   7.6964100e+00   5.8057400e+01  -1.0000000e+00
   2.9500000e+02  -6.8092800e+00  -1.0382400e+01   1.4874800e+01  -3.0000000e+00
   2.9600000e+02   1.2784000e+01  -1.2595600e+01   1.9796200e+01  -2.0000000e+00
   2.9700000e+02  -1.4785200e+01   7.5667900e-01   4.2226300e+01  -2.0000000e+00
   2.9800000e+02   1.1369400e+01   9.7627000e+00   5.7117800e+01   1.0000000e+00
   2.9900000e+02  -1.7427500e-01  -8.4778600e+00   1.9566800e+01   2.0000000e+00
