   0.0000000e+00  -1.7768700e+01  -2.5861900e+00   1.0000000e+00
   1.0000000e+00   3.1195400e+00  -6.0451000e+00  -1.0000000e+00
   2.0000000e+00   7.2301300e+00  -1.0940000e-01  -1.0000000e+00
   3.0000000e+00   7.4891300e-01  -1.3141400e+01  -1.0000000e+00
   4.0000000e+00  -7.5971300e+00  -3.0838900e+00   1.0000000e+00
   5.0000000e+00  -1.5044600e+01   8.7019000e+00   1.0000000e+00
   6.0000000e+00  -5.1587300e+00  -1.5401400e+01  -1.0000000e+00
   7.0000000e+00   1.2960200e+01   4.6671800e+00  -1.0000000e+00
   8.0000000e+00   2.3310700e+00   7.5206000e+00  -1.0000000e+00
   9.0000000e+00  -5.0535800e+00   3.9879800e+00   1.0000000e+00
   1.0000000e+01  -6.9502900e+00   1.3406700e+01   1.0000000e+00
   1.1000000e+01   1.2799700e+01   2.5987000e+00  -1.0000000e+00
   1.2000000e+01   1.0650400e+01  -2.4375200e+00  -1.0000000e+00
   1.3000000e+01  -1.3152000e+01  -1.0814100e+01   1.0000000e+00
   1.4000000e+01   9.9423600e+00  -1.0752500e+01  -1.0000000e+00
   1.5000000e+01  -7.6523800e+00  -1.1818100e+01  -1.0000000e+00
   1.6000000e+01   1.3349700e+01   1.0960700e+01  -1.0000000e+00
   1.7000000e+01   6.5355000e+00  -8.3742100e+00  -1.0000000e+00
   1.8000000e+01  -1.7857700e+01   1.3002900e+00   1.0000000e+00
   1.9000000e+01  -2.1618200e+00   1.6321500e+01   1.0000000e+00
   2.0000000e+01   5.8345300e+00  -1.6766600e+01  -1.0000000e+00
   2.1000000e+01  -1.7027400e+01  -6.7354400e-01   1.0000000e+00
   2.2000000e+01   7.8901100e+00  -1.3763500e+01  -1.0000000e+00
   2.3000000e+01   1.5043400e+01   9.7504400e+00  -1.0000000e+00
   2.4000000e+01  -4.1124200e+00   1.1162000e+01   1.0000000e+00
   2.5000000e+01   1.5638100e+01  -8.0144400e+00  -1.0000000e+00
   2.6000000e+01   1.3547600e+01  -1.1097500e+01  -1.0000000e+00
   2.7000000e+01   4.7929900e-01  -1.5186400e+01  -1.0000000e+00
   2.8000000e+01   1.9309900e+00   1.5639900e+01  -1.0000000e+00
   2.9000000e+01   1.4227200e+01  -2.6955000e+00  -1.0000000e+00
   3.0000000e+01  -1.2335800e+01  -8.8996100e+00   1.0000000e+00
   3.1000000e+01  -2.6937200e+00   1.8334900e+01   1.0000000e+00
   3.2000000e+01  -9.7550600e+00   1.5527600e+01   1.0000000e+00
   3.3000000e+01   9.7549500e+00   1.1212700e+01  -1.0000000e+00
   3.4000000e+01   1.1106000e+01   3.7743900e+00  -1.0000000e+00
   3.5000000e+01   1.1311500e+01   7.9760300e+00  -1.0000000e+00
   3.6000000e+01  -7.1334300e+00   9.8357000e-01   1.0000000e+00
   3.7000000e+01   6.2797600e+00   1.5582600e+01  -1.0000000e+00
   3.8000000e+01   9.6018800e+00   9.1732300e+00  -1.0000000e+00
   3.9000000e+01   1.7522700e+01  -7.1458200e+00  -1.0000000e+00
   4.0000000e+01   5.4863000e+00   1.0878400e+00  -1.0000000e+00
   4.1000000e+01  -5.6963100e+00  -1.7397700e+01  -1.0000000e+00
   4.2000000e+01   2.4533300e+00   9.5740500e+00  -1.0000000e+00
   4.3000000e+01  -1.0060200e+01  -3.1255100e+00   1.0000000e+00
   4.4000000e+01   7.0755100e+00  -2.1588600e+00  -1.0000000e+00
   4.5000000e+01   5.7870800e+00   5.2001600e+00  -1.0000000e+00
   4.6000000e+01  -6.4147300e-01  -7.8132000e+00  -1.0000000e+00
   4.7000000e+01   1.6575600e+01   4.4386700e+00  -1.0000000e+00
   4.8000000e+01   7.8698100e+00   1.0275700e+01  -1.0000000e+00
   4.9000000e+01  -3.4636300e+00   9.1911500e+00   1.0000000e+00
   5.0000000e+01   1.0913300e+01   1.7267200e+00  -1.0000000e+00
   5.1000000e+01  -6.8351500e+00   7.8133100e+00   1.0000000e+00
   5.2000000e+01  -1.3395400e+01   4.9246700e+00   1.0000000e+00
   5.3000000e+01  -9.3741700e+00  -1.1624400e+00   1.0000000e+00
   5.4000000e+01   1.6644700e+01   6.5571800e+00  -1.0000000e+00
   5.5000000e+01  -6.1580700e+00   1.1440300e+01   1.0000000e+00
   5.6000000e+01   4.3739800e+00   1.2562600e+01  -1.0000000e+00
   5.7000000e+01   4.0625400e+00   6.3148300e+00  -1.0000000e+00
   5.8000000e+01   6.2494900e-01   8.6569000e+00  -1.0000000e+00
   5.9000000e+01  -1.1796400e+01  -1.2475800e+01   1.0000000e+00
   6.0000000e+01  -6.7985300e+00  -1.3698000e+01  -1.0000000e+00
   6.1000000e+01  -1.1035500e+01  -1.0555800e+01   1.0000000e+00
   6.2000000e+01  -8.4434800e+00   2.5686300e+00   1.0000000e+00
   6.3000000e+01   2.7996100e+00  -1.0175000e+01  -1.0000000e+00
   6.4000000e+01   1.1410600e+01  -1.6097400e+01  -1.0000000e+00
   6.5000000e+01  -4.5531300e-01  -5.7364200e+00  -1.0000000e+00
   6.6000000e+01   8.2818700e+00  -9.5426200e+00  -1.0000000e+00
   6.7000000e+01   5.5348700e-01   1.0724700e+01  -1.0000000e+00
   6.8000000e+01  -1.2928000e+01  -1.4584600e+01   1.0000000e+00
   6.9000000e+01   1.3541200e+01   1.3079900e+01  -1.0000000e+00
   7.0000000e+01   1.1643900e+01   1.4217100e+01  -1.0000000e+00
   7.1000000e+01  -1.6780800e+00   1.5985300e+00  -1.0000000e+00
   7.2000000e+01   1.3015700e+01   6.7964600e+00  -1.0000000e+00
   7.3000000e+01  -7.1420600e+00   4.1706800e+00   1.0000000e+00
   7.4000000e+01  -3.3998300e+00   2.7685400e+00  -1.0000000e+00
   7.5000000e+01  -1.7557100e+01   5.4008600e+00   1.0000000e+00
   7.6000000e+01  -4.7633900e+00  -1.3373500e+01  -1.0000000e+00
   7.7000000e+01   1.1199900e+01   5.8370300e+00  -1.0000000e+00
   7.8000000e+01  -1.5271500e+00   3.6530400e+00  -1.0000000e+00
   7.9000000e+01  -6.9186400e+00  -9.8695800e+00  -1.0000000e+00
   8.0000000e+01   9.5994900e+00  -1.4985600e+01  -1.0000000e+00
   8.1000000e+01   7.9622700e+00   1.2387300e+01  -1.0000000e+00
   8.2000000e+01  -1.3163400e+01   1.4095100e+01   1.0000000e+00
   8.3000000e+01   2.4353100e+00  -1.4335800e+01  -1.0000000e+00
   8.4000000e+01   1.1882200e+01  -9.9002400e+00  -1.0000000e+00
   8.5000000e+01   1.2518600e+01  -1.5389800e+00  -1.0000000e+00
   8.6000000e+01   1.9799500e+00  -1.8461900e+01  -1.0000000e+00
   8.7000000e+01   1.2345300e+01  -3.5888500e+00  -1.0000000e+00
   8.8000000e+01  -1.4015300e+01  -1.2789600e+01   1.0000000e+00
   8.9000000e+01   4.3115000e+00   1.0495500e+01  -1.0000000e+00
   9.0000000e+01  -1.8415400e+00  -4.6601400e-01  -1.0000000e+00
   9.1000000e+01   9.7760400e+00  -1.2826400e+01  -1.0000000e+00
   9.2000000e+01  -6.5984900e-01   1.7995500e+01  -1.0000000e+00
   9.3000000e+01  -1.5713800e+01  -2.3198000e+00   1.0000000e+00
   9.4000000e+01  -1.1319400e+01   4.6816800e+00   1.0000000e+00
   9.5000000e+01   6.7205500e+00  -6.3132800e+00  -1.0000000e+00
   9.6000000e+01  -1.4442300e+01  -9.2211000e+00   1.0000000e+00
   9.7000000e+01  -3.8052300e+00  -1.8765400e+01  -1.0000000e+00
   9.8000000e+01  -3.4814300e+00   1.4700500e+01   1.0000000e+00
   9.9000000e+01  -4.7949500e+00   7.5699800e+00   1.0000000e+00
   1.0000000e+02   2.4133400e+00   1.1623800e+01  -1.0000000e+00
   1.0100000e+02   1.5758000e+01  -5.9291400e+00  -1.0000000e+00
   1.0200000e+02  -1.3730800e+01   1.3133300e+00   1.0000000e+00
   1.0300000e+02   4.3115700e+00  -1.3464400e+01  -1.0000000e+00
   1.0400000e+02   4.7453800e-01   6.6005700e+00  -1.0000000e+00
   1.0500000e+02   9.9166600e+00   1.5363700e+01  -1.0000000e+00
   1.0600000e+02  -5.6494800e+00  -2.2822400e+00  -1.0000000e+00
   1.0700000e+02   2.1923000e+00   5.4656600e+00  -1.0000000e+00
   1.0800000e+02  -9.0219900e+00   1.3592300e+01   1.0000000e+00
   1.0900000e+02  -1.1608700e+01  -6.9673200e+00   1.0000000e+00
   1.1000000e+02   1.2686600e+01   5.3083300e-01  -1.0000000e+00
   1.1100000e+02   2.9637200e+00  -8.1131200e+00  -1.0000000e+00
   1.1200000e+02   1.4395600e+00  -4.8514600e+00  -1.0000000e+00
   1.1300000e+02  -2.0599800e+00   1.0799200e+01  -1.0000000e+00
   1.1400000e+02  -1.4599800e+01   3.2588100e+00   1.0000000e+00
   1.1500000e+02   1.2185900e+01  -5.7095100e+00  -1.0000000e+00
   1.1600000e+02   4.1269500e+00  -1.5510700e+01  -1.0000000e+00
   1.1700000e+02   8.7558600e+00  -3.3287100e+00  -1.0000000e+00
   1.1800000e+02  -7.1682000e-01   1.2438300e+01  -1.0000000e+00
   1.1900000e+02   1.2054600e+01  -7.8055300e+00  -1.0000000e+00
   1.2000000e+02   1.6422300e+01   2.3164800e+00  -1.0000000e+00
   1.2100000e+02  -1.4386000e+00   1.4403500e+01  -1.0000000e+00
   1.2200000e+02   1.8640100e-01   2.4787600e+00  -1.0000000e+00
   1.2300000e+02  -1.4680900e+01   1.2263200e+01   1.0000000e+00
   1.2400000e+02   1.0449300e+01  -4.5064800e+00  -1.0000000e+00
   1.2500000e+02  -3.3706300e+00  -1.6724900e+01  -1.0000000e+00
   1.2600000e+02   1.0191700e+01  -8.6960700e+00  -1.0000000e+00
   1.2700000e+02  -2.9105100e-01  -3.6676400e+00  -1.0000000e+00
   1.2800000e+02   3.9314500e+00   4.2748300e+00  -1.0000000e+00
   1.2900000e+02  -1.2547600e+01   2.9954700e+00   1.0000000e+00
   1.3000000e+02  -3.1969200e+00  -1.0643400e+01  -1.0000000e+00
   1.3100000e+02  -1.5912100e+01   1.0573700e+01   1.0000000e+00
   1.3200000e+02  -2.7709700e+00   7.2065000e+00  -1.0000000e+00
   1.3300000e+02  -1.2158100e+01   6.5843200e+00   1.0000000e+00
   1.3400000e+02   9.0812200e+00   7.8817900e-01  -1.0000000e+00
   1.3500000e+02   4.8269100e+00  -7.1946300e+00  -1.0000000e+00
   1.3600000e+02  -1.6359100e+01   7.1160300e+00   1.0000000e+00
   1.3700000e+02   8.0366700e+00   1.4506400e+01  -1.0000000e+00
   1.3800000e+02   1.4920200e+01   7.6665400e+00  -1.0000000e+00
   1.3900000e+02  -1.3678900e+01  -7.3144400e+00   1.0000000e+00
   1.4000000e+02  -5.5338800e+00   9.4820200e+00   1.0000000e+00
   1.4100000e+02   9.3543500e+00   4.9112700e+00  -1.0000000e+00
   1.4200000e+02  -2.1895700e+00  -4.5833900e+00  -1.0000000e+00
   1.4300000e+02   3.7594200e+00   2.2239900e+00  -1.0000000e+00
   1.4400000e+02  -4.2556000e+00   1.6730200e+01   1.0000000e+00
   1.4500000e+02  -7.3000800e+00  -1.0560400e+00   1.0000000e+00
   1.4600000e+02   6.1920400e+00   1.3521100e+01  -1.0000000e+00
   1.4700000e+02  -1.0281900e+01  -8.6293000e+00   1.0000000e+00
   1.4800000e+02  -1.3480600e+01  -1.8222600e+00   1.0000000e+00
   1.4900000e+02   2.0531000e+00   3.4154700e+00  -1.0000000e+00
   1.5000000e+02   2.6320400e+00  -1.2275500e+01  -1.0000000e+00
   1.5100000e+02  -5.5205400e+00  -1.1437400e+01  -1.0000000e+00
   1.5200000e+02   1.3159800e+01   8.8881400e+00  -1.0000000e+00
   1.5300000e+02  -1.2574300e-01   1.5998400e+01  -1.0000000e+00
   1.5400000e+02   1.3378100e+01  -1.3191600e+01  -1.0000000e+00
   1.5500000e+02   1.1627800e+01  -1.1932100e+01  -1.0000000e+00
   1.5600000e+02   1.8540400e+01   5.1296800e+00  -1.0000000e+00
   1.5700000e+02  -1.0925000e+01   8.2246300e+00   1.0000000e+00
   1.5800000e+02   1.3881400e+01  -6.8674600e+00  -1.0000000e+00
   1.5900000e+02   3.4711100e+00  -1.9151900e+00  -1.0000000e+00
   1.6000000e+02  -2.5040100e+00  -8.6990900e+00  -1.0000000e+00
   1.6100000e+02   1.6229600e+00  -2.7994300e+00  -1.0000000e+00
   1.6200000e+02   6.0217300e-01   1.4077100e+01  -1.0000000e+00
   1.6300000e+02   1.0993000e+00  -9.0193400e+00  -1.0000000e+00
   1.6400000e+02   5.1868600e+00  -3.0940800e+00  -1.0000000e+00
   1.6500000e+02   1.8082700e+01  -9.0129300e-01  -1.0000000e+00
   1.6600000e+02   1.5227600e+01   1.1835500e+01  -1.0000000e+00
   1.6700000e+02   1.7740500e-02   4.1994100e-01  -1.0000000e+00
   1.6800000e+02  -1.2894900e+01  -5.3596500e+00   1.0000000e+00
   1.6900000e+02   9.5267400e-01  -1.1080900e+01  -1.0000000e+00
   1.7000000e+02  -1.5251800e+01  -1.1155800e+01   1.0000000e+00
   1.7100000e+02   2.2451800e+00  -1.6425600e+01  -1.0000000e+00
   1.7200000e+02   1.1624500e+01   1.2122600e+01  -1.0000000e+00
   1.7300000e+02  -1.1469500e+01  -1.3053100e+00   1.0000000e+00
   1.7400000e+02   7.7714400e+00   8.1834000e+00  -1.0000000e+00
   1.7500000e+02  -1.4171400e+00  -1.6027900e+01  -1.0000000e+00
   1.7600000e+02  -9.2534900e+00   4.4517800e+00   1.0000000e+00
   1.7700000e+02   1.1465500e+01  -1.4031200e+01  -1.0000000e+00
   1.7800000e+02  -1.1075700e+01   1.3764900e+01   1.0000000e+00
   1.7900000e+02   8.1652500e+00   1.6572300e+01  -1.0000000e+00
   1.8000000e+02  -3.7377100e+00  -1.3690400e+00  -1.0000000e+00
   1.8100000e+02   1.1458100e+01   1.0038300e+01  -1.0000000e+00
   1.8200000e+02  -8.2655900e+00   1.1689100e+01   1.0000000e+00
   1.8300000e+02   6.0019600e+00  -1.4677200e+01  -1.0000000e+00
   1.8400000e+02   6.1425600e+00   1.1436400e+01  -1.0000000e+00
   1.8500000e+02  -6.2331800e+00  -7.9077100e+00  -1.0000000e+00
   1.8600000e+02  -9.7468600e+00  -1.2186800e+01   1.0000000e+00
   1.8700000e+02   6.9103000e+00  -4.2425900e+00  -1.0000000e+00
   1.8800000e+02   8.0800700e+00  -1.1634000e+01  -1.0000000e+00
   1.8900000e+02  -6.0247700e+00  -4.4125000e+00  -1.0000000e+00
   1.9000000e+02  -1.0336900e+01   1.1849100e+01   1.0000000e+00
   1.9100000e+02  -9.1934100e-01  -1.1924000e+01  -1.0000000e+00
   1.9200000e+02  -1.0861700e+01  -5.0605600e+00   1.0000000e+00
   1.9300000e+02  -3.4177900e+00   5.2434400e+00  -1.0000000e+00
   1.9400000e+02  -2.7994200e+00   1.2756400e+01   1.0000000e+00
   1.9500000e+02   5.6493400e+00   3.1259300e+00  -1.0000000e+00
   1.9600000e+02   1.4038000e+01  -4.7765000e+00  -1.0000000e+00
   1.9700000e+02  -2.0040100e+00  -2.5208800e+00  -1.0000000e+00
   1.9800000e+02   2.6213500e+00   1.3678400e+01  -1.0000000e+00
   1.9900000e+02   1.4403700e+01  -6.1671100e-01  -1.0000000e+00
   2.0000000e+02   1.5932000e+01  -3.8548200e+00  -1.0000000e+00
   2.0100000e+02  -7.9409600e-01  -9.8724000e+00  -1.0000000e+00
   2.0200000e+02   7.4947200e+00   4.0182100e+00  -1.0000000e+00
   2.0300000e+02   1.5466500e+01  -1.0143700e+01  -1.0000000e+00
   2.0400000e+02   1.4808200e+01   5.5987100e+00  -1.0000000e+00
   2.0500000e+02  -8.2489400e+00  -8.2865800e+00   1.0000000e+00
   2.0600000e+02   5.0259700e+00  -5.1515800e+00  -1.0000000e+00
   2.0700000e+02   7.3428800e+00   1.9565600e+00  -1.0000000e+00
   2.0800000e+02  -1.7953700e+00  -1.8060200e+01  -1.0000000e+00
   2.0900000e+02  -2.3338100e+00  -6.6219000e+00  -1.0000000e+00
   2.1000000e+02   8.9566500e+00  -1.2670800e+00  -1.0000000e+00
   2.1100000e+02   9.5058000e+00   6.9877000e+00  -1.0000000e+00
   2.1200000e+02   3.2665000e-01  -1.7226300e+01  -1.0000000e+00
   2.1300000e+02  -1.1699200e+01   1.0180200e+01   1.0000000e+00
   2.1400000e+02   7.7013100e+00  -1.5844700e+01  -1.0000000e+00
   2.1500000e+02   5.9107900e+00   7.2851300e+00  -1.0000000e+00
   2.1600000e+02  -1.5447500e+01   5.1555100e+00   1.0000000e+00
   2.1700000e+02   8.4189900e+00  -7.4927900e+00  -1.0000000e+00
   2.1800000e+02   1.2417100e+00  -6.9384200e+00  -1.0000000e+00
   2.1900000e+02  -1.7310600e+01  -6.1591900e+00   1.0000000e+00
   2.2000000e+02  -1.4950900e+01  -3.4766500e-01   1.0000000e+00
   2.2100000e+02  -5.9294200e+00   5.8540200e+00   1.0000000e+00
   2.2200000e+02  -7.2139700e+00  -1.5794400e+01  -1.0000000e+00
   2.2300000e+02   3.6434700e+00   1.6578900e-01  -1.0000000e+00
   2.2400000e+02  -7.2752300e+00  -6.1228900e+00   1.0000000e+00
   2.2500000e+02  -1.1868200e+00  -1.3966700e+01  -1.0000000e+00
   2.2600000e+02  -1.0872800e+01  -1.4333400e+01   1.0000000e+00
   2.2700000e+02  -3.5817300e+00   6.9184000e-01  -1.0000000e+00
   2.2800000e+02  -1.2458700e+01   1.2120800e+01   1.0000000e+00
   2.2900000e+02   1.7693000e+01  -5.0845500e+00  -1.0000000e+00
   2.3000000e+02  -7.5717800e+00   9.7386500e+00   1.0000000e+00
   2.3100000e+02   1.4721600e+01   3.5315100e+00  -1.0000000e+00
   2.3200000e+02   3.7330100e+00   1.6611300e+01  -1.0000000e+00
   2.3300000e+02   1.0289900e+01  -6.6098900e+00  -1.0000000e+00
   2.3400000e+02  -5.4359200e+00  -1.8391600e-01   1.0000000e+00
   2.3500000e+02   1.6778000e+01   8.6405100e+00  -1.0000000e+00
   2.3600000e+02  -1.2113700e+01  -3.3877800e+00   1.0000000e+00
   2.3700000e+02   1.7110900e+00   1.7704600e+01  -1.0000000e+00
   2.3800000e+02   8.5947100e+00  -5.3973500e+00  -1.0000000e+00
   2.3900000e+02   4.5093400e+00  -1.1331000e+01  -1.0000000e+00
   2.4000000e+02   4.4334100e+00   1.4657300e+01  -1.0000000e+00
   2.4100000e+02  -8.8181900e+00  -1.4063600e+01   1.0000000e+00
   2.4200000e+02  -3.1756200e+00  -1.4683100e+01  -1.0000000e+00
   2.4300000e+02  -9.5725200e+00  -6.6819900e+00   1.0000000e+00
   2.4400000e+02  -3.9267700e+00  -3.4236300e+00  -1.0000000e+00
   2.4500000e+02   1.6170800e+01  -1.8152900e+00  -1.0000000e+00
   2.4600000e+02  -4.8872300e+00   1.3097200e+01   1.0000000e+00
   2.4700000e+02  -4.2024300e+00  -7.5350000e+00  -1.0000000e+00
   2.4800000e+02  -1.3646300e+00   5.7009700e+00  -1.0000000e+00
   2.4900000e+02  -1.4218400e+01  -3.7492200e+00   1.0000000e+00
   2.5000000e+02  -5.5476700e+00   1.5063600e+01   1.0000000e+00
   2.5100000e+02  -1.6433700e+01  -4.2486300e+00   1.0000000e+00
   2.5200000e+02  -6.3527900e+00   1.6980000e+01   1.0000000e+00
   2.5300000e+02   1.8756400e+00   1.3113300e+00  -1.0000000e+00
   2.5400000e+02  -1.2972400e+01   8.4807500e+00   1.0000000e+00
   2.5500000e+02  -1.4218800e+01   6.7982800e+00   1.0000000e+00
   2.5600000e+02   6.0376400e+00   9.3460500e+00  -1.0000000e+00
   2.5700000e+02  -9.6344900e+00   9.9095200e+00   1.0000000e+00
   2.5800000e+02  -1.1796300e+01   1.5890600e+01   1.0000000e+00
   2.5900000e+02   1.7581100e+00  -7.4534000e-01  -1.0000000e+00
   2.6000000e+02   3.9381700e+00  -1.7677700e+01  -1.0000000e+00
   2.6100000e+02  -4.9104400e+00  -9.4770000e+00  -1.0000000e+00
   2.6200000e+02  -1.0095800e+01   6.3249000e+00   1.0000000e+00
   2.6300000e+02  -8.9761700e+00  -1.0234600e+01   1.0000000e+00
   2.6400000e+02   7.6460100e+00   6.0741100e+00  -1.0000000e+00
   2.6500000e+02  -1.3470700e-01  -1.6224700e+00  -1.0000000e+00
   2.6600000e+02  -2.8440400e+00  -1.2657900e+01  -1.0000000e+00
   2.6700000e+02  -1.1706000e+01   9.1593200e-01   1.0000000e+00
   2.6800000e+02  -4.1147800e+00  -5.4772500e+00  -1.0000000e+00
   2.6900000e+02   1.8532300e+01   2.7703800e+00  -1.0000000e+00
   2.7000000e+02  -7.6653400e+00   1.5339400e+01   1.0000000e+00
   2.7100000e+02   9.1870800e+00   2.8528600e+00  -1.0000000e+00
   2.7200000e+02  -9.2839000e+00  -1.6074300e+01   1.0000000e+00
   2.7300000e+02  -1.5788500e+01   1.5855200e+00   1.0000000e+00
   2.7400000e+02  -5.2974100e+00   1.9053500e+00   1.0000000e+00
   2.7500000e+02  -6.9966800e-02  -1.9245300e+01  -1.0000000e+00
   2.7600000e+02  -1.3773600e+01   1.0375800e+01   1.0000000e+00
   2.7700000e+02   1.4546800e+01   1.4410300e+00  -1.0000000e+00
   2.7800000e+02  -8.8173700e+00  -4.7504900e+00   1.0000000e+00
   2.7900000e+02   9.8072000e+00   1.3303500e+01  -1.0000000e+00
   2.8000000e+02  -1.0501300e+01   2.7776400e+00   1.0000000e+00
   2.8100000e+02   1.0821400e+01  -3.5410900e-01  -1.0000000e+00
   2.8200000e+02  -1.6660500e+01   3.4672000e+00   1.0000000e+00
   2.8300000e+02   5.5871200e+00   1.7512600e+01  -1.0000000e+00
   2.8400000e+02   3.3578600e-01   4.5524900e+00  -1.0000000e+00
   2.8500000e+02   6.2044600e+00  -1.2519600e+01  -1.0000000e+00
   2.8600000e+02   1.3760400e+01  -8.9831900e+00  -1.0000000e+00
   2.8700000e+02   4.6604000e+00  -9.2748700e+00  -1.0000000e+00
   2.8800000e+02   1.6323300e+01   2.3123300e-01  -1.0000000e+00
   2.8900000e+02  -7.9809500e+00   6.1020500e+00   1.0000000e+00
   2.9000000e+02  -8.8818700e+00   7.9868000e+00   1.0000000e+00
   2.9100000e+02  -9.6347000e+00   8.8607100e-01   1.0000000e+00
   2.9200000e+02  -1.4191800e+00   8.7924000e+00  -1.0000000e+00
   2.9300000e+02   3.3152600e+00  -4.0043500e+00  -1.0000000e+00
   2.9400000e+02   6.4090900e+00  -1.0427500e+01  -1.0000000e+00
   2.9500000e+02   4.1897200e+00   8.4428900e+00  -1.0000000e+00
   2.9600000e+02  -1.4988600e+01  -5.7171200e+00   1.0000000e+00
   2.9700000e+02   5.3373700e+00  -1.0246400e+00  -1.0000000e+00
   2.9800000e+02   1.7863300e+01  -3.0080500e+00  -1.0000000e+00
   2.9900000e+02  -1.5820900e+01  -7.6088100e+00   1.0000000e+00
