   0.0000000e+00  -3.3680300e+00   5.6194000e-01   2.2028600e+01   1.0000000e+00
   1.0000000e+00   1.6094000e+01  -6.2911200e-01   5.7383000e+01  -2.0000000e+00
   2.0000000e+00   1.4260400e+01  -1.6346700e+00   5.8168200e+01   2.0000000e+00
   3.0000000e+00  -2.9953600e+00  -1.0339200e+01   2.0792800e+01   1.0000000e+00
   4.0000000e+00   6.5717900e+00  -9.6158200e+00   2.3946200e+01  -3.0000000e+00
   5.0000000e+00  -4.6582200e+00  -1.0469600e+00   2.0773500e+01   1.0000000e+00
   6.0000000e+00  -3.1852300e+00  -4.8881000e+00   2.0901300e+01   1.0000000e+00
   7.0000000e+00  -1.5316200e+01  -8.3352300e+00   2.0923200e+01  -2.0000000e+00
   8.0000000e+00  -5.4219800e+00   8.8718500e-01   2.0425600e+01   1.0000000e+00
   9.0000000e+00  -5.7556600e-01  -1.6283400e+00   2.0416600e+01  -3.0000000e+00
   1.0000000e+01  -4.6835400e+00   1.5430000e+01   1.7897600e+01  -2.0000000e+00
   1.1000000e+01   8.8791200e+00  -3.7925100e-01   5.8157100e+01   2.0000000e+00
   1.2000000e+01  -3.3249200e-02   1.2551500e+01   2.8814500e+01  -3.0000000e+00
   1.3000000e+01  -7.1109600e+00  -9.6979900e+00   2.0861100e+01   1.0000000e+00
   1.4000000e+01  -1.3294100e+01  -8.6637500e+00   2.0786000e+01   1.0000000e+00
   1.5000000e+01  -1.0291100e+01   9.1089900e+00   1.9271200e+01   1.0000000e+00
   1.6000000e+01  -8.0620100e+00  -2.2943000e+00   2.0463100e+01   1.0000000e+00
   1.7000000e+01  -1.7621600e+01  -2.4568000e+00   2.0711500e+01  -1.0000000e+00
   1.8000000e+01   1.2304700e+01  -4.6922900e+00   5.6724800e+01   2.0000000e+00
   1.9000000e+01   3.6072000e+00   6.9731400e+00   5.8493500e+01   2.0000000e+00
   2.0000000e+01   2.5342100e+00   1.7182900e+01   1.9380800e+01  -2.0000000e+00
   2.1000000e+01  -2.6689900e+00   1.4958300e+01   1.7967800e+01   1.0000000e+00
   2.2000000e+01  -1.3122600e+01  -1.4169500e+01   2.0801100e+01  -1.0000000e+00
   2.3000000e+01  -1.2526000e+01  -1.0598100e+01   2.0748100e+01   1.0000000e+00
   2.4000000e+01   1.0062700e+01  -1.1881500e+01   5.4907500e+01   2.0000000e+00
   2.5000000e+01   1.8012100e+01   2.4469200e+00   5.8936100e+01  -1.0000000e+00
   2.6000000e+01  -1.4200200e+01  -1.1903900e+00   2.0700500e+01   1.0000000e+00
   2.7000000e+01   4.2827000e+00  -1.8715800e+01   2.2636700e+01  -1.0000000e+00
   2.8000000e+01   1.0700300e+01   2.6383000e+00   2.8611100e+01   2.0000000e+00
   2.9000000e+01   3.6516200e+00   9.0282700e+00   7.0110700e+01  -3.0000000e+00
   3.0000000e+01  -1.6877900e+01  -4.3770100e+00   5.5882200e+00  -1.0000000e+00
   3.1000000e+01  -1.2319800e+01   9.4481500e+00   1.9882400e+01   1.0000000e+00
   3.2000000e+01  -7.8746500e+00  -7.7347200e+00   2.0830700e+01   1.0000000e+00
   3.3000000e+01   8.8017700e+00  -2.4500200e+00   5.7757000e+01   2.0000000e+00
   3.4000000e+01  -8.8833900e+00   1.0689300e+01   1.8623900e+01   1.0000000e+00
   3.5000000e+01  -2.0314200e+00   7.4869700e+00   3.0585700e+01  -3.0000000e+00
   3.6000000e+01   4.2884200e+00  -4.2548100e+00   3.8294200e+01  -3.0000000e+00
   3.7000000e+01   2.1312800e+00  -1.8378500e+01   2.1867500e+01  -1.0000000e+00
   3.8000000e+01  -1.3673800e+01   2.3396700e+00   2.0166000e+01   1.0000000e+00
   3.9000000e+01   3.9816900e+00  -1.3207200e+01   2.0869000e+01   1.0000000e+00
   4.0000000e+01   1.4629400e+01   1.0803500e+01   2.8458000e+01  -1.0000000e+00
   4.1000000e+01  -1.1968700e+01  -7.0840700e+00   2.0903400e+01   1.0000000e+00
   4.2000000e+01   1.0776300e+01   4.7357800e+00   5.8304700e+01   2.0000000e+00
   4.3000000e+01  -7.5667600e+00   6.7492200e+00   1.9605300e+01   1.0000000e+00
   4.4000000e+01  -6.7571300e+00  -6.8023600e-01   2.0351600e+01   1.0000000e+00
   4.5000000e+01   1.5650400e+01  -9.0952400e+00   5.6824400e+01  -1.0000000e+00
   4.6000000e+01   4.9785200e+00   1.6215400e+01   7.5883100e+00  -2.0000000e+00
   4.7000000e+01  -1.6789100e+00   1.8554300e+01   1.4389100e+01  -1.0000000e+00
   4.8000000e+01   1.2425100e+01  -2.6096600e+00   5.7592800e+01   2.0000000e+00
   4.9000000e+01  -1.4775600e+01  -4.7427300e+00   2.0304500e+01  -2.0000000e+00
   5.0000000e+01  -8.7728800e+00  -3.3685000e-01   2.0131900e+01   1.0000000e+00
   5.1000000e+01  -1.1094300e+01  -1.4485300e+01   2.0541100e+01  -1.0000000e+00
   5.2000000e+01  -7.3053000e+00  -4.2176200e+00   2.0752400e+01   1.0000000e+00
   5.3000000e+01  -8.2380500e+00  -1.6878700e+01   2.0794400e+01  -1.0000000e+00
   5.4000000e+01  -3.3879900e+00   1.1421700e+01   1.9092700e+01   1.0000000e+00
   5.5000000e+01  -2.7176000e+00   9.4332600e+00   1.8948900e+01   1.0000000e+00
   5.6000000e+01   1.2546600e+01   3.6491000e+00   5.8602500e+01   2.0000000e+00
   5.7000000e+01  -4.7309200e+00   9.8488400e+00   1.8348000e+01   1.0000000e+00
   5.8000000e+01  -5.4834500e+00   6.3822000e+00   1.8944500e+01   1.0000000e+00
   5.9000000e+01  -1.2586300e-01   2.9201100e+00   4.4100600e+01  -3.0000000e+00
   6.0000000e+01  -5.6028300e+00  -1.3571600e+01   2.1046000e+01   1.0000000e+00
   6.1000000e+01  -6.1929300e+00   8.3135900e+00   1.8650700e+01   1.0000000e+00
   6.2000000e+01   7.7247800e+00  -1.4876700e+01   5.4542900e+01  -2.0000000e+00
   6.3000000e+01   7.3131200e+00   8.9792200e+00   5.9080900e+01   2.0000000e+00
   6.4000000e+01   1.7786300e+01  -3.8640900e+00   7.2353700e+01  -1.0000000e+00
   6.5000000e+01  -2.6143400e+00  -1.3506600e+00   2.1397200e+01   1.0000000e+00
   6.6000000e+01   1.4465300e+01   6.6771300e+00   5.8857200e+01  -2.0000000e+00
   6.7000000e+01   1.2792300e+01   9.8865400e+00   2.8370400e+01  -2.0000000e+00
   6.8000000e+01  -1.2311900e+00   3.7050700e-01   9.5278600e+00  -3.0000000e+00
   6.9000000e+01  -1.5525600e+01  -2.7856400e+00   2.0553400e+01  -2.0000000e+00
   7.0000000e+01   3.6875000e+00   1.3128600e+01   5.0876200e+00  -3.0000000e+00
   7.1000000e+01   4.5198700e+00  -9.6899300e+00   1.3356100e+01  -3.0000000e+00
   7.2000000e+01   8.8184100e-01  -5.5260700e+00   2.0643400e+01   1.0000000e+00
   7.3000000e+01   1.2185700e+01  -6.8207500e+00   5.6739000e+01   2.0000000e+00
   7.4000000e+01  -1.6930200e+00  -8.7367100e+00   2.1085800e+01   1.0000000e+00
   7.5000000e+01   1.4022300e+01  -5.8469700e+00   5.7028700e+01   2.0000000e+00
   7.6000000e+01  -1.0229900e+01   3.5775500e+00   2.0352000e+01   1.0000000e+00
   7.7000000e+01  -1.5006500e+01   7.5281900e-01   2.0914700e+01  -2.0000000e+00
   7.8000000e+01  -6.8547900e+00   4.8066700e+00   1.9728500e+01   1.0000000e+00
   7.9000000e+01   3.7764700e+00   1.1072500e+01   2.4293900e+01  -3.0000000e+00
   8.0000000e+01   5.3028200e+00   1.7799100e+00   5.9244100e+01   2.0000000e+00
   8.1000000e+01   1.5925200e+01  -4.8055900e+00   5.6829800e+01  -2.0000000e+00
   8.2000000e+01   1.2605600e+01   5.7027100e+00   5.8208700e+01   2.0000000e+00
   8.3000000e+01  -1.2871800e+01   3.9504900e-01   2.0372400e+01   1.0000000e+00
   8.4000000e+01  -9.6498700e-01  -1.0718700e+01   2.1073700e+01   1.0000000e+00
   8.5000000e+01  -9.4751500e+00   1.6016500e+00   2.0270100e+01   1.0000000e+00
   8.6000000e+01  -7.6987700e+00  -1.3218500e+01   2.1268800e+01   1.0000000e+00
   8.7000000e+01  -6.1043900e+00   1.3800100e+01   1.8550100e+01   1.0000000e+00
   8.8000000e+01   1.4329800e+01   4.4914000e-01   5.8315500e+01   2.0000000e+00
   8.9000000e+01  -1.1596500e+01   1.3068800e+01   1.8432500e+01  -2.0000000e+00
   9.0000000e+01   6.8949000e+00  -5.4700900e+00   6.6970600e+01  -3.0000000e+00
   9.1000000e+01   7.0708400e+00   7.2465000e-01   5.8817000e+01   2.0000000e+00
   9.2000000e+01   4.9635700e+00  -6.2068900e+00   2.0561300e+01  -3.0000000e+00
   9.3000000e+01  -8.7967100e+00   1.6156100e+01   3.3643300e+01  -1.0000000e+00
   9.4000000e+01   4.3177500e+00   1.8222500e+01   9.2301400e+00  -1.0000000e+00
   9.5000000e+01  -8.1690500e+00   1.4185100e+01   1.8486600e+01  -2.0000000e+00
   9.6000000e+01   3.2775700e-01  -9.0602500e+00   2.1010700e+01   1.0000000e+00
   9.7000000e+01   2.6538900e+00  -1.4818500e+01   2.1559400e+01   1.0000000e+00
   9.8000000e+01  -2.2689000e+00  -1.2327700e+01   2.0842300e+01   1.0000000e+00
   9.9000000e+01  -6.3814300e+00  -1.1631300e+01   2.0955400e+01   1.0000000e+00
   1.0000000e+02   6.9897500e+00   1.7253800e+01   4.9872600e+00  -1.0000000e+00
   1.0100000e+02   1.8884000e+00  -1.2920600e+01   2.2157600e+01   1.0000000e+00
   1.0200000e+02  -1.0966500e+01   1.1096300e+01   1.9237100e+01   1.0000000e+00
   1.0300000e+02   4.7197800e+00  -1.5130700e+01   2.1316700e+01  -2.0000000e+00
   1.0400000e+02  -4.5010400e+00  -6.4697900e+00   2.0719100e+01   1.0000000e+00
   1.0500000e+02   1.0905300e+01   1.5220400e+01  -3.8213300e-01  -1.0000000e+00
   1.0600000e+02   7.3281700e+00   1.3154600e+01   2.9628800e+01   2.0000000e+00
   1.0700000e+02  -1.4015100e+01  -6.7342400e+00   2.0600100e+01   1.0000000e+00
   1.0800000e+02   1.4529200e+01   8.7452900e+00   5.7725100e+01  -2.0000000e+00
   1.0900000e+02  -1.1420900e+01  -3.5223400e+00   2.0433000e+01   1.0000000e+00
   1.1000000e+02  -9.1529200e+00  -9.3423600e+00   2.0717700e+01   1.0000000e+00
   1.1100000e+02   5.4831000e+00   1.4177800e+01   4.0643000e+00  -3.0000000e+00
   1.1200000e+02  -4.0942100e-01  -7.1295000e+00   2.1101000e+01   1.0000000e+00
   1.1300000e+02  -1.0110000e+01  -1.9179000e+00   2.0293700e+01   1.0000000e+00
   1.1400000e+02  -1.5917800e+01  -1.1843000e+01   2.0403100e+01  -1.0000000e+00
   1.1500000e+02   1.3928900e+01  -7.9415000e+00   5.6950400e+01  -2.0000000e+00
   1.1600000e+02   5.4887300e+00   7.9684300e+00   5.8772700e+01   2.0000000e+00
   1.1700000e+02   1.4552200e+01   1.2969700e+01  -1.7072300e-01  -1.0000000e+00
   1.1800000e+02  -1.4355200e+01   4.2947300e+00   1.9800800e+01  -2.0000000e+00
   1.1900000e+02   5.1672900e+00  -2.3795800e+00   5.4211800e+01  -3.0000000e+00
   1.2000000e+02   8.9669500e+00   3.7475400e+00   5.7989900e+01   2.0000000e+00
   1.2100000e+02   3.4882200e+00   2.8262500e+00   5.8768800e+01   2.0000000e+00
   1.2200000e+02   9.0246800e+00   5.8175100e+00   5.8437400e+01   2.0000000e+00
   1.2300000e+02  -1.0681800e+01  -5.4672200e+00   2.0818400e+01   1.0000000e+00
   1.2400000e+02  -1.3842700e+01  -1.2190500e+01   8.3719300e+00  -2.0000000e+00
   1.2500000e+02   7.6020100e+00  -1.6974300e+01   6.8556200e+01  -1.0000000e+00
   1.2600000e+02   8.6080100e+00  -6.5823800e+00   5.5883500e+01   2.0000000e+00
   1.2700000e+02   3.2496400e-02  -1.8137800e+01   2.1484900e+01  -1.0000000e+00
   1.2800000e+02  -6.2505800e-01   9.0581700e+00   1.3826400e+01  -3.0000000e+00
   1.2900000e+02   7.2044300e+00   4.8379400e+00   5.8284200e+01   2.0000000e+00
   1.3000000e+02   1.7624500e+01  -6.0234100e+00   7.0947400e+01  -1.0000000e+00
   1.3100000e+02  -2.0673700e+00   2.2514400e+00   1.2028800e+01  -3.0000000e+00
   1.3200000e+02  -1.4239500e-02   7.0709500e+00   3.0229400e+01  -3.0000000e+00
   1.3300000e+02   1.2685600e+01   7.7699000e+00   5.7836000e+01   2.0000000e+00
   1.3400000e+02   1.5746500e+01  -6.9925800e+00   5.6750400e+01  -2.0000000e+00
   1.3500000e+02  -8.9054400e+00   5.1641200e+00   1.9768600e+01   1.0000000e+00
   1.3600000e+02  -5.2514300e+00  -4.5710600e+00   2.0844400e+01   1.0000000e+00
   1.3700000e+02  -6.2139500e-01   1.4572200e+01   1.6975200e+01   1.0000000e+00
   1.3800000e+02   1.2758700e+01   1.4054800e+01   4.3928800e+01  -1.0000000e+00
   1.3900000e+02   9.1075800e+00   9.9798900e+00   5.8618800e+01   2.0000000e+00
   1.4000000e+02   7.3314200e+00   1.5230100e+01   3.3104200e+01  -2.0000000e+00
   1.4100000e+02   1.6189100e+00  -7.4603700e+00   2.0766200e+01   1.0000000e+00
   1.4200000e+02  -3.4117600e+00   5.9407900e+00   2.2358200e+01  -3.0000000e+00
   1.4300000e+02  -6.8381200e+00   1.0298100e+01   1.8294700e+01   1.0000000e+00
   1.4400000e+02  -7.4299500e+00   1.7744300e+01   1.9912700e+01  -1.0000000e+00
   1.4500000e+02   9.5629700e+00  -1.5994900e+01   5.5630800e+01  -1.0000000e+00
   1.4600000e+02   1.4369300e+00  -1.9830300e+00   1.4455700e+01  -3.0000000e+00
   1.4700000e+02   1.0440700e+01  -5.6339800e+00   5.6579500e+01   2.0000000e+00
   1.4800000e+02  -8.6113500e+00  -5.8135500e+00   2.0749100e+01   1.0000000e+00
   1.4900000e+02   1.7897800e+00   8.0619700e+00   3.3183800e+01  -3.0000000e+00
   1.5000000e+02   1.1904600e+01  -1.0951500e+01   5.6269800e+01  -2.0000000e+00
   1.5100000e+02  -1.2468700e+00   1.6523700e+01   1.5737600e+01  -2.0000000e+00
   1.5200000e+02   3.5395200e+00   4.9057100e+00   5.8272300e+01   2.0000000e+00
   1.5300000e+02  -1.6121700e+01  -6.3059000e+00   2.0552500e+01  -2.0000000e+00
   1.5400000e+02   9.0945500e+00   1.6406500e+01   2.4524300e+00  -1.0000000e+00
   1.5500000e+02  -8.2538000e+00   8.6831600e+00   1.8863800e+01   1.0000000e+00
   1.5600000e+02  -8.4367300e+00  -1.1303200e+01   2.0279700e+01   1.0000000e+00
   1.5700000e+02   1.0647000e+01  -1.4842800e+00   5.7713000e+01   2.0000000e+00
   1.5800000e+02   6.5626900e+00  -7.5089400e+00   1.8944200e+01  -3.0000000e+00
   1.5900000e+02   3.4292600e+00  -1.6765400e+01   2.1913700e+01  -2.0000000e+00
   1.6000000e+02  -1.2986500e+01   5.8623200e+00   1.9955500e+01   1.0000000e+00
   1.6100000e+02  -1.4583300e+01  -1.0253800e+01   2.0643200e+01  -2.0000000e+00
   1.6200000e+02   1.4389600e+01   2.5344000e+00   5.8593600e+01   2.0000000e+00
   1.6300000e+02  -1.1488000e+00  -5.2033900e+00   2.0948400e+01   1.0000000e+00
   1.6400000e+02  -1.2184800e+01   1.5060900e+01   1.7158300e+01  -1.0000000e+00
   1.6500000e+02   9.1596300e+00   1.2039400e+01   2.8863500e+01   2.0000000e+00
   1.6600000e+02   1.0189800e+01  -9.8020800e+00   5.6291600e+01   2.0000000e+00
   1.6700000e+02   7.8426300e-01  -6.0616600e-03   3.8119400e+01  -3.0000000e+00
   1.6800000e+02  -7.4579000e+00   1.2515200e+00   2.0127900e+01   1.0000000e+00
   1.6900000e+02   9.1445600e+00   1.4118500e+01  -4.8828400e-02  -2.0000000e+00
   1.7000000e+02  -1.3717700e+01   1.3404700e+01   1.9305400e+01  -1.0000000e+00
   1.7100000e+02  -7.0444600e-01  -1.6174100e+01   2.1293300e+01  -2.0000000e+00
   1.7200000e+02   5.2646700e+00  -2.8404900e-01   5.8971100e+01  -3.0000000e+00
   1.7300000e+02   5.5381700e+00   1.0024500e+01   5.9118700e+01   2.0000000e+00
   1.7400000e+02  -5.8252600e+00  -8.0810000e+00   2.0893100e+01   1.0000000e+00
   1.7500000e+02  -2.0084700e+00  -1.7785600e+01   2.1345700e+01  -1.0000000e+00
   1.7600000e+02   1.0323600e+01  -7.7414000e+00   5.5991000e+01   2.0000000e+00
   1.7700000e+02   4.2628500e-01   1.8045800e+01   1.1864100e+01  -1.0000000e+00
   1.7800000e+02   1.7957700e+01   2.8183400e-01   7.1861200e+01  -1.0000000e+00
   1.7900000e+02   1.3625000e+01  -1.2085700e+01   5.6517500e+01  -1.0000000e+00
   1.8000000e+02  -3.9273900e+00  -2.9742500e+00   2.0880600e+01   1.0000000e+00
   1.8100000e+02  -1.8812700e+00  -3.2771900e+00   2.1150900e+01   1.0000000e+00
   1.8200000e+02   8.8930700e+00   1.6799300e+00   5.8415400e+01   2.0000000e+00
   1.8300000e+02  -1.6444000e+01   4.6199400e+00   2.0563800e+01  -1.0000000e+00
   1.8400000e+02   1.0606600e+00  -1.1004200e+01   2.1979600e+01   1.0000000e+00
   1.8500000e+02  -9.9293000e+00  -7.3955800e+00   2.0978600e+01   1.0000000e+00
   1.8600000e+02   1.0584400e+01  -3.5558800e+00   5.7185800e+01   2.0000000e+00
   1.8700000e+02  -4.0730200e+00   1.3358600e+01   1.8476900e+01   1.0000000e+00
   1.8800000e+02  -1.5768200e+01   8.1641400e+00   4.2074600e+00  -1.0000000e+00
   1.8900000e+02  -1.4688200e+00  -1.4275800e+01   2.1508800e+01   1.0000000e+00
   1.9000000e+02  -1.2161600e+01  -1.5685400e+00   2.0240500e+01   1.0000000e+00
   1.9100000e+02   5.3226200e+00   3.8289900e+00   5.8674000e+01   2.0000000e+00
   1.9200000e+02  -4.8097700e+00   4.4199200e+00   1.9171600e+01  -3.0000000e+00
   1.9300000e+02  -1.1240300e+01  -8.9953100e+00   2.0963100e+01   1.0000000e+00
   1.9400000e+02  -8.9446800e+00  -1.4876000e+01   9.2041100e+00  -2.0000000e+00
   1.9500000e+02   1.6301200e+01   7.6640400e+00   2.4150100e-01  -1.0000000e+00
   1.9600000e+02  -1.0175400e+01   1.4626800e+01   2.9549700e+01  -2.0000000e+00
   1.9700000e+02   9.0708100e+00   7.9133500e+00   5.8501600e+01   2.0000000e+00
   1.9800000e+02  -1.7041800e+01   1.0697000e+00   2.0915400e+01  -1.0000000e+00
   1.9900000e+02   1.6439800e+01   5.6068800e+00   2.8917200e+01  -1.0000000e+00
   2.0000000e+02  -6.7753400e+00   1.5787300e+01   1.9102600e+01  -2.0000000e+00
   2.0100000e+02  -4.0992500e+00   7.8983000e+00   1.8406500e+01   1.0000000e+00
   2.0200000e+02   7.0329700e+00  -1.3383900e+00   5.8426600e+01   2.0000000e+00
   2.0300000e+02   5.5003400e+00  -1.1520200e+01   2.3330900e+01  -3.0000000e+00
   2.0400000e+02  -1.2752900e+01  -5.0890200e+00   2.0623700e+01   1.0000000e+00
   2.0500000e+02   1.1755200e+01  -1.3060600e+01   6.7042700e+01  -2.0000000e+00
   2.0600000e+02   6.0613000e+00  -1.3530100e+01   1.9776600e+01  -3.0000000e+00
   2.0700000e+02  -2.7939600e+00  -1.5835600e+01   2.1427900e+01  -2.0000000e+00
   2.0800000e+02   7.0945300e+00   2.7810800e+00   5.8450100e+01   2.0000000e+00
   2.0900000e+02  -1.5696100e+01   2.6933100e+00   2.0253500e+01  -2.0000000e+00
   2.1000000e+02   1.7010600e+00   3.9285100e+00   5.8451800e+01   2.0000000e+00
   2.1100000e+02  -1.3462300e+01  -3.1622200e+00   2.0239600e+01   1.0000000e+00
   2.1200000e+02   1.3866900e+00   1.4049100e+01   1.2267200e+01  -3.0000000e+00
   2.1300000e+02  -6.8999300e+00  -1.5199600e+01   2.1098800e+01  -2.0000000e+00
   2.1400000e+02  -9.5870300e+00   7.1269900e+00   1.9624700e+01   1.0000000e+00
   2.1500000e+02   7.3306200e+00   1.1049500e+01   2.9293900e+01   2.0000000e+00
   2.1600000e+02   1.5872000e-01  -3.5988900e+00   2.1158000e+01   1.0000000e+00
   2.1700000e+02   5.5185500e+00  -1.7064500e+01   2.4990300e+01  -1.0000000e+00
   2.1800000e+02   1.7491200e+01  -8.1461800e+00   5.6735400e+01  -1.0000000e+00
   2.1900000e+02   2.2763900e+00  -3.8803900e+00   8.7170100e+00  -3.0000000e+00
   2.2000000e+02   1.6208900e+01   1.4324100e+00   5.8128800e+01  -2.0000000e+00
   2.2100000e+02  -3.2948900e+00   1.6953200e+01   2.8848700e+01  -2.0000000e+00
   2.2200000e+02  -9.7845100e+00  -1.2879400e+01   2.0671200e+01  -2.0000000e+00
   2.2300000e+02   5.5479500e+00   1.2118900e+01   3.0474900e+01   2.0000000e+00
   2.2400000e+02   1.1489500e+01  -1.5199100e+01   5.3169300e+01  -1.0000000e+00
   2.2500000e+02   1.0929600e+01   1.0941300e+01   5.9013400e+01   2.0000000e+00
   2.2600000e+02   1.3632200e+00  -1.6452700e+01   2.1683600e+01  -2.0000000e+00
   2.2700000e+02   1.0892000e+01   8.8761000e+00   5.8262500e+01   2.0000000e+00
   2.2800000e+02  -1.3781900e+00   1.0999200e+01   1.9244900e+01  -3.0000000e+00
   2.2900000e+02   1.0717800e+01   5.7492300e-01   2.8334500e+01   2.0000000e+00
   2.3000000e+02  -1.3697900e+01   7.8212300e+00   1.9692900e+01  -2.0000000e+00
   2.3100000e+02   1.7820700e+01  -1.7694000e+00   7.2493500e+01  -1.0000000e+00
   2.3200000e+02   6.1784700e-01  -1.4534500e+01   2.2058300e+01   1.0000000e+00
   2.3300000e+02  -6.5593300e+00  -6.1560000e+00   2.0741700e+01   1.0000000e+00
   2.3400000e+02  -9.5732000e+00   1.2627400e+01   1.8243000e+01   1.0000000e+00
   2.3500000e+02   8.3269400e+00  -1.0712900e+01   5.6129700e+01  -3.0000000e+00
   2.3600000e+02  -1.4339700e+01   9.7865600e+00   3.1164600e+01  -2.0000000e+00
   2.3700000e+02  -7.4922200e+00   1.2251000e+01   1.8652700e+01   1.0000000e+00
   2.3800000e+02   1.6583300e+00   1.8481700e+00   5.3904600e+01  -3.0000000e+00
   2.3900000e+02  -1.0473200e+01  -1.0933000e+01   2.0326000e+01   1.0000000e+00
   2.4000000e+02  -6.1772400e+00  -1.7186700e+01   2.1105100e+01  -1.0000000e+00
   2.4100000e+02  -6.0070000e+00  -2.6214500e+00   2.0654700e+01   1.0000000e+00
   2.4200000e+02  -1.2303000e+01   3.9090700e+00   1.9966600e+01   1.0000000e+00
   2.4300000e+02  -1.1649500e+01   7.4732200e+00   2.0121600e+01   1.0000000e+00
   2.4400000e+02   1.2545600e+01   1.5398800e+00   5.8740100e+01   2.0000000e+00
   2.4500000e+02  -8.5251800e-02   5.0170900e+00   6.8413800e+01  -3.0000000e+00
   2.4600000e+02  -1.0843900e+01   1.2408200e-02   1.9935800e+01   1.0000000e+00
   2.4700000e+02   3.1408800e+00   1.5137000e+01   8.4561600e+00  -3.0000000e+00
   2.4800000e+02  -2.4636100e+00  -6.8199500e+00   2.0904600e+01   1.0000000e+00
   2.4900000e+02   1.2490700e+01  -5.5750400e-01   5.8025800e+01   2.0000000e+00
   2.5000000e+02   1.6004500e+01  -2.7422700e+00   5.7852700e+01  -2.0000000e+00
   2.5100000e+02   6.9589100e+00  -3.4035800e+00   5.8363800e+01  -3.0000000e+00
   2.5200000e+02   1.4429700e+01   4.6209200e+00   5.8212900e+01  -2.0000000e+00
   2.5300000e+02  -4.8607600e+00  -1.5532200e+01   2.1340800e+01  -2.0000000e+00
   2.5400000e+02  -1.6418000e+01   1.0209700e+01  -1.1941600e+01  -1.0000000e+00
   2.5500000e+02   2.9254300e+00  -5.8649100e+00   2.0175800e+01  -3.0000000e+00
   2.5600000e+02   1.6226300e+01   3.5248700e+00   5.7900400e+01  -2.0000000e+00
   2.5700000e+02   3.4476500e+00   7.6500500e-01   5.8963800e+01  -3.0000000e+00
   2.5800000e+02   1.7724100e+00   5.9937000e+00   5.8443000e+01   2.0000000e+00
   2.5900000e+02  -1.6286600e+01  -8.7256900e-01   2.1187400e+01  -2.0000000e+00
   2.6000000e+02  -3.5764200e+00  -1.3905800e+01   2.0896000e+01   1.0000000e+00
   2.6100000e+02   1.4185600e+01  -3.7166400e+00   5.7490900e+01   2.0000000e+00
   2.6200000e+02  -1.5063800e+01   6.2260300e+00   1.9788600e+01  -2.0000000e+00
   2.6300000e+02  -1.0926400e+01   5.5447700e+00   2.0048000e+01   1.0000000e+00
   2.6400000e+02  -2.0419000e+00   1.3001700e+01   1.8491800e+01   1.0000000e+00
   2.6500000e+02   3.3910900e+00  -1.3298200e+00   5.6380400e+01  -3.0000000e+00
   2.6600000e+02   9.7480000e+00  -1.3940600e+01   5.4062100e+01  -2.0000000e+00
   2.6700000e+02  -6.1281300e+00   2.8304500e+00   1.9980500e+01   1.0000000e+00
   2.6800000e+02  -5.4429600e+00   1.1812200e+01   1.8549500e+01   1.0000000e+00
   2.6900000e+02   7.2612600e+00   6.9113100e+00   5.8718800e+01   2.0000000e+00
   2.7000000e+02   8.3801700e+00  -8.6222500e+00   5.6790700e+01   2.0000000e+00
   2.7100000e+02   1.2740700e+01   1.1981200e+01   2.9406100e+01  -2.0000000e+00
   2.7200000e+02   1.3790700e+01  -1.0021300e+01   6.8297800e+01  -2.0000000e+00
   2.7300000e+02  -4.1099200e+00   2.4847300e+00   9.0696900e+00  -3.0000000e+00
   2.7400000e+02  -5.0723200e+00  -1.0015100e+01   2.1182700e+01   1.0000000e+00
   2.7500000e+02   2.3565400e+00  -9.4016800e+00   2.1447200e+01   1.0000000e+00
   2.7600000e+02  -9.3849600e+00  -3.8573800e+00   2.0633900e+01   1.0000000e+00
   2.7700000e+02  -2.1137100e+00   4.3271300e+00  -9.1033600e+00  -3.0000000e+00
   2.7800000e+02  -8.1973200e+00   3.2243400e+00   2.0238700e+01   1.0000000e+00
   2.7900000e+02   8.1906800e-01   1.6025700e+01   1.1965400e+01  -2.0000000e+00
   2.8000000e+02   1.2053100e+01  -8.8995700e+00   5.6409900e+01   2.0000000e+00
   2.8100000e+02   3.1932600e+00  -1.1287500e+01   2.2432800e+01   1.0000000e+00
   2.8200000e+02   5.4139200e+00   5.8887600e+00   5.8443800e+01   2.0000000e+00
   2.8300000e+02  -1.9622600e-01  -1.2636900e+01   2.2233900e+01   1.0000000e+00
   2.8400000e+02  -1.2997300e+01   1.1393100e+01   2.0163800e+01  -2.0000000e+00
   2.8500000e+02  -1.1545200e+01   1.9815000e+00   2.0287200e+01   1.0000000e+00
   2.8600000e+02   8.0384600e+00  -1.2768300e+01   6.4767800e+01  -3.0000000e+00
   2.8700000e+02  -3.7795700e+00  -8.4156400e+00   2.1004300e+01   1.0000000e+00
   2.8800000e+02   8.7178300e+00  -4.5010300e+00   5.7366000e+01   2.0000000e+00
   2.8900000e+02   1.0974400e+01   1.3043100e+01   2.9606900e+01  -2.0000000e+00
   2.9000000e+02  -1.6649200e+01  -9.9110600e+00   6.0707000e+00  -1.0000000e+00
   2.9100000e+02  -4.3059700e+00  -1.1961400e+01   2.0840700e+01   1.0000000e+00
   2.9200000e+02  -1.7461200e+01  -8.0161500e+00   2.2221900e+01  -1.0000000e+00
   2.9300000e+02  -1.1820100e+01  -1.2546000e+01   2.0426900e+01  -2.0000000e+00
   2.9400000e+02   1.0825300e+01   6.8035000e+00   5.8151400e+01   2.0000000e+00
   2.9500000e+02   1.1878100e+00   1.0066300e+01   3.8073300e+01  -3.0000000e+00
   2.9600000e+02   1.9574900e+00   1.2012800e+01   2.6885400e+01  -3.0000000e+00
   2.9700000e+02  -4.0752000e+00  -1.7503000e+01   2.1962600e+01  -1.0000000e+00
   2.9800000e+02   3.6895300e+00  -7.8100000e+00   2.1454500e+01  -3.0000000e+00
   2.9900000e+02  -5.3098400e+00   1.7444800e+01   1.8508300e+01  -1.0000000e+00
