   0.0000000e+00   5.1550400e+00  -1.7153500e+00  -1.0000000e+00
   1.0000000e+00  -1.1227300e+00  -1.1958800e+01  -1.0000000e+00
   2.0000000e+00   6.9885600e-01  -1.2892900e+01  -1.0000000e+00
   3.0000000e+00   1.3422600e+01   1.9935400e+00  -1.0000000e+00
   4.0000000e+00  -1.0498200e+01   1.5338200e+01   1.0000000e+00
   5.0000000e+00   1.6726000e+01  -6.8805300e+00  -1.0000000e+00
   6.0000000e+00  -8.4472500e+00   8.4126000e+00   1.0000000e+00
   7.0000000e+00   7.0763100e+00   5.3858500e+00   1.0000000e+00
   8.0000000e+00   1.3235500e+01   1.1850200e+01   1.0000000e+00
   9.0000000e+00  -1.6339300e+01  -3.9444000e+00   1.0000000e+00
   1.0000000e+01   3.6871300e-01  -6.7035500e+00  -1.0000000e+00
   1.1000000e+01   5.5107100e-01   1.4865600e+01   1.0000000e+00
   1.2000000e+01  -1.1878900e+01   1.7650300e+00   1.0000000e+00
   1.3000000e+01  -9.9006800e+00   2.3091100e+00   1.0000000e+00
   1.4000000e+01   9.4748000e-01   1.7903200e+00   1.0000000e+00
   1.5000000e+01  -4.8252100e-01   3.2805600e+00   1.0000000e+00
   1.6000000e+01  -1.0944100e+01   1.3277200e+01   1.0000000e+00
   1.7000000e+01   2.3471200e+00  -9.6905500e+00  -1.0000000e+00
   1.8000000e+01  -1.4018200e+01  -1.1550100e+01  -1.0000000e+00
   1.9000000e+01   1.1184200e+01   5.6203400e+00  -1.0000000e+00
   2.0000000e+01  -1.2394200e+01  -4.3831200e+00   1.0000000e+00
   2.1000000e+01  -1.8131100e+01   7.1345400e+00   1.0000000e+00
   2.2000000e+01  -5.9222500e+00   3.5633200e+00   1.0000000e+00
   2.3000000e+01   1.3261200e+01   5.6577400e+00  -1.0000000e+00
   2.4000000e+01   1.1170800e+01   1.1424000e+01   1.0000000e+00
   2.5000000e+01  -5.4732100e+00   1.3069500e+01   1.0000000e+00
   2.6000000e+01  -5.1135700e+00  -6.0062200e+00  -1.0000000e+00
   2.7000000e+01   1.3462600e+01  -1.5745200e+00  -1.0000000e+00
   2.8000000e+01   1.5269400e+01   1.1476600e+01   1.0000000e+00
   2.9000000e+01  -1.6054100e+01   8.0276600e+00   1.0000000e+00
   3.0000000e+01   7.9065800e+00   7.3603800e+00   1.0000000e+00
   3.1000000e+01   1.0095000e+01   7.4585300e+00   1.0000000e+00
   3.2000000e+01   6.2153000e+00  -3.4888900e+00  -1.0000000e+00
   3.3000000e+01   1.5786000e+01  -1.2175000e+01  -1.0000000e+00
   3.4000000e+01   7.2568600e+00  -5.2742900e+00  -1.0000000e+00
   3.5000000e+01   9.1865700e-01  -1.7134900e+01  -1.0000000e+00
   3.6000000e+01  -1.0279500e+01  -9.4295400e+00  -1.0000000e+00
   3.7000000e+01  -1.0933100e+01   5.7797800e+00   1.0000000e+00
   3.8000000e+01   1.7795600e+01  -1.5228400e+00  -1.0000000e+00
   3.9000000e+01   1.5007500e+00   1.1414000e+01   1.0000000e+00
   4.0000000e+01  -7.9162600e-01  -1.8282200e+01  -1.0000000e+00
   4.1000000e+01  -1.2476800e+01   1.4702800e+01   1.0000000e+00
   4.2000000e+01   1.1451700e+01  -8.8047200e+00  -1.0000000e+00
   4.3000000e+01  -6.9482000e+00   6.9758400e+00   1.0000000e+00
   4.4000000e+01  -5.9487500e+00   1.1042600e+01   1.0000000e+00
   4.5000000e+01  -6.1893200e+00  -1.7465400e+01  -1.0000000e+00
   4.6000000e+01  -4.5083000e+00   1.7174100e+01   1.0000000e+00
   4.7000000e+01   6.7813800e+00   1.6537600e+01   1.0000000e+00
   4.8000000e+01   4.1797500e+00  -1.0676800e+01  -1.0000000e+00
   4.9000000e+01  -7.4468100e+00   4.9416500e+00   1.0000000e+00
   5.0000000e+01   4.7351800e+00   1.5967200e+01   1.0000000e+00
   5.1000000e+01  -1.6172400e+01  -1.7993100e+00   1.0000000e+00
   5.2000000e+01   1.0285600e+01   3.7717100e+00  -1.0000000e+00
   5.3000000e+01  -2.8620100e+00  -1.3089000e+01  -1.0000000e+00
   5.4000000e+01  -8.4141500e+00  -1.0343000e+01  -1.0000000e+00
   5.5000000e+01   2.9952500e+00   1.0000200e+01   1.0000000e+00
   5.6000000e+01  -7.1528400e+00  -2.9381000e+00   1.0000000e+00
   5.7000000e+01   1.2511400e-02   1.2850700e+01   1.0000000e+00
   5.8000000e+01   2.5881900e+00  -1.3838200e+01  -1.0000000e+00
   5.9000000e+01  -3.3556600e+00  -4.8108500e+00  -1.0000000e+00
   6.0000000e+01   5.2029500e+00  -5.3065300e+00  -1.0000000e+00
   6.1000000e+01   1.0590400e+01   9.4529300e+00   1.0000000e+00
   6.2000000e+01   3.5580000e+00   1.2010600e+01   1.0000000e+00
   6.3000000e+01  -1.2496400e+00  -9.9079500e+00  -1.0000000e+00
   6.4000000e+01  -2.9813100e+00   1.5714500e+01   1.0000000e+00
   6.5000000e+01   5.6001000e+00   1.2523200e+01   1.0000000e+00
   6.6000000e+01  -1.2140700e+01  -8.5029400e+00  -1.0000000e+00
   6.7000000e+01   2.8471600e+00  -5.4637700e+00  -1.0000000e+00
   6.8000000e+01  -9.4734300e+00   1.1824800e+01   1.0000000e+00
   6.9000000e+01  -4.8694900e+00   1.2078700e-01   1.0000000e+00
   7.0000000e+01  -1.1452700e+01   1.1244600e+01   1.0000000e+00
   7.1000000e+01   1.2609200e+01   9.8851700e+00   1.0000000e+00
   7.2000000e+01   2.7488000e+00  -1.8099900e+01  -1.0000000e+00
   7.3000000e+01   9.3259100e+00  -5.2506000e+00  -1.0000000e+00
   7.4000000e+01  -5.2166100e+00  -3.9444200e+00   1.0000000e+00
   7.5000000e+01  -1.3438800e+01   3.1334300e+00   1.0000000e+00
   7.6000000e+01  -9.6902100e-01   8.7494400e+00   1.0000000e+00
   7.7000000e+01   6.2467800e+00  -7.0797300e+00  -1.0000000e+00
   7.8000000e+01   1.8521900e+01   3.9387800e+00  -1.0000000e+00
   7.9000000e+01  -6.3430200e+00  -1.5410200e+01  -1.0000000e+00
   8.0000000e+01   9.7913800e+00   1.3375300e+01   1.0000000e+00
   8.1000000e+01   4.7748700e+00  -1.8671900e+01  -1.0000000e+00
   8.2000000e+01   1.2612000e+01  -1.4152300e+01  -1.0000000e+00
   8.3000000e+01  -1.0194200e+01  -1.1513100e+01  -1.0000000e+00
   8.4000000e+01  -1.9508400e+00   4.7141400e+00   1.0000000e+00
   8.5000000e+01   3.0010300e+00   1.8565300e+00   1.0000000e+00
   8.6000000e+01  -1.4520000e+01   6.5889700e+00   1.0000000e+00
   8.7000000e+01  -1.6086700e+01  -8.2763700e+00   1.0000000e+00
   8.8000000e+01  -1.7016000e+01   3.7698100e+00   1.0000000e+00
   8.9000000e+01   1.0433600e+01  -1.0603900e+01  -1.0000000e+00
   9.0000000e+01   1.5703600e+01  -8.7719400e+00  -1.0000000e+00
   9.1000000e+01   8.3053600e+00  -7.0418600e+00  -1.0000000e+00
   9.2000000e+01  -1.0555200e+01  -5.2900400e+00   1.0000000e+00
   9.3000000e+01  -2.4533600e+00   1.0224400e+01   1.0000000e+00
   9.4000000e+01  -1.7051000e+00  -1.5996600e+00   1.0000000e+00
   9.5000000e+01  -1.3754200e+01  -1.3590900e+01  -1.0000000e+00
   9.6000000e+01   5.8371600e+00   7.0308100e+00   1.0000000e+00
   9.7000000e+01  -4.4737900e+00   9.6059000e+00   1.0000000e+00
   9.8000000e+01   1.0527800e+01  -1.4231800e+01  -1.0000000e+00
   9.9000000e+01  -8.9748700e+00   1.3952700e+01   1.0000000e+00
   1.0000000e+02   8.2935800e+00   1.4949900e+01   1.0000000e+00
   1.0100000e+02  -8.9229500e+00   6.3758200e+00   1.0000000e+00
   1.0200000e+02  -1.1947300e+01   9.2256200e+00   1.0000000e+00
   1.0300000e+02  -7.9345200e+00   2.9219600e+00   1.0000000e+00
   1.0400000e+02  -7.4916900e+00   1.2470200e+01   1.0000000e+00
   1.0500000e+02   7.2762200e+00  -8.8549400e+00  -1.0000000e+00
   1.0600000e+02  -1.3645300e+00  -7.8379600e+00  -1.0000000e+00
   1.0700000e+02  -1.4039500e+01   8.5916000e+00   1.0000000e+00
   1.0800000e+02  -3.9763900e+00   1.1661800e+01   1.0000000e+00
   1.0900000e+02  -7.9577500e+00   1.0420300e+01   1.0000000e+00
   1.1000000e+02  -8.4475900e+00   1.5930300e+01   1.0000000e+00
   1.1100000e+02  -8.5761500e+00  -8.2878800e+00  -1.0000000e+00
   1.1200000e+02   1.6412600e+01   7.5317000e+00  -1.0000000e+00
   1.1300000e+02  -3.4368800e+00   6.1522700e+00   1.0000000e+00
   1.1400000e+02  -5.3403400e+00  -1.8834700e+00   1.0000000e+00
   1.1500000e+02   3.0974800e+00   1.7515000e+01   1.0000000e+00
   1.1600000e+02  -6.9752900e+00  -6.4359600e-01   1.0000000e+00
   1.1700000e+02   2.1942800e+00  -7.6336400e+00  -1.0000000e+00
   1.1800000e+02   1.4479800e+01   2.3833000e-01  -1.0000000e+00
   1.1900000e+02   1.1444000e-01   5.3138000e+00   1.0000000e+00
   1.2000000e+02   5.0146800e+00   1.0536600e+01   1.0000000e+00
   1.2100000e+02   1.2531100e+01  -1.0555000e+01  -1.0000000e+00
   1.2200000e+02  -3.6094500e-01   1.8435000e+01   1.0000000e+00
   1.2300000e+02  -1.2568400e+01  -2.3253900e+00   1.0000000e+00
   1.2400000e+02   7.2037200e+00   1.9034700e+00  -1.0000000e+00
   1.2500000e+02   2.0838000e+00   5.8892600e+00   1.0000000e+00
   1.2600000e+02  -1.3907500e+01   1.0020700e+00   1.0000000e+00
   1.2700000e+02   1.0369800e+01  -7.0158500e+00  -1.0000000e+00
   1.2800000e+02  -1.5814400e+00  -3.6464700e+00  -1.0000000e+00
   1.2900000e+02  -2.4697300e+00   2.7164000e+00   1.0000000e+00
   1.3000000e+02  -1.1407500e+01   3.7794800e+00   1.0000000e+00
   1.3100000e+02   7.6282600e+00   1.2971500e+01   1.0000000e+00
   1.3200000e+02   2.0303400e+00   4.9539700e-02  -1.0000000e+00
   1.3300000e+02   4.1955800e+00  -7.1007100e+00  -1.0000000e+00
   1.3400000e+02   9.1248700e+00   5.6220200e+00   1.0000000e+00
   1.3500000e+02   5.0866100e+00   1.8612600e+00  -1.0000000e+00
   1.3600000e+02  -2.5991800e+00  -1.7276100e+01  -1.0000000e+00
   1.3700000e+02   1.7525900e+01   2.1376600e+00  -1.0000000e+00
   1.3800000e+02  -6.5647100e+00  -1.1251600e+01  -1.0000000e+00
   1.3900000e+02  -1.6539400e+01   5.8287700e+00   1.0000000e+00
   1.4000000e+02  -4.4449000e+00   2.1391300e+00   1.0000000e+00
   1.4100000e+02   1.6454400e+01   3.8911100e+00  -1.0000000e+00
   1.4200000e+02  -1.0430100e+01  -7.3622300e+00  -1.0000000e+00
   1.4300000e+02   1.5387600e+01   5.7156300e+00  -1.0000000e+00
   1.4400000e+02   8.3732500e+00  -1.0625000e+01  -1.0000000e+00
   1.4500000e+02   4.1287500e+00   5.8151900e+00   1.0000000e+00
   1.4600000e+02   6.2452400e+00  -1.0655000e+01  -1.0000000e+00
   1.4700000e+02  -8.8214300e+00  -1.7101000e+00   1.0000000e+00
   1.4800000e+02   9.1121500e+00   1.1441100e+01   1.0000000e+00
   1.4900000e+02  -4.9712000e+00  -8.0751300e+00  -1.0000000e+00
   1.5000000e+02   1.2336700e+01   3.7828800e+00  -1.0000000e+00
   1.5100000e+02  -1.5848600e+01   3.1043300e-01   1.0000000e+00
   1.5200000e+02  -1.2061400e+01  -1.0555100e+01  -1.0000000e+00
   1.5300000e+02   2.5379700e+00   1.5483200e+01   1.0000000e+00
   1.5400000e+02   5.2230500e-02  -5.1843600e-01   1.0000000e+00
   1.5500000e+02   1.8658800e-01  -2.5691500e+00  -1.0000000e+00
   1.5600000e+02  -6.9809000e+00   1.4475100e+01   1.0000000e+00
   1.5700000e+02   1.1417600e+01  -5.2063300e+00  -1.0000000e+00
   1.5800000e+02  -1.4453700e+01  -3.1326300e+00   1.0000000e+00
   1.5900000e+02  -1.0624000e+00   1.2157500e+00   1.0000000e+00
   1.6000000e+02  -8.3831400e+00   8.5906000e-01   1.0000000e+00
   1.6100000e+02   1.5535700e+01  -1.5391800e+00  -1.0000000e+00
   1.6200000e+02   6.0363400e-01  -1.0820800e+01  -1.0000000e+00
   1.6300000e+02  -8.0814600e+00  -1.6558300e+01  -1.0000000e+00
   1.6400000e+02   1.1392000e+01  -1.6283000e+00  -1.0000000e+00
   1.6500000e+02  -1.6181100e+01  -6.1677000e+00   1.0000000e+00
   1.6600000e+02  -4.8517500e+00  -1.0120400e+01  -1.0000000e+00
   1.6700000e+02  -5.0089200e-01   1.0847800e+01   1.0000000e+00
   1.6800000e+02  -1.2964100e+01   1.2670900e+01   1.0000000e+00
   1.6900000e+02  -9.6766400e-01   1.6289800e+01   1.0000000e+00
   1.7000000e+02   1.0389700e+01   1.5340500e+01   1.0000000e+00
   1.7100000e+02  -8.9164800e-01  -1.6133600e+01  -1.0000000e+00
   1.7200000e+02   1.1539600e+01  -1.6061100e+01  -1.0000000e+00
   1.7300000e+02  -1.4834100e+00   1.4280300e+01   1.0000000e+00
   1.7400000e+02   4.0423000e+00   1.4012000e+01   1.0000000e+00
   1.7500000e+02  -4.7080200e+00  -1.2177100e+01  -1.0000000e+00
   1.7600000e+02   8.2159300e+00   3.6853200e+00  -1.0000000e+00
   1.7700000e+02   1.8714700e+01   4.4395400e-01  -1.0000000e+00
   1.7800000e+02   7.3509300e+00  -1.6194300e+01  -1.0000000e+00
   1.7900000e+02   5.7514200e+00   3.8101200e+00   1.0000000e+00
   1.8000000e+02  -9.9626900e+00  -1.5647000e+01  -1.0000000e+00
   1.8100000e+02  -3.2532500e+00  -6.8925700e+00  -1.0000000e+00
   1.8200000e+02  -1.4022700e+01  -9.3984800e+00   1.0000000e+00
   1.8300000e+02  -2.9866200e+00  -1.1019500e+01  -1.0000000e+00
   1.8400000e+02   4.7041800e-01  -8.7619900e+00  -1.0000000e+00
   1.8500000e+02   9.2729300e+00   1.9230100e+00  -1.0000000e+00
   1.8600000e+02  -8.8034500e+00  -4.1507200e+00   1.0000000e+00
   1.8700000e+02  -3.4766800e+00  -2.7569300e+00   1.0000000e+00
   1.8800000e+02  -1.0182700e+00  -1.4028500e+01  -1.0000000e+00
   1.8900000e+02   2.6568400e+00  -1.5956000e+01  -1.0000000e+00
   1.9000000e+02   9.4279500e+00  -1.2390100e+01  -1.0000000e+00
   1.9100000e+02   1.4632500e+01   9.5159400e+00   1.0000000e+00
   1.9200000e+02   1.2436300e+01  -3.4236200e+00  -1.0000000e+00
   1.9300000e+02   8.2893000e+00  -3.4618500e+00  -1.0000000e+00
   1.9400000e+02   5.2005900e-01   7.3233700e+00   1.0000000e+00
   1.9500000e+02  -5.0138500e+00   1.5085400e+01   1.0000000e+00
   1.9600000e+02  -1.2260200e+01  -2.6059000e-01   1.0000000e+00
   1.9700000e+02  -9.9633000e+00   9.8179100e+00   1.0000000e+00
   1.9800000e+02   1.5615100e+01  -5.1478700e+00  -1.0000000e+00
   1.9900000e+02   7.3601700e+00  -1.2410100e+01  -1.0000000e+00
   2.0000000e+02   1.3581200e+01  -1.2324200e+01  -1.0000000e+00
   2.0100000e+02   1.4579400e+01  -1.0511400e+01  -1.0000000e+00
   2.0200000e+02  -1.0216400e+01  -1.7406100e-01   1.0000000e+00
   2.0300000e+02   4.3979800e+00  -1.4817200e+01  -1.0000000e+00
   2.0400000e+02   1.7460400e+01   5.7562700e+00  -1.0000000e+00
   2.0500000e+02   9.4611300e+00  -1.6024300e+01  -1.0000000e+00
   2.0600000e+02   9.3939600e+00  -8.8213300e+00  -1.0000000e+00
   2.0700000e+02  -8.3218700e+00  -1.2413400e+01  -1.0000000e+00
   2.0800000e+02  -6.4563900e+00   9.0063700e+00   1.0000000e+00
   2.0900000e+02  -1.5879500e+01  -1.0334200e+01   1.0000000e+00
   2.1000000e+02   1.7786100e+01  -5.0951600e+00  -1.0000000e+00
   2.1100000e+02   6.2111200e+00   1.4520800e+01   1.0000000e+00
   2.1200000e+02  -1.0480300e+01   7.7829300e+00   1.0000000e+00
   2.1300000e+02  -1.4231400e+01  -1.0607100e+00   1.0000000e+00
   2.1400000e+02   6.4724200e+00   9.0197900e+00   1.0000000e+00
   2.1500000e+02   1.4262600e+01   7.4764400e+00  -1.0000000e+00
   2.1600000e+02   1.4388200e+01   3.8689600e+00  -1.0000000e+00
   2.1700000e+02  -1.7409100e+01   1.6928800e+00   1.0000000e+00
   2.1800000e+02  -5.4411000e+00   5.5719000e+00   1.0000000e+00
   2.1900000e+02   1.0336200e+01  -3.4506800e+00  -1.0000000e+00
   2.2000000e+02   1.0201600e+00   1.6893200e+01   1.0000000e+00
   2.2100000e+02   1.3500100e+01  -5.2097300e+00  -1.0000000e+00
   2.2200000e+02   2.4195500e+00  -1.1781200e+01  -1.0000000e+00
   2.2300000e+02  -1.4943300e+01   1.2082000e+01   1.0000000e+00
   2.2400000e+02  -2.9759700e+00   8.1954700e+00   1.0000000e+00
   2.2500000e+02   1.1348400e+01   1.9800800e+00  -1.0000000e+00
   2.2600000e+02   1.1481300e+01  -1.2395900e+01  -1.0000000e+00
   2.2700000e+02   1.4538500e+01  -3.4042100e+00  -1.0000000e+00
   2.2800000e+02  -4.5840800e+00  -1.4245000e+01  -1.0000000e+00
   2.2900000e+02  -1.2291200e+01  -6.4577400e+00   1.0000000e+00
   2.3000000e+02  -1.4970000e+01   4.5043700e+00   1.0000000e+00
   2.3100000e+02   9.2993700e+00  -1.6511300e+00  -1.0000000e+00
   2.3200000e+02   1.1865200e+01   1.3378200e+01   1.0000000e+00
   2.3300000e+02  -1.2470500e+01   7.2325800e+00   1.0000000e+00
   2.3400000e+02   5.2452400e+00   1.7963300e+01   1.0000000e+00
   2.3500000e+02   4.1234900e+00  -3.5409600e+00  -1.0000000e+00
   2.3600000e+02   8.2297900e+00   1.2370900e-01  -1.0000000e+00
   2.3700000e+02  -8.6946800e+00  -6.2066500e+00   1.0000000e+00
   2.3800000e+02  -6.7228000e+00  -9.1872300e+00  -1.0000000e+00
   2.3900000e+02   1.2161900e+01   7.4947000e+00   1.0000000e+00
   2.4000000e+02  -1.4507600e+01   1.4160300e+01   1.0000000e+00
   2.4100000e+02   2.4924400e+00   7.9044000e+00   1.0000000e+00
   2.4200000e+02   4.4559200e+00   8.5520000e+00   1.0000000e+00
   2.4300000e+02   8.4260900e-01  -1.4952900e+01  -1.0000000e+00
   2.4400000e+02   3.0266500e+00  -1.7767300e+00  -1.0000000e+00
   2.4500000e+02  -1.5417100e+01   2.4730800e+00   1.0000000e+00
   2.4600000e+02  -6.8606300e+00  -7.1277200e+00  -1.0000000e+00
   2.4700000e+02  -1.7797800e+01  -4.8261900e-01   1.0000000e+00
   2.4800000e+02  -2.8111500e+00   1.2847200e-01   1.0000000e+00
   2.4900000e+02   8.5314000e+00   9.4120500e+00   1.0000000e+00
   2.5000000e+02   1.2438000e+01  -6.9936500e+00  -1.0000000e+00
   2.5100000e+02  -6.4797900e+00  -1.3366400e+01  -1.0000000e+00
   2.5200000e+02   7.0373200e+00   1.0997100e+01   1.0000000e+00
   2.5300000e+02  -6.4736500e+00   1.6578600e+01   1.0000000e+00
   2.5400000e+02  -6.9525200e+00  -5.0632400e+00   1.0000000e+00
   2.5500000e+02  -1.0095200e+01  -1.3563900e+01  -1.0000000e+00
   2.5600000e+02  -4.3205000e+00  -1.8428900e+01  -1.0000000e+00
   2.5700000e+02   3.6076000e+00   3.8201200e+00   1.0000000e+00
   2.5800000e+02   4.7016800e+00  -1.2688600e+01  -1.0000000e+00
   2.5900000e+02  -1.9656400e+00   1.2282800e+01   1.0000000e+00
   2.6000000e+02   1.5356600e+00   3.8069400e+00   1.0000000e+00
   2.6100000e+02  -4.9684500e+00   7.5865400e+00   1.0000000e+00
   2.6200000e+02  -2.4237800e+00   1.7747500e+01   1.0000000e+00
   2.6300000e+02   2.2755800e-01  -4.6493300e+00  -1.0000000e+00
   2.6400000e+02  -3.1083800e+00  -8.9723500e+00  -1.0000000e+00
   2.6500000e+02   5.2233400e+00  -8.8783100e+00  -1.0000000e+00
   2.6600000e+02   6.3679200e+00  -1.4217100e+01  -1.0000000e+00
   2.6700000e+02  -1.3451300e+01   1.0624000e+01   1.0000000e+00
   2.6800000e+02  -8.2298600e+00  -1.4498400e+01  -1.0000000e+00
   2.6900000e+02  -1.1948200e+01  -1.2613100e+01  -1.0000000e+00
   2.7000000e+02   1.6717700e+01   9.7910600e+00  -1.0000000e+00
   2.7100000e+02   5.3098800e+00  -1.6659500e+01  -1.0000000e+00
   2.7200000e+02  -1.5514300e+01   1.0029800e+01   1.0000000e+00
   2.7300000e+02   8.4421400e+00  -1.4207800e+01  -1.0000000e+00
   2.7400000e+02  -1.1860000e+01  -1.4690100e+01  -1.0000000e+00
   2.7500000e+02   1.4592600e+01  -6.9597200e+00  -1.0000000e+00
   2.7600000e+02   1.5473600e+01   2.0629500e+00  -1.0000000e+00
   2.7700000e+02  -1.2964800e+01   5.1590900e+00   1.0000000e+00
   2.7800000e+02   2.0609400e+00   1.3408800e+01   1.0000000e+00
   2.7900000e+02  -1.4181100e+01  -7.3276700e+00   1.0000000e+00
   2.8000000e+02   1.0104700e+00   9.3310000e+00   1.0000000e+00
   2.8100000e+02  -3.9450700e+00   4.1546700e+00   1.0000000e+00
   2.8200000e+02  -1.0584200e+01  -2.8866200e+00   1.0000000e+00
   2.8300000e+02   1.9983600e+00  -3.5705600e+00  -1.0000000e+00
   2.8400000e+02   4.0840100e+00   5.3616300e-02  -1.0000000e+00
   2.8500000e+02  -3.4867500e+00   1.3662700e+01   1.0000000e+00
   2.8600000e+02  -9.4248600e+00   4.3739600e+00   1.0000000e+00
   2.8700000e+02   1.3542200e+01  -8.7418500e+00  -1.0000000e+00
   2.8800000e+02  -1.5276300e+00  -5.7594600e+00  -1.0000000e+00
   2.8900000e+02  -1.4684700e+00   6.7375600e+00   1.0000000e+00
   2.9000000e+02  -4.4369500e+00  -1.6360900e+01  -1.0000000e+00
   2.9100000e+02  -2.7343500e+00  -1.5198700e+01  -1.0000000e+00
   2.9200000e+02   1.6560700e+01   2.6698300e-01  -1.0000000e+00
   2.9300000e+02  -1.4320500e+01  -5.2300600e+00   1.0000000e+00
   2.9400000e+02  -6.4080000e+00   1.4943500e+00   1.0000000e+00
   2.9500000e+02   1.6611600e+01  -3.3447000e+00  -1.0000000e+00
   2.9600000e+02   1.2398000e+01   1.9933300e-01  -1.0000000e+00
   2.9700000e+02   6.1734200e+00   9.3302900e-02  -1.0000000e+00
   2.9800000e+02   7.2122300e+00  -1.6987700e+00  -1.0000000e+00
   2.9900000e+02   1.0324700e+01   1.3367300e-01  -1.0000000e+00
