   0.0000000e+00   1.5286400e-01  -1.0242700e+01   5.5876600e+01   1.0000000e+00
   1.0000000e+00  -7.1481100e+00  -1.1798500e+01   5.6397100e+01   1.0000000e+00
   2.0000000e+00   3.4953700e-01   8.1928400e+00   2.7598600e+01   2.0000000e+00
   3.0000000e+00  -3.4779000e+00   1.5555100e+01   2.8615800e+01  -2.0000000e+00
   4.0000000e+00   3.4582800e+00  -1.4621600e+01   5.5785600e+01   1.0000000e+00
   5.0000000e+00   1.3022600e+01   1.1259800e+01   2.5826700e+01  -2.0000000e+00
   6.0000000e+00  -1.5227700e+01   4.1818700e+00   5.7577700e+01  -2.0000000e+00
   7.0000000e+00   1.8761900e+00  -1.1387100e+01   5.6261400e+01   1.0000000e+00
   8.0000000e+00  -1.4149500e+01  -9.3061200e+00   5.7041300e+01  -2.0000000e+00
   9.0000000e+00  -1.7145300e+00   8.2827900e+00   2.7565100e+01   2.0000000e+00
   1.0000000e+01  -1.5183000e+01   6.2634400e+00   5.7883400e+01  -2.0000000e+00
   1.1000000e+01   1.3083000e+01  -7.9818600e+00   5.6104900e+01   1.0000000e+00
   1.2000000e+01  -1.3266200e+01   9.2602000e+00   5.7355900e+01  -2.0000000e+00
   1.3000000e+01  -1.0866300e+01  -1.5962100e+01   5.8572600e+01  -1.0000000e+00
   1.4000000e+01  -1.7041600e+01   5.3152300e+00   7.2554000e+01  -1.0000000e+00
   1.5000000e+01   1.6920200e+01   3.8332000e-01   4.3160900e+01  -2.0000000e+00
   1.6000000e+01   1.2657600e+01  -1.2080000e+01   5.6379900e+01  -2.0000000e+00
   1.7000000e+01  -6.5986700e+00  -3.4851200e+00   5.6290800e+01   1.0000000e+00
   1.8000000e+01  -1.1937500e+01  -2.1844500e+00   5.6962100e+01   1.0000000e+00
   1.9000000e+01   2.1636100e+00  -7.2286200e+00   5.6545800e+01   1.0000000e+00
   2.0000000e+01  -1.2421500e+01  -1.0465100e+01   5.6332200e+01   1.0000000e+00
   2.1000000e+01   1.1663200e+01   5.9105900e+00   2.3848300e+01  -3.0000000e+00
   2.2000000e+01   1.3949000e+01   9.3440100e+00   2.3934700e+01  -2.0000000e+00
   2.3000000e+01   1.4598400e+01  -1.1211200e+01   7.0159900e+01  -1.0000000e+00
   2.4000000e+01  -1.5917000e+01  -6.0782800e+00   7.0058100e+01  -1.0000000e+00
   2.5000000e+01   1.5732000e+01   5.2594600e+00   2.6176000e+01  -2.0000000e+00
   2.6000000e+01   2.7472500e+00   1.5325000e+01   2.7886800e+01  -2.0000000e+00
   2.7000000e+01  -1.8626700e+00   4.6737900e+00   2.8582200e+01   2.0000000e+00
   2.8000000e+01   9.5288100e+00  -5.7531800e+00   4.4327900e+01   0.0000000e+00
   2.9000000e+01  -7.8767300e+00   8.0358200e+00   2.7229200e+01  -3.0000000e+00
   3.0000000e+01  -1.0842600e+01  -1.3687400e+01   5.7267600e+01  -2.0000000e+00
   3.1000000e+01   4.1884600e+00  -4.2301500e+00   5.5576000e+01   1.0000000e+00
   3.2000000e+01  -1.2584800e+01  -1.2563900e+01   5.6436900e+01  -2.0000000e+00
   3.3000000e+01   1.6590000e+01   3.0900200e+00   3.6357600e+01  -2.0000000e+00
   3.4000000e+01   1.3248300e+01   1.4787600e+01   2.5877400e+01  -1.0000000e+00
   3.5000000e+01  -1.9890700e+00  -1.5290300e+01   5.5933000e+01  -2.0000000e+00
   3.6000000e+01   7.6919600e+00   9.7307900e+00   2.7523600e+01   2.0000000e+00
   3.7000000e+01   1.4929100e+01  -7.0209400e+00   5.6622100e+01  -2.0000000e+00
   3.8000000e+01   1.5022200e+01  -4.9942600e-01   2.8012500e+01  -3.0000000e+00
   3.9000000e+01  -8.4707900e+00  -4.4316300e+00   5.6731100e+01   1.0000000e+00
   4.0000000e+01   7.5246100e+00   6.1383600e+00   2.7849800e+01   2.0000000e+00
   4.1000000e+01  -1.5436500e+01   8.2927700e-02   5.8120300e+01  -2.0000000e+00
   4.2000000e+01   7.4739700e+00  -8.6106200e+00   5.6392100e+01   0.0000000e+00
   4.3000000e+01  -1.1488800e+01   8.1424100e+00   5.8030300e+01   1.0000000e+00
   4.4000000e+01  -1.1302100e+01   1.2347900e+01   5.6627300e+01  -2.0000000e+00
   4.5000000e+01   2.0150100e+00  -9.3196600e+00   5.6256400e+01   1.0000000e+00
   4.6000000e+01   3.8049800e+00   1.7189800e+01   2.8516300e+01  -1.0000000e+00
   4.7000000e+01   4.3501900e-03  -1.2307700e+01   5.5958200e+01   1.0000000e+00
   4.8000000e+01   5.3033100e+00   2.5726000e+00   1.6054400e+01  -3.0000000e+00
   4.9000000e+01   8.6417800e+00   7.8856300e+00   2.7495800e+01   2.0000000e+00
   5.0000000e+01   6.5868500e+00   7.9723600e+00   2.7939400e+01   2.0000000e+00
   5.1000000e+01  -9.5865500e+00   1.1170200e+01   6.8276000e+01  -3.0000000e+00
   5.2000000e+01   1.1892100e+00   2.7733900e+00   2.7906100e+01   2.0000000e+00
   5.3000000e+01  -1.9016200e+01   2.3936000e+00   2.4252300e+01  -1.0000000e+00
   5.4000000e+01  -9.7764800e+00   4.9554200e+00   5.7569000e+01   1.0000000e+00
   5.5000000e+01   4.3485300e+00   4.4572500e+00   2.7808800e+01   2.0000000e+00
   5.6000000e+01  -4.5802100e+00   1.3784600e+01   2.8072400e+01   2.0000000e+00
   5.7000000e+01  -1.0984200e+00  -6.9678000e-01   5.0519800e+01  -3.0000000e+00
   5.8000000e+01  -1.4273100e+00  -7.0052200e+00   5.6015200e+01   1.0000000e+00
   5.9000000e+01  -1.3145300e+01   1.3459400e+01   5.7947400e+01  -1.0000000e+00
   6.0000000e+01   1.4504500e+01  -1.3283100e+01   5.6697500e+01  -1.0000000e+00
   6.1000000e+01  -1.0310800e+01  -5.3661300e+00   5.6659900e+01   1.0000000e+00
   6.2000000e+01  -9.8862100e+00   2.9029900e+00   5.7781700e+01   1.0000000e+00
   6.3000000e+01   1.7474500e+00   1.7143400e+01   1.4531800e+01  -2.0000000e+00
   6.4000000e+01  -2.6922700e+00   5.9441800e-01   2.2911100e+01  -3.0000000e+00
   6.5000000e+01   9.9825200e+00   1.3223700e+01   2.7305000e+01  -2.0000000e+00
   6.6000000e+01  -1.5353900e+01   2.1387700e+00   5.7434000e+01   1.0000000e+00
   6.7000000e+01   9.9275200e+00   4.7462900e-01   3.9738100e+01  -3.0000000e+00
   6.8000000e+01   8.0572600e+00  -3.8603000e-01   4.3995100e+01  -3.0000000e+00
   6.9000000e+01  -1.1429000e+01   1.0214000e+01   5.7572700e+01   1.0000000e+00
   7.0000000e+01  -9.4138600e+00   1.3241900e+01   4.9993700e+01  -2.0000000e+00
   7.1000000e+01  -7.2017600e+00   1.6900400e+01   4.2134600e+01  -1.0000000e+00
   7.2000000e+01   2.5853700e+00   1.1722300e+01   2.7281300e+01   2.0000000e+00
   7.3000000e+01   1.5870300e+00  -1.5517600e+01   5.6412100e+01  -2.0000000e+00
   7.4000000e+01  -1.4215600e+00   1.5456500e+01   2.8333000e+01  -2.0000000e+00
   7.5000000e+01   4.3534500e+00  -2.1678700e+00   2.6694100e+01   1.0000000e+00
   7.6000000e+01   4.8245700e+00   1.5236900e+01   2.7852000e+01  -2.0000000e+00
   7.7000000e+01  -6.6899700e+00   1.3835000e+01   3.3399200e+01  -2.0000000e+00
   7.8000000e+01  -9.1058000e+00  -1.4824200e+01   4.4670800e+01  -2.0000000e+00
   7.9000000e+01   7.6108500e+00  -6.5637200e+00   6.7403200e+01   0.0000000e+00
   8.0000000e+01   7.9572600e+00  -2.4446500e+00   5.5506400e+01   1.0000000e+00
   8.1000000e+01   9.7516500e+00   9.6323800e+00   2.6955200e+01   2.0000000e+00
   8.2000000e+01  -2.9297000e+00   2.8671500e+00   2.0787200e+01  -3.0000000e+00
   8.3000000e+01   1.6876500e+01   7.0783700e+00   1.1956100e+01  -1.0000000e+00
   8.4000000e+01   1.0919000e+01   1.1365600e+01   2.6934200e+01   2.0000000e+00
   8.5000000e+01   8.8107300e+00  -1.6027900e+01   5.7100700e+01  -1.0000000e+00
   8.6000000e+01   5.8827900e+00  -5.4007600e+00   5.5683900e+01   1.0000000e+00
   8.7000000e+01   2.4354900e+00   8.0952800e+00   2.7681700e+01   2.0000000e+00
   8.8000000e+01   2.2063000e-01   4.6080900e+00   2.8047500e+01   2.0000000e+00
   8.9000000e+01  -3.3401100e-01   1.7279100e+01   3.8848300e+01  -2.0000000e+00
   9.0000000e+01  -2.5100800e+00   1.3708200e+01   2.7995500e+01   2.0000000e+00
   9.1000000e+01   3.3349600e+00  -1.6735500e+01   4.4272700e+01  -2.0000000e+00
   9.2000000e+01   8.4903900e+00   4.3290300e+00   2.7383600e+01   2.0000000e+00
   9.3000000e+01  -2.4366800e+00   1.7336200e+01   2.7343200e+01  -1.0000000e+00
   9.4000000e+01   8.8891000e+00  -1.3925100e+01   5.6243200e+01  -2.0000000e+00
   9.5000000e+01   9.8164300e+00  -1.5785300e+00   5.6514600e+01   1.0000000e+00
   9.6000000e+01  -3.3103500e+00  -7.8783500e+00   5.6025600e+01   1.0000000e+00
   9.7000000e+01  -1.1638500e+01   4.0280700e+00   5.7164700e+01   1.0000000e+00
   9.8000000e+01  -1.2671600e+01  -1.4623300e+01   4.1101300e+01  -1.0000000e+00
   9.9000000e+01   8.9809100e+00   1.5151300e+01   2.8015800e+01  -1.0000000e+00
   1.0000000e+02   1.5081500e+00  -1.7706900e+01   5.6234500e+01  -1.0000000e+00
   1.0100000e+02  -5.3982700e+00  -1.2959400e+01   5.6223200e+01   1.0000000e+00
   1.0200000e+02   1.2588000e+01  -1.4208300e+01   5.6160300e+01  -1.0000000e+00
   1.0300000e+02  -1.6026200e+01  -1.0197900e+01  -2.8020300e+00  -1.0000000e+00
   1.0400000e+02   5.8984400e+00   1.6998000e+01   2.7500500e+01  -1.0000000e+00
   1.0500000e+02  -1.0109800e+01  -1.2097000e+00   5.7026400e+01   1.0000000e+00
   1.0600000e+02   5.1964600e+00  -1.5821200e+01   5.6312400e+01  -2.0000000e+00
   1.0700000e+02   1.3308800e+01   7.7178800e-01   1.1138800e+01  -3.0000000e+00
   1.0800000e+02  -3.7834200e+00   8.3444200e+00   2.8306400e+01   2.0000000e+00
   1.0900000e+02   3.2573600e+00   2.6792200e+00   3.9640200e+01  -3.0000000e+00
   1.1000000e+02  -3.8459800e+00  -1.6213900e+01   4.3898100e+01  -2.0000000e+00
   1.1100000e+02  -2.8969200e+00  -1.6739100e+00   5.6818500e+01   1.0000000e+00
   1.1200000e+02   6.9589500e+00  -1.6948500e+01   5.7079200e+01  -1.0000000e+00
   1.1300000e+02  -7.6181600e-01   6.4258200e+00   2.7904500e+01   2.0000000e+00
   1.1400000e+02   1.7561700e+00  -1.3470700e+01   5.5892800e+01   1.0000000e+00
   1.1500000e+02  -1.3896000e+01  -5.1496000e+00   5.5803600e+01  -2.0000000e+00
   1.1600000e+02  -1.0194800e+01  -3.3096800e+00   5.6960400e+01   1.0000000e+00
   1.1700000e+02  -1.6957600e+00  -1.1133600e+01   5.5687200e+01   1.0000000e+00
   1.1800000e+02   1.6856900e+01  -6.0684300e+00   7.2282900e+01  -1.0000000e+00
   1.1900000e+02   6.0667400e+00  -3.3402100e+00   5.5542700e+01   1.0000000e+00
   1.2000000e+02   9.5947000e+00   6.0606300e+00   2.7159200e+01   2.0000000e+00
   1.2100000e+02  -6.0132200e-01   1.0034700e+01   2.7589100e+01   2.0000000e+00
   1.2200000e+02  -9.9666600e+00   8.4758500e-01   5.7207400e+01   1.0000000e+00
   1.2300000e+02   1.8842800e+01   1.1869400e+00   3.8403400e+01  -1.0000000e+00
   1.2400000e+02   1.4568400e+01   3.5605700e+00   1.0874300e+01  -3.0000000e+00
   1.2500000e+02   1.4230800e+01   1.2941500e+01   1.0782100e+01  -1.0000000e+00
   1.2600000e+02   1.7836400e+01   5.2282700e+00   1.2149000e+01  -1.0000000e+00
   1.2700000e+02  -1.3782500e+01  -3.0945200e+00   5.6671300e+01   1.0000000e+00
   1.2800000e+02  -1.5518500e+00  -9.0602100e+00   5.5796800e+01   1.0000000e+00
   1.2900000e+02   1.1335400e+01  -6.8371400e+00   5.6893700e+01   0.0000000e+00
   1.3000000e+02   9.6082000e-02   9.8522400e-01   4.2399900e+01  -3.0000000e+00
   1.3100000e+02  -1.8462800e+00  -1.3213300e+01   5.5880200e+01   1.0000000e+00
   1.3200000e+02   4.3403900e+00   1.0742500e-01   1.1086900e+01  -3.0000000e+00
   1.3300000e+02   5.7569900e+00  -7.4736300e+00   5.6198200e+01   1.0000000e+00
   1.3400000e+02   9.6341200e+00  -3.6372200e+00   5.5982300e+01   1.0000000e+00
   1.3500000e+02  -6.3912800e+00   6.5835500e-01   5.6376700e+01   1.0000000e+00
   1.3600000e+02   1.4846700e+01  -9.0943100e+00   6.7537000e+01  -2.0000000e+00
   1.3700000e+02  -1.7457000e+01  -3.0374400e+00   5.9658200e+01  -1.0000000e+00
   1.3800000e+02  -1.3015900e+00  -4.8748000e+00   5.6411900e+01   1.0000000e+00
   1.3900000e+02  -6.9980800e+00  -9.7524200e+00   5.6393800e+01   1.0000000e+00
   1.4000000e+02   1.6024000e+01   9.0660400e+00   9.4609400e+00  -1.0000000e+00
   1.4100000e+02  -3.7047200e+00  -1.4119700e+01   5.5986200e+01   1.0000000e+00
   1.4200000e+02   4.1821200e-01  -6.0915200e+00   5.6362200e+01   1.0000000e+00
   1.4300000e+02  -1.1466300e+00  -2.7578200e+00   5.7540300e+01   1.0000000e+00
   1.4400000e+02   1.1896200e+01   9.5364800e+00   2.6265200e+01   2.0000000e+00
   1.4500000e+02  -8.3191100e+00   1.5132500e+01   4.1891600e+01  -1.0000000e+00
   1.4600000e+02  -5.1578200e+00  -8.8152600e+00   5.6681300e+01   1.0000000e+00
   1.4700000e+02   3.6174400e+00  -1.2568700e+01   5.6369300e+01   1.0000000e+00
   1.4800000e+02   1.4796500e+01   7.1013200e+00   2.4324100e+01  -2.0000000e+00
   1.4900000e+02   7.0531900e+00  -1.4878000e+01   5.6789100e+01  -2.0000000e+00
   1.5000000e+02   1.8636600e+01   3.2733300e+00  -1.8992500e+01  -1.0000000e+00
   1.5100000e+02  -7.0021300e+00   1.0091300e+01   2.9549200e+01  -3.0000000e+00
   1.5200000e+02  -5.8475300e+00   8.3632500e+00   1.9668900e+01  -3.0000000e+00
   1.5300000e+02  -1.3481400e+01   3.0851900e+00   5.7262800e+01   1.0000000e+00
   1.5400000e+02  -8.7111000e+00  -8.5940900e+00   5.6433200e+01   1.0000000e+00
   1.5500000e+02   1.3648400e+01   5.4056700e+00   2.3769200e+01  -3.0000000e+00
   1.5600000e+02   1.3173100e+00   6.3744500e+00   2.7742700e+01   2.0000000e+00
   1.5700000e+02   1.0706900e+01   7.7993800e+00   2.6765300e+01   2.0000000e+00
   1.5800000e+02  -1.4428100e+01  -1.3450900e+01   5.6406400e+01  -1.0000000e+00
   1.5900000e+02  -1.0582900e+01  -9.5170000e+00   5.6402100e+01   1.0000000e+00
   1.6000000e+02  -7.9430700e+00   3.9170800e+00   5.6690400e+01   1.0000000e+00
   1.6100000e+02   5.3498200e+00  -1.3716400e+01   5.6537200e+01   1.0000000e+00
   1.6200000e+02   3.9955500e+00  -6.2964500e+00   5.6001500e+01   1.0000000e+00
   1.6300000e+02  -9.6302700e+00   9.1151200e+00   5.8472000e+01  -3.0000000e+00
   1.6400000e+02  -1.4328400e+01  -1.1376100e+01   5.5764100e+01  -2.0000000e+00
   1.6500000e+02  -1.6950000e+01   7.3642100e+00   7.2460300e+01  -1.0000000e+00
   1.6600000e+02   6.9237900e+00   1.5156400e+01   1.6503700e+01  -2.0000000e+00
   1.6700000e+02   5.4731700e+00   6.1924400e+00   2.7837400e+01   2.0000000e+00
   1.6800000e+02  -2.6584600e+00   1.0113200e+01   2.7826900e+01   2.0000000e+00
   1.6900000e+02  -1.6830700e+01   9.4405500e+00   5.7642200e+01  -1.0000000e+00
   1.7000000e+02  -1.7252900e+01   1.1290500e+00   5.6910000e+01  -2.0000000e+00
   1.7100000e+02   1.1713300e+01  -5.3979000e-01   3.0648300e+01  -3.0000000e+00
   1.7200000e+02  -4.5963500e+00  -5.1168300e-01   5.7173600e+01   1.0000000e+00
   1.7300000e+02  -4.5333100e+00   1.5485000e+00   4.8200600e+01  -3.0000000e+00
   1.7400000e+02   3.7395500e+00  -1.0467500e+01   5.6480400e+01   1.0000000e+00
   1.7500000e+02  -1.4149000e+01  -7.2179200e+00   5.6490800e+01  -2.0000000e+00
   1.7600000e+02  -7.7943000e+00   5.9811500e+00   2.2350300e+01  -3.0000000e+00
   1.7700000e+02   6.9580700e-01  -1.7403600e+00   4.3436000e+01  -3.0000000e+00
   1.7800000e+02   6.3096200e+00   7.7273700e-01   4.4199200e+01  -3.0000000e+00
   1.7900000e+02  -4.8666900e+00  -4.6511000e+00   5.6109300e+01   1.0000000e+00
   1.8000000e+02  -1.0693400e+01  -1.1605600e+01   5.6703400e+01   1.0000000e+00
   1.8100000e+02   1.0802500e+01  -1.3029500e+01   5.6222800e+01  -2.0000000e+00
   1.8200000e+02  -4.7328800e+00  -2.6111700e+00   5.6056400e+01   1.0000000e+00
   1.8300000e+02  -5.6679000e+00   1.2010500e+01   2.7636600e+01   2.0000000e+00
   1.8400000e+02  -1.2307000e+01  -8.3511500e+00   5.6681800e+01   1.0000000e+00
   1.8500000e+02   3.3763800e+00   6.2710900e+00   2.7692300e+01   2.0000000e+00
   1.8600000e+02   5.5785100e+00   9.7912300e+00   2.7992300e+01   2.0000000e+00
   1.8700000e+02   1.1415500e+01  -4.7408500e+00   5.7350500e+01   1.0000000e+00
   1.8800000e+02   1.0654600e+01  -1.5076300e+01   5.6059500e+01  -1.0000000e+00
   1.8900000e+02  -1.5030900e+01   1.0439400e+01   5.7453200e+01  -1.0000000e+00
   1.9000000e+02   5.4611900e+00  -1.1596400e+01   5.6823300e+01   1.0000000e+00
   1.9100000e+02   6.7176200e+00   1.1563800e+01   2.7333100e+01   2.0000000e+00
   1.9200000e+02   2.1543600e+00   9.4789300e-01   9.3671200e+00  -3.0000000e+00
   1.9300000e+02   1.0745700e+00   1.9119800e+01   2.0688000e+01  -1.0000000e+00
   1.9400000e+02   5.0557500e+00  -1.7922200e+01   5.6223700e+01  -1.0000000e+00
   1.9500000e+02   1.2778800e+01   7.6401900e+00   2.3262300e+01  -3.0000000e+00
   1.9600000e+02  -1.5106100e+01   8.3286400e+00   5.7534800e+01  -2.0000000e+00
   1.9700000e+02  -1.7413400e+01  -9.7723100e-01   7.3763500e+01  -1.0000000e+00
   1.9800000e+02   5.6078900e+00  -9.5423400e+00   5.6399900e+01   1.0000000e+00
   1.9900000e+02   1.6940200e+01  -3.8054500e+00   3.1602400e+01  -1.0000000e+00
   2.0000000e+02  -6.8756300e+00  -7.6638100e+00   5.6532800e+01   1.0000000e+00
   2.0100000e+02  -8.2385300e+00  -2.7012800e-01   5.6827700e+01   1.0000000e+00
   2.0200000e+02  -1.3669500e+01  -1.0411400e+00   5.7199700e+01   1.0000000e+00
   2.0300000e+02   5.5581500e-01  -3.9051600e+00   5.5545200e+01   1.0000000e+00
   2.0400000e+02   1.4659800e+00   9.9523600e+00   2.7454100e+01   2.0000000e+00
   2.0500000e+02   1.5084500e+01  -4.9649700e+00   5.8172700e+01  -2.0000000e+00
   2.0600000e+02   6.2084300e+00  -1.2767700e+00   5.5725800e+01   1.0000000e+00
   2.0700000e+02  -4.8041300e+00   1.0150600e+01   2.8490300e+01   2.0000000e+00
   2.0800000e+02  -1.5510100e+01  -1.9714300e+00   5.8198500e+01  -2.0000000e+00
   2.0900000e+02   7.9103200e+00   1.3340900e+01   2.7645500e+01  -2.0000000e+00
   2.1000000e+02   4.6513100e+00   1.1623800e+01   2.7458200e+01   2.0000000e+00
   2.1100000e+02  -1.1512200e+01   6.0747900e+00   5.7408300e+01   1.0000000e+00
   2.1200000e+02   1.5996400e+00   1.3603300e+01   2.7487300e+01   2.0000000e+00
   2.1300000e+02  -1.3347200e+01   7.2179400e+00   5.7662900e+01   1.0000000e+00
   2.1400000e+02   2.6339900e+00  -1.0438200e+00   3.5880800e+01  -3.0000000e+00
   2.1500000e+02  -8.0898700e+00   1.8436900e+00   5.6658200e+01   1.0000000e+00
   2.1600000e+02  -4.2101700e-01  -1.8546200e+01   5.4976700e+01  -1.0000000e+00
   2.1700000e+02   3.6877600e+00   1.3454200e+01   2.7357400e+01   2.0000000e+00
   2.1800000e+02   1.1049500e+01   1.4982900e+01   2.6889500e+01  -1.0000000e+00
   2.1900000e+02   1.6737100e+01  -8.2462500e+00   5.5629000e+01  -1.0000000e+00
   2.2000000e+02   9.4052700e+00   2.4798900e+00   9.8999400e+00  -3.0000000e+00
   2.2100000e+02   1.6823300e+01  -1.7215900e+00   3.4891400e+01  -2.0000000e+00
   2.2200000e+02   1.5142800e+01   1.1021700e+01   9.4560600e+00  -1.0000000e+00
   2.2300000e+02  -2.4733200e-01  -1.6499900e+01   5.6053200e+01  -2.0000000e+00
   2.2400000e+02  -6.4475200e+00  -1.4077300e+00   5.6584600e+01   1.0000000e+00
   2.2500000e+02   1.3387300e+01  -1.7561700e+00   2.8894900e+01  -3.0000000e+00
   2.2600000e+02  -3.9705300e+00   4.6894900e+00   1.6517200e+01  -3.0000000e+00
   2.2700000e+02  -5.0062700e+00  -6.7122600e+00   5.6086300e+01   1.0000000e+00
   2.2800000e+02  -5.5337000e+00   1.5622500e+01   3.4574500e+01  -2.0000000e+00
   2.2900000e+02  -1.2166800e+01  -6.2937600e+00   5.6211300e+01   1.0000000e+00
   2.3000000e+02  -1.3604200e+01   1.0274700e+00   5.7180800e+01   1.0000000e+00
   2.3100000e+02   1.8730800e+01  -8.6987000e-01   5.5417800e+01  -1.0000000e+00
   2.3200000e+02  -1.1835100e+01  -9.7010200e-02   5.7050600e+01   1.0000000e+00
   2.3300000e+02  -8.9769900e+00  -1.2727500e+01   5.6686100e+01   1.0000000e+00
   2.3400000e+02  -2.1542400e+00  -1.7389000e+01   4.0496000e+01  -1.0000000e+00
   2.3500000e+02   7.1867500e+00  -1.2713200e+01   5.6174500e+01   1.0000000e+00
   2.3600000e+02  -1.6060100e+01  -8.1230500e+00   2.7627500e+01  -1.0000000e+00
   2.3700000e+02  -1.2061500e+01  -4.2314100e+00   5.6680400e+01   1.0000000e+00
   2.3800000e+02  -1.5641500e+01  -4.0237900e+00   5.6784700e+01  -2.0000000e+00
   2.3900000e+02   1.2064200e+01   1.3116100e+01   2.6626100e+01  -2.0000000e+00
   2.4000000e+02   9.2279900e+00  -9.7763700e+00   4.3456000e+01   0.0000000e+00
   2.4100000e+02   1.3264300e+01  -3.8245200e+00   5.7041500e+01   1.0000000e+00
   2.4200000e+02  -1.7123300e+01   3.2423500e+00   6.8559000e+01  -2.0000000e+00
   2.4300000e+02   7.7658600e+00  -4.4876400e+00   5.5169600e+01   1.0000000e+00
   2.4400000e+02  -4.9370600e+00   6.5152500e+00   2.7719000e+01  -3.0000000e+00
   2.4500000e+02   3.1161200e-01  -8.1756000e+00   5.6221200e+01   1.0000000e+00
   2.4600000e+02   3.5192200e+00   9.8618700e+00   2.7712500e+01   2.0000000e+00
   2.4700000e+02  -2.8384100e+00   6.5127700e+00   2.8087400e+01   2.0000000e+00
   2.4800000e+02   2.4634600e+00  -3.1022500e+00   5.4761900e+01   1.0000000e+00
   2.4900000e+02   2.2828600e+00  -5.1526700e+00   5.5776300e+01   1.0000000e+00
   2.5000000e+02  -7.5232300e+00  -1.6143400e+01   4.1161700e+01  -1.0000000e+00
   2.5100000e+02  -4.5250700e-01   1.3649900e+01   2.8282500e+01   2.0000000e+00
   2.5200000e+02  -7.7156400e+00   1.2019000e+01   2.5851800e+01  -3.0000000e+00
   2.5300000e+02   3.8665000e+00  -8.3919800e+00   5.6284900e+01   1.0000000e+00
   2.5400000e+02   1.2841800e+01  -1.0017700e+01   5.5289500e+01  -2.0000000e+00
   2.5500000e+02  -9.6671700e+00   7.0292800e+00   5.8667800e+01   1.0000000e+00
   2.5600000e+02   1.2522100e+01   3.6557000e+00   3.5948200e+01  -3.0000000e+00
   2.5700000e+02   5.2079900e-01   1.1834300e+01   2.7824700e+01   2.0000000e+00
   2.5800000e+02   9.0470000e+00  -1.1858400e+01   5.5322500e+01   1.0000000e+00
   2.5900000e+02  -8.8623400e+00  -1.0669700e+01   5.6455000e+01   1.0000000e+00
   2.6000000e+02  -1.3400500e+01   5.1531500e+00   5.7635500e+01   1.0000000e+00
   2.6100000e+02  -5.6913600e+00  -1.7123800e+01   5.8021100e+01  -1.0000000e+00
   2.6200000e+02  -3.1495200e+00  -5.8287900e+00   5.5980700e+01   1.0000000e+00
   2.6300000e+02   1.1106500e+01  -8.8779600e+00   6.7091800e+01   0.0000000e+00
   2.6400000e+02  -6.7315600e+00  -5.5747600e+00   5.6470400e+01   1.0000000e+00
   2.6500000e+02  -6.2297100e+00   2.7309900e+00   5.5386900e+01  -3.0000000e+00
   2.6600000e+02   4.5027300e+00   8.0396600e+00   2.8105400e+01   2.0000000e+00
   2.6700000e+02  -1.5486600e+00   1.1888000e+01   2.7984500e+01   2.0000000e+00
   2.6800000e+02   2.2878400e+00   4.5158500e+00   2.7863400e+01   2.0000000e+00
   2.6900000e+02   1.5223500e+01   1.5491800e+00   3.9692400e+01  -3.0000000e+00
   2.7000000e+02  -1.3194000e+01   1.1358100e+01   6.9587700e+01  -2.0000000e+00
   2.7100000e+02  -3.6061100e+00   1.1946100e+01   2.7709600e+01   2.0000000e+00
   2.7200000e+02   5.7990900e+00   1.3409200e+01   2.7657900e+01   2.0000000e+00
   2.7300000e+02  -5.2660600e+00  -1.0886200e+01   5.6504600e+01   1.0000000e+00
   2.7400000e+02  -1.4646700e-01  -1.4364700e+01   5.6200400e+01   1.0000000e+00
   2.7500000e+02  -1.0432100e+01  -7.4625900e+00   5.6307300e+01   1.0000000e+00
   2.7600000e+02  -5.5448600e+00  -1.5043700e+01   5.6542700e+01  -2.0000000e+00
   2.7700000e+02  -3.4081700e+00  -9.9446900e+00   5.6343700e+01   1.0000000e+00
   2.7800000e+02   6.4708200e-01   1.5416600e+01   2.7914400e+01   2.0000000e+00
   2.7900000e+02  -8.7015900e-01   2.8447000e+00   1.6319100e+01  -3.0000000e+00
   2.8000000e+02   1.1555300e+01  -2.6781400e+00   5.6496800e+01   1.0000000e+00
   2.8100000e+02   6.4342300e+00   4.3811900e+00   2.7857300e+01   2.0000000e+00
   2.8200000e+02   1.3194300e+01  -5.8798600e+00   5.7021000e+01   1.0000000e+00
   2.8300000e+02   1.0535700e+01   4.1989900e+00   2.3869800e+01  -3.0000000e+00
   2.8400000e+02  -8.3502500e+00  -2.3724500e+00   5.6924300e+01   1.0000000e+00
   2.8500000e+02  -1.1703400e+01   1.9504500e+00   5.7188200e+01   1.0000000e+00
   2.8600000e+02  -3.0179000e+00  -3.7363200e+00   5.6691800e+01   1.0000000e+00
   2.8700000e+02   8.8538700e+00   1.1481800e+01   2.6812500e+01   2.0000000e+00
   2.8800000e+02  -6.0662100e+00   4.7912200e+00   5.5976800e+01  -3.0000000e+00
   2.8900000e+02   1.0931600e+01  -1.0964100e+01   5.5934100e+01   1.0000000e+00
   2.9000000e+02  -4.7133400e+00   1.7621100e+01   3.4395700e+01  -1.0000000e+00
   2.9100000e+02  -3.5530500e+00  -1.2035500e+01   5.5983900e+01   1.0000000e+00
   2.9200000e+02   1.1477100e+01   1.8736900e+00   1.3663200e+01  -3.0000000e+00
   2.9300000e+02  -1.0084400e+01   1.6215600e+01   4.3746300e+01  -1.0000000e+00
   2.9400000e+02   7.3440000e+00  -1.0662100e+01   5.5942700e+01   1.0000000e+00
   2.9500000e+02   7.3532400e+00   2.5438400e+00   4.0196000e+01  -3.0000000e+00
   2.9600000e+02   1.5102500e+01  -2.8814600e+00   3.0436200e+01  -2.0000000e+00
   2.9700000e+02  -7.2681100e+00  -1.3887200e+01   5.5939800e+01  -2.0000000e+00
   2.9800000e+02  -1.1147100e+01   1.4445400e+01   6.4072100e+01  -1.0000000e+00
   2.9900000e+02  -8.6035200e+00  -6.5191300e+00   5.6649700e+01   1.0000000e+00
