   0.0000000e+00  -6.7867400e+00  -1.3921200e+01   1.0000000e+00
   1.0000000e+00   1.5103700e+01  -6.0766000e+00  -1.0000000e+00
   2.0000000e+00  -1.7889300e+00   6.4688900e+00  -1.0000000e+00
   3.0000000e+00   1.0304100e+01   9.4551800e+00  -1.0000000e+00
   4.0000000e+00  -6.9738600e+00  -3.3772800e-01  -1.0000000e+00
   5.0000000e+00   1.8183100e+01   3.9126100e+00  -1.0000000e+00
   6.0000000e+00  -5.8527500e+00  -8.5191200e+00   1.0000000e+00
   7.0000000e+00  -4.1240400e+00   1.1487600e+01  -1.0000000e+00
   8.0000000e+00  -9.5612900e+00   1.1966200e+01  -1.0000000e+00
   9.0000000e+00   4.2409600e+00   7.9744800e+00  -1.0000000e+00
   1.0000000e+01   5.0364000e+00  -1.8367200e+01   1.0000000e+00
   1.1000000e+01  -1.6843400e+01  -8.0328500e+00   1.0000000e+00
   1.2000000e+01   2.8060800e+00   9.4535800e+00  -1.0000000e+00
   1.3000000e+01   3.1355200e+00   3.9729500e+00  -1.0000000e+00
   1.4000000e+01   5.7255100e+00   6.4581400e+00  -1.0000000e+00
   1.5000000e+01   8.8352100e+00  -2.0509600e+00  -1.0000000e+00
   1.6000000e+01  -2.0687500e+00   1.1938500e+01  -1.0000000e+00
   1.7000000e+01  -1.1090000e+01   1.3418500e+01  -1.0000000e+00
   1.8000000e+01  -1.4727100e+01   6.8774900e+00  -1.0000000e+00
   1.9000000e+01  -2.6728100e+00  -5.9134000e+00   1.0000000e+00
   2.0000000e+01   5.1383700e+00   4.4704900e+00  -1.0000000e+00
   2.1000000e+01   6.8235800e+00  -2.5318000e+00  -1.0000000e+00
   2.2000000e+01  -2.6535000e+00   9.9562300e+00  -1.0000000e+00
   2.3000000e+01   6.9883000e-01  -1.4765000e+01   1.0000000e+00
   2.4000000e+01   4.5747600e+00  -1.6198800e+01   1.0000000e+00
   2.5000000e+01   1.4323900e+01  -2.6045900e+00  -1.0000000e+00
   2.6000000e+01   1.3598400e+00   1.0922300e+01  -1.0000000e+00
   2.7000000e+01  -8.3817000e+00  -1.5326400e+01   1.0000000e+00
   2.8000000e+01  -1.2211700e+01   9.4319000e+00  -1.0000000e+00
   2.9000000e+01  -9.0585600e-01   3.0071700e+00  -1.0000000e+00
   3.0000000e+01  -7.1037900e+00  -1.1850800e+01   1.0000000e+00
   3.1000000e+01   2.6524800e+00  -1.5438700e+01   1.0000000e+00
   3.2000000e+01  -1.2634700e+01  -1.1647100e+01   1.0000000e+00
   3.3000000e+01   6.2473800e+00  -1.4775300e+01   1.0000000e+00
   3.4000000e+01   7.5942500e+00  -6.1239900e+00  -1.0000000e+00
   3.5000000e+01  -5.5135600e+00  -1.0561000e+01   1.0000000e+00
   3.6000000e+01   8.6007300e+00   1.6391900e+01  -1.0000000e+00
   3.7000000e+01   1.3506400e+01   9.0881400e-01  -1.0000000e+00
   3.8000000e+01  -1.0420900e-01  -4.9163800e-01  -1.0000000e+00
   3.9000000e+01   1.3777900e+01   8.4159000e+00  -1.0000000e+00
   4.0000000e+01   2.5700600e+00   1.4910500e+01  -1.0000000e+00
   4.1000000e+01   1.6619100e+01  -7.6997400e+00  -1.0000000e+00
   4.2000000e+01  -8.9862700e+00   4.5375200e-01  -1.0000000e+00
   4.3000000e+01   7.4484700e+00   1.2419500e+01  -1.0000000e+00
   4.4000000e+01   1.8396300e+01  -1.6189000e+00  -1.0000000e+00
   4.5000000e+01  -1.3276700e+01   5.4202300e+00  -1.0000000e+00
   4.6000000e+01  -1.6388600e+01   1.5958100e+00  -1.0000000e+00
   4.7000000e+01   6.2308000e+00  -4.5524800e+00  -1.0000000e+00
   4.8000000e+01  -5.5797300e+00   1.2966200e+01  -1.0000000e+00
   4.9000000e+01   1.0062600e+01   1.4931700e+01  -1.0000000e+00
   5.0000000e+01   6.5074600e+00  -1.6927000e+01   1.0000000e+00
   5.1000000e+01   5.1664300e+00   1.7432000e+01  -1.0000000e+00
   5.2000000e+01   7.9783200e+00   1.4422900e+01  -1.0000000e+00
   5.3000000e+01  -4.2527200e+00  -7.2240400e+00   1.0000000e+00
   5.4000000e+01   4.2207600e+00  -5.0090500e+00  -1.0000000e+00
   5.5000000e+01  -9.0700500e+00   1.3982300e+01  -1.0000000e+00
   5.6000000e+01   1.1176700e+00   1.6422200e+01  -1.0000000e+00
   5.7000000e+01  -5.2612400e+00   1.7357400e+00  -1.0000000e+00
   5.8000000e+01   8.0015900e+00   1.4612000e+00  -1.0000000e+00
   5.9000000e+01   5.5651800e+00  -6.5638000e+00  -1.0000000e+00
   6.0000000e+01   6.8559400e+00   1.0422000e+01  -1.0000000e+00
   6.1000000e+01  -4.6870600e+00   9.4807100e+00  -1.0000000e+00
   6.2000000e+01   1.1031000e+01  -7.1347000e+00  -1.0000000e+00
   6.3000000e+01   1.2482700e+01  -8.6463200e+00  -1.0000000e+00
   6.4000000e+01   1.1556500e+01   1.3516800e+01  -1.0000000e+00
   6.5000000e+01   5.4372700e+00   1.1923700e+01  -1.0000000e+00
   6.6000000e+01  -2.8623500e+00  -1.5370900e+01   1.0000000e+00
   6.7000000e+01   1.9735800e+00  -1.1347900e+01   1.0000000e+00
   6.8000000e+01   3.4701000e+00  -7.1672600e+00  -1.0000000e+00
   6.9000000e+01   9.6201500e+00  -5.6242100e+00  -1.0000000e+00
   7.0000000e+01  -1.0707300e+01  -1.2367700e+01   1.0000000e+00
   7.1000000e+01  -5.2641200e+00   7.4640000e+00  -1.0000000e+00
   7.2000000e+01   1.2933400e+01   1.1944800e+01  -1.0000000e+00
   7.3000000e+01  -3.8698200e-01   1.7956200e+01  -1.0000000e+00
   7.4000000e+01   1.6359700e+01  -2.0905500e+00  -1.0000000e+00
   7.5000000e+01   4.9951000e+00  -8.5504200e+00  -1.0000000e+00
   7.6000000e+01   1.6668600e+00  -9.3059500e+00   1.0000000e+00
   7.7000000e+01  -1.3894300e+01  -3.3037200e+00   1.0000000e+00
   7.8000000e+01  -1.2795800e+01   2.0778600e+00  -1.0000000e+00
   7.9000000e+01   1.0460900e+01  -9.1084000e+00  -1.0000000e+00
   8.0000000e+01  -1.1883300e+01  -1.5831400e+01   1.0000000e+00
   8.1000000e+01   1.7150200e+01  -5.7077500e+00  -1.0000000e+00
   8.2000000e+01  -1.2945900e+01  -9.5406700e+00   1.0000000e+00
   8.3000000e+01   1.9497900e+00  -2.6414600e-02  -1.0000000e+00
   8.4000000e+01  -1.5637700e+01   1.0387100e+01  -1.0000000e+00
   8.5000000e+01   9.4360900e+00  -3.0636600e-02  -1.0000000e+00
   8.6000000e+01   6.5732600e+00   1.5922300e+01  -1.0000000e+00
   8.7000000e+01   5.4600800e-01   1.4421500e+01  -1.0000000e+00
   8.8000000e+01   1.6920800e+01  -7.3614500e-02  -1.0000000e+00
   8.9000000e+01  -1.3580800e+01  -5.3887800e+00   1.0000000e+00
   9.0000000e+01  -4.4581200e+00  -1.6693200e+01   1.0000000e+00
   9.1000000e+01  -8.4056900e+00  -3.6248400e+00   1.0000000e+00
   9.2000000e+01   4.8212800e+00  -3.0398700e+00  -1.0000000e+00
   9.3000000e+01   1.3502500e+00  -1.9853000e+00  -1.0000000e+00
   9.4000000e+01  -1.4244300e+01  -1.2923100e+01   1.0000000e+00
   9.5000000e+01  -1.0897400e+01   1.2865600e+00  -1.0000000e+00
   9.6000000e+01   8.1608900e+00  -1.5536300e+01   1.0000000e+00
   9.7000000e+01  -1.2266600e+00  -4.4515700e+00  -1.0000000e+00
   9.8000000e+01  -3.8846300e+00  -9.2536600e+00   1.0000000e+00
   9.9000000e+01   9.9985700e+00   1.9513000e+00  -1.0000000e+00
   1.0000000e+02   5.8741200e+00  -1.2726400e+01   1.0000000e+00
   1.0100000e+02  -6.1834500e+00  -6.4645300e+00   1.0000000e+00
   1.0200000e+02  -1.4174900e+01  -1.2404200e+00   1.0000000e+00
   1.0300000e+02  -2.1355400e+00  -1.0147200e+00  -1.0000000e+00
   1.0400000e+02   2.2271400e+00  -5.5052700e+00  -1.0000000e+00
   1.0500000e+02  -7.0381400e-01  -6.5557500e+00   1.0000000e+00
   1.0600000e+02   1.0860200e+01  -1.5550200e+00  -1.0000000e+00
   1.0700000e+02   7.1891500e+00   1.7904500e+01  -1.0000000e+00
   1.0800000e+02  -7.5656600e+00   1.2471300e+01  -1.0000000e+00
   1.0900000e+02   6.2696900e+00   8.4285400e+00  -1.0000000e+00
   1.1000000e+02  -8.1191400e+00  -5.6879400e+00   1.0000000e+00
   1.1100000e+02  -1.6930300e+01   3.5999400e+00  -1.0000000e+00
   1.1200000e+02  -4.3814700e+00   3.9817400e+00  -1.0000000e+00
   1.1300000e+02   1.7795700e+01  -3.6734400e+00  -1.0000000e+00
   1.1400000e+02   1.0920000e+01   1.1456200e+01  -1.0000000e+00
   1.1500000e+02  -4.5456900e+00  -5.0775400e+00   1.0000000e+00
   1.1600000e+02  -8.1340500e+00  -1.7356600e+01   1.0000000e+00
   1.1700000e+02  -8.1648800e+00   1.0436500e+01  -1.0000000e+00
   1.1800000e+02  -3.5534000e+00  -1.1277400e+01   1.0000000e+00
   1.1900000e+02   3.9605100e+00   4.6090600e-01  -1.0000000e+00
   1.2000000e+02   1.3672200e+01  -4.6019800e+00  -1.0000000e+00
   1.2100000e+02  -1.0041200e+01  -4.8731400e+00   1.0000000e+00
   1.2200000e+02   7.7347700e+00   6.9397200e+00  -1.0000000e+00
   1.2300000e+02   8.2376800e+00  -4.0791100e+00  -1.0000000e+00
   1.2400000e+02   1.5227000e+01   6.8488900e+00  -1.0000000e+00
   1.2500000e+02   4.2890000e+00  -1.4132500e+01   1.0000000e+00
   1.2600000e+02  -2.4066700e+00   1.7462800e+01  -1.0000000e+00
   1.2700000e+02   9.0212300e+00  -7.5977700e+00  -1.0000000e+00
   1.2800000e+02  -1.4756500e+00   1.3920100e+01  -1.0000000e+00
   1.2900000e+02   9.7926400e+00  -1.1194200e+01  -1.0000000e+00
   1.3000000e+02   1.0243300e+01  -3.5551800e+00  -1.0000000e+00
   1.3100000e+02   3.9077200e+00  -1.2100600e+01   1.0000000e+00
   1.3200000e+02   4.5694200e+00   1.5451600e+01  -1.0000000e+00
   1.3300000e+02  -1.5261500e+01   4.8475000e+00  -1.0000000e+00
   1.3400000e+02  -9.4233100e+00  -9.0340600e+00   1.0000000e+00
   1.3500000e+02  -1.8207700e+01   6.2968800e-01   1.0000000e+00
   1.3600000e+02   1.4623700e+01   4.8633000e+00  -1.0000000e+00
   1.3700000e+02  -1.7755500e+01  -1.7546900e+00   1.0000000e+00
   1.3800000e+02  -1.3094500e+01   1.2926100e+01  -1.0000000e+00
   1.3900000e+02  -4.9942300e+00  -9.5009900e-01  -1.0000000e+00
   1.4000000e+02  -9.2767300e+00   6.4346400e+00  -1.0000000e+00
   1.4100000e+02  -7.3358000e+00   1.6875200e+00  -1.0000000e+00
   1.4200000e+02  -1.2642200e+00  -1.4065400e+01   1.0000000e+00
   1.4300000e+02   1.5864200e+01  -9.6946000e+00  -1.0000000e+00
   1.4400000e+02   7.8418000e-01   8.9475500e+00  -1.0000000e+00
   1.4500000e+02   1.5517100e+01   1.4241900e+00  -1.0000000e+00
   1.4600000e+02   1.7349300e+01   7.4218200e+00  -1.0000000e+00
   1.4700000e+02   8.4617700e+00  -9.6135500e+00  -1.0000000e+00
   1.4800000e+02  -1.1670800e+01   1.1440200e+01  -1.0000000e+00
   1.4900000e+02  -8.7070600e+00   8.4312300e+00  -1.0000000e+00
   1.5000000e+02  -1.0627600e+01  -7.7174900e-01  -1.0000000e+00
   1.5100000e+02   1.0587200e+01   3.9325200e+00  -1.0000000e+00
   1.5200000e+02   1.4504700e+01  -8.0439300e+00  -1.0000000e+00
   1.5300000e+02   1.9474000e+00   1.2906300e+01  -1.0000000e+00
   1.5400000e+02  -1.4182900e+01   8.8488400e+00  -1.0000000e+00
   1.5500000e+02  -1.9483700e+00  -9.9807000e+00   1.0000000e+00
   1.5600000e+02   1.2252900e+01  -3.0788200e+00  -1.0000000e+00
   1.5700000e+02  -3.3750000e-01  -1.8302900e+01   1.0000000e+00
   1.5800000e+02  -1.1963200e+01  -4.1010400e+00   1.0000000e+00
   1.5900000e+02   1.6812600e+00   5.4561400e+00  -1.0000000e+00
   1.6000000e+02  -6.6971100e+00   8.9509900e+00  -1.0000000e+00
   1.6100000e+02   1.6433100e+01   1.0804000e+01  -1.0000000e+00
   1.6200000e+02   1.2308800e+01  -1.4760000e+01   1.0000000e+00
   1.6300000e+02  -3.5303200e+00   5.0516100e-01  -1.0000000e+00
   1.6400000e+02  -9.8455800e+00   4.4522200e+00  -1.0000000e+00
   1.6500000e+02   1.7572100e+01   1.8815900e+00  -1.0000000e+00
   1.6600000e+02   1.2333100e+01   9.9349400e+00  -1.0000000e+00
   1.6700000e+02  -1.1667200e+01  -6.1618200e+00   1.0000000e+00
   1.6800000e+02  -3.2452800e-01   4.9807000e+00  -1.0000000e+00
   1.6900000e+02  -6.0472800e+00  -1.7987200e+01   1.0000000e+00
   1.7000000e+02  -1.2538200e+01   1.0411900e-02  -1.0000000e+00
   1.7100000e+02  -1.5162100e+00   9.9609300e-01  -1.0000000e+00
   1.7200000e+02   2.3033800e+00  -1.3382100e+01   1.0000000e+00
   1.7300000e+02   6.5807000e+00   2.9981500e+00  -1.0000000e+00
   1.7400000e+02   1.3036800e+01  -6.5783100e+00  -1.0000000e+00
   1.7500000e+02  -3.2256200e+00   7.9741200e+00  -1.0000000e+00
   1.7600000e+02   3.4033800e+00   1.1426000e+01  -1.0000000e+00
   1.7700000e+02   1.4355000e+01   1.0434200e+01  -1.0000000e+00
   1.7800000e+02  -1.7521800e+01  -3.8590900e+00   1.0000000e+00
   1.7900000e+02   8.8584300e+00   1.0921600e+01  -1.0000000e+00
   1.8000000e+02  -2.9465100e+00   2.4691200e+00  -1.0000000e+00
   1.8100000e+02   3.0950300e+00  -1.7636900e+01   1.0000000e+00
   1.8200000e+02   1.1812800e+01  -1.0658700e+01  -1.0000000e+00
   1.8300000e+02  -3.3088300e-01  -8.6489900e+00   1.0000000e+00
   1.8400000e+02   9.1542700e+00   5.4513500e+00  -1.0000000e+00
   1.8500000e+02  -1.3656100e+01   1.0882200e+01  -1.0000000e+00
   1.8600000e+02  -1.6883900e+01   6.1805800e+00  -1.0000000e+00
   1.8700000e+02   3.9811200e+00   1.3391900e+01  -1.0000000e+00
   1.8800000e+02  -1.5552000e+01  -4.6249500e+00   1.0000000e+00
   1.8900000e+02  -6.7448300e+00  -2.3848600e+00  -1.0000000e+00
   1.9000000e+02  -1.4881400e+01  -8.8082900e+00   1.0000000e+00
   1.9100000e+02   7.4269000e+00  -5.2769300e-01  -1.0000000e+00
   1.9200000e+02  -5.8058200e+00   5.4799800e+00  -1.0000000e+00
   1.9300000e+02  -6.3820300e+00  -1.5940200e+01   1.0000000e+00
   1.9400000e+02  -1.6124200e+01  -5.0625400e-01   1.0000000e+00
   1.9500000e+02   7.0176200e+00  -8.0928400e+00  -1.0000000e+00
   1.9600000e+02  -7.8501000e+00   4.9631000e+00  -1.0000000e+00
   1.9700000e+02  -6.9662900e+00   1.4480700e+01  -1.0000000e+00
   1.9800000e+02  -1.2271500e+01  -1.3693200e+01   1.0000000e+00
   1.9900000e+02   3.5963300e+00  -1.0073000e+01   1.0000000e+00
   2.0000000e+02  -7.2587300e+00   6.9515500e+00  -1.0000000e+00
   2.0100000e+02  -1.7159300e+01  -5.9321500e+00   1.0000000e+00
   2.0200000e+02   1.1070100e+00  -1.6817700e+01   1.0000000e+00
   2.0300000e+02   2.3693800e-01   6.9599200e+00  -1.0000000e+00
   2.0400000e+02   2.2354800e+00   7.4730400e+00  -1.0000000e+00
   2.0500000e+02  -1.6243300e+01   8.2635700e+00  -1.0000000e+00
   2.0600000e+02   7.5508100e+00  -1.1455600e+01   1.0000000e+00
   2.0700000e+02  -1.5235400e+01  -6.6917600e+00   1.0000000e+00
   2.0800000e+02  -6.4832600e+00   1.6527300e+01  -1.0000000e+00
   2.0900000e+02  -6.1368700e+00   1.0966300e+01  -1.0000000e+00
   2.1000000e+02  -4.4210000e+00   1.6946100e+01  -1.0000000e+00
   2.1100000e+02   1.4919600e+01  -5.9882300e-01  -1.0000000e+00
   2.1200000e+02  -7.4473600e+00  -9.8151500e+00   1.0000000e+00
   2.1300000e+02  -1.4554600e+01  -1.0861300e+01   1.0000000e+00
   2.1400000e+02   7.9723900e-01  -3.9889400e+00  -1.0000000e+00
   2.1500000e+02  -1.2740300e+01   7.3977100e+00  -1.0000000e+00
   2.1600000e+02   8.5955700e+00   3.4602700e+00  -1.0000000e+00
   2.1700000e+02  -5.1856100e+00  -1.2588700e+01   1.0000000e+00
   2.1800000e+02   3.6874800e+00   5.9595900e+00  -1.0000000e+00
   2.1900000e+02  -8.6885700e+00  -1.5812700e+00  -1.0000000e+00
   2.2000000e+02  -9.7329400e+00  -6.9596700e+00   1.0000000e+00
   2.2100000e+02  -3.1943800e+00  -1.3319800e+01   1.0000000e+00
   2.2200000e+02  -4.8081000e+00  -1.4617900e+01   1.0000000e+00
   2.2300000e+02  -1.2273000e+01  -2.0286000e+00   1.0000000e+00
   2.2400000e+02   8.3152900e+00   8.9336600e+00  -1.0000000e+00
   2.2500000e+02   1.1732600e+01   7.9478400e+00  -1.0000000e+00
   2.2600000e+02  -1.4745400e+01   2.8523500e+00  -1.0000000e+00
   2.2700000e+02  -7.8101500e+00  -7.7361200e+00   1.0000000e+00
   2.2800000e+02  -1.3306800e+01  -7.4602800e+00   1.0000000e+00
   2.2900000e+02  -6.4515900e-01  -2.4771100e+00  -1.0000000e+00
   2.3000000e+02   1.3860400e+01  -1.0187400e+01  -1.0000000e+00
   2.3100000e+02   2.8136100e+00  -3.5139500e+00  -1.0000000e+00
   2.3200000e+02  -9.2187600e-01  -1.6087800e+01   1.0000000e+00
   2.3300000e+02   1.3178500e+01   6.3858200e+00  -1.0000000e+00
   2.3400000e+02   9.7421300e+00   7.4472100e+00  -1.0000000e+00
   2.3500000e+02   5.0586600e-01   1.4892700e+00  -1.0000000e+00
   2.3600000e+02   1.2604000e+01   4.3871800e+00  -1.0000000e+00
   2.3700000e+02  -1.0538500e+01   1.5435300e+01  -1.0000000e+00
   2.3800000e+02   1.5812200e+01   8.8403000e+00  -1.0000000e+00
   2.3900000e+02  -8.9019500e-01   1.5918900e+01  -1.0000000e+00
   2.4000000e+02  -1.5824100e+01  -2.5628800e+00   1.0000000e+00
   2.4100000e+02   1.6061800e+01   3.4030400e+00  -1.0000000e+00
   2.4200000e+02  -1.1837000e+01   3.8972400e+00  -1.0000000e+00
   2.4300000e+02  -1.0740500e+01   7.9729600e+00  -1.0000000e+00
   2.4400000e+02   1.1160700e+01   5.9084400e+00  -1.0000000e+00
   2.4500000e+02  -9.2183000e+00   2.4997100e+00  -1.0000000e+00
   2.4600000e+02   1.5735300e+01  -4.1205500e+00  -1.0000000e+00
   2.4700000e+02  -8.7167400e+00  -1.3214900e+01   1.0000000e+00
   2.4800000e+02   4.5772700e+00   2.4870600e+00  -1.0000000e+00
   2.4900000e+02  -1.5877700e+00  -1.2031300e+01   1.0000000e+00
   2.5000000e+02  -6.4967800e+00  -4.4194900e+00   1.0000000e+00
   2.5100000e+02  -4.7754100e+00  -3.0180100e+00  -1.0000000e+00
   2.5200000e+02   5.4074100e+00  -1.0409900e+00  -1.0000000e+00
   2.5300000e+02  -2.3569000e+00   4.4570400e+00  -1.0000000e+00
   2.5400000e+02  -2.6998600e+00  -3.0101400e+00  -1.0000000e+00
   2.5500000e+02   1.6702300e+01   5.3648000e+00  -1.0000000e+00
   2.5600000e+02   9.4829500e+00   1.2945300e+01  -1.0000000e+00
   2.5700000e+02   5.9675700e+00   9.6731500e-01  -1.0000000e+00
   2.5800000e+02  -1.2127400e+00   8.4538800e+00  -1.0000000e+00
   2.5900000e+02   7.8653100e+00  -1.3495900e+01   1.0000000e+00
   2.6000000e+02  -1.5087000e-02  -1.0691200e+01   1.0000000e+00
   2.6100000e+02  -3.7988800e+00   5.9956000e+00  -1.0000000e+00
   2.6200000e+02   1.1635200e+01  -5.0725700e+00  -1.0000000e+00
   2.6300000e+02   3.4043000e+00  -1.5372700e+00  -1.0000000e+00
   2.6400000e+02  -1.0190900e+01   9.9919500e+00  -1.0000000e+00
   2.6500000e+02   4.8546000e+00   9.9367000e+00  -1.0000000e+00
   2.6600000e+02  -2.5024300e+00  -1.7446700e+01   1.0000000e+00
   2.6700000e+02   1.2919600e+01  -1.0962500e+00  -1.0000000e+00
   2.6800000e+02  -4.9407900e+00   1.4961000e+01  -1.0000000e+00
   2.6900000e+02   1.2025000e+01   2.3913400e+00  -1.0000000e+00
   2.7000000e+02  -3.5229100e+00   1.3449600e+01  -1.0000000e+00
   2.7100000e+02  -1.0367200e+01  -2.8099300e+00   1.0000000e+00
   2.7200000e+02   9.9081500e+00  -1.3252900e+01   1.0000000e+00
   2.7300000e+02  -2.2588600e+00  -7.9266900e+00   1.0000000e+00
   2.7400000e+02  -1.1286400e+01   5.9346200e+00  -1.0000000e+00
   2.7500000e+02  -9.0583600e+00  -1.1107900e+01   1.0000000e+00
   2.7600000e+02   1.4975000e+01   1.2394400e+01  -1.0000000e+00
   2.7700000e+02   7.1384500e+00   4.9730000e+00  -1.0000000e+00
   2.7800000e+02   1.4063900e+01   2.8931300e+00  -1.0000000e+00
   2.7900000e+02  -6.4643700e-01   1.0447000e+01  -1.0000000e+00
   2.8000000e+02  -8.4868700e+00   1.5973500e+01  -1.0000000e+00
   2.8100000e+02   1.6559600e+00   1.8453700e+01  -1.0000000e+00
   2.8200000e+02   1.4020400e+01  -1.2324300e+01  -1.0000000e+00
   2.8300000e+02  -1.1031800e+01  -1.0331100e+01   1.0000000e+00
   2.8400000e+02   3.4539300e-01  -1.2727300e+01   1.0000000e+00
   2.8500000e+02   1.1508700e+01   3.9897900e-01  -1.0000000e+00
   2.8600000e+02  -1.4430800e+01   8.3121200e-01  -1.0000000e+00
   2.8700000e+02   3.1258700e+00   1.6985200e+01  -1.0000000e+00
   2.8800000e+02  -5.1091300e-02   1.2412500e+01  -1.0000000e+00
   2.8900000e+02   1.1980400e+01  -1.2709400e+01   1.0000000e+00
   2.9000000e+02  -2.9033800e+00   1.5437100e+01  -1.0000000e+00
   2.9100000e+02  -1.0346200e+01  -1.4454700e+01   1.0000000e+00
   2.9200000e+02   2.5620000e+00   1.9791300e+00  -1.0000000e+00
   2.9300000e+02   5.9821900e+00   1.3926200e+01  -1.0000000e+00
   2.9400000e+02   5.6167500e+00  -1.0620400e+01   1.0000000e+00
   2.9500000e+02  -1.1351400e+01  -8.2397100e+00   1.0000000e+00
   2.9600000e+02   1.1250500e+00   3.4678000e+00  -1.0000000e+00
   2.9700000e+02   1.2142100e+00  -7.2904800e+00   1.0000000e+00
   2.9800000e+02   1.0251100e+01  -1.5381300e+01   1.0000000e+00
   2.9900000e+02  -6.3761600e+00   3.5057600e+00  -1.0000000e+00
