   0.0000000e+00  -1.4246500e+01   6.1597800e-01   1.0000000e+00
   1.0000000e+00  -1.0684500e+01   1.8004000e-01   1.0000000e+00
   2.0000000e+00   1.4163900e+01   7.7037900e+00  -1.0000000e+00
   3.0000000e+00  -1.5015000e+01   8.1678400e+00  -1.0000000e+00
   4.0000000e+00   5.7342200e+00   6.3313100e-01  -1.0000000e+00
   5.0000000e+00  -6.4992100e+00   3.8101000e+00  -1.0000000e+00
   6.0000000e+00   3.9299300e+00  -9.2912100e+00   1.0000000e+00
   7.0000000e+00   4.8756600e+00  -3.7092900e+00  -1.0000000e+00
   8.0000000e+00   1.7734700e+01  -4.5587300e+00  -1.0000000e+00
   9.0000000e+00   1.2891700e+01   1.1102600e+01  -1.0000000e+00
   1.0000000e+01   1.4513300e+01   9.7530400e+00  -1.0000000e+00
   1.1000000e+01  -4.8805600e+00   2.5267500e+00  -1.0000000e+00
   1.2000000e+01   9.9496400e+00   4.1910500e+00  -1.0000000e+00
   1.3000000e+01   1.0673600e+01  -1.2671600e+01   1.0000000e+00
   1.4000000e+01   2.8799800e+00   5.3590400e+00  -1.0000000e+00
   1.5000000e+01  -1.1223600e+01  -1.8132800e+00   1.0000000e+00
   1.6000000e+01  -8.4560200e+00   3.0374000e+00  -1.0000000e+00
   1.7000000e+01  -2.2601700e+00   7.2916800e+00  -1.0000000e+00
   1.8000000e+01   1.4686100e+01  -1.3783900e+01   1.0000000e+00
   1.9000000e+01  -3.5084900e+00  -9.3978400e+00   1.0000000e+00
   2.0000000e+01  -4.5338300e+00  -1.8427700e+01   1.0000000e+00
   2.1000000e+01  -8.0590400e+00   1.6677600e+01  -1.0000000e+00
   2.2000000e+01   4.1538700e+00   1.9621000e+00  -1.0000000e+00
   2.3000000e+01  -4.2443500e+00   6.5955400e+00  -1.0000000e+00
   2.4000000e+01   4.1940500e+00   1.3582200e+01  -1.0000000e+00
   2.5000000e+01   8.4843600e+00  -4.2198600e+00  -1.0000000e+00
   2.6000000e+01  -1.5027500e+01  -8.2235600e+00   1.0000000e+00
   2.7000000e+01   7.9979400e+00   3.4383100e+00  -1.0000000e+00
   2.8000000e+01  -7.2047400e+00  -2.9175900e+00   1.0000000e+00
   2.9000000e+01   1.4793400e+01   2.7176300e-01  -1.0000000e+00
   3.0000000e+01   7.1541400e+00  -1.3729700e+01   1.0000000e+00
   3.1000000e+01  -3.6537300e+00  -9.1332100e-01  -1.0000000e+00
   3.2000000e+01  -1.5267800e+01   6.1011600e+00  -1.0000000e+00
   3.3000000e+01   7.9660500e+00  -1.0224900e+01   1.0000000e+00
   3.4000000e+01  -5.2139800e+00   5.0563500e-01  -1.0000000e+00
   3.5000000e+01   1.5771900e+01   6.3834600e+00  -1.0000000e+00
   3.6000000e+01  -1.3902700e+01   2.7462300e+00  -1.0000000e+00
   3.7000000e+01   9.6696300e+00   1.3682300e+01  -1.0000000e+00
   3.8000000e+01  -1.6386000e+00   1.1404400e+01  -1.0000000e+00
   3.9000000e+01   4.8153800e+00   6.0839000e+00  -1.0000000e+00
   4.0000000e+01   2.5161800e+00  -1.0837700e+01   1.0000000e+00
   4.1000000e+01   4.4613300e+00   4.0432700e+00  -1.0000000e+00
   4.2000000e+01   2.9856000e+00   1.6955000e+01  -1.0000000e+00
   4.3000000e+01   6.1677300e+00   1.4286500e+01  -1.0000000e+00
   4.4000000e+01   1.1284000e+01   1.2388700e+01  -1.0000000e+00
   4.5000000e+01  -6.7730300e+00   1.3287300e+01  -1.0000000e+00
   4.6000000e+01   6.3696800e+00  -1.7209400e+01   1.0000000e+00
   4.7000000e+01  -7.3463900e-02  -8.2951000e+00   1.0000000e+00
   4.8000000e+01  -3.5735000e+00   1.0662500e+01  -1.0000000e+00
   4.9000000e+01   3.4621300e+00  -2.1714100e+00  -1.0000000e+00
   5.0000000e+01  -1.4265100e+01   1.2275700e+01  -1.0000000e+00
   5.1000000e+01  -1.2139300e+01  -5.2780700e+00   1.0000000e+00
   5.2000000e+01   8.5846600e+00  -1.2192200e+01   1.0000000e+00
   5.3000000e+01   4.5363400e+00   1.5598100e+01  -1.0000000e+00
   5.4000000e+01  -9.7364500e+00   6.3745000e+00  -1.0000000e+00
   5.5000000e+01   1.8982100e+00  -8.3579100e-01  -1.0000000e+00
   5.6000000e+01   1.8981800e+00   1.0764600e+01  -1.0000000e+00
   5.7000000e+01  -8.1125100e+00  -6.3853100e+00   1.0000000e+00
   5.8000000e+01   3.5055400e+00   9.4562200e+00  -1.0000000e+00
   5.9000000e+01  -1.1965300e+01   1.5082700e+01  -1.0000000e+00
   6.0000000e+01  -1.1559100e+01  -7.3152000e+00   1.0000000e+00
   6.1000000e+01  -1.6638500e+01  -2.0443300e+00   1.0000000e+00
   6.2000000e+01  -1.3164900e+00   1.8153000e+00  -1.0000000e+00
   6.3000000e+01  -3.2623600e+00   1.1540500e+00  -1.0000000e+00
   6.4000000e+01   1.5131000e+01   2.2996900e+00  -1.0000000e+00
   6.5000000e+01   7.3823000e+00   1.0936200e+01  -1.0000000e+00
   6.6000000e+01   8.4126400e-01  -1.7855500e+01   1.0000000e+00
   6.7000000e+01   7.6650900e+00   1.3687400e+00  -1.0000000e+00
   6.8000000e+01  -1.4669100e+01  -2.6277400e+00   1.0000000e+00
   6.9000000e+01   8.4369200e+00   1.7099600e+01  -1.0000000e+00
   7.0000000e+01  -3.2171900e+00  -1.6830100e+01   1.0000000e+00
   7.1000000e+01  -6.1090300e+00  -6.9054700e+00   1.0000000e+00
   7.2000000e+01   6.7685100e-01   1.4130500e+01  -1.0000000e+00
   7.3000000e+01  -1.1264700e+01  -1.4874200e+01   1.0000000e+00
   7.4000000e+01  -2.9327800e+00  -1.1383300e+01   1.0000000e+00
   7.5000000e+01   1.7480300e+01   5.1038700e+00  -1.0000000e+00
   7.6000000e+01  -1.2696600e+01  -3.2643000e+00   1.0000000e+00
   7.7000000e+01  -1.5507100e+01   4.0583000e+00  -1.0000000e+00
   7.8000000e+01   1.1905800e+01   4.9134000e+00  -1.0000000e+00
   7.9000000e+01   1.3214900e+01  -1.5265700e+01   1.0000000e+00
   8.0000000e+01   3.1770100e-01   1.2108100e+01  -1.0000000e+00
   8.1000000e+01   9.2689400e+00   4.4027100e-02  -1.0000000e+00
   8.2000000e+01   5.3792700e+00  -1.4412300e+00  -1.0000000e+00
   8.3000000e+01  -6.9793200e+00  -1.0410300e+01   1.0000000e+00
   8.4000000e+01   1.0544700e+01  -3.2297000e+00  -1.0000000e+00
   8.5000000e+01   1.0615600e+01   8.2677300e+00  -1.0000000e+00
   8.6000000e+01  -4.9542000e+00  -1.0883100e+01   1.0000000e+00
   8.7000000e+01   3.1983300e+00   7.3998200e+00  -1.0000000e+00
   8.8000000e+01  -2.5096400e+00   1.6813600e+01  -1.0000000e+00
   8.9000000e+01  -1.7052500e+01  -7.6440400e+00   1.0000000e+00
   9.0000000e+01  -1.3034500e+01   8.9534600e+00  -1.0000000e+00
   9.1000000e+01  -1.6119100e+01  -4.0995200e+00   1.0000000e+00
   9.2000000e+01  -5.2306100e+00  -1.6396100e+01   1.0000000e+00
   9.3000000e+01  -9.5642500e+00  -7.8524200e+00   1.0000000e+00
   9.4000000e+01   8.7080400e+00   7.5447300e+00  -1.0000000e+00
   9.5000000e+01  -1.0689900e+01  -3.8156400e+00   1.0000000e+00
   9.6000000e+01   9.3278400e+00   1.1663900e+01  -1.0000000e+00
   9.7000000e+01   4.7906700e+00  -5.7678400e+00   1.0000000e+00
   9.8000000e+01   7.3658400e+00  -8.2673900e+00   1.0000000e+00
   9.9000000e+01   8.6686000e+00  -6.6127500e+00   1.0000000e+00
   1.0000000e+02  -1.0064400e+01   4.3218800e+00  -1.0000000e+00
   1.0100000e+02   9.2141100e+00  -1.4181600e+01   1.0000000e+00
   1.0200000e+02  -1.5579000e+01  -6.2080700e+00   1.0000000e+00
   1.0300000e+02  -1.1246700e+00  -4.0655300e+00   1.0000000e+00
   1.0400000e+02   3.1443800e+00  -1.2837200e+01   1.0000000e+00
   1.0500000e+02  -5.7562500e+00  -1.4789500e+00   1.0000000e+00
   1.0600000e+02  -1.2340700e+01   1.3065800e+01  -1.0000000e+00
   1.0700000e+02   1.5120900e+01  -7.4101400e+00   1.0000000e+00
   1.0800000e+02   2.5691000e+00   1.4928200e+01  -1.0000000e+00
   1.0900000e+02   8.0770200e+00   1.5033200e+01  -1.0000000e+00
   1.1000000e+02  -2.3297500e+00  -1.3369400e+01   1.0000000e+00
   1.1100000e+02   6.4085600e+00   4.7564900e+00  -1.0000000e+00
   1.1200000e+02  -5.8446600e+00   7.8848600e+00  -1.0000000e+00
   1.1300000e+02   1.1224700e+01  -1.4693700e+01   1.0000000e+00
   1.1400000e+02   1.2121200e+01  -1.1168100e+01   1.0000000e+00
   1.1500000e+02   5.1503800e+00  -1.3264900e+01   1.0000000e+00
   1.1600000e+02   1.8359000e+01  -3.6022500e-01  -1.0000000e+00
   1.1700000e+02   2.5359700e+00   3.2612600e+00  -1.0000000e+00
   1.1800000e+02   1.5499200e+01   4.3204100e+00  -1.0000000e+00
   1.1900000e+02  -2.0841500e+00  -7.9079800e+00   1.0000000e+00
   1.2000000e+02   8.3444600e+00   5.4841500e+00  -1.0000000e+00
   1.2100000e+02   9.7933600e+00  -1.6219600e+01   1.0000000e+00
   1.2200000e+02  -1.0327000e+01   1.3831800e+01  -1.0000000e+00
   1.2300000e+02  -1.3351400e+01   6.8865400e+00  -1.0000000e+00
   1.2400000e+02   9.6009900e+00   2.0978100e+00  -1.0000000e+00
   1.2500000e+02  -7.7100700e+00  -8.2810500e-01   1.0000000e+00
   1.2600000e+02  -8.6618400e+00  -4.3711900e+00   1.0000000e+00
   1.2700000e+02  -1.1966300e+01   3.5443600e+00  -1.0000000e+00
   1.2800000e+02  -9.0128400e+00  -9.8665600e+00   1.0000000e+00
   1.2900000e+02   1.6958500e+00  -1.4366900e+01   1.0000000e+00
   1.3000000e+02  -7.2458300e+00  -1.5914400e+01   1.0000000e+00
   1.3100000e+02   1.2244700e+01   6.9951700e+00  -1.0000000e+00
   1.3200000e+02   1.2173200e+01  -4.5414000e+00  -1.0000000e+00
   1.3300000e+02  -9.2180200e+00  -2.2823700e+00   1.0000000e+00
   1.3400000e+02   1.3614700e+01  -9.6964400e+00   1.0000000e+00
   1.3500000e+02   3.8057300e+00  -9.3064600e-02  -1.0000000e+00
   1.3600000e+02   1.0242900e+01  -5.2925200e+00  -1.0000000e+00
   1.3700000e+02   1.2735700e+01  -1.3181200e+01   1.0000000e+00
   1.3800000e+02   5.3755900e+00  -7.7503700e+00   1.0000000e+00
   1.3900000e+02  -4.0837100e+00  -7.4294900e+00   1.0000000e+00
   1.4000000e+02  -9.4087800e+00   8.4270600e+00  -1.0000000e+00
   1.4100000e+02   6.8541400e+00  -5.5624200e+00   1.0000000e+00
   1.4200000e+02  -1.3302400e+01  -1.4405400e+01   1.0000000e+00
   1.4300000e+02   1.6408100e+01  -1.0381600e+00  -1.0000000e+00
   1.4400000e+02   1.2515200e+01  -2.5074200e+00  -1.0000000e+00
   1.4500000e+02   3.6982500e+00  -1.4866100e+01   1.0000000e+00
   1.4600000e+02  -1.9654900e+00   9.3283700e+00  -1.0000000e+00
   1.4700000e+02   1.4918100e+01   1.1811500e+01  -1.0000000e+00
   1.4800000e+02  -1.2238400e+00  -1.7404500e+01   1.0000000e+00
   1.4900000e+02  -1.0379900e+01   2.2520200e+00  -1.0000000e+00
   1.5000000e+02   5.7982900e+00   1.2260800e+01  -1.0000000e+00
   1.5100000e+02   1.3200200e+01   1.5825100e+00  -1.0000000e+00
   1.5200000e+02   6.7737400e+00   6.7932100e+00  -1.0000000e+00
   1.5300000e+02  -1.7321800e+01   6.1343600e+00  -1.0000000e+00
   1.5400000e+02  -2.0611800e+00  -2.2353200e+00   1.0000000e+00
   1.5500000e+02  -1.1013500e+01   9.7260200e+00  -1.0000000e+00
   1.5600000e+02  -8.4022300e+00  -1.1906000e+01   1.0000000e+00
   1.5700000e+02  -7.4614400e+00   9.1967000e+00  -1.0000000e+00
   1.5800000e+02  -9.2720000e+00  -1.5417500e+01   1.0000000e+00
   1.5900000e+02   1.5694500e+01  -9.4704100e+00   1.0000000e+00
   1.6000000e+02  -8.1410100e+00   5.0753900e+00  -1.0000000e+00
   1.6100000e+02   5.7291800e+00  -1.5245800e+01   1.0000000e+00
   1.6200000e+02  -4.6534300e+00  -5.4430000e+00   1.0000000e+00
   1.6300000e+02   1.5731500e+01  -5.2189300e+00  -1.0000000e+00
   1.6400000e+02   9.3981900e+00  -8.7046300e+00   1.0000000e+00
   1.6500000e+02  -1.3562600e+01   4.8308300e+00  -1.0000000e+00
   1.6600000e+02  -6.3120700e-01   1.7688600e+01  -1.0000000e+00
   1.6700000e+02   1.7176700e+01   3.0479500e+00  -1.0000000e+00
   1.6800000e+02  -7.1121100e+00   1.1215700e+01  -1.0000000e+00
   1.6900000e+02   1.0298300e+01   6.2233700e+00  -1.0000000e+00
   1.7000000e+02   1.2567900e+01   9.0419400e+00  -1.0000000e+00
   1.7100000e+02  -9.4438100e-01   1.5473800e+01  -1.0000000e+00
   1.7200000e+02  -6.2769800e-01  -6.2966800e+00   1.0000000e+00
   1.7300000e+02  -2.8960700e+00   1.4760900e+01  -1.0000000e+00
   1.7400000e+02   2.5477200e-01   4.9869700e-01  -1.0000000e+00
   1.7500000e+02  -2.9363600e+00   3.2103500e+00  -1.0000000e+00
   1.7600000e+02  -1.4943000e+00  -9.8826700e+00   1.0000000e+00
   1.7700000e+02  -1.4490200e+01  -1.0217800e+01   1.0000000e+00
   1.7800000e+02  -6.2059100e+00   5.8465700e+00  -1.0000000e+00
   1.7900000e+02   2.8923500e+00  -1.8352000e+01   1.0000000e+00
   1.8000000e+02  -1.7516200e+01   3.4261000e+00  -1.0000000e+00
   1.8100000e+02  -1.8111000e+01  -3.5495100e+00   1.0000000e+00
   1.8200000e+02  -9.0550000e+00   1.0484400e+01  -1.0000000e+00
   1.8300000e+02  -1.6239100e+01  -2.4751500e-02   1.0000000e+00
   1.8400000e+02  -1.2472500e+01  -1.0800500e+01   1.0000000e+00
   1.8500000e+02  -1.6966300e+00  -2.1496600e-01  -1.0000000e+00
   1.8600000e+02   5.1498200e+00   8.1135700e+00  -1.0000000e+00
   1.8700000e+02   1.8871100e+01   1.8019300e+00  -1.0000000e+00
   1.8800000e+02  -1.0143600e+01  -5.8236400e+00   1.0000000e+00
   1.8900000e+02   4.3288200e+00  -1.6863400e+01   1.0000000e+00
   1.9000000e+02  -1.1955700e+01  -1.2834500e+01   1.0000000e+00
   1.9100000e+02   6.4728100e+00   1.6319100e+01  -1.0000000e+00
   1.9200000e+02  -9.9001800e+00  -1.3339100e+01   1.0000000e+00
   1.9300000e+02  -1.1661100e+01   5.6364500e+00  -1.0000000e+00
   1.9400000e+02  -9.1082700e-01  -1.1885000e+01   1.0000000e+00
   1.9500000e+02   2.8594400e+00  -4.8328000e+00   1.0000000e+00
   1.9600000e+02   1.9410000e+00  -8.7672500e+00   1.0000000e+00
   1.9700000e+02  -1.7792000e+01   1.3222700e+00   1.0000000e+00
   1.9800000e+02   1.4162200e+01  -3.8398600e+00  -1.0000000e+00
   1.9900000e+02   2.2711000e+00   1.2830900e+01  -1.0000000e+00
   2.0000000e+02  -2.8316400e-01   8.0122400e+00  -1.0000000e+00
   2.0100000e+02   6.7887600e+00  -2.9382400e+00  -1.0000000e+00
   2.0200000e+02  -1.0666900e+01   1.1785400e+01  -1.0000000e+00
   2.0300000e+02   1.4607600e+00  -2.8602400e+00  -1.0000000e+00
   2.0400000e+02   8.0952700e-01  -4.8037400e+00   1.0000000e+00
   2.0500000e+02  -6.8235400e+00   1.7816000e+00  -1.0000000e+00
   2.0600000e+02   1.6100300e+01  -3.1893800e+00  -1.0000000e+00
   2.0700000e+02   1.1619400e+01   1.4524800e+01  -1.0000000e+00
   2.0800000e+02   1.3535500e+01   3.6278000e+00  -1.0000000e+00
   2.0900000e+02   1.0020100e+00   1.6268400e+01  -1.0000000e+00
   2.1000000e+02   2.2102100e+00   1.2053600e+00  -1.0000000e+00
   2.1100000e+02   2.3006100e+00  -1.6367700e+01   1.0000000e+00
   2.1200000e+02  -8.4139800e+00   1.4593200e+01  -1.0000000e+00
   2.1300000e+02  -2.6477600e+00  -5.9329700e+00   1.0000000e+00
   2.1400000e+02  -1.4833400e+01   1.0260400e+01  -1.0000000e+00
   2.1500000e+02  -5.5075900e+00   9.9120500e+00  -1.0000000e+00
   2.1600000e+02   1.0923500e+01  -7.2328000e+00   1.0000000e+00
   2.1700000e+02   1.3853100e+01   5.6657200e+00  -1.0000000e+00
   2.1800000e+02  -4.5723900e+00   4.5575100e+00  -1.0000000e+00
   2.1900000e+02   1.2919800e+01  -7.7401400e+00   1.0000000e+00
   2.2000000e+02   1.6792200e+01   9.8761800e-01  -1.0000000e+00
   2.2100000e+02   6.1540100e-01   2.5234700e+00  -1.0000000e+00
   2.2200000e+02  -3.2408100e+00   1.2689100e+01  -1.0000000e+00
   2.2300000e+02  -7.8524400e+00  -1.3913900e+01   1.0000000e+00
   2.2400000e+02   1.3810100e+00  -6.7864800e+00   1.0000000e+00
   2.2500000e+02   1.3248600e+01   1.3148600e+01  -1.0000000e+00
   2.2600000e+02   4.9178300e+00   1.7730400e+01  -1.0000000e+00
   2.2700000e+02   1.2851900e+00   6.6538000e+00  -1.0000000e+00
   2.2800000e+02  -6.1325100e+00   1.7422500e+01  -1.0000000e+00
   2.2900000e+02  -6.6695900e+00  -4.9298600e+00   1.0000000e+00
   2.3000000e+02   6.5644100e+00  -1.1744000e+01   1.0000000e+00
   2.3100000e+02  -4.5020600e+00   1.6152200e+01  -1.0000000e+00
   2.3200000e+02  -1.5842500e+01   2.0075800e+00   1.0000000e+00
   2.3300000e+02  -4.8284700e+00   1.4039100e+01  -1.0000000e+00
   2.3400000e+02  -1.7479000e+00  -1.5380500e+01   1.0000000e+00
   2.3500000e+02  -1.3550600e+01  -6.7931000e+00   1.0000000e+00
   2.3600000e+02  -1.3052900e+00   1.3443200e+01  -1.0000000e+00
   2.3700000e+02  -3.7721900e+00  -1.4837400e+01   1.0000000e+00
   2.3800000e+02   5.1341600e-01  -1.0362700e+01   1.0000000e+00
   2.3900000e+02   1.1234300e+01   8.3222500e-01  -1.0000000e+00
   2.4000000e+02  -1.2298000e+01   1.4463100e+00  -1.0000000e+00
   2.4100000e+02   7.3273700e+00  -7.0656200e-01  -1.0000000e+00
   2.4200000e+02  -3.2013100e+00  -3.9496500e+00   1.0000000e+00
   2.4300000e+02   1.0967900e+00  -1.2371700e+01   1.0000000e+00
   2.4400000e+02  -2.5874900e+00   5.2398200e+00  -1.0000000e+00
   2.4500000e+02  -1.1419900e+01   7.6891800e+00  -1.0000000e+00
   2.4600000e+02  -1.7573400e+01  -5.5528000e+00   1.0000000e+00
   2.4700000e+02  -6.5006200e-01   5.9520100e+00  -1.0000000e+00
   2.4800000e+02   1.0016600e+01  -1.0723500e+01   1.0000000e+00
   2.4900000e+02  -1.8242600e+01  -7.1176700e-01   1.0000000e+00
   2.5000000e+02  -6.4117700e+00   1.5371600e+01  -1.0000000e+00
   2.5100000e+02  -3.8961700e+00   8.6219100e+00  -1.0000000e+00
   2.5200000e+02  -7.5556100e+00  -8.3984900e+00   1.0000000e+00
   2.5300000e+02   1.5207000e+01   1.3852300e+01  -1.0000000e+00
   2.5400000e+02   8.7716600e+00  -2.1733800e+00  -1.0000000e+00
   2.5500000e+02   8.9849000e+00   9.6277200e+00  -1.0000000e+00
   2.5600000e+02  -1.2349300e-01  -1.5350500e+00  -1.0000000e+00
   2.5700000e+02  -1.6552900e+01  -9.6702800e+00   1.0000000e+00
   2.5800000e+02   1.2858800e+01  -4.7177100e-01  -1.0000000e+00
   2.5900000e+02   1.4493400e+01  -1.7999200e+00  -1.0000000e+00
   2.6000000e+02   1.6152000e+01   8.4218700e+00  -1.0000000e+00
   2.6100000e+02  -5.1773900e+00   1.1975300e+01  -1.0000000e+00
   2.6200000e+02   1.4310100e+01  -1.1651800e+01   1.0000000e+00
   2.6300000e+02   1.0904100e+01  -1.1936700e+00  -1.0000000e+00
   2.6400000e+02  -1.4138600e+01  -4.7363800e+00   1.0000000e+00
   2.6500000e+02   1.1535100e+01   2.8749900e+00  -1.0000000e+00
   2.6600000e+02  -1.0469700e+01  -1.1347100e+01   1.0000000e+00
   2.6700000e+02  -3.4637800e-02   1.0071600e+01  -1.0000000e+00
   2.6800000e+02   3.3818600e+00  -7.2707400e+00   1.0000000e+00
   2.6900000e+02  -1.3991900e+01   1.4340000e+01  -1.0000000e+00
   2.7000000e+02   6.0677300e+00   2.7221500e+00  -1.0000000e+00
   2.7100000e+02  -4.3688100e+00  -1.2869600e+01   1.0000000e+00
   2.7200000e+02   3.8608400e+00   1.1512500e+01  -1.0000000e+00
   2.7300000e+02  -8.7012500e+00   1.2518200e+01  -1.0000000e+00
   2.7400000e+02  -6.4025100e+00  -1.2377600e+01   1.0000000e+00
   2.7500000e+02  -1.3965200e+01  -1.2236700e+01   1.0000000e+00
   2.7600000e+02   1.0945900e+01   1.0349500e+01  -1.0000000e+00
   2.7700000e+02   9.4996600e-01   4.6046900e+00  -1.0000000e+00
   2.7800000e+02  -7.7958300e+00   7.1496400e+00  -1.0000000e+00
   2.7900000e+02  -3.3058600e-01  -1.3863100e+01   1.0000000e+00
   2.8000000e+02  -1.3015000e+01  -8.7795300e+00   1.0000000e+00
   2.8100000e+02  -5.1864100e+00  -3.4582600e+00   1.0000000e+00
   2.8200000e+02  -1.0042400e+01   1.5900700e+01  -1.0000000e+00
   2.8300000e+02   5.4451900e+00   1.0162300e+01  -1.0000000e+00
   2.8400000e+02   4.5336200e+00  -1.1288600e+01   1.0000000e+00
   2.8500000e+02  -8.7492400e+00   9.8695400e-01  -1.0000000e+00
   2.8600000e+02   7.7951200e+00  -1.5724700e+01   1.0000000e+00
   2.8700000e+02   7.0729000e+00   8.8568600e+00  -1.0000000e+00
   2.8800000e+02  -1.2639300e+01   1.1001500e+01  -1.0000000e+00
   2.8900000e+02   1.3752500e+01  -5.8550400e+00  -1.0000000e+00
   2.9000000e+02  -1.1032700e+01  -9.3176400e+00   1.0000000e+00
   2.9100000e+02  -1.3186400e+01  -1.1873300e+00   1.0000000e+00
   2.9200000e+02   1.8027000e+01  -2.4675000e+00  -1.0000000e+00
   2.9300000e+02  -1.0030500e+00   3.8972900e+00  -1.0000000e+00
   2.9400000e+02   2.6931300e-01  -1.5881000e+01   1.0000000e+00
   2.9500000e+02  -5.5323700e+00  -8.9117300e+00   1.0000000e+00
   2.9600000e+02  -5.7945500e+00  -1.4385700e+01   1.0000000e+00
   2.9700000e+02   7.7328400e+00   1.2961800e+01  -1.0000000e+00
   2.9800000e+02   1.1467300e+01  -9.2055000e+00   1.0000000e+00
   2.9900000e+02   5.9492300e+00  -9.7584800e+00   1.0000000e+00
