   0.0000000e+00  -1.4139400e+01   8.3075100e+00   4.9798900e+01  -2.0000000e+00
   1.0000000e+00   6.2495600e+00   9.8563400e+00   4.8687500e+01   1.0000000e+00
   2.0000000e+00   6.0110200e+00   7.2301400e+00   3.5304900e+01  -3.0000000e+00
   3.0000000e+00   1.3088700e+01  -1.6435100e+00   2.1105000e+01   2.0000000e+00
   4.0000000e+00   1.3851300e+01  -3.5818900e+00   2.1192900e+01   2.0000000e+00
   5.0000000e+00  -1.5446700e+01  -9.5196200e+00   3.5384400e+01  -1.0000000e+00
   6.0000000e+00   4.3228200e+00   9.1200900e+00   4.7745100e+01   1.0000000e+00
   7.0000000e+00   1.5331500e+01  -7.4903100e+00   2.0836200e+01  -2.0000000e+00
   8.0000000e+00  -1.5101200e+01  -7.4839400e+00   5.1094300e+01  -2.0000000e+00
   9.0000000e+00   2.3703700e+00   8.4859400e+00   4.8935000e+01   1.0000000e+00
   1.0000000e+01  -1.5850900e+00   1.6640000e+01   3.6073000e+01  -2.0000000e+00
   1.1000000e+01   1.2710900e+01  -1.0728200e+01   1.9930700e+01   2.0000000e+00
   1.2000000e+01   1.9844800e+00  -1.8203400e+01   2.1332300e+01  -1.0000000e+00
   1.3000000e+01   4.3158900e+00  -3.9371700e+00   2.1291600e+01   2.0000000e+00
   1.4000000e+01   5.1706100e+00   1.3281000e+01   4.8492800e+01   1.0000000e+00
   1.5000000e+01  -9.9232700e+00  -9.3758100e+00   5.0554300e+01   1.0000000e+00
   1.6000000e+01   1.3389200e+01   7.4491500e+00   3.9089800e+01  -2.0000000e+00
   1.7000000e+01  -1.1579000e+01  -1.4293500e+01   3.8392400e+00  -1.0000000e+00
   1.8000000e+01   5.6284400e+00  -2.3180000e+00   2.0887300e+01   2.0000000e+00
   1.9000000e+01   6.5204100e+00  -9.7239400e+00   2.0661900e+01   2.0000000e+00
   2.0000000e+01  -1.7566300e+01  -6.0135700e-01   6.4751900e+01  -1.0000000e+00
   2.1000000e+01   1.3309600e+01  -7.1669300e+00   2.0943500e+01   2.0000000e+00
   2.2000000e+01   4.4699500e+00  -9.4061000e+00   2.0912400e+01   2.0000000e+00
   2.3000000e+01  -8.2456500e+00   1.0437200e+01   4.9986000e+01   1.0000000e+00
   2.4000000e+01  -1.4798300e+01  -5.3605500e+00   5.0782700e+01  -2.0000000e+00
   2.5000000e+01   1.4131200e+01   5.4806000e+00   2.1864900e+01   2.0000000e+00
   2.6000000e+01   1.5460600e+00   4.3929800e+00   1.8123600e+01  -3.0000000e+00
   2.7000000e+01   1.3859100e+01   9.4900200e+00   6.4929000e+01  -1.0000000e+00
   2.8000000e+01   9.1316000e+00   1.4605300e+01   3.7194600e+01  -2.0000000e+00
   2.9000000e+01  -8.3584100e+00  -1.0703400e+01   2.5393500e+01  -3.0000000e+00
   3.0000000e+01  -6.6512600e+00   9.1276600e+00   4.9552500e+01   1.0000000e+00
   3.1000000e+01   4.9145800e+00  -3.6897800e-01   2.1097000e+01   2.0000000e+00
   3.2000000e+01  -1.9363200e+00   5.0569700e+00   4.9407400e+01   1.0000000e+00
   3.3000000e+01  -3.9652300e+00   1.3959000e+01   5.0104200e+01   1.0000000e+00
   3.4000000e+01  -1.4881400e+01   4.2579400e+00   5.0332600e+01  -2.0000000e+00
   3.5000000e+01  -3.5328900e+00   6.4126300e+00   4.9408000e+01   1.0000000e+00
   3.6000000e+01  -1.1595300e+00  -3.5298100e-01   6.0887100e+01  -3.0000000e+00
   3.7000000e+01   5.0347900e-01  -1.4288100e+01   2.0205400e+01   2.0000000e+00
   3.8000000e+01  -1.2900200e+01   4.9326200e+00   4.9759700e+01   1.0000000e+00
   3.9000000e+01  -1.2575200e+01   6.9742300e+00   5.0013600e+01   1.0000000e+00
   4.0000000e+01  -1.0648500e+01   7.6824500e+00   4.9544300e+01   1.0000000e+00
   4.1000000e+01  -3.4994200e+00  -3.0605400e+00   5.0428500e+01   1.0000000e+00
   4.2000000e+01  -1.3494000e+01  -8.7621000e+00   5.0728600e+01  -2.0000000e+00
   4.3000000e+01   1.2223200e+00  -1.6264100e+01   2.0533000e+01  -2.0000000e+00
   4.4000000e+01  -1.5765200e+00   7.0941200e+00   4.8997800e+01   1.0000000e+00
   4.5000000e+01   7.2446700e+00  -1.1689300e+01   2.0551900e+01   2.0000000e+00
   4.6000000e+01   2.8359200e+00  -3.0673300e-02   2.1825800e+01  -3.0000000e+00
   4.7000000e+01   9.7070400e+00  -2.9481200e+00   2.1651400e+01   2.0000000e+00
   4.8000000e+01  -8.9409800e+00  -1.5670800e+01   8.0285300e+00  -1.0000000e+00
   4.9000000e+01  -6.0718000e+00  -7.8870900e+00   3.2592200e+01  -3.0000000e+00
   5.0000000e+01   1.0268000e+01   1.1131000e+01   4.7838200e+01   1.0000000e+00
   5.1000000e+01  -6.3564000e+00  -1.1143300e+01   2.9828500e+01  -3.0000000e+00
   5.2000000e+01   3.5401600e+00  -1.9857100e+00   2.0885700e+01   2.0000000e+00
   5.3000000e+01  -8.6170900e+00  -1.1328000e+00   5.0125200e+01   1.0000000e+00
   5.4000000e+01   1.6067900e+01  -9.4146900e+00   7.6175200e+00  -1.0000000e+00
   5.5000000e+01   7.1362700e+00   1.3884600e+01   4.8703800e+01  -2.0000000e+00
   5.6000000e+01   9.8693400e-01  -5.2314600e+00   2.1105800e+01  -3.0000000e+00
   5.7000000e+01  -7.4650100e+00   1.4542100e+01   4.9828200e+01  -2.0000000e+00
   5.8000000e+01  -4.3100200e+00   2.3082300e+00   4.9259800e+01   1.0000000e+00
   5.9000000e+01   1.9794400e+00   1.5962800e+01   4.9560900e+01  -2.0000000e+00
   6.0000000e+01  -1.6841100e+01  -6.0975900e+00   6.6439700e+01  -1.0000000e+00
   6.1000000e+01   1.6943900e+01   3.2340900e+00   1.0086000e+01  -2.0000000e+00
   6.2000000e+01   7.5191500e+00   1.5922800e+01   4.9207400e+01  -1.0000000e+00
   6.3000000e+01   1.6178400e+01   5.1887900e+00   2.1323600e+01  -2.0000000e+00
   6.4000000e+01  -1.5755000e+01   9.6873100e+00   6.5194000e+01  -1.0000000e+00
   6.5000000e+01  -6.6742200e+00  -4.1771800e-01   4.9757700e+01   1.0000000e+00
   6.6000000e+01  -5.1068400e+00   7.7536800e+00   4.8895900e+01   1.0000000e+00
   6.7000000e+01  -8.9790500e+00  -3.1958500e+00   5.0802100e+01   1.0000000e+00
   6.8000000e+01  -1.0898800e+01  -3.9662300e+00   5.0677300e+01   1.0000000e+00
   6.9000000e+01  -3.1541900e+00  -1.0345600e+00   4.9490200e+01   1.0000000e+00
   7.0000000e+01   8.5975500e+00  -1.0081200e+01   2.0836800e+01   2.0000000e+00
   7.1000000e+01  -3.5672700e+00   1.6006100e+01   4.8032500e+01  -2.0000000e+00
   7.2000000e+01   1.0808000e+01  -1.5926400e+01   2.1102900e+01  -1.0000000e+00
   7.3000000e+01   5.9388300e+00  -1.3295500e+01   2.1120400e+01   2.0000000e+00
   7.4000000e+01  -2.3443400e+00  -6.5146500e+00   2.6463400e+01  -3.0000000e+00
   7.5000000e+01  -9.4341200e+00   1.3833000e+01   5.0021700e+01  -2.0000000e+00
   7.6000000e+01   3.1687900e+00  -1.1055600e+01   2.1012100e+01   2.0000000e+00
   7.7000000e+01   2.7965500e+00   1.0520600e+01   4.8890100e+01   1.0000000e+00
   7.8000000e+01   1.7931200e+01  -4.2910800e+00   1.9974800e+01  -1.0000000e+00
   7.9000000e+01  -2.9402500e+00  -1.5527500e+01   1.9637200e+01  -2.0000000e+00
   8.0000000e+01  -7.0269100e+00  -2.4516300e+00   5.0225700e+01   1.0000000e+00
   8.1000000e+01   9.1510300e+00  -6.5225600e+00   2.0951800e+01   2.0000000e+00
   8.2000000e+01   3.4561800e-01   1.7391800e+01   4.9305500e+01  -1.0000000e+00
   8.3000000e+01   8.0150100e+00   6.4170100e+00   3.6354400e+00  -3.0000000e+00
   8.4000000e+01  -2.7282300e+00   9.8699300e-01   4.9226500e+01   1.0000000e+00
   8.5000000e+01   3.1007000e-03   5.7466600e+00   4.8922500e+01   1.0000000e+00
   8.6000000e+01  -3.6453300e+00  -1.3578000e+01   1.9358400e+01   2.0000000e+00
   8.7000000e+01   3.5862300e+00   1.4625300e+01   4.9374400e+01  -2.0000000e+00
   8.8000000e+01   8.9701100e+00  -1.0028700e+00   2.1203600e+01   2.0000000e+00
   8.9000000e+01  -7.1157600e+00   1.6627700e+01   4.9695000e+01  -1.0000000e+00
   9.0000000e+01  -3.0281500e+00   1.8121800e+01   4.6491200e+01  -1.0000000e+00
   9.1000000e+01   8.7121500e+00   1.2508800e+01   4.8764100e+01   1.0000000e+00
   9.2000000e+01  -1.4153300e+01  -1.2963500e+01   8.0162200e+01  -1.0000000e+00
   9.3000000e+01  -7.4575700e+00   5.0208500e+00   4.9283200e+01   1.0000000e+00
   9.4000000e+01  -2.5407900e-02   1.5254100e+01   4.9724500e+01  -2.0000000e+00
   9.5000000e+01  -2.3045800e+00   1.2553900e+01   4.9467700e+01   1.0000000e+00
   9.6000000e+01   1.2862600e+01   3.8485000e+00   2.1655900e+01   2.0000000e+00
   9.7000000e+01   7.6731100e+00  -2.6473400e+00   2.1330400e+01   2.0000000e+00
   9.8000000e+01  -1.5715600e+00  -2.3747700e+00   5.3897000e+01  -3.0000000e+00
   9.9000000e+01  -7.9746500e+00  -8.6767900e+00   6.3022000e+01  -3.0000000e+00
   1.0000000e+02  -3.8523400e+00  -5.0892000e+00   3.6245600e+01  -3.0000000e+00
   1.0100000e+02  -1.3326700e+01   2.9247100e+00   4.9385300e+01   1.0000000e+00
   1.0200000e+02  -1.4465700e+01  -3.3050500e+00   4.9640400e+01   1.0000000e+00
   1.0300000e+02   1.7176900e+00  -7.1460500e+00   2.0902700e+01   2.0000000e+00
   1.0400000e+02   1.5159600e+01  -1.9678300e+00   2.1465900e+01   2.0000000e+00
   1.0500000e+02  -1.3681100e+01   8.0435700e-01   4.9648000e+01   1.0000000e+00
   1.0600000e+02   1.1346300e+01   7.7020100e+00   3.2506400e+01  -3.0000000e+00
   1.0700000e+02  -1.2201700e+01   9.0666600e+00   4.9492700e+01   1.0000000e+00
   1.0800000e+02   1.3631700e+01   1.9430800e+00   2.1173700e+01   2.0000000e+00
   1.0900000e+02   8.4558700e+00  -4.5740000e+00   2.1373100e+01   2.0000000e+00
   1.1000000e+02  -7.6572300e-01   1.6601400e+00   4.8165600e+01   1.0000000e+00
   1.1100000e+02  -1.0260500e+01  -1.1509400e+01   3.2338700e+01  -2.0000000e+00
   1.1200000e+02   1.4767600e+01  -1.1095400e+01   3.3806700e+01  -2.0000000e+00
   1.1300000e+02  -1.2857600e+01  -4.6690600e+00   5.0193000e+01   1.0000000e+00
   1.1400000e+02  -9.2971700e+00  -5.2570700e+00   5.1021700e+01   1.0000000e+00
   1.1500000e+02   1.5664200e+01   1.5885200e+00   2.1548600e+01   2.0000000e+00
   1.1600000e+02   4.1029800e-01  -8.7796500e+00   2.0880900e+01   2.0000000e+00
   1.1700000e+02  -3.1372600e+00   8.4576700e+00   4.8710900e+01   1.0000000e+00
   1.1800000e+02  -1.9912900e+00   1.4600600e+01   4.9104800e+01   1.0000000e+00
   1.1900000e+02  -2.2138100e+00  -1.7507100e+01   2.0336400e+01  -1.0000000e+00
   1.2000000e+02  -1.3385600e+01   1.2411700e+01   4.9202100e+01  -2.0000000e+00
   1.2100000e+02  -5.5149900e+00   5.7171100e+00   4.9291200e+01   1.0000000e+00
   1.2200000e+02  -9.6096900e+00  -7.3540800e+00   5.0808400e+01   1.0000000e+00
   1.2300000e+02   1.1030800e+01  -1.3209600e+00   2.1350600e+01   2.0000000e+00
   1.2400000e+02   8.2205200e+00   9.1542600e-01   2.1082500e+01   2.0000000e+00
   1.2500000e+02  -1.1414200e+01   1.3110500e+01   4.9614300e+01  -2.0000000e+00
   1.2600000e+02   1.6166700e+00   1.3911600e+01   4.9944700e+01   1.0000000e+00
   1.2700000e+02   7.8260400e+00  -8.1416600e+00   2.0837300e+01   2.0000000e+00
   1.2800000e+02   1.5913200e+01   9.2389900e+00   6.4986100e+01  -1.0000000e+00
   1.2900000e+02  -1.0213700e+01   9.7160100e+00   4.9106800e+01   1.0000000e+00
   1.3000000e+02  -5.4458500e+00  -3.7972200e+00   5.0348200e+01   1.0000000e+00
   1.3100000e+02   6.1650500e+00   1.2708100e+00   2.1178300e+01   2.0000000e+00
   1.3200000e+02   4.1089700e+00   1.5712000e+00   2.0598400e+01   2.0000000e+00
   1.3300000e+02   4.0967500e+00  -1.8520000e+01   2.1894500e+01  -1.0000000e+00
   1.3400000e+02  -9.7883300e+00   2.2586700e+00   4.9404800e+01   1.0000000e+00
   1.3500000e+02   1.6423000e+01  -3.1418900e-01   2.1651000e+01  -2.0000000e+00
   1.3600000e+02   9.8946200e+00  -8.4470100e+00   2.1407400e+01   2.0000000e+00
   1.3700000e+02  -1.6022300e+00  -4.5800900e+00   4.7724300e+01  -3.0000000e+00
   1.3800000e+02   6.7422300e+00   1.1856700e+01   4.7681000e+01   1.0000000e+00
   1.3900000e+02   7.1285300e+00  -6.2139600e+00   2.0580200e+01   2.0000000e+00
   1.4000000e+02   1.9027000e+01   3.0115300e+00   5.3165500e+01  -1.0000000e+00
   1.4100000e+02   1.1286500e+00  -1.0736000e+01   2.0897800e+01   2.0000000e+00
   1.4200000e+02   2.3942200e+00   1.8016900e+01   4.8951500e+01  -1.0000000e+00
   1.4300000e+02   1.0498600e+01  -4.8601800e+00   2.1079500e+01   2.0000000e+00
   1.4400000e+02   5.7880600e+00  -7.8064800e+00   2.0532700e+01   2.0000000e+00
   1.4500000e+02   1.5901400e+01  -3.8828600e+00   2.0641200e+01  -2.0000000e+00
   1.4600000e+02  -2.9394700e+00  -1.0074800e+01   2.0278100e+01   2.0000000e+00
   1.4700000e+02   2.4424600e+00  -9.0962200e+00   2.0901700e+01   2.0000000e+00
   1.4800000e+02  -9.0234600e+00   6.3681800e+00   4.9726400e+01   1.0000000e+00
   1.4900000e+02  -1.0196400e+01   2.0122100e-01   4.9790300e+01   1.0000000e+00
   1.5000000e+02   7.4873500e+00   2.8446900e+00   2.1056900e+01   2.0000000e+00
   1.5100000e+02  -1.0982500e+01   5.6619200e+00   5.0311900e+01   1.0000000e+00
   1.5200000e+02   9.7645200e+00   9.0260500e+00   3.5522300e+01  -3.0000000e+00
   1.5300000e+02   1.5887600e+00   2.2259700e+00   1.7860600e+01  -3.0000000e+00
   1.5400000e+02  -4.9725600e+00  -1.5156400e+01   1.8766000e+01  -2.0000000e+00
   1.5500000e+02  -1.4562000e+01   6.2902600e+00   4.9737600e+01  -2.0000000e+00
   1.5600000e+02   1.1198100e+01  -6.8120400e+00   2.1037100e+01   2.0000000e+00
   1.5700000e+02  -5.7874600e+00  -5.8231200e+00   4.9804400e+01   1.0000000e+00
   1.5800000e+02   2.2906300e+00  -3.6202600e+00   2.1734800e+01   2.0000000e+00
   1.5900000e+02  -3.7776300e-01   3.6955400e+00   4.9939600e+01   1.0000000e+00
   1.6000000e+02   1.0801600e+01   4.1755900e+00   2.1512500e+01   2.0000000e+00
   1.6100000e+02   7.9794900e+00  -1.3627600e+01   2.0804400e+01   2.0000000e+00
   1.6200000e+02   1.2310400e+00   1.1866000e+01   4.9231800e+01   1.0000000e+00
   1.6300000e+02   1.3446400e+01  -1.2715200e+01   1.9813800e+01  -2.0000000e+00
   1.6400000e+02   5.1965800e+00  -1.1355000e+01   2.1114300e+01   2.0000000e+00
   1.6500000e+02   8.7484000e+00   4.4811100e+00   2.1372700e+01   2.0000000e+00
   1.6600000e+02   1.4134800e+01  -1.4673700e+01  -1.0679000e+01  -1.0000000e+00
   1.6700000e+02  -1.2125200e+01  -5.3998700e-01   4.9931700e+01   1.0000000e+00
   1.6800000e+02  -8.2386200e+00   9.1334400e-01   4.9605700e+01   1.0000000e+00
   1.6900000e+02  -1.3826600e+01  -1.0895200e+01   5.0862700e+01  -2.0000000e+00
   1.7000000e+02  -5.8648300e+00   1.3174100e+01   5.0312700e+01   1.0000000e+00
   1.7100000e+02   1.1078100e+01   1.5251800e+01   4.9806000e+01  -1.0000000e+00
   1.7200000e+02  -4.3395100e+00  -1.1622300e+01   1.8255800e+01   2.0000000e+00
   1.7300000e+02   1.1794700e+01   9.7424200e+00   5.4767600e+01  -2.0000000e+00
   1.7400000e+02  -1.5498600e+01   1.1718200e+01   6.4390000e+01  -1.0000000e+00
   1.7500000e+02   1.7722000e+01   1.3152400e+00   2.1899900e+01  -2.0000000e+00
   1.7600000e+02   3.8989900e+00  -1.3018200e+01   2.0912500e+01   2.0000000e+00
   1.7700000e+02   6.3782600e+00  -4.2461900e+00   2.1107900e+01   2.0000000e+00
   1.7800000e+02  -5.1026600e+00   1.7386000e+01   4.9022100e+01  -1.0000000e+00
   1.7900000e+02   1.6941200e+01  -1.1269100e+01  -4.6747400e+00  -1.0000000e+00
   1.8000000e+02   5.5573200e+00   1.5303800e+01   3.6239800e+01  -2.0000000e+00
   1.8100000e+02  -9.8333100e+00   1.1768600e+01   4.9689800e+01   1.0000000e+00
   1.8200000e+02   1.0633800e+01  -1.0366700e+01   2.0528300e+01   2.0000000e+00
   1.8300000e+02   1.2292700e+01   1.1747800e+01   5.2992800e+01  -2.0000000e+00
   1.8400000e+02  -1.7045500e+01  -8.1923200e+00   5.1581600e+01  -1.0000000e+00
   1.8500000e+02  -3.9111900e+00   4.3468900e+00   4.9455100e+01   1.0000000e+00
   1.8600000e+02  -7.7213600e+00  -1.2732600e+01   1.2962800e+01  -2.0000000e+00
   1.8700000e+02   5.4158300e+00   3.2068200e+00   2.1094400e+01  -3.0000000e+00
   1.8800000e+02   4.3030100e-01   7.7678500e+00   4.8994100e+01   1.0000000e+00
   1.8900000e+02  -3.9897000e+00  -7.7425400e+00   2.5598100e+01  -3.0000000e+00
   1.9000000e+02  -1.1757700e+01   1.5562300e+00   4.9585400e+01   1.0000000e+00
   1.9100000e+02   1.1805100e+01  -3.2507500e+00   2.1224700e+01   2.0000000e+00
   1.9200000e+02   7.7344800e+00   8.4484500e+00   2.9995000e+01  -3.0000000e+00
   1.9300000e+02  -7.0889100e+00  -1.4716900e+01   1.4256400e+01  -2.0000000e+00
   1.9400000e+02   7.4709500e+00  -1.7197200e+01   2.2055000e+01  -1.0000000e+00
   1.9500000e+02   9.5174500e+00   2.5482600e+00   2.1624700e+01   2.0000000e+00
   1.9600000e+02  -1.2981700e+01   1.4451000e+01   4.9340600e+01  -1.0000000e+00
   1.9700000e+02   1.0688500e+01   1.3218600e+01   4.7660200e+01  -2.0000000e+00
   1.9800000e+02   3.7569600e+00  -7.4769800e+00   2.0703100e+01   2.0000000e+00
   1.9900000e+02   1.5438000e+01   7.1906000e+00   3.8413100e+01  -2.0000000e+00
   2.0000000e+02  -4.9620600e+00  -9.6215700e+00   2.3481500e+01  -3.0000000e+00
   2.0100000e+02   3.0304800e+00  -5.5404400e+00   2.0985700e+01   2.0000000e+00
   2.0200000e+02  -4.2679100e+00   1.1861100e+01   4.9988800e+01   1.0000000e+00
   2.0300000e+02   3.2835700e+00  -1.6576700e+01   2.1377900e+01  -2.0000000e+00
   2.0400000e+02   8.2947200e+00   1.0461500e+01   4.6980000e+01   1.0000000e+00
   2.0500000e+02  -1.5634000e+01   1.3108100e-01   4.9583000e+01  -2.0000000e+00
   2.0600000e+02  -1.6614400e+01   5.5751300e+00   6.5568100e+01  -1.0000000e+00
   2.0700000e+02   5.0660700e+00  -5.8676400e+00   2.0814700e+01   2.0000000e+00
   2.0800000e+02  -1.1778000e+01   1.1070600e+01   4.9395400e+01   1.0000000e+00
   2.0900000e+02   1.4346700e+01   1.1539900e+01   3.4063100e+01  -1.0000000e+00
   2.1000000e+02  -8.6260400e-01  -1.5927100e+01   1.9751400e+01  -2.0000000e+00
   2.1100000e+02  -6.3741800e+00  -1.6670600e+01   1.7643400e+01  -1.0000000e+00
   2.1200000e+02   8.2118400e-01   9.8579900e+00   4.9071900e+01   1.0000000e+00
   2.1300000e+02  -1.0558400e+01  -1.8715700e+00   5.0476000e+01   1.0000000e+00
   2.1400000e+02   1.2084200e+01   5.7781000e+00   2.1560000e+01   2.0000000e+00
   2.1500000e+02   5.4088600e+00  -1.6870500e+01   3.3976300e+01  -2.0000000e+00
   2.1600000e+02   1.4026500e+01  -9.1292200e+00   2.0722400e+01  -2.0000000e+00
   2.1700000e+02  -1.6848200e+01   3.5355300e+00   6.5758300e+01  -1.0000000e+00
   2.1800000e+02   1.4525000e+00  -1.6412700e+00   2.1150400e+01  -3.0000000e+00
   2.1900000e+02   1.4914500e+01   3.5577100e+00   2.1607100e+01   2.0000000e+00
   2.2000000e+02   1.8567900e+00  -1.2669700e+01   2.0487000e+01   2.0000000e+00
   2.2100000e+02  -7.8479800e+00   2.9725000e+00   4.9433300e+01   1.0000000e+00
   2.2200000e+02   1.1327100e+01  -1.2321800e+01   2.0384900e+01   2.0000000e+00
   2.2300000e+02  -7.0500900e+00   7.0700900e+00   4.9275200e+01   1.0000000e+00
   2.2400000e+02   6.9350600e+00  -6.9413900e-01   2.1149400e+01   2.0000000e+00
   2.2500000e+02   1.6649900e+01  -5.8896100e+00   3.5448900e+01  -1.0000000e+00
   2.2600000e+02  -4.6531700e+00   9.8428000e+00   4.9031000e+01   1.0000000e+00
   2.2700000e+02   1.7204200e+01  -2.2948800e+00   2.0888100e+01  -2.0000000e+00
   2.2800000e+02  -7.8885400e+00   1.2482100e+01   4.9507900e+01   1.0000000e+00
   2.2900000e+02   6.7132900e+00   4.8187800e+00   2.0185800e+01  -3.0000000e+00
   2.3000000e+02  -1.1904800e+01  -1.0115500e+01   5.0944500e+01   1.0000000e+00
   2.3100000e+02   3.3729000e+00   3.4870500e+00   2.6728400e+01  -3.0000000e+00
   2.3200000e+02  -1.1228100e+01  -5.9898900e+00   5.0639000e+01   1.0000000e+00
   2.3300000e+02   1.2341400e+01   3.3185900e-01   2.1260800e+01   2.0000000e+00
   2.3400000e+02  -3.4044300e-01   1.3211900e+01   4.9535300e+01   1.0000000e+00
   2.3500000e+02  -4.7239800e+00   2.8806600e-01   4.9294800e+01   1.0000000e+00
   2.3600000e+02  -7.7022400e+00  -6.5986700e+00   5.1512300e+01   1.0000000e+00
   2.3700000e+02  -3.1521700e-01  -6.8348700e+00   2.2219900e+01  -3.0000000e+00
   2.3800000e+02   1.0276100e+01   5.9809900e-01   2.1573000e+01   2.0000000e+00
   2.3900000e+02   1.2005400e+01  -8.7564500e+00   2.0608200e+01   2.0000000e+00
   2.4000000e+02  -4.3292200e+00  -1.7194700e+01   1.8735100e+01  -1.0000000e+00
   2.4100000e+02   6.6618600e+00  -1.5221800e+01   2.1559000e+01  -2.0000000e+00
   2.4200000e+02  -6.2635700e+00   1.6408600e+00   4.9284500e+01   1.0000000e+00
   2.4300000e+02  -1.7222600e+01   1.4934900e+00   6.4775200e+01  -1.0000000e+00
   2.4400000e+02  -1.1344600e+01   3.5906400e+00   4.9451400e+01   1.0000000e+00
   2.4500000e+02  -7.5226500e-01   1.1198900e+01   4.9029700e+01   1.0000000e+00
   2.4600000e+02   2.4172900e-01  -3.3195800e+00   2.6794500e+01  -3.0000000e+00
   2.4700000e+02  -6.2616100e+00   1.1150500e+01   4.9830800e+01   1.0000000e+00
   2.4800000e+02   1.1568100e+01   2.2541900e+00   2.1649000e+01   2.0000000e+00
   2.4900000e+02  -1.5607600e+00  -1.3950500e+01   1.9580800e+01   2.0000000e+00
   2.5000000e+02  -5.5496700e+00   1.5306700e+01   5.0021000e+01  -2.0000000e+00
   2.5100000e+02  -1.2167100e+01  -1.2268000e+01   3.2128100e+01  -2.0000000e+00
   2.5200000e+02  -1.4974100e+01   1.3737300e+01   4.8434100e+01  -1.0000000e+00
   2.5300000e+02  -1.2481200e+01  -2.6289600e+00   4.9746100e+01   1.0000000e+00
   2.5400000e+02   1.0037600e+01   6.0899100e+00   3.3226300e+01  -3.0000000e+00
   2.5500000e+02   1.8493700e+01  -6.8199000e-01   2.0803800e+01  -1.0000000e+00
   2.5600000e+02   9.2876800e+00  -1.2021100e+01   2.0805100e+01   2.0000000e+00
   2.5700000e+02  -1.6792000e+00  -8.4543700e+00   1.9369200e+01   2.0000000e+00
   2.5800000e+02  -1.4069200e+01  -1.2236200e+00   4.9303800e+01   1.0000000e+00
   2.5900000e+02  -1.1569600e+01  -8.0534800e+00   5.0438900e+01   1.0000000e+00
   2.6000000e+02   1.2539300e+01  -5.2073800e+00   2.0866900e+01   2.0000000e+00
   2.6100000e+02   4.7384000e+00   1.1254300e+01   4.8456400e+01   1.0000000e+00
   2.6200000e+02  -1.1345000e+00   9.1467100e+00   4.8960000e+01   1.0000000e+00
   2.6300000e+02  -9.1254500e+00   1.5982800e+01   5.0651300e+01  -1.0000000e+00
   2.6400000e+02  -2.3477700e+00   3.0199100e+00   4.9307100e+01   1.0000000e+00
   2.6500000e+02  -1.5253700e+01   2.1877200e+00   4.9689800e+01  -2.0000000e+00
   2.6600000e+02   1.0033600e+01  -1.3949100e+01   2.1069100e+01  -2.0000000e+00
   2.6700000e+02   7.9538900e-01   3.0725000e-01   2.2903400e+01  -3.0000000e+00
   2.6800000e+02   3.9434500e+00   7.1028400e+00   2.8444600e+01  -3.0000000e+00
   2.6900000e+02  -1.1023100e+01   1.5140600e+01   5.0743800e+01  -1.0000000e+00
   2.7000000e+02  -1.7985400e+01  -2.6587900e+00   4.8406200e+01  -1.0000000e+00
   2.7100000e+02   1.4384700e+01  -5.1377900e-02   2.1270200e+01   2.0000000e+00
   2.7200000e+02  -1.3807300e+01   1.0355700e+01   4.9988700e+01  -2.0000000e+00
   2.7300000e+02  -9.6664300e+00  -1.3540600e+01   4.7883900e+00  -1.0000000e+00
   2.7400000e+02   4.6138200e+00  -1.4950100e+01   2.1305200e+01   2.0000000e+00
   2.7500000e+02  -5.6957800e+00  -1.3170300e+01   1.8564500e+01   2.0000000e+00
   2.7600000e+02  -2.2444800e+00  -1.2013400e+01   1.9659600e+01   2.0000000e+00
   2.7700000e+02  -1.6012200e+01  -1.9485200e+00   4.9199400e+01  -2.0000000e+00
   2.7800000e+02   1.2086400e+01  -1.4285800e+01   3.2456500e+01  -2.0000000e+00
   2.7900000e+02   4.0176800e+00   1.6716400e+01   3.4349800e+01  -1.0000000e+00
   2.8000000e+02  -9.3978600e+00   4.3329300e+00   4.9674800e+01   1.0000000e+00
   2.8100000e+02   2.5701700e+00  -1.4610200e+01   2.0465600e+01   2.0000000e+00
   2.8200000e+02   8.7155800e+00  -1.5551700e+01   3.3023700e+01  -2.0000000e+00
   2.8300000e+02   3.1935800e+00   1.2590700e+01   4.9487200e+01   1.0000000e+00
   2.8400000e+02   4.6880400e+00   5.1438900e+00   2.2292400e+01  -3.0000000e+00
   2.8500000e+02  -1.3161600e+01  -6.7261300e+00   5.0808100e+01   1.0000000e+00
   2.8600000e+02  -1.7088600e-01  -1.2341100e+01   2.0381800e+01   2.0000000e+00
   2.8700000e+02  -8.6333800e+00   8.3846100e+00   4.9716700e+01   1.0000000e+00
   2.8800000e+02  -5.0976400e+00  -1.7426600e+00   5.0100000e+01   1.0000000e+00
   2.8900000e+02   1.4597900e+01  -5.5104400e+00   2.1014500e+01  -2.0000000e+00
   2.9000000e+02  -2.7040900e+00   1.0517100e+01   4.8927200e+01   1.0000000e+00
   2.9100000e+02  -1.6140100e+01   7.6036300e+00   6.3995800e+01  -1.0000000e+00
   2.9200000e+02   1.3007100e+01   1.3738900e+01   2.6538200e+01  -1.0000000e+00
   2.9300000e+02  -5.8804900e+00   3.6598200e+00   4.9360200e+01   1.0000000e+00
   2.9400000e+02   2.0024000e+00   6.4016400e+00   6.0839500e+01  -3.0000000e+00
   2.9500000e+02  -7.3802100e+00  -4.5006400e+00   5.0681300e+01   1.0000000e+00
   2.9600000e+02  -1.7883000e-01  -1.7861100e+01   1.9837200e+01  -1.0000000e+00
   2.9700000e+02  -1.6483700e+01  -4.0622800e+00   4.9472700e+01  -2.0000000e+00
   2.9800000e+02  -9.1559200e-01  -1.0419200e+01   2.0862800e+01   2.0000000e+00
   2.9900000e+02   1.7496300e+01   6.8057000e+00   5.0113200e+01  -1.0000000e+00
