   0.0000000e+00   2.9920700e+00  -1.6901400e+01   1.0000000e+00
   1.0000000e+00   6.5456400e+00   1.0677000e+01  -1.0000000e+00
   2.0000000e+00  -6.9851200e+00  -6.5268400e-01   1.0000000e+00
   3.0000000e+00   1.0330700e+01   1.2425000e+01  -1.0000000e+00
   4.0000000e+00  -7.6128800e+00  -4.1818500e+00   1.0000000e+00
   5.0000000e+00  -7.8473800e+00   6.7957700e+00   1.0000000e+00
   6.0000000e+00  -1.1844800e+01   1.9978500e+00   1.0000000e+00
   7.0000000e+00   1.7233600e+01   5.6796000e+00  -1.0000000e+00
   8.0000000e+00   8.1050400e-01   3.6439400e+00  -1.0000000e+00
   9.0000000e+00   1.4833700e+01  -1.5968600e+00  -1.0000000e+00
   1.0000000e+01  -1.1699000e+01  -3.4895600e+00   1.0000000e+00
   1.1000000e+01  -1.8332200e+00  -1.4301300e+01   1.0000000e+00
   1.2000000e+01   1.6887600e+01   1.4175800e+00  -1.0000000e+00
   1.3000000e+01  -8.8994000e+00  -5.8300600e+00   1.0000000e+00
   1.4000000e+01  -1.3862100e+01   2.4125800e+00   1.0000000e+00
   1.5000000e+01   1.1260900e+01  -1.2634100e+00  -1.0000000e+00
   1.6000000e+01   2.9570300e+00   1.0831900e+01  -1.0000000e+00
   1.7000000e+01  -4.1020800e-01   1.7294000e+01  -1.0000000e+00
   1.8000000e+01  -1.3221700e+01   5.9512900e+00   1.0000000e+00
   1.9000000e+01   1.2157700e+01  -8.6652500e+00  -1.0000000e+00
   2.0000000e+01  -8.2347600e+00   1.6413700e+01  -1.0000000e+00
   2.1000000e+01   1.4043500e+01   1.2185800e+01  -1.0000000e+00
   2.2000000e+01  -6.7755000e-01   8.8999400e+00  -1.0000000e+00
   2.3000000e+01  -1.5251500e+01   6.2901600e+00   1.0000000e+00
   2.4000000e+01  -1.1263300e+01   1.1346400e+01   1.0000000e+00
   2.5000000e+01  -4.1746000e+00   1.3171500e+01  -1.0000000e+00
   2.6000000e+01   1.2145500e+01   1.3409800e+01  -1.0000000e+00
   2.7000000e+01  -1.0317600e+01   1.4864200e+01   1.0000000e+00
   2.8000000e+01   1.1620300e+01   2.9858300e+00  -1.0000000e+00
   2.9000000e+01   7.7625300e+00  -1.4020500e+01   1.0000000e+00
   3.0000000e+01  -1.5125100e+01  -4.7091700e+00   1.0000000e+00
   3.1000000e+01  -7.7042700e+00   1.3067100e+00   1.0000000e+00
   3.2000000e+01  -1.0368600e+01  -1.8765000e+00   1.0000000e+00
   3.3000000e+01  -7.7701900e+00   1.2355100e+01   1.0000000e+00
   3.4000000e+01  -8.6871900e+00  -1.6785800e+01   1.0000000e+00
   3.5000000e+01   1.3778300e+01   8.0516300e+00  -1.0000000e+00
   3.6000000e+01   6.7429200e+00   1.4809800e+01  -1.0000000e+00
   3.7000000e+01   2.2401000e-01  -1.4641800e+01   1.0000000e+00
   3.8000000e+01   1.2031900e+00   1.1931000e+01  -1.0000000e+00
   3.9000000e+01  -2.5786800e+00  -1.2352600e+01   1.0000000e+00
   4.0000000e+01   1.2956600e+01  -2.4400600e+00  -1.0000000e+00
   4.1000000e+01  -6.3480800e+00   2.9458700e+00   1.0000000e+00
   4.2000000e+01   9.4963400e-01  -1.6574400e+01   1.0000000e+00
   4.3000000e+01   1.0966800e+01  -1.5853600e+01   1.0000000e+00
   4.4000000e+01   1.6707100e+01  -6.8928300e-01  -1.0000000e+00
   4.5000000e+01   8.5152100e+00   1.3608700e+01  -1.0000000e+00
   4.6000000e+01   7.4020000e+00  -2.9122300e+00  -1.0000000e+00
   4.7000000e+01  -1.0934900e+01  -5.4598200e+00   1.0000000e+00
   4.8000000e+01  -5.1974300e-01  -1.2678700e+01   1.0000000e+00
   4.9000000e+01   2.2579000e+00  -1.4979500e+01   1.0000000e+00
   5.0000000e+01  -6.2563400e+00  -2.5873500e+00   1.0000000e+00
   5.1000000e+01   1.1352200e+01  -1.2725700e+01  -1.0000000e+00
   5.2000000e+01  -1.7999100e+01  -2.3252600e+00   1.0000000e+00
   5.3000000e+01   1.5025000e+01   5.1722900e-01  -1.0000000e+00
   5.4000000e+01   1.0281100e+01   1.0367800e+01  -1.0000000e+00
   5.5000000e+01   1.0490900e+01  -7.4205900e+00  -1.0000000e+00
   5.6000000e+01  -1.1432900e+01  -1.4497700e+01   1.0000000e+00
   5.7000000e+01   8.1642200e+00   5.3424700e+00  -1.0000000e+00
   5.8000000e+01  -7.0116400e-01  -7.1892500e+00   1.0000000e+00
   5.9000000e+01   1.8875700e+00  -3.9757100e+00   1.0000000e+00
   6.0000000e+01  -4.5562100e+00   1.0119500e+01   1.0000000e+00
   6.1000000e+01   1.3397800e+01  -1.2135300e+01  -1.0000000e+00
   6.2000000e+01   1.2710200e+01  -4.5138200e+00  -1.0000000e+00
   6.3000000e+01   7.7233100e+00  -8.8741000e-01  -1.0000000e+00
   6.4000000e+01   1.5219500e+01   2.6104000e+00  -1.0000000e+00
   6.5000000e+01  -1.3416900e+01   1.1601000e+01   1.0000000e+00
   6.6000000e+01   1.0692500e+01  -5.3718200e+00  -1.0000000e+00
   6.7000000e+01   6.2047400e+00   2.3900100e+00  -1.0000000e+00
   6.8000000e+01  -1.6425200e+01  -6.2933100e+00   1.0000000e+00
   6.9000000e+01  -7.2351700e+00   1.0370900e+01   1.0000000e+00
   7.0000000e+01  -1.2863300e+00  -1.0742300e+01   1.0000000e+00
   7.1000000e+01  -1.3044100e+01  -5.1339500e+00   1.0000000e+00
   7.2000000e+01  -2.0106200e+00  -8.7872300e+00   1.0000000e+00
   7.3000000e+01  -4.5110100e+00  -1.7442700e+01   1.0000000e+00
   7.4000000e+01   6.7707900e+00  -6.5981300e+00   1.0000000e+00
   7.5000000e+01   6.2634600e+00   4.4517500e+00  -1.0000000e+00
   7.6000000e+01  -8.5859300e+00   8.8066100e+00   1.0000000e+00
   7.7000000e+01   7.9019500e+00   1.2158400e+00  -1.0000000e+00
   7.8000000e+01  -9.4594500e+00  -9.3522800e+00   1.0000000e+00
   7.9000000e+01   4.4534500e+00   3.4734700e+00  -1.0000000e+00
   8.0000000e+01   3.1364400e+00   1.4993200e+01  -1.0000000e+00
   8.1000000e+01  -1.7923300e+01   3.1295600e+00   1.0000000e+00
   8.2000000e+01  -1.2522000e+01   4.0043400e+00   1.0000000e+00
   8.3000000e+01   3.0591000e+00   1.2905600e+01  -1.0000000e+00
   8.4000000e+01   6.1807700e+00  -1.0192400e+01   1.0000000e+00
   8.5000000e+01  -2.2167000e+00   1.8312900e+01  -1.0000000e+00
   8.6000000e+01   1.8144900e+01  -4.1507500e+00  -1.0000000e+00
   8.7000000e+01   1.8660800e+01   1.9233500e-01  -1.0000000e+00
   8.8000000e+01   4.3464300e+00  -1.5319900e+01   1.0000000e+00
   8.9000000e+01   5.4446200e+00  -8.2258800e+00   1.0000000e+00
   9.0000000e+01   1.0361800e+01   1.4511800e+01  -1.0000000e+00
   9.1000000e+01  -1.3477800e+01  -1.4051000e+01   1.0000000e+00
   9.2000000e+01  -3.4682200e+00  -4.9049400e+00   1.0000000e+00
   9.3000000e+01   1.7699400e+00  -1.8555000e+01   1.0000000e+00
   9.4000000e+01  -1.3215600e-01  -3.5988300e+00   1.0000000e+00
   9.5000000e+01  -9.6523400e+00  -3.8049300e+00   1.0000000e+00
   9.6000000e+01  -7.3019400e+00  -1.5198100e+01   1.0000000e+00
   9.7000000e+01   1.8945100e+01   4.5064200e+00  -1.0000000e+00
   9.8000000e+01   4.5375000e+00   5.5825800e+00  -1.0000000e+00
   9.9000000e+01  -4.1494200e+00   1.7509400e+01  -1.0000000e+00
   1.0000000e+02   1.4358500e+01  -5.8134700e+00  -1.0000000e+00
   1.0100000e+02  -2.1882600e+00  -3.2851200e+00   1.0000000e+00
   1.0200000e+02  -1.5815900e+01  -8.2778100e+00   1.0000000e+00
   1.0300000e+02   8.4420300e+00   1.1532400e+01  -1.0000000e+00
   1.0400000e+02  -8.7378700e+00  -1.1295600e+01   1.0000000e+00
   1.0500000e+02   6.0516900e+00   3.0776700e-01  -1.0000000e+00
   1.0600000e+02   1.0751400e+00   7.8155900e+00  -1.0000000e+00
   1.0700000e+02  -1.1125700e+01   4.3091500e-02   1.0000000e+00
   1.0800000e+02   8.2927200e+00   7.3912400e+00  -1.0000000e+00
   1.0900000e+02  -6.3094000e+00   1.7940300e+01  -1.0000000e+00
   1.1000000e+02  -1.1803800e+01   1.3380600e+01   1.0000000e+00
   1.1100000e+02   6.5298500e+00   8.6206600e+00  -1.0000000e+00
   1.1200000e+02  -4.2971400e+00   2.5912100e+00   1.0000000e+00
   1.1300000e+02  -1.3157200e+01   3.9573800e-01   1.0000000e+00
   1.1400000e+02  -2.7364700e+00  -6.8478500e+00   1.0000000e+00
   1.1500000e+02   5.6857200e+00  -1.3644900e+01   1.0000000e+00
   1.1600000e+02  -4.5364000e+00   8.0511600e+00   1.0000000e+00
   1.1700000e+02  -5.6643800e+00   9.8204700e-01   1.0000000e+00
   1.1800000e+02  -4.0596100e+00  -8.4603800e+00   1.0000000e+00
   1.1900000e+02  -9.9439100e-01   4.7754200e+00   1.0000000e+00
   1.2000000e+02  -8.0236800e+00  -1.3250300e+01   1.0000000e+00
   1.2100000e+02  -5.8266400e+00   6.4544200e+00   1.0000000e+00
   1.2200000e+02   1.2409300e+01  -6.5744900e+00  -1.0000000e+00
   1.2300000e+02  -5.9930000e+00  -1.3606400e+01   1.0000000e+00
   1.2400000e+02  -9.8691800e+00   7.1880100e+00   1.0000000e+00
   1.2500000e+02   1.3307500e+00  -7.5098800e+00   1.0000000e+00
   1.2600000e+02   4.0192700e+00  -4.3433800e+00   1.0000000e+00
   1.2700000e+02  -1.7344100e+01   1.1583100e+00   1.0000000e+00
   1.2800000e+02  -4.6353500e+00  -1.2032500e+01   1.0000000e+00
   1.2900000e+02  -1.5185100e+01   7.7121800e-01   1.0000000e+00
   1.3000000e+02   4.1323500e+00  -9.8122700e+00   1.0000000e+00
   1.3100000e+02   4.9755500e+00   1.8028600e+01  -1.0000000e+00
   1.3200000e+02   8.0565200e+00   3.2860400e+00  -1.0000000e+00
   1.3300000e+02  -1.0631400e+01   9.2638300e+00   1.0000000e+00
   1.3400000e+02  -1.5036900e+01  -1.0185000e+01   1.0000000e+00
   1.3500000e+02  -1.0222000e+01  -7.4077100e+00   1.0000000e+00
   1.3600000e+02   1.0033300e+01   6.2461600e+00  -1.0000000e+00
   1.3700000e+02  -1.1176500e+01   5.6037800e+00   1.0000000e+00
   1.3800000e+02   2.8346700e+00  -1.1413800e+01   1.0000000e+00
   1.3900000e+02   1.2110400e+01   1.5623600e+01  -1.0000000e+00
   1.4000000e+02  -1.4720200e+01   9.8279900e+00   1.0000000e+00
   1.4100000e+02   5.0278800e+00   1.5951100e+01  -1.0000000e+00
   1.4200000e+02  -7.4720900e-01   6.8343500e+00  -1.0000000e+00
   1.4300000e+02   9.9239900e+00   4.1848900e+00  -1.0000000e+00
   1.4400000e+02  -1.4510100e+01  -1.2029500e+00   1.0000000e+00
   1.4500000e+02   1.1794700e+01  -1.0710300e+01  -1.0000000e+00
   1.4600000e+02   1.3330200e+01   1.7686000e+00  -1.0000000e+00
   1.4700000e+02  -1.5483600e+01   1.1822600e+01   1.0000000e+00
   1.4800000e+02   8.0781700e-01  -1.1098400e+01   1.0000000e+00
   1.4900000e+02   1.5319200e+00  -1.3042600e+01   1.0000000e+00
   1.5000000e+02   1.3111900e+01  -3.3689200e-01  -1.0000000e+00
   1.5100000e+02   2.4778800e+00   4.4536300e-01  -1.0000000e+00
   1.5200000e+02  -1.4366500e+00  -5.2352900e+00   1.0000000e+00
   1.5300000e+02  -6.5974300e+00  -1.7121900e+01   1.0000000e+00
   1.5400000e+02   1.3635200e+01   5.9995700e+00  -1.0000000e+00
   1.5500000e+02  -5.5288100e+00  -4.5212400e+00   1.0000000e+00
   1.5600000e+02   1.2010300e+01   9.2029400e+00  -1.0000000e+00
   1.5700000e+02  -2.4989200e+00   9.9859500e+00  -1.0000000e+00
   1.5800000e+02  -9.8142800e+00   1.6724700e+00   1.0000000e+00
   1.5900000e+02  -1.4368900e+01  -1.2197600e+01   1.0000000e+00
   1.6000000e+02  -6.1108900e+00  -8.1027500e+00   1.0000000e+00
   1.6100000e+02   5.9197500e-01  -5.5660100e+00   1.0000000e+00
   1.6200000e+02  -5.5168000e-01   1.3064200e+01  -1.0000000e+00
   1.6300000e+02  -4.0904500e+00   1.5261200e+01  -1.0000000e+00
   1.6400000e+02  -6.4323500e-01   1.1000300e+01  -1.0000000e+00
   1.6500000e+02   8.4231400e+00   9.4577400e+00  -1.0000000e+00
   1.6600000e+02   2.9042800e+00   8.7666000e+00  -1.0000000e+00
   1.6700000e+02   9.8366700e+00  -1.4109700e+01   1.0000000e+00
   1.6800000e+02   1.3761400e+01  -1.0010300e+01  -1.0000000e+00
   1.6900000e+02   3.5716700e+00  -1.3366900e+01   1.0000000e+00
   1.7000000e+02   4.6385500e+00   7.6312900e+00  -1.0000000e+00
   1.7100000e+02  -7.1378500e+00   4.8488700e+00   1.0000000e+00
   1.7200000e+02   1.2098200e+01   1.1356100e+01  -1.0000000e+00
   1.7300000e+02  -1.6780500e+01   1.0160500e+01   1.0000000e+00
   1.7400000e+02   3.3947900e+00  -7.8963500e+00   1.0000000e+00
   1.7500000e+02  -8.4513500e+00   3.2457200e+00   1.0000000e+00
   1.7600000e+02  -5.0429100e+00   4.5345300e+00   1.0000000e+00
   1.7700000e+02   1.2212000e+00  -2.0140000e+00   1.0000000e+00
   1.7800000e+02   8.6268700e+00  -1.5895600e+01   1.0000000e+00
   1.7900000e+02   1.7029100e+01   3.5915900e+00  -1.0000000e+00
   1.8000000e+02  -1.1494700e+01  -9.0205500e+00   1.0000000e+00
   1.8100000e+02  -1.7372800e+01   6.6313000e+00   1.0000000e+00
   1.8200000e+02   9.3526800e+00  -1.2096600e+01   1.0000000e+00
   1.8300000e+02   4.8689900e+00  -1.1764500e+01   1.0000000e+00
   1.8400000e+02   1.5353400e+01   4.7922400e+00  -1.0000000e+00
   1.8500000e+02   1.3858000e+01   1.0128300e+01  -1.0000000e+00
   1.8600000e+02  -1.5898800e+01   2.7232600e+00   1.0000000e+00
   1.8700000e+02  -1.0779800e+01  -1.0948400e+01   1.0000000e+00
   1.8800000e+02  -1.2877900e+01  -1.0561300e+01   1.0000000e+00
   1.8900000e+02   9.6752300e-01   5.6963200e+00  -1.0000000e+00
   1.9000000e+02  -1.5881300e+01  -2.7546000e+00   1.0000000e+00
   1.9100000e+02   2.7259500e+00   4.6096200e+00  -1.0000000e+00
   1.9200000e+02  -6.8329500e+00  -6.1218800e+00   1.0000000e+00
   1.9300000e+02   1.1796000e+01   5.0772300e+00  -1.0000000e+00
   1.9400000e+02   9.7644200e+00   2.0974100e+00  -1.0000000e+00
   1.9500000e+02  -1.4399300e+01  -6.6859600e+00   1.0000000e+00
   1.9600000e+02   4.3273000e+00   1.4173000e+00  -1.0000000e+00
   1.9700000e+02   3.2421500e+00  -2.4363100e+00   1.0000000e+00
   1.9800000e+02  -2.2885000e+00   1.6250400e+01  -1.0000000e+00
   1.9900000e+02  -3.6457400e-01  -1.8180900e+01   1.0000000e+00
   2.0000000e+02  -9.2661900e+00   1.0793900e+01   1.0000000e+00
   2.0100000e+02  -9.1500100e+00   5.2073800e+00   1.0000000e+00
   2.0200000e+02  -1.2446000e+01  -1.5214900e+00   1.0000000e+00
   2.0300000e+02  -4.9296400e+00  -9.9155800e-01   1.0000000e+00
   2.0400000e+02  -2.4815800e+00   7.9143500e+00  -1.0000000e+00
   2.0500000e+02   1.2820800e+00   1.3980600e+01  -1.0000000e+00
   2.0600000e+02   1.6253100e+01  -4.9678500e+00  -1.0000000e+00
   2.0700000e+02   9.0407500e+00  -4.1544100e+00  -1.0000000e+00
   2.0800000e+02  -1.0481600e+01   3.6208100e+00   1.0000000e+00
   2.0900000e+02   1.1304700e+00   9.8737000e+00  -1.0000000e+00
   2.1000000e+02  -9.8216600e+00   1.2848400e+01   1.0000000e+00
   2.1100000e+02   4.9541900e-01  -8.0946800e-02   1.0000000e+00
   2.1200000e+02   1.6010400e+01  -7.1021000e+00  -1.0000000e+00
   2.1300000e+02  -9.0572600e+00  -2.6702700e-01   1.0000000e+00
   2.1400000e+02   2.7926400e+00   6.6693000e+00  -1.0000000e+00
   2.1500000e+02  -3.3314400e+00  -1.0419700e+01   1.0000000e+00
   2.1600000e+02   4.2318800e+00  -6.4255000e-01  -1.0000000e+00
   2.1700000e+02  -1.3768800e+01  -3.1467000e+00   1.0000000e+00
   2.1800000e+02  -1.3938500e+01   7.8934800e+00   1.0000000e+00
   2.1900000e+02  -6.1865400e+00   1.3836000e+01  -1.0000000e+00
   2.2000000e+02   2.6476600e+00  -5.9256200e+00   1.0000000e+00
   2.2100000e+02  -1.6029700e+01   8.2179700e+00   1.0000000e+00
   2.2200000e+02   5.3078100e+00  -2.4056900e+00  -1.0000000e+00
   2.2300000e+02  -2.4543900e+00   1.2053300e+01  -1.0000000e+00
   2.2400000e+02   6.0803600e+00  -4.5342900e+00  -1.0000000e+00
   2.2500000e+02  -8.3229400e+00  -2.2369500e+00   1.0000000e+00
   2.2600000e+02  -1.5618100e+00   2.8101500e-01   1.0000000e+00
   2.2700000e+02   8.6692000e+00   1.5689200e+01  -1.0000000e+00
   2.2800000e+02   4.7288600e+00  -6.2938600e+00   1.0000000e+00
   2.2900000e+02  -1.4544700e+01   4.3448400e+00   1.0000000e+00
   2.3000000e+02   9.3704600e+00  -2.1168900e+00  -1.0000000e+00
   2.3100000e+02   1.8730700e+01   2.4137100e+00  -1.0000000e+00
   2.3200000e+02  -3.8833400e+00  -1.3953000e+01   1.0000000e+00
   2.3300000e+02  -2.9837800e+00   4.1624300e+00   1.0000000e+00
   2.3400000e+02   1.5419300e+01  -1.1261900e+01  -1.0000000e+00
   2.3500000e+02   1.1018500e+01  -3.3403400e+00  -1.0000000e+00
   2.3600000e+02  -4.2171500e+00  -2.9170300e+00   1.0000000e+00
   2.3700000e+02  -2.3591400e+00   1.4125600e+01  -1.0000000e+00
   2.3800000e+02   4.8040100e+00   1.1784000e+01  -1.0000000e+00
   2.3900000e+02   1.0152100e+01   8.3058700e+00  -1.0000000e+00
   2.4000000e+02  -5.3962300e+00  -1.0042400e+01   1.0000000e+00
   2.4100000e+02  -1.6602200e+01  -7.6660100e-01   1.0000000e+00
   2.4200000e+02   6.6535700e+00   1.2746300e+01  -1.0000000e+00
   2.4300000e+02   8.8092500e+00  -6.2224700e+00  -1.0000000e+00
   2.4400000e+02  -1.6596200e+01   4.7147600e+00   1.0000000e+00
   2.4500000e+02   1.5754700e+01  -9.1811600e+00  -1.0000000e+00
   2.4600000e+02   1.1452300e+01   8.9531900e-01  -1.0000000e+00
   2.4700000e+02  -1.0061400e+01  -1.2903900e+01   1.0000000e+00
   2.4800000e+02   6.9372600e+00   1.6852900e+01  -1.0000000e+00
   2.4900000e+02   5.1824000e-02  -9.1692400e+00   1.0000000e+00
   2.5000000e+02   1.2971700e+00   1.6059800e+01  -1.0000000e+00
   2.5100000e+02  -1.2676400e+01   9.5916000e+00   1.0000000e+00
   2.5200000e+02  -2.4570300e+00  -1.7931200e+01   1.0000000e+00
   2.5300000e+02  -8.2793500e+00   1.4351300e+01   1.0000000e+00
   2.5400000e+02  -2.2416000e+00   2.2175800e+00   1.0000000e+00
   2.5500000e+02  -1.1218400e+00  -1.6248700e+01   1.0000000e+00
   2.5600000e+02  -9.3507200e+00  -1.4830800e+01   1.0000000e+00
   2.5700000e+02  -5.2395800e+00  -1.5519100e+01   1.0000000e+00
   2.5800000e+02  -1.1900300e+01   7.6423400e+00   1.0000000e+00
   2.5900000e+02   7.0796400e+00  -1.2049000e+01   1.0000000e+00
   2.6000000e+02  -5.6023400e-01   1.5133500e+01  -1.0000000e+00
   2.6100000e+02   4.7167900e+00   9.7340100e+00  -1.0000000e+00
   2.6200000e+02  -1.3663300e+01  -8.6471600e+00   1.0000000e+00
   2.6300000e+02   1.5698400e+01   8.9098200e+00  -1.0000000e+00
   2.6400000e+02  -6.7029900e+00  -1.1630400e+01   1.0000000e+00
   2.6500000e+02  -8.1339100e+00  -7.7413600e+00   1.0000000e+00
   2.6600000e+02  -4.7829300e+00  -6.5011700e+00   1.0000000e+00
   2.6700000e+02  -5.7600500e+00   1.1823900e+01   1.0000000e+00
   2.6800000e+02   4.9186900e+00   1.3870800e+01  -1.0000000e+00
   2.6900000e+02   9.5682800e+00   1.8381300e-02  -1.0000000e+00
   2.7000000e+02   8.2459500e+00  -1.0300100e+01   1.0000000e+00
   2.7100000e+02  -3.1675300e+00  -1.5881200e+01   1.0000000e+00
   2.7200000e+02  -1.2294300e+01  -7.0841800e+00   1.0000000e+00
   2.7300000e+02   1.8390900e+01  -1.9145200e+00  -1.0000000e+00
   2.7400000e+02   1.1907100e+01   7.1287200e+00  -1.0000000e+00
   2.7500000e+02  -6.5610500e+00   8.4080600e+00   1.0000000e+00
   2.7600000e+02  -8.4837100e-01  -1.6419400e+00   1.0000000e+00
   2.7700000e+02   3.0730800e+00   1.7088100e+01  -1.0000000e+00
   2.7800000e+02  -1.7219300e+01  -4.3513200e+00   1.0000000e+00
   2.7900000e+02   2.0913000e+00  -9.4793300e+00   1.0000000e+00
   2.8000000e+02   1.4609000e+01  -3.6924700e+00  -1.0000000e+00
   2.8100000e+02   1.4086600e+01  -7.9782800e+00  -1.0000000e+00
   2.8200000e+02   1.0146700e+01  -9.4654900e+00  -1.0000000e+00
   2.8300000e+02   6.3902200e+00   6.5004100e+00  -1.0000000e+00
   2.8400000e+02   8.1178400e+00  -8.1552400e+00   1.0000000e+00
   2.8500000e+02  -1.2088300e+01  -1.2543800e+01   1.0000000e+00
   2.8600000e+02  -6.1513800e+00   1.5890100e+01  -1.0000000e+00
   2.8700000e+02  -7.4325300e+00  -9.6840800e+00   1.0000000e+00
   2.8800000e+02   6.3991100e+00  -1.5612300e+01   1.0000000e+00
   2.8900000e+02   5.0395000e+00  -1.7285700e+01   1.0000000e+00
   2.9000000e+02  -3.5923600e+00   6.1961600e-01   1.0000000e+00
   2.9100000e+02  -2.8908700e+00  -1.3221400e+00   1.0000000e+00
   2.9200000e+02  -3.6757900e+00   6.1711900e+00   1.0000000e+00
   2.9300000e+02   1.6515600e+01  -2.8125200e+00  -1.0000000e+00
   2.9400000e+02  -2.1253000e-01   1.8461300e+00   1.0000000e+00
   2.9500000e+02   1.3484700e+01   3.9024700e+00  -1.0000000e+00
   2.9600000e+02   1.5756000e+01   1.1001500e+01  -1.0000000e+00
   2.9700000e+02   1.2860600e+01  -1.4121000e+01  -1.0000000e+00
   2.9800000e+02   2.6057300e+00   2.5378100e+00  -1.0000000e+00
   2.9900000e+02   1.5512400e+01   6.8545600e+00  -1.0000000e+00
