   0.0000000e+00  -1.6597200e+01  -5.4109200e+00  -1.0000000e+00
   1.0000000e+00   1.4496800e+01   6.4496800e+00  -2.0000000e+00
   2.0000000e+00   1.4185000e+01   9.5077600e-01  -3.0000000e+00
   3.0000000e+00   5.2524500e+00  -1.7353300e+01  -1.0000000e+00
   4.0000000e+00  -1.7817600e+01  -7.1052500e+00  -1.0000000e+00
   5.0000000e+00  -9.8855300e+00   9.7597800e+00   1.0000000e+00
   6.0000000e+00   1.3652400e+01   8.4624300e+00  -2.0000000e+00
   7.0000000e+00   1.4422600e+01  -1.4139300e+01  -1.0000000e+00
   8.0000000e+00  -1.2772400e+01  -8.7547500e+00  -3.0000000e+00
   9.0000000e+00   9.0397100e+00  -8.8161200e+00   2.0000000e+00
   1.0000000e+01  -9.1517100e+00  -1.0934900e+01   2.0000000e+00
   1.1000000e+01  -1.4693300e+01  -7.9868800e+00  -2.0000000e+00
   1.2000000e+01   1.8198400e+01  -3.5048400e+00  -1.0000000e+00
   1.3000000e+01   1.4469700e+01  -5.6301900e+00   2.0000000e+00
   1.4000000e+01   1.6018000e+00  -2.1227100e+00  -3.0000000e+00
   1.5000000e+01   7.1606700e+00  -7.7513000e+00   2.0000000e+00
   1.6000000e+01  -5.4339000e+00  -8.8054500e+00   2.0000000e+00
   1.7000000e+01   1.0936700e+00   5.5848800e+00   1.0000000e+00
   1.8000000e+01   3.5428200e+00  -9.8501100e+00   2.0000000e+00
   1.9000000e+01  -7.9068000e+00   3.7714500e+00   1.0000000e+00
   2.0000000e+01  -1.4540400e+01  -5.9211900e+00  -2.0000000e+00
   2.1000000e+01  -9.2022500e+00   1.3272100e+01  -2.0000000e+00
   2.2000000e+01  -1.6404400e+00   7.9960800e+00   1.0000000e+00
   2.3000000e+01  -8.4758600e+00   1.1302400e+01   1.0000000e+00
   2.4000000e+01  -5.2296100e+00   1.2616700e+00   1.0000000e+00
   2.5000000e+01   7.0895900e+00  -1.4049800e+01   2.0000000e+00
   2.6000000e+01  -9.9430800e+00   1.5202900e+01  -1.0000000e+00
   2.7000000e+01   5.8176300e+00   2.7237500e+00   1.0000000e+00
   2.8000000e+01   3.5511600e+00  -5.6350800e+00   2.0000000e+00
   2.9000000e+01  -2.9047200e+00   1.7783800e+01  -1.0000000e+00
   3.0000000e+01   1.0148300e+01   1.2960400e+01  -2.0000000e+00
   3.1000000e+01  -1.0870100e+01  -1.4058600e+01  -2.0000000e+00
   3.2000000e+01  -7.3377700e+00  -9.8867900e+00   2.0000000e+00
   3.3000000e+01  -9.3687300e+00   2.2172700e+00   1.0000000e+00
   3.4000000e+01   5.1863700e+00   4.7004000e+00   1.0000000e+00
   3.5000000e+01  -3.6529300e+00   1.4127400e+01   1.0000000e+00
   3.6000000e+01  -6.3448700e+00   1.6517800e+01  -2.0000000e+00
   3.7000000e+01   3.8070900e+00   3.1311400e+00   1.0000000e+00
   3.8000000e+01   5.2712200e+00  -1.5097600e+01  -2.0000000e+00
   3.9000000e+01  -2.5312400e-01   9.6013400e+00   1.0000000e+00
   4.0000000e+01  -2.5507100e-01   1.5186000e+01  -2.0000000e+00
   4.1000000e+01   7.2192300e+00  -9.8275600e+00   2.0000000e+00
   4.2000000e+01  -1.4468300e+01  -1.4166300e+01  -1.0000000e+00
   4.3000000e+01   6.5703100e+00   7.9811200e-01  -3.0000000e+00
   4.4000000e+01   7.0816500e+00  -3.3931400e+00  -3.0000000e+00
   4.5000000e+01   3.6647500e-01   1.9491500e+00   1.0000000e+00
   4.6000000e+01  -1.0631300e+01   6.1941300e+00   1.0000000e+00
   4.7000000e+01  -3.7124300e+00   8.4840600e+00   1.0000000e+00
   4.8000000e+01  -9.0872300e+00  -1.3015300e+01   2.0000000e+00
   4.9000000e+01   1.7258000e+00  -1.2992400e+01   2.0000000e+00
   5.0000000e+01   1.7061300e+00  -1.5122300e+01  -2.0000000e+00
   5.1000000e+01  -3.9951400e+00  -3.0633900e+00  -3.0000000e+00
   5.2000000e+01   5.2952600e+00  -4.4878200e+00  -3.0000000e+00
   5.3000000e+01   1.3045000e+01   4.9532500e+00   1.0000000e+00
   5.4000000e+01  -5.4382800e+00  -1.5173900e+01   2.0000000e+00
   5.5000000e+01   1.6283900e+01  -6.6258100e+00  -2.0000000e+00
   5.6000000e+01   1.2567300e+01  -8.7743500e+00   2.0000000e+00
   5.7000000e+01  -8.5883500e+00   5.7240000e+00   1.0000000e+00
   5.8000000e+01  -9.3594700e+00  -6.2769100e+00  -3.0000000e+00
   5.9000000e+01  -8.0884500e-01   1.7298300e+01  -1.0000000e+00
   6.0000000e+01   8.8525600e+00  -1.5232300e+01  -2.0000000e+00
   6.1000000e+01  -6.2102900e-02  -5.6565600e+00  -3.0000000e+00
   6.2000000e+01  -1.8660500e+00  -8.7798500e+00   2.0000000e+00
   6.3000000e+01   1.7995500e+01  -1.0215600e+00  -1.0000000e+00
   6.4000000e+01  -1.4691400e+01  -1.0051900e+01  -2.0000000e+00
   6.5000000e+01   1.7431800e+00  -6.6774600e+00   2.0000000e+00
   6.6000000e+01   9.9925400e+00   1.6464900e+00  -3.0000000e+00
   6.7000000e+01   4.5011300e+00   6.6615600e+00   1.0000000e+00
   6.8000000e+01  -1.5043600e+01   1.5337700e+00  -2.0000000e+00
   6.9000000e+01   1.1552200e+01   3.5312100e+00  -3.0000000e+00
   7.0000000e+01   3.8301100e+00   8.7778200e+00   1.0000000e+00
   7.1000000e+01   8.9593400e+00  -6.6821500e+00   2.0000000e+00
   7.2000000e+01  -7.1729300e+00   7.3068100e+00   1.0000000e+00
   7.3000000e+01   7.1586400e+00  -5.5754600e+00   2.0000000e+00
   7.4000000e+01   5.2986200e+00  -1.3027800e+01   2.0000000e+00
   7.5000000e+01   1.2657600e+01  -2.5172200e+00  -3.0000000e+00
   7.6000000e+01  -3.0207800e-01   3.9317900e+00   1.0000000e+00
   7.7000000e+01   8.6302200e+00   1.1097000e-01  -3.0000000e+00
   7.8000000e+01   1.2591400e+01  -6.6848000e+00   2.0000000e+00
   7.9000000e+01   9.0137500e+00  -1.3145200e+01   2.0000000e+00
   8.0000000e+01  -1.7545200e+00   2.4221600e+00   1.0000000e+00
   8.1000000e+01  -1.5158200e+01  -3.9358900e+00  -2.0000000e+00
   8.2000000e+01  -1.1479000e+01   2.6547200e+00   1.0000000e+00
   8.3000000e+01  -1.0991200e+01  -4.9630400e+00  -3.0000000e+00
   8.4000000e+01   1.0746500e+01  -1.2022600e+01   2.0000000e+00
   8.5000000e+01  -2.9116200e+00   1.2039200e+01   1.0000000e+00
   8.6000000e+01  -9.9236700e-03  -3.5660700e+00  -3.0000000e+00
   8.7000000e+01  -1.6978500e+01   7.5932500e+00  -1.0000000e+00
   8.8000000e+01   6.7199200e+00   1.7402200e+01  -1.0000000e+00
   8.9000000e+01  -9.1481700e+00  -8.8653000e+00   2.0000000e+00
   9.0000000e+01   1.2316600e+01   6.8950300e+00   1.0000000e+00
   9.1000000e+01  -8.4621200e+00   1.6913600e+01  -1.0000000e+00
   9.2000000e+01  -1.4759000e+01   1.2508600e+01  -1.0000000e+00
   9.3000000e+01  -1.6131900e+01   1.0984100e+01  -1.0000000e+00
   9.4000000e+01  -1.8747000e+00  -1.2973200e+01   2.0000000e+00
   9.5000000e+01  -3.6540500e+00  -9.8626400e+00   2.0000000e+00
   9.6000000e+01   1.2600200e+01  -4.6084600e+00   2.0000000e+00
   9.7000000e+01   3.4875100e+00  -1.6217300e+01  -2.0000000e+00
   9.8000000e+01   1.0774000e+01  -7.6922500e+00   2.0000000e+00
   9.9000000e+01  -1.2117800e+01   4.6237100e+00   1.0000000e+00
   1.0000000e+02  -1.2756000e+01  -1.3007800e+01  -2.0000000e+00
   1.0100000e+02  -3.6236900e+00  -1.6194500e+01  -2.0000000e+00
   1.0200000e+02   1.2098100e+01   1.5096400e+00  -3.0000000e+00
   1.0300000e+02   1.0787100e+01  -3.4387800e+00  -3.0000000e+00
   1.0400000e+02  -7.4338300e+00  -3.7033000e+00  -3.0000000e+00
   1.0500000e+02  -6.2093800e-02  -9.8487300e+00   2.0000000e+00
   1.0600000e+02  -1.8035300e+01   3.8283600e+00  -1.0000000e+00
   1.0700000e+02  -2.0226700e+00  -4.0782000e+00  -3.0000000e+00
   1.0800000e+02  -1.7465500e+01  -3.5249900e+00  -1.0000000e+00
   1.0900000e+02  -7.9654700e-02  -1.6170100e+01  -2.0000000e+00
   1.1000000e+02  -9.1061300e+00  -1.5159200e+01  -2.0000000e+00
   1.1100000e+02  -1.1330300e+01   1.3685500e+01  -1.0000000e+00
   1.1200000e+02   1.5087300e+01   4.3948100e+00  -2.0000000e+00
   1.1300000e+02  -1.8749500e+00  -1.5084600e+01   2.0000000e+00
   1.1400000e+02  -1.4659400e+01  -1.2121600e+01  -1.0000000e+00
   1.1500000e+02  -1.3038500e+01  -4.5116100e+00   1.0000000e+00
   1.1600000e+02   1.0780400e+01   5.4648900e+00   1.0000000e+00
   1.1700000e+02   6.9808000e+00  -1.2447400e+00  -3.0000000e+00
   1.1800000e+02   3.1260200e+00  -5.2779900e-01  -3.0000000e+00
   1.1900000e+02   9.4979200e+00   1.4916700e+01  -2.0000000e+00
   1.2000000e+02   1.6906700e+00  -1.7243800e+01  -1.0000000e+00
   1.2100000e+02  -5.7473500e+00   8.8939000e+00   1.0000000e+00
   1.2200000e+02  -1.4356500e+01  -5.4434200e-01   1.0000000e+00
   1.2300000e+02  -3.1503900e+00   8.4987300e-01   1.0000000e+00
   1.2400000e+02  -5.4517900e+00  -6.7237500e+00   2.0000000e+00
   1.2500000e+02   7.3481800e+00   9.8705700e+00   1.0000000e+00
   1.2600000e+02  -1.7942400e+01  -1.4373200e+00  -1.0000000e+00
   1.2700000e+02   1.0620300e+01  -1.6479500e+01  -1.0000000e+00
   1.2800000e+02   1.4385700e+01  -9.7884300e+00  -2.0000000e+00
   1.2900000e+02   5.3575700e+00   1.5827400e+01  -2.0000000e+00
   1.3000000e+02   4.4842200e+00   1.1280000e+00  -3.0000000e+00
   1.3100000e+02  -1.6329100e+01   5.6316000e+00  -2.0000000e+00
   1.3200000e+02   1.6310600e+01  -1.1047400e+01  -1.0000000e+00
   1.3300000e+02   1.1584300e+01   1.4542400e+01  -1.0000000e+00
   1.3400000e+02  -4.5543800e+00  -7.1988200e-01   1.0000000e+00
   1.3500000e+02  -3.6534500e+00  -1.8288900e+01  -1.0000000e+00
   1.3600000e+02  -1.4764300e+01   6.9817300e+00  -2.0000000e+00
   1.3700000e+02  -1.0811600e+01   6.9004000e-01   1.0000000e+00
   1.3800000e+02  -9.9119300e-01   6.0294500e+00   1.0000000e+00
   1.3900000e+02  -2.7014500e-02  -7.7814400e+00   2.0000000e+00
   1.4000000e+02  -2.3423500e+00   4.4256700e+00   1.0000000e+00
   1.4100000e+02  -1.1948600e+01   1.0157500e+01   1.0000000e+00
   1.4200000e+02   1.0544200e+01  -7.3168000e-01  -3.0000000e+00
   1.4300000e+02  -1.2211300e+01  -9.2291700e-01   1.0000000e+00
   1.4400000e+02   1.8843200e+00   1.4700000e+01   1.0000000e+00
   1.4500000e+02   1.6508500e+01   5.9925600e+00  -2.0000000e+00
   1.4600000e+02   1.6147700e+01   2.0967400e-02  -2.0000000e+00
   1.4700000e+02   5.3247500e+00   1.0297200e+01   1.0000000e+00
   1.4800000e+02  -7.0293100e+00   1.2857700e+01   1.0000000e+00
   1.4900000e+02  -7.9637500e-02  -1.4033200e+01   2.0000000e+00
   1.5000000e+02  -1.0040600e+01   4.1626100e+00   1.0000000e+00
   1.5100000e+02  -1.0956200e+01  -9.8857700e+00   2.0000000e+00
   1.5200000e+02  -4.3815300e+00   1.0498700e+01   1.0000000e+00
   1.5300000e+02  -1.7113600e+01   1.9481800e+00  -1.0000000e+00
   1.5400000e+02   1.7744100e+01   1.6467500e+00  -1.0000000e+00
   1.5500000e+02  -1.0969100e+01  -1.1967300e+01   2.0000000e+00
   1.5600000e+02   1.8570500e+01   6.4259300e+00  -1.0000000e+00
   1.5700000e+02  -9.5378200e+00  -3.3700400e+00  -3.0000000e+00
   1.5800000e+02  -1.0931600e+01  -7.8203600e+00  -3.0000000e+00
   1.5900000e+02  -4.9483300e+00   1.2500500e+01   1.0000000e+00
   1.6000000e+02   9.4697500e+00   9.4073900e+00   1.0000000e+00
   1.6100000e+02  -7.7901700e+00   9.3123900e+00   1.0000000e+00
   1.6200000e+02  -5.4583600e+00  -1.7248100e+01  -2.0000000e+00
   1.6300000e+02  -7.2784900e+00  -1.6151600e+01  -2.0000000e+00
   1.6400000e+02  -1.6426500e+01  -1.1612800e-02  -2.0000000e+00
   1.6500000e+02  -1.2804600e+01  -1.0953000e+01  -2.0000000e+00
   1.6600000e+02  -1.5857600e+01  -1.9841100e+00  -2.0000000e+00
   1.6700000e+02  -2.3701300e-02  -1.8409200e+01  -1.0000000e+00
   1.6800000e+02   1.0032800e+00  -6.7947900e-02   1.0000000e+00
   1.6900000e+02  -1.1001200e+00   4.5657400e-01   1.0000000e+00
   1.7000000e+02   6.0585200e+00   1.3829400e+01   1.0000000e+00
   1.7100000e+02  -1.2584100e+01  -1.5290900e+01  -1.0000000e+00
   1.7200000e+02   1.4517400e+01  -1.2071900e+01  -2.0000000e+00
   1.7300000e+02  -1.3287800e+01   8.5968500e+00   1.0000000e+00
   1.7400000e+02   8.8993600e+00  -2.0975300e+00  -3.0000000e+00
   1.7500000e+02  -1.8494800e+00  -1.0877300e+01   2.0000000e+00
   1.7600000e+02   3.6273100e+00  -7.7577900e+00   2.0000000e+00
   1.7700000e+02   9.4790600e+00   3.8483800e+00   1.0000000e+00
   1.7800000e+02   5.8942000e+00   8.2433800e+00   1.0000000e+00
   1.7900000e+02   1.1621200e+00   1.1172200e+01   1.0000000e+00
   1.8000000e+02  -1.6483600e+01  -8.9893200e+00  -1.0000000e+00
   1.8100000e+02   1.7855900e+00   3.5411900e+00   1.0000000e+00
   1.8200000e+02   1.0794300e+01  -1.4269800e+01  -2.0000000e+00
   1.8300000e+02   8.7573600e+00   1.1398300e+01   1.0000000e+00
   1.8400000e+02  -7.8573600e+00   1.4937500e+01  -2.0000000e+00
   1.8500000e+02  -4.4553900e+00   4.8509100e+00   1.0000000e+00
   1.8600000e+02   1.0838400e+01   1.1005600e+01   1.0000000e+00
   1.8700000e+02  -3.0298500e+00   6.3961100e+00   1.0000000e+00
   1.8800000e+02   4.5830800e+00   1.7913800e+01  -1.0000000e+00
   1.8900000e+02   1.7106400e+00  -1.0910800e+01   2.0000000e+00
   1.9000000e+02  -3.6566900e+00  -1.1915000e+01   2.0000000e+00
   1.9100000e+02   3.3048000e+00   1.6225500e+01  -2.0000000e+00
   1.9200000e+02  -1.5775100e+00   1.3606500e+01   1.0000000e+00
   1.9300000e+02   1.0116600e+01   7.4462300e+00   1.0000000e+00
   1.9400000e+02  -9.3238800e+00  -1.7350000e+01  -1.0000000e+00
   1.9500000e+02   1.2646200e+01  -4.6896500e-01  -3.0000000e+00
   1.9600000e+02  -1.5743500e+01   3.5471500e+00  -2.0000000e+00
   1.9700000e+02  -7.2740200e+00   1.7745600e+00   1.0000000e+00
   1.9800000e+02  -7.3064700e+00  -7.8349700e+00  -3.0000000e+00
   1.9900000e+02  -1.2675700e+01   1.2095000e+01  -2.0000000e+00
   2.0000000e+02   2.4263800e+00   1.8330300e+01  -1.0000000e+00
   2.0100000e+02  -1.9153200e+00  -6.5500700e+00  -3.0000000e+00
   2.0200000e+02  -4.9500900e-01  -1.5236600e+00  -3.0000000e+00
   2.0300000e+02  -1.5392300e+01   8.9887900e+00  -2.0000000e+00
   2.0400000e+02  -1.2957400e+01   1.0197800e+00   1.0000000e+00
   2.0500000e+02  -7.3098900e+00  -1.1976800e+01   2.0000000e+00
   2.0600000e+02  -4.3289800e+00   1.6115000e+01  -2.0000000e+00
   2.0700000e+02  -7.3140500e+00  -5.7701600e+00  -3.0000000e+00
   2.0800000e+02  -5.6790500e+00   1.4562300e+01   1.0000000e+00
   2.0900000e+02   8.9436500e+00  -4.5465000e+00   2.0000000e+00
   2.1000000e+02   1.4431700e+01  -7.7099600e+00  -2.0000000e+00
   2.1100000e+02  -1.8488600e+00  -1.7307100e+01  -2.0000000e+00
   2.1200000e+02  -5.5400400e+00  -4.5071400e+00  -3.0000000e+00
   2.1300000e+02  -9.2131900e+00   7.7829300e+00   1.0000000e+00
   2.1400000e+02  -2.5521400e+00  -1.2369000e+00  -3.0000000e+00
   2.1500000e+02  -3.7397900e+00  -5.5505600e+00  -3.0000000e+00
   2.1600000e+02   1.7706500e+00   9.1989700e+00   1.0000000e+00
   2.1700000e+02  -3.7249900e+00  -1.3999000e+01   2.0000000e+00
   2.1800000e+02  -6.5014400e+00   5.3549900e+00   1.0000000e+00
   2.1900000e+02   1.2590100e+01  -1.3152100e+01  -2.0000000e+00
   2.2000000e+02  -7.2836900e+00  -1.4044600e+01   2.0000000e+00
   2.2100000e+02   1.1606000e+00   1.6670400e+01  -2.0000000e+00
   2.2200000e+02   4.8348200e-01   1.3181200e+01   1.0000000e+00
   2.2300000e+02  -5.4857800e+00  -1.0869700e+01   2.0000000e+00
   2.2400000e+02   3.9550300e+00   1.4243400e+01   1.0000000e+00
   2.2500000e+02   5.4043400e+00  -6.6564400e+00   2.0000000e+00
   2.2600000e+02  -4.9227400e+00   1.8189600e+01  -1.0000000e+00
   2.2700000e+02   6.5311600e+00   6.2787300e+00   1.0000000e+00
   2.2800000e+02   3.5307600e+00  -1.1966600e+01   2.0000000e+00
   2.2900000e+02  -5.0367200e+00   6.8998800e+00   1.0000000e+00
   2.3000000e+02  -5.9334300e+00  -2.2983100e+00  -3.0000000e+00
   2.3100000e+02  -2.2885600e+00   1.5808100e+01  -2.0000000e+00
   2.3200000e+02   1.7672700e+00  -4.5991400e+00  -3.0000000e+00
   2.3300000e+02   1.4519600e+01  -3.4747700e+00   2.0000000e+00
   2.3400000e+02   1.6281300e+01  -8.6992800e+00  -1.0000000e+00
   2.3500000e+02  -6.1200600e-02  -1.1960300e+01   2.0000000e+00
   2.3600000e+02   7.2522700e+00  -1.1974000e+01   2.0000000e+00
   2.3700000e+02   1.2187700e+01   1.2574700e+01  -2.0000000e+00
   2.3800000e+02   1.3711300e+01   1.4047000e+01  -1.0000000e+00
   2.3900000e+02  -5.8817500e+00   3.3183600e+00   1.0000000e+00
   2.4000000e+02   3.3795900e+00  -3.2574400e+00  -3.0000000e+00
   2.4100000e+02   3.1169900e+00   5.1331200e+00   1.0000000e+00
   2.4200000e+02  -3.8361900e+00   2.8292400e+00   1.0000000e+00
   2.4300000e+02   8.0953600e+00   1.3380400e+01   1.0000000e+00
   2.4400000e+02   1.0760900e+01  -5.5826700e+00   2.0000000e+00
   2.4500000e+02  -2.2874900e+00   1.0047500e+01   1.0000000e+00
   2.4600000e+02   7.4444500e+00   1.5370600e+01  -2.0000000e+00
   2.4700000e+02  -7.1945500e+00  -1.8444900e+01  -1.0000000e+00
   2.4800000e+02   4.0740600e-01   7.6033800e+00   1.0000000e+00
   2.4900000e+02  -3.6549800e+00  -7.7621000e+00   2.0000000e+00
   2.5000000e+02   4.6426100e+00   1.2294900e+01   1.0000000e+00
   2.5100000e+02   1.5026300e+01   1.0079500e+01  -1.0000000e+00
   2.5200000e+02   1.4354000e+01   1.2078300e+01  -1.0000000e+00
   2.5300000e+02  -1.0178300e+01  -1.3523100e+00   1.0000000e+00
   2.5400000e+02  -6.4199200e+00   1.0878400e+01   1.0000000e+00
   2.5500000e+02   5.4428700e+00  -1.0950600e+01   2.0000000e+00
   2.5600000e+02   3.4926700e+00  -1.4044300e+01   2.0000000e+00
   2.5700000e+02   1.2567400e+01  -1.5445800e+01  -1.0000000e+00
   2.5800000e+02   1.6283200e+01  -4.5249400e+00  -2.0000000e+00
   2.5900000e+02  -1.2651200e+01   6.6193500e+00   1.0000000e+00
   2.6000000e+02  -5.5068200e+00  -1.2980400e+01   2.0000000e+00
   2.6100000e+02  -6.6150600e+00  -2.6308100e-01   1.0000000e+00
   2.6200000e+02   3.2241000e+00   1.0766500e+01   1.0000000e+00
   2.6300000e+02   1.3586800e+01   2.9491300e+00   1.0000000e+00
   2.6400000e+02   1.0816900e+01  -9.8637300e+00   2.0000000e+00
   2.6500000e+02   1.7273500e+01   4.0711000e+00  -1.0000000e+00
   2.6600000e+02  -1.4144800e+01   5.0042500e+00   1.0000000e+00
   2.6700000e+02   1.5706500e+01   2.3535100e+00  -2.0000000e+00
   2.6800000e+02   8.9341200e+00   1.7020000e+01  -1.0000000e+00
   2.6900000e+02   7.2449100e+00   4.3129000e+00   1.0000000e+00
   2.7000000e+02   2.4367100e+00   7.1680900e+00   1.0000000e+00
   2.7100000e+02   7.4502200e+00  -1.8270600e+01  -1.0000000e+00
   2.7200000e+02  -1.1601200e+01  -2.9846000e+00   1.0000000e+00
   2.7300000e+02   8.0147900e+00   2.2684600e+00   1.0000000e+00
   2.7400000e+02  -1.4028500e+01   1.0529600e+01  -2.0000000e+00
   2.7500000e+02   4.8451600e+00  -1.8092600e+00  -3.0000000e+00
   2.7600000e+02   8.9851800e+00  -1.0877700e+01   2.0000000e+00
   2.7700000e+02   2.4391200e+00   1.5428800e+00   1.0000000e+00
   2.7800000e+02   8.7273000e+00   5.8285700e+00   1.0000000e+00
   2.7900000e+02  -1.3634100e+01  -2.4906500e+00   1.0000000e+00
   2.8000000e+02   1.4555700e+01  -1.3012000e+00  -3.0000000e+00
   2.8100000e+02   1.2699100e+01  -1.1086700e+01   0.0000000e+00
   2.8200000e+02   5.3716300e+00  -8.8305500e+00   2.0000000e+00
   2.8300000e+02  -1.1238600e+01   8.1730300e+00   1.0000000e+00
   2.8400000e+02  -8.5428900e-01   1.1602100e+01   1.0000000e+00
   2.8500000e+02   1.1546200e+01   8.9435800e+00   1.0000000e+00
   2.8600000e+02   2.5082100e+00   1.2743100e+01   1.0000000e+00
   2.8700000e+02  -1.3561900e+01   2.9850900e+00   1.0000000e+00
   2.8800000e+02   1.6363200e+01  -2.4356800e+00  -2.0000000e+00
   2.8900000e+02   1.7512800e+00  -8.8395900e+00   2.0000000e+00
   2.9000000e+02  -1.2578400e+01  -6.5718200e+00  -3.0000000e+00
   2.9100000e+02   1.8158200e+01  -5.5996500e+00  -1.0000000e+00
   2.9200000e+02  -8.7832800e+00   2.2880700e-01   1.0000000e+00
   2.9300000e+02   1.5792900e+01   8.0482000e+00  -1.0000000e+00
   2.9400000e+02  -8.0645700e+00  -1.7228800e+00   1.0000000e+00
   2.9500000e+02   7.0266100e+00  -1.6208500e+01  -2.0000000e+00
   2.9600000e+02  -1.0620800e+01   1.1731300e+01  -2.0000000e+00
   2.9700000e+02   7.9816500e+00   7.8483100e+00   1.0000000e+00
   2.9800000e+02   1.2862800e+01   1.0586800e+01  -2.0000000e+00
   2.9900000e+02   6.6728800e+00   1.1857700e+01   1.0000000e+00
