   0.0000000e+00   1.6085000e+01   4.0187500e+00  -1.0000000e+00
   1.0000000e+00   1.0004900e+01   1.2972700e+01  -1.0000000e+00
   2.0000000e+00  -1.7918200e+01  -4.4541100e-01   1.0000000e+00
   3.0000000e+00   8.8725100e-01  -1.5583400e+01   1.0000000e+00
   4.0000000e+00  -1.0941800e+01  -1.0836100e+01   1.0000000e+00
   5.0000000e+00  -1.3119000e+01  -1.4365800e+01   1.0000000e+00
   6.0000000e+00  -1.1781700e+01   1.5496700e+01  -1.0000000e+00
   7.0000000e+00   9.3459700e+00  -2.7461000e+00  -1.0000000e+00
   8.0000000e+00  -1.1351400e+01   9.1119500e+00  -1.0000000e+00
   9.0000000e+00  -6.0933900e+00   1.0667400e+01  -1.0000000e+00
   1.0000000e+01  -1.1518600e+01   1.1172500e+01  -1.0000000e+00
   1.1000000e+01   7.6214100e+00  -3.9077100e+00  -1.0000000e+00
   1.2000000e+01   1.5662800e+01   1.0178000e+01  -1.0000000e+00
   1.3000000e+01  -1.7676800e+01  -3.9486800e+00   1.0000000e+00
   1.4000000e+01  -1.4563900e+01   4.6003900e+00   1.0000000e+00
   1.5000000e+01   1.3088400e+01  -4.5016000e+00  -1.0000000e+00
   1.6000000e+01  -6.6771400e+00   1.6929300e+01  -1.0000000e+00
   1.7000000e+01  -1.1157900e+01   7.0092800e+00  -1.0000000e+00
   1.8000000e+01  -5.5338500e+00   4.4427200e+00  -1.0000000e+00
   1.9000000e+01  -1.3601200e+01  -1.4514100e-01   1.0000000e+00
   2.0000000e+01   2.0910300e+00  -1.7283100e+01   1.0000000e+00
   2.1000000e+01   3.7047200e+00  -2.4477600e+00  -1.0000000e+00
   2.2000000e+01   5.0311100e+00   7.4036200e+00  -1.0000000e+00
   2.3000000e+01   4.6159800e+00  -7.9706900e+00   1.0000000e+00
   2.4000000e+01   6.7511700e+00   8.5645800e+00  -1.0000000e+00
   2.5000000e+01   1.7808200e+01   5.1424400e+00  -1.0000000e+00
   2.6000000e+01  -9.2956200e+00   6.1479200e+00  -1.0000000e+00
   2.7000000e+01   1.8647700e+01  -3.2081800e+00  -1.0000000e+00
   2.8000000e+01  -9.9983000e+00  -8.9881700e+00   1.0000000e+00
   2.9000000e+01   1.1332700e+01  -5.6688500e+00  -1.0000000e+00
   3.0000000e+01   3.3410800e+00   6.2142800e+00  -1.0000000e+00
   3.1000000e+01   7.0685500e+00   4.4165200e+00  -1.0000000e+00
   3.2000000e+01  -4.2193900e+00   9.7556800e+00  -1.0000000e+00
   3.3000000e+01  -6.2957200e+00  -1.7728900e+01   1.0000000e+00
   3.4000000e+01   7.6536000e+00  -5.9808400e+00  -1.0000000e+00
   3.5000000e+01  -8.3701300e+00   1.5679900e+01  -1.0000000e+00
   3.6000000e+01  -1.6676700e+01   7.6204200e+00  -1.0000000e+00
   3.7000000e+01  -8.0988900e-01  -6.6339800e+00   1.0000000e+00
   3.8000000e+01   1.2180300e+01   7.9035200e+00  -1.0000000e+00
   3.9000000e+01  -8.0150800e-01   1.2157400e+01  -1.0000000e+00
   4.0000000e+01   6.8074900e-01  -1.1917900e+01   1.0000000e+00
   4.1000000e+01  -5.0917600e-01  -1.0173900e+01   1.0000000e+00
   4.2000000e+01   1.5452400e+01  -1.1763000e+01   1.0000000e+00
   4.3000000e+01  -9.8339000e+00   1.2354200e+01  -1.0000000e+00
   4.4000000e+01   1.2800100e+01  -3.7068400e-01  -1.0000000e+00
   4.5000000e+01   3.7877400e+00   9.7343000e-03  -1.0000000e+00
   4.6000000e+01   6.9447400e+00  -1.1465500e+01   1.0000000e+00
   4.7000000e+01  -3.6783000e+00   3.5497700e+00  -1.0000000e+00
   4.8000000e+01  -1.8207100e+01   4.4452200e+00   1.0000000e+00
   4.9000000e+01  -2.6142600e+00  -1.0356100e+01   1.0000000e+00
   5.0000000e+01   1.9411700e+00   9.2933300e-01  -1.0000000e+00
   5.1000000e+01   6.6055000e-01   1.7443200e+01  -1.0000000e+00
   5.2000000e+01   1.8270500e+00  -1.3627000e+01   1.0000000e+00
   5.3000000e+01  -1.2668800e+01   3.7647300e+00   1.0000000e+00
   5.4000000e+01  -1.8698400e+01   2.4332300e+00   1.0000000e+00
   5.5000000e+01  -1.0843600e+00   1.6322900e+01  -1.0000000e+00
   5.6000000e+01  -1.3237900e+01  -7.3544000e+00   1.0000000e+00
   5.7000000e+01   8.2776800e+00  -1.6782100e+01   1.0000000e+00
   5.8000000e+01  -4.7006600e+00  -1.0483400e+01   1.0000000e+00
   5.9000000e+01  -4.2034600e+00  -1.4279400e+00   1.0000000e+00
   6.0000000e+01  -1.4727700e+01   1.6738600e+00   1.0000000e+00
   6.1000000e+01  -4.5116400e+00   1.3985500e+01  -1.0000000e+00
   6.2000000e+01  -9.1640900e-02   3.8840000e+00  -1.0000000e+00
   6.3000000e+01  -2.0803900e+00  -1.7562400e+01   1.0000000e+00
   6.4000000e+01  -1.6470300e+01   5.5423900e+00   1.0000000e+00
   6.5000000e+01   8.6130400e+00   7.6619000e+00  -1.0000000e+00
   6.6000000e+01  -7.3994700e+00   5.3226000e+00  -1.0000000e+00
   6.7000000e+01   2.2268700e+00  -4.5744100e+00   1.0000000e+00
   6.8000000e+01  -1.6219500e+01   3.3602300e+00   1.0000000e+00
   6.9000000e+01  -1.5118800e+01  -1.1098000e+01   1.0000000e+00
   7.0000000e+01  -1.1891000e+01  -1.2666500e+01   1.0000000e+00
   7.1000000e+01   1.2952900e+01  -2.4421300e+00  -1.0000000e+00
   7.2000000e+01   1.5960900e+01   6.0725800e+00  -1.0000000e+00
   7.3000000e+01   6.3897000e+00   1.2683300e+01  -1.0000000e+00
   7.4000000e+01   9.8177600e+00   1.5022500e+01  -1.0000000e+00
   7.5000000e+01  -6.5387100e+00  -1.4225000e+01   1.0000000e+00
   7.6000000e+01  -7.1962700e+00  -3.4189700e+00   1.0000000e+00
   7.7000000e+01  -8.0913600e+00   1.3601500e+01  -1.0000000e+00
   7.8000000e+01   3.9014100e+00  -1.3508500e+01   1.0000000e+00
   7.9000000e+01  -8.6450500e+00  -1.4337500e+01   1.0000000e+00
   8.0000000e+01   5.5463400e+00  -6.1054000e+00   1.0000000e+00
   8.1000000e+01  -1.6604400e+01  -2.1035200e+00   1.0000000e+00
   8.2000000e+01  -9.7118800e-01  -1.9311900e+01   1.0000000e+00
   8.3000000e+01   1.4205300e+01   4.9536700e+00  -1.0000000e+00
   8.4000000e+01   8.3654900e-01   1.5400500e+01  -1.0000000e+00
   8.5000000e+01   1.2353600e+01   5.8402900e+00  -1.0000000e+00
   8.6000000e+01   1.1633100e+01  -9.8268800e+00   1.0000000e+00
   8.7000000e+01  -5.8213300e+00  -8.7679300e+00   1.0000000e+00
   8.8000000e+01   1.5238900e+01  -9.5623800e+00  -1.0000000e+00
   8.9000000e+01  -9.0180500e-01   1.4241300e+01  -1.0000000e+00
   9.0000000e+01   2.6924800e+00   1.4508200e+01  -1.0000000e+00
   9.1000000e+01  -1.3472500e+01   1.4266700e+01  -1.0000000e+00
   9.2000000e+01  -1.4933800e+01   8.7669500e+00  -1.0000000e+00
   9.3000000e+01  -1.1996400e+00  -1.5616100e+01   1.0000000e+00
   9.4000000e+01   1.4512900e+01   7.7782900e-01  -1.0000000e+00
   9.5000000e+01   1.2512700e+01   3.7787300e+00  -1.0000000e+00
   9.6000000e+01   1.5638100e+00  -1.0014100e+01   1.0000000e+00
   9.7000000e+01  -1.5150300e+01   1.0948600e+01  -1.0000000e+00
   9.8000000e+01  -4.0167500e+00  -5.0509400e+00   1.0000000e+00
   9.9000000e+01  -1.3028500e+01   7.8888700e+00  -1.0000000e+00
   1.0000000e+02   1.1843700e+01   1.2018900e+01  -1.0000000e+00
   1.0100000e+02   1.6774600e+01  -4.2446200e+00  -1.0000000e+00
   1.0200000e+02   9.4613700e+00  -4.8126700e+00  -1.0000000e+00
   1.0300000e+02  -9.6449900e+00   1.0300900e+01  -1.0000000e+00
   1.0400000e+02   1.3377000e+01  -8.6733500e+00  -1.0000000e+00
   1.0500000e+02   4.2971900e+00  -4.4217600e+00  -1.0000000e+00
   1.0600000e+02   1.8017400e+00   2.9852700e+00  -1.0000000e+00
   1.0700000e+02  -8.9007400e+00   2.0222200e+00   1.0000000e+00
   1.0800000e+02  -4.3788500e-01   8.0006700e+00  -1.0000000e+00
   1.0900000e+02   4.8329800e+00   9.4708300e+00  -1.0000000e+00
   1.1000000e+02  -1.0215400e+01  -5.3781800e+00   1.0000000e+00
   1.1100000e+02   8.9289500e+00   3.5246300e+00  -1.0000000e+00
   1.1200000e+02   7.9822900e+00   1.6121900e+01  -1.0000000e+00
   1.1300000e+02  -1.4390800e+01  -5.6054100e+00   1.0000000e+00
   1.1400000e+02   1.4807000e+01  -3.3507300e+00  -1.0000000e+00
   1.1500000e+02  -1.0256400e+00  -3.0651200e+00   1.0000000e+00
   1.1600000e+02  -7.5146000e+00  -1.6064800e+01   1.0000000e+00
   1.1700000e+02   2.5600600e+00   1.6553500e+01  -1.0000000e+00
   1.1800000e+02   6.5719500e+00   1.0634200e+01  -1.0000000e+00
   1.1900000e+02   5.7199200e+00  -9.7123000e+00   1.0000000e+00
   1.2000000e+02  -1.4056100e+00  -1.2028400e+01   1.0000000e+00
   1.2100000e+02   1.3723600e+01   1.1129700e+01  -1.0000000e+00
   1.2200000e+02   1.3572500e+01   1.3218700e+01  -1.0000000e+00
   1.2300000e+02   1.0208200e+00  -2.9006300e+00  -1.0000000e+00
   1.2400000e+02  -1.6329600e+01  -9.3161700e+00   1.0000000e+00
   1.2500000e+02  -9.1218100e+00   4.0838900e+00  -1.0000000e+00
   1.2600000e+02   1.4360700e+01   2.8783100e+00  -1.0000000e+00
   1.2700000e+02  -1.1683700e+01   1.3234500e+01  -1.0000000e+00
   1.2800000e+02   1.1504900e+01  -7.7419100e+00  -1.0000000e+00
   1.2900000e+02   2.7528300e+00  -1.1749300e+01   1.0000000e+00
   1.3000000e+02   1.3043900e+00  -6.4553500e+00   1.0000000e+00
   1.3100000e+02   9.0877700e+00   1.4527300e+00  -1.0000000e+00
   1.3200000e+02   7.4995500e+00  -1.8441500e+00  -1.0000000e+00
   1.3300000e+02  -7.2446700e+00   3.2551400e+00  -1.0000000e+00
   1.3400000e+02  -1.2270500e+01  -5.5241500e+00   1.0000000e+00
   1.3500000e+02   1.0457200e+01   6.7589800e+00  -1.0000000e+00
   1.3600000e+02   4.0079500e-01  -8.3118500e+00   1.0000000e+00
   1.3700000e+02  -7.5801000e+00   7.3799200e+00  -1.0000000e+00
   1.3800000e+02   2.8354000e+00   1.2438500e+01  -1.0000000e+00
   1.3900000e+02  -2.5790000e-02  -1.0775700e+00  -1.0000000e+00
   1.4000000e+02  -1.5310300e+01  -7.4731300e+00   1.0000000e+00
   1.4100000e+02  -9.9929100e+00   1.4409400e+01  -1.0000000e+00
   1.4200000e+02  -2.1364300e+00   6.8230800e+00  -1.0000000e+00
   1.4300000e+02  -1.0990500e+01   4.9645100e+00  -1.0000000e+00
   1.4400000e+02   1.1075600e+01  -1.5558200e+00  -1.0000000e+00
   1.4500000e+02  -5.6331900e+00  -1.2337700e+01   1.0000000e+00
   1.4600000e+02   1.0306500e+01   8.8142500e+00  -1.0000000e+00
   1.4700000e+02  -2.9407100e+00   1.7234800e+01  -1.0000000e+00
   1.4800000e+02  -7.9073000e+00  -8.8707700e+00   1.0000000e+00
   1.4900000e+02   1.0150800e+01   1.0878600e+01  -1.0000000e+00
   1.5000000e+02   1.5495500e+01   1.2220200e+01  -1.0000000e+00
   1.5100000e+02   5.0434000e+00  -1.5231100e+01   1.0000000e+00
   1.5200000e+02   1.0635300e+01   4.6971100e+00  -1.0000000e+00
   1.5300000e+02  -7.7716400e+00   9.4345300e+00  -1.0000000e+00
   1.5400000e+02   1.6389100e+01  -1.0650500e-01  -1.0000000e+00
   1.5500000e+02   5.5267500e+00   1.1948400e+00  -1.0000000e+00
   1.5600000e+02   8.0179400e+00  -1.3226500e+01   1.0000000e+00
   1.5700000e+02  -1.5197900e+01   1.3074700e+01  -1.0000000e+00
   1.5800000e+02  -6.3744700e+00   1.4827800e+01  -1.0000000e+00
   1.5900000e+02  -2.6012800e-01  -1.3771700e+01   1.0000000e+00
   1.6000000e+02   3.6451400e+00   2.0974700e+00  -1.0000000e+00
   1.6100000e+02   1.5041700e+01  -5.4274800e+00  -1.0000000e+00
   1.6200000e+02   1.4646600e+01  -1.2933500e+00  -1.0000000e+00
   1.6300000e+02   1.5889100e+01   8.1362800e+00  -1.0000000e+00
   1.6400000e+02  -1.1155000e+01  -7.2681700e+00   1.0000000e+00
   1.6500000e+02  -1.2899900e+01   5.8086000e+00  -1.0000000e+00
   1.6600000e+02  -2.3213900e+00   8.9081200e+00  -1.0000000e+00
   1.6700000e+02   5.2081900e+00   5.3354400e+00  -1.0000000e+00
   1.6800000e+02  -5.3260200e+00  -1.5918400e+01   1.0000000e+00
   1.6900000e+02   6.2476300e+00   1.4740100e+01  -1.0000000e+00
   1.7000000e+02  -1.0970000e+01  -1.4550600e+01   1.0000000e+00
   1.7100000e+02   9.2251200e+00  -5.9502800e-01  -1.0000000e+00
   1.7200000e+02  -5.3821000e+00   2.3741400e+00  -1.0000000e+00
   1.7300000e+02  -2.7889400e+00   1.5142500e+01  -1.0000000e+00
   1.7400000e+02  -7.7068900e+00  -1.2466700e+01   1.0000000e+00
   1.7500000e+02  -1.3243100e+01   9.9717300e+00  -1.0000000e+00
   1.7600000e+02  -1.2119500e+01  -9.0958000e+00   1.0000000e+00
   1.7700000e+02  -1.5526500e+01  -3.8794600e+00   1.0000000e+00
   1.7800000e+02  -1.5655700e+01  -2.6094200e-01   1.0000000e+00
   1.7900000e+02   9.2581000e+00  -1.1047300e+01   1.0000000e+00
   1.8000000e+02   1.0790600e+01   2.6089900e+00  -1.0000000e+00
   1.8100000e+02  -4.6616200e+00   1.6048800e+01  -1.0000000e+00
   1.8200000e+02   3.3835500e+00  -6.2844700e+00   1.0000000e+00
   1.8300000e+02   1.5084200e+01  -7.5084000e+00  -1.0000000e+00
   1.8400000e+02  -3.5244500e+00   1.4057100e+00  -1.0000000e+00
   1.8500000e+02  -8.3520400e+00  -1.7023300e+00   1.0000000e+00
   1.8600000e+02   3.1580500e+00   8.2811700e+00  -1.0000000e+00
   1.8700000e+02   1.0058000e+01  -1.2977200e+01   1.0000000e+00
   1.8800000e+02  -2.1451600e+00  -1.3435000e+00  -1.0000000e+00
   1.8900000e+02  -2.6550700e+00   1.3058100e+01  -1.0000000e+00
   1.9000000e+02  -7.4197600e+00   5.8663300e-01   1.0000000e+00
   1.9100000e+02  -4.0114000e+00   7.6975100e+00  -1.0000000e+00
   1.9200000e+02  -8.1484600e+00  -5.2859400e+00   1.0000000e+00
   1.9300000e+02  -2.4948000e+00   1.0956100e+01  -1.0000000e+00
   1.9400000e+02   4.1459900e+00  -1.7147900e+01   1.0000000e+00
   1.9500000e+02   7.7731100e+00  -9.5865300e+00   1.0000000e+00
   1.9600000e+02  -7.0090900e+00  -7.0150000e+00   1.0000000e+00
   1.9700000e+02   8.1059200e+00   1.3877100e+01  -1.0000000e+00
   1.9800000e+02   4.5427000e+00   1.3589300e+01  -1.0000000e+00
   1.9900000e+02  -9.2668900e+00  -3.5571000e+00   1.0000000e+00
   2.0000000e+02   1.6485900e+01  -2.1787000e+00  -1.0000000e+00
   2.0100000e+02   1.2656500e+01   1.7007900e+00  -1.0000000e+00
   2.0200000e+02  -1.1532500e+01  -8.8937400e-02   1.0000000e+00
   2.0300000e+02   7.3727500e-02   1.8355400e+00  -1.0000000e+00
   2.0400000e+02   1.3632100e+01  -1.2812400e+01   1.0000000e+00
   2.0500000e+02  -1.1343600e+01  -3.6578400e+00   1.0000000e+00
   2.0600000e+02   3.6401900e+00  -9.8644200e+00   1.0000000e+00
   2.0700000e+02   2.4893000e+00  -8.1530200e+00   1.0000000e+00
   2.0800000e+02  -3.7697300e+00  -8.6451400e+00   1.0000000e+00
   2.0900000e+02  -1.4552700e+01  -2.0318800e+00   1.0000000e+00
   2.1000000e+02   1.4045900e+01   7.0018800e+00  -1.0000000e+00
   2.1100000e+02  -9.4600200e+00   5.2133100e-02   1.0000000e+00
   2.1200000e+02  -3.2471700e+00  -1.5734800e+01   1.0000000e+00
   2.1300000e+02   5.6610500e+00  -8.8025500e-01  -1.0000000e+00
   2.1400000e+02  -9.8006100e+00  -1.2621300e+01   1.0000000e+00
   2.1500000e+02   1.1235700e+01  -3.6028700e+00  -1.0000000e+00
   2.1600000e+02   7.1097500e+00  -1.5076800e+01   1.0000000e+00
   2.1700000e+02  -2.6537700e-01   5.9358600e+00  -1.0000000e+00
   2.1800000e+02  -1.6876900e+01   1.4051600e+00   1.0000000e+00
   2.1900000e+02   1.8309700e+01  -1.1583900e+00  -1.0000000e+00
   2.2000000e+02   1.1851300e+01  -1.4004200e+01   1.0000000e+00
   2.2100000e+02   6.9076400e+00   6.5025500e+00  -1.0000000e+00
   2.2200000e+02   2.0963400e+00  -1.1447500e+00  -1.0000000e+00
   2.2300000e+02  -1.6948700e+00  -8.4803700e+00   1.0000000e+00
   2.2400000e+02   8.4475600e+00   9.7128300e+00  -1.0000000e+00
   2.2500000e+02  -2.0332800e-02  -1.7435900e+01   1.0000000e+00
   2.2600000e+02   4.6925800e+00   1.1521000e+01  -1.0000000e+00
   2.2700000e+02  -8.8853800e+00  -1.0736000e+01   1.0000000e+00
   2.2800000e+02   5.7732100e+00  -2.9892100e+00  -1.0000000e+00
   2.2900000e+02  -5.3098900e+00   3.1101400e-01  -1.0000000e+00
   2.3000000e+02   1.6080200e+00   5.0481500e+00  -1.0000000e+00
   2.3100000e+02   3.5002900e+00   4.1563600e+00  -1.0000000e+00
   2.3200000e+02   5.9623300e+00  -1.3302700e+01   1.0000000e+00
   2.3300000e+02  -1.2480900e+01  -1.9190400e+00   1.0000000e+00
   2.3400000e+02   7.3667300e+00   2.7778100e-01  -1.0000000e+00
   2.3500000e+02  -4.4556500e+00  -1.4059500e+01   1.0000000e+00
   2.3600000e+02   4.4233700e+00   1.5690400e+01  -1.0000000e+00
   2.3700000e+02   1.3520700e+01  -1.0724900e+01   1.0000000e+00
   2.3800000e+02   8.2787000e+00   1.1798100e+01  -1.0000000e+00
   2.3900000e+02  -5.1283300e+00  -3.3049800e+00   1.0000000e+00
   2.4000000e+02   1.2800600e+00   9.1739400e+00  -1.0000000e+00
   2.4100000e+02  -6.2600800e+00  -1.5538000e+00   1.0000000e+00
   2.4200000e+02  -3.8150300e+00   5.6169200e+00  -1.0000000e+00
   2.4300000e+02   1.4361900e+00   7.1050900e+00  -1.0000000e+00
   2.4400000e+02  -1.4226400e+01  -9.2463200e+00   1.0000000e+00
   2.4500000e+02  -1.5928700e+00   6.2348200e-01  -1.0000000e+00
   2.4600000e+02  -1.6484600e+01  -5.7082700e+00   1.0000000e+00
   2.4700000e+02  -6.7615400e+00  -1.0598300e+01   1.0000000e+00
   2.4800000e+02  -1.0817900e+01   2.8601600e+00   1.0000000e+00
   2.4900000e+02   9.7265800e+00  -8.9224400e+00   1.0000000e+00
   2.5000000e+02   2.9778300e+00  -1.5350400e+01   1.0000000e+00
   2.5100000e+02   1.2040500e+01   9.9483200e+00  -1.0000000e+00
   2.5200000e+02  -5.7026700e+00   6.5006700e+00  -1.0000000e+00
   2.5300000e+02   5.9556300e+00   1.7088300e+01  -1.0000000e+00
   2.5400000e+02   9.5963000e+00  -6.8620200e+00  -1.0000000e+00
   2.5500000e+02  -4.3499000e+00   1.1845900e+01  -1.0000000e+00
   2.5600000e+02   9.3037100e-01   1.3287200e+01  -1.0000000e+00
   2.5700000e+02   1.8185100e+01   2.7868200e+00  -1.0000000e+00
   2.5800000e+02   4.8068800e+00  -1.1562600e+01   1.0000000e+00
   2.5900000e+02  -4.1442300e+00  -1.7653000e+01   1.0000000e+00
   2.6000000e+02   1.6251900e+01   1.9497400e+00  -1.0000000e+00
   2.6100000e+02   8.7646100e+00   5.5845700e+00  -1.0000000e+00
   2.6200000e+02  -1.9521300e+00  -4.9121100e+00   1.0000000e+00
   2.6300000e+02   1.1703800e+01   1.4133800e+01  -1.0000000e+00
   2.6400000e+02  -7.9675300e+00   1.1520100e+01  -1.0000000e+00
   2.6500000e+02  -2.8609800e+00  -6.7810300e+00   1.0000000e+00
   2.6600000e+02  -9.0845200e+00  -7.1207500e+00   1.0000000e+00
   2.6700000e+02   1.2948200e-01  -4.7746300e+00   1.0000000e+00
   2.6800000e+02  -3.5642300e+00  -1.2192100e+01   1.0000000e+00
   2.6900000e+02  -5.9024100e+00   8.5676100e+00  -1.0000000e+00
   2.7000000e+02  -9.4724800e+00   8.2045800e+00  -1.0000000e+00
   2.7100000e+02   1.6970700e+01  -8.4287900e+00  -1.0000000e+00
   2.7200000e+02   1.0673900e+00   1.1231000e+01  -1.0000000e+00
   2.7300000e+02   9.2027100e+00  -1.4912500e+01   1.0000000e+00
   2.7400000e+02  -1.4758600e+01   6.6914300e+00  -1.0000000e+00
   2.7500000e+02  -3.0796200e+00  -3.1985200e+00   1.0000000e+00
   2.7600000e+02   6.2067600e+00  -1.7000600e+01   1.0000000e+00
   2.7700000e+02   1.3405700e+01   1.5278200e+01  -1.0000000e+00
   2.7800000e+02   1.0953400e+01   5.3062400e-01  -1.0000000e+00
   2.7900000e+02   1.1799800e+01  -1.1893500e+01   1.0000000e+00
   2.8000000e+02  -1.2574300e+01   1.7101900e+00   1.0000000e+00
   2.8100000e+02   1.3910900e+01   9.0432500e+00  -1.0000000e+00
   2.8200000e+02  -1.8197100e+00   2.6662400e+00  -1.0000000e+00
   2.8300000e+02   7.2381100e+00   2.3519500e+00  -1.0000000e+00
   2.8400000e+02  -1.0393300e+01  -1.8145600e+00   1.0000000e+00
   2.8500000e+02   1.3228700e+01  -6.5493200e+00  -1.0000000e+00
   2.8600000e+02   2.9623800e+00   1.0383600e+01  -1.0000000e+00
   2.8700000e+02   1.6934600e+01  -6.3399800e+00  -1.0000000e+00
   2.8800000e+02  -1.3053300e+01  -1.0936000e+01   1.0000000e+00
   2.8900000e+02  -1.3395000e+01   1.2079700e+01  -1.0000000e+00
   2.9000000e+02  -2.3227200e+00  -1.3861600e+01   1.0000000e+00
   2.9100000e+02  -6.2021100e+00   1.2762200e+01  -1.0000000e+00
   2.9200000e+02   5.3622400e+00   3.2701800e+00  -1.0000000e+00
   2.9300000e+02  -6.0731200e-01   1.0061200e+01  -1.0000000e+00
   2.9400000e+02   1.1133100e+01  -1.5988200e+01   1.0000000e+00
   2.9500000e+02   6.7204700e+00  -7.8229900e+00   1.0000000e+00
   2.9600000e+02  -4.9184100e+00  -6.8890600e+00   1.0000000e+00
   2.9700000e+02  -1.9761900e+00   4.7154500e+00  -1.0000000e+00
   2.9800000e+02  -1.3411000e+01  -3.7892600e+00   1.0000000e+00
   2.9900000e+02  -6.0694300e+00  -5.1726800e+00   1.0000000e+00
