   0.0000000e+00  -8.9061700e+00   1.3031900e+01   1.0000000e+00
   1.0000000e+00   1.6123100e+00   1.7629400e+01  -1.0000000e+00
   2.0000000e+00   3.3935000e-01  -5.7764700e+00  -1.0000000e+00
   3.0000000e+00   7.6436000e+00   4.3538300e+00  -1.0000000e+00
   4.0000000e+00  -1.6864700e+01   5.5121000e+00   1.0000000e+00
   5.0000000e+00  -8.2543900e+00   1.5121700e+01   1.0000000e+00
   6.0000000e+00   1.7644200e+01  -2.5628100e-01  -1.0000000e+00
   7.0000000e+00   1.0896800e+01   5.8469400e+00  -1.0000000e+00
   8.0000000e+00   1.1149600e+01  -1.2288600e+01  -1.0000000e+00
   9.0000000e+00   1.7291000e+01  -3.8302900e+00  -1.0000000e+00
   1.0000000e+01  -1.0910700e+01   1.2564400e+01   1.0000000e+00
   1.1000000e+01  -1.6551600e+01  -7.5272900e+00   1.0000000e+00
   1.2000000e+01   5.6016800e+00   4.5648100e+00  -1.0000000e+00
   1.3000000e+01  -2.2930200e+00   3.5509500e+00   1.0000000e+00
   1.4000000e+01   8.8324800e+00   6.0312900e+00  -1.0000000e+00
   1.5000000e+01   6.8689100e-01  -2.1664000e+00  -1.0000000e+00
   1.6000000e+01   2.7859400e+00  -2.3634700e+00  -1.0000000e+00
   1.7000000e+01  -4.7119300e-01  -3.8789300e+00  -1.0000000e+00
   1.8000000e+01  -1.1832400e+01   3.0909100e+00   1.0000000e+00
   1.9000000e+01   6.9881300e+00  -1.1872200e+01  -1.0000000e+00
   2.0000000e+01  -1.7412900e+01   3.4750100e+00   1.0000000e+00
   2.1000000e+01  -5.0780800e+00  -1.3710300e+01   1.0000000e+00
   2.2000000e+01  -1.5069800e+01  -8.9649800e+00   1.0000000e+00
   2.3000000e+01   1.2531000e+00   1.4057800e+01  -1.0000000e+00
   2.4000000e+01   1.3493100e+01   2.0739800e-01  -1.0000000e+00
   2.5000000e+01  -1.4165700e+01   8.0656900e+00   1.0000000e+00
   2.6000000e+01   3.1699200e+00   1.1779700e+00  -1.0000000e+00
   2.7000000e+01   1.2328300e+01  -1.0591200e+01  -1.0000000e+00
   2.8000000e+01  -4.9009800e+00   1.4022600e+01   1.0000000e+00
   2.9000000e+01  -9.2140500e-01  -1.2474900e+01  -1.0000000e+00
   3.0000000e+01   1.4223400e-02   1.2357700e+01  -1.0000000e+00
   3.1000000e+01  -2.5465300e+00  -1.1096400e+01   1.0000000e+00
   3.2000000e+01   3.4962900e+00   4.7655300e+00  -1.0000000e+00
   3.3000000e+01  -1.0490100e+01  -5.8876100e+00   1.0000000e+00
   3.4000000e+01  -1.4671000e+00  -1.8470800e+01  -1.0000000e+00
   3.5000000e+01   1.1442600e+01   3.9655400e-01  -1.0000000e+00
   3.6000000e+01   1.8132500e+01  -5.7330600e+00  -1.0000000e+00
   3.7000000e+01   7.0855200e+00   9.8206200e+00  -1.0000000e+00
   3.8000000e+01  -1.3564400e+01  -1.0434100e+01   1.0000000e+00
   3.9000000e+01  -8.9334000e+00   1.1620400e-01   1.0000000e+00
   4.0000000e+01   1.3539800e+01  -8.8826900e+00  -1.0000000e+00
   4.1000000e+01   4.5213800e+00   1.5489900e+01  -1.0000000e+00
   4.2000000e+01   1.2612400e+01   2.0858600e+00  -1.0000000e+00
   4.3000000e+01  -2.4797800e+00   9.0763000e+00   1.0000000e+00
   4.4000000e+01   1.0044700e+01   7.7282200e+00  -1.0000000e+00
   4.5000000e+01  -1.1985200e+01  -4.4156100e+00   1.0000000e+00
   4.6000000e+01   1.4187500e+01   7.3659800e+00  -1.0000000e+00
   4.7000000e+01   8.6059500e+00  -6.6233500e+00  -1.0000000e+00
   4.8000000e+01   9.9326900e+00  -1.3973500e+01  -1.0000000e+00
   4.9000000e+01  -1.8069900e+01  -6.0553800e+00   1.0000000e+00
   5.0000000e+01  -6.3710700e+00   2.6259400e+00   1.0000000e+00
   5.1000000e+01  -2.8526600e+00  -4.8689600e-01   1.0000000e+00
   5.2000000e+01  -1.3487000e+01  -2.9545800e+00   1.0000000e+00
   5.3000000e+01   4.4664500e+00  -6.2166300e+00  -1.0000000e+00
   5.4000000e+01  -1.5503900e+01  -3.5246200e+00   1.0000000e+00
   5.5000000e+01   1.1760900e+00  -7.6663900e+00  -1.0000000e+00
   5.6000000e+01   8.3240200e+00   1.1532100e+01  -1.0000000e+00
   5.7000000e+01   1.2307100e+01  -1.4800600e+00  -1.0000000e+00
   5.8000000e+01  -2.4108900e-01   3.8122300e+00  -1.0000000e+00
   5.9000000e+01  -9.4728500e+00   1.1036200e+01   1.0000000e+00
   6.0000000e+01   6.5457600e+00  -6.4536700e+00  -1.0000000e+00
   6.1000000e+01   1.8542800e+01  -2.1139000e+00  -1.0000000e+00
   6.2000000e+01   3.9434500e-01   1.5957200e+01  -1.0000000e+00
   6.3000000e+01  -1.5550100e+00  -1.4467200e+01  -1.0000000e+00
   6.4000000e+01   1.1214100e+01   9.4158400e+00  -1.0000000e+00
   6.5000000e+01   1.1035300e+01  -3.2074400e+00  -1.0000000e+00
   6.6000000e+01  -6.5639100e+00   8.0556700e+00   1.0000000e+00
   6.7000000e+01  -5.5701100e+00  -8.2451000e+00   1.0000000e+00
   6.8000000e+01  -1.5912700e+01   2.0316400e+00   1.0000000e+00
   6.9000000e+01  -1.2927800e+01  -9.2948600e-01   1.0000000e+00
   7.0000000e+01  -6.5184100e+00  -4.7954000e+00   1.0000000e+00
   7.1000000e+01  -1.2333000e+01   1.4047500e+01   1.0000000e+00
   7.2000000e+01   4.7167000e+00   6.4542100e+00  -1.0000000e+00
   7.3000000e+01  -9.8292800e+00   3.5920200e+00   1.0000000e+00
   7.4000000e+01   4.6009000e+00  -1.5269800e+01  -1.0000000e+00
   7.5000000e+01  -1.9813800e+00  -1.6485300e+01   1.0000000e+00
   7.6000000e+01   2.5155400e+00  -1.5148700e+01  -1.0000000e+00
   7.7000000e+01   8.1486000e+00  -1.1144500e+00  -1.0000000e+00
   7.8000000e+01  -4.5282600e+00  -4.2369200e+00   1.0000000e+00
   7.9000000e+01  -5.0998100e+00   6.5442300e+00   1.0000000e+00
   8.0000000e+01   1.1752600e+01   3.9584700e+00  -1.0000000e+00
   8.1000000e+01   3.2994600e+00   1.3805000e+01  -1.0000000e+00
   8.2000000e+01   4.4461200e+00  -1.7337500e+01  -1.0000000e+00
   8.3000000e+01  -1.2114600e+01   8.5701100e+00   1.0000000e+00
   8.4000000e+01  -9.4796300e+00  -1.8688900e+00   1.0000000e+00
   8.5000000e+01   1.5209100e+01  -3.5948800e+00  -1.0000000e+00
   8.6000000e+01  -9.0958700e-01  -7.4198300e+00  -1.0000000e+00
   8.7000000e+01   1.5600700e+01  -9.0635800e+00  -1.0000000e+00
   8.8000000e+01  -5.4386900e+00  -8.1949700e-01   1.0000000e+00
   8.9000000e+01  -2.1071200e+00  -9.0930100e+00   1.0000000e+00
   9.0000000e+01  -3.5221500e+00  -1.5114300e+01   1.0000000e+00
   9.1000000e+01  -1.0072300e+01   9.0697100e+00   1.0000000e+00
   9.2000000e+01   1.9203300e+00  -5.0034800e-01  -1.0000000e+00
   9.3000000e+01  -3.5790100e+00  -7.6635200e+00   1.0000000e+00
   9.4000000e+01  -1.1467200e+00   1.0661600e+01  -1.0000000e+00
   9.5000000e+01  -4.5860600e+00  -1.1694700e+01   1.0000000e+00
   9.6000000e+01  -1.4332900e+00   5.6643200e+00   1.0000000e+00
   9.7000000e+01  -1.2973300e+01   1.2056100e+01   1.0000000e+00
   9.8000000e+01  -1.2393700e+01   1.0568600e+00   1.0000000e+00
   9.9000000e+01   7.4526600e+00   1.3424000e+01  -1.0000000e+00
   1.0000000e+02   1.4076600e+01  -1.4370600e+01  -1.0000000e+00
   1.0100000e+02  -1.6985300e+01  -1.9892000e+00   1.0000000e+00
   1.0200000e+02   1.0555500e+01   2.2475500e+00  -1.0000000e+00
   1.0300000e+02  -7.8082900e+00   4.1040600e+00   1.0000000e+00
   1.0400000e+02   9.8180100e+00  -4.8808000e+00  -1.0000000e+00
   1.0500000e+02  -1.6030300e+01  -5.5346600e+00   1.0000000e+00
   1.0600000e+02  -6.2657500e-01   1.7855800e+01  -1.0000000e+00
   1.0700000e+02   2.9938300e+00   1.9342200e+01  -1.0000000e+00
   1.0800000e+02   4.8234500e+00  -2.6425000e+00  -1.0000000e+00
   1.0900000e+02  -1.0629200e+01  -1.3402400e+01   1.0000000e+00
   1.1000000e+02  -7.4803900e+00  -1.6302200e+01   1.0000000e+00
   1.1100000e+02  -2.8492300e+00   1.4268200e+01   1.0000000e+00
   1.1200000e+02  -1.0347400e+01   1.4660100e+01   1.0000000e+00
   1.1300000e+02   1.5270500e+01  -1.2670800e+01  -1.0000000e+00
   1.1400000e+02  -1.3850000e+01   2.5473400e+00   1.0000000e+00
   1.1500000e+02   1.2778800e+01   1.4716900e+01  -1.0000000e+00
   1.1600000e+02  -6.0284200e+00  -1.7769000e+01   1.0000000e+00
   1.1700000e+02   1.0249800e+01  -1.3107200e+00  -1.0000000e+00
   1.1800000e+02  -9.9990600e+00  -3.8679300e+00   1.0000000e+00
   1.1900000e+02   1.5033100e+01   5.4667800e+00  -1.0000000e+00
   1.2000000e+02  -8.7081300e-01   1.8407300e+00  -1.0000000e+00
   1.2100000e+02   2.4061300e+00  -5.9912900e+00  -1.0000000e+00
   1.2200000e+02  -1.5603000e+01  -1.0983200e+01   1.0000000e+00
   1.2300000e+02   3.6378800e+00  -4.3307000e+00  -1.0000000e+00
   1.2400000e+02   2.9544900e+00   1.0182400e+01  -1.0000000e+00
   1.2500000e+02   3.8595600e+00   8.3259700e+00  -1.0000000e+00
   1.2600000e+02   9.4967500e+00   1.3241300e+01  -1.0000000e+00
   1.2700000e+02   1.3943800e+01  -5.2699400e+00  -1.0000000e+00
   1.2800000e+02   7.8737500e+00  -1.3838500e+01  -1.0000000e+00
   1.2900000e+02  -3.6191300e+00   5.1213600e+00   1.0000000e+00
   1.3000000e+02  -7.3971900e+00   1.1500600e+01   1.0000000e+00
   1.3100000e+02  -7.5590600e+00  -8.8115400e+00   1.0000000e+00
   1.3200000e+02   1.4475100e+01   1.0909800e+01  -1.0000000e+00
   1.3300000e+02  -1.4403600e+01   5.0520600e-01   1.0000000e+00
   1.3400000e+02  -1.3977200e+01  -4.9948900e+00   1.0000000e+00
   1.3500000e+02   5.7927100e+00   1.7219100e+01  -1.0000000e+00
   1.3600000e+02   3.7344700e+00   1.7388500e+01  -1.0000000e+00
   1.3700000e+02  -4.3942400e-01   8.6881600e+00  -1.0000000e+00
   1.3800000e+02   8.9548200e+00  -3.0170000e+00  -1.0000000e+00
   1.3900000e+02   6.4429000e+00   2.6517800e+00  -1.0000000e+00
   1.4000000e+02   1.3285700e+01   9.2277300e+00  -1.0000000e+00
   1.4100000e+02  -2.9215800e-01  -1.8157800e-01  -1.0000000e+00
   1.4200000e+02  -1.0677900e+01   7.0924600e+00   1.0000000e+00
   1.4300000e+02  -4.0879200e+00  -9.6857300e+00   1.0000000e+00
   1.4400000e+02   1.4409200e+00   4.9946000e+00  -1.0000000e+00
   1.4500000e+02  -8.5906900e+00  -1.2866400e+01   1.0000000e+00
   1.4600000e+02  -5.4942600e+00  -1.5784700e+01   1.0000000e+00
   1.4700000e+02   1.5400200e+01   9.0470000e+00  -1.0000000e+00
   1.4800000e+02  -1.0411500e+01   1.5890600e+00   1.0000000e+00
   1.4900000e+02   7.9915000e+00   7.9336200e+00  -1.0000000e+00
   1.5000000e+02   1.3621700e+01   1.2789700e+01  -1.0000000e+00
   1.5100000e+02   5.9226100e+00   8.1287100e+00  -1.0000000e+00
   1.5200000e+02  -1.1134000e+01  -1.5449300e+01   1.0000000e+00
   1.5300000e+02   4.9150200e+00  -1.1648900e+01  -1.0000000e+00
   1.5400000e+02   1.3200600e+01  -1.2500400e+01  -1.0000000e+00
   1.5500000e+02   1.1569900e+01   1.2995100e+01  -1.0000000e+00
   1.5600000e+02  -1.4512000e+01  -6.9798900e+00   1.0000000e+00
   1.5700000e+02   1.6441900e+01  -1.9380300e+00  -1.0000000e+00
   1.5800000e+02  -2.9964000e+00   1.7784900e+01   1.0000000e+00
   1.5900000e+02  -1.5298400e+01   4.0058700e+00   1.0000000e+00
   1.6000000e+02   6.5636000e+00   1.5314400e+01  -1.0000000e+00
   1.6100000e+02   5.6857500e+00  -4.5491400e+00  -1.0000000e+00
   1.6200000e+02   9.1721100e+00   9.6540200e+00  -1.0000000e+00
   1.6300000e+02  -6.2704900e-02  -9.3373000e+00  -1.0000000e+00
   1.6400000e+02  -9.0395500e+00  -7.3456000e+00   1.0000000e+00
   1.6500000e+02  -1.1545600e+01  -9.9019800e+00   1.0000000e+00
   1.6600000e+02   2.6407100e+00   6.6590600e+00  -1.0000000e+00
   1.6700000e+02  -1.1524100e+01   1.0565700e+01   1.0000000e+00
   1.6800000e+02   6.8717400e+00  -2.8438800e+00  -1.0000000e+00
   1.6900000e+02   8.6035600e+00   1.5124500e+01  -1.0000000e+00
   1.7000000e+02   1.4702500e+01   1.8677300e+00  -1.0000000e+00
   1.7100000e+02   1.1482100e+01  -8.7110700e+00  -1.0000000e+00
   1.7200000e+02  -1.1280400e+01   5.1164400e+00   1.0000000e+00
   1.7300000e+02  -2.9766800e+00   7.0780800e+00   1.0000000e+00
   1.7400000e+02   3.6893700e+00  -1.3417000e+01  -1.0000000e+00
   1.7500000e+02   5.2403700e+00   9.7520300e-01  -1.0000000e+00
   1.7600000e+02  -6.0245000e+00  -2.8093700e+00   1.0000000e+00
   1.7700000e+02   1.6560500e+00   8.4803900e+00  -1.0000000e+00
   1.7800000e+02   7.3641800e+00  -8.3445700e+00  -1.0000000e+00
   1.7900000e+02  -8.6196100e+00   7.5515100e+00   1.0000000e+00
   1.8000000e+02   1.5593100e+01  -6.1074700e-03  -1.0000000e+00
   1.8100000e+02  -1.4084600e+01  -1.2442000e+01   1.0000000e+00
   1.8200000e+02   1.3113400e+01  -3.3927700e+00  -1.0000000e+00
   1.8300000e+02  -1.6212200e+01   7.5198600e+00   1.0000000e+00
   1.8400000e+02  -5.4079900e+00   1.2033700e+01   1.0000000e+00
   1.8500000e+02   1.0667300e+01  -6.7818500e+00  -1.0000000e+00
   1.8600000e+02   1.4380400e+01  -1.0783500e+01  -1.0000000e+00
   1.8700000e+02   8.8843400e-01   1.0394800e+01  -1.0000000e+00
   1.8800000e+02  -6.9281100e+00   6.4737300e-01   1.0000000e+00
   1.8900000e+02   9.3786500e+00   5.6052200e-01  -1.0000000e+00
   1.9000000e+02   8.2074800e+00  -1.0222000e+01  -1.0000000e+00
   1.9100000e+02  -1.0926600e+01  -4.1032400e-01   1.0000000e+00
   1.9200000e+02   6.6527400e+00  -1.5535900e+01  -1.0000000e+00
   1.9300000e+02  -4.3137500e+00   3.1292400e+00   1.0000000e+00
   1.9400000e+02  -1.4967700e+01   1.1561900e+01   1.0000000e+00
   1.9500000e+02  -4.0415600e+00   1.5971900e+01   1.0000000e+00
   1.9600000e+02  -1.1464700e+01  -2.4151200e+00   1.0000000e+00
   1.9700000e+02   2.3173300e+00   3.0739000e+00  -1.0000000e+00
   1.9800000e+02  -1.4777200e+01   6.0198800e+00   1.0000000e+00
   1.9900000e+02   1.2946500e+01   5.6349100e+00  -1.0000000e+00
   2.0000000e+02  -3.9093600e+00  -1.7218500e+01   1.0000000e+00
   2.0100000e+02  -1.1023900e+01  -7.8966600e+00   1.0000000e+00
   2.0200000e+02  -6.9020100e+00   1.3533300e+01   1.0000000e+00
   2.0300000e+02  -1.0087700e+01  -1.1349300e+01   1.0000000e+00
   2.0400000e+02  -6.0951600e+00  -1.0258500e+01   1.0000000e+00
   2.0500000e+02   1.7264100e+01   5.2219500e+00  -1.0000000e+00
   2.0600000e+02   1.5902700e+01   3.5834600e+00  -1.0000000e+00
   2.0700000e+02   1.4347600e+01  -1.6898900e+00  -1.0000000e+00
   2.0800000e+02   1.1978000e+01  -1.4248400e+01  -1.0000000e+00
   2.0900000e+02   1.0379000e+01   1.1311300e+01  -1.0000000e+00
   2.1000000e+02  -3.9313800e+00  -2.2430100e+00   1.0000000e+00
   2.1100000e+02   6.0815600e+00  -9.4240500e-01  -1.0000000e+00
   2.1200000e+02  -1.3041800e+01  -8.4372200e+00   1.0000000e+00
   2.1300000e+02  -7.9781900e+00   9.5419100e+00   1.0000000e+00
   2.1400000e+02  -7.0774100e+00  -1.4259300e+01   1.0000000e+00
   2.1500000e+02  -1.2077500e+01  -1.1885000e+01   1.0000000e+00
   2.1600000e+02  -6.5730000e+00  -1.2262500e+01   1.0000000e+00
   2.1700000e+02  -1.2757100e+01   6.5591200e+00   1.0000000e+00
   2.1800000e+02   4.3822000e+00   2.8832600e+00  -1.0000000e+00
   2.1900000e+02  -1.5670500e+01   9.6180600e+00   1.0000000e+00
   2.2000000e+02   8.4969200e+00   2.4575300e+00  -1.0000000e+00
   2.2100000e+02  -5.0520800e+00  -6.2283500e+00   1.0000000e+00
   2.2200000e+02  -8.5162800e+00  -5.3220500e+00   1.0000000e+00
   2.2300000e+02   3.4508900e-01   6.7737200e+00  -1.0000000e+00
   2.2400000e+02  -1.2668800e+01  -1.3956400e+01   1.0000000e+00
   2.2500000e+02  -1.7953400e+01   1.4810600e+00   1.0000000e+00
   2.2600000e+02   1.5659200e+00  -1.3303100e+01  -1.0000000e+00
   2.2700000e+02   4.0710200e+00  -9.7695400e+00  -1.0000000e+00
   2.2800000e+02  -7.4600500e+00  -1.3302100e+00   1.0000000e+00
   2.2900000e+02  -9.5501500e+00  -9.3619700e+00   1.0000000e+00
   2.3000000e+02   1.0257700e+01  -1.0429500e+01  -1.0000000e+00
   2.3100000e+02  -7.9454200e-01   1.4296700e+01  -1.0000000e+00
   2.3200000e+02  -1.3573800e+01   1.0028900e+01   1.0000000e+00
   2.3300000e+02   1.1312800e+00   1.3979500e+00  -1.0000000e+00
   2.3400000e+02  -8.0024900e+00  -3.3396200e+00   1.0000000e+00
   2.3500000e+02  -2.5537500e+00   1.2208300e+01   1.0000000e+00
   2.3600000e+02  -9.2723800e+00   5.5964400e+00   1.0000000e+00
   2.3700000e+02  -5.7515100e+00   4.5885800e+00   1.0000000e+00
   2.3800000e+02   1.2715500e+01  -6.9841800e+00  -1.0000000e+00
   2.3900000e+02   1.1859300e+01  -5.0909000e+00  -1.0000000e+00
   2.4000000e+02   4.1705600e+00   1.1934000e+01  -1.0000000e+00
   2.4100000e+02   5.4026900e+00   1.3598300e+01  -1.0000000e+00
   2.4200000e+02   6.7657100e+00   6.2484000e+00  -1.0000000e+00
   2.4300000e+02  -1.3950300e+00  -2.0231600e+00  -1.0000000e+00
   2.4400000e+02  -1.4998300e+01  -1.5180300e+00   1.0000000e+00
   2.4500000e+02   7.7553400e+00  -4.7506300e+00  -1.0000000e+00
   2.4600000e+02   9.6886500e+00   4.1501800e+00  -1.0000000e+00
   2.4700000e+02  -4.9331200e+00   1.1650000e+00   1.0000000e+00
   2.4800000e+02   9.0431100e+00  -1.2102300e+01  -1.0000000e+00
   2.4900000e+02   1.6455800e+01  -1.0965900e+01  -1.0000000e+00
   2.5000000e+02  -9.0346900e+00  -1.4964200e+01   1.0000000e+00
   2.5100000e+02   2.0862000e+00   1.2121800e+01  -1.0000000e+00
   2.5200000e+02   1.6783900e+01   1.6904700e+00  -1.0000000e+00
   2.5300000e+02  -3.0825700e+00  -1.3081600e+01   1.0000000e+00
   2.5400000e+02  -1.4445400e+01   1.3569200e+01   1.0000000e+00
   2.5500000e+02   4.0174300e+00  -7.0974900e-01  -1.0000000e+00
   2.5600000e+02  -2.9087200e+00   1.5719800e+00   1.0000000e+00
   2.5700000e+02   9.4135600e+00  -8.5107600e+00  -1.0000000e+00
   2.5800000e+02  -5.3574300e+00   1.7619900e+01   1.0000000e+00
   2.5900000e+02   2.8062400e+00  -1.1517300e+01  -1.0000000e+00
   2.6000000e+02   7.5929100e-01  -1.1275700e+01  -1.0000000e+00
   2.6100000e+02   1.2420100e+01   1.1110600e+01  -1.0000000e+00
   2.6200000e+02   1.2099800e+01   7.5286500e+00  -1.0000000e+00
   2.6300000e+02   1.9750500e+00  -9.6083500e+00  -1.0000000e+00
   2.6400000e+02   1.6923200e+01  -7.4583600e+00  -1.0000000e+00
   2.6500000e+02  -7.0448500e+00  -6.7881500e+00   1.0000000e+00
   2.6600000e+02  -1.3307200e+01   4.5371000e+00   1.0000000e+00
   2.6700000e+02  -7.6822100e+00   1.7151000e+01   1.0000000e+00
   2.6800000e+02   1.3844900e+01   3.7538000e+00  -1.0000000e+00
   2.6900000e+02  -1.8334500e+00   1.6074200e+01   1.0000000e+00
   2.7000000e+02   1.5866000e+00  -4.0370600e+00  -1.0000000e+00
   2.7100000e+02   5.3172200e+00  -8.1063700e+00  -1.0000000e+00
   2.7200000e+02  -6.2006200e+00   1.5697800e+01   1.0000000e+00
   2.7300000e+02   1.5983600e+01  -5.4991000e+00  -1.0000000e+00
   2.7400000e+02   6.5327800e+00  -1.7611900e+01  -1.0000000e+00
   2.7500000e+02   3.2104100e+00  -7.8837600e+00  -1.0000000e+00
   2.7600000e+02  -7.1766900e+00   6.0666700e+00   1.0000000e+00
   2.7700000e+02  -2.5329000e+00  -3.7376800e+00   1.0000000e+00
   2.7800000e+02   8.8614700e+00  -1.5732800e+01  -1.0000000e+00
   2.7900000e+02   5.7908400e+00  -1.3564400e+01  -1.0000000e+00
   2.8000000e+02   6.1256100e+00  -9.9985200e+00  -1.0000000e+00
   2.8100000e+02  -2.7042300e+00  -5.7970200e+00   1.0000000e+00
   2.8200000e+02  -1.2497000e+01  -6.4299600e+00   1.0000000e+00
   2.8300000e+02   1.6277600e+01   7.1973600e+00  -1.0000000e+00
   2.8400000e+02   6.2473700e+00   1.1719700e+01  -1.0000000e+00
   2.8500000e+02   4.4884500e-01  -1.5047800e+01  -1.0000000e+00
   2.8600000e+02  -5.9384100e+00   1.0020900e+01   1.0000000e+00
   2.8700000e+02  -8.0813400e+00  -1.0852200e+01   1.0000000e+00
   2.8800000e+02   2.3836300e+00  -1.7242400e+01  -1.0000000e+00
   2.8900000e+02   1.0744000e+01   1.4957600e+01  -1.0000000e+00
   2.9000000e+02   5.0137400e+00   1.0044700e+01  -1.0000000e+00
   2.9100000e+02   2.3271400e-01  -1.7193300e+01  -1.0000000e+00
   2.9200000e+02  -3.9331500e+00   1.0562000e+01   1.0000000e+00
   2.9300000e+02   2.4690900e+00   1.5736200e+01  -1.0000000e+00
   2.9400000e+02  -8.4063200e+00   2.1107600e+00   1.0000000e+00
   2.9500000e+02  -1.7582100e+01  -3.9824500e+00   1.0000000e+00
   2.9600000e+02   7.2907600e+00   7.7543600e-01  -1.0000000e+00
   2.9700000e+02  -4.4724500e+00   8.4981000e+00   1.0000000e+00
   2.9800000e+02   1.4790700e+01  -7.1657700e+00  -1.0000000e+00
   2.9900000e+02  -1.6424000e+01   3.0687600e-02   1.0000000e+00
