   0.0000000e+00   1.5214700e+01  -6.0096900e+00  -1.0000000e+00
   1.0000000e+00   1.2420000e+01   1.0324600e+01  -1.0000000e+00
   2.0000000e+00  -9.8435200e+00  -9.6170900e+00   1.0000000e+00
   3.0000000e+00   6.0432100e+00   1.7488600e+01  -1.0000000e+00
   4.0000000e+00   1.1662500e+01  -2.3391600e+00  -1.0000000e+00
   5.0000000e+00   1.5321700e+01  -1.2305300e+01  -1.0000000e+00
   6.0000000e+00  -6.5782900e+00  -1.4073300e+01   1.0000000e+00
   7.0000000e+00  -5.3289900e+00   1.5362300e+01  -1.0000000e+00
   8.0000000e+00  -4.1789100e+00   1.0018400e+01  -1.0000000e+00
   9.0000000e+00   9.5853100e+00  -1.0615500e+01   1.0000000e+00
   1.0000000e+01   9.4566400e+00   4.8716500e+00  -1.0000000e+00
   1.1000000e+01   3.9836400e+00   1.7439300e+01  -1.0000000e+00
   1.2000000e+01  -1.4377600e+01  -1.2455500e+00   1.0000000e+00
   1.3000000e+01   7.6248100e+00  -5.4903400e+00  -1.0000000e+00
   1.4000000e+01  -1.0607100e+01  -1.3103400e+01   1.0000000e+00
   1.5000000e+01  -1.7162300e+01   4.1837900e+00   1.0000000e+00
   1.6000000e+01  -1.1792500e+01   6.0673200e+00   1.0000000e+00
   1.7000000e+01  -9.9956600e+00  -1.5144900e+01   1.0000000e+00
   1.8000000e+01  -5.6331000e+00  -5.0524000e+00   1.0000000e+00
   1.9000000e+01   9.2763900e+00   1.5887600e+01  -1.0000000e+00
   2.0000000e+01  -5.1991800e+00   8.2137200e+00  -1.0000000e+00
   2.1000000e+01  -8.1268200e+00   1.2449400e+01  -1.0000000e+00
   2.2000000e+01   3.0105100e+00   1.5594200e+01  -1.0000000e+00
   2.3000000e+01   1.8868200e+01  -4.3750000e+00  -1.0000000e+00
   2.4000000e+01   7.8057400e+00  -1.1684800e+01   1.0000000e+00
   2.5000000e+01   7.8913000e+00  -1.3742600e+01   1.0000000e+00
   2.6000000e+01  -9.8964200e+00   5.2284100e+00   1.0000000e+00
   2.7000000e+01  -7.0440000e+00   9.0797200e-01   1.0000000e+00
   2.8000000e+01  -6.2524400e+00   1.0012200e+01  -1.0000000e+00
   2.9000000e+01  -1.6067100e+00  -5.9740400e+00   1.0000000e+00
   3.0000000e+01   5.8476300e+00  -6.5389700e+00   1.0000000e+00
   3.1000000e+01   1.1443500e+01  -1.3679300e+01   1.0000000e+00
   3.2000000e+01   3.0582800e+00  -1.7646900e+01   1.0000000e+00
   3.3000000e+01  -8.2553600e+00  -2.6613600e+00   1.0000000e+00
   3.4000000e+01   8.4738900e+00  -5.1579400e-01  -1.0000000e+00
   3.5000000e+01   1.1606800e+01  -1.5835800e+01   1.0000000e+00
   3.6000000e+01   9.4952900e+00   1.3047400e+00  -1.0000000e+00
   3.7000000e+01  -1.0068900e+01   9.3215200e+00  -1.0000000e+00
   3.8000000e+01   8.6045700e-01  -1.4016700e+01   1.0000000e+00
   3.9000000e+01   4.8430100e+00  -1.8668000e+01   1.0000000e+00
   4.0000000e+01   1.0548900e+01  -5.0163600e-01  -1.0000000e+00
   4.1000000e+01   6.2764200e+00  -1.7076000e+01   1.0000000e+00
   4.2000000e+01  -3.9444600e+00  -1.6564500e+01   1.0000000e+00
   4.3000000e+01   1.3250400e+01  -1.2582900e+01   1.0000000e+00
   4.4000000e+01  -1.1262900e+00  -1.3445100e+01   1.0000000e+00
   4.5000000e+01   1.0880200e-01   6.5109200e+00  -1.0000000e+00
   4.6000000e+01  -1.7283800e+01  -4.2971400e+00   1.0000000e+00
   4.7000000e+01   7.3884600e+00   4.8708900e+00  -1.0000000e+00
   4.8000000e+01   1.4526100e+01   1.0376900e+01  -1.0000000e+00
   4.9000000e+01  -4.2986100e+00   1.7316300e+01  -1.0000000e+00
   5.0000000e+01  -3.0412800e+00   8.2310100e+00  -1.0000000e+00
   5.1000000e+01  -2.9919300e+00  -7.4958200e+00   1.0000000e+00
   5.2000000e+01   5.1133200e+00   1.2008900e+01  -1.0000000e+00
   5.3000000e+01   7.1554100e+00   1.5719400e+01  -1.0000000e+00
   5.4000000e+01   1.6807000e+01  -4.6678400e+00  -1.0000000e+00
   5.5000000e+01   8.3809800e+00   6.6903200e+00  -1.0000000e+00
   5.6000000e+01   1.5606500e+01   8.6017300e+00  -1.0000000e+00
   5.7000000e+01   4.0083000e-01  -6.4706900e+00   1.0000000e+00
   5.8000000e+01  -7.6610500e+00  -4.6260000e+00   1.0000000e+00
   5.9000000e+01  -8.4574700e+00  -6.1178600e-01   1.0000000e+00
   6.0000000e+01  -1.0934200e+01  -2.4556100e-01   1.0000000e+00
   6.1000000e+01  -1.0048500e+01   3.1804800e+00   1.0000000e+00
   6.2000000e+01   9.3493600e+00   8.5044400e+00  -1.0000000e+00
   6.3000000e+01   1.4873200e+01  -3.9790200e+00  -1.0000000e+00
   6.4000000e+01  -1.1126900e+01  -5.6830800e+00   1.0000000e+00
   6.5000000e+01  -1.6663800e+01  -6.3719800e+00   1.0000000e+00
   6.6000000e+01  -1.8654700e+01  -5.8385100e+00   1.0000000e+00
   6.7000000e+01  -1.3617600e+01   1.3536600e+01  -1.0000000e+00
   6.8000000e+01  -7.0957300e+00   4.5428900e+00  -1.0000000e+00
   6.9000000e+01  -5.7737500e+00  -1.0557500e+01   1.0000000e+00
   7.0000000e+01  -4.1011800e+00  -3.1740700e+00   1.0000000e+00
   7.1000000e+01   1.2661200e+01  -5.0792700e-01  -1.0000000e+00
   7.2000000e+01  -1.1231400e+01  -1.1124800e+01   1.0000000e+00
   7.3000000e+01  -1.7856900e-01  -1.8187300e+01   1.0000000e+00
   7.4000000e+01  -8.1505300e+00   6.3272800e+00  -1.0000000e+00
   7.5000000e+01  -1.3639600e+01   1.1428400e+01  -1.0000000e+00
   7.6000000e+01   2.0862600e+00   1.0128700e+01  -1.0000000e+00
   7.7000000e+01  -1.1530000e+01   1.7397700e+00   1.0000000e+00
   7.8000000e+01  -1.1729300e+01   1.4528800e+01  -1.0000000e+00
   7.9000000e+01   1.7967400e+01  -2.3334200e+00  -1.0000000e+00
   8.0000000e+01  -1.8764000e+00   2.8650600e+00  -1.0000000e+00
   8.1000000e+01   9.6940600e+00  -1.4766100e+01   1.0000000e+00
   8.2000000e+01  -9.9205600e+00   1.5602000e+01  -1.0000000e+00
   8.3000000e+01   1.6776900e+01   6.7932000e+00  -1.0000000e+00
   8.4000000e+01   8.0108400e+00  -1.5979700e+01   1.0000000e+00
   8.5000000e+01  -1.9509700e+00  -8.1029800e-01   1.0000000e+00
   8.6000000e+01   9.5161700e+00  -8.5362900e+00  -1.0000000e+00
   8.7000000e+01  -2.5505600e+00  -1.5041000e+01   1.0000000e+00
   8.8000000e+01   1.7020700e+01  -9.0265000e+00  -1.0000000e+00
   8.9000000e+01   1.3102500e+01  -6.2086100e+00  -1.0000000e+00
   9.0000000e+01  -5.9538800e+00  -1.6121500e+01   1.0000000e+00
   9.1000000e+01  -6.1985400e+00   1.8174900e+01  -1.0000000e+00
   9.2000000e+01   8.2199400e+00   1.3922800e+01  -1.0000000e+00
   9.3000000e+01   1.3758200e+01  -2.2580200e+00  -1.0000000e+00
   9.4000000e+01   1.5476200e+01   1.2208900e+01  -1.0000000e+00
   9.5000000e+01   2.6057600e+00  -1.5143800e+01   1.0000000e+00
   9.6000000e+01   7.4417800e+00   1.2563700e+00  -1.0000000e+00
   9.7000000e+01   1.1406700e+01   8.4987400e+00  -1.0000000e+00
   9.8000000e+01   4.2458500e+00   6.5929000e+00  -1.0000000e+00
   9.9000000e+01  -1.5711700e+01   7.6788500e+00   1.0000000e+00
   1.0000000e+02  -3.9318100e+00   2.8057900e+00  -1.0000000e+00
   1.0100000e+02   7.1929900e+00   1.2059500e+01  -1.0000000e+00
   1.0200000e+02   9.8114100e-01   1.1921800e+01  -1.0000000e+00
   1.0300000e+02  -4.0056900e+00  -1.0831200e+00   1.0000000e+00
   1.0400000e+02  -7.7836400e+00  -1.0086600e+01   1.0000000e+00
   1.0500000e+02  -4.0149700e+00   6.3962400e+00  -1.0000000e+00
   1.0600000e+02   1.5750000e+01   1.4522000e+00  -1.0000000e+00
   1.0700000e+02  -2.2164000e+00   1.7314000e+01  -1.0000000e+00
   1.0800000e+02  -1.2987500e+01   2.7208600e-01   1.0000000e+00
   1.0900000e+02   1.8870200e+00  -1.0421000e+01   1.0000000e+00
   1.1000000e+02   3.1700000e+00   8.3495800e+00  -1.0000000e+00
   1.1100000e+02   1.4586900e+01   6.8004300e+00  -1.0000000e+00
   1.1200000e+02  -2.3616700e+00  -9.5270800e+00   1.0000000e+00
   1.1300000e+02  -3.6166000e+00  -5.5016200e+00   1.0000000e+00
   1.1400000e+02  -8.3338000e-01   1.0334300e+00  -1.0000000e+00
   1.1500000e+02   1.7130500e+01  -6.7383500e+00  -1.0000000e+00
   1.1600000e+02  -1.3196300e+01  -5.2108400e+00   1.0000000e+00
   1.1700000e+02   4.1302100e+00   1.0205500e+01  -1.0000000e+00
   1.1800000e+02   1.3110700e+01  -8.3970200e+00  -1.0000000e+00
   1.1900000e+02  -7.2012500e+00  -1.2077500e+01   1.0000000e+00
   1.2000000e+02   1.0520700e+01   3.0931000e+00  -1.0000000e+00
   1.2100000e+02  -5.2271500e+00   1.1800900e+01  -1.0000000e+00
   1.2200000e+02   7.7732400e+00  -9.6206300e+00   1.0000000e+00
   1.2300000e+02   2.2418200e+00   2.9387100e+00  -1.0000000e+00
   1.2400000e+02   2.1670100e+00   6.5311200e+00  -1.0000000e+00
   1.2500000e+02   1.2505700e+01   6.7435500e+00  -1.0000000e+00
   1.2600000e+02  -1.2379700e+01  -1.7268800e+00   1.0000000e+00
   1.2700000e+02  -1.2017900e+01   3.8007400e+00   1.0000000e+00
   1.2800000e+02  -1.1779700e+01  -3.6983500e+00   1.0000000e+00
   1.2900000e+02   3.3628200e+00  -3.0171400e+00  -1.0000000e+00
   1.3000000e+02  -5.9716900e+00   2.6638500e+00  -1.0000000e+00
   1.3100000e+02   5.3258900e+00   4.8290800e+00  -1.0000000e+00
   1.3200000e+02  -5.4444500e-01  -1.5527900e+01   1.0000000e+00
   1.3300000e+02   1.2424200e+00   1.1161900e+00  -1.0000000e+00
   1.3400000e+02   1.3430900e+01   1.2135400e+01  -1.0000000e+00
   1.3500000e+02   1.6794900e+01   3.2439500e+00  -1.0000000e+00
   1.3600000e+02   1.0429800e+01   6.6834700e+00  -1.0000000e+00
   1.3700000e+02  -6.0790700e+00   6.3373600e+00  -1.0000000e+00
   1.3800000e+02  -8.1576500e+00   1.4537100e+01  -1.0000000e+00
   1.3900000e+02   1.2121300e+00  -1.6686800e+01   1.0000000e+00
   1.4000000e+02  -1.5175400e+01   3.5551100e+00   1.0000000e+00
   1.4100000e+02  -8.5852400e+00  -1.3651900e+01   1.0000000e+00
   1.4200000e+02   7.2738800e+00   8.4901400e+00  -1.0000000e+00
   1.4300000e+02   5.9290800e+00  -8.6974500e+00   1.0000000e+00
   1.4400000e+02   1.2585000e+01   3.1266100e+00  -1.0000000e+00
   1.4500000e+02  -1.9686600e+00   6.4592700e+00  -1.0000000e+00
   1.4600000e+02  -1.2619300e+01  -1.2672400e+01   1.0000000e+00
   1.4700000e+02   1.6854800e+01  -3.0558500e-01  -1.0000000e+00
   1.4800000e+02  -6.3586600e+00   1.3508300e+01  -1.0000000e+00
   1.4900000e+02  -1.3991700e+01  -8.7241600e+00   1.0000000e+00
   1.5000000e+02   4.4749600e+00  -1.6058700e+01   1.0000000e+00
   1.5100000e+02  -1.2966600e-01  -4.4720900e+00   1.0000000e+00
   1.5200000e+02   1.5835100e+01  -2.1578900e+00  -1.0000000e+00
   1.5300000e+02   4.2379100e+00  -1.1841500e+01   1.0000000e+00
   1.5400000e+02   1.2000700e+00   4.7238400e+00  -1.0000000e+00
   1.5500000e+02  -1.6673500e+01   2.1124700e+00   1.0000000e+00
   1.5600000e+02   1.0289600e+01   1.4069900e+01  -1.0000000e+00
   1.5700000e+02   6.3211200e+00   6.6593300e+00  -1.0000000e+00
   1.5800000e+02  -9.7214900e+00  -4.1648000e+00   1.0000000e+00
   1.5900000e+02  -6.1942700e+00  -9.7409100e-01   1.0000000e+00
   1.6000000e+02  -1.0831000e+00   1.1874600e+01  -1.0000000e+00
   1.6100000e+02  -1.3492600e+01   2.3421400e+00   1.0000000e+00
   1.6200000e+02   9.6445700e+00  -1.2678500e+01   1.0000000e+00
   1.6300000e+02  -1.5822200e+01  -2.7400800e+00   1.0000000e+00
   1.6400000e+02   5.8801000e+00  -4.3990300e+00  -1.0000000e+00
   1.6500000e+02  -1.1883900e+01  -9.1679400e+00   1.0000000e+00
   1.6600000e+02   5.1036200e+00   1.5595900e+01  -1.0000000e+00
   1.6700000e+02  -8.8351100e-01   4.6773400e+00  -1.0000000e+00
   1.6800000e+02  -9.2146500e+00  -1.1578200e+01   1.0000000e+00
   1.6900000e+02   1.3589200e+01   4.9863000e+00  -1.0000000e+00
   1.7000000e+02  -1.7902000e+01  -2.2281900e+00   1.0000000e+00
   1.7100000e+02  -9.4570500e+00   1.1887500e+00   1.0000000e+00
   1.7200000e+02  -1.4591600e+01  -6.7509900e+00   1.0000000e+00
   1.7300000e+02  -1.7297100e+00  -1.1486600e+01   1.0000000e+00
   1.7400000e+02   2.3139400e+00  -7.3702900e-01  -1.0000000e+00
   1.7500000e+02   1.2900700e+00  -2.5278200e+00  -1.0000000e+00
   1.7600000e+02   5.9847700e+00  -1.0759200e+01   1.0000000e+00
   1.7700000e+02   3.3044600e+00   1.1479500e+00  -1.0000000e+00
   1.7800000e+02  -1.5682500e+01   9.7763200e+00   1.0000000e+00
   1.7900000e+02  -2.9650700e+00   4.6300000e+00  -1.0000000e+00
   1.8000000e+02   5.3901100e+00   1.1960200e+00  -1.0000000e+00
   1.8100000e+02  -7.9364600e+00  -1.5613900e+01   1.0000000e+00
   1.8200000e+02   3.9627700e+00  -9.7980300e+00   1.0000000e+00
   1.8300000e+02  -1.3645900e+01   5.0412500e+00   1.0000000e+00
   1.8400000e+02   1.2346900e+01   1.3940100e+01  -1.0000000e+00
   1.8500000e+02   1.4659200e+01   3.2168700e+00  -1.0000000e+00
   1.8600000e+02  -3.1551500e+00   1.1820500e+01  -1.0000000e+00
   1.8700000e+02  -2.2135000e+00  -4.0000100e+00   1.0000000e+00
   1.8800000e+02  -1.1861300e+01   1.0346800e+01  -1.0000000e+00
   1.8900000e+02  -1.4944800e-01   1.7320000e+01  -1.0000000e+00
   1.9000000e+02  -1.2548000e-01  -9.8899000e+00   1.0000000e+00
   1.9100000e+02   6.2120400e+00  -1.4941700e+01   1.0000000e+00
   1.9200000e+02   1.1525800e+01   4.9417000e+00  -1.0000000e+00
   1.9300000e+02  -4.5567700e+00  -1.4594700e+01   1.0000000e+00
   1.9400000e+02  -7.0387300e+00  -6.5905100e+00   1.0000000e+00
   1.9500000e+02   1.3139000e+01  -1.0511500e+01  -1.0000000e+00
   1.9600000e+02  -1.6024500e+01  -8.3417500e+00   1.0000000e+00
   1.9700000e+02   1.5157800e+01  -8.0700000e+00  -1.0000000e+00
   1.9800000e+02   8.4306400e+00   3.0620700e+00  -1.0000000e+00
   1.9900000e+02   1.0367000e+01   1.0298000e+01  -1.0000000e+00
   2.0000000e+02  -7.2350400e+00  -1.7740000e+01   1.0000000e+00
   2.0100000e+02   1.9800900e+00   1.3770700e+01  -1.0000000e+00
   2.0200000e+02  -5.1701800e+00  -1.2574600e+01   1.0000000e+00
   2.0300000e+02   3.2582000e+00   4.7644600e+00  -1.0000000e+00
   2.0400000e+02  -2.0818100e+00   1.0054300e+01  -1.0000000e+00
   2.0500000e+02  -6.2148600e+00  -3.0274900e+00   1.0000000e+00
   2.0600000e+02   1.3488000e+01   8.5591300e+00  -1.0000000e+00
   2.0700000e+02  -1.4946700e+01   8.8846100e-01   1.0000000e+00
   2.0800000e+02   1.0779900e+00   8.3278500e+00  -1.0000000e+00
   2.0900000e+02  -7.7629400e-01  -2.5297300e+00   1.0000000e+00
   2.1000000e+02   1.9349700e+00  -4.5172700e+00   1.0000000e+00
   2.1100000e+02  -2.9062000e+00   1.0061900e+00  -1.0000000e+00
   2.1200000e+02  -1.0041000e+01   1.1393300e+01  -1.0000000e+00
   2.1300000e+02   2.2989500e+00  -1.2512500e+01   1.0000000e+00
   2.1400000e+02  -6.4161400e+00  -8.5440700e+00   1.0000000e+00
   2.1500000e+02   9.4493300e+00  -6.4776000e+00  -1.0000000e+00
   2.1600000e+02   9.3108800e-01   1.5557100e+01  -1.0000000e+00
   2.1700000e+02   3.9362400e+00  -5.0610400e+00   1.0000000e+00
   2.1800000e+02   5.3422900e+00  -2.4233800e+00  -1.0000000e+00
   2.1900000e+02  -9.8799500e-01   8.2703200e+00  -1.0000000e+00
   2.2000000e+02  -1.6376300e+01  -7.4846600e-01   1.0000000e+00
   2.2100000e+02   6.4150500e+00  -6.1398900e-01  -1.0000000e+00
   2.2200000e+02   1.3196800e+00  -8.3118400e+00   1.0000000e+00
   2.2300000e+02  -4.3937800e+00  -9.0275100e+00   1.0000000e+00
   2.2400000e+02  -5.0464400e+00   4.5536800e+00  -1.0000000e+00
   2.2500000e+02   4.3674400e+00  -6.1292100e-01  -1.0000000e+00
   2.2600000e+02   9.3561400e+00  -4.3792500e+00  -1.0000000e+00
   2.2700000e+02  -9.9991400e+00   7.2755500e+00  -1.0000000e+00
   2.2800000e+02  -1.3298900e+01  -1.0681500e+01   1.0000000e+00
   2.2900000e+02  -9.2521400e-02   1.3681000e+01  -1.0000000e+00
   2.3000000e+02   1.9039600e-01   2.8852800e+00  -1.0000000e+00
   2.3100000e+02  -1.3593100e+01   7.0927700e+00   1.0000000e+00
   2.3200000e+02  -7.5780500e+00   8.3103600e+00  -1.0000000e+00
   2.3300000e+02   6.0407000e+00  -1.2841500e+01   1.0000000e+00
   2.3400000e+02   1.8994200e+01  -5.4672000e-01  -1.0000000e+00
   2.3500000e+02   6.3760900e+00   3.0088900e+00  -1.0000000e+00
   2.3600000e+02   4.2866100e+00  -1.3930700e+01   1.0000000e+00
   2.3700000e+02   8.2750600e+00   1.0284500e+01  -1.0000000e+00
   2.3800000e+02  -3.2041300e+00   1.5437600e+01  -1.0000000e+00
   2.3900000e+02  -9.9284300e+00   1.3467600e+01  -1.0000000e+00
   2.4000000e+02  -1.5209400e+01  -4.7542800e+00   1.0000000e+00
   2.4100000e+02   4.0907500e+00   1.3805900e+01  -1.0000000e+00
   2.4200000e+02  -9.0740500e+00  -6.1222500e+00   1.0000000e+00
   2.4300000e+02   1.1384400e+01  -1.1600100e+01   1.0000000e+00
   2.4400000e+02   1.4739300e+01  -4.2892800e-01  -1.0000000e+00
   2.4500000e+02  -1.5635600e+01   5.6170400e+00   1.0000000e+00
   2.4600000e+02  -1.0261200e+01  -2.1921400e+00   1.0000000e+00
   2.4700000e+02   3.0156400e-01  -1.1940100e+01   1.0000000e+00
   2.4800000e+02   9.2709400e+00   1.2119400e+01  -1.0000000e+00
   2.4900000e+02  -3.1501400e+00  -1.3058600e+01   1.0000000e+00
   2.5000000e+02  -7.2565100e+00   1.6386700e+01  -1.0000000e+00
   2.5100000e+02   1.5740000e+01   5.0209800e+00  -1.0000000e+00
   2.5200000e+02   1.6617200e+01   1.0415200e+01  -1.0000000e+00
   2.5300000e+02  -1.1838600e+01   1.2413000e+01  -1.0000000e+00
   2.5400000e+02   7.4958900e+00  -2.4361800e+00  -1.0000000e+00
   2.5500000e+02   1.1336100e+01   1.2131300e+01  -1.0000000e+00
   2.5600000e+02  -1.9282500e+00  -1.7047500e+01   1.0000000e+00
   2.5700000e+02  -1.2013500e+01  -1.4646100e+01   1.0000000e+00
   2.5800000e+02  -5.0150600e+00  -7.0202700e+00   1.0000000e+00
   2.5900000e+02   2.5218500e-01  -7.2497800e-01  -1.0000000e+00
   2.6000000e+02   1.1282300e+01  -7.4291000e+00  -1.0000000e+00
   2.6100000e+02   1.1587400e+01   1.3015400e+00  -1.0000000e+00
   2.6200000e+02   1.3276200e+01  -1.4639100e+01   1.0000000e+00
   2.6300000e+02   4.1162200e+00  -7.7317800e+00   1.0000000e+00
   2.6400000e+02  -1.2575300e+01  -7.1709900e+00   1.0000000e+00
   2.6500000e+02   3.0462400e+00   1.2003700e+01  -1.0000000e+00
   2.6600000e+02   5.2224900e+00   8.4097400e+00  -1.0000000e+00
   2.6700000e+02   6.1485800e+00   1.3831000e+01  -1.0000000e+00
   2.6800000e+02  -1.4644200e+01  -1.2245500e+01   1.0000000e+00
   2.6900000e+02  -1.1340400e+00   1.5464100e+01  -1.0000000e+00
   2.7000000e+02  -1.5335100e+01  -1.0310100e+01   1.0000000e+00
   2.7100000e+02   6.1998900e+00   1.0235700e+01  -1.0000000e+00
   2.7200000e+02   1.1167500e+01  -5.3543400e+00  -1.0000000e+00
   2.7300000e+02  -1.7497700e+01   6.6271000e+00   1.0000000e+00
   2.7400000e+02   1.9095100e+00   1.7370600e+01  -1.0000000e+00
   2.7500000e+02  -1.0449500e+01  -7.6585200e+00   1.0000000e+00
   2.7600000e+02   2.4546600e+00  -6.5216200e+00   1.0000000e+00
   2.7700000e+02  -1.6255300e-02   1.0085400e+01  -1.0000000e+00
   2.7800000e+02   7.6562200e+00  -7.5542700e+00  -1.0000000e+00
   2.7900000e+02   9.5915000e+00  -2.3363800e+00  -1.0000000e+00
   2.8000000e+02  -1.1830500e+01   8.2205600e+00  -1.0000000e+00
   2.8100000e+02   1.3660900e+01   1.3602800e+00  -1.0000000e+00
   2.8200000e+02  -1.8109400e+01   5.3243700e-01   1.0000000e+00
   2.8300000e+02  -8.0401600e+00   2.7088400e+00   1.0000000e+00
   2.8400000e+02  -3.7621400e+00  -1.1029600e+01   1.0000000e+00
   2.8500000e+02  -1.3675200e+01   9.1513500e+00  -1.0000000e+00
   2.8600000e+02   1.8017900e+01   1.5487500e+00  -1.0000000e+00
   2.8700000e+02   4.3185700e+00   3.0104300e+00  -1.0000000e+00
   2.8800000e+02   1.2805100e+01  -4.0976100e+00  -1.0000000e+00
   2.8900000e+02  -2.1553000e+00   1.3639800e+01  -1.0000000e+00
   2.9000000e+02  -9.8495400e-01  -7.9931900e+00   1.0000000e+00
   2.9100000e+02  -1.3790500e+01  -3.2399800e+00   1.0000000e+00
   2.9200000e+02  -8.4465500e+00  -8.1091300e+00   1.0000000e+00
   2.9300000e+02  -3.3756700e+00  -1.8584800e+01   1.0000000e+00
   2.9400000e+02  -4.9553900e+00   7.9267400e-01   1.0000000e+00
   2.9500000e+02   1.5200700e+01  -1.0145000e+01  -1.0000000e+00
   2.9600000e+02   1.1344400e+01  -9.4970100e+00  -1.0000000e+00
   2.9700000e+02  -1.5645700e+01   1.1861400e+01  -1.0000000e+00
   2.9800000e+02  -4.2305100e+00   1.3619000e+01  -1.0000000e+00
   2.9900000e+02  -8.2784100e+00   1.0311300e+01  -1.0000000e+00
