   0.0000000e+00   1.5375000e+01   7.7782700e+00  -1.0000000e+00
   1.0000000e+00  -6.9345000e+00   1.1422400e+01  -1.0000000e+00
   2.0000000e+00   1.4265600e+00   7.0075900e+00   1.0000000e+00
   3.0000000e+00  -6.3311100e+00  -7.8195100e-01   1.0000000e+00
   4.0000000e+00   1.7421500e+01   4.4712400e+00   1.0000000e+00
   5.0000000e+00   3.4294000e-01  -1.8036400e+01   1.0000000e+00
   6.0000000e+00  -5.4343600e+00   1.2836300e+01  -1.0000000e+00
   7.0000000e+00  -4.4226400e+00   1.6275700e+01  -1.0000000e+00
   8.0000000e+00  -3.4979700e+00   1.4486100e+00   1.0000000e+00
   9.0000000e+00  -9.6748000e+00   5.6423000e-01   1.0000000e+00
   1.0000000e+01   7.2449400e+00   5.6150300e+00   1.0000000e+00
   1.1000000e+01  -2.2427500e+00  -2.0096900e-01   1.0000000e+00
   1.2000000e+01   1.3786600e+01  -8.6926000e+00   1.0000000e+00
   1.3000000e+01   1.1067000e+00  -1.5275200e+00   1.0000000e+00
   1.4000000e+01  -6.2870300e+00  -1.5328600e+01   1.0000000e+00
   1.5000000e+01   1.0945600e+01  -1.0954900e+01   1.0000000e+00
   1.6000000e+01  -1.4423300e+00   1.7239400e+00   1.0000000e+00
   1.7000000e+01   1.7578500e+01  -4.4772200e+00   1.0000000e+00
   1.8000000e+01  -9.9388400e+00  -4.9231700e+00   1.0000000e+00
   1.9000000e+01  -1.5058600e+01  -1.2940400e+01   1.0000000e+00
   2.0000000e+01  -1.0476800e+01   1.0660700e+01  -1.0000000e+00
   2.1000000e+01   7.1450000e+00   1.5467600e+01  -1.0000000e+00
   2.2000000e+01  -1.5591200e+01   5.1436800e+00   1.0000000e+00
   2.3000000e+01   1.1339200e+01   3.3779700e-02   1.0000000e+00
   2.4000000e+01  -1.1505200e+01   1.4765600e+01  -1.0000000e+00
   2.5000000e+01  -2.5491300e+00   8.1402100e+00   1.0000000e+00
   2.6000000e+01  -3.4608600e+00  -1.3101700e+01   1.0000000e+00
   2.7000000e+01   1.6358600e+00  -5.1031200e+00   1.0000000e+00
   2.8000000e+01   3.1282800e+00   1.6692600e+01  -1.0000000e+00
   2.9000000e+01   3.9478300e+00   6.9971200e-01   1.0000000e+00
   3.0000000e+01   1.4290100e+01  -1.2312500e+01   1.0000000e+00
   3.1000000e+01   1.4155900e+01   2.3090800e+00   1.0000000e+00
   3.2000000e+01   6.4860100e+00  -2.5677800e+00   1.0000000e+00
   3.3000000e+01   9.3181200e+00  -2.7824200e-01   1.0000000e+00
   3.4000000e+01   6.3123600e+00  -8.0463600e+00   1.0000000e+00
   3.5000000e+01  -1.3519500e+01  -9.0550900e+00   1.0000000e+00
   3.6000000e+01   1.3156000e+01   1.3397500e+01  -1.0000000e+00
   3.7000000e+01  -6.4015900e+00   1.6909800e+01  -1.0000000e+00
   3.8000000e+01   7.7896500e+00  -4.1598200e+00   1.0000000e+00
   3.9000000e+01   8.5236500e+00  -2.2507300e+00   1.0000000e+00
   4.0000000e+01  -8.4792300e+00   1.0033400e+01  -1.0000000e+00
   4.1000000e+01   1.5898700e+01  -8.3676300e+00   1.0000000e+00
   4.2000000e+01  -9.9121400e+00   1.6064900e+01  -1.0000000e+00
   4.3000000e+01   9.3730900e+00  -1.4901500e+01   1.0000000e+00
   4.4000000e+01   6.9484700e+00   7.9331000e+00  -1.0000000e+00
   4.5000000e+01   1.0456300e+01   8.6551800e+00  -1.0000000e+00
   4.6000000e+01  -1.4537900e+01  -1.9299500e+00   1.0000000e+00
   4.7000000e+01   1.0033600e+01   1.0674900e+01  -1.0000000e+00
   4.8000000e+01   3.4336200e-01  -3.4796300e+00   1.0000000e+00
   4.9000000e+01  -1.7110700e+00  -3.7938800e+00   1.0000000e+00
   5.0000000e+01   4.7091300e-02   1.3022900e+01  -1.0000000e+00
   5.1000000e+01   1.3442700e+00   4.0327000e+00   1.0000000e+00
   5.2000000e+01   5.9999200e+00   1.0184100e+00   1.0000000e+00
   5.3000000e+01  -1.1985300e+01   9.2664100e+00   1.0000000e+00
   5.4000000e+01   1.1598800e+01   1.2036400e+01  -1.0000000e+00
   5.5000000e+01   5.5121500e+00  -9.9572200e+00   1.0000000e+00
   5.6000000e+01   6.7463000e+00   2.9406900e+00   1.0000000e+00
   5.7000000e+01   5.6361300e+00   1.4026700e+01  -1.0000000e+00
   5.8000000e+01   4.0291500e+00  -1.3843800e+01   1.0000000e+00
   5.9000000e+01  -3.7802900e+00  -4.0448800e+00   1.0000000e+00
   6.0000000e+01   4.6670300e+00   2.6262200e+00   1.0000000e+00
   6.1000000e+01  -1.0713100e+01   7.6420400e+00   1.0000000e+00
   6.2000000e+01  -8.8781900e+00   2.5066500e+00   1.0000000e+00
   6.3000000e+01  -2.1737500e+00  -1.4751600e+01   1.0000000e+00
   6.4000000e+01  -6.8907200e-01   3.6374100e+00   1.0000000e+00
   6.5000000e+01   4.4412200e+00  -2.8528100e+00   1.0000000e+00
   6.6000000e+01  -1.0343300e+00   9.5890100e+00  -1.0000000e+00
   6.7000000e+01  -8.9347700e+00   1.2037400e+01  -1.0000000e+00
   6.8000000e+01   1.8816400e+01  -5.1826800e-01   1.0000000e+00
   6.9000000e+01   5.3017500e+00  -1.5466600e+01   1.0000000e+00
   7.0000000e+01   4.9899600e+00   8.5841400e+00  -1.0000000e+00
   7.1000000e+01   5.4211200e+00   6.5713600e+00   1.0000000e+00
   7.2000000e+01  -1.9477900e+00  -9.2450100e+00   1.0000000e+00
   7.3000000e+01  -7.4104100e+00   1.3419800e+01  -1.0000000e+00
   7.4000000e+01  -3.2310200e+00  -7.6126400e+00   1.0000000e+00
   7.5000000e+01   1.3810800e+00  -1.0574300e+01   1.0000000e+00
   7.6000000e+01   2.1650800e+00  -8.6480600e+00   1.0000000e+00
   7.7000000e+01  -6.6095600e+00  -6.2458500e+00   1.0000000e+00
   7.8000000e+01   4.0956200e+00   1.2640100e+01  -1.0000000e+00
   7.9000000e+01  -7.9172400e+00   1.5514300e+01  -1.0000000e+00
   8.0000000e+01  -1.2819000e+01   7.3802900e+00   1.0000000e+00
   8.1000000e+01   1.3610900e+01   1.1365300e+01  -1.0000000e+00
   8.2000000e+01   9.1103100e+00   1.4859000e+01  -1.0000000e+00
   8.3000000e+01  -1.2234700e+01   3.8189600e+00   1.0000000e+00
   8.4000000e+01   1.5225000e+01  -4.8465700e+00   1.0000000e+00
   8.5000000e+01  -9.1796400e+00  -3.0148300e+00   1.0000000e+00
   8.6000000e+01  -1.7410500e+01  -4.1808000e+00   1.0000000e+00
   8.7000000e+01   3.6832300e+00  -4.7929900e+00   1.0000000e+00
   8.8000000e+01   6.4857900e+00  -1.7180400e+01   1.0000000e+00
   8.9000000e+01  -8.0595000e+00   4.4559100e+00   1.0000000e+00
   9.0000000e+01   2.7189800e+00  -1.2174000e+01   1.0000000e+00
   9.1000000e+01  -6.8788300e-01  -1.0888200e+01   1.0000000e+00
   9.2000000e+01   6.8147400e+00  -1.1590500e+01   1.0000000e+00
   9.3000000e+01  -1.6582600e+01  -2.2532900e+00   1.0000000e+00
   9.4000000e+01  -1.9430600e+00   1.3650100e+01  -1.0000000e+00
   9.5000000e+01   6.5307100e+00   9.9618100e+00  -1.0000000e+00
   9.6000000e+01  -1.6977200e+00  -1.8318000e+01   1.0000000e+00
   9.7000000e+01  -5.5799900e+00   1.1630000e+00   1.0000000e+00
   9.8000000e+01   1.3920400e+01  -3.2158300e+00   1.0000000e+00
   9.9000000e+01  -5.2808000e+00  -7.8882500e+00   1.0000000e+00
   1.0000000e+02   4.6741900e+00   1.8082100e+01  -1.0000000e+00
   1.0100000e+02  -1.2445500e+01   1.1289700e+01  -1.0000000e+00
   1.0200000e+02   1.5783900e+01   5.7159700e+00  -1.0000000e+00
   1.0300000e+02  -1.3009500e+01   1.9129100e+00   1.0000000e+00
   1.0400000e+02  -9.5864800e+00  -1.4015400e+01   1.0000000e+00
   1.0500000e+02   1.4209600e+01   4.3755900e+00   1.0000000e+00
   1.0600000e+02   2.3951000e+00  -3.1594200e+00   1.0000000e+00
   1.0700000e+02  -8.1152500e+00  -1.0085600e+01   1.0000000e+00
   1.0800000e+02  -8.6497200e+00  -6.5273200e+00   1.0000000e+00
   1.0900000e+02   1.9641500e+00  -1.4155100e+01   1.0000000e+00
   1.1000000e+02  -7.5629200e+00  -1.3633000e+01   1.0000000e+00
   1.1100000e+02   1.3460400e+01  -1.4225600e+01   1.0000000e+00
   1.1200000e+02  -4.6449300e-01   1.5091300e+01  -1.0000000e+00
   1.1300000e+02   1.2233300e+01  -1.2559300e+01   1.0000000e+00
   1.1400000e+02   1.6072100e+01  -2.9210900e+00   1.0000000e+00
   1.1500000e+02  -1.6090000e+01   8.8427900e+00   1.0000000e+00
   1.1600000e+02  -5.9223300e+00   1.4859700e+01  -1.0000000e+00
   1.1700000e+02  -1.1747300e+00  -7.3332600e+00   1.0000000e+00
   1.1800000e+02  -4.0096900e+00  -9.5136400e+00   1.0000000e+00
   1.1900000e+02   1.6625000e+01  -6.3560700e+00   1.0000000e+00
   1.2000000e+02   8.8727000e-01  -7.0302600e+00   1.0000000e+00
   1.2100000e+02   1.3813600e+01   6.4091800e+00  -1.0000000e+00
   1.2200000e+02   1.3001400e+01  -1.0620800e+01   1.0000000e+00
   1.2300000e+02  -1.1466600e+01  -8.7576800e+00   1.0000000e+00
   1.2400000e+02   6.7373100e+00   1.7500200e+01  -1.0000000e+00
   1.2500000e+02   1.0063300e+01   1.6399100e+00   1.0000000e+00
   1.2600000e+02   8.0873900e+00   1.1368000e+01  -1.0000000e+00
   1.2700000e+02  -1.1234800e+01  -3.2988700e+00   1.0000000e+00
   1.2800000e+02  -7.1279500e+00  -2.6752300e+00   1.0000000e+00
   1.2900000e+02   2.0346500e+00   1.2453400e+01  -1.0000000e+00
   1.3000000e+02  -6.6641100e+00   8.7476700e+00   1.0000000e+00
   1.3100000e+02  -5.1700300e-02   5.5948400e+00   1.0000000e+00
   1.3200000e+02  -1.6973800e+01  -7.6907900e+00   1.0000000e+00
   1.3300000e+02  -5.2054800e+00   6.7389900e+00   1.0000000e+00
   1.3400000e+02   1.7039100e+01   8.9845800e+00  -1.0000000e+00
   1.3500000e+02  -1.7208400e+01   1.2838600e+00   1.0000000e+00
   1.3600000e+02  -1.3503300e+01   5.4296100e+00   1.0000000e+00
   1.3700000e+02  -1.3761700e+01  -1.8132200e-02   1.0000000e+00
   1.3800000e+02   1.5247700e+01   1.2613100e+01  -1.0000000e+00
   1.3900000e+02  -6.8297300e+00  -1.1710700e+01   1.0000000e+00
   1.4000000e+02  -5.0470500e+00  -2.3932700e+00   1.0000000e+00
   1.4100000e+02   8.9043600e+00   7.2769000e+00  -1.0000000e+00
   1.4200000e+02   9.3789900e-01   9.0064200e+00  -1.0000000e+00
   1.4300000e+02   1.2119000e+01   2.0058100e+00   1.0000000e+00
   1.4400000e+02   1.8676400e+01   2.8327600e+00   1.0000000e+00
   1.4500000e+02   7.6267000e+00   1.3404200e+01  -1.0000000e+00
   1.4600000e+02   3.4723500e+00  -1.0263000e+01   1.0000000e+00
   1.4700000e+02   1.1701800e+00  -1.6146800e+01   1.0000000e+00
   1.4800000e+02   4.7716500e+00  -1.1886700e+01   1.0000000e+00
   1.4900000e+02  -1.4273000e+01  -1.0992800e+01   1.0000000e+00
   1.5000000e+02  -5.9983500e+00   4.8027300e+00   1.0000000e+00
   1.5100000e+02   5.2318400e+00  -9.3493000e-01   1.0000000e+00
   1.5200000e+02   1.5326600e+00   1.4499300e+01  -1.0000000e+00
   1.5300000e+02  -2.5456100e+00  -5.6854200e+00   1.0000000e+00
   1.5400000e+02   4.5540000e+00   1.0607400e+01  -1.0000000e+00
   1.5500000e+02   1.3379200e+01   3.6641900e-01   1.0000000e+00
   1.5600000e+02  -2.7307200e+00   3.3638100e+00   1.0000000e+00
   1.5700000e+02   7.5853000e+00  -9.6626200e+00   1.0000000e+00
   1.5800000e+02  -1.1683800e+01  -1.4308400e+01   1.0000000e+00
   1.5900000e+02   9.1088500e+00  -5.7801700e+00   1.0000000e+00
   1.6000000e+02   1.2672700e+01  -1.5846700e+00   1.0000000e+00
   1.6100000e+02  -1.0983600e+01  -1.2373900e+01   1.0000000e+00
   1.6200000e+02   8.5011300e+00   9.3023900e+00  -1.0000000e+00
   1.6300000e+02  -1.0403800e+01  -1.6063300e+01   1.0000000e+00
   1.6400000e+02  -1.3018700e+01   1.3278900e+01  -1.0000000e+00
   1.6500000e+02  -1.0939800e+01   2.1890200e+00   1.0000000e+00
   1.6600000e+02   1.2248800e+01   5.0753600e+00   1.0000000e+00
   1.6700000e+02   9.5838200e-02  -8.9769100e+00   1.0000000e+00
   1.6800000e+02   1.4718200e+01  -1.3365700e+00   1.0000000e+00
   1.6900000e+02   1.8746400e+00   3.8155000e-01   1.0000000e+00
   1.7000000e+02   1.6147100e+01   2.8282200e+00   1.0000000e+00
   1.7100000e+02  -9.3976600e+00   6.0441900e+00   1.0000000e+00
   1.7200000e+02  -1.2761600e+01  -7.1334500e+00   1.0000000e+00
   1.7300000e+02   6.0622800e+00  -1.3538300e+01   1.0000000e+00
   1.7400000e+02  -1.0834700e-01  -1.4438000e+01   1.0000000e+00
   1.7500000e+02   1.0424800e+00   1.6490600e+01  -1.0000000e+00
   1.7600000e+02  -9.1287600e-01   1.7142400e+01  -1.0000000e+00
   1.7700000e+02  -2.4519100e+00   1.5735600e+01  -1.0000000e+00
   1.7800000e+02   8.1456900e+00  -1.3207600e+01   1.0000000e+00
   1.7900000e+02   3.1827300e+00  -1.2320000e+00   1.0000000e+00
   1.8000000e+02   8.9113900e+00  -1.1306300e+01   1.0000000e+00
   1.8100000e+02   1.8129400e+01  -2.4817900e+00   1.0000000e+00
   1.8200000e+02  -5.8360100e+00  -4.3042600e+00   1.0000000e+00
   1.8300000e+02   9.2862200e+00   5.2203700e+00   1.0000000e+00
   1.8400000e+02   1.7479300e+01   1.1224500e+00   1.0000000e+00
   1.8500000e+02  -3.9086400e+00   1.4274500e+01  -1.0000000e+00
   1.8600000e+02   9.6335900e+00  -9.3687600e+00   1.0000000e+00
   1.8700000e+02  -1.0161600e+01   4.1106400e+00   1.0000000e+00
   1.8800000e+02  -2.0608500e+00   6.1023900e+00   1.0000000e+00
   1.8900000e+02   1.6751600e+01  -9.3705100e-01   1.0000000e+00
   1.9000000e+02   1.2390600e+01   7.9382300e+00  -1.0000000e+00
   1.9100000e+02   1.1874900e+01  -3.5303000e+00   1.0000000e+00
   1.9200000e+02  -8.9659900e+00  -1.2052700e+01   1.0000000e+00
   1.9300000e+02   1.0181500e+01  -1.2955200e+01   1.0000000e+00
   1.9400000e+02   3.3785600e+00   6.3440400e+00   1.0000000e+00
   1.9500000e+02   1.5064600e+01  -1.0351100e+01   1.0000000e+00
   1.9600000e+02  -1.4321300e+01   3.5184300e+00   1.0000000e+00
   1.9700000e+02  -5.0304400e+00  -1.6952800e+01   1.0000000e+00
   1.9800000e+02  -8.8751600e-01  -1.6380300e+01   1.0000000e+00
   1.9900000e+02   1.8772000e+00   1.8368500e+01  -1.0000000e+00
   2.0000000e+02  -1.3009400e+01  -1.2701200e+01   1.0000000e+00
   2.0100000e+02   1.7545800e+01   6.8306300e+00  -1.0000000e+00
   2.0200000e+02  -7.3227200e+00  -8.1800600e+00   1.0000000e+00
   2.0300000e+02  -1.5302900e+01  -3.8670300e+00   1.0000000e+00
   2.0400000e+02   2.9136400e+00  -6.7255600e+00   1.0000000e+00
   2.0500000e+02   1.0604300e+01  -1.8841900e+00   1.0000000e+00
   2.0600000e+02  -4.7941700e+00  -1.1444100e+01   1.0000000e+00
   2.0700000e+02   5.8501700e-01   2.0158600e+00   1.0000000e+00
   2.0800000e+02  -1.3269200e+01  -3.5671300e+00   1.0000000e+00
   2.0900000e+02  -1.2208900e+01  -1.0707000e+01   1.0000000e+00
   2.1000000e+02  -1.4016500e+01  -5.4914600e+00   1.0000000e+00
   2.1100000e+02  -1.5866700e+01  -2.8117900e-01   1.0000000e+00
   2.1200000e+02  -3.4406200e+00   1.2194600e+01  -1.0000000e+00
   2.1300000e+02  -8.3450400e+00  -1.5663400e+01   1.0000000e+00
   2.1400000e+02  -1.5598500e+01  -9.3100100e+00   1.0000000e+00
   2.1500000e+02  -4.9707000e+00   1.0812900e+01  -1.0000000e+00
   2.1600000e+02  -1.6090500e+01  -5.7865900e+00   1.0000000e+00
   2.1700000e+02  -1.8791200e-01   9.9026200e-02   1.0000000e+00
   2.1800000e+02   1.5448800e+01   7.0506500e-01   1.0000000e+00
   2.1900000e+02  -1.4802500e+00   1.1624400e+01  -1.0000000e+00
   2.2000000e+02  -1.4042600e+01   9.0984400e+00   1.0000000e+00
   2.2100000e+02  -1.0459300e+01  -1.3785600e+00   1.0000000e+00
   2.2200000e+02   1.2479000e+01  -7.0844200e+00   1.0000000e+00
   2.2300000e+02  -6.8236200e+00   2.8045100e+00   1.0000000e+00
   2.2400000e+02   4.2275400e+00  -8.3248000e+00   1.0000000e+00
   2.2500000e+02   2.4874800e+00   1.0433600e+01  -1.0000000e+00
   2.2600000e+02   9.8340300e+00  -3.8564800e+00   1.0000000e+00
   2.2700000e+02  -7.8795100e+00  -4.6218400e+00   1.0000000e+00
   2.2800000e+02  -7.2683200e+00   6.4716900e+00   1.0000000e+00
   2.2900000e+02  -1.8003300e+01  -6.2679200e-01   1.0000000e+00
   2.3000000e+02   2.4167900e+00  -1.7882500e+01   1.0000000e+00
   2.3100000e+02   3.6692900e+00   1.4644900e+01  -1.0000000e+00
   2.3200000e+02  -2.9848000e+00  -2.1208600e+00   1.0000000e+00
   2.3300000e+02   1.1685400e+01  -9.0327100e+00   1.0000000e+00
   2.3400000e+02  -2.9896600e+00  -1.6656600e+01   1.0000000e+00
   2.3500000e+02  -9.3820900e-01  -1.8418300e+00   1.0000000e+00
   2.3600000e+02  -2.7198600e+00  -1.1183100e+01   1.0000000e+00
   2.3700000e+02   1.4518400e+01  -6.7745900e+00   1.0000000e+00
   2.3800000e+02  -5.7444800e-01   7.5739800e+00   1.0000000e+00
   2.3900000e+02  -1.4493800e+01   1.1177800e+01  -1.0000000e+00
   2.4000000e+02  -1.0915000e+01   1.2681000e+01  -1.0000000e+00
   2.4100000e+02   7.3466900e+00  -1.5176200e+01   1.0000000e+00
   2.4200000e+02  -1.4061300e+00  -1.2834200e+01   1.0000000e+00
   2.4300000e+02   2.6285200e+00   2.3286500e+00   1.0000000e+00
   2.4400000e+02   1.3158300e+01  -5.1300800e+00   1.0000000e+00
   2.4500000e+02   7.2729900e+00  -6.0461800e-01   1.0000000e+00
   2.4600000e+02  -1.6392800e+01   3.2339400e+00   1.0000000e+00
   2.4700000e+02   1.0835600e+01   6.5802800e+00  -1.0000000e+00
   2.4800000e+02  -1.5078300e+01   1.6188700e+00   1.0000000e+00
   2.4900000e+02  -8.6905200e+00   7.9857500e+00   1.0000000e+00
   2.5000000e+02   1.5601700e+01   1.0520000e+01  -1.0000000e+00
   2.5100000e+02  -1.1468500e+01   5.7246000e+00   1.0000000e+00
   2.5200000e+02  -4.7697300e+00   3.1111000e+00   1.0000000e+00
   2.5300000e+02   1.0413100e+01  -7.4054800e+00   1.0000000e+00
   2.5400000e+02  -3.9285600e+00   5.1104700e+00   1.0000000e+00
   2.5500000e+02  -1.1972800e+01  -5.2302700e+00   1.0000000e+00
   2.5600000e+02  -1.0165400e+01  -1.0363100e+01   1.0000000e+00
   2.5700000e+02   7.0529800e+00  -6.1102400e+00   1.0000000e+00
   2.5800000e+02   2.9296100e+00   8.4367400e+00  -1.0000000e+00
   2.5900000e+02  -3.0132900e+00   1.7874500e+01  -1.0000000e+00
   2.6000000e+02  -8.3912000e+00  -1.0642300e+00   1.0000000e+00
   2.6100000e+02   1.0804500e+01   3.5972300e+00   1.0000000e+00
   2.6200000e+02  -4.2344100e-01  -5.4114000e+00   1.0000000e+00
   2.6300000e+02  -1.4897800e+01   7.0721000e+00   1.0000000e+00
   2.6400000e+02   4.9829400e+00  -6.4082200e+00   1.0000000e+00
   2.6500000e+02  -9.3651900e+00  -8.4584200e+00   1.0000000e+00
   2.6600000e+02   1.3957400e+01   9.2912200e+00  -1.0000000e+00
   2.6700000e+02   5.4530700e+00   4.5217500e+00   1.0000000e+00
   2.6800000e+02   8.0256500e+00   1.3179800e+00   1.0000000e+00
   2.6900000e+02  -1.6355800e+01  -1.1277400e+01   1.0000000e+00
   2.7000000e+02  -1.4811800e+01  -7.4017900e+00   1.0000000e+00
   2.7100000e+02  -7.6330300e+00   8.6045200e-01   1.0000000e+00
   2.7200000e+02   4.9595900e-01   1.1022800e+01  -1.0000000e+00
   2.7300000e+02   6.7581700e-01  -1.2503600e+01   1.0000000e+00
   2.7400000e+02   3.4027300e+00   4.2676600e+00   1.0000000e+00
   2.7500000e+02  -3.0093400e+00   1.0162500e+01  -1.0000000e+00
   2.7600000e+02   1.1137700e+01  -5.4669200e+00   1.0000000e+00
   2.7700000e+02   3.2488000e+00  -1.5769400e+01   1.0000000e+00
   2.7800000e+02  -1.1712400e+01   2.6828600e-01   1.0000000e+00
   2.7900000e+02   1.1223600e+01   1.4145400e+01  -1.0000000e+00
   2.8000000e+02   5.1388000e+00   1.6070700e+01  -1.0000000e+00
   2.8100000e+02  -1.2502000e+01  -1.6433800e+00   1.0000000e+00
   2.8200000e+02  -4.2560100e+00  -1.5004200e+01   1.0000000e+00
   2.8300000e+02   8.3675200e+00  -7.7167200e+00   1.0000000e+00
   2.8400000e+02   1.1429000e+01  -1.4613000e+01   1.0000000e+00
   2.8500000e+02  -4.5792400e+00  -5.9475000e+00   1.0000000e+00
   2.8600000e+02   1.2013600e+01   1.0020000e+01  -1.0000000e+00
   2.8700000e+02  -1.6967000e+01   6.7745400e+00   1.0000000e+00
   2.8800000e+02  -9.3958300e+00   1.4074600e+01  -1.0000000e+00
   2.8900000e+02  -5.5314300e+00  -1.3375900e+01   1.0000000e+00
   2.9000000e+02  -6.0513600e+00  -9.8005200e+00   1.0000000e+00
   2.9100000e+02   8.7767500e+00   3.2412100e+00   1.0000000e+00
   2.9200000e+02   6.1173700e+00   1.1988900e+01  -1.0000000e+00
   2.9300000e+02   5.7287800e+00  -4.4792800e+00   1.0000000e+00
   2.9400000e+02  -1.3760900e+01  -1.4671800e+01   1.0000000e+00
   2.9500000e+02  -4.2965200e+00  -4.5162900e-01   1.0000000e+00
   2.9600000e+02   4.4702900e+00  -1.7576300e+01   1.0000000e+00
   2.9700000e+02   9.6429500e+00   1.2777600e+01  -1.0000000e+00
   2.9800000e+02  -1.0690700e+01  -6.8362700e+00   1.0000000e+00
   2.9900000e+02  -4.5850200e+00   8.7805200e+00  -1.0000000e+00
