   0.0000000e+00  -5.2180800e+00  -4.0398400e-01   2.9028400e+00  -3.0000000e+00
   1.0000000e+00  -1.0224300e+01   6.5557600e+00   4.1363500e+01   2.0000000e+00
   2.0000000e+00   1.8225300e+01   4.3755200e-01  -1.4615600e+01  -1.0000000e+00
   3.0000000e+00   1.0935700e+01  -1.4115300e+01   7.1238100e+01  -2.0000000e+00
   4.0000000e+00   2.1022200e+00   1.4299800e+01   4.0492300e+01   2.0000000e+00
   5.0000000e+00  -8.9580700e+00  -1.4918700e+01   5.8355100e+01  -2.0000000e+00
   6.0000000e+00   2.1660200e-01  -5.7911200e+00   5.9012700e+01   1.0000000e+00
   7.0000000e+00   1.0988500e+01   4.5731800e+00   3.4679400e-01   1.0000000e+00
   8.0000000e+00  -5.2180100e+00  -4.6470100e+00   2.8833400e+01   1.0000000e+00
   9.0000000e+00   7.3798300e+00  -5.8481200e+00   5.9945200e+01   1.0000000e+00
   1.0000000e+01  -8.2041800e+00   6.9428100e+00   4.1380900e+01   2.0000000e+00
   1.1000000e+01  -1.5489500e+00  -2.6999700e+00   5.9706200e+01   1.0000000e+00
   1.2000000e+01  -1.2433700e+01  -6.4410400e+00   4.4337000e+01   0.0000000e+00
   1.3000000e+01  -1.2276600e+01   6.1413600e+00   4.2223900e+01   2.0000000e+00
   1.4000000e+01  -3.5462800e+00  -1.6106800e+01   4.6687800e+01  -2.0000000e+00
   1.5000000e+01   7.2271400e-01   1.0388600e+01   3.9061900e+01   2.0000000e+00
   1.6000000e+01  -3.4352100e+00   4.2491500e+00   4.8708100e+01  -3.0000000e+00
   1.7000000e+01   5.5454700e+00  -1.5184200e+01   3.1350000e-01  -2.0000000e+00
   1.8000000e+01   1.8187900e+01  -5.7568600e+00   4.8810800e-01  -1.0000000e+00
   1.9000000e+01   5.5950100e+00  -2.7104600e+00   5.9371000e+01   1.0000000e+00
   2.0000000e+01  -1.2763500e+01  -1.4771200e+01   4.0670100e+01  -1.0000000e+00
   2.1000000e+01   1.2748100e+01  -1.1049000e+01   3.0092200e+01  -2.0000000e+00
   2.2000000e+01  -1.0894200e+01  -1.5881200e+01   4.3072400e+01  -1.0000000e+00
   2.3000000e+01   1.6314900e+01   9.9687700e+00   3.7888800e+00  -1.0000000e+00
   2.4000000e+01  -5.2887200e+00  -1.0874200e+01   5.9204900e+01   1.0000000e+00
   2.5000000e+01  -1.2343800e+01   1.1641000e+01   4.1803200e+01  -2.0000000e+00
   2.6000000e+01   1.2770100e+01  -4.7847000e+00   3.0359800e+01   1.0000000e+00
   2.7000000e+01  -1.2789500e+01  -1.3818000e+00   2.1251500e+01  -2.0000000e+00
   2.8000000e+01   3.8188900e+00  -1.6530600e+00   2.9968000e+01   1.0000000e+00
   2.9000000e+01  -1.3287200e+00   1.5582100e+01   4.0146500e+01  -2.0000000e+00
   3.0000000e+01   1.2756700e+01   7.7176600e+00   1.5186300e+00   1.0000000e+00
   3.1000000e+01   3.8396500e+00   2.4932200e+00   3.0429700e+01   1.0000000e+00
   3.2000000e+01  -6.7889900e+00   1.6340700e+01   4.0874500e+01  -2.0000000e+00
   3.3000000e+01   1.4583700e+01   3.8458400e-01   5.9886000e+01   1.0000000e+00
   3.4000000e+01   3.6940700e+00  -1.4123300e+01   2.9874100e+01   1.0000000e+00
   3.5000000e+01  -1.6316500e+00  -6.8129400e+00   5.9046900e+01   1.0000000e+00
   3.6000000e+01   7.3955500e+00  -1.7364200e+00   5.9439500e+01   1.0000000e+00
   3.7000000e+01  -5.3638400e+00  -1.7088100e+01   5.8681600e+01  -1.0000000e+00
   3.8000000e+01  -3.2664100e-02   8.4670300e+00   3.8850700e+01   2.0000000e+00
   3.9000000e+01   7.3846200e+00  -1.6264000e+01   1.5358900e+01  -1.0000000e+00
   4.0000000e+01   7.3758400e+00  -7.9023700e+00   5.9887500e+01   1.0000000e+00
   4.1000000e+01   1.2764700e+01  -6.7095100e-01   3.0107900e+01   1.0000000e+00
   4.2000000e+01  -1.3725000e+01   7.6774900e+00   4.1618500e+01   2.0000000e+00
   4.3000000e+01  -8.7870500e+00  -4.5734100e+00   2.7596200e+01   1.0000000e+00
   4.4000000e+01   1.4598000e+01  -3.7427500e+00   3.0341200e+01   1.0000000e+00
   4.5000000e+01   1.9171400e+00  -1.5162400e+01   5.8974600e+01  -2.0000000e+00
   4.6000000e+01  -1.4218100e+01   1.6159700e-01   4.2207400e+01   2.0000000e+00
   4.7000000e+01   1.0692800e+01   1.2802000e+01   9.0848400e+00  -2.0000000e+00
   4.8000000e+01   2.2722500e-01  -1.6542000e+00   2.7867500e-01   1.0000000e+00
   4.9000000e+01   1.0867500e+01   8.6970400e+00   2.5691200e+00   1.0000000e+00
   5.0000000e+01  -3.3464600e+00  -1.6503900e+00   5.8395500e+01   1.0000000e+00
   5.1000000e+01   2.5854800e-02  -1.8335300e+01   5.9560600e+01  -1.0000000e+00
   5.2000000e+01   1.2794100e+01  -6.8568700e+00   3.0570300e+01   1.0000000e+00
   5.3000000e+01   1.6402900e+01   3.5513800e+00   2.3745800e+01  -2.0000000e+00
   5.4000000e+01  -6.9948500e+00  -1.4839400e+00   4.8082100e+01  -3.0000000e+00
   5.5000000e+01  -7.5219200e+00   1.4389200e+01   4.0412200e+01   2.0000000e+00
   5.6000000e+01   1.5764500e-01  -7.8464800e+00   5.8981600e+01   1.0000000e+00
   5.7000000e+01   3.7047200e+00  -1.2066700e+01   5.9679300e+01   1.0000000e+00
   5.8000000e+01  -1.7614400e+01   1.2826700e+00   5.7017600e+01  -1.0000000e+00
   5.9000000e+01  -1.0163500e+01   1.0893600e+00   4.2795600e+01   2.0000000e+00
   6.0000000e+01  -1.3940700e+00   3.8999300e+00   4.4613000e+01  -3.0000000e+00
   6.1000000e+01  -1.1656100e+01   8.1197800e+00   4.1411200e+01   2.0000000e+00
   6.2000000e+01  -5.4647300e+00   9.3433800e+00   4.0743400e+01   2.0000000e+00
   6.3000000e+01   1.5282600e+00   1.7921600e+01   3.8274200e+01  -1.0000000e+00
   6.4000000e+01  -1.6992400e+01  -2.2582400e+00   4.1463700e+01  -2.0000000e+00
   6.5000000e+01  -1.4845500e+01  -1.8755500e+00   4.3186000e+01   0.0000000e+00
   6.6000000e+01   1.4563700e+01  -5.8074900e+00   3.0253700e+01   1.0000000e+00
   6.7000000e+01  -1.0742000e+01  -1.1240100e+00   1.7673500e+01  -3.0000000e+00
   6.8000000e+01  -1.4506900e+01  -1.3435500e+01   5.4071700e+01  -1.0000000e+00
   6.9000000e+01   7.4140800e+00   3.5467600e-01   5.9690100e+01   1.0000000e+00
   7.0000000e+01  -1.5592800e+01  -3.7886400e+00   4.4518600e+01  -2.0000000e+00
   7.1000000e+01  -1.2937800e+01   4.1567800e+00   4.2351500e+01   2.0000000e+00
   7.2000000e+01   7.5112600e+00   1.3434200e+01   4.5190400e+01  -2.0000000e+00
   7.3000000e+01  -1.5584400e+00  -4.7586800e+00   5.9154100e+01   1.0000000e+00
   7.4000000e+01  -1.0911500e+01   1.0079900e+01   4.1170000e+01   2.0000000e+00
   7.5000000e+01   5.5166900e+00  -8.9743000e+00   5.9676700e+01   1.0000000e+00
   7.6000000e+01   8.8758200e+00   9.7870100e+00  -3.3698100e+00  -2.0000000e+00
   7.7000000e+01   1.0988000e+01  -5.8612000e+00   5.4733800e-01   1.0000000e+00
   7.8000000e+01   2.2216900e-01   2.5754800e+00   5.5364300e+01   1.0000000e+00
   7.9000000e+01   1.0972500e+01  -3.7997100e+00   3.0143600e+01   1.0000000e+00
   8.0000000e+01  -1.2526000e+01  -8.5047700e+00   5.6597200e+01   1.0000000e+00
   8.1000000e+01   7.4008000e+00   4.5441100e+00   6.3939500e-01   1.0000000e+00
   8.2000000e+01   1.6376400e+01  -6.0943900e-01   6.0275300e+01  -2.0000000e+00
   8.3000000e+01  -1.5780100e+01   7.2883800e+00   4.2135500e+01  -2.0000000e+00
   8.4000000e+01   9.1505900e+00  -1.5136700e+01   1.2174900e+01  -2.0000000e+00
   8.5000000e+01  -1.1552500e+01   2.6165800e+00   4.2399900e+01   2.0000000e+00
   8.6000000e+01   1.9301400e+00  -1.3080400e+01   5.9349300e+01   1.0000000e+00
   8.7000000e+01   4.0740200e+00   9.0785300e+00   4.0735400e+01  -3.0000000e+00
   8.8000000e+01  -1.0261400e+01   1.2048100e+01   4.1282800e+01   2.0000000e+00
   8.9000000e+01   5.6319300e+00   3.5068800e+00   2.9441800e+01   1.0000000e+00
   9.0000000e+01  -1.6554400e+00  -8.8658600e+00   5.9137400e+01   1.0000000e+00
   9.1000000e+01   5.5567200e+00  -1.7239600e+01  -6.7371100e-03  -1.0000000e+00
   9.2000000e+01   7.0908100e-01   1.5929300e+01   3.9829700e+01  -2.0000000e+00
   9.3000000e+01  -5.8935100e-01   1.7526300e+01   3.9087100e+01  -1.0000000e+00
   9.4000000e+01   5.5579600e+00   5.5620000e+00  -1.6586600e+00  -3.0000000e+00
   9.5000000e+01   2.7867000e+00   1.0694500e+01   3.9279000e+01   2.0000000e+00
   9.6000000e+01  -1.7495000e+00  -1.7194900e+01   4.4009900e+01  -1.0000000e+00
   9.7000000e+01  -1.6779300e+00  -1.2996200e+01   2.8994700e+01   1.0000000e+00
   9.8000000e+01  -7.0861900e+00  -1.1871500e+01   2.8996900e+01   1.0000000e+00
   9.9000000e+01   1.2432700e+01   1.3938600e+01  -2.6366500e+00  -1.0000000e+00
   1.0000000e+02  -1.7418700e+00  -1.5103500e+01   5.9069500e+01  -2.0000000e+00
   1.0100000e+02  -1.9590200e+00   1.3547700e+01   4.0259500e+01   2.0000000e+00
   1.0200000e+02  -8.7979500e+00  -4.5236500e-01   5.0505600e+01  -3.0000000e+00
   1.0300000e+02  -4.0181800e+00   1.3227500e+01   4.0382600e+01   2.0000000e+00
   1.0400000e+02  -1.0676600e+01  -7.5112500e+00   2.7818500e+01   1.0000000e+00
   1.0500000e+02  -8.8960200e+00   1.0480400e+01   4.1605500e+01   2.0000000e+00
   1.0600000e+02   2.0318700e+00  -2.7223200e+00   3.0154900e+01   1.0000000e+00
   1.0700000e+02  -7.0951600e+00  -9.7781000e+00   2.8508600e+01   1.0000000e+00
   1.0800000e+02  -1.0891300e+01   4.6040700e+00   4.1468300e+01   2.0000000e+00
   1.0900000e+02  -6.1403100e+00   1.8392700e+01   4.1921400e+01  -1.0000000e+00
   1.1000000e+02   5.5417900e+00   7.6307700e+00   1.0180800e+01  -2.0000000e+00
   1.1100000e+02   5.5940300e+00  -4.8223100e+00   5.9482600e+01   1.0000000e+00
   1.1200000e+02   3.7348000e+00  -7.8960900e+00   5.9065600e+01   1.0000000e+00
   1.1300000e+02   1.4586300e+01  -7.8740800e+00   8.2501700e-01  -2.0000000e+00
   1.1400000e+02  -4.6469500e+00   1.6779200e+01   2.8839700e+01  -2.0000000e+00
   1.1500000e+02  -8.8202300e+00  -6.6281400e+00   5.7543700e+01   1.0000000e+00
   1.1600000e+02   1.8203500e+01   2.5152000e+00   4.8583300e-01  -1.0000000e+00
   1.1700000e+02   7.3300100e+00   6.5949100e+00   1.2688900e+01  -3.0000000e+00
   1.1800000e+02  -4.7711400e+00   5.8212600e+00   4.0921900e+01   2.0000000e+00
   1.1900000e+02   9.1824800e+00   1.4211600e+00   3.0118600e+01   1.0000000e+00
   1.2000000e+02   5.5428700e+00  -6.9219100e+00   5.9338100e+01   1.0000000e+00
   1.2100000e+02  -1.4333400e+01   5.6881500e+00   4.2232100e+01  -2.0000000e+00
   1.2200000e+02  -6.1580600e+00   7.3726800e+00   4.1217100e+01   2.0000000e+00
   1.2300000e+02  -3.3241100e+00   4.0368600e-01   4.1346700e+01  -3.0000000e+00
   1.2400000e+02   9.2026100e+00  -6.8284800e-01   3.0280900e+01   1.0000000e+00
   1.2500000e+02   1.9836000e+00  -5.9254400e-01   2.9787400e+01   1.0000000e+00
   1.2600000e+02   9.2070700e+00   3.5056400e+00   3.0118200e+01   1.0000000e+00
   1.2700000e+02   6.1599400e+00   1.4987900e+01   4.4729400e+01  -2.0000000e+00
   1.2800000e+02   7.4223500e+00   2.4733600e+00   2.9892300e+01   1.0000000e+00
   1.2900000e+02   1.8259400e+01  -1.6211500e+00   2.9805800e+01  -1.0000000e+00
   1.3000000e+02   3.8030300e+00  -5.8209000e+00   5.9111300e+01   1.0000000e+00
   1.3100000e+02  -3.5124100e+00  -1.4003400e+01   5.8884900e+01   1.0000000e+00
   1.3200000e+02   1.6367700e+01  -6.8202400e+00   3.6366500e+01  -2.0000000e+00
   1.3300000e+02   1.0979200e+01  -9.9836900e+00   5.9336700e+01   1.0000000e+00
   1.3400000e+02  -3.3633000e+00  -3.6965200e+00   5.8663900e+01   1.0000000e+00
   1.3500000e+02   9.1131800e+00   7.6266000e+00   2.5038100e+00  -3.0000000e+00
   1.3600000e+02  -8.1566000e+00   1.5081000e+00   5.1378600e+01  -3.0000000e+00
   1.3700000e+02  -5.2958000e+00  -1.2935700e+01   5.9106800e+01   1.0000000e+00
   1.3800000e+02   1.2782600e+01  -8.9801400e+00   6.0163400e+01   1.0000000e+00
   1.3900000e+02   1.4475200e+00   1.2334200e+01   4.0005600e+01   2.0000000e+00
   1.4000000e+02  -6.1209100e+00   1.2840500e+01   4.0713500e+01   2.0000000e+00
   1.4100000e+02   1.2606600e+01   9.8121600e+00   2.4759400e+00   1.0000000e+00
   1.4200000e+02   3.7171900e+00  -9.9878500e+00   5.9577300e+01   1.0000000e+00
   1.4300000e+02   3.3775500e+00   7.1227000e+00   2.2047700e+01  -3.0000000e+00
   1.4400000e+02  -3.3662200e+00   1.5164800e+01   4.0585700e+01  -2.0000000e+00
   1.4500000e+02  -1.0723100e+01  -3.2427500e+00  -7.1932900e+00  -2.0000000e+00
   1.4600000e+02  -1.7097800e+01   3.3151800e+00   5.7195000e+01  -1.0000000e+00
   1.4700000e+02  -2.0728800e+00   8.1296600e+00   3.9917900e+01   2.0000000e+00
   1.4800000e+02  -9.5232900e+00   3.0466700e+00   4.1399800e+01   2.0000000e+00
   1.4900000e+02  -7.1370400e+00  -1.3924100e+01   2.8993200e+01   1.0000000e+00
   1.5000000e+02  -8.9166200e+00  -1.2846900e+01   2.8686700e+01   1.0000000e+00
   1.5100000e+02   6.6848700e+00   1.7558400e+01   4.8743500e+01  -1.0000000e+00
   1.5200000e+02   1.0896500e+01  -1.6237200e+01   5.8358800e+01  -1.0000000e+00
   1.5300000e+02  -1.7228800e+01   8.7554700e+00   1.3702300e+01  -1.0000000e+00
   1.5400000e+02  -1.6940500e+00  -1.0938600e+01   2.9241200e+01   1.0000000e+00
   1.5500000e+02   1.2781400e+01   5.6036200e+00   4.1045600e-01   1.0000000e+00
   1.5600000e+02   1.2175900e-01  -9.9436200e+00   2.9228600e+01   1.0000000e+00
   1.5700000e+02   3.4768600e+00   1.2627100e+01   4.0175200e+01   2.0000000e+00
   1.5800000e+02  -4.1151800e+00   2.2883100e+00   2.2658900e+01  -3.0000000e+00
   1.5900000e+02   1.3506300e-01  -1.2018600e+01   2.9178500e+01   1.0000000e+00
   1.6000000e+02   2.0354800e+00   1.4691800e+00   5.8879700e+01   1.0000000e+00
   1.6100000e+02   9.1462300e+00  -1.3074000e+01   3.5407200e-02   1.0000000e+00
   1.6200000e+02   6.8686400e+00   9.3250000e+00   2.1647500e+01  -1.0000000e+00
   1.6300000e+02  -1.4956700e+01   3.6927300e+00   4.1819800e+01  -2.0000000e+00
   1.6400000e+02   1.0714400e+01   1.0746800e+01   1.0773100e+00   1.0000000e+00
   1.6500000e+02  -8.8454800e+00   4.9807000e+00   4.1423300e+01   2.0000000e+00
   1.6600000e+02  -1.8345100e+01  -6.7875700e-01   4.0197400e+01  -1.0000000e+00
   1.6700000e+02   1.6370400e+01  -2.6768500e+00   3.0380600e+01  -2.0000000e+00
   1.6800000e+02   3.6977700e+00  -1.6233500e+01   1.1584700e+01  -2.0000000e+00
   1.6900000e+02   9.1973900e+00  -2.7597300e+00   5.9807800e+01   1.0000000e+00
   1.7000000e+02   8.4992000e-02   1.3895100e+01   4.0892000e+01   2.0000000e+00
   1.7100000e+02  -1.4359100e+01  -7.2111400e+00   5.4082300e+01  -2.0000000e+00
   1.7200000e+02  -4.0936400e+00   7.7599700e+00   4.0565900e+01   2.0000000e+00
   1.7300000e+02  -3.4680600e+00  -9.8768100e+00   5.9114300e+01   1.0000000e+00
   1.7400000e+02   5.5028600e+00  -1.1031700e+01   5.9945500e+01   1.0000000e+00
   1.7500000e+02   9.3500100e+00   1.4351200e+01   3.8356700e+01  -1.0000000e+00
   1.7600000e+02   5.6104200e+00   1.4355500e+00   5.9401600e+01   1.0000000e+00
   1.7700000e+02   1.8365600e+00  -1.7209900e+01   5.9192300e+01  -1.0000000e+00
   1.7800000e+02  -1.4461500e+01  -9.2753000e+00   5.7075200e+01  -2.0000000e+00
   1.7900000e+02   4.3591500e-02  -1.6152900e+01   5.9276700e+01  -2.0000000e+00
   1.8000000e+02   4.8408900e+00   1.6585100e+01   4.4232100e+01  -1.0000000e+00
   1.8100000e+02   4.1467300e+00   1.4615200e+01   4.0223700e+01  -2.0000000e+00
   1.8200000e+02  -8.2332600e+00   1.8003900e+01   4.1329500e+01  -1.0000000e+00
   1.8300000e+02  -1.3014600e+01   9.6578100e+00   4.1406300e+01  -2.0000000e+00
   1.8400000e+02  -5.2035000e+00  -6.7511200e+00   2.8852300e+01   1.0000000e+00
   1.8500000e+02  -1.6088800e+01  -5.8288100e+00   4.9172500e+01  -2.0000000e+00
   1.8600000e+02  -8.8042200e+00  -2.5177800e+00   2.7552200e+01  -3.0000000e+00
   1.8700000e+02  -7.4596700e+00   3.4458600e+00   4.0452400e+01   2.0000000e+00
   1.8800000e+02   1.4291600e+01   1.2950300e+01   2.0211900e+00  -1.0000000e+00
   1.8900000e+02   3.8041600e+00  -3.7438500e+00   5.9862600e+01   1.0000000e+00
   1.9000000e+02   1.9375100e+00  -1.1013800e+01   5.9568800e+01   1.0000000e+00
   1.9100000e+02  -1.2165800e+01   5.9276600e-01   4.2179800e+01   2.0000000e+00
   1.9200000e+02  -1.7330200e+00   1.8102200e+00   3.2120300e+01  -3.0000000e+00
   1.9300000e+02   1.4609900e+01   4.5794200e+00   3.0105300e+01  -2.0000000e+00
   1.9400000e+02  -9.0167800e+00  -1.7001600e+01   5.8359900e+01  -1.0000000e+00
   1.9500000e+02   1.4564400e+01  -1.2019600e+01   6.0935800e+01  -1.0000000e+00
   1.9600000e+02  -7.0110600e+00  -7.7155000e+00   2.8286500e+01   1.0000000e+00
   1.9700000e+02  -5.4536700e+00   1.4775000e+01   4.0582400e+01   2.0000000e+00
   1.9800000e+02  -6.0640800e-01   1.1960300e+01   3.9812800e+01   2.0000000e+00
   1.9900000e+02   7.3803000e+00  -3.7859800e+00   5.9674100e+01   1.0000000e+00
   2.0000000e+02  -1.2565500e+01  -1.2727900e+01   5.6068800e+01  -2.0000000e+00
   2.0100000e+02  -1.4023000e+01  -5.1504900e+00   4.4407200e+01  -2.0000000e+00
   2.0200000e+02   1.2798200e+01   1.4634300e+00   2.9953100e+01   1.0000000e+00
   2.0300000e+02  -7.0056000e+00  -3.5439100e+00   5.9511900e+01   1.0000000e+00
   2.0400000e+02   2.0431600e+00   8.7118600e+00   3.9185900e+01   2.0000000e+00
   2.0500000e+02  -1.0705700e+01  -5.3244300e+00  -1.8343500e+00   0.0000000e+00
   2.0600000e+02   3.5834100e+00   4.9252200e+00   1.3510100e+00  -3.0000000e+00
   2.0700000e+02   1.1025800e+01   1.5553100e+01   2.3359400e+01  -1.0000000e+00
   2.0800000e+02  -1.1665400e+01   1.3635400e+01   5.3382600e+01  -2.0000000e+00
   2.0900000e+02  -6.8016400e+00   5.4242400e+00   4.1678700e+01   2.0000000e+00
   2.1000000e+02   5.6063200e+00  -6.4035500e-01   5.9315800e+01   1.0000000e+00
   2.1100000e+02   1.4609500e+01  -9.9392000e+00   3.6625100e+01  -2.0000000e+00
   2.1200000e+02  -1.2777700e+01  -3.4894200e+00   1.3084600e+01  -1.0000000e+00
   2.1300000e+02  -5.3303900e+00  -1.4997100e+01   5.8963800e+01  -2.0000000e+00
   2.1400000e+02   6.8669800e+00   1.1376900e+01   1.6194300e+01  -2.0000000e+00
   2.1500000e+02  -1.0760400e+01  -9.5931300e+00   2.8030400e+01   1.0000000e+00
   2.1600000e+02   9.1863600e+00  -4.8298600e+00   2.9896400e+01   1.0000000e+00
   2.1700000e+02   2.3334000e-01  -3.7419800e+00   2.9656900e+01   1.0000000e+00
   2.1800000e+02  -8.9451500e+00  -1.0746000e+01   2.8725100e+01   1.0000000e+00
   2.1900000e+02  -9.5535200e+00   8.5165100e+00   4.1030500e+01   2.0000000e+00
   2.2000000e+02  -5.1980700e+00  -2.5444800e+00   2.8671700e+01   1.0000000e+00
   2.2100000e+02  -5.4462000e+00   3.8492800e+00   4.1635100e+01  -3.0000000e+00
   2.2200000e+02   1.2776700e+01  -1.3144100e+01   1.5021100e+01  -1.0000000e+00
   2.2300000e+02   9.1996600e+00   5.5696000e+00   9.4643600e-01   1.0000000e+00
   2.2400000e+02   1.6404900e+01  -8.8765800e+00   9.2968900e-01  -1.0000000e+00
   2.2500000e+02  -9.5782600e+00   1.4024000e+01   4.0686300e+01  -2.0000000e+00
   2.2600000e+02  -2.6994800e+00   1.1636700e+01   3.9577200e+01   2.0000000e+00
   2.2700000e+02  -1.5058300e+01   9.2472400e+00   5.3321400e+01  -2.0000000e+00
   2.2800000e+02   1.4579300e+01   6.6941900e+00   4.4831900e-01  -2.0000000e+00
   2.2900000e+02  -1.7574400e+01  -4.3603300e+00   4.5315900e+01  -1.0000000e+00
   2.3000000e+02   2.0590000e+00   3.5423800e+00   4.8066700e+01  -3.0000000e+00
   2.3100000e+02   1.2549400e+01   1.1870200e+01   2.1663400e+00  -2.0000000e+00
   2.3200000e+02   1.4603300e+01   2.5227200e+00   6.0025900e+01   1.0000000e+00
   2.3300000e+02   5.4787500e+00   1.3029200e+01   4.0876600e+01   2.0000000e+00
   2.3400000e+02   1.4373300e+01   1.0882300e+01  -9.0580000e+00  -2.0000000e+00
   2.3500000e+02  -1.5601900e+01   1.7187100e+00   4.2040900e+01  -2.0000000e+00
   2.3600000e+02   2.0159500e-01   5.0339900e-01   2.9189100e+01  -3.0000000e+00
   2.3700000e+02   1.8162100e+01  -3.7018900e+00   2.9689900e+01  -1.0000000e+00
   2.3800000e+02   2.7641400e+00   1.6257600e+01   2.7209900e+01  -2.0000000e+00
   2.3900000e+02  -3.3939400e+00  -5.7477800e+00   5.8894700e+01   1.0000000e+00
   2.4000000e+02   2.0233500e+00  -4.7992600e+00   5.9564600e+01   1.0000000e+00
   2.4100000e+02  -3.4243400e+00  -7.8153100e+00   5.9048000e+01   1.0000000e+00
   2.4200000e+02  -2.6249400e+00   1.7258900e+01   3.9761000e+01  -1.0000000e+00
   2.4300000e+02   1.0984800e+01   4.0266500e-01   3.0176600e+01   1.0000000e+00
   2.4400000e+02  -7.1223400e+00  -1.6014500e+01   1.1054200e+01  -2.0000000e+00
   2.4500000e+02  -7.2021000e-01   6.5140600e+00   2.5942200e+01   2.0000000e+00
   2.4600000e+02  -1.6264900e+01  -2.9520900e-01   4.1156500e+01  -2.0000000e+00
   2.4700000e+02   4.8233400e+00   1.1041700e+01   5.2037200e+01  -2.0000000e+00
   2.4800000e+02   7.3391800e+00  -1.4118100e+01   7.7436900e-01  -2.0000000e+00
   2.4900000e+02   7.3108900e+00  -1.2037100e+01   3.0162500e+01   1.0000000e+00
   2.5000000e+02   1.0940900e+01  -1.2054900e+01   5.9499900e+01  -2.0000000e+00
   2.5100000e+02   8.8746600e+00   1.1859500e+01   2.1645200e+01   0.0000000e+00
   2.5200000e+02   1.6426200e+01   1.4568300e+00   3.0063100e+01  -2.0000000e+00
   2.5300000e+02   1.9740500e+00  -6.8609500e+00   5.9021800e+01   1.0000000e+00
   2.5400000e+02  -1.2560300e+01  -1.0578800e+01   5.7053900e+01  -2.0000000e+00
   2.5500000e+02   1.0999100e+01  -1.7279900e+00   3.0180400e+01   1.0000000e+00
   2.5600000e+02   1.4554800e+01   8.7577400e+00   1.9537200e+00  -2.0000000e+00
   2.5700000e+02   5.4917000e+00  -1.3105000e+01   3.0369900e+01   1.0000000e+00
   2.5800000e+02   9.1411100e+00  -1.1023900e+01   2.9607100e+01   1.0000000e+00
   2.5900000e+02  -7.0132200e+00  -5.6340600e+00   2.9151200e+01   1.0000000e+00
   2.6000000e+02   3.7981500e+00   4.2694700e-01   2.9450200e+01   1.0000000e+00
   2.6100000e+02  -1.0985600e+01   1.5579200e+01   4.1020700e+01  -1.0000000e+00
   2.6200000e+02  -1.4437600e+01   1.1199800e+01   5.6887500e+01  -1.0000000e+00
   2.6300000e+02  -1.0799100e+01  -1.3797100e+01   5.7801900e+01  -2.0000000e+00
   2.6400000e+02  -7.4948400e+00   8.9280000e+00   4.1315300e+01   2.0000000e+00
   2.6500000e+02   8.0116600e+00   1.5974100e+01   3.1587800e+01  -1.0000000e+00
   2.6600000e+02   1.6472000e+01   5.6189400e+00   2.9941000e+01  -1.0000000e+00
   2.6700000e+02  -1.3498200e+00   1.0045800e+01   3.9498800e+01   2.0000000e+00
   2.6800000e+02   1.1000300e+01   2.4743800e+00   3.0223300e+01   1.0000000e+00
   2.6900000e+02  -8.8784600e+00   1.5958100e+01   5.2805000e+01  -2.0000000e+00
   2.7000000e+02  -4.7598200e+00   1.1282800e+01   4.0161100e+01   2.0000000e+00
   2.7100000e+02  -8.2473200e+00   1.2455600e+01   4.0922100e+01   2.0000000e+00
   2.7200000e+02  -6.8470300e+00   1.0914500e+01   4.1142100e+01   2.0000000e+00
   2.7300000e+02  -1.6372700e+01   5.2969700e+00   5.6405800e+01  -1.0000000e+00
   2.7400000e+02  -1.3557000e+01   2.1376400e+00   4.2243600e+01   2.0000000e+00
   2.7500000e+02  -8.9071000e+00  -8.6997400e+00   5.7509600e+01   1.0000000e+00
   2.7600000e+02  -2.7569700e+00   6.1936600e+00   5.2240500e+01  -3.0000000e+00
   2.7700000e+02   1.4571700e+01  -1.6909900e+00   3.0603400e+01   1.0000000e+00
   2.7800000e+02  -3.4966500e+00  -1.1929900e+01   5.9316200e+01   1.0000000e+00
   2.7900000e+02   7.3339900e+00  -9.9817200e+00   5.9671600e+01   1.0000000e+00
   2.8000000e+02   9.1906400e+00  -6.8955600e+00   2.9873900e+01   1.0000000e+00
   2.8100000e+02  -5.2686600e+00  -8.8261000e+00   5.8519500e+01   1.0000000e+00
   2.8200000e+02   4.4522900e-01   4.8253000e+00   4.6392600e+01  -3.0000000e+00
   2.8300000e+02   1.0981100e+01   6.6500700e+00   1.3107200e+00   1.0000000e+00
   2.8400000e+02   1.2784600e+01   3.5300100e+00   3.0741500e-01   1.0000000e+00
   2.8500000e+02  -6.0615200e+00   1.5589200e+00   2.5337000e+01  -3.0000000e+00
   2.8600000e+02  -1.4494000e+01  -1.1351600e+01   7.1254300e+01  -1.0000000e+00
   2.8700000e+02   1.9441900e+00  -8.9329200e+00   5.9336300e+01   1.0000000e+00
   2.8800000e+02   9.1843200e+00  -8.9572600e+00   5.9520600e+01   1.0000000e+00
   2.8900000e+02  -1.3747800e+01   1.3157200e+01   4.2106700e+01  -1.0000000e+00
   2.9000000e+02  -1.6318500e+01  -8.2812300e+00   5.8376200e+01  -1.0000000e+00
   2.9100000e+02   1.6396700e+01  -4.7414700e+00   3.0335600e+01  -2.0000000e+00
   2.9200000e+02   1.6395600e+01   7.6952000e+00  -1.4248800e+01  -1.0000000e+00
   2.9300000e+02   7.7589500e-02  -1.4070400e+01   5.8835200e+01   1.0000000e+00
   2.9400000e+02  -3.3957200e+00   9.7090600e+00   4.0112400e+01   2.0000000e+00
   2.9500000e+02  -1.0756100e+01  -1.1734600e+01   2.8751200e+01   1.0000000e+00
   2.9600000e+02   1.3353800e+00   6.7162400e+00   5.0028200e+01  -3.0000000e+00
   2.9700000e+02  -1.5427300e+00  -6.2421700e-01   3.1105400e+01   1.0000000e+00
   2.9800000e+02   1.1004400e+01  -7.9256600e+00   2.9980300e+01   1.0000000e+00
   2.9900000e+02   1.2802700e+01  -2.7311400e+00   3.0399700e+01   1.0000000e+00
