   0.0000000e+00   1.9647500e+00   1.1027200e+01   6.0125300e+01  -3.0000000e+00
   1.0000000e+00  -1.5197100e+01  -1.0755600e+00   3.7763100e+00  -2.0000000e+00
   2.0000000e+00  -9.8514900e+00   3.3128200e-01   4.4672100e+00   2.0000000e+00
   3.0000000e+00   6.3392200e+00   1.4398100e+01   4.9059300e+01  -2.0000000e+00
   4.0000000e+00  -2.5059200e+00  -1.8759400e+01   4.8579400e+01  -1.0000000e+00
   5.0000000e+00   8.6478400e+00  -9.4502300e+00   4.7457800e+01   1.0000000e+00
   6.0000000e+00  -1.7597800e+01   8.2738800e+00   1.4773400e+00  -1.0000000e+00
   7.0000000e+00  -1.2345900e+00   4.3089100e+00   4.0925100e+01  -3.0000000e+00
   8.0000000e+00  -1.1250600e+01  -4.9778000e+00   5.0548000e+00   2.0000000e+00
   9.0000000e+00   9.1099800e+00  -7.4253200e+00   4.7542900e+01   1.0000000e+00
   1.0000000e+01   1.5244100e+01   4.0494600e+00   4.8248200e+01  -2.0000000e+00
   1.1000000e+01  -7.9708300e+00  -5.4517300e-01   4.7133600e+00   2.0000000e+00
   1.2000000e+01  -1.2131400e+01  -1.4409300e+01   4.9361500e+00  -1.0000000e+00
   1.3000000e+01   1.0836500e+01   6.9238100e-01   4.7906300e+01   1.0000000e+00
   1.4000000e+01  -5.9631000e+00  -3.4738400e+00   4.6246300e+00  -3.0000000e+00
   1.5000000e+01  -1.3986500e+01  -1.3514900e+01   6.7522800e+00  -1.0000000e+00
   1.6000000e+01  -1.0171300e+01   4.4752800e+00   3.1851000e+00   2.0000000e+00
   1.7000000e+01   1.3668500e+01  -1.1642800e+01   4.7728400e+01  -2.0000000e+00
   1.8000000e+01  -1.6910400e+01  -2.2879700e+00  -1.1652800e+01  -1.0000000e+00
   1.9000000e+01  -8.6925400e+00  -1.2024500e+01   5.9292800e+00   2.0000000e+00
   2.0000000e+01  -2.6537400e+00   9.2159700e-01  -3.0018400e+00  -3.0000000e+00
   2.1000000e+01   1.3289700e+01  -1.3674900e+01   4.7461300e+01  -1.0000000e+00
   2.2000000e+01   1.1845300e+01   1.4271900e+01   3.2782200e+01  -1.0000000e+00
   2.3000000e+01   1.4631700e+01  -7.5300700e+00   4.7269100e+01  -2.0000000e+00
   2.4000000e+01   4.2650800e+00   4.2248800e+00   4.8138100e+01   1.0000000e+00
   2.5000000e+01  -5.3754400e-02  -1.6065900e+01   4.7628400e+01  -2.0000000e+00
   2.6000000e+01   9.3129500e+00  -1.4934300e+01   3.5071100e+01  -2.0000000e+00
   2.7000000e+01   4.1502700e+00   1.7886000e+01   2.9869100e+00  -1.0000000e+00
   2.8000000e+01   1.2397000e+00  -9.9705600e+00   4.7739800e+01   1.0000000e+00
   2.9000000e+01   1.4763900e+00  -1.7562300e+01   4.6242000e+01  -1.0000000e+00
   3.0000000e+01   7.6932900e-02  -6.5514300e+00   4.7902300e+01   1.0000000e+00
   3.1000000e+01  -1.5708000e+01   5.1301700e+00   2.7138300e+00  -2.0000000e+00
   3.2000000e+01   2.9526200e+00  -1.8775100e+00   4.7751200e+01   1.0000000e+00
   3.3000000e+01   1.6812200e+01   2.7082600e+00   4.8313800e+01  -2.0000000e+00
   3.4000000e+01  -4.5748800e-01   8.3609600e+00   6.0071800e+01  -3.0000000e+00
   3.5000000e+01  -8.4458900e+00   5.6020500e+00   4.2853400e+00   2.0000000e+00
   3.6000000e+01  -8.1340500e+00   1.5049700e+00   4.8162500e+00   2.0000000e+00
   3.7000000e+01  -7.4104500e+00  -6.7183600e+00   5.3054200e+00   2.0000000e+00
   3.8000000e+01   7.3234100e+00   1.4482000e+00   4.7681900e+01   1.0000000e+00
   3.9000000e+01   1.4157800e+01   7.4331900e+00   4.8901300e+01  -2.0000000e+00
   4.0000000e+01   3.6265500e+00  -7.3178700e+00   4.8133000e+01   1.0000000e+00
   4.1000000e+01  -3.2296800e+00  -1.2593000e+01   3.7827000e+01  -3.0000000e+00
   4.2000000e+01  -1.7755200e+00   1.6784000e+01   1.7799700e+01  -2.0000000e+00
   4.3000000e+01   1.6681600e+01  -6.8809000e+00   6.0102300e+01  -2.0000000e+00
   4.4000000e+01   1.3245000e+01   3.3721700e+00   4.8330700e+01   1.0000000e+00
   4.5000000e+01   3.2022500e+00  -9.3311400e+00   4.8176500e+01   1.0000000e+00
   4.6000000e+01   1.6403800e+00  -7.9632800e+00   4.8019000e+01   1.0000000e+00
   4.7000000e+01   7.5819300e+00  -6.0495100e+00   4.7626600e+01   1.0000000e+00
   4.8000000e+01  -3.0199900e+00  -1.0457300e+01   3.3405500e+01  -3.0000000e+00
   4.9000000e+01   8.1802600e+00   5.4711700e+00   4.8046700e+01   1.0000000e+00
   5.0000000e+01  -2.4630600e+00   1.3167200e+01   1.8436600e+01   1.0000000e+00
   5.1000000e+01   3.4012100e+00   1.8259500e-01   4.7958000e+01   1.0000000e+00
   5.2000000e+01  -9.9198800e+00   1.1510700e+01   1.9215600e+01  -3.0000000e+00
   5.3000000e+01   1.5289700e+01  -1.3171500e+01   4.6990400e+01  -1.0000000e+00
   5.4000000e+01  -4.9295600e+00  -1.3746400e+01   1.1757900e+01  -2.0000000e+00
   5.5000000e+01  -8.5039300e+00   7.6555000e+00   1.1880500e+01  -3.0000000e+00
   5.6000000e+01   1.2804900e+01   1.3504200e+00   4.8021700e+01   1.0000000e+00
   5.7000000e+01   2.7623700e+00   1.5139400e+01   3.1457600e+01  -2.0000000e+00
   5.8000000e+01   1.1066300e+01  -6.7947900e+00   4.7750600e+01   1.0000000e+00
   5.9000000e+01  -1.6883500e+01  -4.3930100e+00  -1.0601100e+01  -1.0000000e+00
   6.0000000e+01  -9.3168000e+00  -5.8295400e+00   5.3396000e+00   2.0000000e+00
   6.1000000e+01  -3.2046100e+00   9.6146900e+00   1.9613300e+01  -3.0000000e+00
   6.2000000e+01  -4.5484800e+00   1.8461100e+00   4.0657800e+00  -3.0000000e+00
   6.3000000e+01  -4.5637000e+00   8.0106500e+00   4.4890500e+01  -3.0000000e+00
   6.4000000e+01  -3.2251300e+00   1.5135400e+01   1.9029700e+01   1.0000000e+00
   6.5000000e+01   1.2954000e+01   1.0856100e+01   4.7721400e+01  -2.0000000e+00
   6.6000000e+01  -1.3948100e+00  -2.9724600e+00   4.6487700e+01  -3.0000000e+00
   6.7000000e+01  -1.3420000e+01   3.8062800e-02   3.3979500e+00   2.0000000e+00
   6.8000000e+01  -6.0204800e+00   1.1968800e+01   1.4430200e+01  -3.0000000e+00
   6.9000000e+01  -6.0557900e+00  -1.6917100e+01  -5.3956200e+00  -1.0000000e+00
   7.0000000e+01   1.1423800e+01   1.2223700e+01   4.7998200e+01  -2.0000000e+00
   7.1000000e+01   5.5032500e+00   1.0287400e+01   4.7959600e+01   1.0000000e+00
   7.2000000e+01  -1.1906700e+01   3.3604700e+00   4.4642200e+00   2.0000000e+00
   7.3000000e+01  -1.1728100e+00   1.4783700e+01   1.9489000e+01   1.0000000e+00
   7.4000000e+01  -1.2738600e+01  -8.2143100e+00   5.4220500e+00   2.0000000e+00
   7.5000000e+01   1.0137900e+01   6.1291300e+00   4.8265600e+01   1.0000000e+00
   7.6000000e+01   4.2910800e+00  -1.2814300e+01   4.8278300e+01   1.0000000e+00
   7.7000000e+01  -1.1942300e+01   1.1928600e+01   1.7897800e+01  -2.0000000e+00
   7.8000000e+01  -1.6591800e+01  -6.4305300e+00  -9.7186900e+00  -1.0000000e+00
   7.9000000e+01   5.1562300e+00  -8.6780000e+00   4.7994800e+01   1.0000000e+00
   8.0000000e+01   1.3975700e+01  -2.1050900e+00   4.8477100e+01   1.0000000e+00
   8.1000000e+01  -1.0591300e+01   1.3469500e+01   1.8160000e+01  -2.0000000e+00
   8.2000000e+01  -1.6511200e+00  -1.4670500e+01   4.6197600e+01  -2.0000000e+00
   8.3000000e+01  -1.2512000e+01  -1.0257800e+01   5.1469800e+00  -2.0000000e+00
   8.4000000e+01  -1.4821500e+01  -5.2867400e+00   4.9257000e+00  -2.0000000e+00
   8.5000000e+01   1.1010200e+01   1.0188400e+01   4.8022400e+01   1.0000000e+00
   8.6000000e+01   1.4324100e+01  -5.2558400e-02   4.8470400e+01   1.0000000e+00
   8.7000000e+01  -4.0603100e+00  -1.7396100e+01   4.0367300e+01  -1.0000000e+00
   8.8000000e+01   3.9766000e+00   1.1667400e+01   4.8213300e+01   1.0000000e+00
   8.9000000e+01   6.6476500e+00   6.8920600e+00   4.8140300e+01   1.0000000e+00
   9.0000000e+01  -1.2134300e+01   7.4586400e+00   2.3475000e+01  -2.0000000e+00
   9.1000000e+01  -5.9754900e+00   1.7461600e+01   2.0841800e+01  -1.0000000e+00
   9.2000000e+01   2.7129900e+00   5.6101100e+00   4.8657000e+01   1.0000000e+00
   9.3000000e+01  -1.3574600e+01   2.0925700e+00   4.5111100e+00   2.0000000e+00
   9.4000000e+01   1.9057800e+00  -1.5471100e+01   4.7397800e+01  -2.0000000e+00
   9.5000000e+01   1.8642400e+01  -6.1962300e+00   1.9578400e+01  -1.0000000e+00
   9.6000000e+01   5.8341200e+00  -1.4165800e+01   4.8379900e+01  -2.0000000e+00
   9.7000000e+01   7.1214100e+00  -8.0463300e+00   4.7453000e+01   1.0000000e+00
   9.8000000e+01  -1.2304600e+01  -1.2308500e+01   5.3463900e+00  -2.0000000e+00
   9.9000000e+01   1.1286600e+01  -1.4319600e+01   5.9274500e+01  -2.0000000e+00
   1.0000000e+02   1.1252900e+01   2.7074100e+00   4.8031300e+01   1.0000000e+00
   1.0100000e+02  -9.5112800e+00  -3.7709500e+00   5.0766100e+00   2.0000000e+00
   1.0200000e+02  -1.3891300e+01   6.2745600e+00   3.6706500e+00   2.0000000e+00
   1.0300000e+02  -1.5809900e+01   9.3988100e+00  -3.7890500e-01  -2.0000000e+00
   1.0400000e+02  -1.0823000e+01  -9.0869400e+00   5.6671000e+00   2.0000000e+00
   1.0500000e+02   1.7537700e+01  -2.8527900e+00   6.2254400e+01  -1.0000000e+00
   1.0600000e+02   9.7378600e+00  -1.2863400e+01   4.7706600e+01   1.0000000e+00
   1.0700000e+02   1.0564300e+01   8.1842900e+00   4.7898300e+01   1.0000000e+00
   1.0800000e+02  -8.2458600e+00  -1.6194300e+01   1.8714900e+01  -2.0000000e+00
   1.0900000e+02  -5.5138800e+00  -7.5860000e+00   5.8588700e+00   2.0000000e+00
   1.1000000e+02   6.8855100e+00  -5.6408600e-01   4.7934800e+01   1.0000000e+00
   1.1100000e+02   1.5547200e+00   9.0077800e+00   4.8226900e+01   1.0000000e+00
   1.1200000e+02  -1.7237900e+01   1.8867200e+00  -9.8425700e+00  -1.0000000e+00
   1.1300000e+02   2.4202800e+00   1.3037700e+01   4.9022200e+01  -3.0000000e+00
   1.1400000e+02   4.0671600e+00  -5.2840800e+00   4.8252800e+01   1.0000000e+00
   1.1500000e+02  -5.2095600e+00   1.0016900e+01   1.4564300e+01  -3.0000000e+00
   1.1600000e+02   9.7348000e+00   4.1089200e+00   4.8086200e+01   1.0000000e+00
   1.1700000e+02  -1.4358500e+01  -1.1476600e+01  -8.9713400e+00  -1.0000000e+00
   1.1800000e+02  -1.5054200e+01  -3.2432800e+00   4.5681200e+00  -2.0000000e+00
   1.1900000e+02  -1.4445500e+01  -9.3935900e+00  -6.6278200e+00  -2.0000000e+00
   1.2000000e+02  -6.6123100e+00   1.3951000e+01   1.3982800e+01  -3.0000000e+00
   1.2100000e+02   1.2356500e+01  -7.0238200e-01   4.7960600e+01   1.0000000e+00
   1.2200000e+02  -7.0358100e+00  -1.0814800e+01   5.5107100e+00   2.0000000e+00
   1.2300000e+02   1.3530500e+01  -4.1105900e+00   4.8027000e+01   1.0000000e+00
   1.2400000e+02  -1.1408500e+01  -2.9278600e+00   4.8951400e+00   2.0000000e+00
   1.2500000e+02   2.8286100e-01   2.9136400e+00   4.6093800e+01  -3.0000000e+00
   1.2600000e+02   5.2763000e-01  -4.5345900e+00   4.7911000e+01   1.0000000e+00
   1.2700000e+02   1.0335400e+01   1.5722200e+01   4.7234500e+01  -1.0000000e+00
   1.2800000e+02   7.7642400e+00   3.4551600e+00   4.7923100e+01   1.0000000e+00
   1.2900000e+02   2.0387700e-02   1.0368400e+01   1.9510100e+01  -3.0000000e+00
   1.3000000e+02   1.5704400e+01   6.0815200e+00   4.8482100e+01  -2.0000000e+00
   1.3100000e+02   1.1927200e+01  -2.7079100e+00   4.8333600e+01   1.0000000e+00
   1.3200000e+02   6.0494700e+00  -4.6472700e+00   4.7989100e+01   1.0000000e+00
   1.3300000e+02  -2.4603400e+00   1.8784100e+01   1.9216200e+01  -1.0000000e+00
   1.3400000e+02  -1.5345400e+01   1.0082600e+00   4.0650600e+00  -2.0000000e+00
   1.3500000e+02  -2.0856500e+00  -1.6730600e+01   4.8209700e+01  -2.0000000e+00
   1.3600000e+02  -8.9531800e+00   1.7161400e+01   5.3409400e+01  -1.0000000e+00
   1.3700000e+02  -2.7945500e+00   2.9687500e+00   2.0076500e+01  -3.0000000e+00
   1.3800000e+02  -8.4849800e+00  -1.4061000e+01   5.7867200e+00   2.0000000e+00
   1.3900000e+02   9.8862200e+00   1.3666500e+01   4.7457900e+01  -2.0000000e+00
   1.4000000e+02   7.3390700e-01   4.9358700e+00   4.8404300e+01   1.0000000e+00
   1.4100000e+02   9.9827900e+00  -3.4062800e+00   4.8329500e+01   1.0000000e+00
   1.4200000e+02   7.9555800e-01  -1.2018100e+01   4.7598000e+01   1.0000000e+00
   1.4300000e+02   3.8349400e+00   2.2043300e+00   4.8054800e+01   1.0000000e+00
   1.4400000e+02   4.7138800e+00   1.5864800e+01   3.0318100e+01  -2.0000000e+00
   1.4500000e+02  -7.2005100e+00  -8.7700200e+00   4.9805200e+00   2.0000000e+00
   1.4600000e+02  -7.6331800e+00  -4.6600400e+00   5.3399100e+00   2.0000000e+00
   1.4700000e+02  -5.3266100e+00  -9.6444600e+00   6.1896800e+00   2.0000000e+00
   1.4800000e+02  -6.7983400e+00  -1.2861500e+01   5.4666900e+00   2.0000000e+00
   1.4900000e+02   2.3182700e+00  -1.3431300e+01   4.7575000e+01   1.0000000e+00
   1.5000000e+02  -1.1033800e+01  -7.0436300e+00   5.5352600e+00   2.0000000e+00
   1.5100000e+02  -2.5628600e+00  -1.1487900e+00   3.0517100e+00  -3.0000000e+00
   1.5200000e+02   1.0767200e+01  -1.6421400e+01   4.5240000e+01  -1.0000000e+00
   1.5300000e+02  -9.6934700e+00  -1.7271900e+00   4.7815500e+00   2.0000000e+00
   1.5400000e+02  -7.3083900e+00   1.5902300e+01   2.1410800e+01  -2.0000000e+00
   1.5500000e+02  -1.2004900e+01   5.4147600e+00   3.7037200e+00   2.0000000e+00
   1.5600000e+02  -8.5519700e-01   6.3295500e+00   4.9001300e+01   1.0000000e+00
   1.5700000e+02  -3.8489100e+00   1.7163300e+01   3.1508300e+01  -2.0000000e+00
   1.5800000e+02   8.0085200e+00  -4.0233300e+00   4.7714000e+01   1.0000000e+00
   1.5900000e+02   3.4644600e+00  -1.6984500e+01   4.7836200e+01  -1.0000000e+00
   1.6000000e+02   1.1533000e+01  -4.7768300e+00   4.8208800e+01   1.0000000e+00
   1.6100000e+02   6.4581100e+00  -2.6108300e+00   4.7928200e+01   1.0000000e+00
   1.6200000e+02   3.3693400e-01  -1.4030500e+01   4.7549400e+01   1.0000000e+00
   1.6300000e+02  -1.1570600e+01  -8.4883900e-01   4.2643600e+00   2.0000000e+00
   1.6400000e+02   8.5220900e-01   1.4366800e+01   2.1251100e+01  -3.0000000e+00
   1.6500000e+02  -6.2490300e+00   6.4050300e-01   5.1154500e+00   2.0000000e+00
   1.6600000e+02  -1.3361800e+01  -2.0391300e+00   4.2377500e+00   2.0000000e+00
   1.6700000e+02   8.9966100e+00   9.5637800e+00   4.8256000e+01   1.0000000e+00
   1.6800000e+02  -6.4874800e+00   7.1854400e+00   3.4678500e+01  -3.0000000e+00
   1.6900000e+02  -1.3113600e+01  -4.0752700e+00   5.2929700e+00   2.0000000e+00
   1.7000000e+02  -9.9688100e+00  -1.7340000e+01   4.3253400e+00  -1.0000000e+00
   1.7100000e+02   1.2611500e+01  -8.1825600e+00   4.7876800e+01   1.0000000e+00
   1.7200000e+02  -2.7974700e+00   5.6425500e+00   4.8732100e+01  -3.0000000e+00
   1.7300000e+02  -1.6383000e+01  -8.5574800e+00   6.1770400e+00  -1.0000000e+00
   1.7400000e+02   1.8395200e+01   1.3657500e+00   4.9628600e+01  -1.0000000e+00
   1.7500000e+02   1.8014100e+01  -6.8878500e-01   6.4276700e+01  -1.0000000e+00
   1.7600000e+02   4.3632000e+00   1.3698000e+01   4.9308000e+01   1.0000000e+00
   1.7700000e+02  -5.1492100e-01  -1.8085700e+01   4.7443300e+01  -1.0000000e+00
   1.7800000e+02  -3.8070300e+00  -6.3312100e+00   3.1935300e+01  -3.0000000e+00
   1.7900000e+02  -8.3099400e+00   3.5559900e+00   4.5846000e+00   2.0000000e+00
   1.8000000e+02  -1.0009400e+01   2.3997600e+00   4.2205800e+00   2.0000000e+00
   1.8100000e+02   1.4586600e+00  -4.7638700e-01   4.8755200e+01   1.0000000e+00
   1.8200000e+02   9.9710100e-01  -2.5225100e+00   4.6091500e+01   1.0000000e+00
   1.8300000e+02  -1.0574200e+01  -1.1173700e+01   5.4325000e+00   2.0000000e+00
   1.8400000e+02  -5.0972300e+00  -1.1681300e+01   4.3704500e+00   2.0000000e+00
   1.8500000e+02  -7.8193800e+00  -2.6078800e+00   4.6513100e+00   2.0000000e+00
   1.8600000e+02   3.1006100e+00   7.6386200e+00   4.8635600e+01   1.0000000e+00
   1.8700000e+02   1.5104200e+01  -5.5218400e+00   4.8101400e+01   1.0000000e+00
   1.8800000e+02  -1.5544800e+01   3.0835100e+00   4.5342600e+00  -2.0000000e+00
   1.8900000e+02   1.3427000e+01   1.2917700e+01   3.3987200e+01  -1.0000000e+00
   1.9000000e+02   1.4543700e+01   9.4803400e+00   4.8041700e+01  -2.0000000e+00
   1.9100000e+02  -1.0251800e+01   6.5704600e+00   1.4793500e+01  -3.0000000e+00
   1.9200000e+02  -1.4904300e+00  -5.1631700e+00   5.4016000e+01  -3.0000000e+00
   1.9300000e+02   4.4783600e+00  -3.2677900e+00   4.8210100e+01   1.0000000e+00
   1.9400000e+02   7.3570600e+00  -1.5566700e+01   4.8222200e+01  -1.0000000e+00
   1.9500000e+02   1.0624500e+01  -8.8305100e+00   4.7618100e+01   1.0000000e+00
   1.9600000e+02   1.2157300e+01  -1.0218500e+01   4.7555200e+01   1.0000000e+00
   1.9700000e+02   1.3066200e+01  -6.1393800e+00   4.7720100e+01   1.0000000e+00
   1.9800000e+02   5.8062000e+00   2.8352000e+00   4.7837000e+01   1.0000000e+00
   1.9900000e+02  -2.4543700e+00   7.6804500e+00   2.6275000e+01  -3.0000000e+00
   2.0000000e+02  -7.8918600e+00   1.1113200e+01   1.4234500e+01  -3.0000000e+00
   2.0100000e+02   1.1708600e+01  -1.2273000e+01   4.7583700e+01  -2.0000000e+00
   2.0200000e+02  -9.2711400e+00   9.5597700e+00   9.6414000e+00  -2.0000000e+00
   2.0300000e+02   5.9546200e+00   1.2340800e+01   4.8676500e+01   1.0000000e+00
   2.0400000e+02  -3.6020000e+00  -1.5312500e+01   3.0754000e+01  -1.0000000e+00
   2.0500000e+02   4.9313700e+00  -1.2309400e+00   4.7957700e+01   1.0000000e+00
   2.0600000e+02   1.3690300e+01   5.4128700e+00   4.8445200e+01   1.0000000e+00
   2.0700000e+02   2.2698200e+00   3.5712000e+00   4.8335800e+01   1.0000000e+00
   2.0800000e+02  -6.4287800e+00   2.7096400e+00   4.8335100e+00   2.0000000e+00
   2.0900000e+02  -1.4708300e+01  -7.3287700e+00   5.1051400e+00  -2.0000000e+00
   2.1000000e+02  -5.0170700e-01   9.7068500e-01   5.7350000e+01  -3.0000000e+00
   2.1100000e+02   1.5516400e+01  -3.4580700e+00   4.8021500e+01  -2.0000000e+00
   2.1200000e+02   1.7049300e+01  -4.8551000e+00   4.8497600e+01  -2.0000000e+00
   2.1300000e+02   1.7374200e+01   4.7165200e+00   4.7496300e+01  -1.0000000e+00
   2.1400000e+02  -5.0281800e-01  -1.0890600e+00   5.5986400e+01  -3.0000000e+00
   2.1500000e+02   5.0515000e+00   8.2713900e+00   4.8274100e+01   1.0000000e+00
   2.1600000e+02   7.9026900e+00   1.3009100e+01   4.8168100e+01   1.0000000e+00
   2.1700000e+02   4.7276400e+00  -1.0713400e+01   4.8111300e+01   1.0000000e+00
   2.1800000e+02   1.5938800e+01  -1.4367100e+00   4.8692400e+01  -2.0000000e+00
   2.1900000e+02   1.4808300e+01   2.0066500e+00   4.8448400e+01   1.0000000e+00
   2.2000000e+02  -4.2373500e+00  -2.3445800e+00   7.8167000e+00  -3.0000000e+00
   2.2100000e+02   1.6403200e+01   6.5270600e-01   4.9088900e+01  -2.0000000e+00
   2.2200000e+02  -1.2947100e+01  -6.1567500e+00   4.8382900e+00   2.0000000e+00
   2.2300000e+02  -6.0629700e+00  -1.4143500e+00   4.3755300e+00   2.0000000e+00
   2.2400000e+02   2.0898800e+00  -5.9399600e+00   4.7823800e+01   1.0000000e+00
   2.2500000e+02   1.0387700e+01  -1.3168300e+00   4.8263900e+01   1.0000000e+00
   2.2600000e+02  -1.2620800e+01   1.3893200e+01   3.3919900e+01  -1.0000000e+00
   2.2700000e+02  -1.0376300e+01  -1.3218700e+01   5.3369900e+00  -2.0000000e+00
   2.2800000e+02   5.6055400e+00  -6.6578100e+00   4.7718200e+01   1.0000000e+00
   2.2900000e+02  -3.8760000e+00   1.1579300e+01   1.9184000e+01   1.0000000e+00
   2.3000000e+02  -8.9269000e+00  -9.9485300e+00   5.6345900e+00   2.0000000e+00
   2.3100000e+02   1.0182200e+01  -1.0826300e+01   4.7469100e+01   1.0000000e+00
   2.3200000e+02   1.5671900e+01  -1.0967600e+01   6.3349400e+01  -1.0000000e+00
   2.3300000e+02   9.4244500e+00   1.1613800e+01   4.7719300e+01   1.0000000e+00
   2.3400000e+02   8.3470500e+00   1.5081000e+01   3.6417700e+01  -2.0000000e+00
   2.3500000e+02   8.6035300e+00   7.5288900e+00   4.8347600e+01   1.0000000e+00
   2.3600000e+02   8.8484600e+00   5.7830800e-02   4.7969800e+01   1.0000000e+00
   2.3700000e+02   1.1705300e+01   4.7323700e+00   4.8376500e+01   1.0000000e+00
   2.3800000e+02   1.8626700e+00   1.5556700e+00   4.7834600e+01   1.0000000e+00
   2.3900000e+02   2.3907800e-01   1.6340100e+01   1.1590900e+01  -2.0000000e+00
   2.4000000e+02  -8.5034900e+00   1.3079700e+01   1.3641200e+01  -3.0000000e+00
   2.4100000e+02   1.4147900e+01  -9.5489800e+00   4.7455200e+01  -2.0000000e+00
   2.4200000e+02   6.2140800e+00   4.8682500e+00   4.7885700e+01   1.0000000e+00
   2.4300000e+02  -1.0151400e+01  -1.5265200e+01  -6.4435600e+00  -2.0000000e+00
   2.4400000e+02   1.5208900e+01   1.1440100e+01   4.5368300e+01  -1.0000000e+00
   2.4500000e+02  -6.6109200e+00  -1.4925500e+01   7.7710300e+00  -2.0000000e+00
   2.4600000e+02  -3.5733900e+00  -8.3919300e+00   7.9349800e+00  -3.0000000e+00
   2.4700000e+02   8.1979100e+00  -1.1465800e+01   4.7964800e+01   1.0000000e+00
   2.4800000e+02  -9.1679800e+00   1.5027000e+01   4.4350800e+01  -2.0000000e+00
   2.4900000e+02  -2.5076600e-01   1.2539100e+01   1.6484200e+01  -3.0000000e+00
   2.5000000e+02   7.4678300e+00   1.0967200e+01   4.8216600e+01   1.0000000e+00
   2.5100000e+02  -1.3782100e+01   4.2115200e+00   4.2381600e+00   2.0000000e+00
   2.5200000e+02   1.1123700e+00   6.9567600e+00   4.8657600e+01   1.0000000e+00
   2.5300000e+02   9.2964700e+00   2.0762800e+00   4.7821000e+01   1.0000000e+00
   2.5400000e+02  -4.8308500e+00   5.9642100e+00   2.7329700e+01  -3.0000000e+00
   2.5500000e+02  -4.5995100e+00   1.3585600e+01   1.8940200e+01   1.0000000e+00
   2.5600000e+02   4.6876800e+00   6.2529900e+00   4.8461100e+01   1.0000000e+00
   2.5700000e+02   7.0556400e+00   8.8983800e+00   4.8368300e+01   1.0000000e+00
   2.5800000e+02   3.5151500e+00   9.6555900e+00   4.7977800e+01   1.0000000e+00
   2.5900000e+02  -2.1237400e-01   1.8360800e+01   1.5725500e+01  -1.0000000e+00
   2.6000000e+02  -1.7513200e+01   6.1777100e+00  -1.4131900e+01  -1.0000000e+00
   2.6100000e+02  -1.5941600e+01   1.1544400e+01  -2.6075900e+00  -1.0000000e+00
   2.6200000e+02  -1.1394700e+01   9.5664900e+00   3.5067400e+01  -1.0000000e+00
   2.6300000e+02   6.6795700e+00  -1.0062200e+01   4.7748200e+01   1.0000000e+00
   2.6400000e+02  -7.1036700e+00   9.1640100e+00   1.4068200e+01  -3.0000000e+00
   2.6500000e+02   6.2463300e+00  -1.2125700e+01   4.8256300e+01   1.0000000e+00
   2.6600000e+02  -4.3881100e+00  -2.1530500e-01   4.2599200e+00   2.0000000e+00
   2.6700000e+02  -5.7203700e+00  -5.5180100e+00   4.8735700e+00   2.0000000e+00
   2.6800000e+02  -1.8700400e+00   1.1183800e+01   2.6341100e+01  -3.0000000e+00
   2.6900000e+02  -1.3967300e+01   1.2313000e+01   2.6840400e+01  -1.0000000e+00
   2.7000000e+02  -3.3443900e-01  -8.5753900e+00   4.7634900e+01  -3.0000000e+00
   2.7100000e+02   1.2080600e+01   6.7641600e+00   4.8303400e+01   1.0000000e+00
   2.7200000e+02  -1.8771800e+00  -7.1945800e+00   4.3344900e+01  -3.0000000e+00
   2.7300000e+02  -4.6444800e+00   3.9079600e+00   5.5992700e+00  -3.0000000e+00
   2.7400000e+02   8.4532400e+00  -2.0086400e+00   4.8020000e+01   1.0000000e+00
   2.7500000e+02  -9.1248900e+00  -7.8752400e+00   5.3096600e+00   2.0000000e+00
   2.7600000e+02  -8.4310800e-01  -1.0589000e+01   5.5702800e+01  -3.0000000e+00
   2.7700000e+02   1.6118700e+01  -8.9423300e+00   6.1468400e+01  -1.0000000e+00
   2.7800000e+02   2.1801800e+00   1.7153600e+01   1.9751100e+01  -1.0000000e+00
   2.7900000e+02   2.5146700e+00  -3.9283700e+00   4.7940000e+01   1.0000000e+00
   2.8000000e+02  -1.7449600e+01   3.9321000e+00  -1.0489400e+01  -1.0000000e+00
   2.8100000e+02   1.2535600e+01   8.8112700e+00   4.8258900e+01   1.0000000e+00
   2.8200000e+02  -1.4032600e+01   8.3693700e+00   2.2689000e+01   0.0000000e+00
   2.8300000e+02  -6.5664400e+00   4.7805800e+00   3.3878300e+01   2.0000000e+00
   2.8400000e+02   9.5467700e+00  -5.4116000e+00   4.7804700e+01   1.0000000e+00
   2.8500000e+02  -1.1706700e+01   1.2274600e+00   4.6458600e+00   2.0000000e+00
   2.8600000e+02  -1.1746700e+00  -1.2615400e+01   5.6156800e+01  -3.0000000e+00
   2.8700000e+02   2.7580400e+00  -1.1389700e+01   4.7734500e+01   1.0000000e+00
   2.8800000e+02  -1.1186400e+01   1.5534900e+01   1.6934400e+01  -1.0000000e+00
   2.8900000e+02   5.3891700e+00  -1.6265900e+01   4.8732800e+01  -1.0000000e+00
   2.9000000e+02   1.6185100e+01   8.2015900e+00   5.0021400e+01  -1.0000000e+00
   2.9100000e+02   6.6911900e+00   1.6464600e+01   4.9109300e+01  -1.0000000e+00
   2.9200000e+02  -1.3346400e+01   1.0316300e+01   3.9243800e+01  -2.0000000e+00
   2.9300000e+02  -1.7078200e+01  -2.0469700e-01  -1.0219500e+01  -1.0000000e+00
   2.9400000e+02  -3.4118600e+00  -4.2610100e+00   3.9697100e+01  -3.0000000e+00
   2.9500000e+02  -1.5730300e+01   7.1932400e+00   1.7438800e+00  -2.0000000e+00
   2.9600000e+02   5.3591300e+00   8.1425700e-01   4.7838800e+01   1.0000000e+00
   2.9700000e+02   3.8850400e+00  -1.4856500e+01   4.8151500e+01  -2.0000000e+00
   2.9800000e+02   7.7889200e+00  -1.3531500e+01   4.8124900e+01  -2.0000000e+00
   2.9900000e+02  -5.2379800e+00   1.5543700e+01   1.9398600e+01  -2.0000000e+00
