   0.0000000e+00  -2.7667200e+00   1.8015500e+01   2.5930100e+01  -1.0000000e+00
   1.0000000e+00   3.8004600e+00  -1.6813300e+01   5.4021300e+01  -2.0000000e+00
   2.0000000e+00   1.5561400e+01  -9.7567100e+00   5.7414200e+01  -1.0000000e+00
   3.0000000e+00  -1.0643600e+01   9.4199300e+00   2.6624800e+01   2.0000000e+00
   4.0000000e+00  -8.9275200e+00  -1.6448100e+01   3.8073300e+01  -1.0000000e+00
   5.0000000e+00  -1.5891100e+01   2.6211800e+00   3.3499900e+01  -2.0000000e+00
   6.0000000e+00  -1.4275600e+01   1.3182900e+00   5.1102400e+01   1.0000000e+00
   7.0000000e+00   1.7994500e+01  -2.6181600e+00   6.9241900e+01  -1.0000000e+00
   8.0000000e+00   1.3303100e+01   5.1787400e+00   5.4904600e+01   1.0000000e+00
   9.0000000e+00   1.5656300e+01   1.2367300e+01   5.6365400e+01  -1.0000000e+00
   1.0000000e+01  -1.3678600e+01   1.1374300e+01   2.6703000e+01  -2.0000000e+00
   1.1000000e+01  -1.5894400e+01  -1.1068200e+01   5.0670600e+01  -1.0000000e+00
   1.2000000e+01  -5.2283700e+00  -1.6833000e+01   5.3037700e+01  -1.0000000e+00
   1.3000000e+01   1.1927700e+01   1.0542900e+01   5.5040400e+01   1.0000000e+00
   1.4000000e+01  -3.4675600e+00   7.2340400e+00   2.6233100e+01   2.0000000e+00
   1.5000000e+01  -1.6860700e+01  -3.5326600e+00   6.7955300e+01  -1.0000000e+00
   1.6000000e+01   6.3249000e+00   7.9446200e+00   5.4695500e+01   1.0000000e+00
   1.7000000e+01  -1.4893300e+01   5.2408900e+00   9.4589000e+00  -2.0000000e+00
   1.8000000e+01  -1.6213400e+01   5.6146700e-01   4.9898000e+01  -2.0000000e+00
   1.9000000e+01   5.0596700e-01  -1.4325000e+01   5.2748100e+01   1.0000000e+00
   2.0000000e+01  -3.9209100e+00  -4.4970300e+00   5.4120100e+01   1.0000000e+00
   2.1000000e+01  -8.5775900e+00   9.3204700e+00   2.6888600e+01   2.0000000e+00
   2.2000000e+01   9.2042800e+00  -7.0895700e-01   5.4090900e+01   1.0000000e+00
   2.3000000e+01  -4.3835200e+00   9.0857500e+00   2.6092200e+01   2.0000000e+00
   2.4000000e+01   7.4627000e+00  -1.7235400e+01   5.3645700e+01  -1.0000000e+00
   2.5000000e+01  -1.4150800e+01  -1.2368800e+01   5.3530700e+01  -2.0000000e+00
   2.6000000e+01  -3.2369400e+00   1.0816200e+01   2.6410300e+01   2.0000000e+00
   2.7000000e+01   1.3793100e+01   1.1401100e+01   5.5818600e+01  -2.0000000e+00
   2.8000000e+01  -5.3774500e+00  -1.2032800e+00   5.3742100e+01   1.0000000e+00
   2.9000000e+01  -1.3887600e+01   3.4225400e+00   3.3764700e+01  -3.0000000e+00
   3.0000000e+01   3.1185100e-01   1.2777300e+00   6.6353100e+01  -3.0000000e+00
   3.1000000e+01   1.0155500e-01  -1.6586600e+01   4.1286300e+01  -2.0000000e+00
   3.2000000e+01   1.1591100e+01   6.3951700e+00   5.4871300e+01   1.0000000e+00
   3.3000000e+01  -1.4538500e+01   1.3260700e+01  -4.3067100e+00  -1.0000000e+00
   3.4000000e+01  -5.6047600e+00  -3.2811500e+00   5.3961200e+01   1.0000000e+00
   3.5000000e+01  -1.4562700e+01  -7.5360700e-01   5.1847100e+01   1.0000000e+00
   3.6000000e+01  -3.2923700e+00  -1.6070900e+01   4.0121800e+01  -2.0000000e+00
   3.7000000e+01  -1.1953200e+01   4.1076700e+00   4.5152500e+01  -3.0000000e+00
   3.8000000e+01  -1.8271100e+01  -1.5484900e-02   4.8490300e+01  -1.0000000e+00
   3.9000000e+01  -3.7039100e+00   3.6860500e+00   9.6229500e+00  -3.0000000e+00
   4.0000000e+01   5.9490100e+00  -1.3933500e+01   5.3444400e+01   1.0000000e+00
   4.1000000e+01   9.9137000e+00   7.5927700e+00   5.5058700e+01   1.0000000e+00
   4.2000000e+01   1.3112800e+01   3.1452100e+00   5.4888700e+01   1.0000000e+00
   4.3000000e+01   1.5746200e+01  -7.6820900e+00   6.3386500e+01  -2.0000000e+00
   4.4000000e+01  -5.2726400e-01  -6.9525000e+00   5.4000900e+01   1.0000000e+00
   4.5000000e+01  -1.4803000e+01   9.6467700e+00   2.7170900e+01  -1.0000000e+00
   4.6000000e+01   1.6612300e+01   6.6537500e-01   5.4393200e+01  -2.0000000e+00
   4.7000000e+01  -4.6153400e+00   5.5313500e+00   2.6515400e+01   2.0000000e+00
   4.8000000e+01  -2.6261300e+00  -9.8583500e+00   5.3874000e+01   1.0000000e+00
   4.9000000e+01  -4.3367600e+00  -8.6097100e+00   5.3733700e+01   1.0000000e+00
   5.0000000e+01   9.8708800e+00  -1.4916500e+01   1.3559700e+01  -1.0000000e+00
   5.1000000e+01  -7.4334700e-01  -8.9932700e+00   5.4092200e+01   1.0000000e+00
   5.2000000e+01  -4.8163600e+00   1.8156000e+01   2.5068200e+01  -1.0000000e+00
   5.3000000e+01  -1.3550100e+01  -8.2487600e+00   5.2398000e+01   1.0000000e+00
   5.4000000e+01   3.2673700e+00   1.3902900e+01   2.4531600e+01   2.0000000e+00
   5.5000000e+01   7.0461000e+00  -3.6192400e+00   5.3303900e+01   1.0000000e+00
   5.6000000e+01  -9.9684700e+00   3.4574500e+00   1.5502300e+01  -3.0000000e+00
   5.7000000e+01   1.3582700e+01  -1.2961400e+01   5.3672300e+01  -1.0000000e+00
   5.8000000e+01  -2.9961000e+00   1.4429800e+01   2.6308200e+01   2.0000000e+00
   5.9000000e+01   6.5037700e+00   9.9971700e+00   5.4076500e+01  -3.0000000e+00
   6.0000000e+01   2.5804800e+00   6.2336800e+00   2.4613100e+01  -3.0000000e+00
   6.1000000e+01   1.1604700e+01  -1.3751700e+01   5.5849300e+01  -1.0000000e+00
   6.2000000e+01   1.1784900e+01   8.4788200e+00   5.4815700e+01   1.0000000e+00
   6.3000000e+01   6.4234900e+00  -9.7999900e+00   5.3398600e+01   1.0000000e+00
   6.4000000e+01   7.1960200e-01  -1.2260000e+01   5.3733900e+01   1.0000000e+00
   6.5000000e+01  -1.0395100e+01   1.3007500e+01   2.6284700e+01  -2.0000000e+00
   6.6000000e+01   2.3849400e+00   4.1808700e+00   6.6374800e+01  -3.0000000e+00
   6.7000000e+01  -1.3816400e+00   7.0917300e+00   2.6636900e+01   2.0000000e+00
   6.8000000e+01  -1.7900200e+01   2.0338000e+00   4.8306800e+01  -1.0000000e+00
   6.9000000e+01   1.2106200e+01   1.2648100e+01   5.5195800e+01  -2.0000000e+00
   7.0000000e+01  -5.2894800e+00   1.0920800e+01   2.6510200e+01   2.0000000e+00
   7.1000000e+01   1.4678500e+01  -1.2277000e-01   5.4312700e+01   1.0000000e+00
   7.2000000e+01   1.2555100e+01  -3.1378900e+00   5.4232200e+01   1.0000000e+00
   7.3000000e+01   2.4032400e+00  -1.3525100e+01   5.3372800e+01   1.0000000e+00
   7.4000000e+01   1.8001700e+00  -1.9978100e+00   5.4470700e+01   1.0000000e+00
   7.5000000e+01   3.4852700e+00  -3.2054200e+00   5.4113800e+01   1.0000000e+00
   7.6000000e+01   1.0855700e+01  -1.9332900e+00   5.4152500e+01   1.0000000e+00
   7.7000000e+01   7.8462400e+00   1.6943000e+01   2.3936600e+01  -1.0000000e+00
   7.8000000e+01   2.6261300e+00  -1.1476600e+01   5.3712500e+01   1.0000000e+00
   7.9000000e+01   2.9805400e+00   1.0380900e+01   3.0615200e+01  -3.0000000e+00
   8.0000000e+01   1.3992500e+01  -6.5180700e+00   5.4509700e+01   1.0000000e+00
   8.1000000e+01  -1.9914900e+00  -3.6564600e+00   5.3909600e+01   1.0000000e+00
   8.2000000e+01   4.5716200e+00   1.1688700e+01   1.8212200e+01  -3.0000000e+00
   8.3000000e+01  -1.2499000e+01  -1.5906700e+01   5.3906100e+01  -1.0000000e+00
   8.4000000e+01   2.2079100e+00   2.1299000e+00   5.4214800e+01   1.0000000e+00
   8.5000000e+01   9.1458800e-01   1.0520900e+01   2.6583300e+01   2.0000000e+00
   8.6000000e+01  -1.4989600e+01  -4.9036300e+00   5.2275800e+01  -2.0000000e+00
   8.7000000e+01  -7.9589600e+00  -8.1716700e+00   5.1429000e+01  -3.0000000e+00
   8.8000000e+01  -7.3998100e+00   1.1078000e+01   2.6433300e+01   2.0000000e+00
   8.9000000e+01   1.8269800e+01  -5.5641500e-01   6.8345300e+01  -1.0000000e+00
   9.0000000e+01   1.0255200e+01   1.1739300e+01   5.5059800e+01   1.0000000e+00
   9.1000000e+01  -9.5844200e-01  -1.1061200e+01   5.4136100e+01   1.0000000e+00
   9.2000000e+01   8.3689000e+00   1.0872800e+01   5.5348400e+01   1.0000000e+00
   9.3000000e+01  -8.3776100e+00  -1.2332100e+01   5.2675300e+01   1.0000000e+00
   9.4000000e+01  -4.5620000e+00  -1.0655300e+01   5.3590600e+01   1.0000000e+00
   9.5000000e+01   1.1775700e+01  -1.1637300e+01   5.3424300e+01  -2.0000000e+00
   9.6000000e+01  -2.2073900e+00  -5.7546100e+00   5.3841300e+01   1.0000000e+00
   9.7000000e+01   5.5871400e+00  -3.0379800e-01   5.4080300e+01   1.0000000e+00
   9.8000000e+01   1.1072800e+01   1.4531000e-01   5.4525500e+01   1.0000000e+00
   9.9000000e+01  -7.6096800e+00   7.5117600e+00   2.6727100e+01   2.0000000e+00
   1.0000000e+02   8.4698100e+00   1.3049200e+01   6.6995100e+01  -3.0000000e+00
   1.0100000e+02   1.4265600e+01  -4.4387600e+00   5.3916400e+01   1.0000000e+00
   1.0200000e+02   9.2503300e-01  -1.0223600e+01   5.3728300e+01   1.0000000e+00
   1.0300000e+02   4.4949100e+00   1.5552400e+01   2.2562700e+01  -2.0000000e+00
   1.0400000e+02   3.8686500e+00   9.1885100e-01   5.4226200e+01   1.0000000e+00
   1.0500000e+02   8.5808600e+00  -6.9658000e+00   5.3194400e+01   1.0000000e+00
   1.0600000e+02   6.8162100e+00  -5.6698100e+00   5.3442100e+01   1.0000000e+00
   1.0700000e+02  -1.6923100e+01  -5.5909300e+00   6.7670300e+01  -1.0000000e+00
   1.0800000e+02  -6.2401200e+00   1.2776600e+01   2.6365400e+01   2.0000000e+00
   1.0900000e+02  -2.9827100e-01  -4.8999100e+00   5.3900100e+01   1.0000000e+00
   1.1000000e+02  -4.7899600e+00  -1.2691200e+01   5.3781100e+01   1.0000000e+00
   1.1100000e+02  -3.7090400e+00  -2.4101200e+00   5.3931700e+01   1.0000000e+00
   1.1200000e+02   1.2760700e+01  -1.0602100e+00   5.4736600e+01   1.0000000e+00
   1.1300000e+02   1.0070200e+01   9.6692400e+00   5.5021300e+01   1.0000000e+00
   1.1400000e+02   4.2982700e+00  -1.2677800e+01   5.3589700e+01   1.0000000e+00
   1.1500000e+02   7.8689000e+00  -1.3126600e+01   6.4865200e+01  -2.0000000e+00
   1.1600000e+02   1.2331900e+01  -5.2438700e+00   5.4057200e+01   1.0000000e+00
   1.1700000e+02   4.7306200e+00  -8.5902800e+00   5.4149800e+01   1.0000000e+00
   1.1800000e+02  -6.4557600e+00   9.2349500e+00   2.6285300e+01   2.0000000e+00
   1.1900000e+02   3.6681600e+00  -1.1269300e+00   5.4405000e+01   1.0000000e+00
   1.2000000e+02  -1.4809000e+01  -2.8380900e+00   5.2108000e+01  -2.0000000e+00
   1.2100000e+02  -4.3101400e-01   5.2570200e+00   2.7381400e+01  -3.0000000e+00
   1.2200000e+02   1.6732000e+01   2.7651000e+00   5.5441000e+01  -2.0000000e+00
   1.2300000e+02  -5.5650700e+00   7.3674000e+00   2.6209100e+01   2.0000000e+00
   1.2400000e+02   1.1256700e+01   2.2677600e+00   5.5075200e+01   1.0000000e+00
   1.2500000e+02  -1.0710600e+01   7.6431300e-01   4.0934600e+01  -3.0000000e+00
   1.2600000e+02  -2.3271300e+00   8.9461700e+00   2.6330800e+01   2.0000000e+00
   1.2700000e+02   6.7004300e-01   6.9854000e+00   3.2584600e+01  -3.0000000e+00
   1.2800000e+02   6.5834400e+00   1.5250500e+01   3.5044300e+01  -2.0000000e+00
   1.2900000e+02   1.0384600e+01   1.3847800e+01   5.4875600e+01  -2.0000000e+00
   1.3000000e+02   1.5892900e+00  -4.0495900e+00   5.3873800e+01   1.0000000e+00
   1.3100000e+02   9.8492100e+00  -1.2397300e+01   2.3681500e+01  -2.0000000e+00
   1.3200000e+02  -2.4353600e+00  -7.8082000e+00   5.3962800e+01   1.0000000e+00
   1.3300000e+02   5.9689200e+00   3.8228000e+00   5.4274500e+01   1.0000000e+00
   1.3400000e+02   3.6379700e+00  -1.9013500e+01   5.5605200e+01  -1.0000000e+00
   1.3500000e+02  -1.5483300e+01  -9.0259300e+00   5.1972200e+01  -2.0000000e+00
   1.3600000e+02  -1.3067300e+01  -4.1499600e+00   5.2467800e+01   0.0000000e+00
   1.3700000e+02  -8.3270700e+00   1.2917500e+01   2.6376800e+01   2.0000000e+00
   1.3800000e+02   6.1845400e+00  -1.1869100e+01   5.3233100e+01   1.0000000e+00
   1.3900000e+02   8.0744100e+00  -1.1084800e+01   5.2620400e+01   1.0000000e+00
   1.4000000e+02   4.7218500e-01   3.3835500e+00   3.3047400e+01  -3.0000000e+00
   1.4100000e+02   1.5940600e+01  -5.6368400e+00   6.6801200e+01  -2.0000000e+00
   1.4200000e+02  -3.9282900e+00   1.6294300e+01   2.5908800e+01  -2.0000000e+00
   1.4300000e+02  -1.6836600e+01   4.4623500e+00   9.5063300e+00  -1.0000000e+00
   1.4400000e+02   8.1945700e+00   8.8183400e+00   5.4992700e+01   1.0000000e+00
   1.4500000e+02   1.0249600e+01  -8.2515400e+00   5.3325300e+01   0.0000000e+00
   1.4600000e+02   1.7797200e+01  -4.7353500e+00   5.5007500e+01  -1.0000000e+00
   1.4700000e+02   1.8808600e+00  -1.7696100e+01   3.9673600e+01  -1.0000000e+00
   1.4800000e+02   5.4875400e+00  -1.8034200e+01   5.4278300e+01  -1.0000000e+00
   1.4900000e+02  -8.8650400e+00   1.7004700e+00   4.4473300e+01  -3.0000000e+00
   1.5000000e+02  -1.1315200e+01   1.4956900e+01   2.5717300e+01  -1.0000000e+00
   1.5100000e+02   1.6323500e+01  -1.3785700e+00   5.3475500e+01  -2.0000000e+00
   1.5200000e+02   3.6851500e+00   1.7529800e+01   2.2750300e+01  -1.0000000e+00
   1.5300000e+02  -1.6536700e+01  -1.4672900e+00   5.0709200e+01  -2.0000000e+00
   1.5400000e+02  -6.0394100e+00  -7.3972700e+00   5.3291800e+01   1.0000000e+00
   1.5500000e+02   4.9247400e+00  -6.5095400e+00   5.4014200e+01   1.0000000e+00
   1.5600000e+02  -1.5711400e+00   4.5330700e-01   4.1253800e+01   1.0000000e+00
   1.5700000e+02   1.4824200e+01   1.9284300e+00   5.4782700e+01   1.0000000e+00
   1.5800000e+02   1.1430000e+01   4.3220200e+00   5.5147200e+01   1.0000000e+00
   1.5900000e+02   1.7877900e+01  -7.4970600e+00   3.4961000e+01  -1.0000000e+00
   1.6000000e+02  -1.5916300e+01   7.1945400e+00   6.6451500e+00  -1.0000000e+00
   1.6100000e+02   9.3875900e+00   1.3969000e+00   5.4729400e+01   1.0000000e+00
   1.6200000e+02   1.2138500e+01  -7.4247400e+00   5.4463500e+01   0.0000000e+00
   1.6300000e+02  -3.1949400e+00   1.7033700e+00   3.6914200e+01  -3.0000000e+00
   1.6400000e+02   7.6873100e+00   2.5830500e+00   5.4395800e+01   1.0000000e+00
   1.6500000e+02  -1.0828800e+01   5.8393500e+00   2.6234200e+01   2.0000000e+00
   1.6600000e+02   5.7363600e+00  -1.5982200e+01   5.3559500e+01  -2.0000000e+00
   1.6700000e+02   1.5527300e+01   1.0283700e+01   7.1998000e+01  -1.0000000e+00
   1.6800000e+02  -2.6184500e-01   8.8254000e+00   2.5245000e+01   2.0000000e+00
   1.6900000e+02  -1.2919500e+01   5.9367400e+00   1.9706400e+01  -3.0000000e+00
   1.7000000e+02   1.2266800e+01   1.4794100e+01   4.0155600e+01  -1.0000000e+00
   1.7100000e+02  -1.3341900e+01  -6.1958400e+00   5.2298300e+01   1.0000000e+00
   1.7200000e+02  -5.0965800e+00   9.0059600e-01   4.1696100e+01  -3.0000000e+00
   1.7300000e+02  -1.2670000e+01   3.7053000e-02   5.1723900e+01   1.0000000e+00
   1.7400000e+02  -6.0363800e+00   1.6499800e+01   3.8798300e+01  -2.0000000e+00
   1.7500000e+02  -1.4245200e+01  -1.4538300e+01   5.4479900e+01  -1.0000000e+00
   1.7600000e+02   8.7279100e+00   1.5086700e+01   3.0681500e+01  -2.0000000e+00
   1.7700000e+02  -6.8333200e+00   2.0463100e+00   4.1885800e+01  -3.0000000e+00
   1.7800000e+02  -6.4927000e+00  -1.1497500e+01   5.4059100e+01   1.0000000e+00
   1.7900000e+02   1.0569200e+01   1.5999900e+01   5.5363700e+01  -1.0000000e+00
   1.8000000e+02  -7.2666500e+00  -2.0426800e+00   5.1271700e+01  -3.0000000e+00
   1.8100000e+02  -4.1161100e+00  -6.5610000e+00   5.3733300e+01   1.0000000e+00
   1.8200000e+02  -1.3851400e+01  -1.0319900e+01   5.1595100e+01  -2.0000000e+00
   1.8300000e+02   2.1468000e+00  -1.5590000e+01   5.3539400e+01  -2.0000000e+00
   1.8400000e+02  -9.6845900e+00  -6.7223100e+00   5.1472900e+01  -3.0000000e+00
   1.8500000e+02   9.5564700e+00   3.4380700e+00   5.5044000e+01   1.0000000e+00
   1.8600000e+02  -2.8615000e+00  -1.1903700e+01   5.3558700e+01   1.0000000e+00
   1.8700000e+02  -9.2817200e+00  -2.5403400e+00   5.1714100e+01  -3.0000000e+00
   1.8800000e+02   1.3971100e+01   1.3537500e+01   3.9889500e+01  -1.0000000e+00
   1.8900000e+02  -9.4776500e+00  -4.6375100e+00   5.1704500e+01  -3.0000000e+00
   1.9000000e+02  -6.6640900e+00  -1.3538700e+01   5.4090400e+01   1.0000000e+00
   1.9100000e+02   7.2819300e+00  -1.5574000e+00   5.3630700e+01   1.0000000e+00
   1.9200000e+02  -1.7215500e+01  -7.7413800e+00   5.2679300e+01  -1.0000000e+00
   1.9300000e+02   2.4361800e+00   1.5814200e+01   2.3377500e+01  -2.0000000e+00
   1.9400000e+02  -9.7086900e+00   7.5940100e+00   2.7367400e+01   2.0000000e+00
   1.9500000e+02  -4.9987600e+00  -1.4741300e+01   5.3447500e+01  -2.0000000e+00
   1.9600000e+02   4.2631800e+00   5.0497900e+00   5.4702600e+01   1.0000000e+00
   1.9700000e+02   1.0067100e+01  -1.0330600e+01   5.2935500e+01   1.0000000e+00
   1.9800000e+02  -1.2477600e+01   1.3148400e+01   3.8389600e+01  -2.0000000e+00
   1.9900000e+02   1.4432500e+01  -2.2591900e+00   5.4390300e+01   1.0000000e+00
   2.0000000e+02   1.3676900e+01   9.3058400e+00   5.5448100e+01  -2.0000000e+00
   2.0100000e+02   3.2459400e+00  -5.2844300e+00   5.3785200e+01   1.0000000e+00
   2.0200000e+02   5.1498400e+00  -4.4179200e+00   5.3630700e+01   1.0000000e+00
   2.0300000e+02  -4.1596800e+00   1.2695100e+01   2.6511500e+01   2.0000000e+00
   2.0400000e+02   6.1420600e+00   5.8837500e+00   5.4391000e+01   1.0000000e+00
   2.0500000e+02  -6.2586300e+00  -9.4476300e+00   5.3386000e+01   1.0000000e+00
   2.0600000e+02   3.0254800e+00  -7.3440500e+00   5.3916200e+01   1.0000000e+00
   2.0700000e+02   5.3803200e+00  -2.3627000e+00   5.3657100e+01   1.0000000e+00
   2.0800000e+02  -1.2870300e+01  -2.0900400e+00   5.2649700e+01   1.0000000e+00
   2.0900000e+02   1.5022100e+01   3.9914100e+00   5.4972700e+01  -2.0000000e+00
   2.1000000e+02  -1.0621000e+01  -1.5049800e+01   3.9446300e+01  -2.0000000e+00
   2.1100000e+02   1.6278600e+00   1.7747000e+01   2.4318700e+01  -1.0000000e+00
   2.1200000e+02   8.7652800e+00  -4.8831800e+00   5.3956800e+01   1.0000000e+00
   2.1300000e+02  -8.7597800e+00   5.7703400e+00   2.7513100e+01   2.0000000e+00
   2.1400000e+02   5.7595400e+00   1.7194300e+01   2.2327300e+01  -1.0000000e+00
   2.1500000e+02  -1.1583300e+01   1.1295400e+01   2.6621300e+01   2.0000000e+00
   2.1600000e+02  -1.8429300e+00   1.6149500e+01   2.5946600e+01  -2.0000000e+00
   2.1700000e+02   1.2961000e+01   1.0513500e+00   5.5233700e+01   1.0000000e+00
   2.1800000e+02  -1.6622500e+00   3.1190800e+00   3.5172700e+01  -3.0000000e+00
   2.1900000e+02   4.0912700e+00   2.9768900e+00   5.4427100e+01   1.0000000e+00
   2.2000000e+02   4.0606900e+00  -1.4751700e+01   5.3426000e+01   1.0000000e+00
   2.2100000e+02  -1.0128000e+01  -1.0924700e+01   5.1783800e+01   0.0000000e+00
   2.2200000e+02  -7.0571500e+00   5.5262500e-03   5.1240800e+01  -3.0000000e+00
   2.2300000e+02  -1.3846600e+01   7.7744400e+00   1.8809100e+01  -2.0000000e+00
   2.2400000e+02  -8.6531700e+00  -1.4395500e+01   5.2052600e+01  -2.0000000e+00
   2.2500000e+02   1.3816000e+01  -8.6263500e+00   5.6281000e+01  -2.0000000e+00
   2.2600000e+02   7.4885900e+00   5.2744200e-01   5.4242200e+01   1.0000000e+00
   2.2700000e+02  -1.1423800e+01  -5.4427600e+00   5.2635000e+01   1.0000000e+00
   2.2800000e+02  -2.0903900e+00   1.2535400e+01   2.6430100e+01   2.0000000e+00
   2.2900000e+02   9.7317000e+00   5.4990400e+00   5.5023800e+01   1.0000000e+00
   2.3000000e+02  -2.5612800e+00   5.3979600e+00   2.5287100e+01  -3.0000000e+00
   2.3100000e+02  -1.5276000e+01  -6.9442600e+00   5.2221800e+01  -2.0000000e+00
   2.3200000e+02  -1.2329300e+01   2.0689600e+00   5.0255100e+01  -3.0000000e+00
   2.3300000e+02   1.1972300e+01  -9.5494500e+00   5.4451800e+01   1.0000000e+00
   2.3400000e+02  -9.9460200e+00  -8.7939600e+00   5.1540400e+01   1.0000000e+00
   2.3500000e+02  -9.4571400e+00   1.1181000e+01   2.6585600e+01   2.0000000e+00
   2.3600000e+02   2.0629600e+00   1.2239100e+01   2.4000000e+01   2.0000000e+00
   2.3700000e+02   4.4400000e+00   7.0925300e+00   5.5537200e+01  -3.0000000e+00
   2.3800000e+02   6.6116900e+00  -7.7343500e+00   5.3678500e+01   1.0000000e+00
   2.3900000e+02   1.0623100e+01  -4.0223700e+00   5.4539100e+01   1.0000000e+00
   2.4000000e+02  -9.2937000e-01   1.4315300e+01   2.5937700e+01   2.0000000e+00
   2.4100000e+02  -7.1337800e+00  -1.7639500e+01   5.4532600e+01  -1.0000000e+00
   2.4200000e+02   1.6895200e+01   4.8902500e+00   5.5771400e+01  -1.0000000e+00
   2.4300000e+02   6.6597800e+00   1.2067300e+01   3.8075500e+01  -3.0000000e+00
   2.4400000e+02   8.0366800e+00   6.7053700e+00   5.4687200e+01   1.0000000e+00
   2.4500000e+02  -1.2698400e+01   9.5554200e+00   2.7057100e+01  -2.0000000e+00
   2.4600000e+02   1.6132100e+01  -3.5452600e+00   5.4849800e+01  -2.0000000e+00
   2.4700000e+02  -1.0961700e+01  -1.3565200e+00   5.3160400e+01   1.0000000e+00
   2.4800000e+02   2.8296700e+00  -9.4081300e+00   5.3872800e+01   1.0000000e+00
   2.4900000e+02   8.9654600e+00  -2.7943700e+00   5.3817100e+01   1.0000000e+00
   2.5000000e+02  -9.2297800e+00   1.4760200e+01   3.8528700e+01  -2.0000000e+00
   2.5100000e+02  -8.1614500e+00   1.6521500e+01   2.9115000e+01  -1.0000000e+00
   2.5200000e+02  -6.3421500e-01   1.7840800e+01   2.6197200e+01  -1.0000000e+00
   2.5300000e+02   1.9820000e+00   6.8538900e-02   5.4335500e+01   1.0000000e+00
   2.5400000e+02  -5.7760400e+00   3.8065000e+00   3.9401000e+01  -3.0000000e+00
   2.5500000e+02  -6.7059500e+00   5.6375200e+00   2.6426400e+01   2.0000000e+00
   2.5600000e+02   1.5164200e+01   6.0546900e+00   5.5136000e+01  -2.0000000e+00
   2.5700000e+02  -3.0966700e+00  -1.3949700e+01   5.3692200e+01   1.0000000e+00
   2.5800000e+02   2.1859800e+00   8.3993900e+00   2.2746500e+01  -3.0000000e+00
   2.5900000e+02   1.1485700e+00  -8.1795900e+00   5.3789400e+01   1.0000000e+00
   2.6000000e+02  -1.2314900e+01  -1.3678300e+01   5.3282900e+01  -2.0000000e+00
   2.6100000e+02   4.5223200e+00  -1.0638900e+01   5.3840100e+01   1.0000000e+00
   2.6200000e+02  -6.9281400e+00  -1.5597600e+01   5.3839200e+01  -2.0000000e+00
   2.6300000e+02   1.0209500e-01  -7.7930700e-01   5.4147800e+01   1.0000000e+00
   2.6400000e+02   7.8563700e+00   4.6483000e+00   5.4518400e+01   1.0000000e+00
   2.6500000e+02   7.6479700e+00  -1.5161600e+01   6.2472500e+01  -2.0000000e+00
   2.6600000e+02   8.3418800e+00  -9.0320500e+00   5.2700900e+01   0.0000000e+00
   2.6700000e+02  -7.1119100e+00   1.4641400e+01   2.7215300e+01  -2.0000000e+00
   2.6800000e+02  -7.5007500e+00  -4.0869500e+00   5.1491600e+01  -3.0000000e+00
   2.6900000e+02  -1.1646500e+00  -1.3106700e+01   5.3951900e+01   1.0000000e+00
   2.7000000e+02  -1.1794200e+01   7.6803400e+00   2.7016700e+01   2.0000000e+00
   2.7100000e+02   1.3629000e+00  -6.1124700e+00   5.3809800e+01   1.0000000e+00
   2.7200000e+02  -2.4736100e-03   1.2434400e+01   2.6034200e+01   2.0000000e+00
   2.7300000e+02  -1.1640700e+01  -7.4900500e+00   5.2485800e+01   1.0000000e+00
   2.7400000e+02  -1.7876100e+00  -1.7506300e+01   5.1072600e+01  -1.0000000e+00
   2.7500000e+02  -7.7042600e+00  -6.1305000e+00   5.1450100e+01  -3.0000000e+00
   2.7600000e+02  -1.1152400e+01  -3.3885400e+00   5.3231500e+01   1.0000000e+00
   2.7700000e+02  -7.4376200e-02  -2.8329900e+00   5.4101000e+01   1.0000000e+00
   2.7800000e+02   1.1645300e+00   1.4152600e+01   2.4484800e+01   2.0000000e+00
   2.7900000e+02  -7.9036300e+00   3.8682700e+00   3.1040300e+01  -3.0000000e+00
   2.8000000e+02  -1.0363500e+01  -1.2996000e+01   5.1211600e+01   1.0000000e+00
   2.8100000e+02   1.0483000e+01  -6.1422200e+00   5.4204200e+01   1.0000000e+00
   2.8200000e+02   1.3753000e+01  -1.0811800e+01   6.8281500e+01  -2.0000000e+00
   2.8300000e+02   5.3022100e+00   1.3635500e+01   2.9447500e+01  -3.0000000e+00
   2.8400000e+02  -1.2157200e+01  -1.1616400e+01   5.2194000e+01   1.0000000e+00
   2.8500000e+02  -5.7917300e+00  -5.3491300e+00   5.3721000e+01   1.0000000e+00
   2.8600000e+02   3.1601800e-01   1.6007400e+01   2.4939000e+01  -2.0000000e+00
   2.8700000e+02   1.3483200e+01   7.2444100e+00   5.4466200e+01  -2.0000000e+00
   2.8800000e+02   4.6355400e+00   9.1384200e+00   2.4217900e+01  -3.0000000e+00
   2.8900000e+02  -8.2019100e+00  -1.0221100e+01   5.2368000e+01   1.0000000e+00
   2.9000000e+02  -9.0478400e+00  -4.8710800e-01   5.1492900e+01  -3.0000000e+00
   2.9100000e+02  -3.4794000e+00  -3.5962700e-01   5.3042300e+01   1.0000000e+00
   2.9200000e+02  -1.1902900e+01  -9.5371700e+00   5.2059800e+01   1.0000000e+00
   2.9300000e+02  -1.8048800e+00  -1.6039500e+00   5.3776000e+01   1.0000000e+00
   2.9400000e+02  -5.0620000e+00   1.4552500e+01   2.6665200e+01   2.0000000e+00
   2.9500000e+02   5.7577900e+00   1.7757300e+00   5.4156800e+01   1.0000000e+00
   2.9600000e+02   1.5393100e+01   8.1057200e+00   6.9854000e+01  -1.0000000e+00
   2.9700000e+02  -1.1483400e+00   1.0688800e+01   2.6161200e+01   2.0000000e+00
   2.9800000e+02  -1.4113200e+00  -1.5154900e+01   5.2403800e+01  -2.0000000e+00
   2.9900000e+02   1.8480300e+01   1.6221700e+00   5.6142500e+01  -1.0000000e+00
