   0.0000000e+00  -1.4877500e+01   8.3030800e+00   6.0764900e+01  -2.0000000e+00
   1.0000000e+00  -9.1634800e+00  -1.0605400e+00   5.1090000e+01   2.0000000e+00
   2.0000000e+00   1.3977300e+01   3.3823900e+00   2.2834700e+01   1.0000000e+00
   3.0000000e+00   3.8758900e+00   1.3918700e+01   2.1856900e+01   1.0000000e+00
   4.0000000e+00  -1.7365000e+01   5.6423000e+00   6.4342800e+01  -1.0000000e+00
   5.0000000e+00  -2.1886800e+00  -1.6707700e+01   2.5068300e+01  -2.0000000e+00
   6.0000000e+00  -3.5571100e+00   1.3143200e+01   2.1967300e+01   1.0000000e+00
   7.0000000e+00   9.8447500e+00   3.9801100e+00   2.2175500e+01   1.0000000e+00
   8.0000000e+00   1.5621500e+01  -4.0713700e-01   2.3170000e+01  -2.0000000e+00
   9.0000000e+00  -7.4270300e+00   8.2234800e+00   1.0361800e+01  -3.0000000e+00
   1.0000000e+01   9.3639900e+00   4.1645500e-01   2.2370100e+01   1.0000000e+00
   1.1000000e+01   6.7008400e+00   1.1694900e+01   2.2020300e+01   1.0000000e+00
   1.2000000e+01  -8.1824100e+00   1.0146100e+01   2.1884000e+01   1.0000000e+00
   1.3000000e+01   3.0650200e+00  -7.9269000e+00   2.2900300e+01   1.0000000e+00
   1.4000000e+01   1.3151700e+01   5.3155100e+00   2.2052700e+01   1.0000000e+00
   1.5000000e+01  -7.8597100e+00  -1.6014100e+01   3.5631800e+01  -1.0000000e+00
   1.6000000e+01  -1.4338500e+01   8.0944900e-01   5.0615500e+01   2.0000000e+00
   1.7000000e+01  -1.6880400e+01   7.7351900e+00   4.6329500e+01  -1.0000000e+00
   1.8000000e+01  -6.5778600e+00   6.3117300e+00   1.7950300e+01  -3.0000000e+00
   1.9000000e+01   6.3618300e+00  -6.4829500e+00   2.2464300e+01   1.0000000e+00
   2.0000000e+01  -1.0432300e+01  -9.2640300e+00   5.1101400e+01   2.0000000e+00
   2.1000000e+01  -1.4513400e+01   1.0389600e+01   4.8911100e+01  -1.0000000e+00
   2.2000000e+01  -1.5218500e+00   1.2880100e+01   2.1783300e+01   1.0000000e+00
   2.3000000e+01  -1.5322200e+01   6.2406600e+00   4.8977700e+01  -2.0000000e+00
   2.4000000e+01  -7.5015900e+00  -1.3882600e+01   5.1416400e+01  -2.0000000e+00
   2.5000000e+01  -1.7318900e+00   3.8042700e+00   9.6343200e+00  -3.0000000e+00
   2.6000000e+01  -1.0520700e+01   1.6116400e+01   2.1927700e+01  -1.0000000e+00
   2.7000000e+01   2.8937000e+00   6.7314200e+00   2.1590400e+01   1.0000000e+00
   2.8000000e+01   9.3026400e+00  -1.6233100e+01   2.4035200e+01  -1.0000000e+00
   2.9000000e+01  -4.6527600e+00  -6.9802600e+00   5.1343600e+01   2.0000000e+00
   3.0000000e+01  -2.6163500e-01  -9.3574100e+00   2.3616500e+01  -3.0000000e+00
   3.1000000e+01  -1.1084500e+01  -1.8076800e+00   5.1158500e+01   2.0000000e+00
   3.2000000e+01   1.9425600e+00  -1.7228000e+01   2.1867400e+01  -1.0000000e+00
   3.3000000e+01  -1.3672700e+01  -6.6306100e+00   5.0761700e+01   2.0000000e+00
   3.4000000e+01  -1.3303200e+01   6.9604100e+00   5.0148900e+01   2.0000000e+00
   3.5000000e+01   1.6470800e+01  -2.3238800e+00   2.2214800e+01  -2.0000000e+00
   3.6000000e+01  -4.3300600e+00   1.5084200e+01   2.3000900e+01  -2.0000000e+00
   3.7000000e+01  -8.8361300e+00   9.7640400e-01   5.0908700e+01   2.0000000e+00
   3.8000000e+01  -6.1047700e+00   9.8850300e+00   2.1991700e+01   1.0000000e+00
   3.9000000e+01   1.0180600e+01  -1.5235700e+00   2.2197000e+01   1.0000000e+00
   4.0000000e+01   5.6034400e+00  -4.5210200e+00   2.2248600e+01   1.0000000e+00
   4.1000000e+01  -1.2062300e+01   3.5827900e+00   5.0317900e+01   2.0000000e+00
   4.2000000e+01   5.3807500e-01   1.2534600e+01   2.1471100e+01   1.0000000e+00
   4.3000000e+01  -3.6560800e+00  -1.2355000e+01   2.8549200e+01  -3.0000000e+00
   4.4000000e+01  -2.1700300e-02  -5.5363900e+00   2.0804900e+01  -3.0000000e+00
   4.5000000e+01   5.1866300e+00   9.3790900e-01   2.2550600e+01   1.0000000e+00
   4.6000000e+01   6.4819900e+00   1.7226100e+01   2.2085300e+01  -1.0000000e+00
   4.7000000e+01   1.4249000e+01   1.2419600e+01   9.3092600e+00  -2.0000000e+00
   4.8000000e+01  -5.9215600e+00  -3.6431100e+00   5.1183000e+01   2.0000000e+00
   4.9000000e+01  -1.5931400e+00  -9.2336900e-02   4.6668500e+01  -3.0000000e+00
   5.0000000e+01   1.6286600e+01   1.2116800e+01   5.2013500e+01  -1.0000000e+00
   5.1000000e+01   5.1093700e+00  -8.1549700e+00   2.3098800e+01   1.0000000e+00
   5.2000000e+01  -1.2926800e+01   9.0332700e+00   4.8832900e+01  -2.0000000e+00
   5.3000000e+01  -1.6681300e+01  -1.9629600e+00   5.0339900e+01  -2.0000000e+00
   5.4000000e+01   3.0036800e-01  -1.3324500e+01   4.0829600e+01  -3.0000000e+00
   5.5000000e+01   2.3439600e+00   1.7819200e+01   2.1982200e+01  -1.0000000e+00
   5.6000000e+01  -4.9576700e+00  -9.0059800e+00   5.0946000e+01   2.0000000e+00
   5.7000000e+01  -6.3718200e+00   1.5364700e+01   3.4716800e+01  -2.0000000e+00
   5.8000000e+01   1.3329700e+01  -9.2216500e+00   2.1969100e+01   1.0000000e+00
   5.9000000e+01  -1.0208600e+00  -7.4017000e+00   2.5641100e+01  -3.0000000e+00
   6.0000000e+01  -4.3681100e-01   5.4268500e+00   2.1837900e+01   1.0000000e+00
   6.1000000e+01  -1.7573500e+01   3.5694900e+00   6.5359000e+01  -1.0000000e+00
   6.2000000e+01   1.0038800e+01   1.3017000e+01   2.2093700e+01  -2.0000000e+00
   6.3000000e+01  -1.6987600e+01  -4.0250200e+00   5.2026800e+01  -2.0000000e+00
   6.4000000e+01   5.2036600e+00  -1.5820500e+01   3.6472500e+01  -2.0000000e+00
   6.5000000e+01  -1.2028000e+01  -7.9631900e+00   5.1000800e+01   2.0000000e+00
   6.6000000e+01   3.3893600e-01   3.5035000e+00   2.1092200e+01   1.0000000e+00
   6.7000000e+01  -1.6290100e+01   9.7699600e-02   4.9618600e+01  -2.0000000e+00
   6.8000000e+01  -5.2809100e+00   4.2185500e-01   5.2562600e+01   2.0000000e+00
   6.9000000e+01  -6.9050700e+00   1.7100000e+00   4.9646900e+01  -3.0000000e+00
   7.0000000e+01  -2.7951100e+00   1.1207000e+01   2.2071700e+01   1.0000000e+00
   7.1000000e+01  -1.1806000e+01   1.4448800e+01   3.6004800e+01  -1.0000000e+00
   7.2000000e+01   7.2143800e+00   1.5267700e+01   2.1890500e+01  -2.0000000e+00
   7.3000000e+01  -1.1017400e+01  -1.3374300e+01   5.1728600e+01  -2.0000000e+00
   7.4000000e+01  -1.5964600e+01  -9.4311700e+00   5.0894000e+01  -1.0000000e+00
   7.5000000e+01  -9.9011200e-01  -1.5013600e+01   2.2866900e+01   1.0000000e+00
   7.6000000e+01   1.0307700e+01   7.5268800e+00   2.2407200e+01   1.0000000e+00
   7.7000000e+01  -9.1018100e+00  -1.2581600e+01   5.1977900e+01   2.0000000e+00
   7.8000000e+01   3.9288000e+00  -7.1324900e-01   2.2891600e+01   1.0000000e+00
   7.9000000e+01  -3.1453900e+00   1.4654000e+00   3.8482300e+01  -3.0000000e+00
   8.0000000e+01  -3.2973500e+00  -1.4548800e+01   2.4364500e+01  -3.0000000e+00
   8.1000000e+01  -8.9481400e+00   1.2095200e+01   2.0515700e+01   1.0000000e+00
   8.2000000e+01   7.1787600e+00  -8.3824100e+00   2.2944500e+01   1.0000000e+00
   8.3000000e+01   1.7791500e+00  -9.5839400e+00   2.3524400e+01   1.0000000e+00
   8.4000000e+01   1.8194500e+00   1.4139000e+01   2.2061400e+01   1.0000000e+00
   8.5000000e+01   6.0597100e+00  -9.5012700e-01   2.3165400e+01   1.0000000e+00
   8.6000000e+01   4.4282200e+00   1.7475500e+01   2.1487600e+01  -1.0000000e+00
   8.7000000e+01  -1.5621900e+01  -7.3672200e+00   5.1024300e+01  -2.0000000e+00
   8.8000000e+01   7.3090900e+00   6.8171900e-01   2.2872000e+01   1.0000000e+00
   8.9000000e+01  -4.8339400e+00   1.1521100e+01   2.1760700e+01   1.0000000e+00
   9.0000000e+01  -2.2957900e+00   1.4794800e+01   2.1751000e+01  -2.0000000e+00
   9.1000000e+01   1.0832400e+01  -1.2499000e+01   4.0650200e+01  -2.0000000e+00
   9.2000000e+01   3.3893900e+00   1.0309800e+01   2.2449300e+01   1.0000000e+00
   9.3000000e+01  -1.2244200e+00   7.3280100e+00   2.1797000e+01   1.0000000e+00
   9.4000000e+01   1.5013500e+01   1.0458800e+01   2.1969900e+01  -2.0000000e+00
   9.5000000e+01   1.6281700e+01  -1.1344100e+01   2.4031400e+01  -1.0000000e+00
   9.6000000e+01  -6.1317800e+00  -1.7424000e+01   5.3099800e+01  -1.0000000e+00
   9.7000000e+01   1.1783300e+01  -5.3316500e+00   2.2864900e+01   1.0000000e+00
   9.8000000e+01   2.5837200e+00   1.2229000e+01   2.2423800e+01   1.0000000e+00
   9.9000000e+01   1.7501600e+01   4.5829400e+00   5.7362600e+00  -1.0000000e+00
   1.0000000e+02   1.2099500e+01   1.2770800e+01   2.2021600e+01  -2.0000000e+00
   1.0100000e+02   1.6683800e+01  -7.8188200e+00   2.2608500e+01  -1.0000000e+00
   1.0200000e+02  -1.4003500e+01   2.8825800e+00   5.0614200e+01   2.0000000e+00
   1.0300000e+02   1.5399600e+01  -9.4936800e+00   2.2780500e+01  -2.0000000e+00
   1.0400000e+02   1.2888300e+01  -1.2782000e+01   4.0560900e+01  -2.0000000e+00
   1.0500000e+02  -6.2481200e+00  -5.6840300e+00   5.1158500e+01   2.0000000e+00
   1.0600000e+02   1.1576000e+01   9.1996300e+00   2.2032200e+01   1.0000000e+00
   1.0700000e+02   1.3827900e+01  -5.6050700e+00   2.2318600e+01   1.0000000e+00
   1.0800000e+02   8.4045800e-01   7.0512100e+00   2.1868900e+01   1.0000000e+00
   1.0900000e+02   1.6869200e+01   1.2527000e+00   2.1243500e+01  -2.0000000e+00
   1.1000000e+02   6.2045900e+00   8.1001600e+00   2.2259000e+01   1.0000000e+00
   1.1100000e+02   8.4030600e+00  -6.7257500e+00   2.3003300e+01   1.0000000e+00
   1.1200000e+02   3.8685500e+00  -9.8368300e+00   2.3399500e+01   1.0000000e+00
   1.1300000e+02  -7.5603100e-01   1.0930800e+01   2.1748000e+01   1.0000000e+00
   1.1400000e+02  -1.1698500e+01   5.6499700e+00   5.0594900e+01   2.0000000e+00
   1.1500000e+02  -1.2696900e+01  -5.1712200e-01   5.1069300e+01   2.0000000e+00
   1.1600000e+02   1.2405700e+01   7.2571400e+00   2.2197200e+01   1.0000000e+00
   1.1700000e+02  -1.0759600e+01   2.4451700e-01   5.1212200e+01   2.0000000e+00
   1.1800000e+02   1.2076100e+01  -1.0842200e+01   2.2655900e+01   1.0000000e+00
   1.1900000e+02  -1.3640100e+01   4.9160600e+00   5.0628800e+01   2.0000000e+00
   1.2000000e+02  -1.1391800e+01  -1.5441000e+01   5.0602000e+01  -1.0000000e+00
   1.2100000e+02   3.9961300e+00  -1.7563100e+01   2.2925000e+01  -1.0000000e+00
   1.2200000e+02  -1.2760800e+01  -1.2050800e+01   5.1178800e+01  -2.0000000e+00
   1.2300000e+02   1.4481900e+01   6.9665400e+00   2.0114800e+01  -2.0000000e+00
   1.2400000e+02  -9.8031500e+00  -5.1571300e+00   5.1222600e+01   2.0000000e+00
   1.2500000e+02   3.1663000e+00  -1.5585400e+01   2.2494800e+01  -2.0000000e+00
   1.2600000e+02   1.0280400e+00  -7.6754900e+00   2.3275600e+01   1.0000000e+00
   1.2700000e+02   2.3876600e+00   3.1731600e+00   2.1304600e+01   1.0000000e+00
   1.2800000e+02  -1.2389800e+01   1.5313300e+00   5.0935700e+01   2.0000000e+00
   1.2900000e+02  -5.8353200e+00  -1.5175200e+01   5.0673700e+01  -2.0000000e+00
   1.3000000e+02  -1.0987800e+01   1.2545100e+01   1.9407800e+01  -2.0000000e+00
   1.3100000e+02  -9.4715100e+00   8.5187100e+00   4.7214600e+01  -3.0000000e+00
   1.3200000e+02   1.0625200e+01   2.0480900e+00   2.2101500e+01   1.0000000e+00
   1.3300000e+02   1.1430300e+01   1.2312300e-01   2.2655500e+01   1.0000000e+00
   1.3400000e+02   4.4309400e+00   2.8683100e+00   2.1722600e+01   1.0000000e+00
   1.3500000e+02  -1.3341100e+01  -4.6074100e+00   5.1087600e+01   2.0000000e+00
   1.3600000e+02  -1.7874600e+01   1.4673600e+00   6.4856800e+01  -1.0000000e+00
   1.3700000e+02   7.4670900e+00   9.7209600e+00   2.2160100e+01   1.0000000e+00
   1.3800000e+02   1.5109100e+01  -3.9960000e+00   2.1836200e+01  -2.0000000e+00
   1.3900000e+02   5.9153200e+00  -1.0050100e+01   2.3701000e+01   1.0000000e+00
   1.4000000e+02  -4.9711300e+00   2.4403200e+00   4.4522400e+01  -3.0000000e+00
   1.4100000e+02   1.2897000e+01   1.0832800e+01   2.1084300e+01   1.0000000e+00
   1.4200000e+02  -5.6049300e+00   1.3447400e+01   2.1785100e+01   1.0000000e+00
   1.4300000e+02   3.1250200e+00   1.2217600e+00   2.1724700e+01   1.0000000e+00
   1.4400000e+02   1.3444500e+00   1.0576800e+01   2.2087600e+01   1.0000000e+00
   1.4500000e+02   8.5236500e+00   1.6957200e+01   2.2038400e+01  -1.0000000e+00
   1.4600000e+02   1.4322300e+01  -2.0718100e+00   2.2465700e+01   1.0000000e+00
   1.4700000e+02  -7.1798700e+00  -1.1823200e+01   5.1513500e+01   2.0000000e+00
   1.4800000e+02  -5.2690500e+00  -1.1060200e+01   5.1417800e+01   2.0000000e+00
   1.4900000e+02   1.5197100e+01   5.0363900e+00   2.0836900e+01  -2.0000000e+00
   1.5000000e+02   4.3782000e+00  -1.3917800e+01   4.1379000e+01  -3.0000000e+00
   1.5100000e+02  -9.6971000e+00   1.4160600e+01   2.1079200e+01  -2.0000000e+00
   1.5200000e+02  -1.3214300e+00  -1.8608000e+01   2.5692800e+01  -1.0000000e+00
   1.5300000e+02  -1.3697600e-02  -1.4137200e+00   5.1358700e+01  -3.0000000e+00
   1.5400000e+02  -1.3997900e+01  -8.6877700e+00   5.0803000e+01  -2.0000000e+00
   1.5500000e+02  -8.5147300e+00   2.9947000e+00   5.0678400e+01  -3.0000000e+00
   1.5600000e+02   6.7489000e+00  -1.1951200e+01   4.1386400e+01  -3.0000000e+00
   1.5700000e+02  -1.8601200e+01  -2.7491100e+00   5.1493300e+01  -1.0000000e+00
   1.5800000e+02  -2.4610500e-01   1.4478200e+01   2.1423200e+01   1.0000000e+00
   1.5900000e+02   1.2249700e+01  -1.7865600e+00   2.2589600e+01   1.0000000e+00
   1.6000000e+02  -1.5289200e+01  -5.3100700e+00   5.1620700e+01  -2.0000000e+00
   1.6100000e+02  -5.2899800e+00   1.7154300e+01   2.5343900e+01  -1.0000000e+00
   1.6200000e+02  -1.0376600e-01  -1.6898300e+01   3.5917800e+01  -2.0000000e+00
   1.6300000e+02   6.9907200e+00   6.1862200e+00   2.2253900e+01   1.0000000e+00
   1.6400000e+02  -7.2328200e+00  -3.3334200e-01   5.1145500e+01   2.0000000e+00
   1.6500000e+02  -7.8601100e+00  -4.3846000e+00   5.1148800e+01   2.0000000e+00
   1.6600000e+02  -4.0617800e+00   9.5992300e+00   2.1777300e+01   1.0000000e+00
   1.6700000e+02  -3.7764800e+00   4.1084700e+00   3.5790000e+01  -3.0000000e+00
   1.6800000e+02   2.4568300e-01   1.8094700e+01   2.2444800e+01  -1.0000000e+00
   1.6900000e+02  -3.9948000e+00  -2.8864800e+00   5.0963400e+01   2.0000000e+00
   1.7000000e+02  -1.5610400e+01   4.1608600e+00   5.0376100e+01  -2.0000000e+00
   1.7100000e+02   1.8319000e+00  -4.1720800e-01   1.7390800e+01  -3.0000000e+00
   1.7200000e+02   9.5203900e+00   9.4674200e+00   2.2327200e+01   1.0000000e+00
   1.7300000e+02   1.0847900e+01   1.1125700e+01   2.2120400e+01   1.0000000e+00
   1.7400000e+02   4.7857700e+00  -2.5920600e+00   2.3204600e+01   1.0000000e+00
   1.7500000e+02   3.1358700e+00   1.5868600e+01   2.1882800e+01  -2.0000000e+00
   1.7600000e+02  -1.4335000e+01  -1.0731900e+01   5.0628200e+01  -2.0000000e+00
   1.7700000e+02   1.4971600e+01  -1.3049800e+01   2.2972100e+01  -1.0000000e+00
   1.7800000e+02   8.4536900e+00  -1.4293200e+01   4.0873100e+01  -2.0000000e+00
   1.7900000e+02   2.6665600e+00  -1.1522500e+01   4.1076800e+01  -3.0000000e+00
   1.8000000e+02   1.2695200e+01   1.7633500e+00   2.2287000e+01   1.0000000e+00
   1.8100000e+02   6.5020300e+00   2.5698200e+00   2.2431100e+01   1.0000000e+00
   1.8200000e+02   1.1103900e+01   5.6062900e+00   2.2143600e+01   1.0000000e+00
   1.8300000e+02   8.7285700e+00   1.1388500e+01   2.2047200e+01   1.0000000e+00
   1.8400000e+02  -6.8821300e+00   1.1821100e+01   2.1916200e+01   1.0000000e+00
   1.8500000e+02  -9.4643400e+00  -3.1030200e+00   5.1153500e+01   2.0000000e+00
   1.8600000e+02   4.1638900e+00   8.3578700e+00   2.2004200e+01   1.0000000e+00
   1.8700000e+02  -6.1376100e+00   4.1465500e+00   2.3972400e+01  -3.0000000e+00
   1.8800000e+02   7.7711300e+00   4.2466500e+00   2.2461400e+01   1.0000000e+00
   1.8900000e+02   2.6588400e+00  -2.3359300e+00   2.3912400e+01  -3.0000000e+00
   1.9000000e+02   1.7153200e+01  -4.2640700e+00   2.1521300e+01  -1.0000000e+00
   1.9100000e+02   1.8443100e+01   2.6813600e+00   1.9122800e+01  -1.0000000e+00
   1.9200000e+02  -1.0784000e+01  -1.1329800e+01   5.1485000e+01   2.0000000e+00
   1.9300000e+02  -1.4667400e+01  -1.2434900e+00   5.0287100e+01   2.0000000e+00
   1.9400000e+02   1.0536400e+01  -6.9930900e+00   2.2675200e+01   1.0000000e+00
   1.9500000e+02   8.1099400e+00  -1.2032900e+00   2.2482600e+01   1.0000000e+00
   1.9600000e+02   1.1067300e+00  -1.5217700e+01   2.2877400e+01  -2.0000000e+00
   1.9700000e+02   6.8600600e+00  -2.8537600e+00   2.2485800e+01   1.0000000e+00
   1.9800000e+02   1.1295100e+01  -8.9356000e+00   2.2092900e+01   1.0000000e+00
   1.9900000e+02   1.5077200e+00  -4.0342500e+00   3.1799500e+01  -3.0000000e+00
   2.0000000e+02   5.1743700e+00   1.5536400e+01   2.1506100e+01  -2.0000000e+00
   2.0100000e+02   1.6030600e+01   3.1592100e+00   2.1236400e+01  -2.0000000e+00
   2.0200000e+02  -1.3236700e+01   1.2958700e+01   1.9895900e+01  -1.0000000e+00
   2.0300000e+02  -4.5690200e-01  -3.4206100e+00   2.3214200e+01  -3.0000000e+00
   2.0400000e+02  -1.9873800e+00   9.2970300e+00   2.1878300e+01   1.0000000e+00
   2.0500000e+02  -1.0113600e+01   4.3088000e+00   4.9793000e+01   2.0000000e+00
   2.0600000e+02   1.7687500e+01  -6.7060900e-01   2.3142800e+01  -1.0000000e+00
   2.0700000e+02  -9.4043200e+00  -1.4660400e+01   3.9120000e+01  -2.0000000e+00
   2.0800000e+02   1.6004100e+01   8.5156900e+00   5.2642500e+00  -1.0000000e+00
   2.0900000e+02   2.2787400e+00  -5.9439400e+00   2.2361000e+01   1.0000000e+00
   2.1000000e+02   8.2566800e+00   7.8134500e+00   2.2212900e+01   1.0000000e+00
   2.1100000e+02  -1.7242400e+01  -6.1080500e+00   5.2467000e+01  -1.0000000e+00
   2.1200000e+02   5.9261900e+00   1.3602000e+01   2.1816300e+01   1.0000000e+00
   2.1300000e+02   1.3487200e+01  -1.3207700e-01   2.2711200e+01   1.0000000e+00
   2.1400000e+02  -2.0733600e+00  -2.1405800e+00   4.9834300e+01  -3.0000000e+00
   2.1500000e+02   1.2596000e+01  -7.2847100e+00   2.2161300e+01   1.0000000e+00
   2.1600000e+02   7.9678500e+00   1.3322600e+01   2.1718700e+01   1.0000000e+00
   2.1700000e+02   8.9153200e+00  -3.1387500e+00   2.2100900e+01   1.0000000e+00
   2.1800000e+02   1.0321000e+00   1.6098700e+01   2.2144200e+01  -2.0000000e+00
   2.1900000e+02  -1.2387400e+01   1.1045900e+01   4.1422100e+01  -2.0000000e+00
   2.2000000e+02   1.5897700e+01  -5.9095600e+00   2.2372500e+01  -2.0000000e+00
   2.2100000e+02   1.3664700e+01   8.9030700e+00   2.1458600e+01  -2.0000000e+00
   2.2200000e+02   6.4322900e+00  -1.3978000e+01   4.1737000e+01  -2.0000000e+00
   2.2300000e+02   8.7777400e+00  -1.2247100e+01   4.0283800e+01  -3.0000000e+00
   2.2400000e+02  -2.5076800e+00   5.7193000e+00   2.1850200e+01   1.0000000e+00
   2.2500000e+02   7.6289400e+00  -4.8219900e+00   2.2264800e+01   1.0000000e+00
   2.2600000e+02   4.3310100e+00  -6.1735600e+00   2.2455400e+01   1.0000000e+00
   2.2700000e+02  -1.4675600e+01  -1.2832000e+01   5.1803100e+01  -1.0000000e+00
   2.2800000e+02  -7.5310800e+00  -2.3623300e+00   5.1263500e+01   2.0000000e+00
   2.2900000e+02  -7.6401600e+00   1.3747800e+01   2.1051600e+01  -2.0000000e+00
   2.3000000e+02  -8.8104000e+00  -1.0534700e+01   5.1634500e+01   2.0000000e+00
   2.3100000e+02  -1.0320800e+01   1.0455200e+01   7.4552500e+00  -3.0000000e+00
   2.3200000e+02   9.2604000e+00  -8.6752400e+00   2.2356700e+01   1.0000000e+00
   2.3300000e+02   3.6583800e+00   4.8017700e+00   2.1871100e+01   1.0000000e+00
   2.3400000e+02   5.7165200e+00   4.5305900e+00   2.2271100e+01   1.0000000e+00
   2.3500000e+02  -1.0089500e+00   1.6411000e+01   3.3107900e+01  -2.0000000e+00
   2.3600000e+02   1.4760800e+01   1.4695600e+00   2.2921700e+01   1.0000000e+00
   2.3700000e+02  -5.6075200e+00  -1.6122000e+00   5.1632600e+01   2.0000000e+00
   2.3800000e+02   1.0635200e+00   1.5253600e+00   8.8256400e+00  -3.0000000e+00
   2.3900000e+02  -4.5517000e+00   6.0108200e+00   2.1570100e+01   1.0000000e+00
   2.4000000e+02  -1.1726900e+01  -5.9061900e+00   5.1221200e+01   2.0000000e+00
   2.4100000e+02   1.4640800e+01  -7.5653700e+00   2.2257900e+01  -2.0000000e+00
   2.4200000e+02   1.1336900e+01   1.4724000e+01   2.1907200e+01  -1.0000000e+00
   2.4300000e+02  -1.7464600e+00  -1.3105400e+01   3.5555900e+01  -3.0000000e+00
   2.4400000e+02  -3.6139800e+00  -7.6948700e-01   5.0363300e+01   2.0000000e+00
   2.4500000e+02  -8.1650100e+00   5.0164900e+00   4.4295300e+01  -3.0000000e+00
   2.4600000e+02   4.6909200e+00  -1.1837900e+01   4.1475300e+01  -3.0000000e+00
   2.4700000e+02   5.4381000e+00   1.0030700e+01   2.2183100e+01   1.0000000e+00
   2.4800000e+02   9.6772400e+00  -5.0625400e+00   2.2741400e+01   1.0000000e+00
   2.4900000e+02   1.0015500e+01  -1.0602000e+01   2.2541100e+01   1.0000000e+00
   2.5000000e+02  -5.5669700e+00  -1.3116800e+01   6.3785700e+01  -3.0000000e+00
   2.5100000e+02  -2.8602700e+00  -8.3249100e+00   6.4193500e+01  -3.0000000e+00
   2.5200000e+02   2.1357300e+00   8.6729100e+00   2.1885300e+01   1.0000000e+00
   2.5300000e+02  -9.6383600e+00   6.4726500e+00   5.0944900e+01  -3.0000000e+00
   2.5400000e+02  -6.8833900e+00  -9.7891200e+00   5.1555300e+01   2.0000000e+00
   2.5500000e+02  -8.4173300e+00   1.5767200e+01   2.0487400e+01  -1.0000000e+00
   2.5600000e+02  -1.1422100e+01  -3.8532400e+00   5.1178400e+01   2.0000000e+00
   2.5700000e+02   1.3047600e+01  -3.6893300e+00   2.2275500e+01   1.0000000e+00
   2.5800000e+02  -1.0106200e+01  -7.2081100e+00   5.1297100e+01   2.0000000e+00
   2.5900000e+02  -3.2833500e+00   7.6383400e+00   2.1657400e+01   1.0000000e+00
   2.6000000e+02  -1.2354700e+01  -1.0000500e+01   5.0343000e+01   2.0000000e+00
   2.6100000e+02  -1.5930600e+01   2.1193700e+00   5.0044900e+01  -2.0000000e+00
   2.6200000e+02   1.6221600e+00   5.1143900e+00   2.1570400e+01   1.0000000e+00
   2.6300000e+02   6.2775500e-01  -1.1298200e+01   4.1801300e+01  -3.0000000e+00
   2.6400000e+02  -5.3499100e+00   7.9735500e+00   2.2125300e+01   1.0000000e+00
   2.6500000e+02  -4.3108300e+00  -4.9419600e+00   5.0764100e+01   2.0000000e+00
   2.6600000e+02   4.6413600e+00   1.1966800e+01   2.2294600e+01   1.0000000e+00
   2.6700000e+02   1.0938300e+01  -3.4316000e+00   2.2359800e+01   1.0000000e+00
   2.6800000e+02   9.0357400e+00   5.8815300e+00   2.2254300e+01   1.0000000e+00
   2.6900000e+02   7.9655500e+00  -1.0302100e+01   2.2447700e+01   1.0000000e+00
   2.7000000e+02   1.0532700e+01  -1.4547900e+01   6.0306800e+01  -1.0000000e+00
   2.7100000e+02  -8.4953300e+00  -8.4976400e+00   5.1394400e+01   2.0000000e+00
   2.7200000e+02  -4.2355100e+00  -1.6498200e+01   2.5124900e+01  -2.0000000e+00
   2.7300000e+02  -9.8468500e-01   1.9015700e+00   4.1181800e+01  -3.0000000e+00
   2.7400000e+02   1.6644500e+01   6.5382200e+00   4.1177900e+00  -1.0000000e+00
   2.7500000e+02   3.5633300e+00  -4.2502100e+00   2.3318900e+01   1.0000000e+00
   2.7600000e+02  -1.1358600e+01   7.6920500e+00   3.9790800e+01  -3.0000000e+00
   2.7700000e+02   1.1893600e+01   3.6531900e+00   2.2182000e+01   1.0000000e+00
   2.7800000e+02   1.3388200e+01   1.4407900e+01   2.2145900e+01  -1.0000000e+00
   2.7900000e+02   1.4122700e+01  -1.1122300e+01   2.3003600e+01  -2.0000000e+00
   2.8000000e+02   7.2569300e+00  -1.6039600e+01   2.3971000e+01  -1.0000000e+00
   2.8100000e+02   1.2598600e+01  -1.4814100e+01   6.7273200e+01  -1.0000000e+00
   2.8200000e+02   8.5739400e+00   2.3448400e+00   2.2605000e+01   1.0000000e+00
   2.8300000e+02  -3.0991600e+00   1.6858400e+01   2.1685800e+01  -1.0000000e+00
   2.8400000e+02  -1.3026800e+01  -2.5682500e+00   5.0881000e+01   2.0000000e+00
   2.8500000e+02  -1.0456900e+01   2.2776100e+00   5.0907400e+01   2.0000000e+00
   2.8600000e+02   9.2903300e+00   1.5000300e+01   9.7590200e+00  -2.0000000e+00
   2.8700000e+02  -8.1890400e+00  -6.4643700e+00   5.1399600e+01   2.0000000e+00
   2.8800000e+02  -1.5047600e+01  -3.2802300e+00   5.1049900e+01   2.0000000e+00
   2.8900000e+02  -1.4165600e+00  -1.1073600e+01   5.7812800e+01  -3.0000000e+00
   2.9000000e+02   5.1537900e-02   8.9543700e+00   2.1807000e+01   1.0000000e+00
   2.9100000e+02  -6.5680300e+00  -7.7377700e+00   5.1521700e+01   2.0000000e+00
   2.9200000e+02  -3.4650500e+00  -1.8533300e+01   2.4594100e+01  -1.0000000e+00
   2.9300000e+02   2.3602800e+00  -1.3550300e+01   3.9900900e+01  -3.0000000e+00
   2.9400000e+02   4.9303700e+00   6.4313700e+00   2.2276900e+01   1.0000000e+00
   2.9500000e+02  -1.8238400e+01  -5.7024800e-01   6.4384100e+01  -1.0000000e+00
   2.9600000e+02  -2.3811900e+00  -4.2224800e+00   6.3093000e+01  -3.0000000e+00
   2.9700000e+02  -1.3006900e+01  -1.4115800e+01   3.6675900e+01  -1.0000000e+00
   2.9800000e+02  -2.7244300e+00  -6.2579700e+00   5.2729700e+01  -3.0000000e+00
   2.9900000e+02  -3.3247000e+00  -1.0330400e+01   5.3583500e+01  -3.0000000e+00
