   0.0000000e+00  -1.6597500e+01  -3.3776600e-01   5.6754500e+01  -1.0000000e+00
   1.0000000e+00  -2.1504400e+00   7.8525100e+00   4.0670000e+01   1.0000000e+00
   2.0000000e+00   3.2290300e+00  -3.9217000e+00   3.9868400e+01   1.0000000e+00
   3.0000000e+00  -1.6608800e+01  -5.8191100e+00   4.2139500e+01  -1.0000000e+00
   4.0000000e+00   5.9123700e+00  -1.2606100e+01   4.1921600e+01   1.0000000e+00
   5.0000000e+00  -1.4776800e+00   4.3460900e+00   4.1085700e+01   1.0000000e+00
   6.0000000e+00   5.8825200e+00  -7.0874900e+00   4.0478900e+01  -3.0000000e+00
   7.0000000e+00  -1.0308800e+01   8.1672800e-01   4.0394100e+01   1.0000000e+00
   8.0000000e+00  -5.5225900e+00   9.0573600e+00   4.0609000e+01   1.0000000e+00
   9.0000000e+00  -1.3109100e+01  -1.2474300e+01   4.0459400e+01  -2.0000000e+00
   1.0000000e+01   6.6334400e+00  -1.6242700e+01   4.1013900e+01  -1.0000000e+00
   1.1000000e+01  -1.3812800e+01  -1.4511300e+01   4.0565000e+01  -1.0000000e+00
   1.2000000e+01  -6.1592000e+00   1.2565600e+01   4.0975200e+01   1.0000000e+00
   1.3000000e+01   7.2194000e+00  -8.6562200e+00   3.4073800e+01  -3.0000000e+00
   1.4000000e+01  -2.8296300e+00   1.7024000e+01   3.5645600e+01  -2.0000000e+00
   1.5000000e+01   3.3154100e+00   1.5891600e+00   4.1807600e+01   1.0000000e+00
   1.6000000e+01  -7.5560900e+00   8.6557400e+00   4.0974600e+01   1.0000000e+00
   1.7000000e+01  -4.1714500e+00   7.4839300e+00   4.0513200e+01   1.0000000e+00
   1.8000000e+01  -5.6430900e+00  -7.4068500e+00   4.0570900e+01   1.0000000e+00
   1.9000000e+01   1.1676400e+00  -1.5395300e+01   4.0370300e+01   1.0000000e+00
   2.0000000e+01   1.2183100e+01   6.0238400e-01   1.4576100e+01   2.0000000e+00
   2.1000000e+01  -7.0086400e+00  -1.1325700e+01   4.0961200e+01   1.0000000e+00
   2.2000000e+01   3.8532700e+00  -7.4540500e+00   4.0493300e+01   1.0000000e+00
   2.3000000e+01  -1.3003500e+01   3.9683100e+00   4.0775000e+01   1.0000000e+00
   2.4000000e+01   7.7949900e+00   1.1452400e+01   1.2530200e+01   2.0000000e+00
   2.5000000e+01  -7.6669700e-01   8.1213800e-01   4.0496900e+01   1.0000000e+00
   2.6000000e+01   1.5682300e+01  -1.1421100e+01   1.5034400e+01  -1.0000000e+00
   2.7000000e+01   4.9891100e-01  -6.2716400e+00   4.0624400e+01   1.0000000e+00
   2.8000000e+01   1.5394600e+01  -3.9269600e+00   1.5792500e+01  -2.0000000e+00
   2.9000000e+01  -1.9829700e-01  -1.3726300e+01   4.0586600e+01   1.0000000e+00
   3.0000000e+01   1.4208000e+01   7.5412700e+00   1.3965500e+01  -2.0000000e+00
   3.1000000e+01  -9.0349600e+00  -6.2223100e+00   4.0232600e+01   1.0000000e+00
   3.2000000e+01   4.7777600e-01  -1.7380100e+01   5.1939900e+01  -2.0000000e+00
   3.3000000e+01  -8.3333300e+00  -4.2662400e+00   4.0317400e+01   1.0000000e+00
   3.4000000e+01   1.5273300e+01   1.1048700e+01   1.3867600e+01  -1.0000000e+00
   3.5000000e+01   3.8752200e-02   1.6858000e+01   2.7402300e+01  -1.0000000e+00
   3.6000000e+01  -6.8866000e+00   5.1321500e+00   4.0576100e+01   1.0000000e+00
   3.7000000e+01  -1.5136900e+01  -1.8908900e+00   4.1333400e+01  -2.0000000e+00
   3.8000000e+01  -1.3307900e+00   1.8423000e+01   2.7108800e+01  -1.0000000e+00
   3.9000000e+01  -1.0935000e+01   4.3656000e+00   4.0533100e+01   1.0000000e+00
   4.0000000e+01   1.4819600e+01  -1.9194100e+00   1.5362800e+01   2.0000000e+00
   4.1000000e+01   1.1304600e+01   1.2210200e+01   1.2009200e+01  -2.0000000e+00
   4.2000000e+01  -1.5876400e+01  -3.8166500e+00   4.1032600e+01  -2.0000000e+00
   4.3000000e+01   9.2274600e+00   5.2846400e+00   1.3166300e+01   2.0000000e+00
   4.4000000e+01   4.2980100e+00   1.0645100e+01   1.2676300e+01   2.0000000e+00
   4.5000000e+01  -2.8899100e+00  -5.0741900e+00   4.0633700e+01   1.0000000e+00
   4.6000000e+01   8.7485600e+00   7.3504900e+00   1.2901200e+01   2.0000000e+00
   4.7000000e+01  -1.5077900e+01   3.5367700e+00   3.9317600e+01  -2.0000000e+00
   4.8000000e+01   5.2088200e+00   6.5197900e+00   1.3179700e+00  -3.0000000e+00
   4.9000000e+01  -1.0404300e+01  -4.6340900e+00   4.0353700e+01   1.0000000e+00
   5.0000000e+01   9.7856200e+00   1.0825600e+01   1.2279900e+01   2.0000000e+00
   5.1000000e+01   6.7417600e+00   7.9887200e+00   1.3021500e+01   2.0000000e+00
   5.2000000e+01  -8.7187200e-01  -1.5676900e+01   4.0329600e+01   1.0000000e+00
   5.3000000e+01   5.3508400e+00   1.4120400e+01   1.3108200e+01  -2.0000000e+00
   5.4000000e+01   1.6277000e+01  -4.7299000e-01   1.4591800e+01  -2.0000000e+00
   5.5000000e+01  -8.2701900e+00   1.2278000e+00   4.0568100e+01   1.0000000e+00
   5.6000000e+01   1.1617000e+00  -4.2882400e+00   4.0354300e+01   1.0000000e+00
   5.7000000e+01  -6.9925000e+00  -5.8593300e+00   4.0355200e+01   1.0000000e+00
   5.8000000e+01  -1.4803000e+00   1.5448000e+01   3.5786700e+01  -2.0000000e+00
   5.9000000e+01  -7.5726000e+00   3.1652600e+00   4.0698300e+01   1.0000000e+00
   6.0000000e+01  -4.2187300e+00   1.8592100e+01   4.2203700e+01  -1.0000000e+00
   6.1000000e+01  -1.1084100e+01  -6.5991700e+00   4.0500400e+01   1.0000000e+00
   6.2000000e+01   2.3446100e+00   1.1275700e+01   1.0228400e+01  -3.0000000e+00
   6.3000000e+01   7.7375900e+00   3.8600100e+00   9.1046400e-01  -3.0000000e+00
   6.4000000e+01   7.3517800e+00  -1.4174500e+01   4.2337900e+01  -2.0000000e+00
   6.5000000e+01  -3.4839800e+00   1.5014300e+01   4.2015200e+01   1.0000000e+00
   6.6000000e+01   1.0890300e+01   1.4261800e+01   1.1394600e+01  -1.0000000e+00
   6.7000000e+01   4.7669700e+00   8.6080700e+00   1.2625500e+01   2.0000000e+00
   6.8000000e+01   5.6450600e-01  -7.6944300e-01   4.0324200e+01   1.0000000e+00
   6.9000000e+01   1.1206200e+01   4.6995600e+00   1.4149100e+01   2.0000000e+00
   7.0000000e+01  -1.5688000e+01   7.0983800e+00   4.2151300e+01  -2.0000000e+00
   7.1000000e+01   3.9020900e+00  -1.3007500e+01   4.1368400e+01   1.0000000e+00
   7.2000000e+01   1.6582600e+01  -7.9756600e+00   3.0548200e+01  -1.0000000e+00
   7.3000000e+01   1.4024200e+00   1.5292400e+01   1.9271700e+01  -2.0000000e+00
   7.4000000e+01   1.0703400e+01  -8.3849500e-01   1.5615600e+01   2.0000000e+00
   7.5000000e+01  -1.4998000e+01   9.0511500e+00   4.1742500e+01  -2.0000000e+00
   7.6000000e+01  -1.7139500e+01   8.6035600e+00   5.6717500e+01  -1.0000000e+00
   7.7000000e+01  -1.7281200e+01   3.2413900e+00   3.7175000e+01  -1.0000000e+00
   7.8000000e+01   1.1523800e+00  -9.8012100e+00   4.0309900e+01   1.0000000e+00
   7.9000000e+01   5.7841800e+00   4.4990600e+00   4.2215500e+01  -3.0000000e+00
   8.0000000e+01   1.1629800e+01  -1.0468700e+01   1.2460400e+01  -3.0000000e+00
   8.1000000e+01  -9.6846700e+00  -1.3664800e+01   4.0630000e+01  -2.0000000e+00
   8.2000000e+01  -1.6343900e+01   5.1531700e+00   4.0676600e+01  -2.0000000e+00
   8.3000000e+01  -9.7367700e+00  -8.1508500e+00   4.0444500e+01   1.0000000e+00
   8.4000000e+01  -1.4484800e+01   1.2266500e-01   4.0805800e+01  -2.0000000e+00
   8.5000000e+01   3.8534200e+00   1.2667600e+01   1.3178300e+01   2.0000000e+00
   8.6000000e+01   1.5737900e+01   1.5283800e+00   1.3965500e+01  -2.0000000e+00
   8.7000000e+01   9.9627200e+00  -1.1703400e+01   3.8935800e+01  -3.0000000e+00
   8.8000000e+01  -6.7595600e-01   1.1829800e+01   4.0543300e+01  -3.0000000e+00
   8.9000000e+01  -1.4534500e+00   9.8553400e+00   3.9911000e+01   1.0000000e+00
   9.0000000e+01   7.3816100e+00  -3.2153300e+00   4.2189300e+01  -3.0000000e+00
   9.1000000e+01   5.8361200e+00   1.2096200e+01   1.2903300e+01   2.0000000e+00
   9.2000000e+01   1.3912100e+01  -5.4419600e+00   1.5579900e+01   2.0000000e+00
   9.3000000e+01   1.1743000e+01   1.0183000e+01   1.2694100e+01   2.0000000e+00
   9.4000000e+01   2.7591100e+00   9.2257100e+00  -6.6329900e-01  -3.0000000e+00
   9.5000000e+01  -1.5135500e+01  -1.2809800e+01   3.9433700e+01  -1.0000000e+00
   9.6000000e+01  -2.1125000e+00   1.3453500e+01   4.1943300e+01   1.0000000e+00
   9.7000000e+01   1.3089900e+01  -8.9361900e+00   1.6548400e+01   2.0000000e+00
   9.8000000e+01  -1.2287600e+01   1.1421900e+01   4.1129300e+01  -2.0000000e+00
   9.9000000e+01   1.3734900e+01   9.5696600e+00   1.3574100e+01  -2.0000000e+00
   1.0000000e+02   3.9581500e+00   3.5679900e+00   3.2745800e+01  -3.0000000e+00
   1.0100000e+02   1.1272600e+01  -2.8245100e+00   1.5736300e+01   2.0000000e+00
   1.0200000e+02   1.3740200e+01   2.1003400e+00   1.3910800e+01   2.0000000e+00
   1.0300000e+02  -1.0993800e-01   1.3864100e+01   4.2756400e+01  -3.0000000e+00
   1.0400000e+02  -3.5153500e+00   3.9386200e+00   4.0868800e+01   1.0000000e+00
   1.0500000e+02   1.9236900e+00   3.1842600e+00   4.1054000e+01   1.0000000e+00
   1.0600000e+02  -8.8994300e+00   1.0216900e+01   4.0689100e+01   1.0000000e+00
   1.0700000e+02  -6.3502300e+00  -9.3680400e+00   4.0836100e+01   1.0000000e+00
   1.0800000e+02   1.2785600e+01  -1.3744400e+00   1.5472900e+01   2.0000000e+00
   1.0900000e+02   3.2365700e+00  -1.4953800e+01   4.0572900e+01   1.0000000e+00
   1.1000000e+02   7.2374800e+00   5.9559000e+00   1.3454200e+01   2.0000000e+00
   1.1100000e+02  -9.6409500e+00   1.3801900e+01   4.0581200e+01  -2.0000000e+00
   1.1200000e+02  -6.1936900e+00   7.0995800e+00   4.0828100e+01   1.0000000e+00
   1.1300000e+02   3.2465400e+00   7.2144600e+00   3.6975800e+01  -3.0000000e+00
   1.1400000e+02   2.8702500e+00   1.6739200e+01   5.8577800e+00  -1.0000000e+00
   1.1500000e+02   1.0732500e+01   6.7077300e+00   1.3177500e+01   2.0000000e+00
   1.1600000e+02  -4.9575300e+00  -1.0975600e+01   4.1187500e+01   1.0000000e+00
   1.1700000e+02   4.6276300e-01  -1.1773600e+01   4.0408100e+01   1.0000000e+00
   1.1800000e+02   5.9983600e-01   1.0185200e+01   3.6893100e+01  -3.0000000e+00
   1.1900000e+02  -8.8598600e+00   1.5751400e+01   3.9201400e+01  -1.0000000e+00
   1.2000000e+02  -1.7304600e+01  -2.3176100e+00   4.1699000e+01  -1.0000000e+00
   1.2100000e+02   7.9631600e+00  -1.2182300e+01   4.1983600e+01   1.0000000e+00
   1.2200000e+02   6.1357500e+00  -1.5668200e+00   4.0220500e+01  -3.0000000e+00
   1.2300000e+02  -2.1541800e+00  -3.0956200e+00   4.0789300e+01   1.0000000e+00
   1.2400000e+02  -1.1076300e+01  -1.2084600e+01   4.0998300e+01   1.0000000e+00
   1.2500000e+02  -1.0266300e+01   6.3232700e+00   4.0650200e+01   1.0000000e+00
   1.2600000e+02  -1.1856600e-01   8.2647900e+00   4.0567700e+01  -3.0000000e+00
   1.2700000e+02   1.8382000e+01  -1.0529500e+00   1.4454100e+01  -1.0000000e+00
   1.2800000e+02  -6.3004100e+00  -1.4894500e+01   3.9625700e+01  -2.0000000e+00
   1.2900000e+02  -1.0261000e+01   1.1803200e+01   4.1337700e+01   1.0000000e+00
   1.3000000e+02  -1.6467600e+01   1.0556000e+01   4.2776800e+01  -1.0000000e+00
   1.3100000e+02   8.7841500e+00  -1.5670100e+01   4.2873500e+01  -1.0000000e+00
   1.3200000e+02   8.2099800e+00   1.8257200e+00   1.2097800e+01  -3.0000000e+00
   1.3300000e+02   1.3373000e+01  -3.3950600e+00   1.5173900e+01   2.0000000e+00
   1.3400000e+02  -7.7111500e+00  -7.8078000e+00   4.0396000e+01   1.0000000e+00
   1.3500000e+02  -1.5173600e+01  -7.3009700e+00   4.0716000e+01  -2.0000000e+00
   1.3600000e+02   1.2399300e+00   6.6973700e+00   3.0158800e+01  -3.0000000e+00
   1.3700000e+02  -1.4491100e+01  -5.3525400e+00   4.0829000e+01  -2.0000000e+00
   1.3800000e+02   1.1424700e+01  -1.4591900e+01   5.6487100e+01  -1.0000000e+00
   1.3900000e+02   1.0240200e+01   8.7818200e+00   1.2917300e+01   2.0000000e+00
   1.4000000e+02  -1.0404700e+01  -1.0124900e+01   4.0838700e+01   1.0000000e+00
   1.4100000e+02  -1.0922700e+01   9.8452300e+00   4.0847000e+01   1.0000000e+00
   1.4200000e+02   1.9134100e+00  -2.3270000e+00   3.9815400e+01   1.0000000e+00
   1.4300000e+02   8.9677100e+00   1.4978200e+01   1.0839200e+01  -1.0000000e+00
   1.4400000e+02  -1.2347300e+01   4.3866700e-01   3.9829700e+01   1.0000000e+00
   1.4500000e+02  -6.2202200e+00   1.6054800e+00   4.0568700e+01   1.0000000e+00
   1.4600000e+02  -7.6338500e+00  -1.3314800e+01   4.0739300e+01   1.0000000e+00
   1.4700000e+02   8.6340300e+00  -3.8181400e-01   1.5815100e+00  -3.0000000e+00
   1.4800000e+02  -1.3677300e+01   2.0192000e+00   4.0256300e+01   1.0000000e+00
   1.4900000e+02  -1.3625700e+01   7.4945500e+00   4.0769000e+01   1.0000000e+00
   1.5000000e+02  -4.8482400e+00   5.5117300e+00   4.0539200e+01   1.0000000e+00
   1.5100000e+02  -8.3263500e+00  -1.5248800e+01   2.6667500e+01  -2.0000000e+00
   1.5200000e+02   3.9549800e+00  -1.9706800e+00   3.9800200e+01   1.0000000e+00
   1.5300000e+02   4.6819700e+00   1.3761100e-02   4.1090600e+01   1.0000000e+00
   1.5400000e+02   2.4960600e+00  -1.6970900e+01   2.8319300e+01  -2.0000000e+00
   1.5500000e+02  -1.3129000e+01  -6.9549600e+00   4.0165500e+01   1.0000000e+00
   1.5600000e+02  -5.5987000e+00  -1.9470200e+00   4.0308100e+01   1.0000000e+00
   1.5700000e+02   1.5196800e+00   1.8313100e+01   2.7564100e+01  -1.0000000e+00
   1.5800000e+02  -1.2297600e+01   5.9186800e+00   4.0594700e+01   1.0000000e+00
   1.5900000e+02   6.6980300e+00   4.3210200e-01   4.0604600e+01  -3.0000000e+00
   1.6000000e+02   5.4169400e+00   2.1232000e+00   4.3736700e+01  -3.0000000e+00
   1.6100000e+02  -3.5898400e+00  -1.2530600e+01   4.1096700e+01   1.0000000e+00
   1.6200000e+02   1.0516100e+01  -6.3487600e+00   1.6593000e+01  -3.0000000e+00
   1.6300000e+02  -1.4333600e+01   1.1048800e+01   5.3734600e+01  -2.0000000e+00
   1.6400000e+02   1.4251300e+01   1.0809000e-01   1.4937000e+01   2.0000000e+00
   1.6500000e+02  -4.9330400e+00  -5.4651400e+00   4.0780300e+01   1.0000000e+00
   1.6600000e+02   4.5370000e+00  -1.1041900e+01   4.1216300e+01   1.0000000e+00
   1.6700000e+02  -4.2977300e+00  -8.9824800e+00   4.0728300e+01   1.0000000e+00
   1.6800000e+02  -9.0525200e+00  -1.1693600e+01   4.1023000e+01   1.0000000e+00
   1.6900000e+02   1.3645400e+01  -1.0927100e+01   1.4206300e+01  -2.0000000e+00
   1.7000000e+02  -3.5343800e+00  -1.5600100e+00   4.0905300e+01   1.0000000e+00
   1.7100000e+02  -1.1646900e+01   2.4135900e+00   4.0428600e+01   1.0000000e+00
   1.7200000e+02   6.5724200e+00  -5.1530300e+00   4.5012400e+01  -3.0000000e+00
   1.7300000e+02   1.2247200e+01   8.1429300e+00   1.3254100e+01   2.0000000e+00
   1.7400000e+02  -1.3066900e+01  -1.4878300e+00   4.0133000e+01   1.0000000e+00
   1.7500000e+02   5.3356300e+00  -1.4589700e+01   4.0795200e+01  -2.0000000e+00
   1.7600000e+02  -2.2408600e+00  -8.5917600e+00   4.0320100e+01   1.0000000e+00
   1.7700000e+02  -1.4330600e+01   5.5562300e+00   4.0396700e+01   1.0000000e+00
   1.7800000e+02   1.7791400e+01   9.4755100e-01  -8.7722600e-02  -1.0000000e+00
   1.7900000e+02  -8.5224900e-01  -4.6958100e+00   4.0431300e+01   1.0000000e+00
   1.8000000e+02  -6.8384100e+00   1.6090800e+01   5.4189400e+01  -2.0000000e+00
   1.8100000e+02   6.2891400e+00   1.0019800e+01   1.2767400e+01   2.0000000e+00
   1.8200000e+02   1.2705200e+00   1.1823300e+00   4.1016300e+01   1.0000000e+00
   1.8300000e+02   1.3286700e+01   1.1591300e+01   7.8581700e-01  -2.0000000e+00
   1.8400000e+02  -8.3784900e+00  -9.7547100e+00   4.0734400e+01   1.0000000e+00
   1.8500000e+02   1.6842700e+01  -2.4545500e+00   1.4997500e+01  -2.0000000e+00
   1.8600000e+02  -4.1159300e+00   1.2998600e+01   4.1847200e+01   1.0000000e+00
   1.8700000e+02  -9.6802800e+00  -2.7165500e+00   4.0372200e+01   1.0000000e+00
   1.8800000e+02   1.8009900e+01  -6.4665900e+00   1.6000400e+01  -1.0000000e+00
   1.8900000e+02  -4.7878400e+00   1.1039400e+01   4.0892400e+01   1.0000000e+00
   1.9000000e+02   1.7230800e+01   2.9252200e+00   1.3049200e+01  -2.0000000e+00
   1.9100000e+02   9.5010000e+00  -1.3706000e+01   4.7960200e+01  -2.0000000e+00
   1.9200000e+02   1.4513000e+01  -7.4312500e+00   1.6143500e+01  -2.0000000e+00
   1.9300000e+02  -1.2449000e+01  -5.0021900e+00   4.0253500e+01   1.0000000e+00
   1.9400000e+02   9.3613300e+00   1.2890200e+01   1.1764100e+01  -2.0000000e+00
   1.9500000e+02   2.5248900e+00  -5.8632900e+00   4.0514700e+01   1.0000000e+00
   1.9600000e+02   3.1902800e+00  -9.4512100e+00   4.0556300e+01   1.0000000e+00
   1.9700000e+02  -1.0412200e+01  -1.5622300e+01   4.0044500e+01  -1.0000000e+00
   1.9800000e+02   1.8869800e+00   1.3273200e+01   1.3899900e+00  -3.0000000e+00
   1.9900000e+02  -1.3679400e-01  -2.6963500e+00   4.0283000e+01   1.0000000e+00
   2.0000000e+02  -6.2936100e+00  -3.9084600e+00   4.0477300e+01   1.0000000e+00
   2.0100000e+02  -1.0948500e+01   1.5419300e+01   3.9397100e+01  -1.0000000e+00
   2.0200000e+02  -1.2959200e+01   9.4396100e+00   4.1008000e+01   1.0000000e+00
   2.0300000e+02   1.5247000e+01   3.5425600e+00   1.3854200e+01   2.0000000e+00
   2.0400000e+02   7.3608500e+00   1.3496600e+01   1.2075800e+01  -2.0000000e+00
   2.0500000e+02   1.4738200e+01   5.5588300e+00   1.4466000e+01   2.0000000e+00
   2.0600000e+02   8.4783100e+00  -5.9062700e+00   1.6048200e+01  -3.0000000e+00
   2.0700000e+02   1.8219300e+00  -1.3375800e+01   4.0777200e+01   1.0000000e+00
   2.0800000e+02  -1.5354400e+00  -6.6329200e+00   4.0352700e+01   1.0000000e+00
   2.0900000e+02  -1.1753200e+01  -3.0738700e+00   3.9885800e+01   1.0000000e+00
   2.1000000e+02  -8.2148700e+00   6.7047800e+00   4.0734300e+01   1.0000000e+00
   2.1100000e+02   1.6193300e+01   6.9958600e+00   2.5594800e+00  -2.0000000e+00
   2.1200000e+02   9.7381600e+00   3.2275500e+00   1.3451500e+01   2.0000000e+00
   2.1300000e+02  -8.9221000e+00   4.7348800e+00   4.0506100e+01   1.0000000e+00
   2.1400000e+02   1.0187800e+01   1.1579500e+00   1.3474200e+01   2.0000000e+00
   2.1500000e+02   4.5493000e+00  -5.5072800e+00   3.9954900e+01   1.0000000e+00
   2.1600000e+02  -9.1077300e-02   2.7629700e+00   4.1070200e+01   1.0000000e+00
   2.1700000e+02   1.1876400e+01  -1.2520600e+01   2.9948000e+01  -2.0000000e+00
   2.1800000e+02   2.6576300e+00   5.1884600e+00   4.1528500e+01  -3.0000000e+00
   2.1900000e+02  -4.2737200e+00  -1.4509800e+01   4.0258500e+01   1.0000000e+00
   2.2000000e+02  -1.1774900e+01  -8.5291700e+00   4.0573200e+01   1.0000000e+00
   2.2100000e+02  -1.7896000e+01   6.5144700e+00   4.4551200e+01  -1.0000000e+00
   2.2200000e+02  -1.3844100e+01  -8.8830700e+00   4.0466000e+01  -2.0000000e+00
   2.2300000e+02   9.1323700e+00  -7.8637400e+00   4.2906100e+01  -3.0000000e+00
   2.2400000e+02  -5.6147500e+00  -1.2939000e+01   4.0905000e+01   1.0000000e+00
   2.2500000e+02  -7.1656800e+00  -1.7081200e+01   3.8377000e+01  -1.0000000e+00
   2.2600000e+02  -1.5620800e+00  -1.7654800e+01   2.8256300e+01  -2.0000000e+00
   2.2700000e+02  -3.5848300e+00  -7.0146900e+00   4.0530800e+01   1.0000000e+00
   2.2800000e+02  -4.1952400e+00   1.9899600e+00   4.0694100e+01   1.0000000e+00
   2.2900000e+02  -4.8587600e+00   1.6624800e+01   4.2698600e+01  -2.0000000e+00
   2.3000000e+02   9.2513200e+00  -2.3348500e+00   1.2341200e+01  -3.0000000e+00
   2.3100000e+02  -1.4888900e+00  -1.1285100e+00   4.0865400e+01   1.0000000e+00
   2.3200000e+02  -1.3777900e+01  -3.4240700e+00   4.0267600e+01   1.0000000e+00
   2.3300000e+02   1.6707500e+01   5.0088500e+00   1.3785300e+01  -2.0000000e+00
   2.3400000e+02  -2.1283400e-01  -8.2239200e+00   4.0229100e+01   1.0000000e+00
   2.3500000e+02   3.8365000e+00  -1.8548300e+01   3.9843100e+01  -1.0000000e+00
   2.3600000e+02  -2.9505000e+00  -1.0548000e+01   4.1103000e+01   1.0000000e+00
   2.3700000e+02  -7.6443500e+00  -2.3169100e+00   4.0533000e+01   1.0000000e+00
   2.3800000e+02   2.5086100e+00  -1.1431300e+01   4.0526300e+01   1.0000000e+00
   2.3900000e+02  -1.2437200e+01  -1.0515500e+01   4.0743600e+01   1.0000000e+00
   2.4000000e+02   8.9024500e+00  -9.9242100e+00   4.7510100e+01  -3.0000000e+00
   2.4100000e+02  -9.6196800e+00   2.7737000e+00   4.0434700e+01   1.0000000e+00
   2.4200000e+02  -1.1016800e+01  -1.1473800e+00   3.9962600e+01   1.0000000e+00
   2.4300000e+02  -9.0912200e-01  -1.0168200e+01   4.0536500e+01   1.0000000e+00
   2.4400000e+02  -5.4800100e+00   1.4534000e+01   4.1802200e+01   1.0000000e+00
   2.4500000e+02   5.7122400e-01   4.7450300e+00   4.1327000e+01   1.0000000e+00
   2.4600000e+02  -2.8239000e+00   5.8924000e+00   4.0797500e+01   1.0000000e+00
   2.4700000e+02   4.5665900e+00  -1.6613200e+01   5.1439100e+01  -2.0000000e+00
   2.4800000e+02  -3.4577300e+00   9.4464300e+00   4.0377200e+01   1.0000000e+00
   2.4900000e+02  -7.5274400e+00   1.4167700e+01   4.0401900e+01  -2.0000000e+00
   2.5000000e+02  -2.7629100e+00   1.1444700e+01   4.0865200e+01   1.0000000e+00
   2.5100000e+02  -6.2947100e+00   1.8109100e+01   4.4023800e+01  -1.0000000e+00
   2.5200000e+02  -1.5639600e+00  -1.2134700e+01   4.0946700e+01   1.0000000e+00
   2.5300000e+02   1.1085500e+01  -8.4860600e+00   1.3553800e+01  -3.0000000e+00
   2.5400000e+02   1.1768600e+01   2.6624000e+00   1.3886800e+01   2.0000000e+00
   2.5500000e+02  -1.5926200e+01   1.6269000e+00   4.0172900e+01  -2.0000000e+00
   2.5600000e+02  -8.9938700e+00  -7.6602600e-01   4.0543800e+01   1.0000000e+00
   2.5700000e+02   1.8822500e+01   4.2378500e+00   1.1421200e+01  -1.0000000e+00
   2.5800000e+02  -1.1756900e+01  -1.4040700e+01   2.9032700e+01  -2.0000000e+00
   2.5900000e+02  -4.2624100e+00  -3.5262000e+00   4.0767100e+01   1.0000000e+00
   2.6000000e+02   7.0029200e+00   1.5676300e+01   1.2526700e+01  -1.0000000e+00
   2.6100000e+02   6.5994900e+00  -1.0621200e+01   4.2520300e+01   1.0000000e+00
   2.6200000e+02   1.7412500e+01  -4.4317900e+00   1.1748100e+00  -1.0000000e+00
   2.6300000e+02  -1.5916300e+01  -9.2517300e+00   4.0548900e+01  -1.0000000e+00
   2.6400000e+02  -1.3720900e+01   1.3082000e+01   4.0905200e+01  -1.0000000e+00
   2.6500000e+02   1.2487100e+01  -6.9290000e+00   1.6031200e+01   2.0000000e+00
   2.6600000e+02   1.2861800e+01   1.3647800e+01   1.2362800e+01  -1.0000000e+00
   2.6700000e+02  -5.0276700e+00  -1.6533500e+01   2.9080800e+01  -2.0000000e+00
   2.6800000e+02   9.8430900e+00  -4.3064800e+00   1.7219600e+01  -3.0000000e+00
   2.6900000e+02   3.3779700e+00   1.4720700e+01   1.3522800e+01  -2.0000000e+00
   2.7000000e+02  -4.8887200e+00   3.5158000e-02   4.0437400e+01   1.0000000e+00
   2.7100000e+02   4.9215300e+00   1.6154600e+01   1.3989500e+01  -1.0000000e+00
   2.7200000e+02   1.3260900e+01   4.1235500e+00   1.4190100e+01   2.0000000e+00
   2.7300000e+02  -2.2496200e+00  -1.4143700e+01   4.0870200e+01   1.0000000e+00
   2.7400000e+02  -2.8551600e+00   4.0572400e-01   4.0753000e+01   1.0000000e+00
   2.7500000e+02  -3.6211800e+00  -1.8073200e+01   4.1590000e+01  -1.0000000e+00
   2.7600000e+02  -5.5453500e+00   3.5511100e+00   4.0673900e+01   1.0000000e+00
   2.7700000e+02   1.2717800e+01   6.1211200e+00   1.3860400e+01   2.0000000e+00
   2.7800000e+02  -2.9437100e+00  -1.6119800e+01   4.1060600e+01  -2.0000000e+00
   2.7900000e+02  -1.1607100e+01   7.8911400e+00   4.0739100e+01   1.0000000e+00
   2.8000000e+02  -1.1677600e+01   1.3393900e+01   5.2941800e+01  -2.0000000e+00
   2.8100000e+02   1.1903900e+01  -4.8361100e+00   1.5617500e+01   2.0000000e+00
   2.8200000e+02  -1.8264800e-01  -1.9335800e+01   4.0356500e+01  -1.0000000e+00
   2.8300000e+02  -6.8526800e+00   1.0619200e+01   4.0608300e+01   1.0000000e+00
   2.8400000e+02   5.2775200e+00  -3.5533300e+00   3.9064500e+01  -3.0000000e+00
   2.8500000e+02  -1.4460800e+01  -1.0845600e+01   4.0991400e+01  -2.0000000e+00
   2.8600000e+02   8.2571500e+00   9.4087500e+00   1.2890800e+01   2.0000000e+00
   2.8700000e+02   1.3936500e+01  -1.3022800e+01   1.2248100e+01  -1.0000000e+00
   2.8800000e+02   1.5098900e+01  -9.4128500e+00   1.5917100e+01  -2.0000000e+00
   2.8900000e+02  -8.1806400e+00   1.2205800e+01   4.0857600e+01   1.0000000e+00
   2.9000000e+02   1.5736600e+01   9.0428800e+00  -1.1681000e+00  -1.0000000e+00
   2.9100000e+02   5.2031000e+00  -9.0822800e+00   4.1102500e+01   1.0000000e+00
   2.9200000e+02   1.8224100e+01   6.5057100e+00   1.5279200e+01  -1.0000000e+00
   2.9300000e+02  -7.9780800e-01   6.2968400e+00   4.1096300e+01   1.0000000e+00
   2.9400000e+02  -6.9298800e+00  -3.5824700e-01   4.0389000e+01   1.0000000e+00
   2.9500000e+02   2.6530500e+00  -3.6607100e-01   4.0495100e+01   1.0000000e+00
   2.9600000e+02   1.5985200e+01  -5.9257400e+00   1.6094200e+01  -2.0000000e+00
   2.9700000e+02  -9.5685400e+00   8.2597900e+00   4.0705800e+01   1.0000000e+00
   2.9800000e+02  -2.1449500e+00   2.3921700e+00   4.0908100e+01   1.0000000e+00
   2.9900000e+02   1.8357500e+00  -7.8548200e+00   4.0584600e+01   1.0000000e+00
