   0.0000000e+00   1.0574200e+01   1.3231200e+01   2.0362600e+01  -2.0000000e+00
   1.0000000e+00  -6.5768100e+00   1.3357500e+01   3.0016200e+01   1.0000000e+00
   2.0000000e+00   1.3017400e+00  -1.4425800e+01   1.8027600e+01  -2.0000000e+00
   3.0000000e+00   3.4193600e+00  -9.3604100e+00   1.9129500e+01   1.0000000e+00
   4.0000000e+00  -1.3776000e+01   6.9452600e+00   1.3709400e+01  -3.0000000e+00
   5.0000000e+00   1.2990900e+01  -9.2435700e+00   1.9991000e+01   1.0000000e+00
   6.0000000e+00  -1.2221200e+01  -6.6004800e+00   4.5425100e+01   2.0000000e+00
   7.0000000e+00   7.3184700e+00   6.3940200e+00   1.9925600e+01   1.0000000e+00
   8.0000000e+00   1.9142200e+01   4.4530900e-01   1.6943100e+01  -1.0000000e+00
   9.0000000e+00  -6.6463800e+00   7.1539900e+00   3.0469700e+01   1.0000000e+00
   1.0000000e+01   1.3473400e+01   5.3228300e+00   2.0216300e+01   1.0000000e+00
   1.1000000e+01   1.8276800e+01   2.6443300e+00   5.2518600e+00  -1.0000000e+00
   1.2000000e+01  -1.7323900e+00  -1.7224500e+01   9.3229800e+00  -2.0000000e+00
   1.3000000e+01  -1.0204800e+01   7.1541600e+00   3.0407400e+01   1.0000000e+00
   1.4000000e+01   1.3327200e+01   1.0853200e+01   1.9701400e+01  -2.0000000e+00
   1.5000000e+01   8.0538200e+00   4.4403600e+00   2.0098600e+01   1.0000000e+00
   1.6000000e+01  -1.5443200e+01  -1.1122700e+01   4.4067200e+01  -1.0000000e+00
   1.7000000e+01   5.3567100e+00   1.2631300e+00   1.9669800e+01   1.0000000e+00
   1.8000000e+01  -1.3718900e+01  -5.1152100e+00   4.5250700e+01   2.0000000e+00
   1.9000000e+01   9.5221500e+00  -1.0468400e+01   1.8880200e+01   1.0000000e+00
   2.0000000e+01  -1.3019500e+00  -7.3665300e+00   5.5564300e+01  -3.0000000e+00
   2.1000000e+01  -1.5685600e+01   1.7844600e+00   4.5297500e+01  -2.0000000e+00
   2.2000000e+01  -8.4402300e+00   1.0236200e+01   2.9666000e+01   1.0000000e+00
   2.3000000e+01  -8.6048000e+00  -6.5747100e-02   4.4432900e+01   2.0000000e+00
   2.4000000e+01  -1.3206300e+01  -3.1077300e+00   4.5628300e+01   2.0000000e+00
   2.5000000e+01  -1.9254600e+00   1.2054900e+00   4.1919800e+01  -3.0000000e+00
   2.6000000e+01   1.1086600e+00   2.0008700e+00   2.0397900e+01  -3.0000000e+00
   2.7000000e+01   1.5056500e+01  -9.5802100e+00   1.9093400e+01  -2.0000000e+00
   2.8000000e+01   5.6477400e-01   3.9918200e+00   1.7923600e+01  -3.0000000e+00
   2.9000000e+01  -1.1325400e+00  -1.9305800e+01   1.3630200e+01  -1.0000000e+00
   3.0000000e+01  -8.4093600e+00   1.2370900e+01   2.9551800e+01   1.0000000e+00
   3.1000000e+01  -6.6111500e+00   4.6245200e-01   4.5366000e+01  -3.0000000e+00
   3.2000000e+01   2.6758600e+00  -1.8413200e+01   1.8179100e+01  -1.0000000e+00
   3.3000000e+01   3.2599200e+00   7.1157700e+00   2.0115000e+01  -2.0000000e+00
   3.4000000e+01  -1.4218700e+01   3.6098400e-01   4.5940000e+01   2.0000000e+00
   3.5000000e+01   1.0086700e+01   4.0973100e+00   2.0360100e+01   1.0000000e+00
   3.6000000e+01  -4.8548900e+00   6.1474200e+00   2.7622500e+01  -3.0000000e+00
   3.7000000e+01  -7.3590400e+00  -1.6535600e+01   3.1222100e+01  -1.0000000e+00
   3.8000000e+01  -1.2774700e+01  -8.6492600e+00   4.5045200e+01   2.0000000e+00
   3.9000000e+01   1.3601300e+01  -5.7207500e+00   1.9898300e+01   1.0000000e+00
   4.0000000e+01  -1.5163800e+01   3.8339700e+00   2.6290400e+01  -2.0000000e+00
   4.1000000e+01  -3.0150300e+00   1.1249800e+01   5.9434700e+01   1.0000000e+00
   4.2000000e+01   5.6476300e-01   1.5483500e+01   2.4516200e+01  -2.0000000e+00
   4.3000000e+01   1.5649900e+01  -1.1570100e+01   2.0473300e+01  -1.0000000e+00
   4.4000000e+01   9.5261400e+00  -4.9714500e+00   1.9510800e+01   1.0000000e+00
   4.5000000e+01  -1.5216100e+01  -3.6729100e+00   4.5694200e+01  -2.0000000e+00
   4.6000000e+01   2.5585700e+00   9.0437400e+00   2.2886800e+01  -1.0000000e+00
   4.7000000e+01   1.5506100e+01   4.9681600e+00   2.0064400e+01  -2.0000000e+00
   4.8000000e+01  -1.8515900e-02  -1.0464200e+01   2.1909000e+01  -3.0000000e+00
   4.9000000e+01   9.4657000e+00  -1.5984200e+01   1.9017200e+01  -1.0000000e+00
   5.0000000e+01   1.7642000e+01  -9.8226300e-01   3.2690500e+01  -1.0000000e+00
   5.1000000e+01   1.6492300e+01  -7.9410100e+00   2.1875400e+01  -1.0000000e+00
   5.2000000e+01  -1.3150600e+01   4.3505400e+00   5.6991600e+01  -3.0000000e+00
   5.3000000e+01   7.9492000e+00   9.9758500e+00   2.0335800e+01   1.0000000e+00
   5.4000000e+01  -1.0196000e+01   1.1318100e+01   3.0140200e+01   1.0000000e+00
   5.5000000e+01   1.6897800e+01   6.5522600e+00   2.0009000e+01  -2.0000000e+00
   5.6000000e+01  -6.6191600e+00   1.7607800e+01   5.9714200e+01  -1.0000000e+00
   5.7000000e+01   9.8202900e+00   1.5200400e+01   2.0955600e+01  -1.0000000e+00
   5.8000000e+01   3.9898000e+00  -2.9157300e-01   1.9645200e+01   1.0000000e+00
   5.9000000e+01  -8.3493700e+00   3.9569300e+00  -1.0374900e+01  -3.0000000e+00
   6.0000000e+01  -1.1450000e-01   2.3921500e-01   3.2134800e+01  -3.0000000e+00
   6.1000000e+01   1.0821000e+01   2.1725800e+00   1.9972800e+01   1.0000000e+00
   6.2000000e+01   1.0211000e+01  -6.9357000e+00   1.9400300e+01   1.0000000e+00
   6.3000000e+01   5.9590400e-01  -1.6918300e+00   9.0256000e+00  -3.0000000e+00
   6.4000000e+01   9.3685900e+00   6.0260400e+00   2.0302500e+01   1.0000000e+00
   6.5000000e+01   6.4519600e+00   1.3848700e+01   2.2026100e+01  -2.0000000e+00
   6.6000000e+01   3.8194100e+00   1.0675500e+01   2.3233900e+01  -2.0000000e+00
   6.7000000e+01   8.1812200e+00  -6.5691000e+00   1.9378600e+01   1.0000000e+00
   6.8000000e+01   1.2133500e+01   3.7565500e+00   2.0076800e+01   1.0000000e+00
   6.9000000e+01   2.0178300e+00  -1.6442400e+01   1.8130300e+01  -2.0000000e+00
   7.0000000e+01   1.2026300e+01   9.2280400e+00   2.0202300e+01   1.0000000e+00
   7.1000000e+01  -1.5530600e+01   5.8643400e+00  -2.0231100e+00  -2.0000000e+00
   7.2000000e+01   3.3466800e+00  -1.4837800e+01   1.9158800e+01   1.0000000e+00
   7.3000000e+01  -1.2037900e+01   1.0228800e+01   3.0645000e+01   1.0000000e+00
   7.4000000e+01  -1.4616100e+00  -1.8930000e+00   5.2043300e+01  -3.0000000e+00
   7.5000000e+01  -1.6187900e+01  -2.2584400e-01   4.5551300e+01  -2.0000000e+00
   7.6000000e+01  -1.5628600e+01   1.0096700e+01   2.5244800e+00  -1.0000000e+00
   7.7000000e+01  -6.2274900e+00  -4.9795100e+00   4.5144600e+01   2.0000000e+00
   7.8000000e+01  -1.3649300e+01   2.3539500e+00   4.5964700e+01   2.0000000e+00
   7.9000000e+01  -5.7015000e+00  -2.9884000e+00   4.4285900e+01   2.0000000e+00
   8.0000000e+01   1.0882100e+01  -8.9002300e+00   1.9450000e+01   1.0000000e+00
   8.1000000e+01  -1.3866800e+01  -1.2645000e+01   3.0856100e+01  -1.0000000e+00
   8.2000000e+01  -2.0740700e+00  -3.8744800e+00   4.4612700e+01  -3.0000000e+00
   8.3000000e+01  -1.7494400e+01   7.3942400e+00   5.2839600e+01  -1.0000000e+00
   8.4000000e+01  -5.3400600e+00  -1.5905200e+01   4.5163900e+01  -2.0000000e+00
   8.5000000e+01  -6.7400500e+00  -6.9835000e+00   4.4948200e+01   2.0000000e+00
   8.6000000e+01   2.6852800e+00   1.2403500e+01   1.6162300e+01  -1.0000000e+00
   8.7000000e+01   4.0640500e+00  -1.1308700e+01   1.9086600e+01   1.0000000e+00
   8.8000000e+01  -2.8266500e+00   4.7419500e+00   2.1188800e+01  -3.0000000e+00
   8.9000000e+01  -1.5546400e+01   8.0179800e+00  -1.6408400e+00  -2.0000000e+00
   9.0000000e+01  -1.1979600e+00   1.2291700e+01   5.9089800e+01   1.0000000e+00
   9.1000000e+01   1.3969100e+00  -8.9616400e+00   1.8364400e+01  -3.0000000e+00
   9.2000000e+01  -8.7341700e+00  -7.5079300e+00   4.5073000e+01   2.0000000e+00
   9.3000000e+01   6.6342100e+00   8.3726900e+00   1.9986100e+01   1.0000000e+00
   9.4000000e+01   1.2240800e+01  -7.3061300e+00   1.9919500e+01   1.0000000e+00
   9.5000000e+01   6.5815200e-01  -3.7507900e+00   1.2505300e+00  -3.0000000e+00
   9.6000000e+01   9.9727700e+00   9.5803700e+00   1.9878700e+01   1.0000000e+00
   9.7000000e+01  -9.2071400e+00  -2.0358200e+00   4.4351900e+01   2.0000000e+00
   9.8000000e+01  -1.1972800e+00   1.6540200e+01   2.8707700e+01  -2.0000000e+00
   9.9000000e+01  -9.2917700e+00  -9.5374300e+00   4.5415300e+01   2.0000000e+00
   1.0000000e+02   6.7806200e+00  -1.3653700e+01   1.8988000e+01   1.0000000e+00
   1.0100000e+02   6.7360200e-01   1.3213800e+01   2.5980100e+00  -2.0000000e+00
   1.0200000e+02  -5.2974300e+00  -8.4585900e+00   4.5264300e+01   2.0000000e+00
   1.0300000e+02  -1.0234500e+01   4.8500400e+00   5.3963300e+01  -3.0000000e+00
   1.0400000e+02  -7.7324700e+00  -3.4950300e+00   4.4815500e+01   2.0000000e+00
   1.0500000e+02   6.6709800e+00   2.8471600e+00   1.9697400e+01   1.0000000e+00
   1.0600000e+02  -7.1468000e+00  -1.5269900e+00   4.4449600e+01   2.0000000e+00
   1.0700000e+02   7.6990300e+00   1.5591600e+01   2.2570500e+01  -1.0000000e+00
   1.0800000e+02  -1.7214200e+01  -4.2311100e+00   3.1434500e+01  -1.0000000e+00
   1.0900000e+02   1.4086400e+01   8.8439200e+00   1.9615400e+01  -2.0000000e+00
   1.1000000e+02  -1.4696400e+01  -1.6589400e+00   4.6150200e+01   2.0000000e+00
   1.1100000e+02  -7.7891300e+00  -1.0994100e+01   4.5555600e+01   2.0000000e+00
   1.1200000e+02   1.2349700e+01  -1.2854800e+01   3.1386600e+01  -2.0000000e+00
   1.1300000e+02  -6.0652500e+00   2.4428300e+00   5.4744400e+01  -3.0000000e+00
   1.1400000e+02   1.1501100e+01   2.1837900e-01   2.0075100e+01   1.0000000e+00
   1.1500000e+02  -1.3986700e+01   1.3305500e+01   1.4914700e+00  -1.0000000e+00
   1.1600000e+02  -4.7513500e+00  -6.4540500e+00   4.5229200e+01   2.0000000e+00
   1.1700000e+02  -1.7704700e+01   1.2718700e+00   5.9902100e+01  -1.0000000e+00
   1.1800000e+02  -1.3321500e+01  -1.0624600e+01   4.4643200e+01  -2.0000000e+00
   1.1900000e+02   1.4956400e+01  -4.1053100e+00   2.0137200e+01  -2.0000000e+00
   1.2000000e+02  -1.0262100e+01   1.5526900e+01   1.5187600e+01  -1.0000000e+00
   1.2100000e+02  -8.8101200e+00  -1.5051500e+01   3.0039900e+01  -1.0000000e+00
   1.2200000e+02   3.3599900e+00  -3.8023100e+00   1.8755800e+01  -3.0000000e+00
   1.2300000e+02  -3.7546200e+00  -9.9396500e+00   4.6925900e+01   2.0000000e+00
   1.2400000e+02   1.6225200e+01   3.0439300e+00   1.9975600e+01  -2.0000000e+00
   1.2500000e+02  -1.0229800e+01   1.3412500e+01   1.1498000e+00  -2.0000000e+00
   1.2600000e+02  -1.0251600e+01  -1.3565000e+01   3.3985900e+01  -2.0000000e+00
   1.2700000e+02  -1.1002500e+00   1.8671600e+01   5.7484100e+01  -1.0000000e+00
   1.2800000e+02   1.4239000e+01  -2.1259700e+00   1.9285400e+01   1.0000000e+00
   1.2900000e+02   1.4193900e+01   3.3683400e+00   2.0198400e+01   1.0000000e+00
   1.3000000e+02  -2.7248800e+00  -5.8616500e+00   4.4359200e+01   2.0000000e+00
   1.3100000e+02  -1.6326600e+01  -7.6729000e+00   4.4633000e+01  -1.0000000e+00
   1.3200000e+02   4.3933300e+00   1.4148600e+01   2.1112900e+01   0.0000000e+00
   1.3300000e+02  -1.5737700e+01  -5.6653600e+00   4.4894800e+01  -2.0000000e+00
   1.3400000e+02   7.3848200e+00   8.9038800e-01   2.0033600e+01   1.0000000e+00
   1.3500000e+02   1.0852300e+01  -1.4395700e+01   3.3166200e+01  -1.0000000e+00
   1.3600000e+02  -1.2244600e+01  -1.4118900e+01   4.7064800e+01  -1.0000000e+00
   1.3700000e+02   7.4952900e+00  -1.0091500e+01   1.9290400e+01   1.0000000e+00
   1.3800000e+02  -3.3325400e+00   2.6918700e+00   4.0940300e+01  -3.0000000e+00
   1.3900000e+02  -3.8322000e+00  -1.7302800e+01   4.0935100e+01  -1.0000000e+00
   1.4000000e+02   1.6291800e+01  -2.5289700e+00   1.9777300e+01  -2.0000000e+00
   1.4100000e+02   1.6134300e+01   8.4741000e+00   8.0644000e+00  -2.0000000e+00
   1.4200000e+02  -1.2308700e-01  -1.5919800e+01   1.5417300e+01  -2.0000000e+00
   1.4300000e+02  -1.1274400e+01  -1.0111700e+01   4.5396900e+01   2.0000000e+00
   1.4400000e+02  -1.7484000e+00  -9.3691500e+00   5.1141100e+01  -3.0000000e+00
   1.4500000e+02   1.2723200e+01   7.2968500e+00   1.9989500e+01   1.0000000e+00
   1.4600000e+02  -4.2306400e+00  -1.1941600e+01   4.5246000e+01   2.0000000e+00
   1.4700000e+02   1.4906800e+01   1.4167900e+00   1.9683400e+01   1.0000000e+00
   1.4800000e+02   7.4170000e+00  -1.5618600e+01   3.1846900e+01  -2.0000000e+00
   1.4900000e+02   5.4541100e+00  -4.2066400e+00   1.8910300e+01   1.0000000e+00
   1.5000000e+02  -2.9348200e+00   1.7687200e+01   5.8538000e+01  -1.0000000e+00
   1.5100000e+02   6.1723700e-01   1.7549500e+01   5.4028200e+01  -1.0000000e+00
   1.5200000e+02  -8.4624000e+00   1.6494500e+01   1.5566400e+01  -1.0000000e+00
   1.5300000e+02  -4.8414100e+00   1.0264300e+01   2.9496400e+01   1.0000000e+00
   1.5400000e+02  -1.2699700e+01  -1.0603500e+00   4.5493200e+01   2.0000000e+00
   1.5500000e+02   1.3611400e+01  -1.1198900e+01   2.0258200e+01  -2.0000000e+00
   1.5600000e+02  -8.2814900e+00  -1.2995700e+01   4.5569000e+01  -2.0000000e+00
   1.5700000e+02  -1.4836500e+01  -9.1400900e+00   4.4463300e+01  -2.0000000e+00
   1.5800000e+02  -3.0057800e+00   1.5516900e+01   2.9646700e+01  -2.0000000e+00
   1.5900000e+02   4.7599200e+00  -1.3246400e+01   1.8911200e+01   1.0000000e+00
   1.6000000e+02  -4.5532800e+00   1.0288300e+00   3.9912900e+01  -3.0000000e+00
   1.6100000e+02  -1.2016800e+01   8.1263600e+00   1.8365500e+00   1.0000000e+00
   1.6200000e+02  -1.2010000e+01   1.2285400e+01   3.1338600e+01  -2.0000000e+00
   1.6300000e+02   8.7491200e+00   2.5139600e+00   2.0056600e+01   1.0000000e+00
   1.6400000e+02  -1.6700800e+01  -2.2351200e+00   4.5902600e+01  -2.0000000e+00
   1.6500000e+02  -1.0655000e+01  -5.4896900e-01   4.4287300e+01   2.0000000e+00
   1.6600000e+02   4.0037000e+00  -5.7614000e+00   1.9083100e+01   1.0000000e+00
   1.6700000e+02  -9.7945700e+00  -1.1540900e+01   4.6019600e+01   2.0000000e+00
   1.6800000e+02   2.0409100e+00  -1.0929300e+01   1.8212700e+01   1.0000000e+00
   1.6900000e+02  -1.0246100e+01  -6.0304900e+00   4.5610900e+01   2.0000000e+00
   1.7000000e+02   4.7350500e+00  -2.2693300e+00   1.9745300e+01   1.0000000e+00
   1.7100000e+02   8.1164200e+00  -1.0674200e+00   1.9994700e+01   1.0000000e+00
   1.7200000e+02   1.9283400e+00   5.5560100e+00   2.4215100e+01  -3.0000000e+00
   1.7300000e+02  -1.2241500e+00   1.0233600e+01   5.8077100e+01   1.0000000e+00
   1.7400000e+02  -1.2136400e+01   9.3979300e-01   4.4345800e+01   2.0000000e+00
   1.7500000e+02   6.0548700e+00  -6.8146000e-01   1.9877200e+01   1.0000000e+00
   1.7600000e+02   1.0899200e+01  -3.3780800e+00   1.9912700e+01   1.0000000e+00
   1.7700000e+02  -3.0409300e+00  -1.5406300e+01   4.3101800e+01  -2.0000000e+00
   1.7800000e+02  -8.4216400e+00   8.1828900e+00   2.9939000e+01   1.0000000e+00
   1.7900000e+02  -1.3024100e+00   8.0867700e+00   3.1923900e+01  -3.0000000e+00
   1.8000000e+02  -1.3811200e+01   9.1263100e+00   1.7175800e+00  -2.0000000e+00
   1.8100000e+02  -6.6369300e+00   1.5501200e+01   3.0625500e+01  -2.0000000e+00
   1.8200000e+02   8.5208500e+00   1.3540300e+01   2.1401300e+01  -2.0000000e+00
   1.8300000e+02  -4.8517500e+00   1.6524500e+01   1.2473400e+01  -2.0000000e+00
   1.8400000e+02   4.6276900e+00   3.2325300e+00   1.9394800e+01   1.0000000e+00
   1.8500000e+02   1.1926900e+01   1.4880800e+01   1.8984700e+01  -1.0000000e+00
   1.8600000e+02  -2.9149700e+00   6.8104300e+00  -1.0687200e+00  -3.0000000e+00
   1.8700000e+02   4.0578700e+00  -1.6775600e+01   3.0990400e+01  -2.0000000e+00
   1.8800000e+02  -6.8087500e+00  -1.4473600e+01   4.5158700e+01  -2.0000000e+00
   1.8900000e+02   1.7575000e+01   4.6045300e+00   4.5113400e+00  -1.0000000e+00
   1.9000000e+02   5.0463900e-01   9.1033500e+00   6.3085000e+01  -2.0000000e+00
   1.9100000e+02  -6.6401800e+00   9.2043700e+00   6.0100100e+01   1.0000000e+00
   1.9200000e+02  -1.7542300e+01   5.3060500e+00   3.8366300e+01  -1.0000000e+00
   1.9300000e+02  -1.2112300e+01   1.4349900e+01   1.6988300e+01  -1.0000000e+00
   1.9400000e+02   6.1364200e+00  -1.7348400e+01   1.9121900e+01  -1.0000000e+00
   1.9500000e+02   6.1105000e+00  -6.2048100e+00   1.9010700e+01   1.0000000e+00
   1.9600000e+02  -5.8210900e+00  -1.7913900e+01   4.7249100e+01  -1.0000000e+00
   1.9700000e+02   1.2861200e+01   1.7806700e+00   1.9663200e+01   1.0000000e+00
   1.9800000e+02  -3.6599700e+00  -2.4794800e+00   4.4630000e+01   2.0000000e+00
   1.9900000e+02   1.5457400e+01   1.0441500e+01   3.2911200e+00  -1.0000000e+00
   2.0000000e+02   9.2770100e+00   1.1569700e+01   2.0313100e+01   1.0000000e+00
   2.0100000e+02   1.3959300e+01   1.4393900e+01   2.0333100e+01  -1.0000000e+00
   2.0200000e+02  -3.0545000e+00  -5.1587800e-01   4.1153400e+01  -3.0000000e+00
   2.0300000e+02  -1.8225200e+01  -7.1700000e-01   5.9980700e+01  -1.0000000e+00
   2.0400000e+02  -4.2244000e+00  -4.4564800e+00   4.5183800e+01   2.0000000e+00
   2.0500000e+02  -1.1196600e+01  -2.5658700e+00   4.5019700e+01   2.0000000e+00
   2.0600000e+02   1.8218700e+01   8.1368700e+00   5.0497400e+01  -1.0000000e+00
   2.0700000e+02  -1.8150000e+00  -1.1496000e+01   5.2141000e+01  -3.0000000e+00
   2.0800000e+02   4.9759200e-01  -1.7879600e+01   2.6402500e+01  -2.0000000e+00
   2.0900000e+02   5.1618800e+00   1.2242100e+01   2.1803000e+01   0.0000000e+00
   2.1000000e+02  -6.2890300e+00  -1.2480000e+01   4.5417200e+01   2.0000000e+00
   2.1100000e+02  -1.3405600e+00   3.2013500e+00   5.8642000e+01  -3.0000000e+00
   2.1200000e+02   1.1547000e+01  -5.3442100e+00   1.9305600e+01   1.0000000e+00
   2.1300000e+02   2.7335900e+00  -7.4060300e+00   1.9779200e+01   1.0000000e+00
   2.1400000e+02   2.6569000e+00  -1.8696100e+00   8.7621600e+00  -3.0000000e+00
   2.1500000e+02   8.8285500e+00  -3.0255200e+00   1.9906900e+01   1.0000000e+00
   2.1600000e+02   5.6504300e+00   1.5789400e+01   1.0734100e+01  -2.0000000e+00
   2.1700000e+02  -6.0111400e-01  -5.3699900e+00   3.6732200e+01  -3.0000000e+00
   2.1800000e+02  -4.7060200e+00  -1.3958400e+01   4.5846200e+01   2.0000000e+00
   2.1900000e+02  -1.0742700e+01  -8.0444300e+00   4.5518900e+01   2.0000000e+00
   2.2000000e+02  -3.2856500e+00  -7.9117300e+00   4.5656700e+01   2.0000000e+00
   2.2100000e+02  -1.1813200e+01  -1.2102900e+01   4.5930400e+01  -2.0000000e+00
   2.2200000e+02   3.2911200e+00   1.6506300e+00   1.9808700e+01   1.0000000e+00
   2.2300000e+02  -4.8324000e+00   4.0872800e+00   1.1957100e+01  -3.0000000e+00
   2.2400000e+02   1.0679900e+01   7.6465900e+00   2.0274500e+01   1.0000000e+00
   2.2500000e+02  -1.0250600e+01   9.2084500e+00   3.0311800e+01   1.0000000e+00
   2.2600000e+02  -6.6342700e+00   5.0911700e+00   1.3733900e+01  -3.0000000e+00
   2.2700000e+02   1.3554600e+01  -1.4817200e-01   1.9288600e+01   1.0000000e+00
   2.2800000e+02   3.9608800e+00   5.1741600e+00   1.9528400e+01   1.0000000e+00
   2.2900000e+02   6.8062300e+00  -8.1536500e+00   1.9519600e+01   1.0000000e+00
   2.3000000e+02   4.8713500e+00   1.7709700e+01   2.2025300e+01  -1.0000000e+00
   2.3100000e+02   1.7071800e+01  -4.4452300e+00   2.0505200e+01  -1.0000000e+00
   2.3200000e+02  -1.3891500e+01   1.1242500e+01   1.7096100e+00  -2.0000000e+00
   2.3300000e+02   1.4899300e+01   1.2420200e+01   4.1843800e+00  -1.0000000e+00
   2.3400000e+02  -1.4296400e+01  -7.1363400e+00   4.4638600e+01  -2.0000000e+00
   2.3500000e+02   2.6047800e+00   3.5965400e+00   1.8911600e+01   1.0000000e+00
   2.3600000e+02   1.5646300e+01  -6.0563100e+00   2.0634700e+01  -2.0000000e+00
   2.3700000e+02   6.7955400e+00  -2.6336200e+00   1.9859400e+01   1.0000000e+00
   2.3800000e+02   1.2577400e+01   1.2803900e+01   1.9633300e+01  -2.0000000e+00
   2.3900000e+02   8.6600800e+00   7.9940900e+00   1.9933000e+01   1.0000000e+00
   2.4000000e+02   8.1641400e-01   1.1149500e+01   3.4754900e+01  -2.0000000e+00
   2.4100000e+02   1.4782000e+01   6.9131000e+00   1.9940300e+01   1.0000000e+00
   2.4200000e+02  -6.6170200e+00   1.1296700e+01   5.9468400e+01   1.0000000e+00
   2.4300000e+02   5.2990500e+00   6.7875700e+00   2.0009800e+01   1.0000000e+00
   2.4400000e+02  -1.1722000e+01  -4.5719600e+00   4.5502700e+01   2.0000000e+00
   2.4500000e+02  -8.8162700e-01   5.4973600e+00   2.8070700e+01  -3.0000000e+00
   2.4600000e+02   9.4353900e+00   5.4205600e-01   2.0080500e+01   1.0000000e+00
   2.4700000e+02   4.8894600e-01   7.0342400e+00   4.5409900e+01  -3.0000000e+00
   2.4800000e+02   1.9909900e+00  -5.3452700e+00   2.4839700e+01  -3.0000000e+00
   2.4900000e+02   1.1290800e+01   1.1168600e+01   2.0327400e+01   1.0000000e+00
   2.5000000e+02   6.2157200e-01  -1.2431300e+01   1.6422900e+01  -2.0000000e+00
   2.5100000e+02  -7.2889300e+00  -8.9737600e+00   4.5137700e+01   2.0000000e+00
   2.5200000e+02  -8.2319000e+00  -5.5148700e+00   4.5359900e+01   2.0000000e+00
   2.5300000e+02   2.7798800e+00   1.7995000e+01   8.8640200e+00  -1.0000000e+00
   2.5400000e+02   1.2912600e+01  -3.7748700e+00   1.9594100e+01   1.0000000e+00
   2.5500000e+02   1.0177100e+01  -1.2429000e+01   1.8741700e+01  -2.0000000e+00
   2.5600000e+02   1.4316300e+01  -7.6609800e+00   2.0780800e+01  -2.0000000e+00
   2.5700000e+02  -8.4109500e+00   1.4421100e+01   1.4177700e-01  -2.0000000e+00
   2.5800000e+02   7.5058000e+00  -4.5939500e+00   1.9413200e+01   1.0000000e+00
   2.5900000e+02   1.1411900e+01   5.6809100e+00   2.0426400e+01   1.0000000e+00
   2.6000000e+02   8.8368200e+00  -8.5116300e+00   1.9295500e+01   1.0000000e+00
   2.6100000e+02  -1.0098300e+01   1.4387200e+00   3.0998800e+01  -3.0000000e+00
   2.6200000e+02   6.0190600e+00   4.7875000e+00   1.9543300e+01   1.0000000e+00
   2.6300000e+02  -5.0732100e+00  -9.7726100e-01   4.4330700e+01   2.0000000e+00
   2.6400000e+02   6.0989200e+00  -1.1693300e+01   1.9094000e+01   1.0000000e+00
   2.6500000e+02  -8.1004600e+00   1.9229300e+00   2.5252000e+01  -3.0000000e+00
   2.6600000e+02  -1.1392400e+01   3.0673500e+00   4.1521900e+01  -3.0000000e+00
   2.6700000e+02  -1.7152900e+01   3.2844700e+00   2.1345800e+01  -1.0000000e+00
   2.6800000e+02  -1.8765300e+01  -2.8696400e+00   4.7241700e+01  -1.0000000e+00
   2.6900000e+02  -4.7994200e+00   1.4441400e+01   4.7818700e-01   1.0000000e+00
   2.7000000e+02   1.4444600e+01  -1.3300300e+01   2.1586100e+01  -1.0000000e+00
   2.7100000e+02  -3.0246200e+00   9.2002400e+00   2.9627200e+01   1.0000000e+00
   2.7200000e+02  -1.1927700e+01   6.0165800e+00   1.7666500e+01  -3.0000000e+00
   2.7300000e+02   1.5612700e+01  -5.8263300e-01   1.9000700e+01  -2.0000000e+00
   2.7400000e+02  -9.7474700e+00  -4.0218700e+00   4.5225600e+01   2.0000000e+00
   2.7500000e+02  -7.5335800e-01  -1.3961500e+01   1.6582900e+01  -1.0000000e+00
   2.7600000e+02  -5.7768900e+00  -1.0468300e+01   4.5551500e+01   2.0000000e+00
   2.7700000e+02   5.9150500e+00   1.0295900e+01   2.0693300e+01   1.0000000e+00
   2.7800000e+02   2.3309600e+00   1.4436200e+01   2.4061300e+01  -2.0000000e+00
   2.7900000e+02   1.0138300e+01  -1.4394200e+00   2.0699500e+01   1.0000000e+00
   2.8000000e+02   1.6941000e+01   1.0035300e+00   1.8994500e+01  -2.0000000e+00
   2.8100000e+02   1.2231800e+01  -1.7101700e+00   2.0173700e+01   1.0000000e+00
   2.8200000e+02   5.4580000e+00  -9.7380900e+00   1.9237900e+01   1.0000000e+00
   2.8300000e+02  -2.7242300e+00  -1.3365100e+01   5.0338900e+01  -2.0000000e+00
   2.8400000e+02   1.9538200e+00   8.0685900e-02   2.1825900e+01   1.0000000e+00
   2.8500000e+02   1.1580200e+01  -1.0902600e+01   1.9592400e+01   1.0000000e+00
   2.8600000e+02  -4.8404200e+00   8.2022600e+00   2.8930000e+01   1.0000000e+00
   2.8700000e+02   2.7185200e+00  -1.2876900e+01   1.8601600e+01   1.0000000e+00
   2.8800000e+02   8.8097300e+00  -1.3999200e+01   1.9186900e+01  -2.0000000e+00
   2.8900000e+02  -4.7917900e+00   1.2328800e+01   2.9472300e+01   1.0000000e+00
   2.9000000e+02   5.3881800e+00  -1.5210100e+01   1.8855400e+01  -2.0000000e+00
   2.9100000e+02   4.7549800e+00  -7.7638400e+00   1.9741300e+01   1.0000000e+00
   2.9200000e+02  -1.1726800e+00   1.4359200e+01   2.9602100e+01   1.0000000e+00
   2.9300000e+02   4.5879500e+00   8.7190900e+00   2.0540100e+01  -2.0000000e+00
   2.9400000e+02   7.1882500e+00   1.1913600e+01   2.1030600e+01   1.0000000e+00
   2.9500000e+02   3.5836700e+00   1.6075500e+01   2.2401600e+01  -2.0000000e+00
   2.9600000e+02   7.1997200e-01  -6.9747200e+00   1.5839600e+01  -3.0000000e+00
   2.9700000e+02  -2.9980800e+00   1.3353600e+01   2.9445100e+01   1.0000000e+00
   2.9800000e+02   8.1332200e+00  -1.2059700e+01   1.9217500e+01   1.0000000e+00
   2.9900000e+02  -8.4715400e+00   6.0158100e+00   3.1248100e+01  -3.0000000e+00
