   0.0000000e+00   1.7241300e+01   6.4125500e-02   3.4966200e+01  -2.0000000e+00
   1.0000000e+00   1.3950400e+01  -2.0235100e+00   2.3636700e+01   0.0000000e+00
   2.0000000e+00   1.1594600e-01   2.5518100e+00   2.0882400e+01  -3.0000000e+00
   3.0000000e+00   3.9749900e+00   6.3459400e+00   3.3065800e+01   2.0000000e+00
   4.0000000e+00  -6.3287800e+00  -1.3937300e+01   5.5131200e+01  -3.0000000e+00
   5.0000000e+00   4.7296300e+00   1.1831600e+01   3.2870900e+01   2.0000000e+00
   6.0000000e+00   2.8901600e+00  -1.5396700e+01   5.8274600e+01  -2.0000000e+00
   7.0000000e+00   1.9282000e+00   6.2672100e+00   3.2954200e+01   2.0000000e+00
   8.0000000e+00  -5.5964900e+00   1.5202800e+01   1.0014600e+01  -2.0000000e+00
   9.0000000e+00  -1.4024100e+01  -4.9343300e+00   1.6491500e+01   1.0000000e+00
   1.0000000e+01  -1.0266300e+01  -1.4814300e+01  -2.7346300e+00  -1.0000000e+00
   1.1000000e+01   5.1426900e+00   4.5899100e+00   3.3354100e+01   2.0000000e+00
   1.2000000e+01  -2.0580100e+00  -3.7306400e+00   5.8800700e+01   1.0000000e+00
   1.3000000e+01  -7.5078300e+00   6.3054000e+00   1.2653800e+01   1.0000000e+00
   1.4000000e+01  -8.7594100e+00   1.2400600e+01   1.1597500e+01   1.0000000e+00
   1.5000000e+01   7.8499800e-01   8.0536500e+00   3.3023700e+01   2.0000000e+00
   1.6000000e+01  -1.1596300e+01   4.8209900e-02   1.2973800e+01   1.0000000e+00
   1.7000000e+01  -1.2519000e+01   4.1012300e+00   1.3426300e+01   1.0000000e+00
   1.8000000e+01   1.7242500e+00   9.8849400e+00   3.2615100e+01   2.0000000e+00
   1.9000000e+01   1.1411700e+01   4.9398000e+00   3.4019800e+01   2.0000000e+00
   2.0000000e+01  -9.9468500e+00   8.9591400e+00   1.2409000e+01   1.0000000e+00
   2.1000000e+01   5.0378800e+00  -6.0440400e+00   5.7433000e+01   1.0000000e+00
   2.2000000e+01   1.3958300e+01  -1.1486500e+01   7.2084400e+01  -1.0000000e+00
   2.3000000e+01   1.8359900e+00  -1.2151000e+00   3.6700100e+01  -3.0000000e+00
   2.4000000e+01  -4.5820700e+00  -1.5090900e+01   5.5713000e+01  -2.0000000e+00
   2.5000000e+01   1.3977700e+01  -9.3399800e+00   6.3294900e+01  -2.0000000e+00
   2.6000000e+01   6.6166000e+00   1.5531100e+01   3.1390300e+01  -2.0000000e+00
   2.7000000e+01  -1.5300800e+01  -1.2150800e+01   1.8510400e+01  -1.0000000e+00
   2.8000000e+01  -7.4565000e+00  -4.6076200e+00   4.1541900e+01  -3.0000000e+00
   2.9000000e+01   1.0315900e+01  -9.3402100e+00   5.8940500e+01   1.0000000e+00
   3.0000000e+01   6.2940700e+00   2.8157200e+00   3.3651200e+01   2.0000000e+00
   3.1000000e+01  -8.0995200e+00   8.2049000e-01   1.4844700e+01   1.0000000e+00
   3.2000000e+01  -8.7123100e+00  -2.9201900e+00   1.8568200e+01  -3.0000000e+00
   3.3000000e+01   1.3237500e+01   8.6892000e+00   3.4365700e+01  -2.0000000e+00
   3.4000000e+01   2.8268500e+00  -1.7455900e+01   5.8033300e+01  -1.0000000e+00
   3.5000000e+01   1.7428400e+01  -3.5280200e+00   2.9572700e+01  -2.0000000e+00
   3.6000000e+01  -7.5209800e+00   1.5953800e+01   2.3233600e+01  -2.0000000e+00
   3.7000000e+01   9.8262000e+00  -2.3275400e+00   4.8495800e+01  -1.0000000e+00
   3.8000000e+01  -1.0369900e+01   1.1008400e+01   1.1327000e+01   1.0000000e+00
   3.9000000e+01   1.2855300e+00  -1.0088900e+01   5.7409500e+01   1.0000000e+00
   4.0000000e+01  -1.1936700e+01   9.6089600e+00   1.2353600e+01   1.0000000e+00
   4.1000000e+01  -5.5968200e+00  -1.5803500e+00   6.2930200e+01  -3.0000000e+00
   4.2000000e+01   6.2547900e+00  -1.7782400e+01   5.5011200e+01  -1.0000000e+00
   4.3000000e+01   8.6016300e+00  -6.0694000e-01   2.2724100e+01  -2.0000000e+00
   4.4000000e+01   1.3870600e+01   1.4122800e+01   3.4546900e+01  -1.0000000e+00
   4.5000000e+01   1.1384200e+00  -1.4316400e+01   5.7801200e+01   1.0000000e+00
   4.6000000e+01  -1.4372000e+01   1.2238800e+01   1.2962300e+01  -1.0000000e+00
   4.7000000e+01  -1.6584700e+01  -2.2015000e+00   1.3992300e+01  -2.0000000e+00
   4.8000000e+01  -1.4979000e+01   6.8005800e+00   1.2928900e+01  -2.0000000e+00
   4.9000000e+01   1.2159000e+01  -1.0347400e+01   5.9003800e+01  -2.0000000e+00
   5.0000000e+01   1.0908300e+01   1.2119800e+01   3.3521500e+01   2.0000000e+00
   5.1000000e+01  -6.2102500e-01   1.3417100e+01   3.3047500e+01   0.0000000e+00
   5.2000000e+01   1.0364200e+00  -1.6400000e+01   5.6690600e+01  -2.0000000e+00
   5.3000000e+01   1.0184500e+01  -1.3478300e+01   5.8142800e+01   1.0000000e+00
   5.4000000e+01   1.4137500e+01   1.0539800e+01   3.3892500e+01  -2.0000000e+00
   5.5000000e+01   8.3515200e+00   2.9718500e+00   3.3941400e+01   2.0000000e+00
   5.6000000e+01  -4.3657100e-01  -8.9361900e+00   5.7614500e+01   1.0000000e+00
   5.7000000e+01  -9.6079500e+00  -5.8880600e-01   1.4141900e+01   1.0000000e+00
   5.8000000e+01  -1.3457800e+01   8.1803900e+00   1.2718100e+01  -2.0000000e+00
   5.9000000e+01   8.6879700e+00   1.5604300e+01   1.9893700e+01  -2.0000000e+00
   6.0000000e+01  -1.3573400e+01   6.1193600e-01   1.3281500e+01   1.0000000e+00
   6.1000000e+01   1.0464600e+01  -5.1426000e+00   4.6582500e+01  -2.0000000e+00
   6.2000000e+01  -1.7661400e+01   1.9051300e+00   1.3152000e+01  -2.0000000e+00
   6.3000000e+01   5.6072500e+00   1.3690900e+01   3.2051600e+01   2.0000000e+00
   6.4000000e+01  -9.2938600e+00  -5.5653000e+00   3.7602900e+01  -3.0000000e+00
   6.5000000e+01  -1.5439000e+01  -6.4381400e+00   1.8180600e+01  -2.0000000e+00
   6.6000000e+01   1.4712200e+01   3.3677200e+00   3.3839900e+01   2.0000000e+00
   6.7000000e+01  -1.0508300e+01  -9.3782100e+00   2.3053100e+01  -3.0000000e+00
   6.8000000e+01  -1.8115400e+01   3.9315600e+00   1.1599900e+01  -1.0000000e+00
   6.9000000e+01  -2.1233300e+00  -5.8018600e+00   5.8199300e+01   1.0000000e+00
   7.0000000e+01  -1.4611500e+01  -8.6341600e+00   1.9752700e+01  -2.0000000e+00
   7.1000000e+01   4.6424100e+00  -1.6482900e+01   4.4649300e+01  -2.0000000e+00
   7.2000000e+01  -1.2772000e+00   7.9489300e+00   3.3639200e+01  -2.0000000e+00
   7.3000000e+01  -1.6918100e+00   1.5247300e+01   3.6368300e+01  -2.0000000e+00
   7.4000000e+01  -3.6272900e+00   1.4570600e+01   6.2085800e+00  -2.0000000e+00
   7.5000000e+01  -9.1595000e+00   1.4449800e+01   1.1861500e+01  -2.0000000e+00
   7.6000000e+01  -4.2292800e+00  -1.3035200e+01   5.5349500e+01   1.0000000e+00
   7.7000000e+01   1.0766500e+01   1.5745900e+01   3.2365400e+01  -1.0000000e+00
   7.8000000e+01   1.4043100e+01  -7.2868600e+00   6.2353700e+01  -2.0000000e+00
   7.9000000e+01  -3.9738600e+00   7.0534100e+00   9.2555900e+00  -1.0000000e+00
   8.0000000e+01   1.8356300e+01  -1.6798200e+00   3.2545100e+01  -1.0000000e+00
   8.1000000e+01   4.7235800e+00  -1.4414700e+01   5.8215600e+01   1.0000000e+00
   8.2000000e+01   1.1921500e+01  -1.4581900e+01   6.9527000e+01  -2.0000000e+00
   8.3000000e+01   1.3536100e+01   5.1187300e+00   3.4301700e+01   2.0000000e+00
   8.4000000e+01   1.2180900e+01  -8.2833700e+00   5.9003500e+01   1.0000000e+00
   8.5000000e+01  -1.9132400e+01   3.2819900e-01   4.6399000e+01  -1.0000000e+00
   8.6000000e+01   1.4402600e+01   6.9838200e+00   3.3918600e+01  -2.0000000e+00
   8.7000000e+01   1.3616900e+00   1.7250600e+01   3.2320700e+01  -1.0000000e+00
   8.8000000e+01  -8.6722400e+00  -1.6864800e+01   4.4690900e+01  -1.0000000e+00
   8.9000000e+01  -5.9778900e+00   7.7068900e+00   1.2063300e+01  -2.0000000e+00
   9.0000000e+01   8.4856000e+00  -1.0343700e+01   5.8205200e+01   1.0000000e+00
   9.1000000e+01  -4.1187700e+00  -1.0934800e+01   5.7463300e+01   1.0000000e+00
   9.2000000e+01   7.4400000e+00   1.1104100e+00   3.4448900e+01   2.0000000e+00
   9.3000000e+01  -1.0402100e+00   4.3420000e+00   3.3126300e+01   2.0000000e+00
   9.4000000e+01   2.1684300e+00   2.6530900e+00   3.2777500e+01   2.0000000e+00
   9.5000000e+01   3.3072900e+00   7.6375100e-01   3.1303900e+01   2.0000000e+00
   9.6000000e+01   5.8297600e+00   1.0036300e+01   3.2455600e+01   2.0000000e+00
   9.7000000e+01   1.6777500e+01   3.5195400e+00   3.4819600e+01  -2.0000000e+00
   9.8000000e+01   7.9266000e+00   1.0130600e+01   3.3234700e+01   2.0000000e+00
   9.9000000e+01   1.2381900e+00   8.1185000e-01   2.5365600e+01  -3.0000000e+00
   1.0000000e+02   8.6518400e+00  -6.1586500e+00   5.8053900e+01   1.0000000e+00
   1.0100000e+02  -7.1920100e+00   1.3884300e+01   1.0758900e+01   1.0000000e+00
   1.0200000e+02   1.3921200e+00  -8.0050400e+00   5.7216400e+01   1.0000000e+00
   1.0300000e+02   3.2401500e+00  -7.0543400e+00   5.7797900e+01   1.0000000e+00
   1.0400000e+02   6.8288100e+00  -7.1226900e+00   5.8232600e+01   1.0000000e+00
   1.0500000e+02  -8.3566200e+00   1.0367100e+01   1.1585800e+01   1.0000000e+00
   1.0600000e+02   7.6609600e+00   1.3725200e+01   3.2480900e+01   2.0000000e+00
   1.0700000e+02   1.5979900e+01  -9.8250700e+00   6.7907700e+01  -1.0000000e+00
   1.0800000e+02   6.9606000e+00   8.2989800e+00   3.3077600e+01   2.0000000e+00
   1.0900000e+02  -3.9436500e+00  -6.7863000e+00   5.8090600e+01   1.0000000e+00
   1.1000000e+02   1.4865100e+01  -1.8710000e-01   3.4657900e+01   0.0000000e+00
   1.1100000e+02  -1.6975300e+01   7.3574700e+00   1.3620500e+01  -1.0000000e+00
   1.1200000e+02  -5.8374100e+00  -9.8227200e+00   5.7783000e+01   1.0000000e+00
   1.1300000e+02   5.7791800e-01   1.1644100e+01   3.3287400e+01   2.0000000e+00
   1.1400000e+02   1.4698100e+00   1.3546600e+01   3.2625600e+01   2.0000000e+00
   1.1500000e+02   6.5619100e+00  -8.1147400e-01   1.8430800e+01  -3.0000000e+00
   1.1600000e+02  -9.3627900e+00  -7.6356300e+00   5.6524400e+01  -3.0000000e+00
   1.1700000e+02  -5.0589300e+00   3.6189300e+00   1.0812900e+01  -3.0000000e+00
   1.1800000e+02  -3.6098200e-01   9.8003800e+00   3.3147800e+01  -2.0000000e+00
   1.1900000e+02   1.0121400e+01  -1.5564000e+01   4.6578900e+01  -2.0000000e+00
   1.2000000e+02  -2.2831800e+00  -9.9478100e+00   5.7856200e+01   1.0000000e+00
   1.2100000e+02  -3.5892200e-01  -6.8875400e+00   5.7742700e+01   1.0000000e+00
   1.2200000e+02  -1.0732300e+01   1.3054100e+01   1.1163900e+01  -2.0000000e+00
   1.2300000e+02  -1.1995200e+01  -5.3634100e+00   1.6992700e+01  -3.0000000e+00
   1.2400000e+02  -6.4004300e+00   9.7254400e+00   1.1586900e+01   1.0000000e+00
   1.2500000e+02   3.9064400e-01   1.5340200e+01   3.2401800e+01  -2.0000000e+00
   1.2600000e+02  -1.1124000e+01   1.5099200e+01   2.6186100e+01  -1.0000000e+00
   1.2700000e+02   6.0403300e+00   6.4543700e+00   3.3349900e+01   2.0000000e+00
   1.2800000e+02  -3.0948200e+00   4.2321600e+00   4.9759800e+01  -3.0000000e+00
   1.2900000e+02   1.2324400e+01   6.8143000e+00   3.4628200e+01   2.0000000e+00
   1.3000000e+02  -4.8277500e+00   1.1098900e+01   1.2013300e+01  -2.0000000e+00
   1.3100000e+02   1.5345700e+00  -3.7740700e+00   5.8958100e+01  -3.0000000e+00
   1.3200000e+02  -7.9668600e+00   8.3568100e+00   1.2133500e+01   1.0000000e+00
   1.3300000e+02   1.5331900e+01   8.8295800e+00   1.9084000e+01  -1.0000000e+00
   1.3400000e+02   6.7636000e-01  -1.8515700e+01   5.4654900e+01  -1.0000000e+00
   1.3500000e+02   1.4708600e+00  -5.9466100e+00   5.8388300e+01   1.0000000e+00
   1.3600000e+02   9.5214200e+00   1.2752200e+00   3.3918200e+01   2.0000000e+00
   1.3700000e+02  -8.5766400e+00   2.8598500e+00   1.2747200e+01   1.0000000e+00
   1.3800000e+02  -7.5340500e+00  -6.6697900e+00   5.7804400e+01  -3.0000000e+00
   1.3900000e+02  -5.9506700e+00   1.7307000e+01   1.0348000e+01  -1.0000000e+00
   1.4000000e+02   9.7691400e+00   1.3849500e+01   3.2913400e+01  -2.0000000e+00
   1.4100000e+02   1.1871000e+01  -2.1363000e+00   1.7599900e+01  -2.0000000e+00
   1.4200000e+02   1.8243600e+01  -5.4311100e+00  -2.4381100e+00  -1.0000000e+00
   1.4300000e+02  -1.6067600e+01  -4.3383300e+00   1.5557600e+01  -2.0000000e+00
   1.4400000e+02  -2.5325700e-01  -4.8290200e+00   2.8573200e+01   1.0000000e+00
   1.4500000e+02  -1.9785600e-01  -6.6024400e-01   5.3135200e+01  -3.0000000e+00
   1.4600000e+02   1.2255300e+01  -6.2223200e+00   5.8853700e+01  -2.0000000e+00
   1.4700000e+02  -2.7624400e-01  -2.7258200e+00   3.0260200e+01  -3.0000000e+00
   1.4800000e+02   3.0686000e+00   4.5062800e+00   3.3146000e+01   2.0000000e+00
   1.4900000e+02  -2.4258500e+00   9.6670500e+00   3.6821700e+01  -1.0000000e+00
   1.5000000e+02  -7.7079600e-01   1.7079900e+01   2.5259500e+01  -1.0000000e+00
   1.5100000e+02  -9.6769900e+00  -1.1278900e+01   1.8198400e+01  -3.0000000e+00
   1.5200000e+02  -3.8206200e+00  -2.6666300e+00   5.8771000e+01   1.0000000e+00
   1.5300000e+02  -1.4499700e+01   4.6616400e+00   1.2893700e+01   1.0000000e+00
   1.5400000e+02  -4.0316800e+00  -8.8574300e+00   5.7908900e+01   1.0000000e+00
   1.5500000e+02   3.4809500e+00   1.7251900e+01   3.1087500e+01  -1.0000000e+00
   1.5600000e+02  -8.2906800e+00  -1.2787500e+01   1.5707300e+01  -3.0000000e+00
   1.5700000e+02  -1.3879900e+01  -1.0619000e+01   1.9366800e+01  -2.0000000e+00
   1.5800000e+02   3.5396900e+00   1.3611900e+01   3.2462000e+01   2.0000000e+00
   1.5900000e+02   1.0406400e+01  -7.2365400e+00   5.8476600e+01   1.0000000e+00
   1.6000000e+02  -1.2719500e+01   1.3704500e+01   2.6386000e+01  -1.0000000e+00
   1.6100000e+02   1.4060000e+01  -5.2181300e+00   5.6595200e+01  -2.0000000e+00
   1.6200000e+02   1.3732200e+01   1.5302500e+00   3.3133500e+01   2.0000000e+00
   1.6300000e+02   4.9883300e+00  -8.1381800e+00   5.8350400e+01   1.0000000e+00
   1.6400000e+02   1.5091000e+01   1.2373700e+01   3.3599800e+01  -1.0000000e+00
   1.6500000e+02  -5.6914000e+00  -5.7141800e+00   5.7970700e+01   1.0000000e+00
   1.6600000e+02  -5.9486400e+00  -1.1907400e+01   5.4801500e+01  -3.0000000e+00
   1.6700000e+02   1.0280600e+01  -1.1414100e+01   5.8612600e+01   1.0000000e+00
   1.6800000e+02   1.7828900e+01   5.3175100e+00   3.2832400e+01  -1.0000000e+00
   1.6900000e+02  -2.4797300e+00  -1.4135000e+01   5.5371100e+01   1.0000000e+00
   1.7000000e+02  -7.9828400e-01  -1.5338500e+01   5.5336700e+01   1.0000000e+00
   1.7100000e+02  -1.4915300e+00   1.1546800e+01   3.9371400e+01  -2.0000000e+00
   1.7200000e+02  -2.0139100e+00  -1.6475900e+00   5.8737800e+01   1.0000000e+00
   1.7300000e+02  -1.6630800e+01  -8.1368300e+00   4.7315500e+00  -1.0000000e+00
   1.7400000e+02   4.8923500e+00   8.1839400e+00   3.2744500e+01   2.0000000e+00
   1.7500000e+02  -3.9050900e+00   1.7761900e+00   2.1513500e+01  -3.0000000e+00
   1.7600000e+02   9.0761000e+00   8.3931800e+00   3.3294200e+01   2.0000000e+00
   1.7700000e+02   8.2975600e+00  -1.6584300e+01   5.9251000e+01  -1.0000000e+00
   1.7800000e+02  -1.2326300e+01   1.1670400e+01   1.1855900e+01  -2.0000000e+00
   1.7900000e+02  -5.5681500e+00   4.9287600e-01   3.5804800e+01  -3.0000000e+00
   1.8000000e+02  -1.1420600e+01  -7.3438400e+00   9.2696100e+00  -3.0000000e+00
   1.8100000e+02  -1.7501300e+01  -5.8615200e+00   2.2285800e+00  -1.0000000e+00
   1.8200000e+02  -9.0117200e+00   4.8971900e+00   1.2628300e+01   1.0000000e+00
   1.8300000e+02  -1.2646000e+01  -3.4195400e+00   1.5732000e+01   1.0000000e+00
   1.8400000e+02   4.4904400e+00  -9.2802000e-01   4.7659700e+01  -3.0000000e+00
   1.8500000e+02   1.2057300e+01   1.0400400e+01   3.3943000e+01   2.0000000e+00
   1.8600000e+02   1.6234800e+01  -1.7428700e+00   3.4647200e+01  -2.0000000e+00
   1.8700000e+02  -4.7301300e+00  -1.7253700e+01   4.2769000e+01  -1.0000000e+00
   1.8800000e+02  -1.3194900e+01  -1.2575500e+01   8.6863600e+00  -2.0000000e+00
   1.8900000e+02  -1.9622300e+00   4.0547900e-01   5.8032800e+01  -3.0000000e+00
   1.9000000e+02  -6.4802500e+00  -1.6088100e+01   4.2728800e+01  -2.0000000e+00
   1.9100000e+02   6.7526200e+00  -9.2220500e+00   5.8137200e+01   1.0000000e+00
   1.9200000e+02  -6.8086400e+00   1.1743700e+01   1.1482900e+01   1.0000000e+00
   1.9300000e+02  -1.2378100e+01  -1.4476200e+01   2.1434700e+01  -1.0000000e+00
   1.9400000e+02   6.6627000e+00  -1.1328000e+01   5.8167100e+01   1.0000000e+00
   1.9500000e+02  -1.4037800e+01   2.6225700e+00   1.3307100e+01   1.0000000e+00
   1.9600000e+02  -1.5074400e+01  -7.8028500e-01   1.3108900e+01   1.0000000e+00
   1.9700000e+02  -1.2162300e-01   6.1936200e+00   3.3208400e+01   2.0000000e+00
   1.9800000e+02  -1.0983200e+01   5.5210800e+00   1.2768100e+01   1.0000000e+00
   1.9900000e+02  -1.5428200e+01   8.8104500e+00   2.7666100e+01  -1.0000000e+00
   2.0000000e+02   3.1204300e+00  -9.1379500e+00   5.7567700e+01   1.0000000e+00
   2.0100000e+02   1.2195800e+00  -1.2191200e+01   5.7848100e+01   1.0000000e+00
   2.0200000e+02   1.6054500e+01  -7.7630900e+00   8.0138300e+01  -1.0000000e+00
   2.0300000e+02  -1.1821300e+01  -1.0958000e+01   2.1106900e+01   1.0000000e+00
   2.0400000e+02  -2.5569800e+00   1.8135500e+01   3.7940200e+01  -1.0000000e+00
   2.0500000e+02   8.8441300e+00   1.2003600e+01   3.3708400e+01   2.0000000e+00
   2.0600000e+02  -1.9509400e+00   2.4899100e+00   5.3714300e+01  -3.0000000e+00
   2.0700000e+02  -1.6498600e+01   5.3324500e+00   1.2247400e+01  -2.0000000e+00
   2.0800000e+02  -1.5596100e+01   1.2124000e+00   1.2922100e+01   1.0000000e+00
   2.0900000e+02   3.0560400e+00  -1.1230600e+01   5.7835100e+01   1.0000000e+00
   2.1000000e+02  -1.1127600e+01  -1.9627900e+00   1.3109900e+01   1.0000000e+00
   2.1100000e+02  -1.3107300e+01  -1.4044200e+00   1.3394400e+01   1.0000000e+00
   2.1200000e+02  -1.2028100e+01   2.0665600e+00   1.3276800e+01   1.0000000e+00
   2.1300000e+02   6.5923600e+00  -1.3405600e+01   5.8144800e+01   1.0000000e+00
   2.1400000e+02  -1.4635400e+01  -2.8769700e+00   1.3920300e+01   1.0000000e+00
   2.1500000e+02   1.1878400e+01  -1.6691900e+01   5.8065300e+01  -1.0000000e+00
   2.1600000e+02   8.5680300e+00  -8.2251100e+00   5.7931100e+01   1.0000000e+00
   2.1700000e+02  -1.3908900e+01   1.0207300e+01   1.2772100e+01  -2.0000000e+00
   2.1800000e+02  -1.7109600e+01  -1.8335500e-01   2.3044300e+00  -2.0000000e+00
   2.1900000e+02  -8.1953100e+00  -1.4847100e+01   2.5708200e+01  -2.0000000e+00
   2.2000000e+02   1.6540900e+01   7.0568900e+00   1.8859900e+01  -1.0000000e+00
   2.2100000e+02  -4.4166100e+00   9.0865300e+00   6.7407300e+00  -2.0000000e+00
   2.2200000e+02  -1.0942800e+00  -1.7382800e+01   4.2950300e+01  -2.0000000e+00
   2.2300000e+02   8.7199600e+00  -4.0640100e+00   5.1074400e+01  -2.0000000e+00
   2.2400000e+02   9.2789800e+00   4.8175000e+00   3.3418800e+01   2.0000000e+00
   2.2500000e+02   1.2048700e+01  -1.2488100e+01   5.7414200e+01  -2.0000000e+00
   2.2600000e+02   4.5598100e+00   1.5477900e+01   3.1350400e+01  -2.0000000e+00
   2.2700000e+02  -2.7638100e+00  -1.6174400e+01   5.5495000e+01  -2.0000000e+00
   2.2800000e+02   1.1597300e+01   1.4070400e+00   3.3489400e+01   2.0000000e+00
   2.2900000e+02  -3.3183300e+00   1.2492300e+01   8.9623800e+00  -1.0000000e+00
   2.3000000e+02   2.4972100e+00   1.5405900e+01   3.1431200e+01  -2.0000000e+00
   2.3100000e+02   5.5394400e+00   1.7290000e+01   3.1913600e+01  -1.0000000e+00
   2.3200000e+02   1.2811900e+01  -3.0376000e-01   3.3688000e+01   2.0000000e+00
   2.3300000e+02   3.7805200e+00   9.9679600e+00   3.2352800e+01   2.0000000e+00
   2.3400000e+02  -1.0075000e+01   1.4400100e+00   1.2727700e+01   1.0000000e+00
   2.3500000e+02   5.2099700e+00  -3.8213400e+00   4.4606300e+01  -3.0000000e+00
   2.3600000e+02   1.1143600e+01   8.4939100e+00   3.4011500e+01   2.0000000e+00
   2.3700000e+02   1.5305600e+01  -3.5798700e+00   3.0184200e+01   0.0000000e+00
   2.3800000e+02  -3.9940300e+00   1.6623200e+01   2.7219700e+01  -2.0000000e+00
   2.3900000e+02  -3.7912000e+00  -5.7737900e-01   2.9525400e+01  -3.0000000e+00
   2.4000000e+02   1.5595600e+01   5.2279400e+00   3.3577900e+01  -2.0000000e+00
   2.4100000e+02  -1.1447500e+01   7.5564000e+00   1.2967100e+01   1.0000000e+00
   2.4200000e+02   2.9523900e+00  -1.3339200e+01   5.7982600e+01   1.0000000e+00
   2.4300000e+02   8.4166900e+00  -1.2397100e+01   5.8294500e+01   1.0000000e+00
   2.4400000e+02   7.0521800e+00  -2.8470100e+00   3.0301700e+01  -3.0000000e+00
   2.4500000e+02   1.0224600e+01   6.6536600e+00   3.3661100e+01   2.0000000e+00
   2.4600000e+02  -1.6017000e+01  -1.0159800e+01   2.9704400e+00  -1.0000000e+00
   2.4700000e+02   3.3449700e+00  -4.7760600e+00   5.8236200e+01   1.0000000e+00
   2.4800000e+02   1.3813800e+01  -1.3655000e+01   5.6271500e+01  -1.0000000e+00
   2.4900000e+02  -9.5301600e+00   1.6486600e+01   1.2167100e+01  -1.0000000e+00
   2.5000000e+02   4.9063800e+00  -1.0247500e+01   5.8192700e+01   1.0000000e+00
   2.5100000e+02   6.7820700e+00   1.1868100e+01   3.3026600e+01   2.0000000e+00
   2.5200000e+02  -2.9206700e+00  -1.8302900e+01   5.7472500e+01  -1.0000000e+00
   2.5300000e+02  -1.3441000e+01  -6.9474800e+00   1.9290100e+01   1.0000000e+00
   2.5400000e+02   6.8970500e+00  -5.0161200e+00   5.7032700e+01   1.0000000e+00
   2.5500000e+02   1.0675500e+01  -4.4650300e-01   3.4436300e+01  -2.0000000e+00
   2.5600000e+02   1.2979600e+01   1.2249400e+01   3.3804600e+01  -2.0000000e+00
   2.5700000e+02   4.8275200e+00  -1.2303100e+01   5.8117700e+01   1.0000000e+00
   2.5800000e+02   1.8110100e+01   1.9549900e+00   3.7877200e+01  -1.0000000e+00
   2.5900000e+02   3.3908000e+00  -2.6749400e+00   5.0355700e+01  -3.0000000e+00
   2.6000000e+02   8.1492200e+00   6.5363600e+00   3.3139400e+01   2.0000000e+00
   2.6100000e+02  -1.1025900e+01  -1.2856400e+01   2.1234300e+01  -2.0000000e+00
   2.6200000e+02   1.6104300e+01  -5.5033800e+00   4.4289300e+01  -2.0000000e+00
   2.6300000e+02   1.0137800e+00   4.4086500e+00   3.3061600e+01   2.0000000e+00
   2.6400000e+02  -5.6449300e-01  -1.1089100e+01   5.7892800e+01   1.0000000e+00
   2.6500000e+02  -6.6162500e+00   2.2654700e+00   1.6100000e+01  -3.0000000e+00
   2.6600000e+02   1.1828700e+01   1.3973900e+01   2.1177200e+01  -2.0000000e+00
   2.6700000e+02   7.6170500e+00   1.7417400e+01   3.2044800e+01  -1.0000000e+00
   2.6800000e+02   7.1993300e+00   4.7044000e+00   3.3404100e+01   2.0000000e+00
   2.6900000e+02  -2.3614200e+00  -1.2083000e+01   5.7498500e+01   1.0000000e+00
   2.7000000e+02  -1.6067600e+01   3.2368800e+00   1.1883400e+01  -2.0000000e+00
   2.7100000e+02   1.0459700e+01   3.1143200e+00   3.3500700e+01   2.0000000e+00
   2.7200000e+02   1.2283600e+01  -4.1733800e+00   3.2061800e+01  -1.0000000e+00
   2.7300000e+02  -1.2593700e+01  -9.0306900e+00   2.1596200e+01   1.0000000e+00
   2.7400000e+02  -2.1789100e+00   6.0588600e+00   3.9235500e+01  -2.0000000e+00
   2.7500000e+02  -2.2037000e+00  -7.8892600e+00   5.8163000e+01   1.0000000e+00
   2.7600000e+02   2.8382000e+00   8.1429200e+00   3.2559900e+01   2.0000000e+00
   2.7700000e+02  -1.0530300e+01  -3.9187000e+00   1.6797800e+01  -3.0000000e+00
   2.7800000e+02   4.2247200e+00   2.7298500e+00   3.3153700e+01   2.0000000e+00
   2.7900000e+02   9.9905400e+00   1.0270500e+01   3.3596600e+01   2.0000000e+00
   2.8000000e+02  -5.5176300e+00   5.6737400e+00   1.2378700e+01  -2.0000000e+00
   2.8100000e+02   8.3341200e+00  -1.4510700e+01   5.8543600e+01  -2.0000000e+00
   2.8200000e+02   1.2595600e+01   3.2375400e+00   3.3353800e+01   2.0000000e+00
   2.8300000e+02  -7.6241300e+00  -1.1777900e+00   1.8407300e+01  -3.0000000e+00
   2.8400000e+02   1.5910400e+01   1.6503500e+00   3.5236900e+01  -2.0000000e+00
   2.8500000e+02  -9.4746400e+00   6.9465200e+00   1.2860700e+01   1.0000000e+00
   2.8600000e+02  -7.6824400e+00  -1.0787700e+01   6.3904900e+01  -3.0000000e+00
   2.8700000e+02  -1.2974000e+01   6.1378600e+00   1.2895100e+01   1.0000000e+00
   2.8800000e+02  -1.0539600e+01   3.5040600e+00   1.2748600e+01   1.0000000e+00
   2.8900000e+02  -5.2856900e+00   1.3129700e+01   1.0829400e+01  -2.0000000e+00
   2.9000000e+02  -6.1215800e-01  -1.3193600e+01   5.7350000e+01   1.0000000e+00
   2.9100000e+02   2.6768000e+00   1.1716600e+01   3.3149100e+01   2.0000000e+00
   2.9200000e+02   5.3737100e+00   9.3555400e-01   3.4167100e+01   2.0000000e+00
   2.9300000e+02   6.5158300e+00  -1.5488100e+01   5.7518600e+01  -2.0000000e+00
   2.9400000e+02  -7.0299800e+00   4.2939800e+00   1.2378300e+01   1.0000000e+00
   2.9500000e+02  -5.6302700e+00  -3.6463800e+00   7.0298800e+01  -3.0000000e+00
   2.9600000e+02  -5.7881600e+00  -7.7683900e+00   5.7980800e+01   1.0000000e+00
   2.9700000e+02  -1.8105400e+01  -3.8688200e+00   1.7174800e+01  -1.0000000e+00
   2.9800000e+02  -3.8877700e+00  -4.7384500e+00   5.8447500e+01   1.0000000e+00
   2.9900000e+02  -7.6052500e+00  -8.7305500e+00   5.8028800e+01  -3.0000000e+00
