   0.0000000e+00   5.5491200e+00   4.5546500e-01  -1.0000000e+00
   1.0000000e+00  -8.9572900e+00   6.2751500e+00   1.0000000e+00
   2.0000000e+00   8.9331900e+00   1.6266400e+01   1.0000000e+00
   3.0000000e+00   4.4138300e+00  -1.6087800e+00  -1.0000000e+00
   4.0000000e+00   1.1325700e+01  -1.1229300e+01  -1.0000000e+00
   5.0000000e+00  -9.0026400e+00  -1.1283700e+01  -1.0000000e+00
   6.0000000e+00   1.1553400e+01   1.3696000e+01   1.0000000e+00
   7.0000000e+00   1.4285800e+00  -1.4031900e+01  -1.0000000e+00
   8.0000000e+00  -1.9669700e+00  -5.6588100e+00  -1.0000000e+00
   9.0000000e+00   1.4506800e+01   8.9684200e-01  -1.0000000e+00
   1.0000000e+01  -4.0510700e+00  -1.3634200e+01  -1.0000000e+00
   1.1000000e+01   7.4885800e+00  -4.7732600e+00  -1.0000000e+00
   1.2000000e+01   3.5587700e-02  -5.1066000e+00  -1.0000000e+00
   1.3000000e+01   9.0392300e+00   1.2873200e+00   1.0000000e+00
   1.4000000e+01  -6.5082500e+00  -8.7553700e+00  -1.0000000e+00
   1.5000000e+01  -1.8390600e+01  -2.8119400e+00  -1.0000000e+00
   1.6000000e+01   7.5113000e+00   7.3272900e+00   1.0000000e+00
   1.7000000e+01   1.3470000e+01  -3.1088900e+00  -1.0000000e+00
   1.8000000e+01   4.4339900e+00  -9.4557900e+00  -1.0000000e+00
   1.9000000e+01  -1.4896800e+01  -4.1408400e+00  -1.0000000e+00
   2.0000000e+01  -1.2951000e+01   7.3132400e+00   1.0000000e+00
   2.1000000e+01   2.5110500e+00  -2.4465500e+00  -1.0000000e+00
   2.2000000e+01   6.5625700e+00   3.8897300e+00   1.0000000e+00
   2.3000000e+01   1.2493000e+01   9.6427400e+00   1.0000000e+00
   2.4000000e+01  -1.5053200e+01  -1.2846600e+01  -1.0000000e+00
   2.5000000e+01   4.5498700e-01  -1.0554800e+01  -1.0000000e+00
   2.6000000e+01   1.0480800e+01   1.0204100e+01   1.0000000e+00
   2.7000000e+01  -5.3269000e-02  -1.2581400e+01  -1.0000000e+00
   2.8000000e+01   1.4982800e+01   7.0150900e+00   1.0000000e+00
   2.9000000e+01   7.0407400e+00   9.3803700e+00   1.0000000e+00
   3.0000000e+01   2.0384600e+00  -4.4759300e+00  -1.0000000e+00
   3.1000000e+01  -1.5289700e+01   2.3475600e+00   1.0000000e+00
   3.2000000e+01  -8.0070300e+00   9.7939300e+00   1.0000000e+00
   3.3000000e+01  -4.0394300e-01   2.1476100e+00   1.0000000e+00
   3.4000000e+01  -4.9128400e+00   5.2340000e+00   1.0000000e+00
   3.5000000e+01  -1.3306600e+01   1.8250000e+00   1.0000000e+00
   3.6000000e+01  -6.8707700e+00  -3.2922900e+00  -1.0000000e+00
   3.7000000e+01   2.4144100e+00  -1.7529300e+01  -1.0000000e+00
   3.8000000e+01  -1.9536800e+00   8.1795200e+00   1.0000000e+00
   3.9000000e+01  -2.9054500e+00  -2.2223100e+00  -1.0000000e+00
   4.0000000e+01   1.1968600e+01  -1.6487900e+00  -1.0000000e+00
   4.1000000e+01  -1.5510500e+01   9.8339100e+00   1.0000000e+00
   4.2000000e+01  -1.3029600e+01  -1.2349300e+01  -1.0000000e+00
   4.3000000e+01   1.8581200e+01   2.1087600e+00   1.0000000e+00
   4.4000000e+01  -1.7287000e+00  -1.8652700e+01  -1.0000000e+00
   4.5000000e+01  -3.5451900e+00   1.4182700e+01   1.0000000e+00
   4.6000000e+01  -8.0608100e+00  -1.4777300e+01  -1.0000000e+00
   4.7000000e+01   1.1024200e+01   8.1841800e+00   1.0000000e+00
   4.8000000e+01  -9.2731200e-01  -1.6352200e+00  -1.0000000e+00
   4.9000000e+01   1.7859100e+01  -7.4899900e+00  -1.0000000e+00
   5.0000000e+01  -3.9611100e+00  -6.2185700e+00  -1.0000000e+00
   5.1000000e+01   1.0442700e+01  -7.6617500e+00  -1.0000000e+00
   5.2000000e+01  -6.5135300e+00  -1.6215800e+01  -1.0000000e+00
   5.3000000e+01   8.3474400e-02   1.5543100e-01  -1.0000000e+00
   5.4000000e+01  -7.4053000e+00  -5.2817900e+00  -1.0000000e+00
   5.5000000e+01   1.2935800e+01  -5.1099800e+00  -1.0000000e+00
   5.6000000e+01   1.3536800e+01   1.3098900e+01   1.0000000e+00
   5.7000000e+01  -3.8108200e+00   1.2501600e+00   1.0000000e+00
   5.8000000e+01   1.0085900e+00  -8.5422700e+00  -1.0000000e+00
   5.9000000e+01  -3.0931200e+00  -1.7102000e+01  -1.0000000e+00
   6.0000000e+01   1.5003500e+01   2.9654800e+00   1.0000000e+00
   6.1000000e+01  -9.9541900e+00  -7.8013500e+00  -1.0000000e+00
   6.2000000e+01  -7.0603300e+00   1.3245000e+01   1.0000000e+00
   6.3000000e+01  -3.9698500e+00   8.6928200e+00   1.0000000e+00
   6.4000000e+01  -5.9503400e+00  -6.7561000e+00  -1.0000000e+00
   6.5000000e+01  -5.4237900e+00  -4.7558300e+00  -1.0000000e+00
   6.6000000e+01  -2.9981200e+00  -9.6436400e+00  -1.0000000e+00
   6.7000000e+01   5.4431500e+00   1.5432200e+01   1.0000000e+00
   6.8000000e+01  -1.5394300e+00  -1.1110700e+01  -1.0000000e+00
   6.9000000e+01   1.9282300e+00  -1.2003000e+01  -1.0000000e+00
   7.0000000e+01  -5.6650300e-01  -1.4584800e+01  -1.0000000e+00
   7.1000000e+01   1.2815000e+01  -1.2640300e+01  -1.0000000e+00
   7.2000000e+01   4.9658300e+00  -7.4542000e+00  -1.0000000e+00
   7.3000000e+01  -1.4556700e+01   1.3360700e+01   1.0000000e+00
   7.4000000e+01  -5.0936400e+00  -1.7730600e+01  -1.0000000e+00
   7.5000000e+01  -4.9994500e+00  -1.0198700e+01  -1.0000000e+00
   7.6000000e+01   1.1037300e+01   1.5692300e+01   1.0000000e+00
   7.7000000e+01   1.4884900e+01  -1.2114000e+01  -1.0000000e+00
   7.8000000e+01   1.6032300e+01  -5.2009600e-01  -1.0000000e+00
   7.9000000e+01   8.5277200e+00   3.3098400e+00   1.0000000e+00
   8.0000000e+01  -1.4321200e+00  -3.6537500e+00  -1.0000000e+00
   8.1000000e+01   7.4606500e+00   1.4777300e+01   1.0000000e+00
   8.2000000e+01   1.4934600e+01  -4.5586400e+00  -1.0000000e+00
   8.3000000e+01  -9.4677200e+00   8.3101500e+00   1.0000000e+00
   8.4000000e+01  -1.0010200e+01   1.0311600e+01   1.0000000e+00
   8.5000000e+01  -1.3997100e+01   1.1318800e+01   1.0000000e+00
   8.6000000e+01  -5.5174700e+00  -1.2210900e+01  -1.0000000e+00
   8.7000000e+01   6.0099400e+00   5.9174400e+00   1.0000000e+00
   8.8000000e+01   2.9789800e+00   1.0487200e+01   1.0000000e+00
   8.9000000e+01  -8.3971100e+00   4.2810700e+00   1.0000000e+00
   9.0000000e+01   3.9343200e+00   1.3993500e+01   1.0000000e+00
   9.1000000e+01  -2.0238100e+00   1.5600200e-01  -1.0000000e+00
   9.2000000e+01   2.0772100e+00  -4.1631600e-01  -1.0000000e+00
   9.3000000e+01  -6.1002800e+00   1.6687800e+01   1.0000000e+00
   9.4000000e+01  -7.7921100e+00   2.3060800e+00   1.0000000e+00
   9.5000000e+01   7.9619800e+00   1.2781200e+01   1.0000000e+00
   9.6000000e+01   4.3846100e-01   1.3084100e+01   1.0000000e+00
   9.7000000e+01  -8.6226800e+00  -1.6830100e+01  -1.0000000e+00
   9.8000000e+01  -1.1823100e+01   3.3219900e+00   1.0000000e+00
   9.9000000e+01   2.4529300e+00  -1.0014500e+01  -1.0000000e+00
   1.0000000e+02   8.3742800e+00  -1.5868900e+01  -1.0000000e+00
   1.0100000e+02   4.4302400e+00  -1.7002800e+01  -1.0000000e+00
   1.0200000e+02  -4.8821200e+00  -2.7533300e+00  -1.0000000e+00
   1.0300000e+02  -1.4341700e+00   6.1775000e+00   1.0000000e+00
   1.0400000e+02  -1.3725200e+01  -1.9019100e-01   1.0000000e+00
   1.0500000e+02  -1.2564200e+01   1.2835100e+01   1.0000000e+00
   1.0600000e+02  -1.1024900e+01  -1.1834100e+01  -1.0000000e+00
   1.0700000e+02  -9.7453100e+00  -2.7422700e-01  -1.0000000e+00
   1.0800000e+02  -6.0583300e+00  -1.4198500e+01  -1.0000000e+00
   1.0900000e+02   9.5231700e+00   6.7519400e+00   1.0000000e+00
   1.1000000e+02   9.0022600e+00   8.7512200e+00   1.0000000e+00
   1.1100000e+02  -1.2489200e+01  -1.0322400e+01  -1.0000000e+00
   1.1200000e+02   1.3855900e+01  -8.6322400e+00  -1.0000000e+00
   1.1300000e+02  -1.0309900e+01  -2.3198100e+00  -1.0000000e+00
   1.1400000e+02  -3.4199300e+00  -4.2027900e+00  -1.0000000e+00
   1.1500000e+02  -4.5447800e+00  -1.5630500e+01  -1.0000000e+00
   1.1600000e+02  -1.0949100e+01   6.8250700e+00   1.0000000e+00
   1.1700000e+02  -9.0670900e+00   1.3823700e+01   1.0000000e+00
   1.1800000e+02   1.4085800e+00   1.6646500e+01   1.0000000e+00
   1.1900000e+02  -9.4328900e+00  -5.8026300e+00  -1.0000000e+00
   1.2000000e+02   3.0773100e+00   3.0394200e+00   1.0000000e+00
   1.2100000e+02  -8.4929500e+00  -9.3082600e+00  -1.0000000e+00
   1.2200000e+02  -8.5278700e+00   1.1813300e+01   1.0000000e+00
   1.2300000e+02   1.2492200e+01   3.6996600e-01  -1.0000000e+00
   1.2400000e+02  -1.6981000e+01  -4.5607400e+00  -1.0000000e+00
   1.2500000e+02   4.0057800e+00  -3.8796900e+00  -1.0000000e+00
   1.2600000e+02   1.2417200e+01  -7.1222500e+00  -1.0000000e+00
   1.2700000e+02   1.5339900e+01  -1.0077000e+01  -1.0000000e+00
   1.2800000e+02   1.3004200e+01   7.6229600e+00   1.0000000e+00
   1.2900000e+02  -6.0163000e+00   9.2363200e+00   1.0000000e+00
   1.3000000e+02   1.3504800e+01   5.5610500e+00   1.0000000e+00
   1.3100000e+02   1.2402000e+01  -1.4713200e+01  -1.0000000e+00
   1.3200000e+02  -1.6336700e+01  -2.5656900e+00  -1.0000000e+00
   1.3300000e+02   3.5599200e+00   1.0184200e+00   1.0000000e+00
   1.3400000e+02   8.4520900e+00  -8.2461300e+00  -1.0000000e+00
   1.3500000e+02   5.5228800e+00   7.9436600e+00   1.0000000e+00
   1.3600000e+02  -1.7564800e+01   3.1270600e+00   1.0000000e+00
   1.3700000e+02   8.8575100e+00  -1.3830200e+01  -1.0000000e+00
   1.3800000e+02  -3.0820200e+00   1.2147900e+01   1.0000000e+00
   1.3900000e+02  -1.1483700e+01   8.8259700e+00   1.0000000e+00
   1.4000000e+02  -7.5821500e+00   1.5245300e+01   1.0000000e+00
   1.4100000e+02   7.9302800e+00  -1.0341700e+01  -1.0000000e+00
   1.4200000e+02  -6.3043500e-01   1.7144900e+01   1.0000000e+00
   1.4300000e+02   9.8911600e+00  -9.7591200e+00  -1.0000000e+00
   1.4400000e+02   8.5120500e+00   1.0808200e+01   1.0000000e+00
   1.4500000e+02   8.0434800e+00   5.3285900e+00   1.0000000e+00
   1.4600000e+02  -2.0566900e+00  -1.3121600e+01  -1.0000000e+00
   1.4700000e+02   1.0867000e+01  -1.3262600e+01  -1.0000000e+00
   1.4800000e+02   3.4072200e+00  -1.3457900e+01  -1.0000000e+00
   1.4900000e+02   1.0503100e+01  -1.6385100e-01  -1.0000000e+00
   1.5000000e+02   1.0935300e+01  -5.6562900e+00  -1.0000000e+00
   1.5100000e+02   5.0647800e+00   2.4627800e+00   1.0000000e+00
   1.5200000e+02  -9.5142700e+00  -1.3286000e+01  -1.0000000e+00
   1.5300000e+02  -1.5358600e+00   1.3659600e+01   1.0000000e+00
   1.5400000e+02   1.5482600e+01  -2.5535700e+00  -1.0000000e+00
   1.5500000e+02   1.6571400e+01   1.5283000e+00   1.0000000e+00
   1.5600000e+02  -8.0621400e+00   1.7404400e+01   1.0000000e+00
   1.5700000e+02   3.4893300e+00   8.4989600e+00   1.0000000e+00
   1.5800000e+02   6.4428100e+00  -1.6579800e+01  -1.0000000e+00
   1.5900000e+02   6.0099800e+00  -3.3647400e+00  -1.0000000e+00
   1.6000000e+02   6.4450700e+00  -8.8896100e+00  -1.0000000e+00
   1.6100000e+02   1.4402800e+01  -6.5754000e+00  -1.0000000e+00
   1.6200000e+02   9.4683300e+00  -4.2133900e+00  -1.0000000e+00
   1.6300000e+02  -8.8629300e+00  -3.8300200e+00  -1.0000000e+00
   1.6400000e+02   1.3350700e+01  -1.0642900e+01  -1.0000000e+00
   1.6500000e+02   6.9562900e+00  -6.8375500e+00  -1.0000000e+00
   1.6600000e+02   5.6790600e-01   5.6154400e+00   1.0000000e+00
   1.6700000e+02   6.9384700e+00   1.6870500e+01   1.0000000e+00
   1.6800000e+02  -2.6091600e+00   1.7760800e+01   1.0000000e+00
   1.6900000e+02  -3.5172600e+00  -1.1647800e+01  -1.0000000e+00
   1.7000000e+02  -1.3813000e+01   3.8267300e+00   1.0000000e+00
   1.7100000e+02  -2.3868400e+00   2.7254900e+00   1.0000000e+00
   1.7200000e+02   1.0806800e+00   3.6139600e+00   1.0000000e+00
   1.7300000e+02  -2.5507400e+00  -1.5118900e+01  -1.0000000e+00
   1.7400000e+02  -1.1940300e+01  -8.3118600e+00  -1.0000000e+00
   1.7500000e+02   6.4775500e+00   1.1363600e+01   1.0000000e+00
   1.7600000e+02   4.5581600e+00   4.4624500e+00   1.0000000e+00
   1.7700000e+02   9.4609400e+00   1.4259600e+01   1.0000000e+00
   1.7800000e+02  -5.5646400e+00   1.4674800e+01   1.0000000e+00
   1.7900000e+02  -1.1210000e+01   1.4458300e+01   1.0000000e+00
   1.8000000e+02  -1.3527000e+01  -1.4469800e+01  -1.0000000e+00
   1.8100000e+02  -1.2395000e+01   5.3314700e+00   1.0000000e+00
   1.8200000e+02   4.9890000e+00   9.9321500e+00   1.0000000e+00
   1.8300000e+02  -1.4965600e+01   7.8099000e+00   1.0000000e+00
   1.8400000e+02  -1.5404000e+01  -6.1561200e+00  -1.0000000e+00
   1.8500000e+02  -1.2346000e+01  -2.8795200e+00  -1.0000000e+00
   1.8600000e+02   1.9223400e+00   1.4608200e+01   1.0000000e+00
   1.8700000e+02   1.6990800e+01   6.4881400e+00   1.0000000e+00
   1.8800000e+02   1.6463600e+01   8.5637300e+00   1.0000000e+00
   1.8900000e+02  -1.0499500e+01  -9.7899100e+00  -1.0000000e+00
   1.9000000e+02  -4.3757600e+00   3.2392500e+00   1.0000000e+00
   1.9100000e+02   5.3662600e-01  -3.0769500e+00  -1.0000000e+00
   1.9200000e+02   6.4850500e+00  -1.3710600e+00  -1.0000000e+00
   1.9300000e+02   1.4476400e+01   9.0629000e+00   1.0000000e+00
   1.9400000e+02   4.4525100e+00   1.1929300e+01   1.0000000e+00
   1.9500000e+02  -1.0386200e+01   4.8106200e+00   1.0000000e+00
   1.9600000e+02  -4.9188700e-01  -7.0979600e+00  -1.0000000e+00
   1.9700000e+02  -7.9352400e+00  -7.2679700e+00  -1.0000000e+00
   1.9800000e+02  -7.4823500e+00   7.7517100e+00   1.0000000e+00
   1.9900000e+02   1.1458300e+01  -3.6622100e+00  -1.0000000e+00
   2.0000000e+02  -1.7849300e+01  -7.5323600e-01  -1.0000000e+00
   2.0100000e+02  -1.6520900e+01   6.4421800e+00   1.0000000e+00
   2.0200000e+02  -1.0092400e+00  -9.1182700e+00  -1.0000000e+00
   2.0300000e+02  -1.0100700e+01  -1.5305100e+01  -1.0000000e+00
   2.0400000e+02  -1.0443800e+00   1.1605700e+01   1.0000000e+00
   2.0500000e+02   5.4025200e+00  -1.2911500e+01  -1.0000000e+00
   2.0600000e+02   5.5084300e+00  -5.3868000e+00  -1.0000000e+00
   2.0700000e+02   1.5861900e+01  -8.0734300e+00  -1.0000000e+00
   2.0800000e+02   7.0513800e+00   1.8606000e+00   1.0000000e+00
   2.0900000e+02  -7.5155000e+00  -1.2760900e+01  -1.0000000e+00
   2.1000000e+02  -2.4925700e+00  -7.6508400e+00  -1.0000000e+00
   2.1100000e+02  -2.9001900e+00   4.7125000e+00   1.0000000e+00
   2.1200000e+02   4.8831700e+00  -1.4930200e+01  -1.0000000e+00
   2.1300000e+02  -4.3472000e+00  -7.2494800e-01  -1.0000000e+00
   2.1400000e+02   1.1978200e+01   1.1651400e+01   1.0000000e+00
   2.1500000e+02  -8.3158700e+00  -1.8175000e+00  -1.0000000e+00
   2.1600000e+02   1.5476500e+01   4.9667300e+00   1.0000000e+00
   2.1700000e+02  -5.0671800e+00   1.2667500e+01   1.0000000e+00
   2.1800000e+02  -1.0547100e+01   1.2366300e+01   1.0000000e+00
   2.1900000e+02  -1.4274200e+01  -2.1785900e+00  -1.0000000e+00
   2.2000000e+02   3.9233500e+00  -1.1453200e+01  -1.0000000e+00
   2.2100000e+02  -1.3440900e+01  -6.8467400e+00  -1.0000000e+00
   2.2200000e+02   1.0018500e+01   4.7377800e+00   1.0000000e+00
   2.2300000e+02  -6.9922500e+00  -1.0762000e+01  -1.0000000e+00
   2.2400000e+02   5.9273700e+00   1.3377200e+01   1.0000000e+00
   2.2500000e+02   7.9984300e+00  -2.7666800e+00  -1.0000000e+00
   2.2600000e+02  -4.4891100e+00  -8.1986000e+00  -1.0000000e+00
   2.2700000e+02   9.9958600e+00  -2.2078900e+00  -1.0000000e+00
   2.2800000e+02  -1.0853600e+00  -1.6602200e+01  -1.0000000e+00
   2.2900000e+02   2.9086300e+00  -1.5499800e+01  -1.0000000e+00
   2.3000000e+02  -6.3343500e+00  -1.2785300e+00  -1.0000000e+00
   2.3100000e+02  -6.9306700e+00   5.7554300e+00   1.0000000e+00
   2.3200000e+02  -1.5899300e+01  -8.1655800e+00  -1.0000000e+00
   2.3300000e+02  -1.7414000e+01  -6.5670100e+00  -1.0000000e+00
   2.3400000e+02  -1.5730000e+01  -6.0683300e-01  -1.0000000e+00
   2.3500000e+02   1.7065200e+01  -4.0843000e+00  -1.0000000e+00
   2.3600000e+02   1.4974100e+00   9.0677200e+00   1.0000000e+00
   2.3700000e+02  -1.2937400e+01  -4.8432000e+00  -1.0000000e+00
   2.3800000e+02   1.1526100e+01   6.1615000e+00   1.0000000e+00
   2.3900000e+02   4.8792900e+00   1.7461300e+01   1.0000000e+00
   2.4000000e+02   8.9597100e+00  -6.2332500e+00  -1.0000000e+00
   2.4100000e+02   1.6986900e+01   3.5814900e+00   1.0000000e+00
   2.4200000e+02   4.0294400e+00   6.4862900e+00   1.0000000e+00
   2.4300000e+02   9.5626100e-01   1.1088400e+01   1.0000000e+00
   2.4400000e+02   1.3963200e+01  -1.0993200e+00  -1.0000000e+00
   2.4500000e+02   5.9374600e+00  -1.0882500e+01  -1.0000000e+00
   2.4600000e+02   7.3878500e+00  -1.2353600e+01  -1.0000000e+00
   2.4700000e+02  -1.4491200e+01  -1.0832700e+01  -1.0000000e+00
   2.4800000e+02   1.0692700e+01   2.5175500e+00   1.0000000e+00
   2.4900000e+02   4.4009400e-02   7.6268100e+00   1.0000000e+00
   2.5000000e+02   1.8078500e+01   7.9869700e-02  -1.0000000e+00
   2.5100000e+02   1.5882000e+00   1.6110300e+00   1.0000000e+00
   2.5200000e+02   6.8976200e+00  -1.4432500e+01  -1.0000000e+00
   2.5300000e+02  -3.4344100e+00   6.6963500e+00   1.0000000e+00
   2.5400000e+02  -9.6061000e+00   1.5863400e+01   1.0000000e+00
   2.5500000e+02  -7.7517100e+00   2.1624300e-01   1.0000000e+00
   2.5600000e+02   3.9201800e-01  -1.8104200e+01  -1.0000000e+00
   2.5700000e+02  -4.6590500e+00   1.8175800e+01   1.0000000e+00
   2.5800000e+02   1.7630200e+01  -1.9644300e+00  -1.0000000e+00
   2.5900000e+02   1.1987400e+01   4.1483400e+00   1.0000000e+00
   2.6000000e+02   9.9791000e+00   1.2256400e+01   1.0000000e+00
   2.6100000e+02   2.5485700e+00   5.0445700e+00   1.0000000e+00
   2.6200000e+02  -6.5304700e+00   1.1228200e+01   1.0000000e+00
   2.6300000e+02   1.3010000e+01   2.3607200e+00   1.0000000e+00
   2.6400000e+02  -4.5169600e+00   1.0669400e+01   1.0000000e+00
   2.6500000e+02   9.3650400e+00  -1.1827300e+01  -1.0000000e+00
   2.6600000e+02  -1.1256500e+01   1.2544400e+00   1.0000000e+00
   2.6700000e+02   1.0342600e+01  -1.5259800e+01  -1.0000000e+00
   2.6800000e+02   3.5130600e+00  -5.9708300e+00  -1.0000000e+00
   2.6900000e+02   2.4681600e+00   1.2537800e+01   1.0000000e+00
   2.7000000e+02  -2.1087800e+00   1.5652700e+01   1.0000000e+00
   2.7100000e+02   1.5231200e+00  -6.5244000e+00  -1.0000000e+00
   2.7200000e+02  -1.3939700e+01  -8.8527400e+00  -1.0000000e+00
   2.7300000e+02  -9.8022500e+00   2.7350700e+00   1.0000000e+00
   2.7400000e+02  -1.1777400e+01  -8.6052000e-01  -1.0000000e+00
   2.7500000e+02   1.7318000e+01  -9.5406900e+00  -1.0000000e+00
   2.7600000e+02   2.0443500e+00   7.0491300e+00   1.0000000e+00
   2.7700000e+02  -1.4436300e+01   5.8264600e+00   1.0000000e+00
   2.7800000e+02   8.4950600e+00  -7.0239500e-01  -1.0000000e+00
   2.7900000e+02   1.6384600e+01  -6.0656300e+00  -1.0000000e+00
   2.8000000e+02   2.9847800e+00  -7.9868100e+00  -1.0000000e+00
   2.8100000e+02  -1.2004300e+01   1.0835100e+01   1.0000000e+00
   2.8200000e+02  -4.1073400e+00   1.6174500e+01   1.0000000e+00
   2.8300000e+02  -1.5875700e+01   4.3665900e+00   1.0000000e+00
   2.8400000e+02  -1.1553200e+01  -1.3824300e+01  -1.0000000e+00
   2.8500000e+02  -2.5204500e+00   1.0156000e+01   1.0000000e+00
   2.8600000e+02  -1.0865600e+01  -4.3116900e+00  -1.0000000e+00
   2.8700000e+02  -4.8837700e-01   9.6283000e+00   1.0000000e+00
   2.8800000e+02  -5.9275900e+00   1.1701000e+00   1.0000000e+00
   2.8900000e+02   3.4255800e+00   1.6000400e+01   1.0000000e+00
   2.9000000e+02  -1.3505400e+01   9.3222700e+00   1.0000000e+00
   2.9100000e+02  -5.4556000e+00   7.2477900e+00   1.0000000e+00
   2.9200000e+02  -6.3478400e+00   3.7743600e+00   1.0000000e+00
   2.9300000e+02   1.3971800e+01   1.1070800e+01   1.0000000e+00
   2.9400000e+02  -1.1440000e+01  -6.3281600e+00  -1.0000000e+00
   2.9500000e+02  -1.6930700e+01   1.0963300e+00   1.0000000e+00
   2.9600000e+02  -8.2895300e-02   1.5124500e+01   1.0000000e+00
   2.9700000e+02   1.1875300e+01  -9.1777500e+00  -1.0000000e+00
   2.9800000e+02  -9.2037300e-01   4.1624000e+00   1.0000000e+00
   2.9900000e+02   9.2432900e-01  -1.6021300e+01  -1.0000000e+00
