   0.0000000e+00  -1.3859500e+01   1.3368100e+01   3.4882400e+00  -1.0000000e+00
   1.0000000e+00   1.5546600e+01  -5.2325200e+00   3.2497400e+01  -2.0000000e+00
   2.0000000e+00   4.8650900e+00   1.4682600e+00   3.2578400e+01   1.0000000e+00
   3.0000000e+00   2.1124600e+00   1.7846900e+01   3.7966600e+00  -1.0000000e+00
   4.0000000e+00  -1.3085400e+01   9.8726700e-01   3.9924400e+00   2.0000000e+00
   5.0000000e+00   4.0040500e+00   1.6789100e+01   1.6152500e+01  -2.0000000e+00
   6.0000000e+00   6.4276300e+00  -1.1017800e+01   3.2145700e+01   1.0000000e+00
   7.0000000e+00   1.5015000e+01   5.5610400e+00   3.3408100e+01  -2.0000000e+00
   8.0000000e+00  -1.4418500e+01  -6.4896000e+00   5.0251500e+00  -2.0000000e+00
   9.0000000e+00   1.5971600e+01   7.4766400e+00   1.8090800e+01  -1.0000000e+00
   1.0000000e+01   8.4823000e+00  -1.0949700e+01   3.1968100e+01   1.0000000e+00
   1.1000000e+01   9.0007000e+00   1.6555100e+00   3.2464400e+01   1.0000000e+00
   1.2000000e+01  -2.8398000e+00   1.0054900e+01   4.4030800e+00   2.0000000e+00
   1.3000000e+01   4.6984400e+00   5.0511300e+00   4.4959300e+01   1.0000000e+00
   1.4000000e+01  -1.1829700e+00   1.3348200e+01   3.7841100e+00   2.0000000e+00
   1.5000000e+01   1.6436000e+01   2.1806000e-01   3.2925200e+01  -2.0000000e+00
   1.6000000e+01  -7.7439900e+00   2.3689800e+00   3.5876100e+00   2.0000000e+00
   1.7000000e+01  -1.2732100e+01  -5.2661300e+00   4.5854000e+00   2.0000000e+00
   1.8000000e+01  -3.0642100e+00   1.4248500e+01   4.1723200e+00   2.0000000e+00
   1.9000000e+01   8.1789500e+00  -3.7430900e+00   3.2283800e+01   1.0000000e+00
   2.0000000e+01   9.7195300e+00   7.1202500e+00   3.2966100e+01   1.0000000e+00
   2.1000000e+01  -1.4159100e+01  -1.0598000e+01   1.6777500e+00  -1.0000000e+00
   2.2000000e+01   8.3172200e+00  -7.3048500e+00   3.2497800e+01   1.0000000e+00
   2.3000000e+01  -1.3522900e+01   7.1842300e+00   4.1693600e+00  -2.0000000e+00
   2.4000000e+01  -1.3411500e+00   1.5403000e+01   4.4210900e+00  -2.0000000e+00
   2.5000000e+01  -4.1434800e+00  -1.8791200e+00   4.7203400e+01  -3.0000000e+00
   2.6000000e+01   5.5011400e+00  -1.6457400e+01   4.3828200e+01  -2.0000000e+00
   2.7000000e+01   4.9918000e+00  -2.0813400e+00   3.2350400e+01   1.0000000e+00
   2.8000000e+01   7.8998300e+00   3.4049600e+00   3.2609300e+01   1.0000000e+00
   2.9000000e+01   3.2079800e-01  -1.8459200e+01   3.1567900e+01  -1.0000000e+00
   3.0000000e+01  -2.9845500e+00  -9.5711500e+00   3.1560800e+01   1.0000000e+00
   3.1000000e+01   9.5491000e+00   1.0729400e+01   3.4516000e+01   1.0000000e+00
   3.2000000e+01  -3.9857000e+00  -1.1364700e+01   3.1381200e+01   1.0000000e+00
   3.3000000e+01  -1.6579100e+01  -1.3105800e+00   3.8659400e+00  -2.0000000e+00
   3.4000000e+01   8.0473400e+00  -1.6409900e-01   3.2496500e+01   1.0000000e+00
   3.5000000e+01  -5.8910000e+00   1.4435500e+00   3.4176500e+00   2.0000000e+00
   3.6000000e+01  -1.1092300e+01  -2.0117000e+00   3.4326200e+00   2.0000000e+00
   3.7000000e+01  -2.3441000e+00  -6.1659100e-01   3.6009600e+01  -3.0000000e+00
   3.8000000e+01   2.2620500e+00   1.5709300e+01   3.4930300e+00  -2.0000000e+00
   3.9000000e+01  -1.1257200e+01  -1.3414400e+01   1.8861400e+01  -2.0000000e+00
   4.0000000e+01  -1.1494600e+01   4.1840300e+00   3.3921300e+00   2.0000000e+00
   4.1000000e+01  -3.1640500e+00  -5.8343400e+00   4.7698100e+01  -3.0000000e+00
   4.2000000e+01  -3.0202700e+00  -3.6632100e+00   4.6252000e+01  -3.0000000e+00
   4.3000000e+01   2.6388100e+00   4.9602300e+00   4.1110500e+01  -3.0000000e+00
   4.4000000e+01  -1.6861700e+01   2.8155900e+00  -8.3415300e+00  -2.0000000e+00
   4.5000000e+01  -7.3055700e+00  -3.9812100e+00  -2.8076200e+00  -3.0000000e+00
   4.6000000e+01  -1.1912800e-01  -4.0836400e+00   3.3029500e+01  -3.0000000e+00
   4.7000000e+01  -5.9990400e+00   3.5069700e+00   3.4790100e+00   2.0000000e+00
   4.8000000e+01   1.0670200e+01   8.9608800e+00   3.2537200e+01   1.0000000e+00
   4.9000000e+01  -3.8341600e+00  -1.8604900e+01   3.1161500e+01  -1.0000000e+00
   5.0000000e+01   1.2778400e+01   9.0343700e+00   3.3477200e+01   1.0000000e+00
   5.1000000e+01   1.1676500e+01  -1.2617000e+01   3.2101100e+01  -2.0000000e+00
   5.2000000e+01   6.7574000e+00   5.1873200e+00   3.3159200e+01   1.0000000e+00
   5.3000000e+01  -1.3493000e+00  -2.4157700e+00   2.7377700e+01  -3.0000000e+00
   5.4000000e+01   3.8523800e-01   1.6564100e+01   1.6575400e+01  -2.0000000e+00
   5.5000000e+01  -1.6122600e+01  -7.7031600e+00   5.5877500e+00  -1.0000000e+00
   5.6000000e+01   7.4686800e+00   1.0569200e+01   3.3727200e+01   1.0000000e+00
   5.7000000e+01   4.0316000e+00  -3.9088000e+00   3.2523100e+01   1.0000000e+00
   5.8000000e+01   7.0925900e+00  -1.9968200e+00   3.2282300e+01   1.0000000e+00
   5.9000000e+01  -3.2137200e+00   1.6304500e+01   1.5672300e+01  -2.0000000e+00
   6.0000000e+01   4.2943100e+00  -1.1106700e+01   3.2014100e+01   1.0000000e+00
   6.1000000e+01  -1.8326800e+01  -2.4952500e+00  -9.7664600e+00  -1.0000000e+00
   6.2000000e+01   1.3087100e+00  -1.6612500e+01   3.1611400e+01  -2.0000000e+00
   6.3000000e+01  -8.2667300e+00   1.0678500e+01   3.7120500e+00   2.0000000e+00
   6.4000000e+01  -4.9731900e+00   1.5072400e+01   3.3078500e+00  -2.0000000e+00
   6.5000000e+01   8.7481500e-01   8.2187400e+00   3.8088800e+00   2.0000000e+00
   6.6000000e+01  -1.0056600e+01   9.4605500e+00   3.7445000e+00   2.0000000e+00
   6.7000000e+01  -1.3338600e+01   5.1094000e+00   3.3326300e+00   2.0000000e+00
   6.8000000e+01   5.3072900e+00  -9.2828000e+00   3.2208400e+01   1.0000000e+00
   6.9000000e+01  -9.8007600e-01   9.1510800e+00   3.8752400e+00   2.0000000e+00
   7.0000000e+01   7.3738800e+00  -9.1602400e+00   3.2477300e+01   1.0000000e+00
   7.1000000e+01  -1.0827300e+01  -6.1369400e+00   5.3023200e+00  -3.0000000e+00
   7.2000000e+01   1.0317700e+01   1.2625000e+01   3.5457000e+01   1.0000000e+00
   7.3000000e+01  -8.1560000e+00  -1.1501200e+01   3.1858400e+01   1.0000000e+00
   7.4000000e+01  -1.0940700e+01  -4.0721900e+00   3.3076500e+00   2.0000000e+00
   7.5000000e+01   1.6703100e+01  -7.0123100e+00   4.7455200e+01  -1.0000000e+00
   7.6000000e+01   1.0655300e+01  -1.4454000e+01   3.2013000e+01  -2.0000000e+00
   7.7000000e+01  -9.2125100e+00  -9.7311900e+00   3.4608100e+01  -3.0000000e+00
   7.8000000e+01  -2.2272000e+00   1.5989000e+00   3.8976400e+01  -3.0000000e+00
   7.9000000e+01  -1.4574200e+01  -4.3423400e+00   3.4779300e+00   2.0000000e+00
   8.0000000e+01   1.2463900e+01  -7.1497600e+00   3.2062800e+01   1.0000000e+00
   8.1000000e+01  -9.8970400e+00   7.4115900e+00   4.4182700e+00   2.0000000e+00
   8.2000000e+01  -1.8061200e+00  -1.4931400e+01   3.1360500e+01   1.0000000e+00
   8.3000000e+01   1.7068600e+01   5.7262900e+00   3.3810300e+01  -1.0000000e+00
   8.4000000e+01  -9.1386100e+00  -1.3328500e+01   3.2049600e+01  -2.0000000e+00
   8.5000000e+01  -6.9230800e+00  -1.6935400e+01   3.2789500e+01  -1.0000000e+00
   8.6000000e+01   1.7576700e+01  -1.5225800e+00   1.6742000e+01  -1.0000000e+00
   8.7000000e+01   9.0860300e+00   1.4389400e+01   3.4698300e+01  -2.0000000e+00
   8.8000000e+01   3.1026500e+00  -5.7390900e+00   3.2274000e+01   1.0000000e+00
   8.9000000e+01  -1.0534200e+01  -8.1607700e+00   9.0420000e+00  -3.0000000e+00
   9.0000000e+01   1.8108600e-02  -7.6304900e+00   3.2569500e+01   1.0000000e+00
   9.1000000e+01   1.0286900e+01  -3.6451700e+00   3.2399700e+01   1.0000000e+00
   9.2000000e+01  -7.1493700e+00  -9.6785000e+00   3.2595000e+01   1.0000000e+00
   9.3000000e+01   2.8138700e+00   7.3276200e+00   3.9573800e+01  -3.0000000e+00
   9.4000000e+01   1.1166600e+01   1.4525500e+01   2.2279900e+01  -2.0000000e+00
   9.5000000e+01   1.4281800e+01   1.2526900e-01   3.2549200e+01   1.0000000e+00
   9.6000000e+01   6.5083300e+00  -1.4611200e+01   3.1017800e+01  -2.0000000e+00
   9.7000000e+01  -1.7640000e+00  -1.8512100e+01   3.1331100e+01  -1.0000000e+00
   9.8000000e+01   6.1013900e+00  -3.8309200e+00   3.2310800e+01   1.0000000e+00
   9.9000000e+01   5.6485700e+00   1.8076200e+01   7.3771400e+00  -1.0000000e+00
   1.0000000e+02   2.5677500e+00   9.3957800e+00   3.7281700e+00  -3.0000000e+00
   1.0100000e+02  -1.4681600e+01  -2.2338700e+00   3.6965900e+00   2.0000000e+00
   1.0200000e+02   5.2234400e-01   1.4520600e+01   4.2191100e+00   2.0000000e+00
   1.0300000e+02   5.9005900e+00   1.5932900e+01   5.1090600e+00  -2.0000000e+00
   1.0400000e+02   8.5933700e+00  -1.4597500e+01   3.1679600e+01  -2.0000000e+00
   1.0500000e+02  -6.0380300e+00  -1.1410400e+01   3.1955600e+01   1.0000000e+00
   1.0600000e+02   7.9545100e+00   1.6140800e+01   3.4033600e+01  -1.0000000e+00
   1.0700000e+02  -6.7152100e+00   1.3928600e+01   3.7760300e+00   2.0000000e+00
   1.0800000e+02  -1.8730500e+01   3.7595300e+00   3.3855200e+01  -1.0000000e+00
   1.0900000e+02   1.3495100e+01  -5.3413700e+00   3.1987600e+01   1.0000000e+00
   1.1000000e+02   2.1049700e+00  -7.5509500e+00   3.1892900e+01   1.0000000e+00
   1.1100000e+02   1.7646300e+01  -5.1415500e+00   4.7270900e+01  -1.0000000e+00
   1.1200000e+02  -1.4845600e+01  -1.8017600e-01   3.8371200e+00   2.0000000e+00
   1.1300000e+02   1.2746100e+01  -1.4395200e+01   4.6461900e+01  -1.0000000e+00
   1.1400000e+02  -4.2885500e+00   4.6872100e+00   3.8341700e+00   2.0000000e+00
   1.1500000e+02   1.8400800e+00  -4.4355000e-01   3.2369600e+01   1.0000000e+00
   1.1600000e+02   3.2375500e+00  -9.3366100e+00   3.1501400e+01   1.0000000e+00
   1.1700000e+02   1.3193000e+01   1.8726600e+00   3.2882300e+01   1.0000000e+00
   1.1800000e+02   8.5985300e+00   8.8577800e+00   3.3071900e+01   1.0000000e+00
   1.1900000e+02   4.3752500e+00  -1.4726000e+01   3.1895900e+01   1.0000000e+00
   1.2000000e+02   4.4799600e+00   8.6093800e+00   3.8555400e+01  -3.0000000e+00
   1.2100000e+02   1.1610200e+01   1.0830400e+01   3.4385600e+01   1.0000000e+00
   1.2200000e+02  -3.0058500e+00   1.2135500e+01   4.3271200e+00   2.0000000e+00
   1.2300000e+02   1.7168000e-01  -1.1249500e+01   3.1934600e+01   1.0000000e+00
   1.2400000e+02   7.3167500e-01   1.0359900e+01   3.0451000e+00   2.0000000e+00
   1.2500000e+02  -5.2196800e+00  -5.8684800e+00   1.4604700e+01  -3.0000000e+00
   1.2600000e+02   4.8381200e+00   1.0658500e+01   3.2383100e+01  -3.0000000e+00
   1.2700000e+02   1.1370200e+01  -5.4062100e+00   3.1931900e+01   1.0000000e+00
   1.2800000e+02   9.9626400e+00   3.5117600e+00   3.2999100e+01   1.0000000e+00
   1.2900000e+02  -4.1130500e+00  -7.6777400e+00   3.2058100e+01  -3.0000000e+00
   1.3000000e+02   5.8160600e+00   3.3131300e+00   3.2794100e+01   1.0000000e+00
   1.3100000e+02   3.7291400e+00   3.2070000e+00   3.2357000e+01   1.0000000e+00
   1.3200000e+02  -5.9224200e+00  -1.5006300e+01   3.2098000e+01  -2.0000000e+00
   1.3300000e+02  -6.5772700e+00   1.1844400e+01   4.0006300e+00   2.0000000e+00
   1.3400000e+02  -8.0364800e+00  -1.5176600e+01   2.0181000e+01  -2.0000000e+00
   1.3500000e+02  -1.2322100e+01  -1.1551700e+01   4.1767900e+01  -2.0000000e+00
   1.3600000e+02  -2.8696300e+00  -1.3144800e+01   3.1416000e+01   1.0000000e+00
   1.3700000e+02  -9.7513800e+00   5.3324100e+00   3.9974100e+00   2.0000000e+00
   1.3800000e+02   1.2742500e+00  -1.3000800e+01   3.1819700e+01   1.0000000e+00
   1.3900000e+02  -4.8604500e+00  -1.6811100e+01   1.9500300e+01  -2.0000000e+00
   1.4000000e+02   1.2387000e+01   1.2753100e+01   3.5220000e+01  -2.0000000e+00
   1.4100000e+02  -1.0272600e+01   1.3613200e+01   4.2833500e+00  -2.0000000e+00
   1.4200000e+02   6.5564700e-01   1.2434400e+01   3.1881600e+00   2.0000000e+00
   1.4300000e+02  -5.2744800e+00  -3.6577300e+00   2.4469500e+01  -3.0000000e+00
   1.4400000e+02   1.3341900e+01  -1.7172500e+00   3.2272800e+01   1.0000000e+00
   1.4500000e+02  -8.4143400e+00   1.2755300e+01   4.4839000e+00   2.0000000e+00
   1.4600000e+02   8.2695400e+00   1.2458000e+01   3.6343900e+01   1.0000000e+00
   1.4700000e+02  -1.0419400e+01   1.5706800e+01   2.0399200e+01  -1.0000000e+00
   1.4800000e+02  -1.1600400e+01   6.2454700e+00   3.8800700e+00   2.0000000e+00
   1.4900000e+02  -1.1888200e+01   1.0394600e+01   3.0884100e+00   2.0000000e+00
   1.5000000e+02   7.5733700e+00  -1.6560500e+01   3.0461300e+01  -1.0000000e+00
   1.5100000e+02   1.3586400e+01  -8.9042600e+00   3.2210700e+01  -2.0000000e+00
   1.5200000e+02   2.5004200e+00  -1.8391100e+01   3.2237400e+01  -1.0000000e+00
   1.5300000e+02   8.8192400e+00   5.2586500e+00   3.3128600e+01   1.0000000e+00
   1.5400000e+02   1.5256600e+01   1.9619000e+00   3.3089200e+01  -2.0000000e+00
   1.5500000e+02  -4.4223200e+00   6.7949600e+00   4.3350800e+00   2.0000000e+00
   1.5600000e+02   7.0218800e-01   1.2876800e+00   3.3846900e+01  -3.0000000e+00
   1.5700000e+02  -8.8107300e+00   1.7025800e+01   6.3523400e+00  -1.0000000e+00
   1.5800000e+02   1.5717300e+01  -8.8196200e+00   4.7261100e+01  -1.0000000e+00
   1.5900000e+02  -9.0831000e+00  -5.0456900e+00   1.3724000e+01  -3.0000000e+00
   1.6000000e+02  -1.3774800e+01   1.1320100e+01   3.1900200e+00  -2.0000000e+00
   1.6100000e+02  -1.4991200e+01   1.8766000e+00   4.0661100e+00   2.0000000e+00
   1.6200000e+02  -7.4212900e+00  -1.9180700e+00   4.0346000e+00  -3.0000000e+00
   1.6300000e+02   9.7480500e-01   6.1595600e+00   1.3327200e+01  -3.0000000e+00
   1.6400000e+02   3.3425900e+00  -1.2932400e+01   3.1751100e+01   1.0000000e+00
   1.6500000e+02  -2.5830000e+00   5.8832800e+00   4.2960900e+00   2.0000000e+00
   1.6600000e+02   1.0120900e+01  -7.2920100e-02   3.2566600e+01   1.0000000e+00
   1.6700000e+02  -7.2822000e+00  -6.0748400e+00   6.3972300e+00  -3.0000000e+00
   1.6800000e+02  -3.8605000e+00  -1.4943700e+01   3.1197900e+01   1.0000000e+00
   1.6900000e+02   1.0881600e+01   5.3501300e+00   3.3264400e+01   1.0000000e+00
   1.7000000e+02  -8.2393500e-01  -1.3091900e+01   3.1864900e+01   1.0000000e+00
   1.7100000e+02  -1.1786200e+01   8.3331100e+00   3.6190700e+00   2.0000000e+00
   1.7200000e+02   1.2015300e+01   3.6112700e+00   3.3235000e+01   1.0000000e+00
   1.7300000e+02  -1.6304700e+01  -5.5573500e+00  -8.6354900e+00  -2.0000000e+00
   1.7400000e+02  -1.0141400e+01   1.1565900e+01   3.8368000e+00   2.0000000e+00
   1.7500000e+02  -4.1658700e+00   2.5922100e+00   3.4428100e+00   2.0000000e+00
   1.7600000e+02  -1.6392300e+01  -3.3790900e+00   3.9010300e+00  -2.0000000e+00
   1.7700000e+02   1.3719700e+01  -1.2522900e+01   4.7077300e+01  -1.0000000e+00
   1.7800000e+02   7.6648100e+00   7.0205100e+00   3.3271900e+01   1.0000000e+00
   1.7900000e+02  -1.1335100e+01   2.1336000e+00   3.7036800e+00   2.0000000e+00
   1.8000000e+02  -9.6315900e+00   3.2702600e+00   3.9227000e+00   2.0000000e+00
   1.8100000e+02   6.2220400e+00   1.2235500e+01   4.1575400e+01  -3.0000000e+00
   1.8200000e+02  -5.7889600e+00  -6.5552700e-01   1.4372400e+01  -3.0000000e+00
   1.8300000e+02  -2.4666000e+00   3.7461700e+00   4.7141700e+00   2.0000000e+00
   1.8400000e+02   2.3291600e+00  -1.4782500e+01   3.1216500e+01   1.0000000e+00
   1.8500000e+02   1.6369200e+00   3.1408400e+00   4.5051400e+01  -3.0000000e+00
   1.8600000e+02   1.0033100e+01   1.6237600e+01   3.3014000e+01  -1.0000000e+00
   1.8700000e+02   1.3668500e+01   1.0952500e+01   3.4833400e+01  -2.0000000e+00
   1.8800000e+02   1.4104500e+01   3.7094300e+00   3.3321700e+01   1.0000000e+00
   1.8900000e+02  -9.1939300e+00  -2.9833700e+00   2.4574200e+00   2.0000000e+00
   1.9000000e+02  -1.2262800e+01  -9.4452600e+00   3.9413400e+01  -2.0000000e+00
   1.9100000e+02  -8.7068300e-01   7.0935600e+00   3.8528600e+00   2.0000000e+00
   1.9200000e+02   2.8930900e-01  -1.4817700e+01   3.1515900e+01   1.0000000e+00
   1.9300000e+02   1.1251000e+01  -1.7903500e+00   3.2597700e+01   1.0000000e+00
   1.9400000e+02  -1.1225400e+01   5.9606900e-02   3.1134500e+00   2.0000000e+00
   1.9500000e+02  -8.5863600e+00   1.4797500e+01   4.8739500e+00  -2.0000000e+00
   1.9600000e+02   6.5236000e+00   8.7422700e+00   3.4722600e+01   1.0000000e+00
   1.9700000e+02   1.1539500e+01  -8.9833000e+00   3.2750100e+01   1.0000000e+00
   1.9800000e+02   3.8875700e+00  -3.4547300e-01   3.2423300e+01   1.0000000e+00
   1.9900000e+02   1.0388200e+01  -7.2433100e+00   3.2591800e+01   1.0000000e+00
   2.0000000e+02   1.6550900e+01  -3.3558300e+00   3.1887400e+01  -2.0000000e+00
   2.0100000e+02   5.1576900e+00  -5.6671200e+00   3.2682300e+01   1.0000000e+00
   2.0200000e+02  -7.0057400e+00  -1.3236800e+01   3.2145600e+01   1.0000000e+00
   2.0300000e+02   1.2963100e+01   5.4625200e+00   3.3140500e+01   1.0000000e+00
   2.0400000e+02   2.3783800e+00   1.3627600e+01   2.9816900e+00   2.0000000e+00
   2.0500000e+02  -1.4201300e+01  -8.5403400e+00  -7.6177400e+00  -2.0000000e+00
   2.0600000e+02  -6.4408100e+00   9.7255500e+00   3.9331500e+00   2.0000000e+00
   2.0700000e+02   2.7681600e+00   1.3911100e+00   3.2657000e+01   1.0000000e+00
   2.0800000e+02  -2.7631300e-01  -5.1396100e-01   4.3898600e+01  -3.0000000e+00
   2.0900000e+02   9.4688200e+00  -9.1041200e+00   3.2484900e+01   1.0000000e+00
   2.1000000e+02   8.4007300e-01  -2.2539500e+00   3.2482800e+01   1.0000000e+00
   2.1100000e+02  -1.3431600e+01  -1.3344400e+01   5.8201700e+01  -1.0000000e+00
   2.1200000e+02   6.9192800e+00   1.5831000e+00   3.2494400e+01   1.0000000e+00
   2.1300000e+02   1.2622700e+01  -1.0737400e+01   3.2295800e+01  -2.0000000e+00
   2.1400000e+02  -2.8067500e+00  -1.6740300e+01   3.1062000e+01  -2.0000000e+00
   2.1500000e+02   4.5934000e+00  -1.8370900e+01   3.2571200e+01  -1.0000000e+00
   2.1600000e+02  -6.2940200e+00   7.6491000e+00   4.2962500e+00   2.0000000e+00
   2.1700000e+02  -1.2970000e+01  -1.0922500e+00   3.7883300e+00   2.0000000e+00
   2.1800000e+02   1.1103500e+01   1.7551300e+00   3.2882800e+01   1.0000000e+00
   2.1900000e+02  -1.2469800e+01  -7.4047900e+00   6.2025700e+00   2.0000000e+00
   2.2000000e+02  -1.7021700e+01   4.9343200e+00   1.8113200e+01  -1.0000000e+00
   2.2100000e+02  -4.9448600e+00  -1.3189900e+01   3.1638100e+01   1.0000000e+00
   2.2200000e+02   9.9439500e-01  -5.8175100e+00   3.2277600e+01   1.0000000e+00
   2.2300000e+02   2.5047700e+00   1.1457800e+01   4.2205600e+00  -3.0000000e+00
   2.2400000e+02  -1.8100200e+01  -4.5578800e+00   3.9269700e+00  -1.0000000e+00
   2.2500000e+02   1.3226600e+01   1.4657600e+01   3.5437900e+01  -1.0000000e+00
   2.2600000e+02  -2.7299600e+00   7.9602200e+00   4.0234800e+00   2.0000000e+00
   2.2700000e+02  -4.9752100e+00   1.7395500e+01   1.6064600e+00  -1.0000000e+00
   2.2800000e+02  -1.8521500e+01  -3.0957700e-01   2.7685900e+00  -1.0000000e+00
   2.2900000e+02  -9.2514800e-01  -9.4885600e+00   3.2476800e+01   1.0000000e+00
   2.3000000e+02   7.5064600e+00  -1.2787800e+01   3.1600300e+01   1.0000000e+00
   2.3100000e+02   1.1722400e+01  -1.6218000e+01   3.2588700e+01  -1.0000000e+00
   2.3200000e+02   1.2212800e+01   3.2867300e-02   3.2534300e+01   1.0000000e+00
   2.3300000e+02  -9.3264200e+00  -9.2603200e-01   3.1970200e+00   2.0000000e+00
   2.3400000e+02  -4.0533900e+00   5.2625100e-01   3.0892900e+01  -3.0000000e+00
   2.3500000e+02  -7.4802400e-01  -1.6692400e+01   3.1266500e+01  -2.0000000e+00
   2.3600000e+02  -8.1850400e+00   8.6035000e+00   3.8672800e+00   2.0000000e+00
   2.3700000e+02  -1.5238400e+01   6.0217900e+00   3.3515700e+00  -2.0000000e+00
   2.3800000e+02  -2.0569600e+00  -7.7184200e+00   3.1731700e+01   1.0000000e+00
   2.3900000e+02  -1.5448600e+00   1.7547400e+01   5.0351100e+00  -1.0000000e+00
   2.4000000e+02   1.8620500e+01  -3.3220500e+00   3.0962100e+01  -1.0000000e+00
   2.4100000e+02  -6.1330700e+00   5.5991500e+00   4.0433200e+00   2.0000000e+00
   2.4200000e+02  -8.4819600e+00  -7.7393400e+00   4.5475700e+01  -3.0000000e+00
   2.4300000e+02   2.9278300e+00  -2.1841900e+00   3.2262400e+01   1.0000000e+00
   2.4400000e+02  -1.5401300e+01   8.0709100e+00  -1.0713000e+01  -1.0000000e+00
   2.4500000e+02   2.2322500e+00  -1.1185500e+01   3.1858500e+01   1.0000000e+00
   2.4600000e+02  -1.2132900e+01   1.4523900e+01   1.9107000e+01  -1.0000000e+00
   2.4700000e+02   9.5703500e+00  -1.2700500e+01   3.2116500e+01   1.0000000e+00
   2.4800000e+02   1.1487800e+00  -9.3893100e+00   3.2137900e+01   1.0000000e+00
   2.4900000e+02   1.4858900e+01   9.2429800e+00   3.4204000e+01  -2.0000000e+00
   2.5000000e+02   1.4568400e+01  -7.0933700e+00   3.2107700e+01  -2.0000000e+00
   2.5100000e+02   1.2357300e+01  -3.5351500e+00   3.2145200e+01   1.0000000e+00
   2.5200000e+02   5.6218400e+00   6.9007000e+00   3.3605100e+01   1.0000000e+00
   2.5300000e+02  -9.4656900e+00   1.1798300e+00   3.6007800e+00   2.0000000e+00
   2.5400000e+02  -5.7383300e-01   2.9018800e+00   6.5893200e+00  -3.0000000e+00
   2.5500000e+02   7.0167900e+00   1.4145900e+01   3.5504200e+01  -2.0000000e+00
   2.5600000e+02  -1.1053600e+00   1.1293700e+01   3.8572700e+00   2.0000000e+00
   2.5700000e+02   9.1443200e+00  -1.9058100e+00   3.2568900e+01   1.0000000e+00
   2.5800000e+02   7.2112200e+00  -5.5733300e+00   3.2545200e+01   1.0000000e+00
   2.5900000e+02  -6.7999700e+00   1.6043200e+01   1.5939000e+01  -2.0000000e+00
   2.6000000e+02   5.4319700e+00  -1.2841700e+01   3.1770600e+01   1.0000000e+00
   2.6100000e+02   1.1775400e+01   7.1931300e+00   3.2866900e+01   1.0000000e+00
   2.6200000e+02  -1.3655600e+01   9.2768100e+00   3.6479500e+00  -2.0000000e+00
   2.6300000e+02   1.5765000e+01   1.1109900e+01   3.4373400e+01  -1.0000000e+00
   2.6400000e+02   6.2743000e+00  -7.4076600e+00   3.2808100e+01   1.0000000e+00
   2.6500000e+02  -1.2807700e+01  -3.1828600e+00   3.6321700e+00   2.0000000e+00
   2.6600000e+02  -4.5598300e+00   8.8806500e+00   4.4667300e+00   2.0000000e+00
   2.6700000e+02   9.6301700e+00  -1.6434700e+01   3.2872000e+01  -1.0000000e+00
   2.6800000e+02   5.9688100e+00  -2.5769000e-01   3.2495300e+01   1.0000000e+00
   2.6900000e+02   1.4714800e+01  -1.0684200e+01   4.6784700e+01  -1.0000000e+00
   2.7000000e+02   9.2795000e+00  -5.4824300e+00   3.2091900e+01   1.0000000e+00
   2.7100000e+02  -8.0129000e+00   6.5254600e+00   4.2206500e+00   2.0000000e+00
   2.7200000e+02  -6.2084200e+00  -7.8504200e+00   3.2252000e+01  -3.0000000e+00
   2.7300000e+02   1.5435300e+01  -1.6289100e+00   3.2448200e+01  -2.0000000e+00
   2.7400000e+02   1.9552300e+00  -3.9942000e+00   3.2460900e+01   1.0000000e+00
   2.7500000e+02   1.7363400e+01   2.0617200e+00   3.3302300e+01  -1.0000000e+00
   2.7600000e+02   4.2210500e+00  -7.5339000e+00   3.2082100e+01   1.0000000e+00
   2.7700000e+02   1.3921900e+01   7.3112500e+00   3.3338200e+01  -2.0000000e+00
   2.7800000e+02   4.1820300e+00   1.2642000e+01  -3.1891400e+00  -3.0000000e+00
   2.7900000e+02   1.4533300e+01   1.2887300e+01   2.0161200e+01  -1.0000000e+00
   2.8000000e+02  -1.8868700e+00  -1.1314800e+01   3.1708000e+01   1.0000000e+00
   2.8100000e+02  -4.8710700e+00   1.3011800e+01   4.0678700e+00   2.0000000e+00
   2.8200000e+02   1.0561300e+01  -1.0863900e+01   3.2389400e+01   1.0000000e+00
   2.8300000e+02   3.4402300e+00  -1.6563600e+01   3.2429300e+01  -2.0000000e+00
   2.8400000e+02   4.1658500e+00   1.4701600e+01   2.6711700e+00  -3.0000000e+00
   2.8500000e+02  -7.8542100e+00   4.4516500e+00   3.8032200e+00   2.0000000e+00
   2.8600000e+02  -1.3284900e+01   3.0493700e+00   3.8268200e+00   2.0000000e+00
   2.8700000e+02  -1.0088600e+01  -1.5217400e+01   3.2462700e+01  -1.0000000e+00
   2.8800000e+02  -7.6401800e+00   2.5772600e-01   4.1176400e+00   2.0000000e+00
   2.8900000e+02  -1.5519100e+01   1.0155400e+01   3.9074500e+00  -1.0000000e+00
   2.9000000e+02  -1.1173900e+00  -5.9012100e+00   4.3514200e+01  -3.0000000e+00
   2.9100000e+02  -5.0435000e+00  -9.5655800e+00   3.2164200e+01   1.0000000e+00
   2.9200000e+02   1.6174700e+01   3.8308100e+00   3.3934600e+01  -2.0000000e+00
   2.9300000e+02  -1.5152700e+01   3.9510000e+00   3.2439000e+00  -2.0000000e+00
   2.9400000e+02  -1.1985600e+01   1.2466100e+01   3.5855100e+00  -2.0000000e+00
   2.9500000e+02   1.4437700e+01  -3.4807700e+00   3.2315700e+01   1.0000000e+00
   2.9600000e+02  -7.3026400e-01   5.0068400e+00   4.5651700e+00  -3.0000000e+00
   2.9700000e+02  -1.6723400e+01   7.4878800e-01   3.0128000e+00  -2.0000000e+00
   2.9800000e+02  -4.7110500e+00   1.0930800e+01   4.5927500e+00   2.0000000e+00
   2.9900000e+02  -1.0232200e+01  -1.1555900e+01   4.2998400e+01  -3.0000000e+00
