   0.0000000e+00  -6.2667900e+00  -1.3438900e+01   2.3558200e+00   2.0000000e+00
   1.0000000e+00   8.5626700e+00   8.2998600e+00   2.8231300e+01   1.0000000e+00
   2.0000000e+00   1.4780200e+01   8.0293900e+00   2.8516100e+01  -2.0000000e+00
   3.0000000e+00  -1.4564500e+01   1.1175200e+01   1.5219600e+00  -1.0000000e+00
   4.0000000e+00   2.8755300e+00  -7.7008800e+00   2.6948500e+01   1.0000000e+00
   5.0000000e+00  -1.4084700e+01  -1.2766800e+00   2.6264700e+00   2.0000000e+00
   6.0000000e+00   8.8549800e+00  -1.1585800e+01   2.6875900e+01   1.0000000e+00
   7.0000000e+00  -8.5484100e+00  -4.1510100e+00   2.0084600e+00   2.0000000e+00
   8.0000000e+00   1.1499900e+01  -8.8556100e-01   2.7785800e+01   1.0000000e+00
   9.0000000e+00  -1.4466000e+01   7.0011000e+00   1.6322400e+00  -2.0000000e+00
   1.0000000e+01   4.0717300e-01   1.5659400e+01   2.8071300e+01  -2.0000000e+00
   1.1000000e+01   7.1822800e+00  -4.3177400e+00   2.7597300e+01   1.0000000e+00
   1.2000000e+01   1.7766900e+01  -1.0380800e+00   2.7425700e+01  -1.0000000e+00
   1.3000000e+01  -1.5467600e+01  -1.0662300e+01  -1.2931300e+01  -1.0000000e+00
   1.4000000e+01   2.4659400e+00  -1.4876600e+01   2.5745000e+01   1.0000000e+00
   1.5000000e+01   5.3234900e+00   2.9558700e+00   2.8411000e+01   1.0000000e+00
   1.6000000e+01  -2.8622800e+00   1.7576600e+01   3.4464300e+01  -1.0000000e+00
   1.7000000e+01  -5.5454600e+00   1.6692200e+01   1.0639100e+00  -1.0000000e+00
   1.8000000e+01   2.1571800e+00   1.2580000e+00   2.8606600e+01   1.0000000e+00
   1.9000000e+01   5.6192400e+00  -1.3269700e+01   2.7027400e+01   1.0000000e+00
   2.0000000e+01   8.5064900e+00   4.6835000e+00   2.8608700e+01   1.0000000e+00
   2.1000000e+01  -1.5575400e+01  -8.5942200e+00  -1.0645400e+01  -2.0000000e+00
   2.2000000e+01   1.0721300e+01   1.1805900e+01   2.8381600e+01   1.0000000e+00
   2.3000000e+01  -1.4200300e+01   7.9335400e-01   3.0570100e+00   2.0000000e+00
   2.4000000e+01  -6.8003000e-01  -1.2763100e+01   2.2192700e+01  -1.0000000e+00
   2.5000000e+01  -7.4815200e-01   1.3939500e+01   2.9374400e+01  -3.0000000e+00
   2.6000000e+01   1.1128900e+01  -8.0527500e+00   2.7368400e+01   1.0000000e+00
   2.7000000e+01  -1.0132600e+01  -9.4366700e+00   2.3212500e+00   2.0000000e+00
   2.8000000e+01  -7.3804400e+00   1.3509800e+01   3.1599200e+01   2.0000000e+00
   2.9000000e+01  -1.2609400e+01   6.0602900e+00   1.7922100e+00   2.0000000e+00
   3.0000000e+01  -1.1999700e+01  -6.3960200e+00   2.1851000e+00   2.0000000e+00
   3.1000000e+01  -1.6146500e+01   1.7234700e+00   3.3704600e+00  -2.0000000e+00
   3.2000000e+01   1.0362200e+01  -2.6122600e+00   2.7584200e+01   1.0000000e+00
   3.3000000e+01  -6.7223300e+00  -5.1473300e+00   2.2515700e+00   2.0000000e+00
   3.4000000e+01   1.4543400e+01  -2.7470900e+00   2.8642400e+01   1.0000000e+00
   3.5000000e+01  -4.8978600e+00  -6.0720900e+00   1.9649200e+00   2.0000000e+00
   3.6000000e+01  -8.1749700e+00  -1.2456900e+01   3.1631700e+00   2.0000000e+00
   3.7000000e+01   8.6391000e+00   1.1879500e+01   2.8434800e+01   1.0000000e+00
   3.8000000e+01   2.0585300e+00  -2.3279000e+00   2.7528500e+01   1.0000000e+00
   3.9000000e+01  -5.3312800e+00   4.2762300e+00   2.0365800e+00   2.0000000e+00
   4.0000000e+01  -8.3588600e+00  -8.3344900e+00   2.3628400e+00   2.0000000e+00
   4.1000000e+01   1.3733400e+01   6.2674100e+00   2.9028400e+01  -2.0000000e+00
   4.2000000e+01   1.4768400e+01   4.4602600e+00   2.9486400e+01  -2.0000000e+00
   4.3000000e+01  -1.2346900e+01  -1.5973100e-01   2.5874600e+00   2.0000000e+00
   4.4000000e+01   9.4887800e+00   2.8501700e+00   2.8130900e+01   1.0000000e+00
   4.5000000e+01  -7.3533800e+00   1.5562900e+01   3.0972200e+01  -2.0000000e+00
   4.6000000e+01  -1.3837000e+01  -5.4069100e+00   2.7969600e+00   2.0000000e+00
   4.7000000e+01   8.4284600e-01  -4.0535400e+00   2.7153400e+01   1.0000000e+00
   4.8000000e+01  -1.7841400e+01   5.0610700e-01   5.3602600e+00  -1.0000000e+00
   4.9000000e+01   1.0642300e+01   8.2114000e+00   2.8021700e+01   1.0000000e+00
   5.0000000e+01   5.2270200e+00  -6.6524100e-01   2.8368200e+01   1.0000000e+00
   5.1000000e+01   1.2722100e+01   8.1277600e+00   2.7925200e+01   1.0000000e+00
   5.2000000e+01   2.3350900e+00   8.4481700e+00   2.9004100e+01   1.0000000e+00
   5.3000000e+01  -3.1210200e+00  -5.0025000e+00   1.0787000e+00  -3.0000000e+00
   5.4000000e+01  -1.0590200e+01   9.4279600e-01   2.4392500e+00   2.0000000e+00
   5.5000000e+01   1.1859700e+01  -1.3558400e+01   2.6982500e+01  -2.0000000e+00
   5.6000000e+01  -2.5917700e+00  -1.7591400e+01   1.4871300e+00  -1.0000000e+00
   5.7000000e+01   1.1846000e+01   1.3567600e+01   2.8135100e+01  -2.0000000e+00
   5.8000000e+01   2.1637900e+00  -1.8465700e+01   2.5893200e+01  -1.0000000e+00
   5.9000000e+01   1.4045800e+00   1.3835500e+01   2.8321400e+01   1.0000000e+00
   6.0000000e+01  -3.5944800e+00   7.4334700e+00   1.9198300e+00  -3.0000000e+00
   6.1000000e+01  -4.5235200e+00  -1.2349100e+01   2.0984000e+00   2.0000000e+00
   6.2000000e+01   8.6562700e+00  -1.5223400e+01   3.9400400e+01  -2.0000000e+00
   6.3000000e+01  -1.1292700e+00  -1.0034900e+01   3.0053500e+00  -1.0000000e+00
   6.4000000e+01  -1.3647100e+00  -3.9255700e+00   2.8022100e+01  -3.0000000e+00
   6.5000000e+01  -5.1415700e+00   1.0019700e-01   3.1472400e+00   2.0000000e+00
   6.6000000e+01  -7.9146900e+00  -1.6723600e+01   4.2907200e+00  -1.0000000e+00
   6.7000000e+01   1.9258500e+00  -5.8759100e+00   2.7796000e+01   1.0000000e+00
   6.8000000e+01   1.2628600e+01   9.4072400e-01   2.8444000e+01   1.0000000e+00
   6.9000000e+01  -7.0980800e+00   3.1482300e+00   2.5985000e+00   2.0000000e+00
   7.0000000e+01  -7.9589600e-01   1.0284100e+01   2.8820900e+01  -3.0000000e+00
   7.1000000e+01   6.2400800e+00  -2.4708400e+00   2.8015400e+01   1.0000000e+00
   7.2000000e+01  -7.3374900e+00   1.1417000e+01   2.3862700e+00   2.0000000e+00
   7.3000000e+01  -1.7663500e+01  -5.2966000e+00  -1.4397900e+01  -1.0000000e+00
   7.4000000e+01   1.6827800e+01   8.7883400e-01   1.3191700e+01  -1.0000000e+00
   7.5000000e+01   3.2397200e+00   3.0139400e+00   2.8256000e+01   1.0000000e+00
   7.6000000e+01  -5.4973400e+00   1.0501400e+01   2.1097400e+00   2.0000000e+00
   7.7000000e+01   8.3058000e+00  -2.5403200e+00   2.7848400e+01   1.0000000e+00
   7.8000000e+01  -9.1566400e+00   1.6562400e+01   6.0124400e+01  -1.0000000e+00
   7.9000000e+01  -1.1965900e+01  -8.4804500e+00   1.7737500e+00   2.0000000e+00
   8.0000000e+01   3.4696300e+00   1.3815300e+01   2.8932200e+01   1.0000000e+00
   8.1000000e+01  -1.0802500e+01   5.0900500e+00   1.7443200e+00   2.0000000e+00
   8.2000000e+01   7.4710600e+00   6.5248300e+00   2.8839800e+01   1.0000000e+00
   8.3000000e+01   3.5555100e+00   1.7381100e+01   2.9104000e+01  -1.0000000e+00
   8.4000000e+01  -7.2794200e+00   9.3434300e+00   2.1513400e+00   2.0000000e+00
   8.5000000e+01  -1.3782200e+01  -7.5057600e+00   1.5177400e+00   2.0000000e+00
   8.6000000e+01  -3.4218400e+00   1.2185600e+00   3.3026100e+00  -3.0000000e+00
   8.7000000e+01  -8.4896000e-01  -1.6489500e+01   2.9307800e+01  -2.0000000e+00
   8.8000000e+01   4.1237900e+00  -2.4120500e+00   2.7946500e+01   1.0000000e+00
   8.9000000e+01  -7.5092200e-01   1.7697600e+01   3.0049600e+01  -1.0000000e+00
   9.0000000e+01  -1.2247400e+01  -2.2257700e+00   2.7304400e+00   2.0000000e+00
   9.1000000e+01  -1.2577600e+01   4.0097500e+00   2.6920400e+00   2.0000000e+00
   9.2000000e+01  -5.4543500e+00   8.4036600e+00   1.9963300e+00   2.0000000e+00
   9.3000000e+01   9.0544000e+00  -8.0026200e+00   2.7255600e+01   1.0000000e+00
   9.4000000e+01  -1.0377800e+01  -3.1711200e+00   2.5589700e+00   2.0000000e+00
   9.5000000e+01   6.0110800e-01  -1.1152000e+01   3.1586600e+01  -2.0000000e+00
   9.6000000e+01   1.1559300e+01   2.7658100e+00   2.8609500e+01   1.0000000e+00
   9.7000000e+01  -9.0181900e+00   6.1629600e+00   2.1324300e+00   2.0000000e+00
   9.8000000e+01   7.4429300e+00   2.9042900e+00   2.8514000e+01   1.0000000e+00
   9.9000000e+01  -9.8932200e+00  -1.5844700e+01   4.7188000e+01  -1.0000000e+00
   1.0000000e+02   1.3222200e+01  -8.1714200e+00   2.6932100e+01   1.0000000e+00
   1.0100000e+02  -1.6093800e+00   6.4339400e+00   2.3058200e+01  -3.0000000e+00
   1.0200000e+02   1.0594500e+01   4.5897000e+00   2.8043100e+01   1.0000000e+00
   1.0300000e+02  -1.7737400e+01  -3.1945700e+00  -2.4385800e+00  -1.0000000e+00
   1.0400000e+02  -7.2454700e+00   7.2768900e+00   2.2168100e+00   2.0000000e+00
   1.0500000e+02   1.7227300e+00  -9.4378800e+00   2.6759000e+01  -3.0000000e+00
   1.0600000e+02   7.3369900e+00  -6.9858900e-01   2.8433800e+01   1.0000000e+00
   1.0700000e+02  -1.7754000e+00   1.2155400e+01   2.3634100e+01  -3.0000000e+00
   1.0800000e+02  -9.1271900e+00   1.0282500e+01   1.4807200e+00   2.0000000e+00
   1.0900000e+02   6.5745300e+00  -1.5123200e+01   2.7443200e+01  -2.0000000e+00
   1.1000000e+02   7.8990200e+00  -9.7684600e+00   2.6870400e+01   1.0000000e+00
   1.1100000e+02  -1.1886300e+01  -1.0584900e+01   2.3720400e+00   2.0000000e+00
   1.1200000e+02   3.3242000e+00   6.6313300e+00   2.8994900e+01   1.0000000e+00
   1.1300000e+02  -2.6311500e+00  -1.5456500e+01  -1.0683600e+01  -2.0000000e+00
   1.1400000e+02  -3.1791000e+00  -8.2843400e-01  -8.6820600e-01  -3.0000000e+00
   1.1500000e+02  -3.0873300e+00  -7.0568600e+00  -9.4881500e+00  -3.0000000e+00
   1.1600000e+02   7.7143300e+00  -1.3340200e+01   2.7360500e+01   1.0000000e+00
   1.1700000e+02  -1.8470500e+00   8.5190200e+00   2.5564400e+01  -3.0000000e+00
   1.1800000e+02  -8.4815300e+00  -6.2408700e+00   2.4720700e+00   2.0000000e+00
   1.1900000e+02   1.2269700e+01  -6.3333500e+00   2.6812100e+01   1.0000000e+00
   1.2000000e+02   5.7134700e+00   1.7396800e+01   2.8244200e+01  -1.0000000e+00
   1.2100000e+02   8.4033500e+00   1.0703000e+00   2.8114800e+01   1.0000000e+00
   1.2200000e+02  -1.0026900e+01  -1.1516600e+01   3.0845700e+00   2.0000000e+00
   1.2300000e+02  -1.4301600e+01   2.8504900e+00   3.0072100e+00   2.0000000e+00
   1.2400000e+02  -1.2474100e+00  -7.9869600e+00   2.9922100e+01  -2.0000000e+00
   1.2500000e+02  -1.1791900e+01  -1.2636500e+01   2.9136300e+00  -2.0000000e+00
   1.2600000e+02  -1.0984500e+01   1.3358000e+01   2.1274000e+00  -2.0000000e+00
   1.2700000e+02  -1.1096500e+01   1.5504500e+01   1.6747800e+01  -1.0000000e+00
   1.2800000e+02  -1.2826700e+01   1.4309000e+01   3.2401700e+00  -1.0000000e+00
   1.2900000e+02  -1.5916200e+01  -3.2448100e-01  -7.8854200e+00  -2.0000000e+00
   1.3000000e+02  -6.8955600e+00  -9.9663900e-01   2.2544500e+00   2.0000000e+00
   1.3100000e+02   2.3775100e+00   1.2031100e+01   2.9032600e+01   1.0000000e+00
   1.3200000e+02   4.8570800e-02  -1.8365100e+01   2.6882000e+01  -1.0000000e+00
   1.3300000e+02   9.7555500e+00   1.3636100e+01   2.8208200e+01  -2.0000000e+00
   1.3400000e+02  -1.5388100e+01  -1.2758500e+01   1.9049300e+00  -1.0000000e+00
   1.3500000e+02  -3.5050900e+00   3.2742800e+00   1.9368100e+00  -3.0000000e+00
   1.3600000e+02   6.5731700e+00   1.1927400e+01   2.8157800e+01   1.0000000e+00
   1.3700000e+02   1.5536800e+01  -4.5714100e+00   2.7077100e+01  -2.0000000e+00
   1.3800000e+02   5.1040900e+00  -4.2228600e+00   2.7676900e+01   1.0000000e+00
   1.3900000e+02  -4.8176000e+00  -8.2072500e+00   2.9418000e+00   2.0000000e+00
   1.4000000e+02   3.1661800e+00  -5.8432400e-01   2.8224800e+01   1.0000000e+00
   1.4100000e+02  -6.9816300e+00   1.0833200e+00   2.5038200e+00   2.0000000e+00
   1.4200000e+02  -1.0286300e+01  -5.2468800e+00   2.4359200e+00   2.0000000e+00
   1.4300000e+02  -1.7987500e+01   2.7471900e+00   1.6640600e+00  -1.0000000e+00
   1.4400000e+02   1.6410500e+01  -6.4445300e+00   2.6364500e+01  -2.0000000e+00
   1.4500000e+02  -4.6762700e+00  -1.0285000e+01   3.3329400e+00   2.0000000e+00
   1.4600000e+02   3.9854700e+00  -5.9667700e+00   2.7517900e+01   1.0000000e+00
   1.4700000e+02  -1.2725700e+01   1.0194100e+01   1.6557700e+00  -2.0000000e+00
   1.4800000e+02   1.0925200e+01  -1.1729500e+01   2.6870400e+01   1.0000000e+00
   1.4900000e+02  -2.7509900e+00  -1.1302700e+01   2.0996300e+00  -2.0000000e+00
   1.5000000e+02   3.0323300e+00  -4.1451100e+00   2.7744900e+01   1.0000000e+00
   1.5100000e+02  -1.0483500e+01  -1.1248800e+00   2.6250100e+00   2.0000000e+00
   1.5200000e+02  -1.1664400e+01  -1.4741200e+01   1.5213800e+00  -1.0000000e+00
   1.5300000e+02   1.2605000e+00   6.6925400e+00   2.9124400e+01   1.0000000e+00
   1.5400000e+02   9.3934600e+00  -7.7190400e-01   2.7807700e+01   1.0000000e+00
   1.5500000e+02  -1.5848200e+01  -2.3912300e+00   6.3661300e-01  -2.0000000e+00
   1.5600000e+02   1.1340100e+01  -4.4684800e+00   2.7148600e+01   1.0000000e+00
   1.5700000e+02  -5.5590000e+00   1.2571900e+01   3.0286500e+01   2.0000000e+00
   1.5800000e+02   1.5838700e+01   2.6917300e+00   2.9534700e+01  -2.0000000e+00
   1.5900000e+02  -1.4000900e+01  -3.3359500e+00   3.0880100e+00   2.0000000e+00
   1.6000000e+02  -1.0183000e+01  -7.3872800e+00   2.2666100e+00   2.0000000e+00
   1.6100000e+02  -3.5789300e+00   5.3481600e+00   1.1021200e+00  -3.0000000e+00
   1.6200000e+02  -1.7375000e+01  -7.5493400e+00   2.5132600e+00  -1.0000000e+00
   1.6300000e+02  -4.4541600e+00  -1.4444000e+01   1.5727000e+00  -2.0000000e+00
   1.6400000e+02   4.4792500e+00   1.2025600e+01   2.8534700e+01   1.0000000e+00
   1.6500000e+02  -2.9661200e+00  -9.1209700e+00   3.9888200e+00  -2.0000000e+00
   1.6600000e+02   5.5938500e+00   1.3769400e+01   2.8492200e+01   1.0000000e+00
   1.6700000e+02  -1.6278800e+01   5.8645400e+00  -1.2995000e+01  -1.0000000e+00
   1.6800000e+02   1.0478200e+00  -5.3685900e-01   2.7740100e+01  -3.0000000e+00
   1.6900000e+02   4.5156600e+00  -1.5037300e+01   2.6797200e+01  -2.0000000e+00
   1.7000000e+02  -3.7429600e+00   1.1577300e+01   3.1551900e+01  -3.0000000e+00
   1.7100000e+02   2.4766500e+00   1.5609300e+01   2.9012300e+01  -2.0000000e+00
   1.7200000e+02   1.7694600e+01  -4.7716600e+00   2.4646800e+01  -1.0000000e+00
   1.7300000e+02   1.5283000e+01  -8.2937300e+00   2.7796200e+01  -2.0000000e+00
   1.7400000e+02   1.2988300e+01  -1.1782400e+01   2.6736400e+01  -2.0000000e+00
   1.7500000e+02   9.2497800e+00  -4.3798700e+00   2.7708900e+01   1.0000000e+00
   1.7600000e+02   1.5218900e+00  -1.3020200e+01   2.5357200e+01  -2.0000000e+00
   1.7700000e+02  -8.8242000e+00   2.0342700e+00   2.4649500e+00   2.0000000e+00
   1.7800000e+02  -3.1387800e+00  -2.8831400e+00  -1.0660900e+01  -3.0000000e+00
   1.7900000e+02  -8.9241000e+00   4.0880600e+00   2.3716000e+00   2.0000000e+00
   1.8000000e+02   1.5666200e+01  -9.6277100e-01   2.8219800e+01  -2.0000000e+00
   1.8100000e+02  -1.6914000e+00   2.3126100e+00   1.4090500e+00  -3.0000000e+00
   1.8200000e+02   1.7335400e+01  -8.3180500e+00   2.8398100e+01  -1.0000000e+00
   1.8300000e+02  -5.5145300e+00   1.4622500e+01   3.1568300e+01  -2.0000000e+00
   1.8400000e+02  -3.2666400e+00   1.3602500e+01   2.3724800e+01  -3.0000000e+00
   1.8500000e+02  -8.7399500e+00  -1.9466400e-02   2.3324800e+00   2.0000000e+00
   1.8600000e+02   8.7414800e+00   1.5490400e+01   2.8692000e+01  -1.0000000e+00
   1.8700000e+02  -6.1855300e+00  -1.5557200e+01   1.3970500e+01  -2.0000000e+00
   1.8800000e+02   1.0813200e+01   1.5414600e+01   2.8559600e+01  -1.0000000e+00
   1.8900000e+02  -7.1589900e+00   5.2162300e+00   2.5045700e+00   2.0000000e+00
   1.9000000e+02   6.9936700e+00  -7.8988600e+00   2.6560100e+01   1.0000000e+00
   1.9100000e+02  -1.6672500e+00   1.5832700e+01   1.8731500e+01  -2.0000000e+00
   1.9200000e+02  -1.7513600e+00   4.3807700e+00   3.3506200e+01  -3.0000000e+00
   1.9300000e+02   1.3934600e+01  -1.3646900e+01   4.2078300e+01  -1.0000000e+00
   1.9400000e+02   4.9346900e+00  -7.7870200e+00   2.6906800e+01   1.0000000e+00
   1.9500000e+02   5.4620700e+00   1.0203500e+01   2.8246100e+01   1.0000000e+00
   1.9600000e+02   2.1905600e-01   8.4811200e+00   1.7064000e+01   1.0000000e+00
   1.9700000e+02   3.7790700e+00  -9.5529900e+00   2.6918500e+01   1.0000000e+00
   1.9800000e+02  -1.4430500e+01   4.9077500e+00   2.6444300e+00  -2.0000000e+00
   1.9900000e+02  -1.0922100e+01   1.1280700e+01   1.3014100e+00   2.0000000e+00
   2.0000000e+02   1.3424700e+01  -4.5653500e+00   2.7597000e+01   1.0000000e+00
   2.0100000e+02   2.6618100e+00  -1.1287700e+01   2.6809600e+01   1.0000000e+00
   2.0200000e+02   7.8372900e-01  -7.5833000e+00   1.8742700e+01  -3.0000000e+00
   2.0300000e+02   1.6905300e+01   4.4893600e+00   2.9593100e+01  -1.0000000e+00
   2.0400000e+02   1.6262200e+01  -1.0147100e+01   4.2630200e+01  -1.0000000e+00
   2.0500000e+02   1.2824600e+01   1.1734500e+01   2.8114500e+01  -2.0000000e+00
   2.0600000e+02  -8.6482200e+00  -2.0649800e+00   2.3013700e+00   2.0000000e+00
   2.0700000e+02   1.5028500e+01   1.1638900e+01   1.1912800e+01  -1.0000000e+00
   2.0800000e+02  -1.4490300e+01   9.0807200e+00   1.5456400e+00  -2.0000000e+00
   2.0900000e+02   1.0003200e+01  -9.8500700e+00   2.7465100e+01   1.0000000e+00
   2.1000000e+02  -8.0223300e+00  -1.4540500e+01   3.1331700e+00  -2.0000000e+00
   2.1100000e+02   7.5159900e+00  -1.7023400e+01   2.7275200e+01  -1.0000000e+00
   2.1200000e+02   1.4315100e+00   1.7448200e+01   2.7871400e+01  -1.0000000e+00
   2.1300000e+02   4.4012900e+00   8.4248300e+00   2.8722300e+01   1.0000000e+00
   2.1400000e+02  -1.6194200e+01   3.7967200e+00   1.9288000e+00  -2.0000000e+00
   2.1500000e+02   9.5865400e+00   6.4569800e+00   2.8431300e+01   1.0000000e+00
   2.1600000e+02   4.5562800e+00   1.5586400e+01   2.8722400e+01  -2.0000000e+00
   2.1700000e+02   6.4153900e+00   4.7235400e+00   2.8850200e+01   1.0000000e+00
   2.1800000e+02  -1.3499400e+01  -1.3782900e+01   2.9486200e+00  -1.0000000e+00
   2.1900000e+02  -1.1051500e+00  -4.1761300e-01   3.0305100e+01  -3.0000000e+00
   2.2000000e+02   1.1646900e+01   6.3629600e+00   2.8281800e+01   1.0000000e+00
   2.2100000e+02  -3.7194700e+00   1.5679000e+01   2.8745800e+01  -2.0000000e+00
   2.2200000e+02  -8.3048000e+00  -1.0405000e+01   2.2480500e+00   2.0000000e+00
   2.2300000e+02  -6.8042100e+00  -3.0595600e+00   2.1271300e+00   2.0000000e+00
   2.2400000e+02   7.5972000e+00   1.0112000e+01   2.8238000e+01   1.0000000e+00
   2.2500000e+02   7.6759100e+00   1.3715500e+01   2.8435500e+01  -2.0000000e+00
   2.2600000e+02   1.5938400e+01   9.7940900e+00   2.6430700e+01  -1.0000000e+00
   2.2700000e+02  -3.6780300e+00   9.5216400e+00  -1.0144300e+01  -3.0000000e+00
   2.2800000e+02  -1.3646100e+01  -1.1669200e+01   2.2268400e+00  -2.0000000e+00
   2.2900000e+02   1.4337600e+01  -6.4235900e+00   2.7406600e+01   1.0000000e+00
   2.3000000e+02   6.6654600e+00   1.5520500e+01   1.6411200e+01  -2.0000000e+00
   2.3100000e+02   1.1733200e+00   3.0828700e+00   2.8009400e+01  -3.0000000e+00
   2.3200000e+02   1.2651600e+01   4.5079100e+00   2.8525100e+01   1.0000000e+00
   2.3300000e+02  -1.2650100e+01   8.1337400e+00   1.8643400e+00   2.0000000e+00
   2.3400000e+02  -9.8834700e+00  -1.3623300e+01   3.2750900e+01  -2.0000000e+00
   2.3500000e+02   6.7559300e+00  -1.1499900e+01   2.6983900e+01   1.0000000e+00
   2.3600000e+02   3.3938300e+00   1.0229100e+01   2.9279900e+01   1.0000000e+00
   2.3700000e+02  -1.6315000e+01   8.0267200e+00   6.5192500e-01  -1.0000000e+00
   2.3800000e+02  -4.9420400e+00  -4.0101400e+00   1.9427700e+00   2.0000000e+00
   2.3900000e+02  -7.3535900e+00   1.7718000e+01   1.0317100e+00  -1.0000000e+00
   2.4000000e+02   4.7141800e+00  -1.1375100e+01   2.6783600e+01   1.0000000e+00
   2.4100000e+02  -1.3727300e+01  -9.5725600e+00   1.8151100e+00  -2.0000000e+00
   2.4200000e+02   1.3329100e+00   1.0241400e+01   2.9088700e+01   1.0000000e+00
   2.4300000e+02   2.8939700e-01   1.2092000e+01   2.8621300e+01   1.0000000e+00
   2.4400000e+02   9.7657700e+00  -1.3425200e+01   2.6832700e+01  -2.0000000e+00
   2.4500000e+02  -9.1627000e+00   1.2362200e+01   1.8178200e+00   2.0000000e+00
   2.4600000e+02   1.5069800e+01  -1.1914300e+01   4.1180500e+01  -1.0000000e+00
   2.4700000e+02   5.8345000e+00  -9.6417800e+00   2.6628100e+01   1.0000000e+00
   2.4800000e+02   5.3774300e+00   6.5938400e+00   2.8784200e+01   1.0000000e+00
   2.4900000e+02  -1.2741200e+01   1.2254400e+01   1.4824300e+00  -2.0000000e+00
   2.5000000e+02   1.2125800e+00  -1.6517000e+01   2.6392800e+01  -2.0000000e+00
   2.5100000e+02   1.6689500e+01  -2.7777400e+00   2.8169900e+01  -2.0000000e+00
   2.5200000e+02  -5.4095800e+00   6.3331100e+00   1.9518900e+00   2.0000000e+00
   2.5300000e+02  -6.4115600e+00  -1.1397400e+01   2.7624500e+00   2.0000000e+00
   2.5400000e+02   5.4695600e+00  -1.6945600e+01   2.7034600e+01  -1.0000000e+00
   2.5500000e+02   6.4510400e+00   8.3367500e+00   2.8225000e+01   1.0000000e+00
   2.5600000e+02   2.0173500e-01  -1.4704000e+01   2.6128400e+01  -2.0000000e+00
   2.5700000e+02  -1.4079300e-01  -2.2308200e+00   2.6588000e+01  -3.0000000e+00
   2.5800000e+02   1.1765200e+01   9.9644600e+00   2.8451300e+01   1.0000000e+00
   2.5900000e+02   1.4013400e+01   1.3516000e+01   1.3237000e+01  -1.0000000e+00
   2.6000000e+02  -1.2437300e+01   1.8950400e+00   2.7129700e+00   2.0000000e+00
   2.6100000e+02   1.3540300e+01  -9.4447000e-01   2.8019500e+01   1.0000000e+00
   2.6200000e+02   1.5916700e+01   6.2965100e+00   1.5170400e+01  -1.0000000e+00
   2.6300000e+02   3.3838700e+00  -1.6762600e+01   3.7120600e+01  -2.0000000e+00
   2.6400000e+02  -1.2123600e+01  -4.2735700e+00   3.0174200e+00   2.0000000e+00
   2.6500000e+02   4.2426600e+00   1.2035200e+00   2.8477200e+01   1.0000000e+00
   2.6600000e+02   1.3851900e+01   9.9284500e+00   2.7396800e+01  -2.0000000e+00
   2.6700000e+02  -3.7423300e-01  -5.7738100e+00   3.0290300e+01  -3.0000000e+00
   2.6800000e+02  -1.5737700e+01  -4.4620200e+00   7.6793900e-01  -2.0000000e+00
   2.6900000e+02   6.3316600e+00   1.1420400e+00   2.8395200e+01   1.0000000e+00
   2.7000000e+02   2.2459400e-01   4.9276600e+00   2.4112300e+01  -3.0000000e+00
   2.7100000e+02   1.0195500e+01  -6.1957300e+00   2.7188200e+01   1.0000000e+00
   2.7200000e+02  -9.0983600e+00   8.2273000e+00   1.6919500e+00   2.0000000e+00
   2.7300000e+02  -5.2585400e+00   2.1913800e+00   2.3754200e+00   2.0000000e+00
   2.7400000e+02  -1.5596100e+01  -6.5063200e+00   1.2888300e+00  -2.0000000e+00
   2.7500000e+02   1.2476000e+01  -2.7034900e+00   2.7935700e+01   1.0000000e+00
   2.7600000e+02   8.1440900e+00  -6.1432600e+00   2.7407400e+01   1.0000000e+00
   2.7700000e+02   1.0500400e+01   9.6905100e-01   2.8350500e+01   1.0000000e+00
   2.7800000e+02   1.2779700e+01  -1.5430600e+01   2.6759000e+01  -1.0000000e+00
   2.7900000e+02  -6.6392400e+00  -7.1936700e+00   2.5273800e+00   2.0000000e+00
   2.8000000e+02  -6.5295800e+00  -9.3338300e+00   2.4737800e+00   2.0000000e+00
   2.8100000e+02   9.6736800e+00   1.0031200e+01   2.8327000e+01   1.0000000e+00
   2.8200000e+02  -9.2215900e+00   1.4454700e+01   3.0999400e+01  -2.0000000e+00
   2.8300000e+02  -2.6987600e+00  -1.3375400e+01  -1.5692900e+00  -2.0000000e+00
   2.8400000e+02   1.4738400e+01   8.6819800e-01   2.8388500e+01  -2.0000000e+00
   2.8500000e+02   1.3690800e+01   2.7042700e+00   2.9178800e+01   1.0000000e+00
   2.8600000e+02   1.0720900e+01  -1.5323800e+01   2.7032300e+01  -1.0000000e+00
   2.8700000e+02   3.5692100e+00  -1.3125600e+01   2.6707500e+01   1.0000000e+00
   2.8800000e+02   1.2979900e+01   1.5333700e+01   2.8260100e+01  -1.0000000e+00
   2.8900000e+02   1.4172500e+01  -1.0040600e+01   2.6415200e+01  -2.0000000e+00
   2.9000000e+02   7.3723700e-02   1.2772900e+00   3.4229500e+01  -3.0000000e+00
   2.9100000e+02   2.2846000e+00   4.8443200e+00   2.8442800e+01   1.0000000e+00
   2.9200000e+02  -1.0683900e+01   3.0064900e+00   2.3809300e+00   2.0000000e+00
   2.9300000e+02   6.0758800e+00  -6.0480800e+00   2.7279300e+01   1.0000000e+00
   2.9400000e+02   4.3511200e+00   4.8032900e+00   2.8678200e+01   1.0000000e+00
   2.9500000e+02  -4.9952900e+00  -1.9585100e+00   2.5744700e+00   2.0000000e+00
   2.9600000e+02  -1.0897700e+01   9.2290500e+00   1.3268000e+00   2.0000000e+00
   2.9700000e+02   1.2090100e+01  -9.8776700e+00   2.7009400e+01   1.0000000e+00
   2.9800000e+02  -4.3969000e+00  -1.6594900e+01   1.3284400e+00  -1.0000000e+00
   2.9900000e+02  -1.0844600e+01   7.1424200e+00   1.5045200e+00   2.0000000e+00
