   0.0000000e+00   6.4188000e+00   5.1788100e+00   3.4669400e+01   2.0000000e+00
   1.0000000e+00   1.6193500e+01   1.3063500e+01   6.2282600e+01  -1.0000000e+00
   2.0000000e+00  -2.0066300e+00  -6.6769400e+00   5.6953400e+01   1.0000000e+00
   3.0000000e+00   3.3167300e+00  -7.9648300e+00   5.7474600e+01   1.0000000e+00
   4.0000000e+00  -1.2659400e+01   1.3377000e+01   5.8220100e+01  -1.0000000e+00
   5.0000000e+00  -1.5353600e+00   1.7026800e+00   2.8931000e+01  -3.0000000e+00
   6.0000000e+00  -7.7747900e+00  -1.5876800e+01   4.1709100e+01  -1.0000000e+00
   7.0000000e+00   4.7696200e+00  -1.5283800e+01   5.7257700e+01   1.0000000e+00
   8.0000000e+00   4.9701000e+00  -1.1147200e+01   5.7229400e+01   1.0000000e+00
   9.0000000e+00  -1.5860900e+01   4.3575700e+00   5.7062800e+01  -2.0000000e+00
   1.0000000e+01  -7.0108800e-01   1.5404800e+01   3.3114700e+01  -2.0000000e+00
   1.1000000e+01   8.8708500e+00  -5.0664100e+00   5.1174100e+01  -3.0000000e+00
   1.2000000e+01   5.8005600e+00   1.2319400e+01   3.4975900e+01   2.0000000e+00
   1.3000000e+01   1.7844100e+01  -1.0114300e+00   3.8287000e+01  -1.0000000e+00
   1.4000000e+01  -2.3494500e+00  -1.5102700e+01   5.8567500e+01  -2.0000000e+00
   1.5000000e+01  -1.7698000e+01   3.3859700e+00   7.1533200e+01  -1.0000000e+00
   1.6000000e+01   6.6260000e+00  -1.4322600e+01   5.6913600e+01   1.0000000e+00
   1.7000000e+01   1.2667800e+01   5.6169700e+00   3.4286600e+01   2.0000000e+00
   1.8000000e+01   5.0807900e+00  -9.0901100e+00   5.7297100e+01   1.0000000e+00
   1.9000000e+01   8.3420300e+00  -1.5461300e+01   4.4586500e+01  -2.0000000e+00
   2.0000000e+01  -1.6898000e+00  -4.2071100e-01   5.7500200e+01   1.0000000e+00
   2.1000000e+01  -3.6335400e+00  -3.4882200e+00   5.8079400e+01   1.0000000e+00
   2.2000000e+01  -1.2744300e+01  -6.2181500e+00   5.8006900e+01   1.0000000e+00
   2.3000000e+01   4.6663300e+00  -1.7363000e+01   4.5794800e+01  -2.0000000e+00
   2.4000000e+01  -5.1684900e-01  -1.4008100e+01   5.7992200e+01   1.0000000e+00
   2.5000000e+01  -5.1903300e+00   1.7925900e+00   5.7804600e+01   1.0000000e+00
   2.6000000e+01  -9.0793400e+00  -4.2892800e+00   5.7626200e+01   1.0000000e+00
   2.7000000e+01  -2.1801800e+00  -1.0815700e+01   5.7883800e+01   1.0000000e+00
   2.8000000e+01  -3.7251400e+00  -5.5445000e+00   5.7551700e+01   1.0000000e+00
   2.9000000e+01  -8.3992800e+00   8.1203900e+00   6.0231900e+01  -3.0000000e+00
   3.0000000e+01   5.5219800e+00   1.5910200e+01   3.3487200e+01  -1.0000000e+00
   3.1000000e+01  -6.9249300e+00   1.4863800e+01   2.5072600e+01  -2.0000000e+00
   3.2000000e+01   7.9847500e+00  -1.0979700e-01   3.6111700e+01  -3.0000000e+00
   3.3000000e+01  -5.0742900e+00   5.9731800e+00   5.6173900e+01  -3.0000000e+00
   3.4000000e+01  -9.4919800e+00  -1.4732700e+01   4.5496900e+01  -2.0000000e+00
   3.5000000e+01  -4.8402000e+00   1.5077500e+01   3.5492100e+01  -2.0000000e+00
   3.6000000e+01   1.5246100e+01   1.1232800e+01   3.4231600e+01  -2.0000000e+00
   3.7000000e+01  -9.4089400e+00  -1.2653200e+01   5.7219500e+01   1.0000000e+00
   3.8000000e+01  -1.5979000e+01   2.2354000e+00   5.6792200e+01  -2.0000000e+00
   3.9000000e+01   2.3553700e+00   1.7608000e+01   3.4702500e+01  -1.0000000e+00
   4.0000000e+01  -7.5757600e+00  -1.1713500e+01   5.7314200e+01   1.0000000e+00
   4.1000000e+01   6.7331400e+00  -1.2278800e+01   5.7235100e+01   1.0000000e+00
   4.2000000e+01   1.6175900e+01  -8.7556000e+00   3.1532700e+01  -1.0000000e+00
   4.3000000e+01  -5.5736400e+00  -6.5265700e+00   5.7690500e+01   1.0000000e+00
   4.4000000e+01  -5.4665900e+00  -4.4732300e+00   5.7698800e+01   1.0000000e+00
   4.5000000e+01   6.5678700e+00  -1.8498500e+01  -2.9511900e+01  -1.0000000e+00
   4.6000000e+01  -1.8609300e+00  -4.5547300e+00   5.7236100e+01   1.0000000e+00
   4.7000000e+01  -1.1336200e+01  -1.5713000e+01   5.7604500e+01  -1.0000000e+00
   4.8000000e+01   5.5067000e+00   3.1745200e+00   3.4478900e+01   2.0000000e+00
   4.9000000e+01   1.0420500e+01  -1.0330800e+01   5.7682100e+01   1.0000000e+00
   5.0000000e+01   1.5465500e+01  -1.3609800e+00   3.6889500e+01  -2.0000000e+00
   5.1000000e+01   1.3509000e+01   7.4894600e+00   3.4897800e+01   2.0000000e+00
   5.2000000e+01  -1.3191000e+00   9.9211200e+00   3.4503700e+01   2.0000000e+00
   5.3000000e+01  -1.6237700e+01  -1.8958200e+00   5.6624600e+01  -2.0000000e+00
   5.4000000e+01   1.3840800e+01   3.8988000e+00   3.4528000e+01   2.0000000e+00
   5.5000000e+01  -1.7683300e+00  -2.4824900e+00   5.7828800e+01   1.0000000e+00
   5.6000000e+01   1.8420400e+00  -2.6687300e+00   5.7369400e+01   1.0000000e+00
   5.7000000e+01  -3.3913300e+00   9.7413300e+00   3.4583600e+01   2.0000000e+00
   5.8000000e+01  -9.2992600e+00  -1.0548500e+01   5.7403900e+01   1.0000000e+00
   5.9000000e+01   2.8379700e+00   1.0264300e+01   3.4853000e+01   2.0000000e+00
   6.0000000e+01   5.2637600e+00  -4.9584600e+00   5.7599500e+01   1.0000000e+00
   6.1000000e+01  -5.7235300e+00   1.3191600e+01   3.5003900e+01  -3.0000000e+00
   6.2000000e+01   1.5941900e+01   4.0893700e+00   3.6261300e+01  -2.0000000e+00
   6.3000000e+01   1.0517900e+01  -8.2589100e+00   5.6530900e+01   1.0000000e+00
   6.4000000e+01  -2.5131400e-01  -7.8142400e+00   5.7405700e+01   1.0000000e+00
   6.5000000e+01  -5.2547400e+00  -2.8115000e-01   5.7740100e+01   1.0000000e+00
   6.6000000e+01  -6.9387600e+00   2.9039400e+00   5.8033800e+01   1.0000000e+00
   6.7000000e+01   3.4460500e+00   3.0440100e+00   2.9685500e+01  -3.0000000e+00
   6.8000000e+01   1.5120500e+01   2.1972700e+00   3.4924600e+01  -2.0000000e+00
   6.9000000e+01  -3.8981900e-01   1.1818600e+01   3.4398400e+01   2.0000000e+00
   7.0000000e+01   4.6525700e-01   1.3709400e+01   3.4287900e+01   2.0000000e+00
   7.1000000e+01   7.1627200e+00  -1.9959500e+00   5.6307100e+01  -3.0000000e+00
   7.2000000e+01  -1.0873200e+01   1.5307100e+01   1.1131500e+01  -1.0000000e+00
   7.3000000e+01  -5.8225800e-01  -1.6167800e+01   4.4068800e+01  -2.0000000e+00
   7.4000000e+01   1.6876300e+01  -2.8556800e+00   3.8222400e+01  -2.0000000e+00
   7.5000000e+01  -3.8374500e+00  -7.6158000e+00   5.7598500e+01   1.0000000e+00
   7.6000000e+01  -8.3078600e+00   1.0171700e+01   3.5468000e+01  -3.0000000e+00
   7.7000000e+01  -1.0428300e+01   5.0899600e+00   5.7475600e+01   1.0000000e+00
   7.8000000e+01  -1.2291800e+01   4.1261600e+00   5.6683700e+01   1.0000000e+00
   7.9000000e+01   1.4138500e+00  -1.0983800e+01   5.7386200e+01   1.0000000e+00
   8.0000000e+01   7.8908800e+00   1.2486000e+01   3.4341900e+01   2.0000000e+00
   8.1000000e+01   1.6889600e+01  -6.7830500e+00   4.4496200e+01  -1.0000000e+00
   8.2000000e+01   7.0128800e+00   1.0633300e+01   3.4583300e+01   2.0000000e+00
   8.3000000e+01   1.0241500e+01  -1.4518900e+01   5.7279100e+01  -2.0000000e+00
   8.4000000e+01  -1.0585300e+01   1.3268600e+01   2.2274700e+00  -2.0000000e+00
   8.5000000e+01   3.6325800e-01   2.6054100e+00   2.8584300e+01  -3.0000000e+00
   8.6000000e+01   1.0143600e+01  -1.6604000e+01   5.7586400e+01  -1.0000000e+00
   8.7000000e+01   6.5012300e+00  -1.6399600e+01   3.4058800e+01  -2.0000000e+00
   8.8000000e+01   1.0876000e+01   1.9170200e+00   3.4972400e+01   2.0000000e+00
   8.9000000e+01  -1.5970000e+00   1.3541300e+01   3.4602200e+01   2.0000000e+00
   9.0000000e+01  -3.3228700e+00   2.7489200e+00   4.9332300e+01  -3.0000000e+00
   9.1000000e+01  -1.2068600e+01   8.3087300e+00   5.6162700e+01   1.0000000e+00
   9.2000000e+01  -8.9633800e+00   1.4540900e+01   3.4646500e+01  -2.0000000e+00
   9.3000000e+01   9.9759900e+00   1.2625300e+01   3.4261300e+01   2.0000000e+00
   9.4000000e+01   3.2409700e+00  -1.0034500e+01   5.7458500e+01   1.0000000e+00
   9.5000000e+01   1.1742000e+01   3.7957400e+00   3.4077700e+01   2.0000000e+00
   9.6000000e+01  -1.3389200e-01   8.2367200e+00   3.4935600e+01   2.0000000e+00
   9.7000000e+01  -1.1889800e+01   1.0362100e+01   4.3801400e+01  -3.0000000e+00
   9.8000000e+01   9.6712700e+00   3.6399100e+00   3.5021800e+01   2.0000000e+00
   9.9000000e+01  -1.2166400e+01   6.1961000e+00   5.6793400e+01   1.0000000e+00
   1.0000000e+02   1.3731500e+00   1.5552400e+01   3.3940900e+01  -2.0000000e+00
   1.0100000e+02   3.7234500e+00   1.2118000e+01   3.5059500e+01   2.0000000e+00
   1.0200000e+02  -3.4294200e+00   6.8438400e-01   5.7632300e+01   1.0000000e+00
   1.0300000e+02  -1.4031300e+01   5.3095300e+00   5.6327600e+01   1.0000000e+00
   1.0400000e+02   1.1273200e+01  -1.7182600e+00   3.5300500e+01   2.0000000e+00
   1.0500000e+02   3.1455800e+00  -1.2107900e+01   5.7305400e+01   1.0000000e+00
   1.0600000e+02   1.3414600e+01  -1.5618600e+00   3.4622100e+01   2.0000000e+00
   1.0700000e+02  -1.7879900e+01   1.2967300e+00   7.1415000e+01  -1.0000000e+00
   1.0800000e+02   8.5728300e+00  -1.1341800e+01   5.7954100e+01   1.0000000e+00
   1.0900000e+02  -1.5725900e+01   8.5495800e+00   7.2336600e+01  -1.0000000e+00
   1.1000000e+02   6.8327900e+00  -1.0215400e+01   5.7344700e+01   1.0000000e+00
   1.1100000e+02  -1.0349300e+01   7.1681900e+00   5.6645100e+01   1.0000000e+00
   1.1200000e+02  -8.9775400e+00  -2.2422000e+00   5.7224500e+01   1.0000000e+00
   1.1300000e+02  -2.3779100e+00  -1.7189400e+01   5.9283800e+01  -1.0000000e+00
   1.1400000e+02   7.6137600e+00   1.6033000e+01   3.4117200e+01  -1.0000000e+00
   1.1500000e+02  -1.2474800e+01   1.1804200e-02   5.6700600e+01   1.0000000e+00
   1.1600000e+02  -1.6526000e+01  -1.0138700e+01   5.7531000e+01  -1.0000000e+00
   1.1700000e+02  -5.8267600e+00  -1.2845700e+01   5.7492900e+01   1.0000000e+00
   1.1800000e+02  -1.5752100e+01   6.4542900e+00   6.9383800e+01  -2.0000000e+00
   1.1900000e+02   6.7174800e+00   1.5204300e+00   3.6898400e+01  -3.0000000e+00
   1.2000000e+02  -1.2801500e+01  -8.3272600e+00   5.7734700e+01   1.0000000e+00
   1.2100000e+02   8.8051700e+00   1.7726500e+00   3.5868500e+01   2.0000000e+00
   1.2200000e+02  -4.1656800e+00  -1.6115100e+01   4.5888300e+01  -2.0000000e+00
   1.2300000e+02   1.6504100e+00   1.1942800e+01   3.4403200e+01   2.0000000e+00
   1.2400000e+02  -1.3615200e+01   1.1527700e+01   4.7354300e+01  -2.0000000e+00
   1.2500000e+02   4.3435600e+00   4.9652200e+00   3.4929200e+01   2.0000000e+00
   1.2600000e+02   6.9038200e+00  -8.1549000e+00   5.7261300e+01   1.0000000e+00
   1.2700000e+02   3.4261600e+00  -5.9047900e+00   5.7300200e+01   1.0000000e+00
   1.2800000e+02   1.1456400e+01   7.3498000e+00   3.4835200e+01   2.0000000e+00
   1.2900000e+02  -5.3795700e+00  -2.4095500e+00   5.7496500e+01   1.0000000e+00
   1.3000000e+02   1.2143100e+01   1.4454900e-01   3.5533300e+01   2.0000000e+00
   1.3100000e+02  -1.0579500e+01   9.3553200e-01   5.7429700e+01   1.0000000e+00
   1.3200000e+02  -1.2394300e+01   2.0583100e+00   5.7341800e+01   1.0000000e+00
   1.3300000e+02  -6.6147200e+00   1.1336800e+01   3.2012200e+01  -3.0000000e+00
   1.3400000e+02  -7.3288900e+00  -5.4230600e+00   5.7552200e+01   1.0000000e+00
   1.3500000e+02   1.2202600e+01  -1.1502000e+01   5.6724700e+01  -2.0000000e+00
   1.3600000e+02  -8.7589900e+00   1.9120200e+00   5.8165000e+01   1.0000000e+00
   1.3700000e+02  -2.7751500e+00   1.5311700e+01   3.3948000e+01  -2.0000000e+00
   1.3800000e+02  -8.6143500e+00   6.0696500e+00   5.7206600e+01  -3.0000000e+00
   1.3900000e+02   1.4536400e+01  -3.3725900e+00   3.5141600e+01  -3.0000000e+00
   1.4000000e+02  -6.3507800e+00   7.6121900e+00   3.1604000e+01  -3.0000000e+00
   1.4100000e+02   2.1876200e-01   5.5344500e-01   5.6616600e+01   1.0000000e+00
   1.4200000e+02  -1.8000600e+01  -7.7502700e-01   5.7078100e+01  -1.0000000e+00
   1.4300000e+02  -1.2965500e+01  -1.2433700e+01   5.6359900e+01  -2.0000000e+00
   1.4400000e+02   5.1613100e+00  -7.0151900e+00   5.7117100e+01   1.0000000e+00
   1.4500000e+02   7.3062300e+00   7.0398500e+00   3.4686400e+01   2.0000000e+00
   1.4600000e+02  -1.0126000e+01   9.2159900e+00   5.6456200e+01   1.0000000e+00
   1.4700000e+02   9.3560100e+00   7.1692000e+00   3.4644900e+01   2.0000000e+00
   1.4800000e+02  -2.0896300e+00  -8.7500500e+00   5.7462000e+01   1.0000000e+00
   1.4900000e+02  -4.0634500e+00  -1.3951300e+01   5.7739500e+01   1.0000000e+00
   1.5000000e+02   1.9693500e+00   8.3924500e+00   3.4945500e+01   2.0000000e+00
   1.5100000e+02  -3.9113200e+00  -9.7254400e+00   5.7917100e+01   1.0000000e+00
   1.5200000e+02  -4.2509400e+00   7.8648300e+00   3.5297300e+01  -3.0000000e+00
   1.5300000e+02  -1.4593300e+01  -5.1030000e+00   5.7816700e+01  -2.0000000e+00
   1.5400000e+02   1.6803100e+01   5.9592000e+00   3.5785300e+01  -2.0000000e+00
   1.5500000e+02   2.2926800e+00   4.7522100e+00   2.2459400e+01  -3.0000000e+00
   1.5600000e+02  -2.2073100e+00   8.0473600e+00   3.5830200e+01   2.0000000e+00
   1.5700000e+02  -5.9418000e+00  -1.4898600e+01   5.7127000e+01  -2.0000000e+00
   1.5800000e+02   1.0890300e+01   1.4516700e+01   2.2697800e+01  -2.0000000e+00
   1.5900000e+02   1.5849200e+00  -6.8664000e+00   5.7458300e+01   1.0000000e+00
   1.6000000e+02  -1.4771500e+01  -1.1273700e+01   5.6954500e+01  -2.0000000e+00
   1.6100000e+02  -9.2214500e+00  -8.4334700e+00   5.7837300e+01   1.0000000e+00
   1.6200000e+02   6.0976000e+00   8.7388500e+00   3.4856700e+01   2.0000000e+00
   1.6300000e+02   2.0948800e+00   1.4855200e+00   5.3994000e+01  -3.0000000e+00
   1.6400000e+02   1.4728400e+01   5.7597100e+00   3.5266000e+01   2.0000000e+00
   1.6500000e+02   4.6123300e+00   1.4068600e+01   3.4510500e+01  -2.0000000e+00
   1.6600000e+02   1.4886100e+00  -8.9231200e+00   5.7619700e+01   1.0000000e+00
   1.6700000e+02  -1.4501400e+01  -3.0222200e+00   5.6976100e+01  -2.0000000e+00
   1.6800000e+02   1.1103600e-01  -1.5131500e+00   5.7038600e+01   1.0000000e+00
   1.6900000e+02   7.0235800e+00  -6.0931600e+00   5.7451600e+01   1.0000000e+00
   1.7000000e+02  -1.4597000e+01  -7.1708100e+00   5.7654700e+01  -2.0000000e+00
   1.7100000e+02  -7.6628800e+00  -1.3773700e+01   5.7192400e+01  -2.0000000e+00
   1.7200000e+02   3.1662300e+00   6.6760700e+00   3.4957700e+01   2.0000000e+00
   1.7300000e+02  -3.5306700e+00  -1.3982800e+00   5.7750600e+01   1.0000000e+00
   1.7400000e+02   4.9098800e+00   1.0428000e+01   3.4988600e+01   2.0000000e+00
   1.7500000e+02   1.0458100e+01  -3.7236700e+00   2.6293300e+01  -3.0000000e+00
   1.7600000e+02  -1.1030100e+01  -9.4300200e+00   5.8011100e+01   1.0000000e+00
   1.7700000e+02  -1.0560800e+01   2.9959200e+00   5.7736100e+01   1.0000000e+00
   1.7800000e+02   1.2476200e+01  -3.4031500e+00   1.9391500e+01  -3.0000000e+00
   1.7900000e+02  -1.7589800e+01   5.4740500e+00   5.7418600e+01  -1.0000000e+00
   1.8000000e+02  -1.4233000e+01   1.1237800e+00   5.6972100e+01   1.0000000e+00
   1.8100000e+02  -4.2656400e-01  -1.1935000e+01   5.7441500e+01   1.0000000e+00
   1.8200000e+02   1.0237400e+01   9.0384200e+00   3.4477400e+01   2.0000000e+00
   1.8300000e+02  -1.0011900e+00   6.3758500e+00   3.6620500e+01  -3.0000000e+00
   1.8400000e+02  -6.0568300e+00   1.6757200e+01   3.6324800e+01  -1.0000000e+00
   1.8500000e+02  -2.5696200e-02  -3.5843300e+00   5.6545900e+01   1.0000000e+00
   1.8600000e+02   1.0561800e+01   5.4839800e+00   3.4588100e+01   2.0000000e+00
   1.8700000e+02   1.8123100e+01  -4.6280300e+00   3.4035300e+01  -1.0000000e+00
   1.8800000e+02   1.4234600e+01   3.2385600e-01   3.5527200e+01   2.0000000e+00
   1.8900000e+02  -1.1126800e+01  -1.1519100e+01   5.6976300e+01   1.0000000e+00
   1.9000000e+02   5.8176500e+00  -3.6896100e-01   4.2655000e+01  -3.0000000e+00
   1.9100000e+02  -1.6811800e-01  -5.7355100e+00   5.6874200e+01   1.0000000e+00
   1.9200000e+02   1.0852400e+01  -5.7982300e+00   2.6864700e+01  -3.0000000e+00
   1.9300000e+02   7.5111500e-01   1.0100100e+01   3.4517600e+01   2.0000000e+00
   1.9400000e+02   9.0552300e+00   1.0761800e+01   3.3988700e+01   2.0000000e+00
   1.9500000e+02  -7.2500300e+00  -3.3551400e+00   5.7146500e+01   1.0000000e+00
   1.9600000e+02   1.1155900e+01   1.0903500e+01   3.4316300e+01   2.0000000e+00
   1.9700000e+02  -8.8517700e+00  -1.7859400e-01   5.7327800e+01   1.0000000e+00
   1.9800000e+02  -5.6626200e+00  -8.6123600e+00   5.7739900e+01   1.0000000e+00
   1.9900000e+02   2.5294700e+00   1.3826400e+01   3.4716700e+01   2.0000000e+00
   2.0000000e+02   1.2014500e+01  -1.5616300e+01   5.7887600e+01  -1.0000000e+00
   2.0100000e+02   1.0041200e+01   2.8684700e-02   3.5052300e+01   2.0000000e+00
   2.0200000e+02  -8.6878900e+00   3.9770000e+00   5.8055700e+01   1.0000000e+00
   2.0300000e+02  -1.0921000e+01  -5.2639500e+00   5.7850600e+01   1.0000000e+00
   2.0400000e+02  -7.0091500e+00   8.0740300e-01   5.7981700e+01   1.0000000e+00
   2.0500000e+02   1.2948800e+01   1.4709900e+01   3.5095400e+01  -1.0000000e+00
   2.0600000e+02  -1.6447700e+01  -6.0262900e+00   7.3175600e+01  -1.0000000e+00
   2.0700000e+02   8.6435700e+00  -9.2582100e+00   5.7895600e+01   1.0000000e+00
   2.0800000e+02  -1.4895500e+01   1.3142500e+01   7.1976200e+00  -1.0000000e+00
   2.0900000e+02   4.8815800e+00  -1.3230400e+01   5.7289600e+01   1.0000000e+00
   2.1000000e+02  -5.1063800e+00   3.8572200e+00   5.7991000e+01  -3.0000000e+00
   2.1100000e+02   8.7553400e+00  -7.2001500e+00   5.8542400e+01   1.0000000e+00
   2.1200000e+02   3.4610200e+00   1.5794500e+01   2.1914900e+01  -2.0000000e+00
   2.1300000e+02   1.2378300e+01  -7.3598700e+00   5.0094700e+01  -3.0000000e+00
   2.1400000e+02   3.0424700e+00  -1.4168700e+01   5.7327700e+01   1.0000000e+00
   2.1500000e+02   1.4382700e+01   9.3700100e+00   3.4767400e+01  -2.0000000e+00
   2.1600000e+02  -1.1010000e+01  -7.3260200e+00   5.8187200e+01   1.0000000e+00
   2.1700000e+02   1.2319200e+01   9.2034500e+00   3.4672500e+01   2.0000000e+00
   2.1800000e+02   7.5433000e+00   3.4207700e+00   3.5517700e+01   2.0000000e+00
   2.1900000e+02  -1.4837900e+01  -1.3351900e+01   5.6451200e+01  -1.0000000e+00
   2.2000000e+02   1.8071800e+01   4.2831800e+00   3.8534000e+01  -1.0000000e+00
   2.2100000e+02  -1.4148300e+01   3.2035000e+00   5.6944800e+01   1.0000000e+00
   2.2200000e+02   1.9465800e+00  -5.9087300e-01   5.9659000e+01  -3.0000000e+00
   2.2300000e+02  -9.1504500e+00  -6.3672200e+00   5.7706600e+01   1.0000000e+00
   2.2400000e+02   8.5046900e+00  -1.3399600e+01   5.7108000e+01   1.0000000e+00
   2.2500000e+02  -2.2409400e+00  -1.2906700e+01   5.8324600e+01   1.0000000e+00
   2.2600000e+02   9.2236900e+00  -1.8637600e+00   2.2634600e+01  -3.0000000e+00
   2.2700000e+02  -2.4592900e+00   1.1647200e+01   3.4493800e+01   2.0000000e+00
   2.2800000e+02   1.5359400e-01   4.6596800e+00   1.7675900e+01  -3.0000000e+00
   2.2900000e+02   1.4840200e+01  -6.5705700e+00   3.7048200e+01  -2.0000000e+00
   2.3000000e+02   1.3066600e+00  -1.3062600e+01   5.7267500e+01   1.0000000e+00
   2.3100000e+02   1.2069700e+00  -1.5149200e+01   5.6886200e+01  -2.0000000e+00
   2.3200000e+02   1.5554600e+01   7.6560800e+00   3.5143600e+01  -2.0000000e+00
   2.3300000e+02   1.6056000e+01  -4.8733100e+00   3.3593500e+01  -2.0000000e+00
   2.3400000e+02  -1.7658700e+00   1.7151800e+01   3.2675100e+01  -1.0000000e+00
   2.3500000e+02   1.3207900e+01   1.1083400e+01   3.4272400e+01   2.0000000e+00
   2.3600000e+02   1.6514500e+01   9.5556800e+00   2.0179400e+01  -1.0000000e+00
   2.3700000e+02   1.6408900e+01   4.6497000e-01   3.5329900e+01  -2.0000000e+00
   2.3800000e+02   2.9349300e+00  -1.6250400e+01   5.8601600e+01  -2.0000000e+00
   2.3900000e+02   1.3140400e+01  -5.3809400e+00   3.5609800e+01  -3.0000000e+00
   2.4000000e+02   1.0951100e+00   6.5088300e+00   3.4345500e+01   2.0000000e+00
   2.4100000e+02   1.3963100e+01  -1.2656100e+01   5.5530600e+01  -1.0000000e+00
   2.4200000e+02   3.9102800e+00  -1.2251800e+00   4.3996800e+01  -3.0000000e+00
   2.4300000e+02   9.7407400e+00   1.6220200e+01   3.4335400e+01  -1.0000000e+00
   2.4400000e+02  -1.6504200e+01  -8.0659500e+00   7.2691400e+01  -1.0000000e+00
   2.4500000e+02  -3.0158800e+00   5.9125000e+00   2.3297900e+01  -3.0000000e+00
   2.4600000e+02  -1.6431500e+01  -3.9428100e+00   7.1847000e+01  -1.0000000e+00
   2.4700000e+02   8.6558500e-01  -1.7674000e+01   4.3159800e+01  -1.0000000e+00
   2.4800000e+02   4.0371000e+00   8.5673700e+00   3.4891200e+01   2.0000000e+00
   2.4900000e+02   1.2918700e+01   2.0569500e+00   3.5031800e+01   2.0000000e+00
   2.5000000e+02  -1.0744500e+01  -1.1457200e+00   5.6702100e+01   1.0000000e+00
   2.5100000e+02   1.4176700e+01  -1.0567400e+01   2.7435400e+01  -1.0000000e+00
   2.5200000e+02  -1.1259200e+01  -1.3619200e+01   5.6828400e+01  -2.0000000e+00
   2.5300000e+02  -1.4394800e+01  -9.4909400e-01   5.6790200e+01   1.0000000e+00
   2.5400000e+02  -4.0097200e+00  -1.1844800e+01   5.8336700e+01   1.0000000e+00
   2.5500000e+02   1.2101500e+01  -1.3551100e+01   6.9004900e+01  -2.0000000e+00
   2.5600000e+02  -1.0039700e+01   1.1280100e+01   3.8669200e+01  -3.0000000e+00
   2.5700000e+02  -7.4941900e+00  -9.5696600e+00   5.7437500e+01   1.0000000e+00
   2.5800000e+02   1.2272400e+01  -9.4090700e+00   5.7182700e+01  -2.0000000e+00
   2.5900000e+02   5.2115400e+00   6.8496800e+00   3.5065300e+01   2.0000000e+00
   2.6000000e+02   4.4063100e+00   1.1381300e+00   3.5078000e+01  -3.0000000e+00
   2.6100000e+02  -1.3137300e+01  -1.4540000e+01   4.0860000e+01  -1.0000000e+00
   2.6200000e+02  -1.6120000e+01   1.8377400e-01   5.6787200e+01  -2.0000000e+00
   2.6300000e+02  -3.6622600e+00   1.3380700e+01   3.4983400e+01   2.0000000e+00
   2.6400000e+02  -5.4662000e+00   9.5600900e+00   3.4638000e+01  -3.0000000e+00
   2.6500000e+02   3.1993300e-01   1.7311900e+01   3.3852100e+01  -1.0000000e+00
   2.6600000e+02   8.8163100e+00   1.4328000e+01   3.4278700e+01  -2.0000000e+00
   2.6700000e+02   3.5108400e+00  -3.8559300e+00   4.5290900e+01   1.0000000e+00
   2.6800000e+02  -7.3951100e+00  -7.4889300e+00   5.7515500e+01   1.0000000e+00
   2.6900000e+02  -8.3182600e+00   1.2559700e+01  -5.6254700e+00  -3.0000000e+00
   2.7000000e+02  -6.8671400e+00   4.9779100e+00   4.6276400e+01  -3.0000000e+00
   2.7100000e+02  -1.3890600e+01   7.3687900e+00   5.6693400e+01  -2.0000000e+00
   2.7200000e+02   8.4738000e+00   5.3098800e+00   3.4411400e+01   2.0000000e+00
   2.7300000e+02   5.2824900e+00  -2.8233300e+00   5.2998000e+01  -3.0000000e+00
   2.7400000e+02  -5.7343100e+00  -1.0721100e+01   5.7706900e+01   1.0000000e+00
   2.7500000e+02  -3.2712100e-01  -9.8767100e+00   5.7445000e+01   1.0000000e+00
   2.7600000e+02  -1.2687500e+01  -4.1562700e+00   5.7716700e+01   1.0000000e+00
   2.7700000e+02   2.8443500e+00  -1.8319000e+01   6.2374300e+01  -1.0000000e+00
   2.7800000e+02   1.7458500e+01   2.2418700e+00   5.0795900e+01  -1.0000000e+00
   2.7900000e+02   8.1639400e+00   8.9108000e+00   3.4346800e+01   2.0000000e+00
   2.8000000e+02  -1.3801800e+01   9.4847900e+00   5.6209900e+01  -2.0000000e+00
   2.8100000e+02   1.4141300e+01   1.2994500e+01   2.1553100e+01  -2.0000000e+00
   2.8200000e+02   6.6690000e+00   1.4187900e+01   3.4057900e+01  -2.0000000e+00
   2.8300000e+02  -1.8681100e+00   4.1883700e+00   2.7495400e+01  -3.0000000e+00
   2.8400000e+02   1.6670600e+00  -4.7624900e+00   5.6544300e+01   1.0000000e+00
   2.8500000e+02  -1.4661800e+01  -9.2256800e+00   5.6956300e+01  -2.0000000e+00
   2.8600000e+02  -4.5333500e+00   1.1481800e+01   3.4353800e+01   2.0000000e+00
   2.8700000e+02  -1.2621200e+01  -2.0719200e+00   5.7042800e+01   1.0000000e+00
   2.8800000e+02  -1.0851900e+01  -3.2053900e+00   5.7597600e+01   1.0000000e+00
   2.8900000e+02   1.4120600e+01  -8.5051800e+00   2.3390100e+01  -2.0000000e+00
   2.9000000e+02   1.0350100e+01  -1.2417900e+01   5.7555100e+01   1.0000000e+00
   2.9100000e+02   7.0943100e+00  -4.0383700e+00   5.7778500e+01  -3.0000000e+00
   2.9200000e+02  -5.9920700e+00  -1.7103500e+01   5.7528100e+01  -1.0000000e+00
   2.9300000e+02   1.2069700e+01   1.2814300e+01   3.4621700e+01  -2.0000000e+00
   2.9400000e+02  -8.2552100e+00   1.6480900e+01   3.8850600e+01  -1.0000000e+00
   2.9500000e+02  -1.2885100e+01  -1.0382800e+01   5.6990800e+01   1.0000000e+00
   2.9600000e+02  -7.1078500e+00  -1.2855800e+00   5.7246900e+01   1.0000000e+00
   2.9700000e+02   1.7709700e+01   7.8768200e+00   3.5330900e+01  -1.0000000e+00
   2.9800000e+02  -3.9400800e+00   1.7011500e+01   3.5001900e+01  -1.0000000e+00
   2.9900000e+02  -1.5614900e+01   1.0597200e+01   5.6774100e+01  -1.0000000e+00
