   0.0000000e+00  -1.1002200e+01  -1.3664100e+01   4.7327100e+01  -2.0000000e+00
   1.0000000e+00   7.8019600e+00  -1.3033900e+01   2.4616600e+01   2.0000000e+00
   2.0000000e+00  -1.6794800e+01  -6.1872400e+00   3.2206100e+01  -1.0000000e+00
   3.0000000e+00  -1.2901300e+01   4.3912400e+00  -6.6771000e+00   0.0000000e+00
   4.0000000e+00   4.0827400e+00   1.6475900e+01   4.6268800e+00  -1.0000000e+00
   5.0000000e+00   8.8446700e+00   2.0115000e+00   2.4065900e+01  -2.0000000e+00
   6.0000000e+00   6.6185800e+00  -1.4727100e+01   2.4255600e+01  -2.0000000e+00
   7.0000000e+00   4.8356200e+00   8.0773400e+00   4.9102400e+00   1.0000000e+00
   8.0000000e+00   1.2847200e+00  -1.6015800e+01   2.4294300e+01  -2.0000000e+00
   9.0000000e+00  -1.3292700e+01   4.0009100e-01   4.6095800e+01   0.0000000e+00
   1.0000000e+01  -6.0864400e+00   9.2244000e+00   5.2383000e+00   1.0000000e+00
   1.1000000e+01  -2.1605000e+00   5.4082600e+00   5.3360200e+00   1.0000000e+00
   1.2000000e+01  -4.3823600e+00   1.7419300e+01   3.3484800e+00  -1.0000000e+00
   1.3000000e+01   1.5761300e+00   3.6813800e+00   1.5442600e+01   1.0000000e+00
   1.4000000e+01   5.6036500e+00  -3.6778500e+00   2.4192600e+01   2.0000000e+00
   1.5000000e+01   5.1623400e-01   1.6159200e+01   1.6657500e+01  -2.0000000e+00
   1.6000000e+01   5.9498800e+00  -1.0581900e-01   1.2922400e+01  -2.0000000e+00
   1.7000000e+01   1.0446500e+01   5.4166500e+00   5.8731400e+00   1.0000000e+00
   1.8000000e+01   1.4081600e+01  -1.3620100e+01   3.9380000e+01  -1.0000000e+00
   1.9000000e+01   2.3818700e+00   1.5291000e+01   5.2405400e+00  -2.0000000e+00
   2.0000000e+01   3.1137400e+00   6.9095000e+00   4.4959100e+00   1.0000000e+00
   2.1000000e+01   6.7963500e+00  -1.9981000e+00   2.5041100e+01   0.0000000e+00
   2.2000000e+01  -1.1941800e+01   1.3967600e+01   1.9199200e+01  -1.0000000e+00
   2.3000000e+01  -8.4449800e+00   1.6387400e+01   1.7595800e+01  -1.0000000e+00
   2.4000000e+01   1.7226700e+01  -3.1882900e+00   2.0037100e+01  -2.0000000e+00
   2.5000000e+01   1.3179500e+01  -1.1693800e+01   2.5035800e+01  -2.0000000e+00
   2.6000000e+01  -1.7376000e+01  -5.5541800e-01   4.4644200e+01  -2.0000000e+00
   2.7000000e+01   4.3725400e+00  -1.8179700e+01   2.8037900e+01  -1.0000000e+00
   2.8000000e+01   2.7525800e+00   1.1059900e+01   4.5241200e+00   1.0000000e+00
   2.9000000e+01   5.9440600e+00   1.5604300e+01   1.6363800e+01  -2.0000000e+00
   3.0000000e+01   7.0165100e+00   2.9669400e+00   1.6236200e+01  -3.0000000e+00
   3.1000000e+01  -4.9118900e+00  -1.5864900e+01   1.2979100e+00  -1.0000000e+00
   3.2000000e+01  -5.0315800e+00  -1.1871300e+01   4.5733500e+01  -2.0000000e+00
   3.3000000e+01  -1.8395900e+01  -4.6275200e+00   4.5012200e+01  -1.0000000e+00
   3.4000000e+01   1.6005000e+01   2.7687600e+00   4.6690800e+00  -2.0000000e+00
   3.5000000e+01   1.5001500e+01  -2.8730000e+00   2.3436200e+01   2.0000000e+00
   3.6000000e+01  -1.1488900e+01  -1.5688900e+01   4.6964200e+01  -1.0000000e+00
   3.7000000e+01  -2.8753000e+00   1.3707100e+01   5.7979900e+00   1.0000000e+00
   3.8000000e+01   3.3407900e+00  -1.6277500e+01   2.5596100e+01  -2.0000000e+00
   3.9000000e+01   1.0592300e+01   3.3557000e+00   6.2369300e+00   1.0000000e+00
   4.0000000e+01   6.0809800e+00  -9.2042700e+00   2.4227600e+01   2.0000000e+00
   4.1000000e+01  -9.8053500e-01   1.2850200e+01   5.4641500e+00   1.0000000e+00
   4.2000000e+01  -3.0502300e+00  -1.1344300e+01   4.9246700e+01  -1.0000000e+00
   4.3000000e+01   1.2501500e+01   2.5397300e+00   1.3945900e+01  -2.0000000e+00
   4.4000000e+01  -1.1851000e+00   1.4951700e+01   5.7687900e+00  -2.0000000e+00
   4.5000000e+01  -1.7052100e+01   7.5119100e+00   7.0850100e+01  -1.0000000e+00
   4.6000000e+01   1.8026500e+01  -1.3344300e-01  -5.2127100e+00  -1.0000000e+00
   4.7000000e+01  -5.9179500e+00   7.1384800e+00   5.2628600e+00   1.0000000e+00
   4.8000000e+01   6.8166800e-01   1.4053600e+01   5.5371100e+00   1.0000000e+00
   4.9000000e+01  -1.4957800e+01   7.3645300e+00  -3.3675100e+00  -2.0000000e+00
   5.0000000e+01  -2.6764000e+00   1.1641900e+01   5.4036300e+00   1.0000000e+00
   5.1000000e+01  -4.0513100e+00  -1.7760300e+01   2.9415400e+01  -1.0000000e+00
   5.2000000e+01   1.3600000e+01   9.8959900e+00   5.0748400e+00  -2.0000000e+00
   5.3000000e+01   1.1749600e+01   1.0761700e+01   4.2121200e+00   1.0000000e+00
   5.4000000e+01  -1.3433400e+01   1.0627200e+01   6.6894500e+00  -2.0000000e+00
   5.5000000e+01   8.6832700e+00  -1.4945000e+01   3.6757800e+01  -2.0000000e+00
   5.6000000e+01   1.5374800e+01   1.1168000e+01   5.5915300e+00  -1.0000000e+00
   5.7000000e+01   6.1428500e+00   1.3429200e+01   4.3966200e+00   1.0000000e+00
   5.8000000e+01   1.1912100e+01   1.4951400e+01   5.9144100e+01  -1.0000000e+00
   5.9000000e+01  -3.6463700e+00   2.1564200e+00   1.4341700e+01  -3.0000000e+00
   6.0000000e+01  -4.3236400e-01  -1.2171500e+01   2.4840800e+01   0.0000000e+00
   6.1000000e+01   4.6075900e+00   1.0169900e+01   5.2257900e+00   1.0000000e+00
   6.2000000e+01   1.0884700e+01  -2.4533100e+00   2.5973700e+01   2.0000000e+00
   6.3000000e+01  -6.5599500e+00   1.7476400e+01   6.8876300e+01  -1.0000000e+00
   6.4000000e+01   6.2931800e-01  -1.5028400e+00   1.1835400e+01  -3.0000000e+00
   6.5000000e+01  -1.3230400e+01   8.5462900e+00   5.2563300e+00  -2.0000000e+00
   6.6000000e+01   8.4872900e+00  -5.8341800e+00   2.4670600e+01   2.0000000e+00
   6.7000000e+01   8.1855300e+00   1.0504500e+01   4.6828800e+00   1.0000000e+00
   6.8000000e+01   9.9547400e+00   1.5781900e+01   4.6562200e+01  -1.0000000e+00
   6.9000000e+01   5.4198300e+00  -1.6397500e+01   3.7636400e+01  -2.0000000e+00
   7.0000000e+01   2.9179800e+00   8.9782500e+00   4.8620900e+00   1.0000000e+00
   7.1000000e+01  -4.8430700e-02   4.2646800e-01   9.6338300e+00  -3.0000000e+00
   7.2000000e+01   4.5774800e+00  -1.4491700e+01   2.4923100e+01   2.0000000e+00
   7.3000000e+01   2.1985900e+00   1.7422800e+01   5.0470000e+00  -1.0000000e+00
   7.4000000e+01   1.1880800e+01   8.7066800e+00   4.9945900e+00   1.0000000e+00
   7.5000000e+01   1.4180500e+01   3.7092500e+00   3.2716800e+01   0.0000000e+00
   7.6000000e+01   1.0247900e+01  -9.6064300e+00   2.4615900e+01   2.0000000e+00
   7.7000000e+01   7.4826300e+00  -1.6623600e+01   2.4221100e+01  -1.0000000e+00
   7.8000000e+01  -8.2039000e+00  -1.5185200e+00   3.0096700e+01  -2.0000000e+00
   7.9000000e+01  -5.3226900e+00   9.1949600e-01   2.0208200e+01  -2.0000000e+00
   8.0000000e+01  -1.1165400e+01   5.6101400e+00   5.5004500e+00   1.0000000e+00
   8.1000000e+01   2.3308700e+00  -5.2319100e+00   2.4463700e+01   2.0000000e+00
   8.2000000e+01   1.9151100e+00   1.0466800e+00   1.7197800e+01  -3.0000000e+00
   8.3000000e+01   1.3807000e+01   7.8228500e+00   5.4457600e+00   1.0000000e+00
   8.4000000e+01   1.2368600e+00   7.8052100e+00   4.6090600e+00   1.0000000e+00
   8.5000000e+01   1.3997500e+01   1.1175800e+00   3.3729400e+01  -1.0000000e+00
   8.6000000e+01  -1.6351500e+01  -4.0719600e+00   4.5871200e+01  -2.0000000e+00
   8.7000000e+01  -1.5260500e+01  -7.5827600e+00   4.8181800e+01  -2.0000000e+00
   8.8000000e+01  -4.5900800e+00   1.2489700e+01   5.4478100e+00   1.0000000e+00
   8.9000000e+01  -1.6742700e+01   1.6034200e+00   4.1190600e+01  -2.0000000e+00
   9.0000000e+01   1.6042800e+01   7.0539600e-01   8.0645000e+00  -2.0000000e+00
   9.1000000e+01  -1.1149700e+01  -6.2452000e+00   4.7586200e+01   1.0000000e+00
   9.2000000e+01  -6.5317800e+00  -1.0446000e+01   4.7044000e+01   1.0000000e+00
   9.3000000e+01  -1.0184800e+01  -2.1972600e+00   3.2992900e+01   0.0000000e+00
   9.4000000e+01  -1.0416700e+00  -6.6889200e+00   2.4903300e+01  -2.0000000e+00
   9.5000000e+01   1.0213700e+01   7.4739000e+00   5.8973400e+00   1.0000000e+00
   9.6000000e+01   1.5280200e+01  -1.1827800e+01   2.6636000e+01  -1.0000000e+00
   9.7000000e+01  -9.8379100e+00   1.0961000e+01   4.8627100e+00   1.0000000e+00
   9.8000000e+01  -1.8058100e+01   3.1922600e+00   5.4516600e+01  -1.0000000e+00
   9.9000000e+01  -1.5869300e+01  -2.0142100e+00   4.5704600e+01  -2.0000000e+00
   1.0000000e+02  -3.6665100e+00  -5.7975600e+00   4.9942600e+01  -1.0000000e+00
   1.0100000e+02   9.9897800e+00  -5.5993000e-01   3.8685500e+01  -2.0000000e+00
   1.0200000e+02  -1.0955600e+01   3.5085600e+00   5.0001900e+00   1.0000000e+00
   1.0300000e+02  -5.7153700e+00   5.0631900e+00   5.1955200e+00   1.0000000e+00
   1.0400000e+02   9.0063100e+00  -1.1316100e+01   2.4588600e+01   2.0000000e+00
   1.0500000e+02   1.4038000e+01   5.7781000e+00   4.7458300e+00   1.0000000e+00
   1.0600000e+02  -7.6253900e+00  -7.0181600e+00   4.7371400e+01   1.0000000e+00
   1.0700000e+02   1.2930600e+01  -2.6055500e+00   2.3866100e+01   2.0000000e+00
   1.0800000e+02  -1.9729500e+00   3.3547100e+00   3.4052700e+01   1.0000000e+00
   1.0900000e+02  -9.6119900e+00  -7.6355500e+00   4.7434900e+01   1.0000000e+00
   1.1000000e+02   1.6818400e+01  -6.6577700e+00   3.8972800e+01  -1.0000000e+00
   1.1100000e+02   7.9954200e+00   1.3909300e-01   3.8618700e+01  -1.0000000e+00
   1.1200000e+02   1.6353500e+01  -1.3299900e+00   1.5570400e+01  -2.0000000e+00
   1.1300000e+02   9.0270000e-01   1.1973100e+01   5.0869300e+00   1.0000000e+00
   1.1400000e+02  -1.4827700e+01   5.3033800e+00   2.5348500e+01  -2.0000000e+00
   1.1500000e+02  -7.4399600e+00   3.8605600e+00   5.4746500e+00   1.0000000e+00
   1.1600000e+02   6.6904500e+00   7.1413700e+00   4.5019800e+00   1.0000000e+00
   1.1700000e+02   3.8540200e+00   2.9786800e-01   1.7881400e+01  -3.0000000e+00
   1.1800000e+02   1.7752000e+01   3.9970400e+00  -1.0224700e+01  -1.0000000e+00
   1.1900000e+02   1.0751800e+01  -1.5129700e+01   2.5343800e+01  -1.0000000e+00
   1.2000000e+02  -4.7663900e+00   1.4545300e+01   1.7396900e+01  -2.0000000e+00
   1.2100000e+02   8.1636600e+00  -9.4208600e+00   2.4152200e+01   2.0000000e+00
   1.2200000e+02  -4.5786900e-01   6.6437000e+00   4.9716900e+00   1.0000000e+00
   1.2300000e+02   1.7453400e+01   8.1507900e+00   5.7549500e+00  -1.0000000e+00
   1.2400000e+02  -2.6961700e+00  -2.8676900e+00   9.8377600e+00  -3.0000000e+00
   1.2500000e+02   4.4362000e+00   1.2244300e+01   4.2331700e+00   1.0000000e+00
   1.2600000e+02   2.8379100e+00  -1.0723200e+01   2.4715500e+01   2.0000000e+00
   1.2700000e+02  -1.5134000e+01   9.4221300e+00  -7.4049700e+00  -1.0000000e+00
   1.2800000e+02  -1.3868200e+01  -1.5733700e+00   4.5926100e+01   0.0000000e+00
   1.2900000e+02   3.1663300e+00  -7.1006100e+00   2.4169400e+01   2.0000000e+00
   1.3000000e+02   8.8315300e+00  -2.2520100e+00   2.3662200e+01   0.0000000e+00
   1.3100000e+02  -3.7438600e+00  -5.1882100e-01   2.7448300e+01  -3.0000000e+00
   1.3200000e+02   9.7174000e+00   1.3726300e+01   3.1941300e+01  -2.0000000e+00
   1.3300000e+02   1.7970300e+01   1.9209100e+00  -1.0882000e+01  -1.0000000e+00
   1.3400000e+02   1.7647900e+01   6.0468200e+00  -1.0671600e+01  -1.0000000e+00
   1.3500000e+02  -8.1442300e+00   1.2142000e+01   5.0665600e+00   1.0000000e+00
   1.3600000e+02  -9.4815700e+00   6.8244800e+00   5.5047000e+00   1.0000000e+00
   1.3700000e+02   1.1107900e+01  -1.1487800e+01   2.4446800e+01   2.0000000e+00
   1.3800000e+02   1.2315800e+01   4.5812800e+00   5.3952400e+00   1.0000000e+00
   1.3900000e+02   4.3798000e+00  -5.4169500e+00   2.4404200e+01   2.0000000e+00
   1.4000000e+02   7.6167200e-01  -1.0504400e+01   2.4236800e+01   2.0000000e+00
   1.4100000e+02  -7.6081400e+00   5.9590800e+00   5.1416900e+00   1.0000000e+00
   1.4200000e+02  -1.4122200e+01  -1.0917200e+01   3.4147200e+01  -1.0000000e+00
   1.4300000e+02  -1.0070600e+01  -9.6509700e+00   4.6686100e+01   1.0000000e+00
   1.4400000e+02  -8.8403300e+00  -1.7053300e+01   2.1885900e+00  -1.0000000e+00
   1.4500000e+02  -8.0842600e+00  -9.0449100e+00   4.7297400e+01   1.0000000e+00
   1.4600000e+02   5.2258000e+00  -7.3243800e+00   2.4271000e+01   2.0000000e+00
   1.4700000e+02   1.4455900e+01   1.3785900e+01   9.1139200e+01  -1.0000000e+00
   1.4800000e+02   1.9606500e+00  -8.8130500e+00   2.4407000e+01   2.0000000e+00
   1.4900000e+02  -1.3732400e+01   1.2779700e+01   2.0165700e+01  -1.0000000e+00
   1.5000000e+02  -1.1580300e+01  -8.2502700e+00   4.7257800e+01   1.0000000e+00
   1.5100000e+02  -9.4719400e+00  -1.5089800e+01   2.9140700e+01  -2.0000000e+00
   1.5200000e+02  -8.9443400e+00   4.2346900e-01  -6.6137100e+00  -1.0000000e+00
   1.5300000e+02   7.6963100e+00   1.6740600e+01   4.7166000e+00  -1.0000000e+00
   1.5400000e+02  -4.5316800e+00  -9.8650100e+00   4.6997000e+01  -2.0000000e+00
   1.5500000e+02  -1.3021400e+01  -1.4302500e+01   4.7391500e+01  -1.0000000e+00
   1.5600000e+02   1.4726500e+00  -3.3775300e+00   2.4620400e+01   2.0000000e+00
   1.5700000e+02  -6.2360100e+00  -9.2641500e-01   5.4818000e+01  -1.0000000e+00
   1.5800000e+02  -6.4975200e-01   8.7197900e+00   4.7197000e+00   1.0000000e+00
   1.5900000e+02   1.0584300e+01  -6.0046900e+00   2.4789200e+01   2.0000000e+00
   1.6000000e+02   7.3203600e+00  -7.5201700e+00   2.4391500e+01   2.0000000e+00
   1.6100000e+02  -1.1618600e-01  -8.5648900e+00   2.4883300e+01  -2.0000000e+00
   1.6200000e+02   6.4250500e+00  -5.6177900e+00   2.4241000e+01   2.0000000e+00
   1.6300000e+02  -5.1789300e+00  -4.3952500e+00   4.6786100e+01  -2.0000000e+00
   1.6400000e+02  -1.0223200e+01   1.5124400e+01   1.9644600e+01  -1.0000000e+00
   1.6500000e+02   1.5490200e+01   9.0187600e+00  -6.5956200e+00  -2.0000000e+00
   1.6600000e+02  -1.0708400e+01  -4.2037200e+00   4.7154300e+01   1.0000000e+00
   1.6700000e+02   1.3889200e+01  -4.6064900e+00   2.4623600e+01   2.0000000e+00
   1.6800000e+02   5.7456900e+00  -1.2790100e+01   2.4401900e+01   2.0000000e+00
   1.6900000e+02  -7.0203000e+00  -1.2460200e+01   4.6672600e+01   1.0000000e+00
   1.7000000e+02   4.6203000e-01  -1.4119500e+01   2.4619400e+01   2.0000000e+00
   1.7100000e+02   1.2094700e+01   6.6483800e+00   5.9060700e+00   1.0000000e+00
   1.7200000e+02   4.8854900e+00  -1.0877200e+01   2.4713200e+01   2.0000000e+00
   1.7300000e+02  -4.2196000e+00   8.3699400e+00   5.3849200e+00   1.0000000e+00
   1.7400000e+02   1.0030300e+01   9.6144000e+00   4.4150000e+00   1.0000000e+00
   1.7500000e+02  -5.5461400e+00   3.0036500e+00   5.8137400e+00   1.0000000e+00
   1.7600000e+02  -1.2229700e+01  -2.8281900e+00   4.7664500e+01   0.0000000e+00
   1.7700000e+02   7.6387200e+00  -3.9480000e+00   2.3909600e+01   2.0000000e+00
   1.7800000e+02  -9.3021400e+00   4.7354700e+00   5.3919500e+00   1.0000000e+00
   1.7900000e+02   6.8302600e+00   5.0703900e+00   4.2439500e+00   1.0000000e+00
   1.8000000e+02  -1.2651300e+01   2.3503900e+00   3.1319300e+01   0.0000000e+00
   1.8100000e+02  -4.4020600e+00   1.0429000e+01   5.4243000e+00   1.0000000e+00
   1.8200000e+02   1.4334500e+01  -9.9976900e+00   2.4418500e+01  -2.0000000e+00
   1.8300000e+02  -2.8381200e+00  -1.5647300e+01   2.6162200e+01  -2.0000000e+00
   1.8400000e+02  -6.2858900e+00   1.1282400e+01   5.3175700e+00   1.0000000e+00
   1.8500000e+02   1.8888500e+01  -1.9876700e+00   1.5411600e+01  -1.0000000e+00
   1.8600000e+02  -9.6882200e+00   8.8882600e+00   5.0673000e+00   1.0000000e+00
   1.8700000e+02   5.0952000e+00   3.8634300e+00   4.0840300e+00   1.0000000e+00
   1.8800000e+02   8.5476600e+00   6.2323900e+00   5.2639300e+00   1.0000000e+00
   1.8900000e+02  -1.5671500e+01   1.1445900e+01   9.7668300e+00  -1.0000000e+00
   1.9000000e+02  -1.1738100e+01   1.1835700e+01   5.2071600e+00  -2.0000000e+00
   1.9100000e+02  -1.7216600e+01   5.3119400e+00   5.4635100e+01  -1.0000000e+00
   1.9200000e+02  -1.9326300e+00  -1.7623700e+01   1.5869500e+01  -2.0000000e+00
   1.9300000e+02  -2.1986700e+00  -8.4077400e+00   2.2836300e+01  -1.0000000e+00
   1.9400000e+02   9.8784000e+00  -1.3190800e+01   2.4893800e+01  -2.0000000e+00
   1.9500000e+02  -3.8493000e+00   4.2004700e+00   5.4504500e+00   1.0000000e+00
   1.9600000e+02  -1.3055900e+01   6.4493200e+00   4.6913400e+00   1.0000000e+00
   1.9700000e+02  -5.6624000e+00  -6.3946700e+00   4.6925800e+01  -2.0000000e+00
   1.9800000e+02  -7.5061800e+00  -1.4486100e+01   2.9035300e+01  -2.0000000e+00
   1.9900000e+02   4.2797900e+00   1.4398500e+01   4.6227900e+00  -2.0000000e+00
   2.0000000e+02  -7.9786500e+00   1.0091400e+01   4.9678200e+00   1.0000000e+00
   2.0100000e+02  -1.3675000e+01  -8.8763900e+00   4.8208500e+01  -2.0000000e+00
   2.0200000e+02  -9.7515300e-01  -1.9464700e+01   2.7115800e+01  -1.0000000e+00
   2.0300000e+02   8.0088500e+00   1.2551600e+01   4.7595700e+00   1.0000000e+00
   2.0400000e+02  -6.1272700e+00  -8.4244200e+00   4.7538900e+01   1.0000000e+00
   2.0500000e+02   1.0620800e+00   9.8719600e+00   4.3709900e+00   1.0000000e+00
   2.0600000e+02  -1.2545100e+01  -1.2277600e+01   4.8038400e+01  -2.0000000e+00
   2.0700000e+02   1.6176100e+00  -1.2377700e+01   2.4523400e+01   2.0000000e+00
   2.0800000e+02   8.6985300e+00   4.1793100e+00   5.0221600e+00   1.0000000e+00
   2.0900000e+02  -2.8377200e-01   4.5686900e+00   5.1296600e+00   1.0000000e+00
   2.1000000e+02  -4.7083700e+00  -2.3533500e+00   4.9774600e+01  -2.0000000e+00
   2.1100000e+02   1.1590600e+01   1.2862300e+01   2.5885800e+01  -2.0000000e+00
   2.1200000e+02   2.2074900e+00  -1.8031200e+01   2.4895300e+01  -1.0000000e+00
   2.1300000e+02  -1.1559300e+01   9.7906300e+00   5.2225000e+00   1.0000000e+00
   2.1400000e+02  -9.1707400e+00  -5.6232000e+00   4.7258900e+01   1.0000000e+00
   2.1500000e+02   8.3252600e+00   8.3725700e+00   5.0119600e+00   1.0000000e+00
   2.1600000e+02   1.3441900e+01   1.1946000e+01   2.2455500e+01  -2.0000000e+00
   2.1700000e+02   6.2908900e+00   1.1359100e+01   4.9736500e+00   1.0000000e+00
   2.1800000e+02   4.7350500e+00  -1.8019600e+00   2.3470800e+01   2.0000000e+00
   2.1900000e+02  -1.4819400e+01  -5.5758000e+00   4.7599400e+01  -2.0000000e+00
   2.2000000e+02  -7.2302600e+00   1.7230300e+00   1.8440100e+01  -2.0000000e+00
   2.2100000e+02   4.0039900e+00  -8.9989000e+00   2.4653800e+01   2.0000000e+00
   2.2200000e+02  -6.4653800e+00   1.3338600e+01   5.1145800e+00   1.0000000e+00
   2.2300000e+02  -9.0170000e+00  -1.3082300e+01   4.7111600e+01   1.0000000e+00
   2.2400000e+02  -8.6662600e+00  -3.6017100e+00   4.7000400e+01   1.0000000e+00
   2.2500000e+02  -1.5355500e+01   3.4062700e-02   4.2961000e+01   1.0000000e+00
   2.2600000e+02  -1.0046100e+01   1.3036000e+01   4.9046400e+00  -2.0000000e+00
   2.2700000e+02  -1.1364200e+01   7.6708200e+00   5.5429300e+00   1.0000000e+00
   2.2800000e+02   1.2638600e+01  -6.2197200e+00   2.3839600e+01   2.0000000e+00
   2.2900000e+02  -1.8733800e+00  -4.7715000e+00   1.8621900e+01  -2.0000000e+00
   2.3000000e+02   3.5239000e+00  -3.5117600e+00   2.4586400e+01   2.0000000e+00
   2.3100000e+02  -1.0810000e+01   1.4427600e+00   2.3223200e+01  -2.0000000e+00
   2.3200000e+02  -1.0590700e+01  -1.1638100e+01   4.7190900e+01   1.0000000e+00
   2.3300000e+02  -8.3414400e+00   1.4222700e+01   4.5567300e+00  -2.0000000e+00
   2.3400000e+02   1.2144900e+01  -3.2292200e-01   2.3999500e+01  -2.0000000e+00
   2.3500000e+02  -1.2668000e+01  -4.8462900e+00   4.8282100e+01   1.0000000e+00
   2.3600000e+02   2.5908200e+00   1.3219700e+01   4.9910600e+00   1.0000000e+00
   2.3700000e+02  -2.3187700e+00   7.5111800e+00   5.2636600e+00   1.0000000e+00
   2.3800000e+02  -3.5601700e+00  -1.3363500e+01   2.1318500e+01  -2.0000000e+00
   2.3900000e+02  -1.4688500e+01   2.0012700e+00   2.8638400e+01   0.0000000e+00
   2.4000000e+02  -7.8117800e+00   8.0200200e+00   5.1627200e+00   1.0000000e+00
   2.4100000e+02  -1.2793500e+00  -1.0270900e+01   2.0138100e+01  -2.0000000e+00
   2.4200000e+02   6.4888800e+00   9.3168700e+00   5.1799200e+00   1.0000000e+00
   2.4300000e+02  -1.4291100e+01  -3.5859900e+00   4.7335000e+01   1.0000000e+00
   2.4400000e+02  -3.0843700e+00   1.5769800e+01   1.3617600e+01  -2.0000000e+00
   2.4500000e+02   1.3491200e+01  -8.0981700e+00   2.3822800e+01  -2.0000000e+00
   2.4600000e+02  -6.6272600e+00   1.5430900e+01   2.6902400e+01  -2.0000000e+00
   2.4700000e+02   1.4767300e+01  -6.4670200e+00   2.4346500e+01  -2.0000000e+00
   2.4800000e+02   1.0843700e+01   1.3191000e+00   1.9650700e+01   0.0000000e+00
   2.4900000e+02   2.5172400e+00  -1.4359100e+01   2.4496800e+01   2.0000000e+00
   2.5000000e+02   6.9453000e+00  -1.1110600e+01   2.4151600e+01   2.0000000e+00
   2.5100000e+02   1.5868500e-01  -1.7735100e+01   3.7564200e+01  -2.0000000e+00
   2.5200000e+02   9.3838200e+00  -7.7516500e+00   2.4713200e+01   2.0000000e+00
   2.5300000e+02   1.4142700e+01  -9.3104200e-01   1.5931700e+01  -2.0000000e+00
   2.5400000e+02  -1.4362000e+00   1.7220400e+01   6.3810800e+00  -1.0000000e+00
   2.5500000e+02  -6.6889800e+00  -2.9577500e+00   4.6998100e+01  -2.0000000e+00
   2.5600000e+02   1.5758300e+01   6.9267100e+00   5.1672500e+00  -2.0000000e+00
   2.5700000e+02   1.1439200e+01  -7.9205300e+00   2.4699500e+01   2.0000000e+00
   2.5800000e+02  -1.3191100e+01  -6.8757500e+00   4.8149900e+01   1.0000000e+00
   2.5900000e+02   1.8160700e+01  -5.0732300e+00   2.2839500e+01  -1.0000000e+00
   2.6000000e+02  -1.2114700e+01  -1.0246400e+01   4.7346500e+01  -2.0000000e+00
   2.6100000e+02   1.1782600e+01  -4.3150800e+00   2.4692700e+01   2.0000000e+00
   2.6200000e+02   1.6220700e-01  -5.0207500e+00   2.3777800e+01   2.0000000e+00
   2.6300000e+02  -1.4481000e+00  -1.2054100e+00   1.9777300e+01   2.0000000e+00
   2.6400000e+02   1.2286700e+01  -9.8037300e+00   2.4725300e+01   2.0000000e+00
   2.6500000e+02  -7.1733200e+00  -5.0022600e+00   4.7066000e+01   1.0000000e+00
   2.6600000e+02  -7.5173300e-01  -1.5831800e+01   2.5096100e+01   2.0000000e+00
   2.6700000e+02   1.5673500e+01  -8.3738300e+00   3.8750100e+01  -1.0000000e+00
   2.6800000e+02  -2.5095300e+00   9.5850600e+00   5.2261600e+00   1.0000000e+00
   2.6900000e+02  -5.5387800e+00  -1.3896200e+01   2.8250900e+01  -2.0000000e+00
   2.7000000e+02  -6.4965600e-01  -3.1184100e+00   2.2823700e+01   2.0000000e+00
   2.7100000e+02  -6.8700100e+00  -1.6468000e+01   1.7153300e+01  -1.0000000e+00
   2.7200000e+02   5.2423900e+00   1.8172700e+00   1.0570600e+01  -3.0000000e+00
   2.7300000e+02  -1.5765300e+01  -9.5985700e+00   4.8751500e+01  -1.0000000e+00
   2.7400000e+02   7.8513000e+00   1.4624200e+01   3.2400000e+00  -2.0000000e+00
   2.7500000e+02  -4.1642200e+00  -7.8196700e+00   5.2577400e+01  -2.0000000e+00
   2.7600000e+02   1.0945900e+00  -6.8919400e+00   2.4500200e+01   2.0000000e+00
   2.7700000e+02  -7.9432100e-01   1.0788300e+01   4.7434900e+00   1.0000000e+00
   2.7800000e+02   3.6901000e+00  -1.2599800e+01   2.4949300e+01   2.0000000e+00
   2.7900000e+02  -1.5895800e+00  -1.3945200e+01   3.4652300e+01   0.0000000e+00
   2.8000000e+02   1.5894600e+01   4.8600100e+00   3.9218000e+00  -2.0000000e+00
   2.8100000e+02  -1.1412900e+01  -5.2496000e-01   4.5882300e+01   0.0000000e+00
   2.8200000e+02  -2.1017200e+00   7.6783400e-01   3.7097500e+01  -3.0000000e+00
   2.8300000e+02   1.2812500e+01  -1.5269200e+01   2.4594500e+01  -1.0000000e+00
   2.8400000e+02   1.4120900e+00   5.7460300e+00   4.4797100e+00   1.0000000e+00
   2.8500000e+02   1.1924300e+01  -1.3384900e+01   2.4399500e+01  -2.0000000e+00
   2.8600000e+02  -1.7832900e+01  -2.6534100e+00   6.1517600e+01  -1.0000000e+00
   2.8700000e+02   4.9869800e+00   6.0041300e+00   3.7241900e+00   1.0000000e+00
   2.8800000e+02   9.7112400e+00  -4.1452900e+00   2.4879100e+01   2.0000000e+00
   2.8900000e+02  -9.1021400e+00   2.5950300e+00   4.9284300e+00  -2.0000000e+00
   2.9000000e+02  -9.6467200e-02   2.4757600e+00   3.6956200e+00  -3.0000000e+00
   2.9100000e+02  -8.5568400e+00  -1.1050200e+01   4.6904600e+01   1.0000000e+00
   2.9200000e+02   9.8968500e+00   1.1678800e+01   4.4935700e+00   1.0000000e+00
   2.9300000e+02   2.6944300e+00  -1.4265800e+00   2.4149600e+01  -3.0000000e+00
   2.9400000e+02  -4.0440900e+00   6.2842300e+00   5.3787600e+00   1.0000000e+00
   2.9500000e+02  -1.6009100e+01   3.5664300e+00   3.6093000e+01  -2.0000000e+00
   2.9600000e+02   3.3298400e+00   2.5893800e+00   7.2933300e+00  -3.0000000e+00
   2.9700000e+02  -1.8805000e+01   1.1678100e+00   4.0448000e+01  -1.0000000e+00
   2.9800000e+02   1.5934200e+01  -4.7773000e+00   2.4196300e+01  -2.0000000e+00
   2.9900000e+02   3.2719800e+00   4.8382400e+00   3.3672800e+00   1.0000000e+00
