   0.0000000e+00  -5.7132800e+00  -1.1647000e+01   2.0296600e+01   1.0000000e+00
   1.0000000e+00   1.5897200e+01   4.2721900e-01   4.5207200e+00  -2.0000000e+00
   2.0000000e+00   8.7870800e-01   9.9600400e+00   4.6299200e+00   2.0000000e+00
   3.0000000e+00  -1.4822900e+01   7.3587900e+00   4.2240000e+01  -2.0000000e+00
   4.0000000e+00   1.7901500e+01  -2.5898900e+00  -7.3876700e+00  -1.0000000e+00
   5.0000000e+00   4.6340800e+00   8.1695000e+00   4.1318100e+00   2.0000000e+00
   6.0000000e+00  -8.5016600e+00  -9.3630600e+00   1.9993600e+01   1.0000000e+00
   7.0000000e+00   4.8383100e+00   3.8051800e+00  -8.7737600e+00  -3.0000000e+00
   8.0000000e+00  -1.2022600e+01   4.2769200e+00   4.2905400e+01   1.0000000e+00
   9.0000000e+00   6.3144300e+00   9.3375800e+00   4.1276100e+00   2.0000000e+00
   1.0000000e+01   1.3754800e+01   5.5294100e+00   3.5180500e+00   2.0000000e+00
   1.1000000e+01   2.2229600e+00  -2.0402800e+00   2.1405600e+01   1.0000000e+00
   1.2000000e+01  -7.1334900e+00  -7.7668500e+00   1.9974900e+01   1.0000000e+00
   1.3000000e+01  -1.3988400e+01  -5.5874700e+00   1.0802600e+01  -3.0000000e+00
   1.4000000e+01  -1.2647600e+01   2.2853000e+00   4.2372200e+01   1.0000000e+00
   1.5000000e+01  -1.8930400e+00  -1.3501500e+00   2.0203600e+01   1.0000000e+00
   1.6000000e+01  -8.3601400e+00  -1.4879900e+01   2.6493000e+01  -1.0000000e+00
   1.7000000e+01   2.7382300e+00   9.0888100e+00   4.4575400e+00   2.0000000e+00
   1.8000000e+01  -1.1211100e+01   7.2659100e-01   4.2036800e+01   1.0000000e+00
   1.9000000e+01  -8.1888400e+00   1.0724800e+01   4.0930900e+01   1.0000000e+00
   2.0000000e+01   1.1887000e+01   6.4485900e+00   3.5520700e+00   2.0000000e+00
   2.1000000e+01  -5.9394500e+00   5.6506000e+00   4.2735200e+01   1.0000000e+00
   2.2000000e+01   1.5149900e+01   1.0829100e+01   2.6637700e+01  -2.0000000e+00
   2.3000000e+01   1.4025100e+01  -7.5699500e+00   2.1153600e+01  -2.0000000e+00
   2.4000000e+01   8.6750600e+00  -1.3976300e+01   2.0532600e+01  -2.0000000e+00
   2.5000000e+01   6.8830200e+00   9.1116500e-01   1.1529600e+01  -3.0000000e+00
   2.6000000e+01   9.7495900e+00   1.1621600e+01   3.6570600e+00   2.0000000e+00
   2.7000000e+01  -1.0524800e+01  -9.0240000e+00   1.2439500e+01  -3.0000000e+00
   2.8000000e+01   1.2006400e+01   4.3931900e+00   3.6680500e+00   2.0000000e+00
   2.9000000e+01   9.6276700e+00   1.3668300e+01   3.8261700e+00   2.0000000e+00
   3.0000000e+01   5.2583900e+00  -1.5271500e+01   2.0763900e+01  -2.0000000e+00
   3.1000000e+01  -4.9236300e+00   1.4696700e+01  -7.1728700e-01  -2.0000000e+00
   3.2000000e+01  -3.6876600e+00  -1.7577800e+01   1.8179000e+01  -1.0000000e+00
   3.3000000e+01  -3.0869000e+00  -8.4846100e+00   2.0504800e+01   1.0000000e+00
   3.4000000e+01  -1.5337400e+01  -1.3562200e-01   4.2603800e+01   1.0000000e+00
   3.5000000e+01  -9.6664500e-01   1.0833600e+01   4.4409500e+00   2.0000000e+00
   3.6000000e+01   1.5222400e+00  -1.0532800e-01   2.4100000e+01  -3.0000000e+00
   3.7000000e+01  -1.7451300e+01  -6.6649200e+00   1.6147600e+00  -1.0000000e+00
   3.8000000e+01  -7.9722500e+00   5.1851300e+00   4.2522600e+01   1.0000000e+00
   3.9000000e+01  -7.3341900e+00   1.2811600e+01   3.9707500e+01   0.0000000e+00
   4.0000000e+01  -2.9230200e+00  -1.4006200e+01   2.0837800e+01   1.0000000e+00
   4.1000000e+01  -1.3904800e+01  -1.6548700e+00   4.2418400e+01   1.0000000e+00
   4.2000000e+01   1.7626100e+01   1.6267200e+00  -1.1045600e+01  -1.0000000e+00
   4.3000000e+01   1.1194600e+01   1.6881800e+01   2.8353700e+00  -1.0000000e+00
   4.4000000e+01   2.4862500e+00  -1.3002800e+01   2.1021000e+01   1.0000000e+00
   4.5000000e+01   8.1709600e+00   8.4061600e+00   3.0136100e+00   2.0000000e+00
   4.6000000e+01   1.2087700e+01  -1.2623600e+01   2.0566100e+01  -2.0000000e+00
   4.7000000e+01  -6.9094200e-01   6.7137200e+00  -7.1379000e+00  -2.0000000e+00
   4.8000000e+01   4.3860500e+00  -7.8361200e+00   2.1101000e+01   1.0000000e+00
   4.9000000e+01   6.0446300e+00  -1.7313900e+01   2.1434000e+01  -1.0000000e+00
   5.0000000e+01   3.0940800e+00  -9.4546100e+00   2.0751200e+01   1.0000000e+00
   5.1000000e+01   7.1956200e+00  -1.0112600e+01   2.1488000e+01   1.0000000e+00
   5.2000000e+01   1.1472600e+01   1.2751000e+01   3.6373300e+00  -2.0000000e+00
   5.3000000e+01  -3.9979600e+00  -9.2926600e-01   2.8331400e+01  -3.0000000e+00
   5.4000000e+01  -1.1488200e+00   1.2936600e+01   4.6660400e+00   2.0000000e+00
   5.5000000e+01   1.3988000e+00   3.7554200e+00   1.8857900e+01  -3.0000000e+00
   5.6000000e+01   1.7019000e+01   9.9405100e+00   5.1582900e+00  -1.0000000e+00
   5.7000000e+01  -9.8476600e+00  -1.0987700e+01   1.2688200e+01  -3.0000000e+00
   5.8000000e+01   5.8993100e+00   1.5543000e+01   1.5015700e+01  -2.0000000e+00
   5.9000000e+01   2.9369600e+00  -3.9824900e+00   2.0750600e+01   1.0000000e+00
   6.0000000e+01   1.6045500e+01  -1.7003100e+00   6.8633000e+00  -2.0000000e+00
   6.1000000e+01   6.4377700e+00  -8.1718200e+00   2.0960000e+01   1.0000000e+00
   6.2000000e+01   1.2161700e+01   2.3362900e+00   4.5192200e+00   2.0000000e+00
   6.3000000e+01  -8.5798600e+00  -3.9025300e+00   2.8582600e+01  -3.0000000e+00
   6.4000000e+01   7.6020400e+00   1.6722600e+01   3.7958900e+00  -1.0000000e+00
   6.5000000e+01   9.7591700e+00  -1.0703600e+00   3.6999100e+01  -3.0000000e+00
   6.6000000e+01   1.6269400e+01  -4.0467500e+00   2.4463100e+01  -2.0000000e+00
   6.7000000e+01   1.3876800e+01   3.4735300e+00   3.5253500e+00   2.0000000e+00
   6.8000000e+01  -1.2514200e+01  -3.1855300e+00   2.4052400e+01  -3.0000000e+00
   6.9000000e+01  -5.1221200e+00  -8.1320800e+00   2.0099200e+01   1.0000000e+00
   7.0000000e+01   4.3099500e+00   1.2311900e+01   3.6496300e+00   2.0000000e+00
   7.1000000e+01  -7.8267100e+00  -3.0828200e-01   2.5826400e+01  -3.0000000e+00
   7.2000000e+01   1.0717800e+01  -1.4279800e+01   2.1562200e+01  -2.0000000e+00
   7.3000000e+01   1.7524200e+01   3.7352800e+00  -1.0560700e+01  -1.0000000e+00
   7.4000000e+01   3.6621900e+00   6.8620500e-02   2.1213200e+01  -3.0000000e+00
   7.5000000e+01  -6.3209500e+00  -1.5217200e+01   5.9043600e+00  -2.0000000e+00
   7.6000000e+01  -1.2377200e+01  -1.4939200e+01   2.0514300e+01  -1.0000000e+00
   7.7000000e+01  -5.7890800e+00   1.1419100e-01   3.1629000e+01  -3.0000000e+00
   7.8000000e+01  -1.0953300e+01   1.3888700e+01   4.3080700e+01  -1.0000000e+00
   7.9000000e+01   1.3408000e+01  -1.1028900e+01   2.0513200e+01  -2.0000000e+00
   8.0000000e+01  -2.4664000e+00  -4.9253700e+00   2.0564200e+01   1.0000000e+00
   8.1000000e+01   1.2506900e+01  -3.7065800e+00   1.3902800e+01  -2.0000000e+00
   8.2000000e+01  -6.5435100e+00  -4.2357600e+00   2.0612900e+01  -3.0000000e+00
   8.3000000e+01  -1.3263600e+01  -7.5125500e+00   1.1897600e+01  -3.0000000e+00
   8.4000000e+01   1.9303600e+00  -1.6585900e+01   2.0511500e+01  -2.0000000e+00
   8.5000000e+01   1.1608500e+01   1.0695800e+01   3.3899700e+00   2.0000000e+00
   8.6000000e+01   1.1596900e+01  -1.6246000e+01   2.4035200e+01  -1.0000000e+00
   8.7000000e+01  -1.6212600e+01   8.9168100e+00   5.7003300e+01  -1.0000000e+00
   8.8000000e+01  -5.7095200e-01   2.2777800e-01   1.9074700e+01  -3.0000000e+00
   8.9000000e+01   8.4886200e+00  -8.4819400e+00   2.1404400e+01   1.0000000e+00
   9.0000000e+01   7.7769200e+00  -6.5268500e+00   2.0906600e+01   1.0000000e+00
   9.1000000e+01   1.5479100e+01   6.7010800e+00   4.0211500e+00  -2.0000000e+00
   9.2000000e+01  -1.0358700e+01  -1.5382800e+01   7.1721100e+00  -1.0000000e+00
   9.3000000e+01   4.9858600e+00   1.7124200e+00   1.2642300e+01  -3.0000000e+00
   9.4000000e+01   7.2885700e+00  -1.5649600e+01   3.2403400e+01  -2.0000000e+00
   9.5000000e+01  -2.8758500e+00   1.1753600e+01  -7.4944100e+00  -2.0000000e+00
   9.6000000e+01  -8.9601700e-01  -1.4305500e+01   2.1352300e+01   1.0000000e+00
   9.7000000e+01  -4.2683300e+00  -1.5598000e+01   1.8181700e+01  -2.0000000e+00
   9.8000000e+01   9.8186100e+00  -6.8324700e+00   2.0723100e+01   1.0000000e+00
   9.9000000e+01  -9.5279800e+00   1.2333200e+01   4.2165000e+01  -2.0000000e+00
   1.0000000e+02  -4.9528600e+00  -1.3636500e+01   2.0105400e+01   1.0000000e+00
   1.0100000e+02  -1.7495300e+01   4.8991300e+00   5.7590800e+01  -1.0000000e+00
   1.0200000e+02   1.2659700e+01  -9.1047100e+00   2.0501000e+01  -2.0000000e+00
   1.0300000e+02   1.0151300e+01   5.3089700e+00   3.3538300e+00   2.0000000e+00
   1.0400000e+02  -1.0186400e+01   1.0271800e+01   4.2298700e+01   1.0000000e+00
   1.0500000e+02   5.7036100e+00  -6.1801800e+00   2.1102900e+01   1.0000000e+00
   1.0600000e+02  -3.7792400e+00  -6.5267700e+00   2.0263400e+01   1.0000000e+00
   1.0700000e+02  -6.5647100e+00   3.6561800e+00   4.2598800e+01   1.0000000e+00
   1.0800000e+02  -1.1876200e+01  -1.1390100e+01   1.2956900e+01  -2.0000000e+00
   1.0900000e+02   3.2198200e+00  -1.4973900e+01   2.1011100e+01   1.0000000e+00
   1.1000000e+02   4.4435200e+00   1.0243300e+01   4.1094600e+00   2.0000000e+00
   1.1100000e+02  -1.6542800e+00  -1.2345600e+01   2.0664800e+01   1.0000000e+00
   1.1200000e+02  -1.7385500e+00  -6.8763800e+00   2.0546400e+01   1.0000000e+00
   1.1300000e+02  -1.5996500e+01  -5.1459800e+00   2.9102000e+01  -2.0000000e+00
   1.1400000e+02   1.7228400e+01   7.8708600e+00  -1.0340800e+01  -1.0000000e+00
   1.1500000e+02   1.1919300e+01  -7.1920500e+00   2.0503200e+01   1.0000000e+00
   1.1600000e+02   1.2376100e+00   5.8513100e+00   5.0130200e+00   2.0000000e+00
   1.1700000e+02  -1.1198000e+00   2.6670100e+00   2.5639000e+01  -3.0000000e+00
   1.1800000e+02   3.1124200e-01  -7.2013700e+00   2.0968700e+01   1.0000000e+00
   1.1900000e+02   6.0942400e-01  -1.8184500e+01   2.2123600e+01  -1.0000000e+00
   1.2000000e+02   1.3272900e+01   1.3938600e+01   2.8557700e+00  -1.0000000e+00
   1.2100000e+02  -1.5970500e+01  -2.0980100e+00   3.0974600e+01  -2.0000000e+00
   1.2200000e+02  -1.8820800e+01   8.9048400e-01   4.2688700e+01  -1.0000000e+00
   1.2300000e+02  -3.6921000e+00  -1.2017600e+01   2.0581000e+01   1.0000000e+00
   1.2400000e+02   9.4381900e+00   1.5794200e+01   1.5532800e+01  -2.0000000e+00
   1.2500000e+02  -1.2995900e+01   1.3363300e+01   4.4413800e+01  -1.0000000e+00
   1.2600000e+02  -1.5352100e+01  -7.1241400e+00   1.8209600e+01  -2.0000000e+00
   1.2700000e+02   1.7510100e+00  -1.1075400e+01   2.0355800e+01   1.0000000e+00
   1.2800000e+02   6.4827400e+00   7.2488200e+00   3.0929500e+00   2.0000000e+00
   1.2900000e+02   3.7965600e+00  -1.1400600e+01   2.0686200e+01   1.0000000e+00
   1.3000000e+02  -1.3080900e+00   1.4987300e+01   5.2732300e+00   2.0000000e+00
   1.3100000e+02   2.3388500e+00  -7.5080900e+00   2.0898300e+01   1.0000000e+00
   1.3200000e+02  -1.1102900e+01  -1.3313900e+01   1.3103900e+01  -2.0000000e+00
   1.3300000e+02   4.2779400e+00  -2.3254400e+00   2.0096500e+01   1.0000000e+00
   1.3400000e+02  -1.8010600e+01  -2.5957300e+00   2.9008500e+01  -1.0000000e+00
   1.3500000e+02  -7.2657600e+00  -2.3016400e+00   4.6208200e+00  -3.0000000e+00
   1.3600000e+02   8.6083000e+00   2.0229700e+00   1.4875900e+01  -3.0000000e+00
   1.3700000e+02   1.1334400e+01   1.4833300e+01  -7.9262600e+00  -2.0000000e+00
   1.3800000e+02  -1.0625100e+01   2.7628000e+00   4.2885700e+01   1.0000000e+00
   1.3900000e+02   1.1762300e+01  -1.7354800e+00   4.1042400e+01  -3.0000000e+00
   1.4000000e+02  -3.1815900e+00  -2.9642700e+00   2.0743900e+01   1.0000000e+00
   1.4100000e+02   1.3999500e+01  -1.0288200e+00   3.1951400e+01  -2.0000000e+00
   1.4200000e+02   1.2308700e+01   2.5015400e-01   2.3264900e+01  -3.0000000e+00
   1.4300000e+02  -8.3223800e-01   8.7724900e+00   4.1612500e+00  -2.0000000e+00
   1.4400000e+02   1.5329800e+01   8.7521900e+00   4.5258800e+00  -2.0000000e+00
   1.4500000e+02  -3.9202400e+00   6.0940100e+00   3.7462800e+01  -2.0000000e+00
   1.4600000e+02   1.7953800e+01  -6.9242300e+00   8.3546300e+01  -1.0000000e+00
   1.4700000e+02  -1.2183900e+01   9.8171300e+00   4.2448000e+01   1.0000000e+00
   1.4800000e+02  -1.4455300e+00  -1.8083900e+01   2.2329400e+01  -1.0000000e+00
   1.4900000e+02   7.6634000e+00  -1.0026600e+00   1.0978000e+01  -3.0000000e+00
   1.5000000e+02   8.2890100e+00   6.2533100e+00   3.0941600e+00   2.0000000e+00
   1.5100000e+02  -1.0008900e+01   4.7664500e+00   4.2577600e+01   1.0000000e+00
   1.5200000e+02   9.1076900e+00  -4.8832100e+00   2.0167100e+01   1.0000000e+00
   1.5300000e+02   6.6359900e+00  -1.3650000e+01   2.0467900e+01   1.0000000e+00
   1.5400000e+02   6.5372000e+00   5.0432100e+00   3.5720500e+00   2.0000000e+00
   1.5500000e+02   1.1161100e+01  -5.2708600e+00   1.9873700e+01   1.0000000e+00
   1.5600000e+02  -2.5218000e+00   4.5247200e+00   2.6971900e+01  -3.0000000e+00
   1.5700000e+02  -9.1788100e+00  -7.4139400e+00   2.0244800e+01   1.0000000e+00
   1.5800000e+02  -1.4678500e+01   1.8532500e+00   4.2095600e+01   1.0000000e+00
   1.5900000e+02  -1.3425100e+01   5.7993300e+00   4.2733700e+01   1.0000000e+00
   1.6000000e+02  -1.1904100e+01  -1.2000800e+00   4.1070800e+01   1.0000000e+00
   1.6100000e+02  -1.4190100e+01   9.3233400e+00   4.1881800e+01  -2.0000000e+00
   1.6200000e+02   3.9865200e+00  -1.6951800e+01   3.2870500e+01  -2.0000000e+00
   1.6300000e+02   1.1726800e+01   8.5320400e+00   3.5365600e+00   2.0000000e+00
   1.6400000e+02  -4.6574500e-01   4.6193800e+00   3.0253400e+01  -3.0000000e+00
   1.6500000e+02  -7.1775100e+00   1.6626600e+00   4.2477900e+01  -3.0000000e+00
   1.6600000e+02   1.0041200e+01  -1.2286700e+01   2.0883200e+01   1.0000000e+00
   1.6700000e+02  -1.7987300e+01  -4.6581200e+00  -2.9389500e+01  -1.0000000e+00
   1.6800000e+02   1.0612400e+01  -8.7880600e+00   2.1149500e+01   1.0000000e+00
   1.6900000e+02   1.5333600e+01  -5.9076000e+00   3.9750900e+01  -2.0000000e+00
   1.7000000e+02   6.3899400e+00  -2.6104700e+00   2.0754700e+01   1.0000000e+00
   1.7100000e+02  -7.8526500e+00  -5.8364600e+00   2.0297500e+01   1.0000000e+00
   1.7200000e+02  -2.5328400e+00   7.6160900e+00   2.2510500e+01  -1.0000000e+00
   1.7300000e+02  -2.6888100e+00   9.7015400e+00  -2.2563300e+00  -2.0000000e+00
   1.7400000e+02   7.1714100e-01   1.2043800e+01   4.5551600e+00   2.0000000e+00
   1.7500000e+02   9.9078500e+00   9.5006000e+00   3.1811600e+00   2.0000000e+00
   1.7600000e+02  -2.2048700e+00  -1.5959300e+01   2.0285600e+01  -2.0000000e+00
   1.7700000e+02   5.1493300e+00  -9.7763000e+00   2.0724400e+01   1.0000000e+00
   1.7800000e+02  -4.7508400e+00   1.2632800e+01   2.3384700e+01  -1.0000000e+00
   1.7900000e+02  -1.1530200e+01   1.1858400e+01   4.2981800e+01  -2.0000000e+00
   1.8000000e+02   7.8944800e+00   1.2533000e+01   3.7471300e+00   2.0000000e+00
   1.8100000e+02  -1.2593400e+01  -9.4654100e+00   1.1986900e+01  -2.0000000e+00
   1.8200000e+02   7.7304700e+00   1.4620600e+01   3.9988900e+00  -2.0000000e+00
   1.8300000e+02   1.0584600e+00  -9.1173800e+00   2.0729500e+01   1.0000000e+00
   1.8400000e+02   2.6055000e+00   1.1153800e+01   4.2389400e+00   2.0000000e+00
   1.8500000e+02   1.0027200e+01   7.3890400e+00   3.0310200e+00   2.0000000e+00
   1.8600000e+02  -1.0799900e+01   8.2602000e+00   4.2816300e+01   1.0000000e+00
   1.8700000e+02   4.7647800e+00   6.1143200e+00   2.8566300e+00   2.0000000e+00
   1.8800000e+02  -1.8123100e+01   2.9364700e+00   5.6865000e+01  -1.0000000e+00
   1.8900000e+02  -1.5448700e+01   5.3501300e+00   4.2554100e+01  -2.0000000e+00
   1.9000000e+02  -1.0435300e+01  -2.8900800e+00   1.4767500e+01  -3.0000000e+00
   1.9100000e+02   1.6094600e+01  -7.8537300e+00   3.0595500e+01  -1.0000000e+00
   1.9200000e+02   1.8315400e+01  -4.7564300e+00   2.4072100e+01  -1.0000000e+00
   1.9300000e+02  -8.6028900e+00   3.1925500e+00   4.2448300e+01   1.0000000e+00
   1.9400000e+02   6.1616800e+00   1.1393500e+01   3.6976600e+00   2.0000000e+00
   1.9500000e+02   4.9652400e+00  -4.2700300e+00   2.0781900e+01   1.0000000e+00
   1.9600000e+02  -3.3839200e+00   1.7909600e+01   2.4083700e+00  -1.0000000e+00
   1.9700000e+02   1.4833300e+01  -9.4838700e+00   3.5643900e+01  -1.0000000e+00
   1.9800000e+02  -8.9205100e+00   1.4293400e+01   5.7751700e+01  -2.0000000e+00
   1.9900000e+02  -1.1409100e+01   6.2849500e+00   4.2881500e+01   1.0000000e+00
   2.0000000e+02  -6.9704000e+00   1.4943400e+01   5.0788700e+01  -2.0000000e+00
   2.0100000e+02  -1.3934600e+01  -1.1018000e+01   4.9372800e+00  -1.0000000e+00
   2.0200000e+02   1.5598600e+01   4.5935700e+00   4.0400100e+00  -2.0000000e+00
   2.0300000e+02   3.0961300e+00   4.9076000e+00   1.5123500e+01  -3.0000000e+00
   2.0400000e+02   1.4025800e+01   1.3866800e+00   3.2621500e+01   2.0000000e+00
   2.0500000e+02  -1.4620400e+01  -9.0836200e+00   7.3098000e+00  -2.0000000e+00
   2.0600000e+02  -4.3871600e+00  -1.0080100e+01   2.0300500e+01   1.0000000e+00
   2.0700000e+02  -1.6740400e+01   1.3835800e+00   4.2322000e+01  -2.0000000e+00
   2.0800000e+02  -1.6858500e+01   6.8979200e+00   5.7418400e+01  -1.0000000e+00
   2.0900000e+02  -5.6449800e+00   1.6733000e+01   2.7603300e+01  -1.0000000e+00
   2.1000000e+02  -2.9608900e-01  -1.0744800e+01   2.0025900e+01   1.0000000e+00
   2.1100000e+02  -1.1536500e+00  -3.2924500e+00   2.0693500e+01   1.0000000e+00
   2.1200000e+02   5.9246000e-01   1.4139100e+01   4.7096500e+00   2.0000000e+00
   2.1300000e+02  -6.4351500e+00  -9.7147200e+00   2.0075300e+01   1.0000000e+00
   2.1400000e+02  -9.2163700e+00   1.2241600e+00   4.3103300e+01   1.0000000e+00
   2.1500000e+02   7.0078300e+00  -4.5830200e+00   2.0411000e+01   1.0000000e+00
   2.1600000e+02  -7.0448200e+00  -1.3252100e+01   2.0538900e+01  -2.0000000e+00
   2.1700000e+02   7.9802800e+00  -1.2026900e+01   2.1530300e+01   1.0000000e+00
   2.1800000e+02   9.3958300e+00  -1.5986600e+01   2.1540000e+01  -1.0000000e+00
   2.1900000e+02  -9.9063300e+00  -5.4611100e+00   1.9093800e+01  -3.0000000e+00
   2.2000000e+02   6.7203300e+00   2.9875200e+00   5.1028400e+00   2.0000000e+00
   2.2100000e+02   1.0284600e+01   3.2403700e+00   3.7371000e+00   2.0000000e+00
   2.2200000e+02  -7.7857200e+00  -1.1307100e+01   2.0722800e+01   1.0000000e+00
   2.2300000e+02  -1.4029500e+01   3.8200800e+00   4.2407200e+01   1.0000000e+00
   2.2400000e+02  -8.7962700e+00   8.7601100e+00   4.2571000e+01   1.0000000e+00
   2.2500000e+02   1.5773800e+01   2.5178800e+00   3.9169200e+00  -2.0000000e+00
   2.2600000e+02   2.3007700e+00   1.5371000e+01   4.2317100e+00  -2.0000000e+00
   2.2700000e+02  -5.1779600e+00   2.1313600e+00   5.4592500e+01  -3.0000000e+00
   2.2800000e+02   1.0340600e+01   9.1692900e-01   2.4346500e+01  -3.0000000e+00
   2.2900000e+02  -6.1489100e+00   1.1113000e+01   3.5707700e+01  -2.0000000e+00
   2.3000000e+02  -4.1437500e-01  -5.2667000e+00   2.0874300e+01   1.0000000e+00
   2.3100000e+02  -4.7465300e+00   9.6117500e+00   4.0430000e+01  -1.0000000e+00
   2.3200000e+02  -5.8189500e+00  -6.1792100e+00   2.0339600e+01   1.0000000e+00
   2.3300000e+02   2.8455000e+00   1.9561100e+00   1.7435300e+01  -3.0000000e+00
   2.3400000e+02   1.1360900e+01  -1.0705200e+01   2.0857200e+01   1.0000000e+00
   2.3500000e+02   2.1988100e+00   1.7461400e+01   5.2285500e+00  -1.0000000e+00
   2.3600000e+02  -1.3295800e+01   3.2551300e-01   4.2123600e+01   1.0000000e+00
   2.3700000e+02   1.7771700e+01  -4.6070300e-01  -1.0546700e+01  -1.0000000e+00
   2.3800000e+02  -1.5561600e+01   1.1001500e+01   4.0743900e+01  -1.0000000e+00
   2.3900000e+02   6.0504600e+00   1.3448800e+01   3.7346600e+00   2.0000000e+00
   2.4000000e+02  -1.3546400e+01   1.1368300e+01   5.4475000e+01  -2.0000000e+00
   2.4100000e+02  -1.3160700e+01  -1.3003500e+01   6.5576900e+00  -1.0000000e+00
   2.4200000e+02  -8.5377800e+00   1.6325700e+01   4.8963000e+01  -1.0000000e+00
   2.4300000e+02  -1.5184500e-01  -1.6224400e+01   2.1706800e+01  -2.0000000e+00
   2.4400000e+02   2.6552100e+00  -1.8558600e+01   2.0056500e+01  -1.0000000e+00
   2.4500000e+02   1.3437000e+01   9.6931500e+00   3.3829800e+00   2.0000000e+00
   2.4600000e+02  -3.1749600e+00   2.5633400e+00   2.2945300e+01  -3.0000000e+00
   2.4700000e+02   5.5770200e+00  -7.0636100e-01   1.8179300e+01  -3.0000000e+00
   2.4800000e+02   1.0464500e+01  -3.3234700e+00   1.9266600e+01   1.0000000e+00
   2.4900000e+02  -4.5452300e+00   4.0985000e+00   4.2118800e+01   1.0000000e+00
   2.5000000e+02   2.9167200e+00   7.0353600e+00   4.5482800e+00   2.0000000e+00
   2.5100000e+02  -3.2234900e+00   1.5848800e+01   5.8933600e+00  -2.0000000e+00
   2.5200000e+02  -1.1241800e+01  -7.1098700e+00   1.2911400e+01  -3.0000000e+00
   2.5300000e+02  -7.3561800e+00   7.1621400e+00   4.2770000e+01   1.0000000e+00
   2.5400000e+02   1.0359300e+00   7.8979500e+00   4.9467900e+00   2.0000000e+00
   2.5500000e+02  -1.0007800e+00  -8.8014800e+00   2.0715600e+01   1.0000000e+00
   2.5600000e+02  -3.0103200e+00   1.3799200e+01   4.7411700e+00  -2.0000000e+00
   2.5700000e+02   8.0382200e+00   1.0482000e+01   3.5508100e+00   2.0000000e+00
   2.5800000e+02   3.7162700e-01  -1.2697900e+01   2.0800200e+01   1.0000000e+00
   2.5900000e+02   4.1179600e+00   1.6622500e+01   2.8516600e+00  -1.0000000e+00
   2.6000000e+02   8.4112600e+00   4.1834200e+00   4.2319300e+00   2.0000000e+00
   2.6100000e+02   3.6610500e+00  -5.9106600e+00   2.1024000e+01   1.0000000e+00
   2.6200000e+02   4.5603500e+00  -1.3338700e+01   2.0937200e+01   1.0000000e+00
   2.6300000e+02   1.3624700e+01   7.5912900e+00   4.0468600e+00   2.0000000e+00
   2.6400000e+02  -9.0739400e+00  -1.2937500e+01   1.3040900e+01  -2.0000000e+00
   2.6500000e+02  -1.4567300e+01  -3.5917400e+00   3.1819100e+01  -3.0000000e+00
   2.6600000e+02  -5.9611400e+00  -1.7241500e+01   1.5272400e+01  -1.0000000e+00
   2.6700000e+02   8.4078100e+00  -2.9398800e+00   2.0782900e+01   1.0000000e+00
   2.6800000e+02   1.3248200e+01  -5.6349500e+00   9.0161300e+00   0.0000000e+00
   2.6900000e+02  -1.6832400e+01  -8.6148100e+00   1.6948200e+01  -1.0000000e+00
   2.7000000e+02   1.4446900e+01  -3.0339700e+00   1.8119300e+01  -1.0000000e+00
   2.7100000e+02  -5.3513200e+00   7.6306000e+00   4.3191600e+01  -2.0000000e+00
   2.7200000e+02  -2.3425700e+00  -1.0406300e+01   2.0402000e+01   1.0000000e+00
   2.7300000e+02  -9.4030200e+00   6.7270300e+00   4.2639100e+01   1.0000000e+00
   2.7400000e+02  -6.7748200e+00   9.1379600e+00   4.2470200e+01  -2.0000000e+00
   2.7500000e+02   8.8893800e-01  -3.6253800e+00   2.0591100e+01   1.0000000e+00
   2.7600000e+02   7.5648900e-01   1.8037800e+00   3.6599300e+01  -3.0000000e+00
   2.7700000e+02   1.2790100e+01  -1.4558700e+01   3.6408600e+01  -1.0000000e+00
   2.7800000e+02  -5.2199800e+00  -2.6011700e+00   3.3193400e+01  -3.0000000e+00
   2.7900000e+02   2.4421400e+00   1.3233300e+01   3.9705700e+00   2.0000000e+00
   2.8000000e+02   1.6341200e+00  -5.5730100e+00   2.0762300e+01   1.0000000e+00
   2.8100000e+02  -1.2807000e+01   7.7961600e+00   4.2643200e+01   1.0000000e+00
   2.8200000e+02   9.2724700e+00  -1.0372800e+01   2.1666900e+01   1.0000000e+00
   2.8300000e+02  -1.1948500e+01  -5.1838800e+00  -5.1462800e+00  -3.0000000e+00
   2.8400000e+02  -4.5164900e+00  -4.5814200e+00   2.0398000e+01   1.0000000e+00
   2.8500000e+02  -1.7391600e+01  -6.1236800e-01   4.2990500e+01  -2.0000000e+00
   2.8600000e+02  -1.6067500e+01   3.3864100e+00   4.2303300e+01  -2.0000000e+00
   2.8700000e+02   4.2825400e-01   1.6193900e+01   5.8638900e+00  -2.0000000e+00
   2.8800000e+02  -1.5161700e+00   1.7049800e+01   1.8238500e+01  -2.0000000e+00
   2.8900000e+02   1.7373300e+01   5.7933500e+00  -1.0840400e+01  -1.0000000e+00
   2.9000000e+02   1.3337800e+01   1.1842200e+01   2.0610200e+00  -2.0000000e+00
   2.9100000e+02   5.8473000e+00  -1.1730600e+01   2.1077900e+01   1.0000000e+00
   2.9200000e+02   1.4208100e+01  -1.2949500e+01   2.0831100e+01  -1.0000000e+00
   2.9300000e+02   4.1837300e+00   1.4377600e+01   3.0667300e+00  -2.0000000e+00
   2.9400000e+02  -9.7909500e+00  -9.3626900e-01   5.4439700e+01  -3.0000000e+00
   2.9500000e+02   1.1822400e+00  -1.4642800e+01   2.1099700e+01   1.0000000e+00
   2.9600000e+02  -2.5987600e+00   5.9732900e-01   1.9574000e+01  -3.0000000e+00
   2.9700000e+02   1.7812800e-01  -1.7031400e+00   2.0404900e+01   1.0000000e+00
   2.9800000e+02   1.5174200e+01   1.2885100e+01   5.9975000e+01  -1.0000000e+00
   2.9900000e+02   1.3319600e-01   1.8375200e+01   7.5408900e+00  -1.0000000e+00
