   0.0000000e+00   9.0559600e+00   1.2148900e+01   9.2931200e+00   1.0000000e+00
   1.0000000e+00  -1.3593900e+01   4.9982900e+00   1.0641200e+01   1.0000000e+00
   2.0000000e+00  -2.8955100e+00   7.0703700e+00   9.5276200e+00   1.0000000e+00
   3.0000000e+00   1.7004600e+01  -1.0111600e+00   5.5796700e+01  -2.0000000e+00
   4.0000000e+00  -1.1699500e+00  -8.9518800e+00   4.4048000e+01   2.0000000e+00
   5.0000000e+00   3.5832800e+00   8.2275700e-01   8.1237200e+00   1.0000000e+00
   6.0000000e+00  -1.2811500e+01   8.9380300e-01   1.1148500e+01   1.0000000e+00
   7.0000000e+00   3.8528900e+00  -3.9116300e+00   3.7291200e+01  -3.0000000e+00
   8.0000000e+00   5.8179100e+00  -1.0751500e+01   4.6780000e+01   2.0000000e+00
   9.0000000e+00   5.9107300e+00  -3.6187200e-01   3.8845600e+01  -3.0000000e+00
   1.0000000e+01   4.1830800e+00  -1.6713400e+01   3.3520200e+01  -2.0000000e+00
   1.1000000e+01  -1.6762700e+01   2.2914900e+00   1.0590000e+01  -2.0000000e+00
   1.2000000e+01   8.3787400e+00  -8.0904500e+00   4.8153900e+01   2.0000000e+00
   1.3000000e+01   1.2242100e+01   1.4790300e+01   1.0313800e+01  -1.0000000e+00
   1.4000000e+01   1.0285000e+01   3.7953200e+00   2.1274200e+01  -3.0000000e+00
   1.5000000e+01  -4.9986400e+00  -1.7968000e+00   1.0819800e+01   1.0000000e+00
   1.6000000e+01   7.1188100e+00   1.2904600e+01   8.7904400e+00   1.0000000e+00
   1.7000000e+01  -5.8861400e+00  -1.1927100e+01   4.3427500e+01   2.0000000e+00
   1.8000000e+01   5.8365900e+00   9.5452100e+00   8.6765200e+00   1.0000000e+00
   1.9000000e+01  -1.1255500e+01   2.2976700e+00   1.1245300e+01   1.0000000e+00
   2.0000000e+01  -9.6632800e+00  -5.8620800e+00   1.2023900e+01  -3.0000000e+00
   2.1000000e+01  -1.5039500e+00  -1.1132700e+00   1.0778900e+01   1.0000000e+00
   2.2000000e+01   1.5225500e+01   7.5452400e+00   6.2618300e+00  -2.0000000e+00
   2.3000000e+01  -7.3183500e+00   1.0015200e+00   1.1080000e+01   1.0000000e+00
   2.4000000e+01  -7.0533800e+00  -1.5921400e+01   3.0871200e+01  -2.0000000e+00
   2.5000000e+01  -1.1623000e+01  -5.1984200e+00   1.1685700e+01   1.0000000e+00
   2.6000000e+01  -7.8322200e+00   1.4646800e+01   1.0051700e+01  -2.0000000e+00
   2.7000000e+01  -9.6697900e+00   3.7090600e+00   1.0643500e+01   1.0000000e+00
   2.8000000e+01  -1.1470900e+01   1.3878700e+01   1.0356700e+01  -2.0000000e+00
   2.9000000e+01  -9.2010500e+00  -1.6471100e+01   4.0170300e+01  -1.0000000e+00
   3.0000000e+01  -4.1810600e+00   3.7076300e+00   1.0029700e+01   1.0000000e+00
   3.1000000e+01  -1.9533400e+00  -1.8425800e+01   4.6067600e+01  -1.0000000e+00
   3.2000000e+01   1.2674700e+01   1.2732500e+01  -2.3684300e+00  -2.0000000e+00
   3.3000000e+01  -1.4482200e-01  -4.9770500e+00   2.6205500e+01  -3.0000000e+00
   3.4000000e+01   1.9582200e+00   1.1044500e+01   8.6029200e+00   1.0000000e+00
   3.5000000e+01   3.1632900e-01   9.7319200e+00   9.1347600e+00   1.0000000e+00
   3.6000000e+01  -1.1100100e+00  -3.1644500e+00   1.7425100e+01  -3.0000000e+00
   3.7000000e+01   9.5409100e+00  -1.8717700e+00   4.9719400e+01   2.0000000e+00
   3.8000000e+01   5.2031300e+00   2.0858400e+00   9.8313900e+00   1.0000000e+00
   3.9000000e+01   2.1993300e-02  -1.7817500e+01   3.1833100e+01  -2.0000000e+00
   4.0000000e+01   1.0464700e+01  -1.4970300e+01   4.7397400e+01  -1.0000000e+00
   4.1000000e+01  -6.0658100e+00  -5.2954000e+00   2.2982500e+01  -3.0000000e+00
   4.2000000e+01   1.5965100e+01  -7.2284500e+00   6.4936200e+01  -1.0000000e+00
   4.3000000e+01  -7.1305900e+00   1.0524100e+01   1.0471900e+01   1.0000000e+00
   4.4000000e+01   6.5279300e-01   7.6967800e+00   9.4993000e+00   1.0000000e+00
   4.5000000e+01  -1.6680000e+01  -7.3427000e+00   1.0856700e+01  -1.0000000e+00
   4.6000000e+01   1.8504100e+00  -4.4589700e+00   5.6991400e+01  -3.0000000e+00
   4.7000000e+01   1.0075500e+01   5.8864000e+00   6.9348800e+00   1.0000000e+00
   4.8000000e+01   6.2975900e+00  -8.7429100e+00   4.6572600e+01   2.0000000e+00
   4.9000000e+01  -2.2549100e+00  -4.9104800e+00   3.2247300e+01  -3.0000000e+00
   5.0000000e+01  -9.5038100e+00   1.3226500e+01   1.0284100e+01   1.0000000e+00
   5.1000000e+01  -8.9184100e+00  -4.3856400e-01   1.1404300e+01   1.0000000e+00
   5.2000000e+01  -1.5126800e+00  -1.6425000e+01   4.5205300e+01  -2.0000000e+00
   5.3000000e+01  -8.4426200e+00  -1.4369800e+01   4.2146700e+01  -2.0000000e+00
   5.4000000e+01  -5.8454700e+00   1.3947800e+01   1.0194600e+01   1.0000000e+00
   5.5000000e+01  -1.5964000e+01  -1.7768300e+00   1.0769100e+01  -2.0000000e+00
   5.6000000e+01   8.7543000e+00   1.4254000e+01   9.4914700e+00  -2.0000000e+00
   5.7000000e+01   6.8157600e+00  -6.7521600e+00   4.7808900e+01   2.0000000e+00
   5.8000000e+01   1.2288600e+01  -6.6368100e+00   5.0321000e+01   2.0000000e+00
   5.9000000e+01   1.3561900e+01  -1.0099600e+01   4.8465100e+01  -2.0000000e+00
   6.0000000e+01   1.4319700e+01  -5.8607900e+00   5.0040900e+01  -2.0000000e+00
   6.1000000e+01   8.7484500e+00  -6.0180000e+00   4.9388700e+01   2.0000000e+00
   6.2000000e+01  -9.3110900e+00   1.6283700e+00   1.1057000e+01   1.0000000e+00
   6.3000000e+01  -1.7532000e+01  -3.1617100e+00  -3.4896600e+00  -1.0000000e+00
   6.4000000e+01   9.8104800e-01   5.6396300e+00   9.2924500e+00   1.0000000e+00
   6.5000000e+01   9.0875900e+00   2.0777800e+00   2.5254700e+01  -3.0000000e+00
   6.6000000e+01   1.3905200e+01  -7.9628800e+00   4.9989400e+01  -2.0000000e+00
   6.7000000e+01   1.1906100e+01   8.9077800e-01   6.2196600e+01  -3.0000000e+00
   6.8000000e+01  -1.2756400e+01  -8.6212700e+00   2.9165000e+01  -2.0000000e+00
   6.9000000e+01  -2.6979200e+00   1.6645000e+01   2.1763200e+01  -2.0000000e+00
   7.0000000e+01   1.8794200e+01  -2.1443000e+00   2.4877300e+01  -1.0000000e+00
   7.1000000e+01  -1.2021700e+01  -3.1795600e+00   1.1348300e+01   1.0000000e+00
   7.2000000e+01   1.7803700e+00  -1.1885800e+01   4.4828600e+01   2.0000000e+00
   7.3000000e+01   5.9004300e-01  -1.5837800e+01   4.4741300e+01   2.0000000e+00
   7.4000000e+01  -1.4372200e+01  -4.4334100e-01   1.0433600e+01   1.0000000e+00
   7.5000000e+01   3.2373700e+00   1.4505700e+01   9.2576700e+00   1.0000000e+00
   7.6000000e+01  -1.1624500e+01   4.3789100e+00   1.1083200e+01   1.0000000e+00
   7.7000000e+01   1.4697800e+01  -3.8075800e+00   5.0184100e+01   2.0000000e+00
   7.8000000e+01   6.8029800e+00  -1.4227000e+01   4.6022100e+01  -2.0000000e+00
   7.9000000e+01  -4.1068800e+00  -5.9092300e+00   2.2070700e+01  -3.0000000e+00
   8.0000000e+01  -8.4798900e+00  -2.4482600e+00   1.1425000e+01   1.0000000e+00
   8.1000000e+01   4.7929800e+00  -7.3307600e+00   4.6036800e+01   2.0000000e+00
   8.2000000e+01  -1.1995900e+01   6.4160900e+00   1.0464000e+01   1.0000000e+00
   8.3000000e+01   5.5123900e+00   1.1587200e+01   8.8131900e+00   1.0000000e+00
   8.4000000e+01   7.5879700e+00  -2.5740700e+00   5.8604500e+01  -3.0000000e+00
   8.5000000e+01  -5.7559300e+00   2.3596800e+00   1.0615200e+01   1.0000000e+00
   8.6000000e+01   8.3417600e+00  -1.5640500e+01   4.6387800e+01  -1.0000000e+00
   8.7000000e+01  -9.9282200e+00  -1.2754300e+01   4.3331600e+01  -2.0000000e+00
   8.8000000e+01   7.1472300e+00   1.3482500e+00   1.1454900e+01  -3.0000000e+00
   8.9000000e+01   2.2439100e+00   9.0051200e+00   9.0344200e+00   1.0000000e+00
   9.0000000e+01   6.5029800e+00   5.4158300e+00   8.6697800e+00   1.0000000e+00
   9.1000000e+01  -1.0388100e+01   7.7683100e+00   1.0289400e+01   1.0000000e+00
   9.2000000e+01   3.3081800e+00  -5.8944800e+00   4.5534400e+01   2.0000000e+00
   9.3000000e+01  -4.5254400e+00   5.7322000e+00   9.4323700e+00   1.0000000e+00
   9.4000000e+01   7.2410400e+00  -4.5953300e+00   4.8110700e+01  -3.0000000e+00
   9.5000000e+01  -6.4997800e-01   1.5864200e+01   1.0205400e+01  -2.0000000e+00
   9.6000000e+01  -3.5241400e+00  -1.6923600e+01   4.4416800e+01  -2.0000000e+00
   9.7000000e+01  -1.0043500e+01   5.7389900e+00   1.0335600e+01   1.0000000e+00
   9.8000000e+01   1.5461200e+01   5.4530700e+00   3.7615800e+00  -2.0000000e+00
   9.9000000e+01   1.4508700e+01  -1.3666300e+01   4.5652500e+01  -1.0000000e+00
   1.0000000e+02  -4.6975800e+00  -7.9176000e+00   5.6110700e+01  -3.0000000e+00
   1.0100000e+02  -2.9402100e+00  -1.4926000e+01   4.3727900e+01   2.0000000e+00
   1.0200000e+02  -1.4743400e+01  -8.0083800e+00   2.9011700e+01  -2.0000000e+00
   1.0300000e+02  -1.3099400e+01   1.2523800e+01   2.4479900e+01  -1.0000000e+00
   1.0400000e+02  -4.8439000e+00   7.7901500e+00   9.5998200e+00   1.0000000e+00
   1.0500000e+02   1.1975700e+01  -8.6994500e+00   5.0348100e+01   2.0000000e+00
   1.0600000e+02  -6.1462200e+00   4.3845900e+00   1.0436500e+01   1.0000000e+00
   1.0700000e+02  -1.6272100e+00   1.0457000e+01   9.2596800e+00   1.0000000e+00
   1.0800000e+02   4.3039500e+00  -9.3359300e+00   4.6384400e+01   2.0000000e+00
   1.0900000e+02   8.4175600e+00   4.6737500e+00   1.9374700e+01  -3.0000000e+00
   1.1000000e+02   8.1086000e+00   6.7265100e+00   8.0373900e+00   1.0000000e+00
   1.1100000e+02  -1.3583800e+01  -4.5244900e+00   1.1668400e+01   1.0000000e+00
   1.1200000e+02   1.5079300e+01  -1.7727600e+00   5.0878000e+01   2.0000000e+00
   1.1300000e+02  -1.7925400e+01  -1.1396900e+00  -3.8322100e+00  -1.0000000e+00
   1.1400000e+02  -5.1771300e+00   9.8218800e+00   9.5241400e+00   1.0000000e+00
   1.1500000e+02   1.1034800e+01   1.1394900e+01   9.7044200e+00   1.0000000e+00
   1.1600000e+02   4.9197500e+00   1.5780500e+01  -5.0528600e+00  -2.0000000e+00
   1.1700000e+02   1.5389900e+01   2.7118700e-01   5.4052400e+01  -3.0000000e+00
   1.1800000e+02   3.8168500e+00  -1.1351600e+01   4.5902400e+01   2.0000000e+00
   1.1900000e+02  -2.6837900e+00  -7.4246400e+00   4.5148900e+01  -3.0000000e+00
   1.2000000e+02  -6.8082300e+00   8.4811400e+00   1.0130300e+01   1.0000000e+00
   1.2100000e+02   1.1919300e+00  -1.3865400e+01   4.4238000e+01   2.0000000e+00
   1.2200000e+02  -7.5182500e+00   1.2544200e+01   1.0463400e+01   1.0000000e+00
   1.2300000e+02   9.4790400e+00   1.0027000e+01   8.8154100e+00   1.0000000e+00
   1.2400000e+02  -5.2722300e+00  -9.9125700e+00   4.3605700e+01   2.0000000e+00
   1.2500000e+02   4.8879400e+00   4.1462300e+00   8.6459100e+00   1.0000000e+00
   1.2600000e+02   7.9743400e+00  -5.4494200e-01   2.7692500e+01  -3.0000000e+00
   1.2700000e+02  -8.4501400e+00   7.0808000e+00   1.0425000e+01   1.0000000e+00
   1.2800000e+02  -6.4153600e+00  -1.3929900e+01   4.3379900e+01   2.0000000e+00
   1.2900000e+02   2.8637900e+00   1.6556200e+01   2.1468100e+01  -2.0000000e+00
   1.3000000e+02   1.8245200e+01  -4.4587600e+00   4.8071600e+01  -1.0000000e+00
   1.3100000e+02   1.2531400e+01  -1.4286700e+01   4.7436600e+01  -1.0000000e+00
   1.3200000e+02  -2.2437700e+00   2.9831000e+00   1.0069900e+01   1.0000000e+00
   1.3300000e+02  -4.5582200e+00  -3.8905700e+00   1.1011300e+01   1.0000000e+00
   1.3400000e+02  -8.0931100e+00   5.0393300e+00   1.0602300e+01   1.0000000e+00
   1.3500000e+02   1.6279500e+01  -5.1547400e+00   6.1778200e+01  -2.0000000e+00
   1.3600000e+02  -1.1902400e+01   1.5968700e+01  -1.8554700e+01  -1.0000000e+00
   1.3700000e+02   3.2793500e+00   2.8697200e+00   8.7652600e+00   1.0000000e+00
   1.3800000e+02  -1.2727200e+01   1.0474800e+01   1.0230200e+01  -2.0000000e+00
   1.3900000e+02  -5.3829500e+00   2.9187500e-01   1.0464300e+01   1.0000000e+00
   1.4000000e+02   9.0705400e-01   1.7251300e+01   1.0776900e+01  -1.0000000e+00
   1.4100000e+02  -9.6267100e-01   6.3636400e+00   9.4393400e+00   1.0000000e+00
   1.4200000e+02  -1.4787200e+01   1.5913100e+00   1.0865400e+01   1.0000000e+00
   1.4300000e+02  -3.4663600e-01  -1.2444300e+01   4.4379200e+01   2.0000000e+00
   1.4400000e+02   2.4068200e+00  -2.4630100e+00   2.4283700e+01  -3.0000000e+00
   1.4500000e+02   1.3088200e+01  -2.5215000e+00   5.0046500e+01   2.0000000e+00
   1.4600000e+02   1.2163300e+01   2.9368500e+00   2.3960500e+01  -3.0000000e+00
   1.4700000e+02  -3.9103800e+00   1.3238200e+01   9.7207500e+00   1.0000000e+00
   1.4800000e+02   1.6654700e+00   1.3129300e+01   9.4677100e+00   1.0000000e+00
   1.4900000e+02   6.8300600e+00   1.4968600e+01   2.1512500e+01  -2.0000000e+00
   1.5000000e+02   2.2540300e+00  -1.7449500e+01   5.6527500e+01  -2.0000000e+00
   1.5100000e+02  -7.7301200e+00  -6.5752500e+00   1.6298100e+01  -3.0000000e+00
   1.5200000e+02   8.3323000e-01  -8.4611900e+00   4.5082600e+01   2.0000000e+00
   1.5300000e+02  -1.7109900e+01   4.3436700e+00   1.0574100e+01  -2.0000000e+00
   1.5400000e+02  -1.0724200e+01  -9.2872100e+00   2.1348500e+01  -3.0000000e+00
   1.5500000e+02  -1.3999400e+01  -2.4946700e+00   1.0654000e+01   1.0000000e+00
   1.5600000e+02   5.3482300e+00  -1.2759600e+01   4.6171800e+01   2.0000000e+00
   1.5700000e+02  -6.5492800e+00  -3.1437700e+00   1.1033200e+01   1.0000000e+00
   1.5800000e+02  -1.1149400e+01  -7.2879000e+00   1.0774100e+01  -3.0000000e+00
   1.5900000e+02   1.0961700e+01  -1.2880600e+01   4.7373600e+01  -2.0000000e+00
   1.6000000e+02   1.1675300e+01   7.1803000e+00   7.4434700e+00   1.0000000e+00
   1.6100000e+02   1.5510700e+01   2.8464200e+00   2.9299700e+01  -2.0000000e+00
   1.6200000e+02   5.5349000e+00  -2.7086900e+00   4.8797700e+01  -3.0000000e+00
   1.6300000e+02   9.9574100e+00   2.1536300e-01   3.2473800e+01  -3.0000000e+00
   1.6400000e+02  -1.5455500e+01  -9.9431400e+00   5.6182700e+01  -1.0000000e+00
   1.6500000e+02   1.3956000e+00  -1.9402300e+01   3.8593500e+01  -1.0000000e+00
   1.6600000e+02  -4.7475800e+00   1.7426700e+01   1.1972000e+01  -1.0000000e+00
   1.6700000e+02  -1.5171600e+01   3.6125900e+00   1.0242600e+01   1.0000000e+00
   1.6800000e+02  -8.0710000e+00  -4.5300000e+00   1.0350400e+01   1.0000000e+00
   1.6900000e+02  -6.7017800e+00  -8.4191100e+00   2.5550300e+01  -3.0000000e+00
   1.7000000e+02   1.3827200e+01   1.6464500e+00   5.4494500e+01  -3.0000000e+00
   1.7100000e+02  -3.8221600e+00   1.6472300e+00   1.0226700e+01   1.0000000e+00
   1.7200000e+02   9.1770200e+00  -3.9068800e+00   4.9174600e+01   2.0000000e+00
   1.7300000e+02   2.9207400e+00   4.9235900e+00   9.1480500e+00   1.0000000e+00
   1.7400000e+02  -9.1625300e+00   1.1163800e+01   1.0917500e+01   1.0000000e+00
   1.7500000e+02  -4.2628400e+00   1.5274000e+01   1.0752900e+01  -2.0000000e+00
   1.7600000e+02  -1.3132600e+01  -6.6000800e+00   1.1655600e+01   1.0000000e+00
   1.7700000e+02  -5.5032600e+00   1.1903900e+01   1.0041800e+01   1.0000000e+00
   1.7800000e+02   1.1972200e+01   4.9893000e+00   6.1300500e+00   1.0000000e+00
   1.7900000e+02  -8.1401900e+00   1.6815600e+01   8.9568500e+00  -1.0000000e+00
   1.8000000e+02  -6.5042500e-01   4.3346800e+00   9.6904000e+00   1.0000000e+00
   1.8100000e+02   7.8212600e+00   8.7623900e+00   8.0254500e+00   1.0000000e+00
   1.8200000e+02   1.6699000e+01  -3.0696300e+00   5.0605100e+01  -2.0000000e+00
   1.8300000e+02  -1.5111500e+01  -5.9652300e+00   1.1557900e+01  -2.0000000e+00
   1.8400000e+02  -1.5568200e+01  -3.8448600e+00   1.1542300e+01  -2.0000000e+00
   1.8500000e+02   5.1416700e+00   1.3717400e+01   8.0837000e+00   1.0000000e+00
   1.8600000e+02   9.7390300e+00   7.9684700e+00   7.7713200e+00   1.0000000e+00
   1.8700000e+02   4.2122900e+00   8.2472700e+00   8.9574900e+00   1.0000000e+00
   1.8800000e+02   1.1133200e+01  -3.2165900e+00   4.9497000e+01   2.0000000e+00
   1.8900000e+02  -1.9289700e+00   1.2526900e+01   9.2169500e+00   1.0000000e+00
   1.9000000e+02  -2.7899300e-01   1.3830300e+01   9.6315900e+00   1.0000000e+00
   1.9100000e+02  -5.6543200e+00  -1.7433400e+01   2.8566400e+01  -1.0000000e+00
   1.9200000e+02  -1.6337500e+01   2.4997600e-01   1.1003200e+01  -2.0000000e+00
   1.9300000e+02   6.1588400e+00   7.5048700e+00   8.5628000e+00   1.0000000e+00
   1.9400000e+02   4.6001900e-02   2.5873600e-01   1.0183600e+01   1.0000000e+00
   1.9500000e+02  -1.7604400e+01   6.3917100e+00   1.2147400e+01  -1.0000000e+00
   1.9600000e+02  -1.2437700e+01  -1.1604000e+00   1.0994300e+01   1.0000000e+00
   1.9700000e+02  -1.1153900e+01   1.1821200e+01   1.0444200e+01  -2.0000000e+00
   1.9800000e+02   1.5072100e+01  -1.1547900e+01   6.1779300e+01  -1.0000000e+00
   1.9900000e+02   1.2104300e-02   1.1784300e+01   8.8171200e+00   1.0000000e+00
   2.0000000e+02   5.6156300e+00  -1.8205200e+01   4.1586100e+01  -1.0000000e+00
   2.0100000e+02   1.4847600e+01   9.8700900e+00  -3.7677200e+00  -2.0000000e+00
   2.0200000e+02  -9.3149000e+00  -1.0785500e+01   4.3744800e+01   2.0000000e+00
   2.0300000e+02   1.7128000e+01   4.2538300e+00   4.2633800e+01  -1.0000000e+00
   2.0400000e+02   1.2725800e+01  -4.5630400e+00   4.9929100e+01   2.0000000e+00
   2.0500000e+02   6.3527800e+00  -1.6251100e+01   5.6316800e+01  -2.0000000e+00
   2.0600000e+02  -9.8204000e+00   1.5260800e+01   2.3125600e+01  -2.0000000e+00
   2.0700000e+02  -1.8853200e+00   9.4648300e-01   1.0419800e+01   1.0000000e+00
   2.0800000e+02  -1.4040000e+01  -1.2559500e+01   5.7315300e+01  -1.0000000e+00
   2.0900000e+02  -3.1819500e+00  -9.4222600e+00   4.3986300e+01   2.0000000e+00
   2.1000000e+02  -1.3219900e+01   2.9533600e+00   1.1205300e+01   1.0000000e+00
   2.1100000e+02  -1.7495500e+00  -1.0932300e+01   4.3272700e+01   2.0000000e+00
   2.1200000e+02   2.6219100e-01  -1.0480200e+01   4.4304800e+01   2.0000000e+00
   2.1300000e+02   1.4589300e+01   1.1987500e+01   8.0475400e+00  -1.0000000e+00
   2.1400000e+02  -6.4470700e+00   6.4602800e+00   1.0149300e+01   1.0000000e+00
   2.1500000e+02   1.7231600e+01   6.6537400e+00   3.2793500e+01  -1.0000000e+00
   2.1600000e+02  -4.0732700e+00  -1.8926800e+01   4.4866800e+01  -1.0000000e+00
   2.1700000e+02  -1.3000300e+00   8.4009700e+00   9.6957200e+00   1.0000000e+00
   2.1800000e+02  -6.6651700e-01  -6.9635900e+00   4.3527800e+01   2.0000000e+00
   2.1900000e+02  -3.7984300e+00  -1.1421600e+01   4.3615700e+01   2.0000000e+00
   2.2000000e+02   4.0290500e+00  -1.1981500e+00   1.3840300e+01  -3.0000000e+00
   2.2100000e+02  -7.9124200e+00  -1.2347200e+01   4.2630200e+01   2.0000000e+00
   2.2200000e+02   4.4484500e-01  -1.8288100e+00   2.3074900e+01  -3.0000000e+00
   2.2300000e+02  -1.1396900e+01  -1.1255900e+01   4.8747300e+01  -2.0000000e+00
   2.2400000e+02   5.3292700e+00  -5.3369200e+00   4.8251900e+01  -3.0000000e+00
   2.2500000e+02   2.5996200e+00   6.9654500e+00   9.0944700e+00   1.0000000e+00
   2.2600000e+02   9.3860700e+00  -1.1492600e+01   4.8127300e+01   2.0000000e+00
   2.2700000e+02   2.3054800e+00  -9.9007100e+00   4.5736000e+01   2.0000000e+00
   2.2800000e+02   7.3748300e+00  -1.2186800e+01   4.7197500e+01   2.0000000e+00
   2.2900000e+02  -6.2473300e+00   1.5973200e+01   2.2370500e+01  -2.0000000e+00
   2.3000000e+02   3.8613400e+00   1.0297500e+01   8.6701200e+00   1.0000000e+00
   2.3100000e+02  -1.8739000e+01   2.9962600e+00   1.0583100e+01  -1.0000000e+00
   2.3200000e+02   1.3873500e+01   4.0906700e+00   3.3117100e+01  -3.0000000e+00
   2.3300000e+02   3.2303800e+00  -1.3401700e+01   4.4924100e+01   2.0000000e+00
   2.3400000e+02  -7.2764400e+00  -1.0389300e+01   5.4448100e+01   2.0000000e+00
   2.3500000e+02   1.2942300e+00   1.5195200e+01   1.0699900e+01  -2.0000000e+00
   2.3600000e+02  -3.2516600e+00   9.1011600e+00   9.5917600e+00   1.0000000e+00
   2.3700000e+02  -1.0259000e+00   1.7943300e+01   9.4603900e+00  -1.0000000e+00
   2.3800000e+02  -1.5507000e+01   5.7254800e+00   1.0625600e+01  -2.0000000e+00
   2.3900000e+02  -1.0037000e+01  -3.8211200e+00   1.1195200e+01   1.0000000e+00
   2.4000000e+02   3.5722500e+00   1.2363500e+01   8.8669700e+00   1.0000000e+00
   2.4100000e+02  -1.1972900e+01  -1.3246300e+01   3.6084900e+01  -1.0000000e+00
   2.4200000e+02  -1.2338800e+01   8.4505400e+00   1.0269600e+01   1.0000000e+00
   2.4300000e+02  -1.7056000e+01  -5.2633900e+00  -3.3002100e+00  -1.0000000e+00
   2.4400000e+02  -1.8306000e+01   9.2063000e-01  -3.7376600e+00  -1.0000000e+00
   2.4500000e+02   1.1495900e+01  -1.1444600e+00   4.9298100e+01   2.0000000e+00
   2.4600000e+02   9.9430700e+00  -9.5081300e+00   4.8717700e+01   2.0000000e+00
   2.4700000e+02  -2.5940600e+00   5.0203300e+00   9.5870000e+00   1.0000000e+00
   2.4800000e+02   1.5528400e+01  -9.3706900e+00   6.4010700e+01  -1.0000000e+00
   2.4900000e+02  -7.6984800e+00   3.0201400e+00   1.0965600e+01   1.0000000e+00
   2.5000000e+02   1.0330100e+01   1.5558000e+01   8.4521500e+00  -1.0000000e+00
   2.5100000e+02  -1.3922800e+01   7.1035100e+00   1.0274000e+01  -2.0000000e+00
   2.5200000e+02   1.2954900e+01   1.0689900e+01   9.2029100e+00  -2.0000000e+00
   2.5300000e+02  -4.9824800e+00  -1.5437800e+01   4.3325800e+01  -2.0000000e+00
   2.5400000e+02   1.3172300e+00   3.6097000e+00   9.4786100e+00   1.0000000e+00
   2.5500000e+02   4.7268300e+00   1.7925400e+01   5.7264500e+00  -1.0000000e+00
   2.5600000e+02  -1.0451200e+01  -1.4750500e+01   2.6845500e+01  -1.0000000e+00
   2.5700000e+02  -8.9163400e+00  -8.3056800e+00   4.0750000e+01  -3.0000000e+00
   2.5800000e+02  -3.0559100e+00  -2.4871900e+00   1.2454000e+01   1.0000000e+00
   2.5900000e+02   2.6155900e+00  -1.5355100e+01   4.5659800e+01   2.0000000e+00
   2.6000000e+02   4.5304400e+00   6.2058300e+00   8.7539900e+00   1.0000000e+00
   2.6100000e+02  -2.2730300e+00   1.4558900e+01   9.8302100e+00   1.0000000e+00
   2.6200000e+02   1.8739000e+01   1.7164300e-01  -5.7064700e-01  -1.0000000e+00
   2.6300000e+02  -8.7709800e+00   9.1499500e+00   1.0614300e+01   1.0000000e+00
   2.6400000e+02   1.0702100e+01  -5.2976600e+00   4.9508900e+01   2.0000000e+00
   2.6500000e+02   7.4709900e+00   1.0813500e+01   9.0387700e+00   1.0000000e+00
   2.6600000e+02   1.7083800e+01   1.4358400e+00   4.6880000e+01  -2.0000000e+00
   2.6700000e+02  -1.4313900e+01   9.1725700e+00   1.0449500e+01  -2.0000000e+00
   2.6800000e+02   6.7984600e+00   3.3854600e+00   7.3702700e+00  -3.0000000e+00
   2.6900000e+02   1.8690600e+01   2.8324900e+00   2.9354600e+01  -1.0000000e+00
   2.7000000e+02   1.3343700e+01   8.4298700e+00   8.2213600e+00   1.0000000e+00
   2.7100000e+02   1.1584700e+01  -1.0755100e+01   4.8063600e+01   2.0000000e+00
   2.7200000e+02   1.0682100e+01   1.3436900e+01   9.3520400e+00  -2.0000000e+00
   2.7300000e+02   1.9783000e+00  -4.4955100e-01   1.0164400e+01   1.0000000e+00
   2.7400000e+02  -8.9334000e-01  -1.4430500e+01   4.4494800e+01   2.0000000e+00
   2.7500000e+02   1.6649300e+00   1.5790700e+00   9.1112800e+00   1.0000000e+00
   2.7600000e+02  -1.0471600e+01  -1.8049800e+00   1.1585900e+01   1.0000000e+00
   2.7700000e+02   1.3261700e+00  -6.4501800e+00   4.5336400e+01   2.0000000e+00
   2.7800000e+02  -3.5621300e+00   1.1167600e+01   9.4545400e+00   1.0000000e+00
   2.7900000e+02  -4.3835400e+00  -1.3436300e+01   4.3890100e+01   2.0000000e+00
   2.8000000e+02   1.0376900e+01  -7.3735500e+00   5.0163000e+01   2.0000000e+00
   2.8100000e+02   1.1375000e+01   9.2279000e+00   8.7857600e+00   1.0000000e+00
   2.8200000e+02  -1.5929200e+01   7.8219700e+00   2.5518200e+01  -1.0000000e+00
   2.8300000e+02   2.8092800e+00  -7.9090100e+00   4.5926800e+01   2.0000000e+00
   2.8400000e+02  -1.0756100e+01   9.7864700e+00   1.0895200e+01   1.0000000e+00
   2.8500000e+02   1.3464100e+01  -4.6565300e-01   4.9970800e+01   2.0000000e+00
   2.8600000e+02  -3.4426500e+00  -4.2449400e-01   1.0657600e+01   1.0000000e+00
   2.8700000e+02   8.2453800e+00   1.6457900e+01   1.2037500e+01  -1.0000000e+00
   2.8800000e+02   1.7101700e+01   8.8014300e+00   3.9664900e+00  -1.0000000e+00
   2.8900000e+02  -2.8761700e-01   2.2956500e+00   9.8941600e+00   1.0000000e+00
   2.9000000e+02  -6.9345700e+00  -1.0840600e+00   1.0965000e+01   1.0000000e+00
   2.9100000e+02   1.3059500e+01  -1.2188200e+01   4.6419900e+01  -2.0000000e+00
   2.9200000e+02   8.9540800e+00  -1.3568700e+01   4.7278800e+01  -2.0000000e+00
   2.9300000e+02   4.8264700e+00  -1.4761500e+01   4.5429500e+01   2.0000000e+00
   2.9400000e+02   7.8084200e+00  -1.0168200e+01   4.7116700e+01   2.0000000e+00
   2.9500000e+02  -1.4765300e+01   1.1235100e+01   9.8711000e+00  -1.0000000e+00
   2.9600000e+02  -1.3434400e+01  -1.0577600e+01   5.7013500e+01  -1.0000000e+00
   2.9700000e+02  -1.0855000e+01   2.6417500e-01   1.1218400e+01   1.0000000e+00
   2.9800000e+02  -2.3453300e+00  -1.2944300e+01   4.3734200e+01   2.0000000e+00
   2.9900000e+02   1.3576700e+01   6.2916600e+00   6.8621000e+00   1.0000000e+00
