   0.0000000e+00   9.9905200e+00   2.6140500e+00   6.5382000e+01  -3.0000000e+00
   1.0000000e+00  -1.0609800e+01  -4.3138500e+00   2.6678500e+01  -3.0000000e+00
   2.0000000e+00  -8.4345300e+00   6.8277100e-01   5.5110100e+01   1.0000000e+00
   3.0000000e+00  -1.2543900e+01   1.4588100e+01   5.5231500e+01  -1.0000000e+00
   4.0000000e+00   1.4353300e+01  -6.5467400e+00   3.2400000e+01  -2.0000000e+00
   5.0000000e+00   4.2284400e+00   5.3973000e-01   3.3422800e+01  -3.0000000e+00
   6.0000000e+00  -1.1998000e+01   9.9433200e-01   5.5147200e+01   1.0000000e+00
   7.0000000e+00   3.7815000e-01  -1.2209900e+00   5.3913000e+01   1.0000000e+00
   8.0000000e+00   1.3581400e+01  -1.1990800e+01   4.5332600e+01  -2.0000000e+00
   9.0000000e+00   6.3281000e+00  -1.4142700e+01   3.3077500e+01   2.0000000e+00
   1.0000000e+01   1.0285600e+01   7.1711200e+00   5.2425600e+01   1.0000000e+00
   1.1000000e+01  -1.0360800e+01  -1.4787800e+01   3.0267200e+01  -1.0000000e+00
   1.2000000e+01   8.6798900e+00  -1.7559600e+01   3.4716400e+01  -1.0000000e+00
   1.3000000e+01   5.1224200e+00  -8.7684500e+00   3.2853900e+01   2.0000000e+00
   1.4000000e+01   1.2033700e+01   5.8243100e+00   5.2368900e+01   1.0000000e+00
   1.5000000e+01  -8.3443700e+00  -1.1171400e+01   2.9926200e+01   2.0000000e+00
   1.6000000e+01   2.1834000e-01  -3.3447000e+00   3.8583800e+01  -3.0000000e+00
   1.7000000e+01  -6.9378900e-01   6.1934400e+00   5.4343300e+01   1.0000000e+00
   1.8000000e+01  -1.5048900e+01   7.5102200e+00   6.6861300e+01  -2.0000000e+00
   1.9000000e+01   9.4466200e+00   1.6793000e+01   3.8659500e+01  -1.0000000e+00
   2.0000000e+01   1.1723500e+01  -1.5685200e+01   3.2342400e+01  -1.0000000e+00
   2.1000000e+01  -8.5769400e+00  -1.3805400e+00   5.5419000e+01   1.0000000e+00
   2.2000000e+01  -1.1873500e-01   1.2421400e+01   5.4360000e+01   1.0000000e+00
   2.3000000e+01   1.4467900e+01   1.0777700e+01   5.2248500e+01  -1.0000000e+00
   2.4000000e+01  -5.9466200e+00   7.7687500e+00   5.4206100e+01   1.0000000e+00
   2.5000000e+01   5.6063200e+00   1.4990000e+01   5.4864400e+01   1.0000000e+00
   2.6000000e+01  -8.7365600e+00  -3.4631900e+00   5.5082500e+01   1.0000000e+00
   2.7000000e+01  -9.7181100e+00   6.0065100e+00   5.4908100e+01   1.0000000e+00
   2.8000000e+01   2.9878500e-01  -1.8226200e+01   3.4077200e+01  -1.0000000e+00
   2.9000000e+01   4.5607900e+00   4.6443100e+00   5.4707800e+01   1.0000000e+00
   3.0000000e+01   1.0993900e+01   1.3307400e+01   5.4529400e+01  -2.0000000e+00
   3.1000000e+01  -1.1424100e+01  -9.1584000e+00   2.8959400e+01   2.0000000e+00
   3.2000000e+01  -8.8928700e+00   1.4299800e+01   5.4759500e+01  -2.0000000e+00
   3.3000000e+01  -8.2970500e+00  -1.4813000e+01   1.8896500e+01  -2.0000000e+00
   3.4000000e+01   6.0822600e+00   1.4388700e+00   4.3049700e+01  -3.0000000e+00
   3.5000000e+01   8.3655600e+00   6.4065100e+00   5.3625200e+01   1.0000000e+00
   3.6000000e+01  -1.7589100e+01  -1.6880300e+00   7.1155600e+01  -1.0000000e+00
   3.7000000e+01  -1.7824400e+00   1.3650000e+01   5.4915300e+01   1.0000000e+00
   3.8000000e+01   1.2512200e+01   9.9904900e+00   5.2673500e+01  -2.0000000e+00
   3.9000000e+01  -6.2181900e+00  -1.4730300e+01   3.0745300e+01  -2.0000000e+00
   4.0000000e+01   1.7433000e+01  -1.1031100e+00   4.6531100e+01  -1.0000000e+00
   4.1000000e+01   9.0375600e+00  -1.3764400e+00   3.2634100e+01   2.0000000e+00
   4.2000000e+01   5.7878800e+00   1.7048800e+01   4.2339700e+01  -2.0000000e+00
   4.3000000e+01   1.1670700e+01   3.7827600e+00   4.0832600e+01  -3.0000000e+00
   4.4000000e+01  -3.1887800e+00  -9.2933000e+00   3.2786900e+01  -3.0000000e+00
   4.5000000e+01   7.9833900e+00  -3.1532000e+00   3.2862800e+01  -3.0000000e+00
   4.6000000e+01   6.2146800e+00  -1.0550700e+01   3.2377300e+01   2.0000000e+00
   4.7000000e+01   4.9230100e+00  -5.1979800e+00   3.3032100e+01   2.0000000e+00
   4.8000000e+01   2.1884900e+00  -1.4362500e+01   3.3576200e+01   2.0000000e+00
   4.9000000e+01  -4.2557100e+00   6.5551500e+00   5.4246400e+01   1.0000000e+00
   5.0000000e+01  -2.0750200e+00  -1.1015600e+01   3.2561000e+01   2.0000000e+00
   5.1000000e+01  -1.0292300e+01  -1.7574300e-01   5.5295000e+01   1.0000000e+00
   5.2000000e+01  -9.9106800e+00   3.9298500e+00   5.4688800e+01   1.0000000e+00
   5.3000000e+01   2.0768700e+00  -1.0730200e+01   3.2353800e+01   2.0000000e+00
   5.4000000e+01   7.7672400e+00   2.3643000e-01   4.0769900e+01  -3.0000000e+00
   5.5000000e+01  -1.3667600e+01   2.1900500e+00   5.5163400e+01   1.0000000e+00
   5.6000000e+01   1.1121000e+01   1.5361400e+01   3.8303600e+01  -1.0000000e+00
   5.7000000e+01  -1.3134200e+01   8.3809700e+00   5.4733600e+01  -2.0000000e+00
   5.8000000e+01  -5.1813500e+00  -1.2932000e+01   3.0566600e+01   2.0000000e+00
   5.9000000e+01   3.0784500e+00   7.9285800e+00   5.4564000e+01   1.0000000e+00
   6.0000000e+01   2.6703500e+00   3.7761700e+00   5.4578600e+01   1.0000000e+00
   6.1000000e+01  -1.1205000e+01   9.2512600e+00   5.5041500e+01   1.0000000e+00
   6.2000000e+01  -6.3337300e+00  -7.5496100e+00   4.2674200e+01  -3.0000000e+00
   6.3000000e+01   1.2470900e+01  -1.0228900e+01   3.3322300e+01   2.0000000e+00
   6.4000000e+01  -1.3608000e+01  -9.0702500e+00   4.1246000e+01  -2.0000000e+00
   6.5000000e+01  -1.1807500e+01   3.0711500e+00   5.4780700e+01   1.0000000e+00
   6.6000000e+01   2.4933500e+00   1.7196100e+00   5.5385200e+01   1.0000000e+00
   6.7000000e+01   3.7135200e+00   1.4105400e+01   5.4171700e+01   1.0000000e+00
   6.8000000e+01  -4.8445200e+00   4.0999500e-01   5.4892100e+01   1.0000000e+00
   6.9000000e+01  -6.5479200e+00   1.5643900e+00   5.5204800e+01   1.0000000e+00
   7.0000000e+01   1.0367500e+01  -1.0337200e+01   3.2445300e+01   2.0000000e+00
   7.1000000e+01  -5.2859100e+00  -5.7526000e+00   4.2995300e+01  -3.0000000e+00
   7.2000000e+01  -6.2723200e+00  -1.1164800e+01   3.0757300e+01   2.0000000e+00
   7.3000000e+01   4.1360800e+00  -1.0654400e+01   3.2062800e+01   2.0000000e+00
   7.4000000e+01   2.1926900e+00   1.7430300e+01   5.4408800e+01  -1.0000000e+00
   7.5000000e+01  -1.2157400e+01  -1.0771500e+00   5.5124100e+01   1.0000000e+00
   7.6000000e+01   1.0788800e+01   1.1261600e+01   5.3167200e+01   1.0000000e+00
   7.7000000e+01   6.8721900e-01  -5.3605600e+00   1.3832700e+01  -3.0000000e+00
   7.8000000e+01  -4.1843300e+00  -1.1116400e+01   3.1398100e+01   2.0000000e+00
   7.9000000e+01   8.8555800e+00   1.0504000e+01   5.3344400e+01   1.0000000e+00
   8.0000000e+01   1.5974100e+01   6.6624200e+00   7.1592600e+01  -1.0000000e+00
   8.1000000e+01   8.4490500e+00  -1.4023500e+01   3.3508000e+01   2.0000000e+00
   8.2000000e+01  -8.9309200e+00  -5.5204100e+00   3.8343600e+01  -3.0000000e+00
   8.3000000e+01   1.2212900e+01   7.9351900e+00   5.2805800e+01   1.0000000e+00
   8.4000000e+01  -3.1555400e+00  -8.0097200e-01   2.5010800e+01   1.0000000e+00
   8.5000000e+01  -1.2912900e-01  -7.2414000e+00   4.3495900e+01   2.0000000e+00
   8.6000000e+01   4.3499600e+00   2.6010500e+00   5.5344700e+01   1.0000000e+00
   8.7000000e+01   1.5705900e+01  -1.1852200e+01   3.3294000e+01  -1.0000000e+00
   8.8000000e+01  -5.7184300e+00   9.8285600e+00   5.4397800e+01   1.0000000e+00
   8.9000000e+01   8.2694600e+00  -1.0416300e+01   3.2583100e+01   2.0000000e+00
   9.0000000e+01  -5.5364900e+00   1.1877700e+01   5.4862500e+01   1.0000000e+00
   9.1000000e+01  -1.7158000e+01   4.6184900e+00   6.9825700e+01  -1.0000000e+00
   9.2000000e+01   1.1318600e+01  -8.4905200e+00   3.2684500e+01   2.0000000e+00
   9.3000000e+01   7.3100000e+00  -1.2307900e+01   3.2880400e+01   2.0000000e+00
   9.4000000e+01  -1.7250200e+01   2.5035000e+00   6.9781000e+01  -1.0000000e+00
   9.5000000e+01   6.5964600e+00  -1.7757000e+01   3.4256900e+01  -1.0000000e+00
   9.6000000e+01  -2.1883300e+00  -7.1624900e+00   3.3562800e+01  -3.0000000e+00
   9.7000000e+01   1.0165700e+01  -6.6873900e+00   3.2191700e+01   2.0000000e+00
   9.8000000e+01   1.3241200e+01  -1.1625400e+00   3.1253200e+01   2.0000000e+00
   9.9000000e+01   2.7222500e-01   1.6616000e+01   4.2031100e+01  -2.0000000e+00
   1.0000000e+02   1.2428600e+00  -1.6255600e+01   3.3535800e+01  -2.0000000e+00
   1.0100000e+02  -1.2747100e+01   1.2504600e+01   5.5052600e+01  -2.0000000e+00
   1.0200000e+02  -3.6871200e+00   1.2749300e+01   5.5073500e+01   1.0000000e+00
   1.0300000e+02   1.3381600e+01  -8.3622700e+00   3.3022100e+01   2.0000000e+00
   1.0400000e+02   1.6407400e+01  -2.9413500e+00   3.1885300e+01  -2.0000000e+00
   1.0500000e+02  -1.2935200e+01   1.0425800e+01   5.4748900e+01  -2.0000000e+00
   1.0600000e+02   4.1152600e+00   1.8322100e+01   5.4089500e+01  -1.0000000e+00
   1.0700000e+02  -1.5708000e+01  -9.0195600e+00  -1.6398700e+01  -1.0000000e+00
   1.0800000e+02   1.2290000e+01  -6.6334200e+00   3.2194900e+01   2.0000000e+00
   1.0900000e+02   2.3510400e+00  -1.8022900e+01   3.3620900e+01  -1.0000000e+00
   1.1000000e+02  -1.5739600e+01  -7.5586400e-01   5.5863800e+01  -2.0000000e+00
   1.1100000e+02   5.4185700e+00  -1.6019400e+01   3.3306500e+01  -2.0000000e+00
   1.1200000e+02   7.7043500e+00   1.7905600e+01   5.5032900e+01  -1.0000000e+00
   1.1300000e+02  -1.4636100e+01  -1.0954200e+01   1.4218300e+01  -1.0000000e+00
   1.1400000e+02  -8.7321800e-01  -1.6396500e+01   3.3227600e+01  -2.0000000e+00
   1.1500000e+02  -1.1426000e+01   7.1916900e+00   5.4801300e+01   1.0000000e+00
   1.1600000e+02  -1.2453000e+01  -1.0951000e+01   2.8510100e+01  -2.0000000e+00
   1.1700000e+02  -2.9239400e-01   1.0356300e+01   5.4799000e+01   1.0000000e+00
   1.1800000e+02   1.0085600e+01   5.1064800e+00   5.2882100e+01   1.0000000e+00
   1.1900000e+02   4.4467200e+00  -1.7866000e+01   3.2877800e+01  -1.0000000e+00
   1.2000000e+02  -9.3697700e+00  -9.3431100e+00   2.8265100e+01   2.0000000e+00
   1.2100000e+02   5.2069800e+00  -1.2402200e+01   3.2413300e+01   2.0000000e+00
   1.2200000e+02  -1.6950600e+01   6.6707100e+00   5.4077400e+01  -1.0000000e+00
   1.2300000e+02   1.1762400e-01   1.4557200e+01   5.4381500e+01   1.0000000e+00
   1.2400000e+02  -7.4401000e+00   1.1017800e+01   5.4760800e+01   1.0000000e+00
   1.2500000e+02  -7.3145700e+00  -9.3724500e+00   3.0503000e+01   2.0000000e+00
   1.2600000e+02   3.2800400e+00   9.9916400e+00   5.4160900e+01   1.0000000e+00
   1.2700000e+02  -1.0457800e+01  -2.2577900e+00   5.5227700e+01   1.0000000e+00
   1.2800000e+02   1.0090200e+01  -3.1493100e+00   3.1663800e+01   2.0000000e+00
   1.2900000e+02   1.6319900e+01   8.7501900e+00   4.0762000e+01  -1.0000000e+00
   1.3000000e+02   1.5918000e+00   1.1198500e+01   5.4417300e+01   1.0000000e+00
   1.3100000e+02  -4.1639700e+00  -1.4778300e+01   3.1477500e+01  -2.0000000e+00
   1.3200000e+02  -1.2329400e+01  -3.1274500e+00   5.5438000e+01   1.0000000e+00
   1.3300000e+02   7.1868000e+00  -8.6603200e+00   3.2899200e+01   2.0000000e+00
   1.3400000e+02  -3.1080700e+00  -1.2917600e+01   3.1655000e+01   2.0000000e+00
   1.3500000e+02   8.5923200e+00   8.4643200e+00   5.3060300e+01   1.0000000e+00
   1.3600000e+02   1.3898300e+01   6.6985700e+00   6.0690700e+01  -2.0000000e+00
   1.3700000e+02  -8.9784000e-01   4.1333400e+00   5.4475200e+01   1.0000000e+00
   1.3800000e+02  -1.1498100e+01  -1.2917600e+01   2.9401500e+01  -2.0000000e+00
   1.3900000e+02   1.2036100e+01   5.9761900e-01   4.3558100e+01  -3.0000000e+00
   1.4000000e+02   1.5515900e+01  -8.2556200e+00   3.2719800e+01  -2.0000000e+00
   1.4100000e+02   4.2605100e+00  -1.4254900e+01   3.3269200e+01   2.0000000e+00
   1.4200000e+02   7.9647600e+00   2.2821000e+00   5.0890600e+01  -3.0000000e+00
   1.4300000e+02  -1.5369500e+01   3.3612500e+00   5.5233700e+01  -2.0000000e+00
   1.4400000e+02  -6.3536400e+00   3.6235100e+00   5.4957900e+01   1.0000000e+00
   1.4500000e+02  -1.5881000e+01  -2.8496400e+00   5.5766500e+01  -2.0000000e+00
   1.4600000e+02   1.4285500e+01  -2.9629800e+00   3.0517700e+01   2.0000000e+00
   1.4700000e+02   9.9128700e+00   5.2379000e-01   4.0754400e+01  -3.0000000e+00
   1.4800000e+02  -1.4034500e+01  -1.9191900e+00   5.5477700e+01   1.0000000e+00
   1.4900000e+02  -1.7871200e+01  -5.8303000e+00   5.6568200e+01  -1.0000000e+00
   1.5000000e+02   9.0582600e+00   1.2559500e+01   5.4020800e+01   1.0000000e+00
   1.5100000e+02  -1.0120600e+01   1.8901500e+00   5.4733400e+01   1.0000000e+00
   1.5200000e+02  -1.4280000e+01  -6.2316700e+00   4.4255800e+01  -2.0000000e+00
   1.5300000e+02   1.1195200e+01  -4.8888600e+00   3.1765200e+01   2.0000000e+00
   1.5400000e+02  -1.1595500e+01   5.1168400e+00   5.4891000e+01   1.0000000e+00
   1.5500000e+02  -1.4904500e+01   9.5593800e+00   6.9699600e+01  -1.0000000e+00
   1.5600000e+02   8.0368800e-01   2.9257200e+00   5.4668800e+01   1.0000000e+00
   1.5700000e+02   6.4794200e+00   5.5381100e+00   5.4635900e+01   1.0000000e+00
   1.5800000e+02   9.2520600e+00  -8.5366300e+00   3.2579900e+01   2.0000000e+00
   1.5900000e+02  -8.7417500e+00   1.6391100e+01   5.5445000e+01  -1.0000000e+00
   1.6000000e+02  -1.5225600e+01   5.4259400e+00   5.4913400e+01  -2.0000000e+00
   1.6100000e+02  -2.7865300e+00   3.2989400e+00   5.4438200e+01   1.0000000e+00
   1.6200000e+02  -1.5560800e+01   1.2935500e+00   5.4843000e+01  -2.0000000e+00
   1.6300000e+02  -4.2199900e+00  -7.4983100e+00   3.2983200e+01  -3.0000000e+00
   1.6400000e+02  -5.2535200e+00  -9.3283100e+00   3.0978400e+01   2.0000000e+00
   1.6500000e+02   9.8726600e-02  -1.4531600e+01   3.3382800e+01   2.0000000e+00
   1.6600000e+02   4.3317500e+00  -1.5167500e+00   1.9257000e+01  -3.0000000e+00
   1.6700000e+02   9.1665100e+00   1.4622100e+01   5.3665500e+01  -2.0000000e+00
   1.6800000e+02   6.4239600e+00  -1.3101800e+00   4.5693300e+01  -3.0000000e+00
   1.6900000e+02   6.0612700e+00  -6.9370400e+00   3.3263400e+01   2.0000000e+00
   1.7000000e+02  -1.0420500e+01  -6.9437600e+00   2.1766100e+01  -3.0000000e+00
   1.7100000e+02  -3.4828300e+00   1.4819400e+01   5.4534300e+01  -2.0000000e+00
   1.7200000e+02  -4.0442500e+00   8.6149300e+00   5.4041000e+01   1.0000000e+00
   1.7300000e+02   1.9143200e+00  -7.1932800e+00   3.3252700e+01   2.0000000e+00
   1.7400000e+02   3.0335700e+00  -8.9070500e+00   3.3057000e+01   2.0000000e+00
   1.7500000e+02  -1.1032000e+01   1.1303500e+01   5.5042500e+01   1.0000000e+00
   1.7600000e+02   1.6572400e+01  -6.4340000e+00   4.7167900e+01  -1.0000000e+00
   1.7700000e+02   5.8914100e+00  -3.3005000e+00   3.6667600e+01   2.0000000e+00
   1.7800000e+02  -9.5131900e+00   8.0857500e+00   5.4835500e+01   1.0000000e+00
   1.7900000e+02  -1.3858200e+01   1.2391600e-01   5.5036100e+01   1.0000000e+00
   1.8000000e+02   1.1096300e+01  -1.2416100e+00   3.2971800e+01   2.0000000e+00
   1.8100000e+02   2.3673900e+00  -3.6610300e-01   5.5293900e+01  -3.0000000e+00
   1.8200000e+02  -1.3512300e+01   4.2589700e+00   5.5381300e+01   1.0000000e+00
   1.8300000e+02   1.3838100e+00   9.1443500e+00   5.4396800e+01   1.0000000e+00
   1.8400000e+02   1.0581200e+01   9.2047500e+00   5.2277800e+01   1.0000000e+00
   1.8500000e+02   2.8126300e+00  -5.2887100e+00   4.4822600e+01  -3.0000000e+00
   1.8600000e+02   8.1236000e+00  -6.7913500e+00   3.3349900e+01   2.0000000e+00
   1.8700000e+02  -8.2306000e+00   2.7364500e+00   5.4720700e+01   1.0000000e+00
   1.8800000e+02  -1.3360500e+01   6.3240300e+00   5.4987600e+01   1.0000000e+00
   1.8900000e+02   9.6128200e+00  -1.5728800e+01   4.5285700e+01  -2.0000000e+00
   1.9000000e+02  -1.7516700e+01   4.1914600e-01   7.0340300e+01  -1.0000000e+00
   1.9100000e+02  -8.4046600e+00  -7.5221600e+00   1.2108300e+01  -3.0000000e+00
   1.9200000e+02   4.9469600e+00   8.7745600e+00   5.4448600e+01   1.0000000e+00
   1.9300000e+02  -1.2491000e+01  -1.4740000e+01   3.0996000e+01  -1.0000000e+00
   1.9400000e+02   6.6779100e+00   7.5956600e+00   5.4579200e+01   1.0000000e+00
   1.9500000e+02   7.2811500e+00   1.3791100e+01   5.4760300e+01   1.0000000e+00
   1.9600000e+02   1.7309100e+01   3.2491000e+00   3.6758700e+00  -1.0000000e+00
   1.9700000e+02   1.0513400e+00  -1.2647800e+01   3.2681500e+01   2.0000000e+00
   1.9800000e+02  -1.0487500e+00  -1.2795800e+01   3.2498300e+01   2.0000000e+00
   1.9900000e+02  -5.0300600e+00  -1.6551200e+00   5.4347200e+01   1.0000000e+00
   2.0000000e+02  -6.1703500e+00   5.6858000e+00   5.4546300e+01   1.0000000e+00
   2.0100000e+02  -3.2526500e+00  -5.3956800e+00   4.3049000e+01  -3.0000000e+00
   2.0200000e+02   1.2841800e+01   1.4225300e+01   5.6787500e+01  -1.0000000e+00
   2.0300000e+02  -1.0818300e+01   1.3416500e+01   5.4913700e+01  -2.0000000e+00
   2.0400000e+02   2.0487500e+00  -2.4144500e+00   4.2484800e+01  -3.0000000e+00
   2.0500000e+02  -1.4163700e+01  -4.0447300e+00   5.5888800e+01   1.0000000e+00
   2.0600000e+02  -7.2408100e+00   1.3059600e+01   5.4420600e+01   1.0000000e+00
   2.0700000e+02  -1.2772400e+00  -4.7895200e+00   4.5109600e+01  -3.0000000e+00
   2.0800000e+02   5.1845700e+00   1.0849000e+01   5.4258600e+01   1.0000000e+00
   2.0900000e+02   6.2755800e+00   3.4896600e+00   5.4745900e+01   1.0000000e+00
   2.1000000e+02   9.3490000e-01  -9.0276900e+00   3.2367500e+01   2.0000000e+00
   2.1100000e+02  -7.2274400e+00  -1.6623400e+01   3.0687000e+01  -1.0000000e+00
   2.1200000e+02   1.7739600e+00   1.3293400e+01   5.3712000e+01   1.0000000e+00
   2.1300000e+02  -2.9537700e+00  -1.6522300e+01   2.1230600e+01  -2.0000000e+00
   2.1400000e+02   3.3474400e+00  -1.6112600e+01   3.3056900e+01  -2.0000000e+00
   2.1500000e+02  -2.5722400e+00   5.3375300e+00   5.4249000e+01   1.0000000e+00
   2.1600000e+02   1.6706500e+01  -9.9353400e+00   3.3803800e+01  -1.0000000e+00
   2.1700000e+02  -3.2513800e+00   1.6953300e+01   5.4993600e+01  -1.0000000e+00
   2.1800000e+02   2.7523800e-02  -1.0871100e+01   3.2472900e+01   2.0000000e+00
   2.1900000e+02  -1.6183200e+01  -6.9933800e+00   2.9041600e+01  -1.0000000e+00
   2.2000000e+02  -1.2608000e+00   1.5638000e-02   5.3695900e+01   1.0000000e+00
   2.2100000e+02  -4.6623900e+00   2.4488800e+00   5.4866500e+01   1.0000000e+00
   2.2200000e+02   2.0363700e+00   1.5338300e+01   5.3747100e+01  -2.0000000e+00
   2.2300000e+02   4.7742000e+00   6.7204100e+00   5.4800400e+01   1.0000000e+00
   2.2400000e+02   1.1735200e+00   7.0464600e+00   5.4473500e+01   1.0000000e+00
   2.2500000e+02  -7.6088800e+00   8.9621800e+00   5.4695400e+01   1.0000000e+00
   2.2600000e+02  -4.7904200e-01   8.2624000e+00   5.4456500e+01   1.0000000e+00
   2.2700000e+02   1.1526900e+01  -1.2075800e+01   3.2558200e+01  -2.0000000e+00
   2.2800000e+02  -1.0404900e+01  -1.1175200e+01   2.8114200e+01   2.0000000e+00
   2.2900000e+02  -5.1270700e+00   1.6051400e+01   5.4383700e+01  -1.0000000e+00
   2.3000000e+02  -7.8350000e+00   6.8860300e+00   5.4467200e+01   1.0000000e+00
   2.3100000e+02  -5.1493300e+00  -3.7074800e+00   5.2543200e+01  -3.0000000e+00
   2.3200000e+02   1.3203700e+01   2.4068700e+00   3.7434100e+01  -3.0000000e+00
   2.3300000e+02   5.4143600e+00   1.2918700e+01   5.4599800e+01   1.0000000e+00
   2.3400000e+02   7.4750400e+00   1.5870200e+01   5.4531500e+01  -2.0000000e+00
   2.3500000e+02  -4.4753600e+00   4.5018800e+00   5.4510300e+01   1.0000000e+00
   2.3600000e+02  -6.8733100e+00  -2.5688400e+00   5.5862800e+01   1.0000000e+00
   2.3700000e+02  -9.1123100e+00   1.2209200e+01   5.4473700e+01   1.0000000e+00
   2.3800000e+02   6.2241300e-01   8.4614300e-01   5.4360900e+01   1.0000000e+00
   2.3900000e+02   8.1422100e+00   4.3319200e+00   5.2676900e+01   1.0000000e+00
   2.4000000e+02   3.9679200e+00  -7.0293400e+00   3.3373700e+01   2.0000000e+00
   2.4100000e+02   9.3740600e+00  -1.2154700e+01   3.2898900e+01   2.0000000e+00
   2.4200000e+02  -1.3635400e+01  -1.2968200e+01   1.5065200e+01  -1.0000000e+00
   2.4300000e+02  -8.0417200e+00   4.8214000e+00   5.4797100e+01   1.0000000e+00
   2.4400000e+02  -2.3870600e+00   7.4095200e+00   5.4235200e+01   1.0000000e+00
   2.4500000e+02  -1.4449900e+01   1.3659700e+01   5.5484700e+01  -1.0000000e+00
   2.4600000e+02  -1.0721500e+00   2.0840700e+00   5.4427000e+01   1.0000000e+00
   2.4700000e+02   9.0560300e+00  -4.9296100e+00   3.1912900e+01   2.0000000e+00
   2.4800000e+02  -2.9588500e+00   1.2463300e+00   5.4403700e+01   1.0000000e+00
   2.4900000e+02   1.5257300e+01   2.4650100e+00   3.8978400e+01  -2.0000000e+00
   2.5000000e+02   1.8034000e+01   6.8153400e+00   7.8920900e+00  -1.0000000e+00
   2.5100000e+02   3.4999900e+00   1.2059800e+01   5.4194200e+01   1.0000000e+00
   2.5200000e+02   1.5298000e+01  -1.1492400e+00   3.0471900e+01  -2.0000000e+00
   2.5300000e+02   1.2221500e+01  -2.9736600e+00   3.1682600e+01   2.0000000e+00
   2.5400000e+02   2.8917100e+00   5.8429200e+00   5.4502600e+01   1.0000000e+00
   2.5500000e+02  -1.1307700e+00  -9.0489100e+00   3.2406500e+01  -3.0000000e+00
   2.5600000e+02  -1.2447400e+01  -7.2837000e+00   7.2469600e+00  -3.0000000e+00
   2.5700000e+02   1.2687200e+01  -1.3859600e+01   4.7626900e+01  -1.0000000e+00
   2.5800000e+02   3.7944800e+00  -3.4883500e+00   4.0620000e+01  -3.0000000e+00
   2.5900000e+02   1.4519800e+01  -1.0074700e+01   3.3413100e+01  -2.0000000e+00
   2.6000000e+02  -9.3850000e+00  -1.2971500e+01   3.0047100e+01  -2.0000000e+00
   2.6100000e+02  -5.1313200e+00  -1.6639900e+01   3.1207300e+01  -1.0000000e+00
   2.6200000e+02  -1.6170000e+00   1.5702300e+01   5.4993300e+01  -2.0000000e+00
   2.6300000e+02   1.4166700e+01   8.7444600e+00   5.9953700e+01  -2.0000000e+00
   2.6400000e+02   1.0528900e+01  -1.3892100e+01   3.2744400e+01  -2.0000000e+00
   2.6500000e+02  -7.3104600e+00  -1.2976500e+01   3.0786400e+01   2.0000000e+00
   2.6600000e+02   1.3636600e+01   4.5451900e+00   4.5387400e+01  -2.0000000e+00
   2.6700000e+02  -2.1573100e+00   9.4513600e+00   5.4660300e+01   1.0000000e+00
   2.6800000e+02  -1.3937400e+00   1.7937500e+01   5.4596400e+01  -1.0000000e+00
   2.6900000e+02  -1.7914800e+00  -1.8358000e+01   3.3620500e+01  -1.0000000e+00
   2.7000000e+02  -3.1293900e+00  -3.3262900e+00   2.4388800e+01  -3.0000000e+00
   2.7100000e+02   7.4816500e+00  -1.5894400e+01   3.4042000e+01  -2.0000000e+00
   2.7200000e+02   6.9820700e+00  -5.0656500e+00   3.3131800e+01   2.0000000e+00
   2.7300000e+02  -1.9930700e+00   1.1565200e+01   5.5038900e+01   1.0000000e+00
   2.7400000e+02   7.1140300e+00   1.1725100e+01   5.4589000e+01   1.0000000e+00
   2.7500000e+02   1.5351400e+01  -4.7451100e+00   3.2040900e+01  -2.0000000e+00
   2.7600000e+02  -5.3615500e+00   1.3940500e+01   5.4542300e+01  -2.0000000e+00
   2.7700000e+02  -1.7802500e+01  -3.7390100e+00   7.0810200e+01  -1.0000000e+00
   2.7800000e+02   1.3251400e+01  -4.7833300e+00   3.1427700e+01   2.0000000e+00
   2.7900000e+02  -1.5060000e+00  -2.0536500e+00   4.4228500e+01  -3.0000000e+00
   2.8000000e+02   3.9152900e+00   1.6180900e+01   5.4504200e+01  -2.0000000e+00
   2.8100000e+02   1.7634300e+01  -4.5940300e+00   3.3461500e+01  -1.0000000e+00
   2.8200000e+02  -3.8366500e+00   1.0655900e+01   5.4789400e+01   1.0000000e+00
   2.8300000e+02   1.4291100e+01   6.4894600e-01   3.1021400e+01   2.0000000e+00
   2.8400000e+02  -1.4641000e+01   1.1625200e+01   6.9290800e+01  -1.0000000e+00
   2.8500000e+02   1.2743000e+01   1.2065900e+01   5.4256600e+01  -2.0000000e+00
   2.8600000e+02   1.5697200e+01   4.5512700e+00   6.0464400e+01  -1.0000000e+00
   2.8700000e+02   3.1131000e+00  -1.2521100e+01   3.2488400e+01   2.0000000e+00
   2.8800000e+02   1.8489300e+01   1.1240400e+00   3.4872700e+01  -1.0000000e+00
   2.8900000e+02  -1.2481600e+01  -5.2295000e+00   3.3369700e+01  -3.0000000e+00
   2.9000000e+02  -7.0263800e+00   1.5164200e+01   4.2435600e+01  -2.0000000e+00
   2.9100000e+02  -9.3326200e+00   1.0150300e+01   5.5071800e+01   1.0000000e+00
   2.9200000e+02   1.6404500e+01   7.2079200e-01   2.1006800e+01  -2.0000000e+00
   2.9300000e+02  -6.7113300e+00  -4.7795000e-01   5.5548300e+01   1.0000000e+00
   2.9400000e+02   6.9193500e+00   9.6554700e+00   5.4282100e+01   1.0000000e+00
   2.9500000e+02  -1.6028500e+01  -4.9254500e+00   5.5426100e+01  -2.0000000e+00
   2.9600000e+02  -7.0214400e+00  -4.6545500e+00   4.4011600e+01  -3.0000000e+00
   2.9700000e+02   9.7648400e-01   4.9923300e+00   5.4485300e+01   1.0000000e+00
   2.9800000e+02  -1.9739000e+00  -1.4639700e+01   3.2984400e+01   2.0000000e+00
   2.9900000e+02  -1.0630500e+01   1.5468200e+01   5.5399400e+01  -1.0000000e+00
