   0.0000000e+00   3.8119300e+00   1.7478800e+01   1.0000000e+00
   1.0000000e+00  -3.6401600e+00  -1.4976900e+01  -1.0000000e+00
   2.0000000e+00  -5.2924400e+00  -5.5471200e+00  -1.0000000e+00
   3.0000000e+00  -9.8894400e+00   1.5879100e+01   1.0000000e+00
   4.0000000e+00   5.3792600e+00  -1.1955600e+01  -1.0000000e+00
   5.0000000e+00  -1.2526600e+01  -1.1666400e+01  -1.0000000e+00
   6.0000000e+00   1.2821600e+01  -1.6912600e+00  -1.0000000e+00
   7.0000000e+00   1.8294300e+01   5.4672600e+00  -1.0000000e+00
   8.0000000e+00  -8.9489000e+00  -1.1726300e+01  -1.0000000e+00
   9.0000000e+00  -1.2471800e+01   2.7968600e+00  -1.0000000e+00
   1.0000000e+01  -1.8503900e+00  -1.3966900e+01  -1.0000000e+00
   1.1000000e+01  -1.6189500e+01  -5.5596700e+00  -1.0000000e+00
   1.2000000e+01   1.3003300e+01   1.4934400e+01   1.0000000e+00
   1.3000000e+01   1.4622200e+01  -6.5053400e-01  -1.0000000e+00
   1.4000000e+01   1.7985300e+00  -9.8214300e+00  -1.0000000e+00
   1.5000000e+01   9.2607400e+00   8.7192300e+00   1.0000000e+00
   1.6000000e+01  -1.6173700e+01  -7.6558600e+00  -1.0000000e+00
   1.7000000e+01   9.2668200e+00   4.5873800e+00  -1.0000000e+00
   1.8000000e+01  -1.6048000e+01   4.9139700e+00  -1.0000000e+00
   1.9000000e+01  -7.0614400e+00  -3.1264100e-01  -1.0000000e+00
   2.0000000e+01  -3.4760100e+00  -2.4233600e+00  -1.0000000e+00
   2.1000000e+01   1.2881800e+01   6.6436400e+00  -1.0000000e+00
   2.2000000e+01  -5.4238700e-01   6.7088200e+00  -1.0000000e+00
   2.3000000e+01   3.5527500e+00  -1.5049200e+01  -1.0000000e+00
   2.4000000e+01   1.6398600e+01  -1.7701400e+00  -1.0000000e+00
   2.5000000e+01  -3.6448000e+00  -1.7142500e+01  -1.0000000e+00
   2.6000000e+01  -1.6061300e+01  -1.3704900e+00  -1.0000000e+00
   2.7000000e+01  -1.4250800e+01  -2.4227300e+00  -1.0000000e+00
   2.8000000e+01   1.2782200e+01   1.2887800e+01   1.0000000e+00
   2.9000000e+01   4.6492300e+00   8.5052100e+00   1.0000000e+00
   3.0000000e+01   1.2841700e+01   2.4456100e+00  -1.0000000e+00
   3.1000000e+01  -5.3971200e+00  -1.1804400e+01  -1.0000000e+00
   3.2000000e+01   1.4602200e+01   1.1886400e+01   1.0000000e+00
   3.3000000e+01   1.8774900e-01   1.6686100e+00  -1.0000000e+00
   3.4000000e+01   1.6234900e+01  -7.9677500e+00  -1.0000000e+00
   3.5000000e+01   2.0700200e+00   4.7286900e+00  -1.0000000e+00
   3.6000000e+01  -1.8490200e+00  -1.8200600e+01  -1.0000000e+00
   3.7000000e+01   2.6303600e+00   1.2107800e+01   1.0000000e+00
   3.8000000e+01  -1.6075900e+01  -3.4609300e+00  -1.0000000e+00
   3.9000000e+01  -5.6842300e+00   1.2255800e+01   1.0000000e+00
   4.0000000e+01  -8.8051900e+00   1.0464400e+01   1.0000000e+00
   4.1000000e+01  -8.9224800e+00  -9.6619000e+00  -1.0000000e+00
   4.2000000e+01  -7.0955500e+00  -6.5598600e+00  -1.0000000e+00
   4.3000000e+01  -3.4993600e+00  -4.4878400e+00  -1.0000000e+00
   4.4000000e+01  -1.7907300e+01  -2.6445600e-01  -1.0000000e+00
   4.5000000e+01   8.9130700e+00  -1.4072000e+01  -1.0000000e+00
   4.6000000e+01  -6.9423200e+00   5.8809000e+00  -1.0000000e+00
   4.7000000e+01  -1.4356000e+01  -1.0696200e+01  -1.0000000e+00
   4.8000000e+01   8.9933400e+00  -7.8328800e+00  -1.0000000e+00
   4.9000000e+01   5.4186600e+00  -7.7803400e+00  -1.0000000e+00
   5.0000000e+01  -1.2457800e+01  -1.3944900e+01  -1.0000000e+00
   5.1000000e+01  -1.0879900e+01   1.4055800e+01   1.0000000e+00
   5.2000000e+01  -1.4248000e+01   1.7468400e+00  -1.0000000e+00
   5.3000000e+01   1.4462700e+01  -6.9147300e+00  -1.0000000e+00
   5.4000000e+01   5.8766600e+00   1.7459600e+01   1.0000000e+00
   5.5000000e+01  -1.0913100e+01   1.0419600e+01   1.0000000e+00
   5.6000000e+01  -3.6254500e+00   1.2218100e+01   1.0000000e+00
   5.7000000e+01  -5.2462600e+00   7.0549400e-01  -1.0000000e+00
   5.8000000e+01   2.0913900e-01   3.7847300e+00  -1.0000000e+00
   5.9000000e+01  -7.1358600e+00  -1.0701500e+01  -1.0000000e+00
   6.0000000e+01   3.5035400e+00  -1.7158200e+01  -1.0000000e+00
   6.1000000e+01  -7.7949600e+00   1.5918300e+01   1.0000000e+00
   6.2000000e+01   1.6560700e+01   2.7612400e-01  -1.0000000e+00
   6.3000000e+01  -1.1984800e+01   1.2187700e+01   1.0000000e+00
   6.4000000e+01   5.5553600e+00   5.2521500e-01  -1.0000000e+00
   6.5000000e+01   1.2825500e+01   3.6239400e-01  -1.0000000e+00
   6.6000000e+01   5.5308900e+00  -1.5418200e+00  -1.0000000e+00
   6.7000000e+01   7.9307900e+00   1.3726000e+01   1.0000000e+00
   6.8000000e+01   3.7919900e+00   1.5962100e+00  -1.0000000e+00
   6.9000000e+01  -3.3717700e+00   3.8247800e+00  -1.0000000e+00
   7.0000000e+01   7.1239400e+00  -1.7194200e+01  -1.0000000e+00
   7.1000000e+01  -1.2469500e+01   6.9239200e-01  -1.0000000e+00
   7.2000000e+01  -1.5075200e+01   1.0389000e+01   1.0000000e+00
   7.3000000e+01  -1.6303700e+00   6.6761500e-01  -1.0000000e+00
   7.4000000e+01   5.3170200e+00  -1.6131600e+01  -1.0000000e+00
   7.5000000e+01   1.6490200e+01   4.4441100e+00  -1.0000000e+00
   7.6000000e+01  -5.6638500e+00   1.5892300e+01   1.0000000e+00
   7.7000000e+01   5.9997600e-01   1.5772800e+01   1.0000000e+00
   7.8000000e+01  -8.8805900e+00   2.7686000e+00  -1.0000000e+00
   7.9000000e+01  -3.4145800e+00   1.7508100e+00  -1.0000000e+00
   8.0000000e+01   7.7894900e+00   1.0160600e+01   1.0000000e+00
   8.1000000e+01   1.7637200e+00  -1.3982800e+01  -1.0000000e+00
   8.2000000e+01   1.2699600e+01  -5.8455900e+00  -1.0000000e+00
   8.3000000e+01  -5.2470000e+00   2.7711900e+00  -1.0000000e+00
   8.4000000e+01   1.2729500e+01  -3.7710600e+00  -1.0000000e+00
   8.5000000e+01  -3.5422000e+00  -8.7236300e+00  -1.0000000e+00
   8.6000000e+01   2.0223900e+00   2.6799400e+00  -1.0000000e+00
   8.7000000e+01  -8.8058200e+00   1.4106700e+01   1.0000000e+00
   8.8000000e+01  -1.6178100e+01   8.6533900e+00   1.0000000e+00
   8.9000000e+01   7.3199700e+00  -2.6231400e+00  -1.0000000e+00
   9.0000000e+01   1.2576400e+01  -1.0006800e+01  -1.0000000e+00
   9.1000000e+01  -4.6960500e+00   6.8514400e+00   1.0000000e+00
   9.2000000e+01   5.5155700e+00  -3.6052100e+00  -1.0000000e+00
   9.3000000e+01   5.6917700e+00   4.6446600e+00  -1.0000000e+00
   9.4000000e+01   7.2613900e+00   8.0271800e+00  -1.0000000e+00
   9.5000000e+01   3.7048400e+00   1.3877600e+01   1.0000000e+00
   9.6000000e+01   4.8128400e+00   1.5635100e+01   1.0000000e+00
   9.7000000e+01   1.0857400e+01  -6.8529300e+00  -1.0000000e+00
   9.8000000e+01  -3.6096400e+00  -1.2856600e+01  -1.0000000e+00
   9.9000000e+01   1.1067300e+01   7.6553300e+00  -1.0000000e+00
   1.0000000e+02   1.0952100e+01  -2.6922800e+00  -1.0000000e+00
   1.0100000e+02  -4.6442100e+00   1.4044500e+01   1.0000000e+00
   1.0200000e+02   1.6410800e+01   1.0853600e+01   1.0000000e+00
   1.0300000e+02   5.4673900e+00  -5.6920400e+00  -1.0000000e+00
   1.0400000e+02  -5.2390000e+00  -1.3624100e+00  -1.0000000e+00
   1.0500000e+02  -1.6926200e+00  -3.4902700e+00  -1.0000000e+00
   1.0600000e+02   1.4663000e+01   3.4799300e+00  -1.0000000e+00
   1.0700000e+02   1.6524100e+01   6.6518700e+00  -1.0000000e+00
   1.0800000e+02   9.1716400e+00  -1.6114400e+00  -1.0000000e+00
   1.0900000e+02  -1.4572900e+00   1.5838000e+01   1.0000000e+00
   1.1000000e+02   3.6409400e+00  -6.6967500e+00  -1.0000000e+00
   1.1100000e+02   1.4649900e+01   9.7580200e+00   1.0000000e+00
   1.1200000e+02   7.1604800e+00  -1.3001400e+01  -1.0000000e+00
   1.1300000e+02  -1.2989400e+01   1.0321800e+01   1.0000000e+00
   1.1400000e+02  -1.1886700e+01   8.5872600e+00   1.0000000e+00
   1.1500000e+02  -8.8579300e+00   7.1510300e-01  -1.0000000e+00
   1.1600000e+02   1.1024500e+01   1.5491800e+01   1.0000000e+00
   1.1700000e+02   3.5700700e+00  -1.2948900e+01  -1.0000000e+00
   1.1800000e+02   1.9163300e+00  -1.4762400e+00  -1.0000000e+00
   1.1900000e+02  -2.6028500e+00   1.0414700e+01   1.0000000e+00
   1.2000000e+02  -8.8006500e-02  -1.7114100e+01  -1.0000000e+00
   1.2100000e+02  -1.5470300e+00   1.2189700e+01   1.0000000e+00
   1.2200000e+02  -4.6291900e-01   1.3985100e+01   1.0000000e+00
   1.2300000e+02   7.1849800e+00  -8.8655000e+00  -1.0000000e+00
   1.2400000e+02  -2.4491000e+00   1.7676200e+01   1.0000000e+00
   1.2500000e+02  -1.6062100e+01   7.0746400e-01  -1.0000000e+00
   1.2600000e+02  -5.4231800e+00  -1.6006400e+01  -1.0000000e+00
   1.2700000e+02   9.2807800e+00   6.6449900e+00  -1.0000000e+00
   1.2800000e+02   1.4565300e+01  -4.8191600e+00  -1.0000000e+00
   1.2900000e+02  -1.0759200e+01  -1.2746500e+01  -1.0000000e+00
   1.3000000e+02  -1.5030700e+01   6.7204300e+00   1.0000000e+00
   1.3100000e+02  -8.9512100e+00  -1.6065800e+01  -1.0000000e+00
   1.3200000e+02  -1.4251500e+01  -1.2805600e+01  -1.0000000e+00
   1.3300000e+02  -2.6308000e+00   6.6681100e+00  -1.0000000e+00
   1.3400000e+02  -6.9999800e+00   3.8283500e+00  -1.0000000e+00
   1.3500000e+02  -9.8543600e+00   1.2235100e+01   1.0000000e+00
   1.3600000e+02   3.7282400e+00  -2.5474200e+00  -1.0000000e+00
   1.3700000e+02  -1.2513100e+01  -9.5578100e+00  -1.0000000e+00
   1.3800000e+02   1.1092100e+01   3.5203900e+00  -1.0000000e+00
   1.3900000e+02   1.5668500e+00   6.7247000e+00  -1.0000000e+00
   1.4000000e+02   5.2409300e+00  -1.8408300e+01  -1.0000000e+00
   1.4100000e+02   1.1535300e-01  -4.2045200e-01  -1.0000000e+00
   1.4200000e+02   1.5393200e+00   1.0301200e+01   1.0000000e+00
   1.4300000e+02   5.6811300e+00   6.7023600e+00  -1.0000000e+00
   1.4400000e+02   1.4760900e+01   5.5774100e+00  -1.0000000e+00
   1.4500000e+02  -3.5509800e+00   1.5878000e+01   1.0000000e+00
   1.4600000e+02   1.1039100e+01   1.4255200e+00  -1.0000000e+00
   1.4700000e+02   6.8907300e+00   1.5651400e+01   1.0000000e+00
   1.4800000e+02   8.9147400e+00  -1.6177500e+01  -1.0000000e+00
   1.4900000e+02  -7.1892200e+00  -1.2798300e+01  -1.0000000e+00
   1.5000000e+02  -1.0681900e+01  -1.4970900e+01  -1.0000000e+00
   1.5100000e+02  -3.5280300e+00  -6.5946500e+00  -1.0000000e+00
   1.5200000e+02   1.1020800e+01   1.1809400e+01   1.0000000e+00
   1.5300000e+02  -8.9942400e+00  -1.3795900e+01  -1.0000000e+00
   1.5400000e+02   7.4536800e+00   3.5729900e+00  -1.0000000e+00
   1.5500000e+02  -1.0658500e+01  -4.4516900e+00  -1.0000000e+00
   1.5600000e+02  -5.3312100e+00  -7.6231100e+00  -1.0000000e+00
   1.5700000e+02  -1.4277000e+01   3.8273000e+00  -1.0000000e+00
   1.5800000e+02  -1.5845600e+00   2.7679200e+00  -1.0000000e+00
   1.5900000e+02   7.3163600e-02  -4.5546200e+00  -1.0000000e+00
   1.6000000e+02  -1.4302800e+01  -6.5492200e+00  -1.0000000e+00
   1.6100000e+02   1.6485300e+01   8.7203500e+00  -1.0000000e+00
   1.6200000e+02   4.7793500e-02  -8.7106600e+00  -1.0000000e+00
   1.6300000e+02  -1.0676000e+01  -6.5036700e+00  -1.0000000e+00
   1.6400000e+02  -1.2497200e+01  -7.5125900e+00  -1.0000000e+00
   1.6500000e+02   1.9110800e+00  -3.5627600e+00  -1.0000000e+00
   1.6600000e+02   6.9937100e-02  -6.6193800e+00  -1.0000000e+00
   1.6700000e+02   1.0931500e+01  -4.7632300e+00  -1.0000000e+00
   1.6800000e+02   1.7337000e+00  -1.6112200e+01  -1.0000000e+00
   1.6900000e+02   1.8489600e+00  -7.7220000e+00  -1.0000000e+00
   1.7000000e+02  -1.0705800e+01   6.1124300e+00   1.0000000e+00
   1.7100000e+02  -1.8014800e+01  -2.3831200e+00  -1.0000000e+00
   1.7200000e+02  -1.7967500e+01   3.9642300e+00  -1.0000000e+00
   1.7300000e+02  -1.0646200e+01  -3.4056200e-01  -1.0000000e+00
   1.7400000e+02  -1.7197800e+01   6.7592200e+00   1.0000000e+00
   1.7500000e+02  -8.8513900e+00  -3.4096200e+00  -1.0000000e+00
   1.7600000e+02  -3.4492900e+00  -3.3940500e-01  -1.0000000e+00
   1.7700000e+02   1.6268500e+01  -1.0020600e+01  -1.0000000e+00
   1.7800000e+02  -6.7406000e+00   1.4129100e+01   1.0000000e+00
   1.7900000e+02  -7.7517400e+00   8.6974700e+00   1.0000000e+00
   1.8000000e+02  -1.2441600e+01  -1.6052600e+01  -1.0000000e+00
   1.8100000e+02  -8.8876700e+00  -7.5848900e+00  -1.0000000e+00
   1.8200000e+02  -1.6182900e+01  -9.7260600e+00  -1.0000000e+00
   1.8300000e+02   1.0819900e+01  -8.9265000e+00  -1.0000000e+00
   1.8400000e+02   3.8746200e+00   3.6643400e+00  -1.0000000e+00
   1.8500000e+02  -7.0670400e+00  -2.3860800e+00  -1.0000000e+00
   1.8600000e+02   4.7349500e+00   1.2079900e+01   1.0000000e+00
   1.8700000e+02  -1.8536800e+00  -1.6039000e+01  -1.0000000e+00
   1.8800000e+02  -5.1642200e-01   1.0365300e+01   1.0000000e+00
   1.8900000e+02   1.0077100e+01   1.3631500e+01   1.0000000e+00
   1.9000000e+02   7.2264800e+00  -6.7619300e+00  -1.0000000e+00
   1.9100000e+02   2.5929500e+00   8.5152000e+00   1.0000000e+00
   1.9200000e+02  -7.0809100e+00   1.7413500e+00  -1.0000000e+00
   1.9300000e+02   1.9522300e+00   5.8024300e-01  -1.0000000e+00
   1.9400000e+02  -7.1429100e+00  -1.7153500e+01  -1.0000000e+00
   1.9500000e+02   1.1086400e+01   5.5762700e+00  -1.0000000e+00
   1.9600000e+02   3.6011800e+00  -8.8088900e+00  -1.0000000e+00
   1.9700000e+02   3.6949600e+00  -4.6210800e+00  -1.0000000e+00
   1.9800000e+02   9.0928000e+00  -3.6878900e+00  -1.0000000e+00
   1.9900000e+02   1.2498000e+01  -1.4132200e+01  -1.0000000e+00
   2.0000000e+02  -1.4248800e+01  -3.5538300e-01  -1.0000000e+00
   2.0100000e+02  -6.7374000e+00   1.0477500e+01   1.0000000e+00
   2.0200000e+02  -1.7860000e+01   1.8079100e+00  -1.0000000e+00
   2.0300000e+02   8.9461100e+00  -1.1962500e+01  -1.0000000e+00
   2.0400000e+02   1.2879300e+01   4.5472900e+00  -1.0000000e+00
   2.0500000e+02   1.0705800e+01  -1.5152800e+01  -1.0000000e+00
   2.0600000e+02  -5.6924700e+00   8.6460700e+00   1.0000000e+00
   2.0700000e+02   3.6286100e+00   1.0304800e+01   1.0000000e+00
   2.0800000e+02  -8.8454000e+00  -1.3437300e+00  -1.0000000e+00
   2.0900000e+02  -7.2572200e+00  -1.4894500e+01  -1.0000000e+00
   2.1000000e+02   1.8854400e+00  -5.6152000e+00  -1.0000000e+00
   2.1100000e+02  -8.8300100e+00   4.8284800e+00  -1.0000000e+00
   2.1200000e+02  -8.7565500e+00   6.8783400e+00   1.0000000e+00
   2.1300000e+02   9.0643000e+00  -5.7432700e+00  -1.0000000e+00
   2.1400000e+02   1.7714900e+00  -1.1907400e+01  -1.0000000e+00
   2.1500000e+02  -1.4074500e+01   8.5816900e+00   1.0000000e+00
   2.1600000e+02  -1.4287600e+01  -4.4917000e+00  -1.0000000e+00
   2.1700000e+02  -5.2720600e+00  -3.4264300e+00  -1.0000000e+00
   2.1800000e+02   1.6304500e+01  -5.9090000e+00  -1.0000000e+00
   2.1900000e+02   3.5833300e+00  -1.0885100e+01  -1.0000000e+00
   2.2000000e+02   5.7246800e+00   1.0257800e+01   1.0000000e+00
   2.2100000e+02  -1.2477600e+01  -5.4549700e+00  -1.0000000e+00
   2.2200000e+02   1.2637800e+01  -7.9536900e+00  -1.0000000e+00
   2.2300000e+02  -3.5694900e+00  -1.0791300e+01  -1.0000000e+00
   2.2400000e+02   5.3965800e+00  -9.8742400e+00  -1.0000000e+00
   2.2500000e+02  -1.7726000e+00  -9.7855600e+00  -1.0000000e+00
   2.2600000e+02  -1.6813000e+00  -1.4193100e+00  -1.0000000e+00
   2.2700000e+02   5.6230400e-03  -1.0838600e+01  -1.0000000e+00
   2.2800000e+02   9.2177100e+00   4.4096200e-01  -1.0000000e+00
   2.2900000e+02  -8.8659500e+00  -5.4710700e+00  -1.0000000e+00
   2.3000000e+02  -1.4347500e+01  -8.6073000e+00  -1.0000000e+00
   2.3100000e+02  -1.9188400e-02  -1.2950400e+01  -1.0000000e+00
   2.3200000e+02   6.8455100e+00   1.1985600e+01   1.0000000e+00
   2.3300000e+02   8.9468700e+00   1.1881300e+01   1.0000000e+00
   2.3400000e+02   3.6317500e+00   6.0924900e+00  -1.0000000e+00
   2.3500000e+02   1.0715600e+01  -1.3053000e+01  -1.0000000e+00
   2.3600000e+02   7.1791600e+00  -1.0926400e+01  -1.0000000e+00
   2.3700000e+02  -1.7509700e+00  -7.6619200e+00  -1.0000000e+00
   2.3800000e+02   1.0760800e+01  -1.0983100e+01  -1.0000000e+00
   2.3900000e+02   7.4741300e+00   5.6662100e+00  -1.0000000e+00
   2.4000000e+02   5.8533700e+00   1.3835700e+01   1.0000000e+00
   2.4100000e+02   9.4774100e-02  -2.4668200e+00  -1.0000000e+00
   2.4200000e+02   3.7235400e+00  -4.4396400e-01  -1.0000000e+00
   2.4300000e+02  -7.7353000e+00   1.2310200e+01   1.0000000e+00
   2.4400000e+02  -1.0744300e+01  -1.0639500e+01  -1.0000000e+00
   2.4500000e+02   7.2782900e+00  -4.7019100e+00  -1.0000000e+00
   2.4600000e+02  -2.5688500e+00   1.4016700e+01   1.0000000e+00
   2.4700000e+02   5.6408800e+00   2.5848200e+00  -1.0000000e+00
   2.4800000e+02   1.4372200e+01  -1.3198200e+01  -1.0000000e+00
   2.4900000e+02   5.2339300e-01   8.5072000e+00   1.0000000e+00
   2.5000000e+02  -5.1863300e+00   4.8190700e+00  -1.0000000e+00
   2.5100000e+02   7.1359500e+00  -1.5137200e+01  -1.0000000e+00
   2.5200000e+02  -4.6097300e+00   1.7755400e+01   1.0000000e+00
   2.5300000e+02  -1.0665000e+01  -2.3972100e+00  -1.0000000e+00
   2.5400000e+02  -1.6047500e+01   2.7923100e+00  -1.0000000e+00
   2.5500000e+02  -1.2969500e+01   6.8500800e+00   1.0000000e+00
   2.5600000e+02   7.4169800e+00   1.5174300e+00  -1.0000000e+00
   2.5700000e+02  -7.1255300e+00  -8.6404400e+00  -1.0000000e+00
   2.5800000e+02  -1.2448900e+01  -3.4089900e+00  -1.0000000e+00
   2.5900000e+02  -1.2435100e+01  -1.3574600e+00  -1.0000000e+00
   2.6000000e+02   7.4063300e+00  -5.6127400e-01  -1.0000000e+00
   2.6100000e+02   1.4419300e+01  -8.9865200e+00  -1.0000000e+00
   2.6200000e+02  -5.4157800e+00  -1.3913700e+01  -1.0000000e+00
   2.6300000e+02   1.2577600e+01  -1.2067600e+01  -1.0000000e+00
   2.6400000e+02   1.0993200e+01  -6.4077600e-01  -1.0000000e+00
   2.6500000e+02   1.1046400e+01   9.7363400e+00   1.0000000e+00
   2.6600000e+02  -1.2462600e+01   4.8491500e+00  -1.0000000e+00
   2.6700000e+02  -3.6002300e+00   8.6146600e+00   1.0000000e+00
   2.6800000e+02  -1.0690600e+01   1.7346700e+00  -1.0000000e+00
   2.6900000e+02  -1.3003700e+01   1.3978500e+01   1.0000000e+00
   2.7000000e+02   1.6434600e+01  -3.8486200e+00  -1.0000000e+00
   2.7100000e+02   2.7288100e+00   1.5686400e+01   1.0000000e+00
   2.7200000e+02   8.9663200e+00   1.5513400e+01   1.0000000e+00
   2.7300000e+02   1.6485900e+01   2.3574200e+00  -1.0000000e+00
   2.7400000e+02  -1.5347500e+00   8.5503700e+00   1.0000000e+00
   2.7500000e+02   8.9966300e+00  -9.8890000e+00  -1.0000000e+00
   2.7600000e+02   1.4677200e+01   7.6695200e+00  -1.0000000e+00
   2.7700000e+02   5.3643700e+00  -1.4060000e+01  -1.0000000e+00
   2.7800000e+02   1.8444000e+01  -8.0603200e-01  -1.0000000e+00
   2.7900000e+02   1.4428300e+01  -1.1065200e+01  -1.0000000e+00
   2.8000000e+02  -1.5688600e+00   4.8764700e+00  -1.0000000e+00
   2.8100000e+02   9.2402000e+00   2.4997800e+00  -1.0000000e+00
   2.8200000e+02   1.2877500e+01   8.7124300e+00  -1.0000000e+00
   2.8300000e+02  -5.3253100e+00  -9.7229500e+00  -1.0000000e+00
   2.8400000e+02  -3.5808500e-01   1.7662600e+01   1.0000000e+00
   2.8500000e+02  -1.0653400e+01   3.8259900e+00  -1.0000000e+00
   2.8600000e+02  -4.6773100e+00   1.0432300e+01   1.0000000e+00
   2.8700000e+02   1.4591000e+01  -2.7628100e+00  -1.0000000e+00
   2.8800000e+02  -1.7078400e+00  -5.5661000e+00  -1.0000000e+00
   2.8900000e+02  -1.7902700e+00  -1.1886500e+01  -1.0000000e+00
   2.9000000e+02   5.4132100e-01   1.2116100e+01   1.0000000e+00
   2.9100000e+02   1.2829900e+01   1.0788400e+01   1.0000000e+00
   2.9200000e+02   1.5919100e+00   1.3889100e+01   1.0000000e+00
   2.9300000e+02   1.7059800e+00   1.7522700e+01   1.0000000e+00
   2.9400000e+02  -1.0713900e+01  -8.5588300e+00  -1.0000000e+00
   2.9500000e+02  -2.9361700e-02  -1.5063800e+01  -1.0000000e+00
   2.9600000e+02  -9.8359800e+00   8.6413000e+00   1.0000000e+00
   2.9700000e+02  -7.0594100e+00  -4.4744900e+00  -1.0000000e+00
   2.9800000e+02   1.4619500e+01   1.4123100e+00  -1.0000000e+00
   2.9900000e+02  -1.4036800e+01   1.2200500e+01   1.0000000e+00
