   0.0000000e+00  -1.0185100e+01   1.3831400e+01   4.9983000e+01  -2.0000000e+00
   1.0000000e+00  -5.2990800e+00  -1.7489600e+01   4.2661200e+01  -1.0000000e+00
   2.0000000e+00  -1.2457500e+01   1.1025100e+01   4.9891800e+01  -2.0000000e+00
   3.0000000e+00   7.0295500e+00  -3.6676200e+00   7.2577700e+00   2.0000000e+00
   4.0000000e+00  -1.3382200e+01  -4.6495700e+00   5.0534300e+01   1.0000000e+00
   5.0000000e+00  -8.4357000e+00   2.9064800e+00   5.0127500e+01   1.0000000e+00
   6.0000000e+00   1.5030200e+01  -1.1432700e+01   5.0364300e+01  -1.0000000e+00
   7.0000000e+00  -1.0733000e+01   1.6151200e-01   5.0399300e+01   1.0000000e+00
   8.0000000e+00   3.5419100e-01   9.7248400e+00   4.6489200e+01  -3.0000000e+00
   9.0000000e+00   7.0971900e-02  -9.2949400e+00   3.3094700e+01  -3.0000000e+00
   1.0000000e+01  -1.7260300e+01  -6.1015900e+00   5.0450600e+01  -1.0000000e+00
   1.1000000e+01  -4.1862900e+00   6.3868700e+00   5.0008900e+01   1.0000000e+00
   1.2000000e+01   1.3016200e+01   5.5295800e+00   8.1451200e+00   2.0000000e+00
   1.3000000e+01  -8.4232700e+00  -1.6488100e+01   4.2483000e+01  -1.0000000e+00
   1.4000000e+01   8.5709500e+00   1.1156800e+01   7.4844400e+00   2.0000000e+00
   1.5000000e+01  -1.0517500e+01  -9.3798000e+00   5.0448200e+01   1.0000000e+00
   1.6000000e+01   7.5004300e+00   5.7814300e+00   8.6092500e+00   2.0000000e+00
   1.7000000e+01  -1.1033500e+00   1.3226900e+01   5.0999500e+01   1.0000000e+00
   1.8000000e+01  -4.8606200e+00   2.3327500e+00   5.0457800e+01   1.0000000e+00
   1.9000000e+01   3.0583400e+00  -7.0689900e+00   2.3223400e+01  -3.0000000e+00
   2.0000000e+01   6.3835700e+00   1.4008000e+01   8.0161800e+00  -2.0000000e+00
   2.1000000e+01  -8.8973400e+00  -1.0663200e+01   5.0477600e+01   1.0000000e+00
   2.2000000e+01  -3.7097600e+00  -1.2610100e+01   3.9811200e+01  -3.0000000e+00
   2.3000000e+01   4.1917400e+00   1.6938600e+01   5.7850600e+00  -1.0000000e+00
   2.4000000e+01   7.7260700e-01   1.6652600e+01   2.3155300e+01  -2.0000000e+00
   2.5000000e+01  -1.1634500e+01   5.5942600e+00   4.9846600e+01   1.0000000e+00
   2.6000000e+01   1.8826500e+01   3.2644000e+00   9.0118800e+00  -1.0000000e+00
   2.7000000e+01   1.7982800e+01  -4.2492600e+00  -7.1205000e+00  -1.0000000e+00
   2.8000000e+01  -1.0046900e+01   4.2621300e+00   5.0018700e+01   1.0000000e+00
   2.9000000e+01  -1.6577700e+01  -2.0064500e+00   5.0580600e+01  -2.0000000e+00
   3.0000000e+01   3.6281900e+00   7.3471400e+00   7.0313400e+00   2.0000000e+00
   3.1000000e+01   1.5706900e+00  -3.3770100e+00   7.8405300e+00  -3.0000000e+00
   3.2000000e+01   1.6421500e+00  -1.4475900e+01   3.4614100e+01   1.0000000e+00
   3.3000000e+01  -1.0637600e-01  -1.8343000e+01   3.5084100e+01  -1.0000000e+00
   3.4000000e+01  -2.5771600e+00   5.0817300e+00   4.9597400e+01   1.0000000e+00
   3.5000000e+01   1.3812100e+01   1.2925400e+01   7.1376100e+00  -1.0000000e+00
   3.6000000e+01   4.8386300e+00  -8.4301200e-01   8.4618400e+00   2.0000000e+00
   3.7000000e+01  -3.3871200e+00  -1.6738000e+01   2.5606200e+01  -2.0000000e+00
   3.8000000e+01   1.1376400e+01   4.2571400e+00   8.5739900e+00   2.0000000e+00
   3.9000000e+01   1.4132000e+01  -2.6764600e+00   7.4142000e+00   2.0000000e+00
   4.0000000e+01  -7.2870300e+00  -1.1952200e+01   4.9709600e+01   1.0000000e+00
   4.1000000e+01   1.9834700e+00  -1.8068600e+01   3.6573600e+01  -1.0000000e+00
   4.2000000e+01  -1.7866800e+01   1.4168200e+00   6.4606000e+01  -1.0000000e+00
   4.3000000e+01   3.9039100e+00   5.2713200e+00   8.3823800e+00   2.0000000e+00
   4.4000000e+01  -5.5976700e+00  -1.7555100e+00   5.0742700e+01   1.0000000e+00
   4.5000000e+01  -1.6251200e+01   3.5679100e-02   5.0327000e+01  -2.0000000e+00
   4.6000000e+01   1.2698700e+01   7.5632600e+00   8.0643800e+00   2.0000000e+00
   4.7000000e+01   6.3415600e+00  -8.6513000e+00   2.3497900e+01  -3.0000000e+00
   4.8000000e+01   1.9898100e+00   6.0818200e+00   1.9586500e+00  -3.0000000e+00
   4.9000000e+01   1.0230000e+01   1.2437100e+01   7.7452000e+00   2.0000000e+00
   5.0000000e+01  -8.9173800e+00   1.0382400e+01   5.0018100e+01   1.0000000e+00
   5.1000000e+01   2.8296700e+00   1.3424300e+01   3.1626800e+01  -2.0000000e+00
   5.2000000e+01   4.0389100e+00  -1.7807300e+01   3.5111400e+01  -1.0000000e+00
   5.3000000e+01   7.6791600e-01  -1.6352300e+01   3.5451100e+01  -2.0000000e+00
   5.4000000e+01  -1.4270400e+01   7.6878400e-01   5.0374500e+01   1.0000000e+00
   5.5000000e+01   5.4632000e+00  -1.0518700e+01   3.5399200e+01   1.0000000e+00
   5.6000000e+01   9.7614000e+00   2.9509000e+00   8.4089500e+00   2.0000000e+00
   5.7000000e+01   1.3835700e+00  -1.0911400e+01   3.5737400e+01  -3.0000000e+00
   5.8000000e+01  -1.5680000e+01  -7.4340000e+00   4.9784100e+01  -2.0000000e+00
   5.9000000e+01  -1.4406600e+01   1.0348600e+01   6.4874000e+01  -1.0000000e+00
   6.0000000e+01   7.8429600e+00   3.7374000e+00   8.3954300e+00   2.0000000e+00
   6.1000000e+01   1.2783300e+01  -6.0319800e+00   2.6777600e+01  -3.0000000e+00
   6.2000000e+01   1.1964400e+01   1.4221900e-01   7.8845000e+00   2.0000000e+00
   6.3000000e+01  -9.2449200e+00  -1.2695700e+01   5.0652600e+01  -2.0000000e+00
   6.4000000e+01   1.2519800e+01  -8.0561000e+00   5.5281700e+01  -3.0000000e+00
   6.5000000e+01   4.5537900e-01  -1.2764300e+01   3.5746900e+01   1.0000000e+00
   6.6000000e+01   1.4348500e+01   8.8091900e+00  -4.1645000e+00  -2.0000000e+00
   6.7000000e+01  -1.1425900e+01  -3.9335600e+00   5.0469000e+01   1.0000000e+00
   6.8000000e+01  -1.1727300e+01  -5.9972800e+00   5.0504200e+01   1.0000000e+00
   6.9000000e+01  -6.9699300e+00   1.1121800e+01   5.0271800e+01   1.0000000e+00
   7.0000000e+01   1.0832600e+01  -1.1827100e+01   3.5610000e+01   1.0000000e+00
   7.1000000e+01  -7.8343100e+00  -4.5202900e+00   5.0766600e+01   1.0000000e+00
   7.2000000e+01  -3.2222200e+00   9.8819300e-01   5.0438400e+01   1.0000000e+00
   7.3000000e+01   9.6130600e+00  -1.0113100e+01   3.5668400e+01   1.0000000e+00
   7.4000000e+01  -1.7481000e+01   3.4666000e+00   6.3995200e+01  -1.0000000e+00
   7.5000000e+01  -1.2324800e+01   1.4909900e+00   5.0378000e+01   1.0000000e+00
   7.6000000e+01  -2.3320300e+00   1.6602600e+01   4.7894900e+01  -2.0000000e+00
   7.7000000e+01  -6.2424600e+00  -5.8684800e+00   5.0880900e+01   1.0000000e+00
   7.8000000e+01   1.8296400e+01  -6.3675400e+00   6.8990300e+00  -1.0000000e+00
   7.9000000e+01   3.3833400e+00   9.4235000e+00   9.7805200e+00  -2.0000000e+00
   8.0000000e+01  -4.9581900e+00  -9.2363800e+00   5.1004900e+01   1.0000000e+00
   8.1000000e+01   2.3901300e-01  -1.6827400e+00   4.6321600e+01  -3.0000000e+00
   8.2000000e+01  -1.3927900e+01   2.8216200e+00   5.0502700e+01   1.0000000e+00
   8.3000000e+01   5.7989900e+00  -1.4101200e+01   3.5221100e+01   1.0000000e+00
   8.4000000e+01  -1.2472600e+01  -1.0092800e+01   5.0401100e+01   1.0000000e+00
   8.5000000e+01  -1.2392700e+00   1.7474200e+00   5.2007100e+01   1.0000000e+00
   8.6000000e+01   3.7230200e+00  -1.4310300e+01   3.5064000e+01   1.0000000e+00
   8.7000000e+01   1.0758000e+01   8.3378600e+00   8.1399900e+00   2.0000000e+00
   8.8000000e+01   8.7620300e+00  -1.2060600e+01   3.5318900e+01   1.0000000e+00
   8.9000000e+01  -1.1272400e+01   7.6334200e+00   4.9467800e+01   1.0000000e+00
   9.0000000e+01  -5.3678100e+00   9.8236500e+00   4.9762600e+01   1.0000000e+00
   9.1000000e+01   1.1713100e+01  -9.9466800e+00   3.5853500e+01   1.0000000e+00
   9.2000000e+01   4.4828700e+00   1.4790100e+01   8.2858900e+00  -2.0000000e+00
   9.3000000e+01   8.3900500e+00  -8.4238400e+00   4.8075800e+01  -3.0000000e+00
   9.4000000e+01  -1.5416600e+00  -3.0980400e-01   5.0370800e+01   1.0000000e+00
   9.5000000e+01   1.4515100e+01  -7.1456500e+00   1.6774000e+01  -2.0000000e+00
   9.6000000e+01  -5.9174400e+00  -3.7988600e+00   5.0868100e+01   1.0000000e+00
   9.7000000e+01  -3.8053300e+00   8.4687900e+00   4.9144100e+01   1.0000000e+00
   9.8000000e+01  -1.2788400e+00  -1.0902800e+01   4.8116500e+01  -3.0000000e+00
   9.9000000e+01  -1.1160700e+01  -1.3444500e+01   3.8899600e+01  -2.0000000e+00
   1.0000000e+02   1.3602800e+01   1.4415900e+00   7.9497500e+00   2.0000000e+00
   1.0100000e+02  -6.2935100e+00   1.5280600e+01   4.9982300e+01  -2.0000000e+00
   1.0200000e+02  -8.1842600e+00  -6.5956000e+00   5.0644900e+01   1.0000000e+00
   1.0300000e+02  -1.4788600e+01   8.3312800e+00   5.9786100e+01  -2.0000000e+00
   1.0400000e+02   6.7206400e-01   2.5476800e+00   4.8130200e+01  -3.0000000e+00
   1.0500000e+02  -1.1063500e+01  -1.8981500e+00   5.0374600e+01   1.0000000e+00
   1.0600000e+02   6.7290200e+00  -1.6252900e+00   7.6549900e+00   2.0000000e+00
   1.0700000e+02  -1.7069700e+01   5.5349700e+00   6.5617800e+01  -1.0000000e+00
   1.0800000e+02   1.4063400e+01   1.0874400e+01  -7.4665100e+00  -1.0000000e+00
   1.0900000e+02  -6.6048100e+00   1.3156700e+01   5.0693000e+01   1.0000000e+00
   1.1000000e+02  -2.7301900e+00  -6.3868500e+00   5.1091600e+01   1.0000000e+00
   1.1100000e+02   2.6502300e+00   1.9135300e+00   3.1237300e+01  -3.0000000e+00
   1.1200000e+02  -1.2674500e+01  -5.7038500e-01   5.0292900e+01   1.0000000e+00
   1.1300000e+02  -1.2842100e+01   8.9790900e+00   4.9127900e+01  -2.0000000e+00
   1.1400000e+02  -4.6884700e+00   1.3906100e+01   4.9844300e+01   1.0000000e+00
   1.1500000e+02  -2.7111800e+00   1.4569200e+01   4.9576100e+01   1.0000000e+00
   1.1600000e+02   2.2942600e+00   3.9393900e+00   9.7764900e+00  -3.0000000e+00
   1.1700000e+02   1.1707700e+01   2.2095900e+00   8.4020600e+00   2.0000000e+00
   1.1800000e+02  -6.8359600e+00   1.5988700e+00   5.0278700e+01   1.0000000e+00
   1.1900000e+02  -3.0452600e+00   1.2534200e+01   5.0305100e+01   1.0000000e+00
   1.2000000e+02   8.1594600e-01   1.3947500e+01   4.8959900e+01   0.0000000e+00
   1.2100000e+02  -1.5142100e+01   6.2659900e+00   4.9176300e+01  -2.0000000e+00
   1.2200000e+02  -1.0395800e+01   2.2186800e+00   5.0188000e+01   1.0000000e+00
   1.2300000e+02  -1.3023100e+01  -2.6227800e+00   5.0184600e+01   1.0000000e+00
   1.2400000e+02   4.2623200e+00  -8.8305000e+00   3.5044500e+01   1.0000000e+00
   1.2500000e+02   1.5554100e+01   6.5319400e-01   7.4504200e+00  -2.0000000e+00
   1.2600000e+02  -2.9199400e+00   3.0461100e+00   5.1224200e+01   1.0000000e+00
   1.2700000e+02   1.2166600e+01   1.1655600e+01   7.5350200e+00  -2.0000000e+00
   1.2800000e+02   6.6802000e+00  -1.2219100e+01   3.4900100e+01   1.0000000e+00
   1.2900000e+02  -4.6432300e+00  -7.1709200e+00   5.1567300e+01   1.0000000e+00
   1.3000000e+02   6.2183800e+00   2.4680500e+00   8.0579900e+00   2.0000000e+00
   1.3100000e+02   1.6605300e+01  -7.5812800e+00   3.2343500e+01  -1.0000000e+00
   1.3200000e+02  -1.0682100e+00  -7.5994800e+00   3.1470800e+01  -3.0000000e+00
   1.3300000e+02   8.6624900e+00  -2.4113300e+00   7.4142600e+00   2.0000000e+00
   1.3400000e+02  -7.9169500e+00   1.6600800e+01   5.0463800e+01  -1.0000000e+00
   1.3500000e+02  -1.6687900e+00  -1.2920500e+01   4.7715500e+01  -3.0000000e+00
   1.3600000e+02  -1.4984400e+01  -3.3266100e+00   5.0363800e+01  -2.0000000e+00
   1.3700000e+02   8.9129700e+00  -4.4670300e+00   8.1105500e+00   2.0000000e+00
   1.3800000e+02  -4.9991400e+00   1.1859700e+01   5.0298400e+01   1.0000000e+00
   1.3900000e+02   1.2228300e+01  -1.9020900e+00   7.6910400e+00   2.0000000e+00
   1.4000000e+02  -1.2833600e+00  -1.6579700e+01   3.4723900e+01  -2.0000000e+00
   1.4100000e+02   9.2170300e+00  -6.5165200e+00   2.0386400e+01  -3.0000000e+00
   1.4200000e+02  -1.1889900e+01   1.5304000e+01   4.8993200e+01  -1.0000000e+00
   1.4300000e+02   1.8574200e+01   5.3117700e+00   8.7166900e+00  -1.0000000e+00
   1.4400000e+02   1.4425500e+01  -4.7802500e+00   7.2034400e+00   2.0000000e+00
   1.4500000e+02  -6.1494700e+00   5.6751300e+00   5.0004800e+01   1.0000000e+00
   1.4600000e+02  -1.6926500e+01  -4.0605000e+00   6.5673900e+01  -1.0000000e+00
   1.4700000e+02   1.4077800e+01  -1.3306200e+01   3.4194800e+01  -1.0000000e+00
   1.4800000e+02   4.9487100e+00  -1.5975200e+01   3.4877500e+01  -2.0000000e+00
   1.4900000e+02   1.1175900e+01  -1.5389200e+01   3.6397900e+01  -1.0000000e+00
   1.5000000e+02  -1.6858100e+01   7.8818700e+00   4.7941000e+01  -1.0000000e+00
   1.5100000e+02  -1.6122500e+01  -9.5807200e+00   5.1406400e+01  -1.0000000e+00
   1.5200000e+02   1.1517700e+01   1.5866400e+01   1.0474000e+01  -1.0000000e+00
   1.5300000e+02   2.5229500e+00   1.5571700e+01   6.8039700e+00  -2.0000000e+00
   1.5400000e+02   1.6279900e+01   8.0343700e+00   8.1617100e+00  -1.0000000e+00
   1.5500000e+02   1.0492200e+01   1.0371300e+01   7.5753700e+00   2.0000000e+00
   1.5600000e+02  -6.8767000e+00  -9.9462100e+00   5.0145400e+01   1.0000000e+00
   1.5700000e+02  -3.3085800e+00  -1.0561100e+01   5.6335300e+01  -3.0000000e+00
   1.5800000e+02  -5.7268900e+00  -1.3304200e+01   4.5990900e+01  -3.0000000e+00
   1.5900000e+02  -7.5291600e+00  -2.4806000e+00   5.0887700e+01   1.0000000e+00
   1.6000000e+02  -1.7355200e+00   1.8584400e+01   6.0462300e+01  -1.0000000e+00
   1.6100000e+02  -2.7100900e-01   7.7694600e+00   2.5394300e+01  -3.0000000e+00
   1.6200000e+02   9.4607100e+00   5.0072200e+00   8.4468800e+00   2.0000000e+00
   1.6300000e+02   2.4656900e+00  -1.5241300e-01   3.3083300e+01  -3.0000000e+00
   1.6400000e+02  -1.8363400e+00   9.1199500e+00   4.7808500e+01   1.0000000e+00
   1.6500000e+02   7.8540900e+00  -1.3936400e+01   3.5129300e+01  -2.0000000e+00
   1.6600000e+02   1.6339300e+01  -5.5209300e+00   8.5068900e+00  -2.0000000e+00
   1.6700000e+02   5.8983600e+00   4.4995300e+00   8.6960400e+00   2.0000000e+00
   1.6800000e+02  -9.8656700e+00   1.5868200e+01   4.9385500e+01  -1.0000000e+00
   1.6900000e+02   4.9992800e+00   1.0684700e+01   8.4918600e+00  -2.0000000e+00
   1.7000000e+02   5.3788600e+00  -4.9275700e+00   2.7595200e+01  -3.0000000e+00
   1.7100000e+02   1.4950100e+01   4.7462000e+00   7.9115000e+00   2.0000000e+00
   1.7200000e+02   1.0458500e+01  -8.2394400e+00   2.3595600e+01  -3.0000000e+00
   1.7300000e+02  -3.6550400e+00  -1.0248500e+00   5.0041300e+01   1.0000000e+00
   1.7400000e+02  -4.0351500e-01  -1.4639800e+01   3.5334700e+01   1.0000000e+00
   1.7500000e+02  -9.3182000e+00   8.3028300e+00   4.9998600e+01   1.0000000e+00
   1.7600000e+02   8.1455800e+00   1.6934100e+00   7.8453800e+00   2.0000000e+00
   1.7700000e+02  -6.4749800e+00   3.6312700e+00   5.0591200e+01   1.0000000e+00
   1.7800000e+02  -1.3443200e+00   1.1169000e+01   4.9745900e+01   1.0000000e+00
   1.7900000e+02   1.3900600e+01  -6.0668100e-01   7.5064300e+00   2.0000000e+00
   1.8000000e+02   1.6879200e+01   3.9534300e+00   8.5202000e+00  -2.0000000e+00
   1.8100000e+02   1.7733100e+01  -2.1974800e+00  -7.5585500e+00  -1.0000000e+00
   1.8200000e+02   1.7503400e+00   8.1784700e+00   8.6951500e+00  -3.0000000e+00
   1.8300000e+02  -3.9672300e+00  -3.0635000e+00   5.0801200e+01   1.0000000e+00
   1.8400000e+02  -1.5319700e+01  -5.3653600e+00   5.0544100e+01  -2.0000000e+00
   1.8500000e+02   2.2118100e+00  -9.0024800e+00   3.5945600e+01   1.0000000e+00
   1.8600000e+02   1.6021900e+01  -3.4739700e+00   7.8275300e+00  -2.0000000e+00
   1.8700000e+02   1.0556600e+01  -3.2054900e+00   7.6021900e+00   2.0000000e+00
   1.8800000e+02  -1.2121700e+01  -8.0632200e+00   4.9960400e+01   1.0000000e+00
   1.8900000e+02  -1.0888900e+01   9.6477500e+00   4.9313100e+01   1.0000000e+00
   1.9000000e+02  -1.3687200e+01  -6.7104000e+00   5.0173000e+01   1.0000000e+00
   1.9100000e+02   2.6464200e+00   1.1364200e+01   3.3760200e+01  -1.0000000e+00
   1.9200000e+02  -7.8169300e-01   1.5254600e+01   4.2443200e+01   0.0000000e+00
   1.9300000e+02   7.0214200e+00  -1.5815800e+01   4.6979600e+01  -2.0000000e+00
   1.9400000e+02   1.5258400e+01   2.6917700e+00   7.8670000e+00   2.0000000e+00
   1.9500000e+02  -1.0138900e+01  -7.3175500e+00   5.0471900e+01   1.0000000e+00
   1.9600000e+02   4.5767200e+00   1.1998700e+00   7.2508600e+00   2.0000000e+00
   1.9700000e+02   7.2408300e+00  -5.9179400e+00   1.7593000e+01  -3.0000000e+00
   1.9800000e+02   6.6646900e+00   1.1958500e+01   7.5338100e+00   2.0000000e+00
   1.9900000e+02   6.9045600e+00   9.9114900e+00   7.6272800e+00   2.0000000e+00
   2.0000000e+02  -2.1862300e+00  -1.8446300e+01   3.4045800e+01  -1.0000000e+00
   2.0100000e+02  -1.2787800e+01  -1.2147300e+01   5.0524200e+01  -2.0000000e+00
   2.0200000e+02  -1.3596700e+01   4.8824900e+00   4.9914900e+01   1.0000000e+00
   2.0300000e+02   1.4645600e+01   6.7862300e+00   8.0894800e+00  -2.0000000e+00
   2.0400000e+02  -6.4397800e+00  -1.5748200e+01   3.1032700e+01  -2.0000000e+00
   2.0500000e+02  -7.4577000e-02   5.7007000e+00   2.4231900e+01  -3.0000000e+00
   2.0600000e+02   1.0300400e+01  -1.1424100e+00   7.4504400e+00   2.0000000e+00
   2.0700000e+02  -8.2258400e+00   1.4505800e+01   5.0721200e+01  -2.0000000e+00
   2.0800000e+02   1.2413500e+01   9.6003300e+00   7.6206500e+00  -2.0000000e+00
   2.0900000e+02   7.5606100e+00  -1.0330100e+01   3.5570900e+01   1.0000000e+00
   2.1000000e+02   7.1849200e+00   7.8265300e+00   8.2269400e+00   2.0000000e+00
   2.1100000e+02  -5.8877000e+00   1.7290000e+01   4.9011800e+01  -1.0000000e+00
   2.1200000e+02  -1.4126400e+01   1.2413700e+01   5.1075400e+01  -1.0000000e+00
   2.1300000e+02  -1.1979500e+01   3.5388300e+00   5.0348900e+01   1.0000000e+00
   2.1400000e+02   8.0171600e+00   1.5313600e+01   7.8857300e+00  -1.0000000e+00
   2.1500000e+02   1.0836100e+01  -5.2510600e+00   1.9926600e+01  -3.0000000e+00
   2.1600000e+02  -2.3881900e+00  -4.3654400e+00   5.1804300e+01   1.0000000e+00
   2.1700000e+02  -7.1938200e+00  -4.3949500e-01   5.0484000e+01   1.0000000e+00
   2.1800000e+02  -1.4417500e+01  -1.0803300e+01   5.1077900e+01  -2.0000000e+00
   2.1900000e+02  -1.0494700e+01   1.1710100e+01   5.0067100e+01   1.0000000e+00
   2.2000000e+02   1.5785500e+01  -1.4275800e+00   7.0520000e+00  -2.0000000e+00
   2.2100000e+02   6.1020300e+00   1.6092800e+01   7.6215000e+00  -1.0000000e+00
   2.2200000e+02  -2.0490600e+00  -2.3252500e+00   4.9139300e+01   1.0000000e+00
   2.2300000e+02  -4.5867900e-01  -3.6285100e+00   2.4788700e+01  -3.0000000e+00
   2.2400000e+02   4.2684300e+00   3.2439900e+00   9.1165800e+00   2.0000000e+00
   2.2500000e+02   9.9566100e+00   1.4508600e+01   2.0415600e+01  -2.0000000e+00
   2.2600000e+02   6.1227000e+00  -1.7690200e+01   3.3998600e+01  -1.0000000e+00
   2.2700000e+02  -9.4817500e+00  -3.2237000e+00   5.0663700e+01   1.0000000e+00
   2.2800000e+02  -9.8174800e+00  -5.2626400e+00   5.0756000e+01   1.0000000e+00
   2.2900000e+02   9.9650200e+00  -1.3729300e+01   3.5896900e+01  -2.0000000e+00
   2.3000000e+02  -8.7933200e+00   8.7102200e-01   5.0239700e+01   1.0000000e+00
   2.3100000e+02   2.8235000e+00  -1.6158300e+01   3.5348600e+01  -2.0000000e+00
   2.3200000e+02  -1.0859500e+01  -1.1409300e+01   5.1002200e+01   1.0000000e+00
   2.3300000e+02  -1.8192800e+01  -6.8606200e-01   5.0770200e+01  -1.0000000e+00
   2.3400000e+02  -8.5132200e+00  -8.6351800e+00   5.0548200e+01   1.0000000e+00
   2.3500000e+02   1.8420200e+00  -5.4056600e+00   2.5047700e+01  -3.0000000e+00
   2.3600000e+02   1.6598900e+01   6.0144300e+00  -3.3709700e+00  -2.0000000e+00
   2.3700000e+02   3.4801800e+00  -4.1468400e+00   1.9765500e+01  -3.0000000e+00
   2.3800000e+02  -1.5519200e+01   4.1438400e+00   4.9702000e+01  -2.0000000e+00
   2.3900000e+02  -8.0899700e+00   4.9606000e+00   5.0106800e+01   1.0000000e+00
   2.4000000e+02   8.4058200e+00  -3.4246800e-01   7.4214400e+00   2.0000000e+00
   2.4100000e+02  -6.5648400e+00  -7.9059500e+00   5.0860800e+01   1.0000000e+00
   2.4200000e+02   9.1545200e+00   7.0329700e+00   8.3749000e+00   2.0000000e+00
   2.4300000e+02  -4.2692100e+00   1.5918600e+01   4.8889200e+01  -2.0000000e+00
   2.4400000e+02  -5.2536100e+00   2.7978900e-01   5.0016700e+01   1.0000000e+00
   2.4500000e+02  -9.5701200e-01   3.8248600e+00   4.8561900e+01  -3.0000000e+00
   2.4600000e+02   2.5556900e+00  -1.2625500e+01   3.4704900e+01   1.0000000e+00
   2.4700000e+02  -2.4619600e+00  -1.4845500e+01   3.4016900e+01   1.0000000e+00
   2.4800000e+02  -5.2856900e+00  -1.1282100e+01   4.9500900e+01   1.0000000e+00
   2.4900000e+02   5.2625100e+00   8.5904000e+00   7.6397400e+00   2.0000000e+00
   2.5000000e+02   1.2473200e+01  -3.9778900e+00   7.8353200e+00   2.0000000e+00
   2.5100000e+02  -9.1428900e+00  -1.1753900e+00   5.0533000e+01   1.0000000e+00
   2.5200000e+02   3.1987500e+00  -2.0907600e+00   1.0291000e+01  -3.0000000e+00
   2.5300000e+02   5.1057100e+00  -2.8858000e+00   7.6589200e+00   2.0000000e+00
   2.5400000e+02   8.8550400e+00   9.1203100e+00   7.8039300e+00   2.0000000e+00
   2.5500000e+02   1.1888000e+01   1.3751300e+01  -3.7461100e+00  -2.0000000e+00
   2.5600000e+02   6.4814600e+00   4.1560500e-01   7.5526900e+00   2.0000000e+00
   2.5700000e+02  -3.3657500e+00   1.0491300e+01   4.8993900e+01   1.0000000e+00
   2.5800000e+02  -4.3227000e+00  -5.0891400e+00   5.0958000e+01   1.0000000e+00
   2.5900000e+02   1.0136300e+00  -7.2975500e+00   3.6587500e+01   1.0000000e+00
   2.6000000e+02  -1.4056200e+01  -8.7664500e+00   5.0322500e+01  -2.0000000e+00
   2.6100000e+02   5.5598500e+00   6.5206600e+00   8.2471600e+00   2.0000000e+00
   2.6200000e+02   9.0981600e+00  -1.5651400e+01   3.5850300e+01  -1.0000000e+00
   2.6300000e+02  -2.2159900e+00   7.1139500e+00   5.0702700e+01   1.0000000e+00
   2.6400000e+02  -1.3205000e+01   6.9402700e+00   4.9360200e+01   1.0000000e+00
   2.6500000e+02  -7.3377900e+00   9.0696200e+00   5.0303600e+01   1.0000000e+00
   2.6600000e+02  -9.6808200e+00   6.2798100e+00   4.9913300e+01   1.0000000e+00
   2.6700000e+02  -4.5434700e+00  -1.4971700e+01   3.9694300e+01  -2.0000000e+00
   2.6800000e+02  -2.7734000e-01  -5.6866100e+00   1.7120500e+01  -3.0000000e+00
   2.6900000e+02  -1.3161300e+01  -1.4197200e+01   4.9953200e+01  -1.0000000e+00
   2.7000000e+02  -7.7062900e+00   7.0234300e+00   5.0107300e+01   1.0000000e+00
   2.7100000e+02   1.2920100e+01  -1.1619100e+01   3.5222000e+01  -2.0000000e+00
   2.7200000e+02  -7.6525400e+00  -1.4046200e+01   4.6566100e+01  -2.0000000e+00
   2.7300000e+02  -3.8808700e+00   1.7980300e+01   4.8097100e+01  -1.0000000e+00
   2.7400000e+02   6.1411200e-01   1.1852700e+01   5.6919300e+01  -2.0000000e+00
   2.7500000e+02   5.1417600e+00  -6.9650800e+00   5.4584400e+01  -3.0000000e+00
   2.7600000e+02   1.7457000e+01  -1.4881700e-01  -7.5792100e+00  -1.0000000e+00
   2.7700000e+02   4.7632200e+00   1.2724000e+01   7.2667200e+00   0.0000000e+00
   2.7800000e+02   1.2026700e+01  -1.3488200e+01   4.7559100e+01  -2.0000000e+00
   2.7900000e+02  -9.5997500e+00  -1.4777000e+01   3.1230100e+01  -1.0000000e+00
   2.8000000e+02   8.2944300e+00   1.3233500e+01   7.7131300e+00  -2.0000000e+00
   2.8100000e+02  -5.7585600e+00   7.7356900e+00   4.9750800e+01   1.0000000e+00
   2.8200000e+02  -2.9740500e+00  -8.4393600e+00   6.4540000e+01  -3.0000000e+00
   2.8300000e+02   4.2191700e-01   4.5730800e-01   5.7037000e+01  -3.0000000e+00
   2.8400000e+02  -8.5376500e+00   1.2452900e+01   5.0251400e+01   1.0000000e+00
   2.8500000e+02   1.1082000e+01   6.3001600e+00   8.5443900e+00   2.0000000e+00
   2.8600000e+02   1.7187500e+01   1.9135200e+00   8.2438700e+00  -2.0000000e+00
   2.8700000e+02   4.6124800e+00  -1.2406500e+01   3.5373300e+01   1.0000000e+00
   2.8800000e+02   2.3867400e+00   1.7981400e+01   6.0787400e+00  -1.0000000e+00
   2.8900000e+02   1.3777500e+01  -9.7056800e+00   2.4362800e+01  -2.0000000e+00
   2.9000000e+02   3.1092000e-01   1.8670600e+01  -1.0231500e+00  -1.0000000e+00
   2.9100000e+02  -1.4756700e+01  -1.2837900e+01   4.9810100e+01  -1.0000000e+00
   2.9200000e+02  -1.4633200e+01  -1.2780900e+00   5.0280100e+01   1.0000000e+00
   2.9300000e+02  -1.5889600e+01   2.0753900e+00   4.9830500e+01  -2.0000000e+00
   2.9400000e+02  -4.5473200e+00   4.3577700e+00   5.0607700e+01   1.0000000e+00
   2.9500000e+02   1.0063100e+01   9.1299200e-01   7.6985000e+00   2.0000000e+00
   2.9600000e+02   1.3313000e+01   3.5004600e+00   8.0823500e+00   2.0000000e+00
   2.9700000e+02  -1.2184200e+01   1.3148300e+01   6.2813400e+01  -2.0000000e+00
   2.9800000e+02   3.4205000e+00  -1.0722200e+01   3.5493500e+01   1.0000000e+00
   2.9900000e+02   1.5839500e+01  -9.4884000e+00   7.7179200e+01  -1.0000000e+00
