   0.0000000e+00  -8.7288400e+00  -1.1827000e+01   1.0000000e+00
   1.0000000e+00   1.5898300e+01   6.2099100e+00  -1.0000000e+00
   2.0000000e+00  -1.0298800e+01  -1.3142200e+01   1.0000000e+00
   3.0000000e+00   1.7136900e+01   4.4264300e+00  -1.0000000e+00
   4.0000000e+00  -1.1968100e+00  -6.4466000e+00   1.0000000e+00
   5.0000000e+00   1.4843800e+00  -3.6964100e+00   1.0000000e+00
   6.0000000e+00   1.3691700e+01  -7.4726900e+00   1.0000000e+00
   7.0000000e+00   1.1710500e+01  -8.1419800e+00   1.0000000e+00
   8.0000000e+00  -1.1080300e+01  -9.0261300e+00   1.0000000e+00
   9.0000000e+00  -2.8368400e+00   5.3133700e+00  -1.0000000e+00
   1.0000000e+01   4.7321500e+00   1.6670800e+01  -1.0000000e+00
   1.1000000e+01  -1.2012100e+01  -2.8923300e+00   1.0000000e+00
   1.2000000e+01  -1.2642700e+01  -1.0357400e+01   1.0000000e+00
   1.3000000e+01   1.1132700e+00   9.1527500e+00  -1.0000000e+00
   1.4000000e+01  -1.1724600e+01  -4.9284300e+00   1.0000000e+00
   1.5000000e+01  -6.5031000e+00   1.4066500e+01  -1.0000000e+00
   1.6000000e+01  -1.4590700e+01  -9.5737700e+00   1.0000000e+00
   1.7000000e+01  -8.4472900e+00  -2.3476900e+00   1.0000000e+00
   1.8000000e+01  -9.3156800e+00   8.4312300e+00  -1.0000000e+00
   1.9000000e+01   1.0771600e+01   4.2276000e+00  -1.0000000e+00
   2.0000000e+01  -1.0201200e+01   6.5569900e+00  -1.0000000e+00
   2.1000000e+01   7.0493900e+00   1.3153900e+01  -1.0000000e+00
   2.2000000e+01   7.3382200e+00   9.5365700e+00  -1.0000000e+00
   2.3000000e+01   1.1720800e+01   6.0538500e+00  -1.0000000e+00
   2.4000000e+01   7.9912600e+00   1.5001200e+01  -1.0000000e+00
   2.5000000e+01   7.0410800e+00  -4.0349000e+00   1.0000000e+00
   2.6000000e+01   4.7747800e+00   4.2291300e-01  -1.0000000e+00
   2.7000000e+01   1.7296800e+01  -8.0434200e+00   1.0000000e+00
   2.8000000e+01  -1.1594900e+01   1.1908800e+01  -1.0000000e+00
   2.9000000e+01   1.5426000e+00   2.0002800e+00  -1.0000000e+00
   3.0000000e+01  -2.3998900e+00  -3.9029800e+00   1.0000000e+00
   3.1000000e+01  -8.7750500e+00   1.2834100e+00  -1.0000000e+00
   3.2000000e+01   1.5009300e+01   4.2948300e+00  -1.0000000e+00
   3.3000000e+01   1.5648200e+01  -6.7738700e+00   1.0000000e+00
   3.4000000e+01   4.2670400e-01   3.7329800e+00  -1.0000000e+00
   3.5000000e+01  -7.8408800e+00  -6.4404700e+00   1.0000000e+00
   3.6000000e+01   2.8169200e+00  -1.4896100e+01   1.0000000e+00
   3.7000000e+01   8.1865700e+00  -7.4815000e+00   1.0000000e+00
   3.8000000e+01   1.0966200e+01  -2.7386900e+00  -1.0000000e+00
   3.9000000e+01   9.6492000e+00   6.0467100e+00  -1.0000000e+00
   4.0000000e+01   1.2439300e+01   1.1552800e+01  -1.0000000e+00
   4.1000000e+01   5.9866200e+00  -1.7734300e+01   1.0000000e+00
   4.2000000e+01  -4.6987400e+00   1.7789200e+01  -1.0000000e+00
   4.3000000e+01   7.4241500e+00  -1.9811100e+00  -1.0000000e+00
   4.4000000e+01  -1.0409600e+01   2.7452000e+00  -1.0000000e+00
   4.5000000e+01  -8.1566500e+00   6.6895900e+00  -1.0000000e+00
   4.6000000e+01  -8.3511200e+00  -1.3880900e+01   1.0000000e+00
   4.7000000e+01   3.5131300e+00  -3.4379700e+00   1.0000000e+00
   4.8000000e+01  -9.5071500e+00   1.2061400e+01  -1.0000000e+00
   4.9000000e+01  -1.0371100e+01  -1.6265600e+00   1.0000000e+00
   5.0000000e+01   2.7036000e+00   2.8328600e-01  -1.0000000e+00
   5.1000000e+01   1.1481200e+01   9.7435700e+00  -1.0000000e+00
   5.2000000e+01   3.4190200e+00   5.7217700e+00  -1.0000000e+00
   5.3000000e+01   1.2129400e+01   1.5267100e+01  -1.0000000e+00
   5.4000000e+01   1.1868300e+01   2.4402800e+00  -1.0000000e+00
   5.5000000e+01   1.0070800e+01   1.5145400e+01  -1.0000000e+00
   5.6000000e+01   1.0879100e+00  -6.0009300e+00   1.0000000e+00
   5.7000000e+01   3.6191300e+00   1.8424200e+01  -1.0000000e+00
   5.8000000e+01  -1.6842600e+00  -1.0563300e+01   1.0000000e+00
   5.9000000e+01  -1.1911600e+01  -1.4590300e+01   1.0000000e+00
   6.0000000e+01  -3.7308700e+00   3.4429800e+00  -1.0000000e+00
   6.1000000e+01   8.6467500e-01   1.2751500e+01  -1.0000000e+00
   6.2000000e+01   1.1189800e+01   1.3403600e+01  -1.0000000e+00
   6.3000000e+01   2.6612800e+00   1.6504700e+01  -1.0000000e+00
   6.4000000e+01   1.8209500e+01   2.6674900e+00  -1.0000000e+00
   6.5000000e+01  -6.9125600e+00  -1.7700000e+01   1.0000000e+00
   6.6000000e+01   5.9363400e+00   1.4883800e+01  -1.0000000e+00
   6.7000000e+01   1.7713000e+01  -3.4653000e+00  -1.0000000e+00
   6.8000000e+01  -7.2044200e+00   8.5984400e+00  -1.0000000e+00
   6.9000000e+01   8.7457400e+00   5.8973400e-01  -1.0000000e+00
   7.0000000e+01   1.2315800e+00  -1.3525000e+01   1.0000000e+00
   7.1000000e+01  -1.7766300e+01  -4.7243700e-01   1.0000000e+00
   7.2000000e+01   1.2503300e+01  -4.1044200e+00   1.0000000e+00
   7.3000000e+01  -1.8077700e+01   1.5993700e+00  -1.0000000e+00
   7.4000000e+01   6.8165200e+00   1.6781300e+01  -1.0000000e+00
   7.5000000e+01  -1.2483700e+00   1.2588100e+01  -1.0000000e+00
   7.6000000e+01  -5.8746300e+00  -7.1523300e+00   1.0000000e+00
   7.7000000e+01   1.3602100e+01   9.7971700e+00  -1.0000000e+00
   7.8000000e+01   2.7118300e+00  -7.4898100e+00   1.0000000e+00
   7.9000000e+01   1.4514100e+01   1.1673600e+01  -1.0000000e+00
   8.0000000e+01  -1.0072800e+01  -3.6531600e+00   1.0000000e+00
   8.1000000e+01  -6.2932600e+00   1.0446700e+01  -1.0000000e+00
   8.2000000e+01   8.2229900e+00   1.1415500e+01  -1.0000000e+00
   8.3000000e+01   1.1294100e+01  -1.0173600e+01   1.0000000e+00
   8.4000000e+01  -1.3957600e+01  -2.1076200e+00   1.0000000e+00
   8.5000000e+01  -1.6893100e+01   9.3427500e+00  -1.0000000e+00
   8.6000000e+01  -1.6117500e+01   8.3712200e-01  -1.0000000e+00
   8.7000000e+01   7.5499600e+00   5.9679300e+00  -1.0000000e+00
   8.8000000e+01  -1.5855000e+01  -1.2523000e+00   1.0000000e+00
   8.9000000e+01  -3.2294500e+00  -1.1909100e+01   1.0000000e+00
   9.0000000e+01  -1.5558200e+01   7.7786400e+00  -1.0000000e+00
   9.1000000e+01   5.8045500e-01   1.6341300e+01  -1.0000000e+00
   9.2000000e+01  -1.4658200e+01   9.8534400e+00  -1.0000000e+00
   9.3000000e+01  -1.4189200e+01  -3.5486900e-02  -1.0000000e+00
   9.4000000e+01  -4.7377700e+00  -1.3300700e+01   1.0000000e+00
   9.5000000e+01   1.0454600e+01  -1.4300700e+01   1.0000000e+00
   9.6000000e+01  -5.5471900e+00  -9.1956500e+00   1.0000000e+00
   9.7000000e+01   1.2855800e+01  -1.1550800e+01   1.0000000e+00
   9.8000000e+01   1.2501700e+01  -1.3440400e+00  -1.0000000e+00
   9.9000000e+01  -4.6448800e+00   1.5230400e+00  -1.0000000e+00
   1.0000000e+02  -9.9654000e+00  -1.5245900e+01   1.0000000e+00
   1.0100000e+02  -3.3007100e+00  -1.5914200e+01   1.0000000e+00
   1.0200000e+02  -7.1766200e-01  -1.4177100e+01   1.0000000e+00
   1.0300000e+02   1.3301000e+01   1.3447200e+01  -1.0000000e+00
   1.0400000e+02   7.7811900e+00  -9.5050100e+00   1.0000000e+00
   1.0500000e+02   1.2930800e+01   6.6239300e-01  -1.0000000e+00
   1.0600000e+02   1.5724100e+01  -4.0794700e+00   1.0000000e+00
   1.0700000e+02  -3.9187600e+00  -7.8307700e+00   1.0000000e+00
   1.0800000e+02   5.8158800e+00  -1.0208100e+01   1.0000000e+00
   1.0900000e+02  -2.6193700e+00   1.7966700e+01  -1.0000000e+00
   1.1000000e+02  -1.0485900e+01   1.0176200e+01  -1.0000000e+00
   1.1100000e+02  -1.2247800e+01   6.3927000e+00  -1.0000000e+00
   1.1200000e+02   1.5269600e+01  -8.8138500e+00   1.0000000e+00
   1.1300000e+02  -3.5173800e+00   1.6050600e+01  -1.0000000e+00
   1.1400000e+02  -5.1387500e+00   8.7408300e+00  -1.0000000e+00
   1.1500000e+02  -4.4435100e+00   1.4210600e+01  -1.0000000e+00
   1.1600000e+02  -1.2988300e+01  -8.2767600e+00   1.0000000e+00
   1.1700000e+02   2.4919000e+00   3.8761800e+00  -1.0000000e+00
   1.1800000e+02   7.9484600e+00  -1.7074500e+01   1.0000000e+00
   1.1900000e+02   5.3919100e+00  -1.2220800e+01   1.0000000e+00
   1.2000000e+02  -1.7013400e+00  -1.8211300e+01   1.0000000e+00
   1.2100000e+02  -4.4536300e+00  -4.0871500e+00   1.0000000e+00
   1.2200000e+02  -3.9775700e+00   7.0386100e+00  -1.0000000e+00
   1.2300000e+02   1.3793800e+01   6.1245200e+00  -1.0000000e+00
   1.2400000e+02   8.5169400e+00   7.7841500e+00  -1.0000000e+00
   1.2500000e+02  -3.8954200e+00  -1.7908000e+01   1.0000000e+00
   1.2600000e+02   1.2667600e+01   7.8884200e+00  -1.0000000e+00
   1.2700000e+02   9.0037200e+00  -3.3673100e+00   1.0000000e+00
   1.2800000e+02  -1.2563300e+01   9.9920000e+00  -1.0000000e+00
   1.2900000e+02   5.2711300e+00   9.4119400e+00  -1.0000000e+00
   1.3000000e+02   1.7309100e+01  -5.5045900e+00   1.0000000e+00
   1.3100000e+02   3.0773900e+00  -5.4678900e+00   1.0000000e+00
   1.3200000e+02   3.8432100e+00   1.4792200e+01  -1.0000000e+00
   1.3300000e+02  -1.3300300e+01  -6.2343600e+00   1.0000000e+00
   1.3400000e+02   1.7881200e+00  -1.1498100e+01   1.0000000e+00
   1.3500000e+02  -1.4574500e+01   4.0707600e+00  -1.0000000e+00
   1.3600000e+02   1.3460300e+00   5.5861200e+00  -1.0000000e+00
   1.3700000e+02  -7.8865400e+00   3.1485700e+00  -1.0000000e+00
   1.3800000e+02  -4.8854500e+00   5.1646900e+00  -1.0000000e+00
   1.3900000e+02  -6.4049200e+00  -2.6566300e+00   1.0000000e+00
   1.4000000e+02  -1.8051900e+01   4.1143500e+00  -1.0000000e+00
   1.4100000e+02  -3.6249500e+00  -9.8948500e+00   1.0000000e+00
   1.4200000e+02   4.9933700e+00   1.3066600e+01  -1.0000000e+00
   1.4300000e+02  -7.8908700e-01   5.4216000e+00  -1.0000000e+00
   1.4400000e+02  -1.3846000e+00   1.9985500e-02  -1.0000000e+00
   1.4500000e+02   1.4056100e+01  -2.7526900e+00  -1.0000000e+00
   1.4600000e+02  -1.4256300e+01  -1.1644400e+01   1.0000000e+00
   1.4700000e+02  -9.0623700e+00   4.8451200e+00  -1.0000000e+00
   1.4800000e+02   1.0291800e+01   1.1551000e+01  -1.0000000e+00
   1.4900000e+02  -1.5502600e-01  -2.3348000e+00   1.0000000e+00
   1.5000000e+02  -1.7497700e+01   6.9980700e+00  -1.0000000e+00
   1.5100000e+02  -2.7400200e-01   1.4463800e+01  -1.0000000e+00
   1.5200000e+02  -9.4467700e+00  -7.7491700e+00   1.0000000e+00
   1.5300000e+02  -1.0635800e+01   4.2711900e-01  -1.0000000e+00
   1.5400000e+02  -2.7637600e+00  -1.3916300e+01   1.0000000e+00
   1.5500000e+02   1.0872100e+01  -1.2266200e+01   1.0000000e+00
   1.5600000e+02  -1.2654200e+01   3.2815200e+00  -1.0000000e+00
   1.5700000e+02   6.7833300e+00  -1.1988200e-02  -1.0000000e+00
   1.5800000e+02   8.5734400e+00  -5.4127900e+00   1.0000000e+00
   1.5900000e+02  -9.7849100e+00   1.5659600e+01  -1.0000000e+00
   1.6000000e+02   1.0077000e+01  -1.6375300e+01   1.0000000e+00
   1.6100000e+02   1.4086500e+01  -5.4277400e+00   1.0000000e+00
   1.6200000e+02   8.5584100e-01  -1.5562100e+01   1.0000000e+00
   1.6300000e+02   2.2718300e+00   7.4325000e+00  -1.0000000e+00
   1.6400000e+02   4.6905500e+00  -6.7990600e+00   1.0000000e+00
   1.6500000e+02  -8.4087300e+00   1.0302200e+01  -1.0000000e+00
   1.6600000e+02  -1.3700400e+01   1.1746500e+01  -1.0000000e+00
   1.6700000e+02   1.5655400e+01   9.9172800e+00  -1.0000000e+00
   1.6800000e+02  -6.3484700e+00  -1.4589500e+01   1.0000000e+00
   1.6900000e+02  -4.3256100e+00  -2.0237500e+00   1.0000000e+00
   1.7000000e+02  -7.4539600e+00   1.2180500e+01  -1.0000000e+00
   1.7100000e+02  -3.3331100e+00   1.2447700e+01  -1.0000000e+00
   1.7200000e+02  -1.1388500e+01  -6.9706500e+00   1.0000000e+00
   1.7300000e+02   4.2699500e+00  -8.8325000e+00   1.0000000e+00
   1.7400000e+02   3.9984000e+00  -1.8290600e+01   1.0000000e+00
   1.7500000e+02   2.0290400e+00   1.1020700e+01  -1.0000000e+00
   1.7600000e+02  -4.0658200e-01  -4.5189000e+00   1.0000000e+00
   1.7700000e+02   1.6368900e+01   1.5957700e-01  -1.0000000e+00
   1.7800000e+02  -6.2263000e+00  -5.1256200e+00   1.0000000e+00
   1.7900000e+02   6.9393200e+00  -1.3600600e+01   1.0000000e+00
   1.8000000e+02   9.4332400e+00   9.6439100e+00  -1.0000000e+00
   1.8100000e+02   5.4492000e+00  -2.7092600e+00   1.0000000e+00
   1.8200000e+02  -2.1731500e+00   1.0753700e+01  -1.0000000e+00
   1.8300000e+02   1.0839700e+01   2.4081000e-01  -1.0000000e+00
   1.8400000e+02  -1.0685200e+01   1.3794300e+01  -1.0000000e+00
   1.8500000e+02  -5.1311700e-01   1.8661600e+00  -1.0000000e+00
   1.8600000e+02   1.0553800e+01  -4.7762200e+00   1.0000000e+00
   1.8700000e+02   1.6082100e+01  -2.0301200e+00  -1.0000000e+00
   1.8800000e+02   5.4875800e+00   5.8454000e+00  -1.0000000e+00
   1.8900000e+02  -1.5641200e+01  -3.3772200e+00   1.0000000e+00
   1.9000000e+02  -3.0576700e+00   8.8828000e+00  -1.0000000e+00
   1.9100000e+02   8.9218300e+00   1.6862300e+01  -1.0000000e+00
   1.9200000e+02  -7.7002700e+00   1.5890400e+01  -1.0000000e+00
   1.9300000e+02   1.6029300e+01   2.1830100e+00  -1.0000000e+00
   1.9400000e+02   8.7124600e+00   4.2089800e+00  -1.0000000e+00
   1.9500000e+02  -1.2785400e+01   1.3611300e+01  -1.0000000e+00
   1.9600000e+02  -2.5714800e+00   1.7195600e+00  -1.0000000e+00
   1.9700000e+02  -2.2161400e+00  -1.8583700e+00  -1.0000000e+00
   1.9800000e+02   5.6636800e+00   2.2730300e+00  -1.0000000e+00
   1.9900000e+02   1.3932400e+01   2.5016600e+00  -1.0000000e+00
   2.0000000e+02   6.5030200e+00  -1.5620800e+01   1.0000000e+00
   2.0100000e+02  -5.3852300e+00   1.2336100e+01  -1.0000000e+00
   2.0200000e+02  -1.4651900e+00   1.6196300e+01  -1.0000000e+00
   2.0300000e+02  -2.3830000e-01  -1.2089400e+01   1.0000000e+00
   2.0400000e+02  -8.6231100e+00   1.3933000e+01  -1.0000000e+00
   2.0500000e+02  -1.1282500e+00  -1.6201000e+01   1.0000000e+00
   2.0600000e+02   3.1870500e+00   9.2791900e+00  -1.0000000e+00
   2.0700000e+02  -6.7881600e+00  -1.2550100e+01   1.0000000e+00
   2.0800000e+02   5.1004900e+00  -4.7547400e+00   1.0000000e+00
   2.0900000e+02  -9.4289100e-01   9.0223300e+00  -1.0000000e+00
   2.1000000e+02  -1.3857100e+01  -1.3868300e+01   1.0000000e+00
   2.1100000e+02   1.3262800e+01  -9.4936800e+00   1.0000000e+00
   2.1200000e+02   1.2112600e+01  -6.1280800e+00   1.0000000e+00
   2.1300000e+02   1.2428700e+01  -1.3677100e+01   1.0000000e+00
   2.1400000e+02   4.0711900e+00   1.1162500e+01  -1.0000000e+00
   2.1500000e+02  -1.2294500e+01  -1.2496500e+01   1.0000000e+00
   2.1600000e+02  -5.8124200e+00   3.2917200e+00  -1.0000000e+00
   2.1700000e+02   1.4725200e+01   7.9818700e+00  -1.0000000e+00
   2.1800000e+02   9.7543500e+00  -8.8050400e+00   1.0000000e+00
   2.1900000e+02  -4.2240700e+00   1.0602900e+01  -1.0000000e+00
   2.2000000e+02   6.6367600e+00  -6.1125900e+00   1.0000000e+00
   2.2100000e+02   8.8920800e+00  -1.2927100e+01   1.0000000e+00
   2.2200000e+02  -7.4712300e+00  -8.4684800e+00   1.0000000e+00
   2.2300000e+02   1.2857800e+01   4.2550100e+00  -1.0000000e+00
   2.2400000e+02   1.0605700e+01   7.8528200e+00  -1.0000000e+00
   2.2500000e+02   7.3592900e+00  -1.1556300e+01   1.0000000e+00
   2.2600000e+02   9.3478300e+00  -1.0881200e+01   1.0000000e+00
   2.2700000e+02   6.6198400e+00   4.1153600e+00  -1.0000000e+00
   2.2800000e+02  -1.9342700e-02   1.0883400e+01  -1.0000000e+00
   2.2900000e+02  -1.7590600e+01  -2.6394000e+00   1.0000000e+00
   2.3000000e+02  -1.6224000e+01   5.3344600e+00  -1.0000000e+00
   2.3100000e+02   6.5853000e-01   1.1335200e-01  -1.0000000e+00
   2.3200000e+02  -7.9619500e+00  -1.5915700e+01   1.0000000e+00
   2.3300000e+02   2.3193000e+00  -1.7010700e+01   1.0000000e+00
   2.3400000e+02  -1.9058900e+00   7.1716500e+00  -1.0000000e+00
   2.3500000e+02  -2.3545200e+00   1.4323200e+01  -1.0000000e+00
   2.3600000e+02   1.4488800e+01  -7.3567000e-01  -1.0000000e+00
   2.3700000e+02  -1.1402400e+01   8.2969500e+00  -1.0000000e+00
   2.3800000e+02  -8.1462400e+00  -4.3804700e+00   1.0000000e+00
   2.3900000e+02   9.4211700e+00  -1.3484100e+00  -1.0000000e+00
   2.4000000e+02   4.9172600e+00  -1.4228800e+01   1.0000000e+00
   2.4100000e+02   1.0145100e+01  -6.7959400e+00   1.0000000e+00
   2.4200000e+02   1.6859900e+01   8.0711000e+00  -1.0000000e+00
   2.4300000e+02   4.5431300e+00   3.9953300e+00  -1.0000000e+00
   2.4400000e+02  -1.2291700e+01  -8.6348100e-01   1.0000000e+00
   2.4500000e+02  -1.2513400e+01   1.2326700e+00  -1.0000000e+00
   2.4600000e+02   2.9303800e+00   1.2944400e+01  -1.0000000e+00
   2.4700000e+02   3.5956500e+00   2.1415200e+00  -1.0000000e+00
   2.4800000e+02   3.8578600e+00  -1.4075700e+00  -1.0000000e+00
   2.4900000e+02  -3.4547300e+00  -1.5052400e-01  -1.0000000e+00
   2.5000000e+02  -1.6535500e+01  -8.9246000e+00   1.0000000e+00
   2.5100000e+02  -7.1279500e+00  -1.0509700e+01   1.0000000e+00
   2.5200000e+02   9.1200100e+00   1.3267800e+01  -1.0000000e+00
   2.5300000e+02   2.9632500e-01  -1.0041600e+01   1.0000000e+00
   2.5400000e+02  -6.0364100e+00   6.8809300e+00  -1.0000000e+00
   2.5500000e+02  -1.6310700e+01   2.9065200e+00  -1.0000000e+00
   2.5600000e+02  -1.3472700e+01   8.1342900e+00  -1.0000000e+00
   2.5700000e+02   1.8882000e-01   7.2867600e+00  -1.0000000e+00
   2.5800000e+02  -9.5331800e+00  -1.7322500e+01   1.0000000e+00
   2.5900000e+02  -1.8979200e+00  -8.4899700e+00   1.0000000e+00
   2.6000000e+02  -1.6884100e+00   3.5764500e+00  -1.0000000e+00
   2.6100000e+02   1.4842700e+01  -1.0834200e+01   1.0000000e+00
   2.6200000e+02  -1.0669100e+01  -1.1119100e+01   1.0000000e+00
   2.6300000e+02  -1.4985400e+01  -7.4986200e+00   1.0000000e+00
   2.6400000e+02  -1.3682500e+01  -4.1531600e+00   1.0000000e+00
   2.6500000e+02   1.8384900e+01   5.9728600e-01  -1.0000000e+00
   2.6600000e+02   6.1177600e+00   1.1306900e+01  -1.0000000e+00
   2.6700000e+02  -1.7274100e+01  -4.7056800e+00   1.0000000e+00
   2.6800000e+02   1.8062200e+01  -1.4371200e+00  -1.0000000e+00
   2.6900000e+02   3.3942300e+00  -1.2854700e+01   1.0000000e+00
   2.7000000e+02  -1.4420200e+01   2.0220000e+00  -1.0000000e+00
   2.7100000e+02   6.4138400e+00   7.6911200e+00  -1.0000000e+00
   2.7200000e+02   3.6730800e-01  -1.7707900e+01   1.0000000e+00
   2.7300000e+02  -5.6455800e+00   1.5958100e+01  -1.0000000e+00
   2.7400000e+02   4.3367500e+00   7.5711100e+00  -1.0000000e+00
   2.7500000e+02  -9.1012200e+00  -9.7782200e+00   1.0000000e+00
   2.7600000e+02  -6.7188400e+00   1.4303600e+00  -1.0000000e+00
   2.7700000e+02  -7.6071700e+00  -4.3816700e-01  -1.0000000e+00
   2.7800000e+02   1.7890900e+00  -1.6154300e+00  -1.0000000e+00
   2.7900000e+02  -9.7752800e+00  -5.6880000e+00   1.0000000e+00
   2.8000000e+02   6.4066400e-01  -8.0024200e+00   1.0000000e+00
   2.8100000e+02  -1.4303800e+01   6.1198900e+00  -1.0000000e+00
   2.8200000e+02   7.7272500e+00   2.3857700e+00  -1.0000000e+00
   2.8300000e+02   1.4429200e+01  -1.2974600e+01   1.0000000e+00
   2.8400000e+02   9.7970200e+00   2.3476000e+00  -1.0000000e+00
   2.8500000e+02  -1.5314100e+01  -5.4127600e+00   1.0000000e+00
   2.8600000e+02   1.5433100e+00   1.8269900e+01  -1.0000000e+00
   2.8700000e+02   2.2812500e+00  -9.5006800e+00   1.0000000e+00
   2.8800000e+02   8.5127600e+00  -1.4955200e+01   1.0000000e+00
   2.8900000e+02  -3.2124900e+00  -5.8261100e+00   1.0000000e+00
   2.9000000e+02  -5.5598200e+00  -3.4510200e-01  -1.0000000e+00
   2.9100000e+02   4.4508500e+00  -1.6264900e+01   1.0000000e+00
   2.9200000e+02   1.7749000e+00   1.4641200e+01  -1.0000000e+00
   2.9300000e+02  -6.9589200e+00   5.0090000e+00  -1.0000000e+00
   2.9400000e+02   3.8478200e+00  -1.0844800e+01   1.0000000e+00
   2.9500000e+02   6.2287500e+00  -8.1601900e+00   1.0000000e+00
   2.9600000e+02  -1.6993100e+01  -6.7866400e+00   1.0000000e+00
   2.9700000e+02  -5.3172700e+00  -1.6368700e+01   1.0000000e+00
   2.9800000e+02  -1.1125000e+01   4.6690800e+00  -1.0000000e+00
   2.9900000e+02  -5.1724100e+00  -1.1250000e+01   1.0000000e+00
