   0.0000000e+00   1.3475200e+00  -4.3851800e+00   2.8209700e+00   1.0000000e+00
   1.0000000e+00   1.9756100e+00  -1.7050100e+01   1.8811600e+00  -1.0000000e+00
   2.0000000e+00   1.2084800e+01  -3.6292500e+00   4.4407800e+00   1.0000000e+00
   3.0000000e+00   5.3208700e+00   1.1302700e+01   3.6198500e+01  -3.0000000e+00
   4.0000000e+00  -1.8714300e+01  -5.2323700e+00   6.1537100e+01  -1.0000000e+00
   5.0000000e+00  -9.1077300e+00  -1.5021800e+01   1.1810700e+00  -2.0000000e+00
   6.0000000e+00   2.4901100e+00   8.7321400e+00   3.5381900e+01   2.0000000e+00
   7.0000000e+00  -1.0717300e+01   5.6905600e+00   3.5368100e+01   2.0000000e+00
   8.0000000e+00  -1.2859800e+01  -1.2806700e+01   3.0744900e+01  -2.0000000e+00
   9.0000000e+00   1.8880600e+01   3.1653400e+00   3.5196600e+01  -1.0000000e+00
   1.0000000e+01   1.1485600e+00   1.3968100e+00   3.5484900e+01   2.0000000e+00
   1.1000000e+01   1.3787900e+01  -2.4729700e+00   4.3298500e+00   1.0000000e+00
   1.2000000e+01  -1.0817900e+01  -5.4398100e+00   2.1786100e+01  -3.0000000e+00
   1.3000000e+01  -1.6178900e+00  -1.7100800e+01   1.7663600e+01  -1.0000000e+00
   1.4000000e+01   7.1430600e+00  -1.1377200e+01   4.3001000e+00   1.0000000e+00
   1.5000000e+01  -7.3857500e+00  -9.8461000e+00  -1.9842500e-01   1.0000000e+00
   1.6000000e+01   4.7753900e+00   1.5469400e+01   1.2267600e+01  -2.0000000e+00
   1.7000000e+01   1.6022800e+01  -7.4846700e+00   3.9999700e+00  -2.0000000e+00
   1.8000000e+01  -1.1000900e+01  -7.5930500e+00   5.6667000e+01   1.0000000e+00
   1.9000000e+01   3.8047700e+00   1.7312200e+01   1.8537000e+01  -1.0000000e+00
   2.0000000e+01  -1.0395900e+01   2.0999600e+00   3.5237700e+01   2.0000000e+00
   2.1000000e+01  -9.9807700e+00  -1.5062100e+00   3.5316700e+01   2.0000000e+00
   2.2000000e+01   1.0891100e+01  -1.3102200e+01   4.4646400e+00  -2.0000000e+00
   2.3000000e+01  -8.6585500e+00   5.8631600e+00   3.5538800e+01   2.0000000e+00
   2.4000000e+01  -3.8171600e+00  -7.8054000e+00   1.9427200e+00   1.0000000e+00
   2.5000000e+01  -1.4915500e+01  -1.3028400e+01  -1.0354800e+01  -1.0000000e+00
   2.6000000e+01  -5.7237300e+00   1.7211600e+01   3.8841200e+01  -1.0000000e+00
   2.7000000e+01   1.4003100e+01   1.3315700e+01   6.7605400e+00  -1.0000000e+00
   2.8000000e+01   6.8938700e+00  -7.2295300e+00   3.7949800e+00   1.0000000e+00
   2.9000000e+01   1.1022300e+01  -1.5226200e+01   1.8815400e+01  -1.0000000e+00
   3.0000000e+01  -1.6269500e+01   5.7950500e-01   2.8156400e+01  -2.0000000e+00
   3.1000000e+01   1.5042600e+01   5.0347300e+00   4.8409100e+00  -2.0000000e+00
   3.2000000e+01  -1.4854900e+01  -6.7395000e+00   6.2672500e+01  -2.0000000e+00
   3.3000000e+01   1.7395100e+01  -2.1296900e+00   4.5482600e+00  -2.0000000e+00
   3.4000000e+01   3.6261000e+00  -1.3786600e+01   3.5229200e+00   1.0000000e+00
   3.5000000e+01   1.5133300e+01   2.8992900e+00   4.6342400e+00   1.0000000e+00
   3.6000000e+01  -1.3494200e+01   1.2740100e+01   4.8603500e+01  -1.0000000e+00
   3.7000000e+01   8.4926800e+00  -3.9150700e+00   4.1843200e+00   1.0000000e+00
   3.8000000e+01  -9.1642600e+00   4.0380800e-01   3.5781100e+01   2.0000000e+00
   3.9000000e+01   3.3978700e+00   1.0578700e+01   2.7341700e+01  -3.0000000e+00
   4.0000000e+01  -2.1096000e+00   2.8599600e+00   3.5683200e+01   2.0000000e+00
   4.1000000e+01  -6.5901900e+00   6.0636100e+00   3.5680900e+01   2.0000000e+00
   4.2000000e+01   5.0406500e+00  -6.2948400e+00   3.7022600e+00   1.0000000e+00
   4.3000000e+01  -1.1026500e+01  -1.3906500e+01  -1.5516200e-01  -2.0000000e+00
   4.4000000e+01   1.2822100e+01  -1.4043100e+01   1.9804000e+01  -1.0000000e+00
   4.5000000e+01   3.3229600e+00  -7.4642900e+00   2.9633900e+00   1.0000000e+00
   4.6000000e+01   4.7329500e+00  -2.0593500e+00   4.5402400e+00  -3.0000000e+00
   4.7000000e+01   1.5006500e+00  -6.4986600e+00   3.1323600e+00   1.0000000e+00
   4.8000000e+01   7.1944000e+00   1.0442000e+01  -5.5388300e+00  -3.0000000e+00
   4.9000000e+01  -1.2263300e+01   1.0966600e+01   3.4952600e+01  -2.0000000e+00
   5.0000000e+01   1.0218500e+01   1.5086200e+01   5.9198100e+00  -1.0000000e+00
   5.1000000e+01  -2.6749200e-01  -7.6472800e+00   2.6587400e+00   1.0000000e+00
   5.2000000e+01   1.4216000e-01  -1.6028300e+01   1.3767200e+01  -2.0000000e+00
   5.3000000e+01   8.6097000e+00  -6.0219900e+00   4.1705900e+00   1.0000000e+00
   5.4000000e+01   1.3970200e+01  -4.5455500e+00   4.6048600e+00   1.0000000e+00
   5.5000000e+01  -3.7073700e+00   8.2035200e+00   3.5032200e+01   2.0000000e+00
   5.6000000e+01  -7.4622600e+00   4.1873700e+00   3.5418400e+01   2.0000000e+00
   5.7000000e+01  -2.9429100e+00   9.8432400e-01   3.5434600e+01   2.0000000e+00
   5.8000000e+01  -1.7211800e-01  -9.7254900e+00   2.7788900e+00   1.0000000e+00
   5.9000000e+01  -7.2932500e+00  -1.3952000e+01  -4.9735300e-02   1.0000000e+00
   6.0000000e+01  -1.1041900e+01  -1.1792000e+01  -4.9479100e-01   1.0000000e+00
   6.1000000e+01  -5.5774200e+00  -8.8828200e+00   4.8751200e-01   1.0000000e+00
   6.2000000e+01  -3.3515600e+00  -1.8269500e+01   2.8482500e+00  -1.0000000e+00
   6.3000000e+01   1.7085200e+01   1.9791300e+00   4.6578500e+00  -2.0000000e+00
   6.4000000e+01  -2.1499500e+00  -4.5925100e+00   6.6818300e+00  -3.0000000e+00
   6.5000000e+01  -1.7012600e+01   5.0526600e+00   4.3050900e+01  -1.0000000e+00
   6.6000000e+01   1.8071500e+00  -1.2783800e+01   2.7393200e+00   1.0000000e+00
   6.7000000e+01  -3.9632800e+00   1.1782300e+01   3.4863600e+01   2.0000000e+00
   6.8000000e+01  -8.9814000e+00   9.4606500e+00   3.4862600e+01   2.0000000e+00
   6.9000000e+01  -3.7229300e+00  -9.8939900e+00   1.6533100e+00   1.0000000e+00
   7.0000000e+01   1.4301700e+01   1.1224100e+01   6.8518700e+00  -2.0000000e+00
   7.1000000e+01  -1.2803800e+01   5.4902200e+00   3.5562700e+01   2.0000000e+00
   7.2000000e+01   4.2996900e-02  -1.3900900e+01   2.2386700e+00   1.0000000e+00
   7.3000000e+01  -6.7592400e+00  -2.9861000e+00   3.4355500e+01  -3.0000000e+00
   7.4000000e+01  -5.3917600e+00   4.3714200e+00   3.5675600e+01   2.0000000e+00
   7.5000000e+01  -1.6075100e+01   6.9980800e+00   4.9735700e+01  -1.0000000e+00
   7.6000000e+01   7.2998700e+00  -1.3436800e+01   4.4531700e+00   1.0000000e+00
   7.7000000e+01  -9.8835100e-01   1.3863900e+01   3.4648300e+01   2.0000000e+00
   7.8000000e+01  -1.7212000e+01  -1.3376000e+00   3.6108700e+01  -2.0000000e+00
   7.9000000e+01   1.3658300e+01  -3.9313900e-01   4.6376500e+00   1.0000000e+00
   8.0000000e+01  -7.8076700e+00   7.7607400e+00   3.5476700e+01   2.0000000e+00
   8.1000000e+01  -1.0916900e+01  -1.6070600e+01   6.2471700e-01  -1.0000000e+00
   8.2000000e+01   1.2130800e+01   1.4252600e+01   6.2161300e+00  -1.0000000e+00
   8.3000000e+01   1.2468200e+01  -9.8880300e+00   3.9666600e+00   1.0000000e+00
   8.4000000e+01  -1.5079500e+01  -8.8430600e+00   2.1292100e+01  -1.0000000e+00
   8.5000000e+01   2.0395600e-01   1.2159900e+01   3.4313200e+01   2.0000000e+00
   8.6000000e+01   1.0712500e+01   1.0845200e+01   6.1801600e+00   1.0000000e+00
   8.7000000e+01  -1.3833700e+01  -2.7612400e+00   2.9324700e+01  -3.0000000e+00
   8.8000000e+01  -8.3215600e+00   2.2793500e+00   3.5470300e+01   2.0000000e+00
   8.9000000e+01  -6.2462500e+00   2.4827500e+00   3.5425300e+01   2.0000000e+00
   9.0000000e+01  -9.2989700e+00   1.3105200e+01   3.5413000e+01  -2.0000000e+00
   9.1000000e+01   1.6722300e+01   6.2471400e+00  -9.0789600e+00  -1.0000000e+00
   9.2000000e+01   1.6338700e+00   6.8647500e+00   3.5533900e+01   2.0000000e+00
   9.3000000e+01   1.4101000e+01  -6.6154500e+00   4.0971300e+00   1.0000000e+00
   9.4000000e+01  -1.2761000e+01  -6.4931600e+00   6.4839800e+01  -3.0000000e+00
   9.5000000e+01   5.3740500e+00  -1.2554600e+01   4.1699000e+00   1.0000000e+00
   9.6000000e+01  -6.5946900e-01  -3.1508400e+00   1.7668500e+01  -3.0000000e+00
   9.7000000e+01   7.8305400e+00   4.2937700e+00   6.0207100e+00   1.0000000e+00
   9.8000000e+01   1.0492200e+01  -6.8641400e+00   3.9537400e+00   1.0000000e+00
   9.9000000e+01   6.2732400e+00   1.1182900e+00   3.6871300e+00  -3.0000000e+00
   1.0000000e+02  -3.3666000e-01  -5.5932700e+00   3.7198900e+00   1.0000000e+00
   1.0100000e+02   9.0778000e+00   9.6001500e+00   6.5083600e+00   1.0000000e+00
   1.0200000e+02  -2.9381900e-02   3.0823600e+00   3.5794400e+01   2.0000000e+00
   1.0300000e+02   6.6080100e+00  -3.0130200e+00   4.2859400e+00   1.0000000e+00
   1.0400000e+02  -9.1925200e+00  -1.2904700e+01   2.9948600e+01   1.0000000e+00
   1.0500000e+02  -7.7836700e+00  -5.1248100e+00   4.5319600e+01  -3.0000000e+00
   1.0600000e+02   1.6437400e+01   8.3014600e+00  -8.2416100e+00  -1.0000000e+00
   1.0700000e+02  -1.7445100e+01   2.3075300e+00   2.7576500e+01  -1.0000000e+00
   1.0800000e+02  -1.3309000e+01  -2.1639800e-03   2.9111400e+01  -3.0000000e+00
   1.0900000e+02   9.1619400e+00  -1.4332000e+01   4.4546200e+00  -2.0000000e+00
   1.1000000e+02  -2.0902200e+00  -6.7034100e+00   2.1160200e+00   1.0000000e+00
   1.1100000e+02  -8.7044500e-02   1.5828200e+01   3.3642900e+01  -2.0000000e+00
   1.1200000e+02   1.3265200e+01   3.7793100e+00   5.0916500e+00   1.0000000e+00
   1.1300000e+02  -1.8744600e+01   3.9110100e+00   2.1206300e+01  -1.0000000e+00
   1.1400000e+02  -6.3321100e+00   1.5203900e+01   4.8620300e+01  -2.0000000e+00
   1.1500000e+02   1.5652400e+01  -3.3596100e+00   4.8332600e+00  -2.0000000e+00
   1.1600000e+02  -6.0296400e+00   1.1639500e+01   3.5361600e+01   2.0000000e+00
   1.1700000e+02   1.1941900e+01  -1.5766900e+00   4.4444800e+00   1.0000000e+00
   1.1800000e+02  -3.0738200e+00   1.3741600e+01   3.4815100e+01   2.0000000e+00
   1.1900000e+02  -1.0167600e+01   1.1184600e+01   3.5451200e+01   2.0000000e+00
   1.2000000e+02  -1.4678700e+01  -4.6458000e+00   5.5060300e+01  -3.0000000e+00
   1.2100000e+02   2.0067800e+00   3.2806700e+00   3.5574400e+01   2.0000000e+00
   1.2200000e+02  -5.4225500e+00  -1.3038600e+01   6.5324000e-01   1.0000000e+00
   1.2300000e+02   6.7425100e+00   1.4625100e+01   8.0541100e+00  -2.0000000e+00
   1.2400000e+02   4.4504700e-01   8.5555900e+00   3.4962300e+01   2.0000000e+00
   1.2500000e+02  -1.6419300e+01   1.0576500e+01   7.4172900e+00  -1.0000000e+00
   1.2600000e+02   1.8764600e+00  -1.4937300e+01   2.1105600e+00  -2.0000000e+00
   1.2700000e+02   3.3967500e+00  -9.5555800e+00   3.1744000e+00   1.0000000e+00
   1.2800000e+02   4.0680400e+00   3.4858400e+00   4.1940300e+01  -3.0000000e+00
   1.2900000e+02  -4.8530400e+00   9.9101700e+00   3.4883300e+01   2.0000000e+00
   1.3000000e+02   1.3217500e+00   1.0433900e+01   3.4105000e+01   2.0000000e+00
   1.3100000e+02  -5.5123700e+00  -1.0928900e+01   4.5565500e-01   1.0000000e+00
   1.3200000e+02   1.2416300e+00  -2.3041200e+00   1.0521600e+01  -3.0000000e+00
   1.3300000e+02   8.1790500e+00   1.9442500e-01   4.2296500e+00   1.0000000e+00
   1.3400000e+02  -7.9435400e+00  -1.2871500e+00   3.5708600e+01   2.0000000e+00
   1.3500000e+02   8.6166800e+00   1.3785000e+01   6.5179500e+00  -2.0000000e+00
   1.3600000e+02   9.3045000e+00   7.5572100e+00   6.0560400e+00   1.0000000e+00
   1.3700000e+02   3.6746200e+00   7.0346500e+00   3.5617000e+01   2.0000000e+00
   1.3800000e+02  -6.0979800e-02  -1.1831000e+01   2.9565300e+00   1.0000000e+00
   1.3900000e+02  -5.7435700e+00   7.9734700e+00   3.5697600e+01   2.0000000e+00
   1.4000000e+02  -3.5358900e+00  -1.4026600e+01   2.0865800e+00   1.0000000e+00
   1.4100000e+02  -1.2066800e+01  -1.6571800e+00   2.9003000e+01  -3.0000000e+00
   1.4200000e+02   1.6654100e+00  -1.0715300e+01   3.1402600e+00   1.0000000e+00
   1.4300000e+02   1.2329800e+01  -7.7918000e+00   3.5409100e+00   1.0000000e+00
   1.4400000e+02  -1.8720700e+00   1.1990900e+01   3.4573800e+01   2.0000000e+00
   1.4500000e+02   6.7908600e+00  -5.0616600e+00   4.0381400e+00   1.0000000e+00
   1.4600000e+02   1.6049300e+01  -9.6041800e+00   3.1180700e+00  -1.0000000e+00
   1.4700000e+02   1.6187000e+01   1.0373800e+01  -8.6020700e+00  -1.0000000e+00
   1.4800000e+02   8.9945800e+00  -1.2243800e+01   4.6223600e+00   1.0000000e+00
   1.4900000e+02   6.9416900e+00   1.2578500e+01   6.7063500e+00   1.0000000e+00
   1.5000000e+02  -1.3647700e+01   3.5992900e+00   3.5636800e+01   2.0000000e+00
   1.5100000e+02  -1.4502600e+01   1.6966100e+00   2.8736100e+01  -3.0000000e+00
   1.5200000e+02  -1.1261500e+01   2.2584700e-01   3.5867600e+01   2.0000000e+00
   1.5300000e+02  -1.2613200e+01  -4.4227700e+00   3.8008100e+01  -3.0000000e+00
   1.5400000e+02   1.0606400e+01  -8.9660500e+00   4.0476200e+00   1.0000000e+00
   1.5500000e+02   5.5247100e+00  -1.4663400e+01   4.9471500e+00  -2.0000000e+00
   1.5600000e+02   6.4564700e+00  -9.4137700e-01   3.8179000e+00   1.0000000e+00
   1.5700000e+02   1.0698500e+00   1.4069500e+01   3.4371700e+01   2.0000000e+00
   1.5800000e+02   1.5350900e+01   8.0802100e-01   5.0300300e+00   1.0000000e+00
   1.5900000e+02  -7.2294900e+00  -1.6043000e+01   1.2071100e+01  -2.0000000e+00
   1.6000000e+02  -4.2710700e+00   1.5499400e+01   3.5875200e+01  -2.0000000e+00
   1.6100000e+02  -1.5165800e+01   8.8787400e+00   3.5930000e+01  -2.0000000e+00
   1.6200000e+02  -2.1679500e+00   1.5629000e+01   3.4547900e+01  -2.0000000e+00
   1.6300000e+02  -5.0569200e+00   7.8182600e-01   3.5489800e+01   2.0000000e+00
   1.6400000e+02   1.1396000e+01   4.6409400e+00   5.5117100e+00   1.0000000e+00
   1.6500000e+02   1.3462200e+01   1.6614800e+00   5.2096400e+00   1.0000000e+00
   1.6600000e+02   1.1766700e+01   5.0602800e-01   4.8586300e+00   1.0000000e+00
   1.6700000e+02   7.6255700e+00   6.3322800e+00   4.4443700e+00   1.0000000e+00
   1.6800000e+02  -1.6758100e+01  -7.5563800e+00   5.4360000e+01  -1.0000000e+00
   1.6900000e+02   1.4202000e+01  -8.6899900e+00   3.8206200e+00  -2.0000000e+00
   1.7000000e+02  -1.4863800e+01   5.2794900e+00   3.5695500e+01  -2.0000000e+00
   1.7100000e+02   4.9135200e+00  -4.1903800e+00   4.3063500e+00   1.0000000e+00
   1.7200000e+02   6.3250700e+00   1.6899700e+01   1.3338000e+01  -1.0000000e+00
   1.7300000e+02   3.0712500e+00  -3.2644900e+00   1.5729900e+01  -3.0000000e+00
   1.7400000e+02  -6.9353300e+00   9.6603200e+00   3.5513200e+01   2.0000000e+00
   1.7500000e+02  -1.0443200e+01   1.4822100e+01   3.5275700e+01  -1.0000000e+00
   1.7600000e+02   8.3139700e+00  -1.8547400e+00   4.1603400e+00   1.0000000e+00
   1.7700000e+02   1.0374600e+01  -4.8131600e+00   4.3090600e+00   1.0000000e+00
   1.7800000e+02  -1.7536600e+00  -7.2010000e-01   4.7200400e+01  -3.0000000e+00
   1.7900000e+02  -1.2498800e+01   1.4606400e+01   3.3289200e+01  -1.0000000e+00
   1.8000000e+02   5.0124100e+00   1.3333800e+01  -4.9799100e+00  -3.0000000e+00
   1.8100000e+02  -1.1039100e+01   9.2938200e+00   3.5028500e+01   2.0000000e+00
   1.8200000e+02  -2.7903000e+00   1.0071400e+01   3.4498700e+01   2.0000000e+00
   1.8300000e+02   3.2038000e+00   1.6028200e+00   3.7404800e+01  -3.0000000e+00
   1.8400000e+02  -1.5066100e+01  -1.0852800e+00   2.9400200e+01  -3.0000000e+00
   1.8500000e+02   1.5839500e+01  -5.4026000e+00   4.9570200e+00  -2.0000000e+00
   1.8600000e+02  -9.5055900e+00   3.9877300e+00   3.5225100e+01   2.0000000e+00
   1.8700000e+02  -1.7967300e+01  -3.2903500e+00   5.1877700e+01  -1.0000000e+00
   1.8800000e+02  -7.0999200e+00   5.9769300e-01   3.5527800e+01   2.0000000e+00
   1.8900000e+02   8.8880300e+00  -1.0170800e+01   4.3843600e+00   1.0000000e+00
   1.9000000e+02   1.7712400e+01  -6.2977900e+00   4.9289000e+00  -1.0000000e+00
   1.9100000e+02   5.1699400e+00  -8.3658500e+00   3.2821700e+00   1.0000000e+00
   1.9200000e+02   1.0505800e+01   1.2971800e+01   6.4487700e+00  -2.0000000e+00
   1.9300000e+02   1.2654800e+01   9.9953300e+00   6.2221300e+00   1.0000000e+00
   1.9400000e+02  -1.2896700e+01  -1.4910800e+01   5.8956000e+01  -1.0000000e+00
   1.9500000e+02  -1.5697700e+01   3.4005900e+00   2.9438300e+01  -2.0000000e+00
   1.9600000e+02   1.1571300e+01   2.5834800e+00   5.0086200e+00   1.0000000e+00
   1.9700000e+02   1.9157500e+01  -9.3820700e-01   3.5008300e+01  -1.0000000e+00
   1.9800000e+02  -8.9994000e+00  -1.7183800e+01   1.8453200e+00  -1.0000000e+00
   1.9900000e+02   9.3052600e+00  -1.6387800e+01   4.5218600e+00  -1.0000000e+00
   2.0000000e+02  -1.7181700e+00  -1.5029500e+01   2.1008200e+00  -2.0000000e+00
   2.0100000e+02   1.1169000e+01   6.7167500e+00   6.0147300e+00   1.0000000e+00
   2.0200000e+02   3.5206600e+00  -1.1618400e+01   3.5963900e+00   1.0000000e+00
   2.0300000e+02   8.8192400e+00   1.1716600e+01   6.3263500e+00   1.0000000e+00
   2.0400000e+02  -1.8326400e+01   4.1516400e-01   3.4015400e+01  -1.0000000e+00
   2.0500000e+02   9.5136400e+00   5.4946000e+00   5.8110500e+00   1.0000000e+00
   2.0600000e+02   3.7574000e+00  -1.5932900e+01   1.6246900e+01  -2.0000000e+00
   2.0700000e+02   9.8855600e+00   1.3810800e+00   5.0351000e+00   1.0000000e+00
   2.0800000e+02  -3.4586600e+00  -1.6144300e+01   2.5316700e+00  -2.0000000e+00
   2.0900000e+02  -9.1647900e+00  -6.6605900e+00   4.8847600e+01  -3.0000000e+00
   2.1000000e+02  -4.6811500e+00  -2.8927800e+00   4.6765100e+01  -3.0000000e+00
   2.1100000e+02  -1.2938200e+01  -8.5651200e+00   3.0052700e+01  -2.0000000e+00
   2.1200000e+02   1.0053700e+01  -6.9635800e-01   4.5364500e+00   1.0000000e+00
   2.1300000e+02   4.5175000e+00   2.7254000e-02   7.0053300e+00  -3.0000000e+00
   2.1400000e+02   5.6896100e+00  -1.6719600e+01   5.7929000e+00  -1.0000000e+00
   2.1500000e+02  -1.0865100e+01  -3.3643900e+00   2.0972900e+01  -3.0000000e+00
   2.1600000e+02  -1.6659300e+01  -5.4442500e+00   4.3616000e+01  -2.0000000e+00
   2.1700000e+02   1.5937200e+01   1.2502100e+01   7.2946200e+00  -1.0000000e+00
   2.1800000e+02  -1.3127400e+01   9.0856900e+00   3.5481700e+01   2.0000000e+00
   2.1900000e+02   1.2392600e+01   1.2043000e+01   6.4047400e+00  -2.0000000e+00
   2.2000000e+02  -7.3732000e+00  -1.1897800e+01  -2.3038000e-01   1.0000000e+00
   2.2100000e+02  -1.2448400e+01   1.8920600e+00   3.5461400e+01   2.0000000e+00
   2.2200000e+02  -1.1103100e+01  -9.6508700e+00   2.8795100e+01   0.0000000e+00
   2.2300000e+02   2.8612500e+00   5.1554900e+00   3.4737000e+01   2.0000000e+00
   2.2400000e+02  -8.8040400e+00  -3.2679600e+00   2.1915200e+01  -3.0000000e+00
   2.2500000e+02   1.2256500e+01  -5.7168700e+00   3.7474500e+00   1.0000000e+00
   2.2600000e+02   8.7623800e+00  -8.0837400e+00   4.5633900e+00   1.0000000e+00
   2.2700000e+02  -4.3686500e-01   6.6454400e+00   3.5383700e+01   2.0000000e+00
   2.2800000e+02   9.7089300e+00   3.4486800e+00   5.3101100e+00   1.0000000e+00
   2.2900000e+02  -5.1567500e+00   1.3490800e+01   3.5282500e+01   2.0000000e+00
   2.3000000e+02   1.9820800e+00   1.5932100e+01   2.7890800e+01  -2.0000000e+00
   2.3100000e+02  -5.3688200e+00  -1.5152100e+01   5.5019200e-01  -2.0000000e+00
   2.3200000e+02  -1.1924500e+01   7.4185500e+00   3.5202400e+01   2.0000000e+00
   2.3300000e+02  -5.6299400e+00  -6.7982100e+00   8.3949700e-01  -3.0000000e+00
   2.3400000e+02  -1.7784500e+00  -1.2947500e+01   2.3704500e+00   1.0000000e+00
   2.3500000e+02  -1.2551800e+00   4.7482300e+00   3.5774200e+01   2.0000000e+00
   2.3600000e+02  -1.8996300e+00  -1.0892700e+01   2.5008100e+00   1.0000000e+00
   2.3700000e+02  -9.8843800e+00   7.5602400e+00   3.4927800e+01   2.0000000e+00
   2.3800000e+02  -4.5571500e+00   6.2925500e+00   3.6019600e+01   2.0000000e+00
   2.3900000e+02  -2.6425300e+00  -2.5953700e+00   1.5171200e+01  -3.0000000e+00
   2.4000000e+02   7.4042300e+00  -1.5521400e+01   1.6571600e+01  -2.0000000e+00
   2.4100000e+02  -1.4359700e+01   1.0880500e+01   4.7665300e+01  -2.0000000e+00
   2.4200000e+02   1.4487500e+01  -1.2839200e+01   4.8134800e+00  -1.0000000e+00
   2.4300000e+02   7.4183400e+00   8.3823800e+00   5.7787500e+00  -3.0000000e+00
   2.4400000e+02   2.4703700e+00  -4.8307500e-01   4.7165700e+01  -3.0000000e+00
   2.4500000e+02   8.3653300e+00   1.6138600e+01   7.2627600e+00  -1.0000000e+00
   2.4600000e+02  -4.1742100e+00   2.6711900e+00   3.5506300e+01   2.0000000e+00
   2.4700000e+02  -5.6954200e+00  -4.7547900e+00   9.3178300e+00  -3.0000000e+00
   2.4800000e+02   1.6849800e+01   4.0298700e+00  -7.7849200e+00  -2.0000000e+00
   2.4900000e+02   5.2451900e+00  -1.0459900e+01   3.5039900e+00   1.0000000e+00
   2.5000000e+02  -9.1816300e+00  -1.0849100e+01   2.9203700e+01   1.0000000e+00
   2.5100000e+02  -1.5030900e+01  -1.0921400e+01  -2.6847800e+01  -1.0000000e+00
   2.5200000e+02   1.4347200e+01  -1.0794600e+01   4.0954400e+00  -2.0000000e+00
   2.5300000e+02   2.9997400e-01  -4.8686400e-01   2.1036700e+01  -3.0000000e+00
   2.5400000e+02  -8.9238200e-01   1.1870200e+00   3.5705200e+01   2.0000000e+00
   2.5500000e+02  -1.3978500e+01   7.1926000e+00   3.5382800e+01  -2.0000000e+00
   2.5600000e+02  -7.4320900e+00  -7.7573300e+00   1.1035600e+01  -3.0000000e+00
   2.5700000e+02  -5.8995900e+00  -1.1082500e+00   3.5374800e+01   2.0000000e+00
   2.5800000e+02  -3.8336100e+00  -8.7585500e-01   3.5576200e+01   2.0000000e+00
   2.5900000e+02  -1.1575800e+01   3.8005500e+00   3.5412500e+01   2.0000000e+00
   2.6000000e+02  -3.6758600e+00  -1.1948800e+01   1.8427200e+00   1.0000000e+00
   2.6100000e+02   4.8601900e+00   9.0985700e+00   3.7298400e+01  -3.0000000e+00
   2.6200000e+02  -3.3246400e+00   1.7340200e+01   3.4656000e+01  -1.0000000e+00
   2.6300000e+02  -1.1396000e+01   1.2838400e+01   3.4662500e+01  -2.0000000e+00
   2.6400000e+02   3.1503300e+00   1.4211000e+01   3.5124800e+01  -3.0000000e+00
   2.6500000e+02   1.5724900e+00  -8.5848800e+00   2.5420200e+00   1.0000000e+00
   2.6600000e+02   1.5512100e+01  -1.2860200e+00   4.6040900e+00   1.0000000e+00
   2.6700000e+02  -7.2556100e+00   1.3326400e+01   3.5046200e+01  -2.0000000e+00
   2.6800000e+02   8.0115900e+00   2.2416700e+00   4.5196800e+00   1.0000000e+00
   2.6900000e+02   5.7223600e+00   7.2266400e+00   3.6000100e+01  -3.0000000e+00
   2.7000000e+02  -1.2711400e+00   1.7654700e+01   3.4688300e+01  -1.0000000e+00
   2.7100000e+02  -2.5073500e+00   6.5075800e+00   3.5355300e+01   2.0000000e+00
   2.7200000e+02  -1.2873100e+01  -1.0733300e+01  -4.3035400e+00  -2.0000000e+00
   2.7300000e+02   1.0743700e+01  -1.1041600e+01   4.1782100e+00   1.0000000e+00
   2.7400000e+02   1.3091600e+01   5.8663300e+00   6.0785000e+00   1.0000000e+00
   2.7500000e+02  -7.2570900e-01   1.0255700e+01   3.4451300e+01   2.0000000e+00
   2.7600000e+02  -8.1073900e+00   1.1354500e+01   3.5551500e+01   2.0000000e+00
   2.7700000e+02   1.0207800e+01  -2.7544100e+00   4.4642500e+00   1.0000000e+00
   2.7800000e+02   1.7522900e+01  -4.2345500e+00  -1.0398100e+01  -1.0000000e+00
   2.7900000e+02   7.9731000e-01   4.9645400e+00   3.5967400e+01   2.0000000e+00
   2.8000000e+02   5.3838000e+00   5.1336000e+00   3.3323600e+01  -3.0000000e+00
   2.8100000e+02   1.7247700e+01  -8.6085600e-02  -7.1996900e+00  -2.0000000e+00
   2.8200000e+02   1.2601300e+01  -1.1945600e+01   4.3126500e+00  -2.0000000e+00
   2.8300000e+02  -3.3190900e+00   4.5851000e+00   3.5736500e+01   2.0000000e+00
   2.8400000e+02   9.0922000e-01   1.7691600e+01   3.1403100e+01  -1.0000000e+00
   2.8500000e+02   1.4511200e+01   9.1435600e+00   6.1220700e+00  -2.0000000e+00
   2.8600000e+02  -1.5893100e+01  -2.9830200e+00   3.8098800e+01  -2.0000000e+00
   2.8700000e+02  -5.2172500e+00  -1.7263900e+01   1.7541400e+00  -1.0000000e+00
   2.8800000e+02  -8.3990500e+00   1.5076100e+01   3.4811500e+01  -1.0000000e+00
   2.8900000e+02   2.2578000e+00   1.2293800e+01   3.3889600e+01  -3.0000000e+00
   2.9000000e+02  -9.2365900e+00  -8.7769700e+00   2.8376300e+01   1.0000000e+00
   2.9100000e+02  -1.9963900e+00  -8.7600400e+00   2.6192000e+00   1.0000000e+00
   2.9200000e+02   1.0971100e+01   8.7677800e+00   6.2065200e+00   1.0000000e+00
   2.9300000e+02  -1.6162300e+00   8.3760100e+00   3.4637300e+01   2.0000000e+00
   2.9400000e+02   1.2852400e+01   7.9409300e+00   6.0593000e+00   1.0000000e+00
   2.9500000e+02   1.4763800e+01   7.0916100e+00   6.5917000e+00  -2.0000000e+00
   2.9600000e+02   6.1117200e+00   3.1774900e+00  -1.3811600e+00  -3.0000000e+00
   2.9700000e+02  -3.8825400e+00  -5.7082800e+00   1.3947700e+01  -3.0000000e+00
   2.9800000e+02   6.9973100e+00  -9.3037600e+00   3.8569300e+00   1.0000000e+00
   2.9900000e+02   3.2186100e+00  -5.3476600e+00   3.3878200e+00   1.0000000e+00
