   0.0000000e+00  -4.1108500e+00  -3.7979600e+00   1.0000000e+00
   1.0000000e+00  -7.6531700e+00  -3.2056400e+00   1.0000000e+00
   2.0000000e+00   1.1707400e+01  -7.4218100e+00   1.0000000e+00
   3.0000000e+00   7.4884700e-01   4.7545900e+00  -1.0000000e+00
   4.0000000e+00  -1.3822300e+01  -7.3920900e+00   1.0000000e+00
   5.0000000e+00  -3.9259800e+00   1.0575300e+01  -1.0000000e+00
   6.0000000e+00  -1.0594700e+01  -1.0032100e+01   1.0000000e+00
   7.0000000e+00   1.5281200e+01  -7.9878600e+00   1.0000000e+00
   8.0000000e+00   1.2988500e+01  -1.0754800e+01   1.0000000e+00
   9.0000000e+00   4.0277200e+00   6.2396200e+00  -1.0000000e+00
   1.0000000e+01  -2.1798500e+00  -1.4574400e+01   1.0000000e+00
   1.1000000e+01  -1.9683200e-01  -2.2738000e+00   1.0000000e+00
   1.2000000e+01   8.0693500e+00   1.5035900e+01  -1.0000000e+00
   1.3000000e+01   1.0435200e+00  -5.6384300e+00   1.0000000e+00
   1.4000000e+01  -1.2658200e-01   6.6275400e+00  -1.0000000e+00
   1.5000000e+01  -5.4120900e+00  -1.1980100e+01   1.0000000e+00
   1.6000000e+01   3.6247100e+00  -1.2393200e+01   1.0000000e+00
   1.7000000e+01  -3.1604900e+00  -9.1788000e+00   1.0000000e+00
   1.8000000e+01   8.8829000e+00  -2.7243100e+00   1.0000000e+00
   1.9000000e+01   3.5023600e+00   1.1702300e+01  -1.0000000e+00
   2.0000000e+01   6.5042300e+00  -1.7284500e+01   1.0000000e+00
   2.1000000e+01   1.4741900e+01   8.7567100e+00  -1.0000000e+00
   2.2000000e+01  -1.5766300e+01   5.9452100e+00  -1.0000000e+00
   2.3000000e+01   9.7322000e+00   1.1091200e+01  -1.0000000e+00
   2.4000000e+01   9.4390000e+00  -1.0171700e+01   1.0000000e+00
   2.5000000e+01  -1.3978200e+01   1.4997100e+01  -1.0000000e+00
   2.6000000e+01  -3.5676500e-01   1.5692700e+01  -1.0000000e+00
   2.7000000e+01   7.3960600e-01  -7.6872400e+00   1.0000000e+00
   2.8000000e+01  -1.5514200e+01   1.2928400e+01  -1.0000000e+00
   2.9000000e+01   8.5391400e+00  -4.7426900e+00   1.0000000e+00
   3.0000000e+01   8.7601900e+00  -1.4292800e+01   1.0000000e+00
   3.1000000e+01   1.6829600e+01   8.5061200e+00  -1.0000000e+00
   3.2000000e+01   6.9447100e+00   4.1623400e+00  -1.0000000e+00
   3.3000000e+01  -6.3796700e+00  -6.5409700e+00   1.0000000e+00
   3.4000000e+01   4.5474700e+00   7.8084800e-01  -1.0000000e+00
   3.5000000e+01   1.3933500e+01   1.0672000e+01  -1.0000000e+00
   3.6000000e+01  -5.3977700e+00   5.2608700e+00  -1.0000000e+00
   3.7000000e+01  -1.4764200e+01  -1.9608500e+00   1.0000000e+00
   3.8000000e+01   1.8310600e+01   1.7620400e+00  -1.0000000e+00
   3.9000000e+01  -2.1893300e+00   6.8236600e+00  -1.0000000e+00
   4.0000000e+01   1.3993100e+01   5.3530900e-01  -1.0000000e+00
   4.1000000e+01  -1.1917900e+01   1.4815000e+01  -1.0000000e+00
   4.2000000e+01  -5.6860100e+00  -2.4664200e+00   1.0000000e+00
   4.3000000e+01   1.3128500e+00  -1.5164300e+01   1.0000000e+00
   4.4000000e+01  -1.3483700e+01  -5.3559400e+00   1.0000000e+00
   4.5000000e+01   2.0367700e+00  -1.1084900e+01   1.0000000e+00
   4.6000000e+01  -4.2413700e+00   6.9661200e+00  -1.0000000e+00
   4.7000000e+01   4.6281400e+00  -6.2518200e+00   1.0000000e+00
   4.8000000e+01  -2.5137400e+00  -5.0734800e+00   1.0000000e+00
   4.9000000e+01   4.1338800e-01  -9.7407300e+00   1.0000000e+00
   5.0000000e+01  -1.2185200e+00  -8.4428800e+00   1.0000000e+00
   5.1000000e+01  -3.7885500e+00  -1.3274800e+01   1.0000000e+00
   5.2000000e+01   5.1992500e+00  -1.3727700e+01   1.0000000e+00
   5.3000000e+01  -4.8523000e+00   1.2423900e+01  -1.0000000e+00
   5.4000000e+01  -2.4556300e+00   3.1247800e+00  -1.0000000e+00
   5.5000000e+01  -2.7888000e+00   1.2285000e+01  -1.0000000e+00
   5.6000000e+01  -8.0243600e+00  -1.6807700e+01   1.0000000e+00
   5.7000000e+01  -1.6272100e+01  -1.0149900e+01   1.0000000e+00
   5.8000000e+01   1.2065000e+01  -3.4284900e-01  -1.0000000e+00
   5.9000000e+01   1.4166300e+00   1.1935300e+01  -1.0000000e+00
   6.0000000e+01  -1.2014300e+01   1.2636600e+00   1.0000000e+00
   6.1000000e+01   4.2818900e-01   1.1545900e+00  -1.0000000e+00
   6.2000000e+01  -1.8544800e+00   1.0417600e+01  -1.0000000e+00
   6.3000000e+01  -6.5517700e+00   3.5590800e+00  -1.0000000e+00
   6.4000000e+01  -7.3420900e+00  -1.1708200e+00   1.0000000e+00
   6.5000000e+01   2.4951600e+00   1.0076300e+00  -1.0000000e+00
   6.6000000e+01   1.1055700e+01   3.7457200e+00  -1.0000000e+00
   6.7000000e+01  -6.0407300e-01  -1.5932700e+01   1.0000000e+00
   6.8000000e+01   9.9678400e+00   1.9117800e+00  -1.0000000e+00
   6.9000000e+01   6.8115000e+00   1.3247400e+01  -1.0000000e+00
   7.0000000e+01  -1.8452900e+00  -1.2536000e+01   1.0000000e+00
   7.1000000e+01  -7.3709000e+00  -1.2713800e+01   1.0000000e+00
   7.2000000e+01  -5.4411400e+00  -3.8941900e-01   1.0000000e+00
   7.3000000e+01  -6.9057200e+00   1.2579900e+01  -1.0000000e+00
   7.4000000e+01   1.8634300e+01  -5.4673600e+00   1.0000000e+00
   7.5000000e+01   1.0477400e+01  -4.0268400e+00   1.0000000e+00
   7.6000000e+01   3.9698300e+00  -1.0359800e+01   1.0000000e+00
   7.7000000e+01  -1.6516000e+00   1.2000700e+00  -1.0000000e+00
   7.8000000e+01  -1.3377700e+01   9.3932200e+00  -1.0000000e+00
   7.9000000e+01  -1.6702400e+01   7.8262700e+00  -1.0000000e+00
   8.0000000e+01  -1.0104500e+01   1.1024800e+01  -1.0000000e+00
   8.1000000e+01   5.7486200e+00   2.4829600e+00  -1.0000000e+00
   8.2000000e+01   9.0010700e+00   3.9532600e+00  -1.0000000e+00
   8.3000000e+01  -1.7059400e+01  -4.6859800e+00   1.0000000e+00
   8.4000000e+01  -1.6743500e+01  -2.5905100e+00   1.0000000e+00
   8.5000000e+01  -3.7727700e+00  -1.6102700e+00   1.0000000e+00
   8.6000000e+01  -5.0973500e+00  -9.9435000e+00   1.0000000e+00
   8.7000000e+01   1.0604800e-01  -1.1789800e+01   1.0000000e+00
   8.8000000e+01   1.0947100e+01   1.2759000e+01  -1.0000000e+00
   8.9000000e+01  -3.6476700e+00   1.4148900e+01  -1.0000000e+00
   9.0000000e+01  -7.0205700e+00  -1.0671000e+01   1.0000000e+00
   9.1000000e+01   1.6916300e+01  -4.3152700e+00   1.0000000e+00
   9.2000000e+01   5.9038000e+00   1.5115600e+01  -1.0000000e+00
   9.3000000e+01   5.8846000e+00  -9.5997400e+00   1.0000000e+00
   9.4000000e+01  -1.3086600e+01   1.3046300e+01  -1.0000000e+00
   9.5000000e+01  -8.0585700e+00   1.0872200e+01  -1.0000000e+00
   9.6000000e+01  -1.7009700e+01   3.6277700e+00  -1.0000000e+00
   9.7000000e+01  -1.4233400e+01   1.1271200e+01  -1.0000000e+00
   9.8000000e+01  -5.7263500e+00   1.4302900e+01  -1.0000000e+00
   9.9000000e+01   2.9157700e+00  -1.6494100e+01   1.0000000e+00
   1.0000000e+02   5.5748200e+00  -1.1646500e+01   1.0000000e+00
   1.0100000e+02  -8.3117800e+00  -7.2756700e+00   1.0000000e+00
   1.0200000e+02  -6.3027200e+00   7.1094400e+00  -1.0000000e+00
   1.0300000e+02   1.1386500e+01  -9.4622000e+00   1.0000000e+00
   1.0400000e+02   1.5651300e+01  -8.9776200e-01  -1.0000000e+00
   1.0500000e+02   7.6090700e+00   1.1322100e+01  -1.0000000e+00
   1.0600000e+02  -1.4114700e+01  -9.4587300e+00   1.0000000e+00
   1.0700000e+02  -1.5959200e+01   1.8137400e+00   1.0000000e+00
   1.0800000e+02  -5.7518300e+00  -1.4031100e+01   1.0000000e+00
   1.0900000e+02   1.7841800e+00   1.5474800e+01  -1.0000000e+00
   1.1000000e+02  -6.0856800e+00  -1.6085100e+01   1.0000000e+00
   1.1100000e+02   1.0568500e+00   8.3251100e+00  -1.0000000e+00
   1.1200000e+02   1.2675300e+01  -1.2810300e+01   1.0000000e+00
   1.1300000e+02   1.8176400e+01   3.8586300e+00  -1.0000000e+00
   1.1400000e+02   1.7557000e+01  -2.2990100e+00  -1.0000000e+00
   1.1500000e+02   1.4188000e+01   1.4300700e+01  -1.0000000e+00
   1.1600000e+02   1.1025800e+01  -1.1489700e+01   1.0000000e+00
   1.1700000e+02   1.2326100e+00  -7.4882000e-01   1.0000000e+00
   1.1800000e+02   1.3892000e+00  -3.5914200e+00   1.0000000e+00
   1.1900000e+02   1.3069000e+01   1.2561300e+01  -1.0000000e+00
   1.2000000e+02   4.7095300e+00   1.3438500e+01  -1.0000000e+00
   1.2100000e+02  -2.8306500e+00  -7.1252900e+00   1.0000000e+00
   1.2200000e+02  -1.0031500e+01   1.8729200e+00  -1.0000000e+00
   1.2300000e+02   1.0128400e+01  -6.0758300e+00   1.0000000e+00
   1.2400000e+02   1.2282300e+01  -1.4816600e+01   1.0000000e+00
   1.2500000e+02   1.3537200e+01   7.0724100e+00  -1.0000000e+00
   1.2600000e+02  -3.0894000e+00   8.7035400e+00  -1.0000000e+00
   1.2700000e+02  -1.0891500e+01  -4.7873000e-01   1.0000000e+00
   1.2800000e+02   1.5611000e+01   6.7844600e+00  -1.0000000e+00
   1.2900000e+02   1.4858200e+01   2.4392100e+00  -1.0000000e+00
   1.3000000e+02  -1.3233300e+01  -1.4904600e+01   1.0000000e+00
   1.3100000e+02  -1.2854900e+01  -1.2833000e+01   1.0000000e+00
   1.3200000e+02  -9.6727300e+00  -1.5517200e+01   1.0000000e+00
   1.3300000e+02   3.2632400e+00  -1.4466000e+01   1.0000000e+00
   1.3400000e+02   5.2358700e-01   1.3801000e+01  -1.0000000e+00
   1.3500000e+02   5.0224000e+00  -4.1648100e+00   1.0000000e+00
   1.3600000e+02  -1.3160900e+01  -3.3236500e+00   1.0000000e+00
   1.3700000e+02   2.6303100e+00   1.3594100e+01  -1.0000000e+00
   1.3800000e+02   1.2016700e+01   1.7384700e+00  -1.0000000e+00
   1.3900000e+02  -2.5457100e+00  -1.6641000e+01   1.0000000e+00
   1.4000000e+02   8.1619900e+00   5.8307900e+00  -1.0000000e+00
   1.4100000e+02  -1.8294400e+01  -1.0700800e+00   1.0000000e+00
   1.4200000e+02  -7.1960500e+00   9.0085100e+00  -1.0000000e+00
   1.4300000e+02   4.3768100e+00   9.7943200e+00  -1.0000000e+00
   1.4400000e+02  -1.5891500e+01  -8.1074200e+00   1.0000000e+00
   1.4500000e+02   6.8226800e+00  -1.5086500e+01   1.0000000e+00
   1.4600000e+02   6.5969800e+00   5.9077200e-01  -1.0000000e+00
   1.4700000e+02   1.9913700e-01   1.0230900e+01  -1.0000000e+00
   1.4800000e+02  -2.5565700e-01  -1.3847000e+01   1.0000000e+00
   1.4900000e+02   1.5973700e+01   1.0408200e+01  -1.0000000e+00
   1.5000000e+02   4.8383100e+00  -1.5782200e+01   1.0000000e+00
   1.5100000e+02  -9.1031300e-01  -6.3981600e+00   1.0000000e+00
   1.5200000e+02  -5.1385700e+00   8.8195800e+00  -1.0000000e+00
   1.5300000e+02   1.2062800e+01  -5.3439500e+00   1.0000000e+00
   1.5400000e+02   1.0162200e+01  -1.1085400e+00  -1.0000000e+00
   1.5500000e+02  -7.4626400e+00   5.3994100e+00  -1.0000000e+00
   1.5600000e+02  -9.5659100e-01  -1.7962900e+01   1.0000000e+00
   1.5700000e+02   7.3732400e+00  -1.3388300e+00  -1.0000000e+00
   1.5800000e+02   1.0609200e+01   9.2326700e+00  -1.0000000e+00
   1.5900000e+02  -4.5013700e+00   1.6036700e+01  -1.0000000e+00
   1.6000000e+02  -4.7562400e+00  -7.8812200e+00   1.0000000e+00
   1.6100000e+02  -1.1898000e+01  -6.6747600e+00   1.0000000e+00
   1.6200000e+02  -4.4950000e+00   3.3813800e+00  -1.0000000e+00
   1.6300000e+02  -6.0409300e+00  -4.5207800e+00   1.0000000e+00
   1.6400000e+02   1.3090800e+01   3.5061500e+00  -1.0000000e+00
   1.6500000e+02   2.6827200e+00  -6.9895600e+00   1.0000000e+00
   1.6600000e+02   1.2262600e+01   5.4112100e+00  -1.0000000e+00
   1.6700000e+02  -5.6294000e+00   1.6528100e+00  -1.0000000e+00
   1.6800000e+02  -1.0426800e+01   7.3965700e+00  -1.0000000e+00
   1.6900000e+02   5.5588300e+00   1.1465900e+01  -1.0000000e+00
   1.7000000e+02   7.1344600e+00  -1.3020500e+01   1.0000000e+00
   1.7100000e+02  -9.3310900e+00  -1.3416200e+01   1.0000000e+00
   1.7200000e+02   9.0633100e+00  -1.2237200e+01   1.0000000e+00
   1.7300000e+02  -1.2747800e+01   3.8977500e+00  -1.0000000e+00
   1.7400000e+02  -7.9908700e+00  -5.2269100e+00   1.0000000e+00
   1.7500000e+02  -1.4501800e+01  -1.1498300e+01   1.0000000e+00
   1.7600000e+02   1.4600800e+01  -1.2108300e+01   1.0000000e+00
   1.7700000e+02  -2.4570800e+00   1.5833300e+01  -1.0000000e+00
   1.7800000e+02   3.2972600e+00  -8.7981000e-01   1.0000000e+00
   1.7900000e+02   6.6186500e+00  -5.4945100e+00   1.0000000e+00
   1.8000000e+02  -2.1951300e+00  -2.9702000e+00   1.0000000e+00
   1.8100000e+02   1.6372200e+01   1.0554300e+00  -1.0000000e+00
   1.8200000e+02   7.1379800e+00   1.6864200e+01  -1.0000000e+00
   1.8300000e+02   7.8810900e+00   2.2208900e+00  -1.0000000e+00
   1.8400000e+02   2.3285700e+00  -9.0143900e+00   1.0000000e+00
   1.8500000e+02   6.4523600e+00   9.5909800e+00  -1.0000000e+00
   1.8600000e+02   6.9151600e+00  -3.3818200e+00   1.0000000e+00
   1.8700000e+02   1.1849300e+01   1.0894000e+01  -1.0000000e+00
   1.8800000e+02  -1.0896900e+01  -1.2067600e+01   1.0000000e+00
   1.8900000e+02  -1.5843000e+00   1.3970200e+01  -1.0000000e+00
   1.9000000e+02   2.9829300e+00  -4.9626100e+00   1.0000000e+00
   1.9100000e+02   1.1450800e+01   7.3121800e+00  -1.0000000e+00
   1.9200000e+02   1.5347100e+01  -2.9951100e+00   1.0000000e+00
   1.9300000e+02  -1.4985800e+01   3.9669600e+00  -1.0000000e+00
   1.9400000e+02   1.3679100e+01  -6.6864200e+00   1.0000000e+00
   1.9500000e+02   7.4993500e+00  -1.0877600e+01   1.0000000e+00
   1.9600000e+02  -1.5454700e+01  -6.0408600e+00   1.0000000e+00
   1.9700000e+02  -4.1005900e-01   3.0519900e+00  -1.0000000e+00
   1.9800000e+02  -1.4302400e+01   1.6084400e-01   1.0000000e+00
   1.9900000e+02  -4.4237200e+00  -5.8343300e+00   1.0000000e+00
   2.0000000e+02  -9.5254500e+00   5.5456900e+00  -1.0000000e+00
   2.0100000e+02  -9.9994500e-01   8.5065400e+00  -1.0000000e+00
   2.0200000e+02   4.2940000e+00  -8.2859200e+00   1.0000000e+00
   2.0300000e+02   1.3438700e+01  -3.7531800e+00   1.0000000e+00
   2.0400000e+02  -9.5976700e+00  -3.9259200e+00   1.0000000e+00
   2.0500000e+02   1.4951400e+01  -1.0024300e+01   1.0000000e+00
   2.0600000e+02  -1.1629600e+01   5.6538300e+00  -1.0000000e+00
   2.0700000e+02  -8.9658400e+00  -1.1350700e+01   1.0000000e+00
   2.0800000e+02  -1.2525100e+01  -1.0782700e+01   1.0000000e+00
   2.0900000e+02  -1.3897800e+01   2.1802900e+00  -1.0000000e+00
   2.1000000e+02  -3.3403200e+00   1.7734900e+01  -1.0000000e+00
   2.1100000e+02  -1.1210900e+01  -2.6047700e+00   1.0000000e+00
   2.1200000e+02   9.9079900e-01  -1.7248900e+01   1.0000000e+00
   2.1300000e+02  -9.2579900e+00   9.1342100e+00  -1.0000000e+00
   2.1400000e+02  -6.6026300e+00   1.6246500e+01  -1.0000000e+00
   2.1500000e+02  -8.6615700e+00   1.6327400e+01  -1.0000000e+00
   2.1600000e+02  -9.9260600e+00  -5.9771200e+00   1.0000000e+00
   2.1700000e+02   1.9507100e+00   6.4265600e+00  -1.0000000e+00
   2.1800000e+02  -1.0694800e+01   3.8186700e+00  -1.0000000e+00
   2.1900000e+02  -8.9169200e+00   1.6026200e-01   1.0000000e+00
   2.2000000e+02  -6.7118700e+00  -8.6325100e+00   1.0000000e+00
   2.2100000e+02  -4.1128800e+00  -1.5323000e+01   1.0000000e+00
   2.2200000e+02  -1.6243600e+01  -5.3174500e-01   1.0000000e+00
   2.2300000e+02   1.0689200e+01  -1.3524800e+01   1.0000000e+00
   2.2400000e+02   2.2542400e+00   1.0060000e+01  -1.0000000e+00
   2.2500000e+02  -7.7795800e+00   1.4443100e+01  -1.0000000e+00
   2.2600000e+02   1.0095000e+01   1.4693600e+01  -1.0000000e+00
   2.2700000e+02  -5.8200400e-01  -4.3426800e+00   1.0000000e+00
   2.2800000e+02  -3.7119300e+00   7.4476300e-01  -1.0000000e+00
   2.2900000e+02  -6.7971700e-01   1.2112100e+01  -1.0000000e+00
   2.3000000e+02   1.4986900e+01  -5.0923100e+00   1.0000000e+00
   2.3100000e+02   5.1959800e+00  -1.7888800e+00   1.0000000e+00
   2.3200000e+02   1.6980500e+00  -1.3139200e+01   1.0000000e+00
   2.3300000e+02  -8.6583400e+00  -9.2991700e+00   1.0000000e+00
   2.3400000e+02  -8.9593800e+00   1.2729200e+01  -1.0000000e+00
   2.3500000e+02  -9.8602000e+00   1.4654500e+01  -1.0000000e+00
   2.3600000e+02   9.7659600e+00  -8.1431200e+00   1.0000000e+00
   2.3700000e+02  -1.1263300e+01  -1.4210700e+01   1.0000000e+00
   2.3800000e+02  -3.3431400e+00   5.0946000e+00  -1.0000000e+00
   2.3900000e+02   1.2131800e+01   1.4454300e+01  -1.0000000e+00
   2.4000000e+02   2.8308100e+00   4.5715800e+00  -1.0000000e+00
   2.4100000e+02   9.3584200e-01   1.7367000e+01  -1.0000000e+00
   2.4200000e+02  -8.3516700e+00   7.2817800e+00  -1.0000000e+00
   2.4300000e+02   3.6909500e+00   2.6703900e+00  -1.0000000e+00
   2.4400000e+02   1.3727400e+01  -1.6216600e+00  -1.0000000e+00
   2.4500000e+02   4.5265300e+00  -1.7837900e+01   1.0000000e+00
   2.4600000e+02  -8.6360300e+00   3.6795200e+00  -1.0000000e+00
   2.4700000e+02  -3.4871000e+00  -1.1252000e+01   1.0000000e+00
   2.4800000e+02  -1.8716100e+01  -3.1785800e+00   1.0000000e+00
   2.4900000e+02  -1.7912900e+01   1.0137800e+00   1.0000000e+00
   2.5000000e+02   1.5205000e+01   1.2328900e+01  -1.0000000e+00
   2.5100000e+02  -1.1008100e+01   1.2893600e+01  -1.0000000e+00
   2.5200000e+02   9.3975500e+00   7.5746100e+00  -1.0000000e+00
   2.5300000e+02   1.2686400e+01   8.9752800e+00  -1.0000000e+00
   2.5400000e+02   5.0428500e+00   1.6982800e+01  -1.0000000e+00
   2.5500000e+02  -9.2964100e+00  -1.8621200e+00   1.0000000e+00
   2.5600000e+02   1.0218300e+01   5.6559500e+00  -1.0000000e+00
   2.5700000e+02   7.8320500e+00  -8.8498800e+00   1.0000000e+00
   2.5800000e+02   5.2427700e+00   7.9212200e+00  -1.0000000e+00
   2.5900000e+02  -1.2809600e+01  -1.2845100e+00   1.0000000e+00
   2.6000000e+02   1.6355800e+00   2.8888600e+00  -1.0000000e+00
   2.6100000e+02   1.1774200e+01  -2.3966900e+00   1.0000000e+00
   2.6200000e+02   3.8495700e+00   1.5300800e+01  -1.0000000e+00
   2.6300000e+02   8.2074100e+00  -6.7928500e+00   1.0000000e+00
   2.6400000e+02  -1.5441500e+01   9.6041900e+00  -1.0000000e+00
   2.6500000e+02  -4.4423500e+00  -1.7516000e+01   1.0000000e+00
   2.6600000e+02   7.3014700e+00   7.7173000e+00  -1.0000000e+00
   2.6700000e+02   8.4011000e+00  -1.6443500e+01   1.0000000e+00
   2.6800000e+02   3.0025200e+00   1.7176700e+01  -1.0000000e+00
   2.6900000e+02   1.7417900e+01   5.7629800e+00  -1.0000000e+00
   2.7000000e+02  -1.3021100e+00   4.9176400e+00  -1.0000000e+00
   2.7100000e+02   1.6127900e+01   4.0608600e+00  -1.0000000e+00
   2.7200000e+02   3.3465400e+00  -2.9351300e+00   1.0000000e+00
   2.7300000e+02  -1.5599900e+00  -1.0475600e+01   1.0000000e+00
   2.7400000e+02   1.6631500e+01  -6.3512500e+00   1.0000000e+00
   2.7500000e+02   8.9036600e+00   1.2984500e+01  -1.0000000e+00
   2.7600000e+02   6.0881500e+00   6.0426400e+00  -1.0000000e+00
   2.7700000e+02   4.8870100e+00   4.3621700e+00  -1.0000000e+00
   2.7800000e+02  -1.3697000e+01   5.8148900e+00  -1.0000000e+00
   2.7900000e+02   3.1180300e+00   8.1153700e+00  -1.0000000e+00
   2.8000000e+02  -1.5111100e+01  -4.0186700e+00   1.0000000e+00
   2.8100000e+02  -1.2194300e+01  -8.7266300e+00   1.0000000e+00
   2.8200000e+02  -7.6751800e+00  -1.4786900e+01   1.0000000e+00
   2.8300000e+02   6.2217500e+00  -7.5559200e+00   1.0000000e+00
   2.8400000e+02  -1.4564000e+01   7.7113400e+00  -1.0000000e+00
   2.8500000e+02   1.0358900e+01  -1.5616900e+01   1.0000000e+00
   2.8600000e+02   1.7941700e+01  -2.6645900e-01  -1.0000000e+00
   2.8700000e+02  -1.2535200e+00   1.7741800e+01  -1.0000000e+00
   2.8800000e+02  -1.8153600e+00  -9.1924500e-01   1.0000000e+00
   2.8900000e+02   1.3328000e+01  -8.7278200e+00   1.0000000e+00
   2.9000000e+02  -6.0101900e+00   1.0704900e+01  -1.0000000e+00
   2.9100000e+02  -1.2486400e+01   7.5418800e+00  -1.0000000e+00
   2.9200000e+02   8.6622900e+00   3.1327000e-01  -1.0000000e+00
   2.9300000e+02  -1.1531600e+01  -4.6333800e+00   1.0000000e+00
   2.9400000e+02  -1.1320000e+01   9.3025600e+00  -1.0000000e+00
   2.9500000e+02   8.5130400e+00   9.4348500e+00  -1.0000000e+00
   2.9600000e+02  -1.2179000e+01   1.1187200e+01  -1.0000000e+00
   2.9700000e+02  -7.7125700e+00   1.8189800e+00  -1.0000000e+00
   2.9800000e+02  -1.0264800e+01  -8.0039300e+00   1.0000000e+00
   2.9900000e+02   1.4348900e+01   5.1338700e+00  -1.0000000e+00
