   0.0000000e+00   5.8810900e-01  -7.5272700e+00  -1.0000000e+00
   1.0000000e+00   7.7589200e+00   8.1810200e+00   1.0000000e+00
   2.0000000e+00  -5.1776000e+00   7.8153500e+00   1.0000000e+00
   3.0000000e+00  -6.0711400e+00   4.3066000e+00   1.0000000e+00
   4.0000000e+00   3.2415800e+00   4.1726800e-01  -1.0000000e+00
   5.0000000e+00  -6.2195500e+00  -5.1727900e+00  -1.0000000e+00
   6.0000000e+00  -2.2370400e+00   1.0791400e+01   1.0000000e+00
   7.0000000e+00  -1.5359100e+01  -2.7354600e+00   1.0000000e+00
   8.0000000e+00   8.7266400e+00   1.1613700e+01   1.0000000e+00
   9.0000000e+00  -3.4746100e+00  -1.3771200e+01  -1.0000000e+00
   1.0000000e+01  -1.0442900e+01  -8.7760700e-02   1.0000000e+00
   1.1000000e+01  -1.4263700e+01   1.3800600e+01   1.0000000e+00
   1.2000000e+01  -8.9264000e+00  -1.3034400e+01  -1.0000000e+00
   1.3000000e+01  -4.8733000e+00  -6.7167900e+00  -1.0000000e+00
   1.4000000e+01   9.4505900e+00  -1.4988400e+01  -1.0000000e+00
   1.5000000e+01   1.2591500e+00  -1.0995400e+01  -1.0000000e+00
   1.6000000e+01   2.8363600e+00   5.7461700e+00   1.0000000e+00
   1.7000000e+01  -1.5601300e+01   4.8263400e+00   1.0000000e+00
   1.8000000e+01  -2.0669500e+00   3.3162200e+00   1.0000000e+00
   1.9000000e+01   5.3238000e+00  -4.6984700e+00  -1.0000000e+00
   2.0000000e+01   1.0775000e+01  -1.0978100e+01  -1.0000000e+00
   2.1000000e+01   1.5507800e+01   8.3644400e+00  -1.0000000e+00
   2.2000000e+01   1.1419900e+01  -9.0255400e+00  -1.0000000e+00
   2.3000000e+01  -4.8126100e+00  -1.7661700e+01  -1.0000000e+00
   2.4000000e+01   5.3606600e+00  -1.5676600e+01  -1.0000000e+00
   2.5000000e+01  -7.5282800e+00   2.8178500e+00   1.0000000e+00
   2.6000000e+01   8.7271400e+00  -5.8738300e+00  -1.0000000e+00
   2.7000000e+01   6.0325700e+00  -1.3726400e+01  -1.0000000e+00
   2.8000000e+01   4.6174700e+00   4.7237700e+00  -1.0000000e+00
   2.9000000e+01   2.6192300e+00  -7.1030800e+00  -1.0000000e+00
   3.0000000e+01   2.5886300e+00  -1.6095100e+00  -1.0000000e+00
   3.1000000e+01  -1.6499100e+01   1.2268300e+00   1.0000000e+00
   3.2000000e+01   1.9474700e+00  -1.4528100e+01  -1.0000000e+00
   3.3000000e+01  -1.5533000e+01  -8.8626400e+00   1.0000000e+00
   3.4000000e+01  -1.6433900e+01  -4.5015400e+00   1.0000000e+00
   3.5000000e+01   1.7496100e+00   9.7539100e+00   1.0000000e+00
   3.6000000e+01   1.5603600e+01   2.7972800e+00  -1.0000000e+00
   3.7000000e+01  -6.9587300e+00   8.0375700e-01   1.0000000e+00
   3.8000000e+01   5.3080900e+00   7.4392000e-01  -1.0000000e+00
   3.9000000e+01   3.9639200e+00  -3.1648600e+00  -1.0000000e+00
   4.0000000e+01  -8.2646600e+00   1.2308700e+01   1.0000000e+00
   4.1000000e+01  -6.6403500e+00   6.3113200e+00   1.0000000e+00
   4.2000000e+01  -7.5446800e+00  -1.4588200e+01  -1.0000000e+00
   4.3000000e+01   1.4900300e+01  -4.6868100e+00  -1.0000000e+00
   4.4000000e+01  -1.3731600e+01   1.1826100e+01   1.0000000e+00
   4.5000000e+01  -2.1373600e+00  -9.8958400e+00  -1.0000000e+00
   4.6000000e+01   8.1605100e+00   1.3633600e+01   1.0000000e+00
   4.7000000e+01   5.5836800e+00   1.6206200e+01   1.0000000e+00
   4.8000000e+01  -1.3200900e+01   9.8191200e+00   1.0000000e+00
   4.9000000e+01   1.2822100e+01   5.8776700e+00  -1.0000000e+00
   5.0000000e+01  -1.2256700e+01   1.3369000e+01   1.0000000e+00
   5.1000000e+01   1.5348300e+00   1.7221700e+01   1.0000000e+00
   5.2000000e+01  -1.0668900e+01   7.3386700e+00   1.0000000e+00
   5.3000000e+01   1.1478600e+01  -1.4567800e+01  -1.0000000e+00
   5.4000000e+01  -1.3269000e+00   1.4275400e+01   1.0000000e+00
   5.5000000e+01   9.4393800e+00   7.0060800e+00  -1.0000000e+00
   5.6000000e+01  -1.6793100e+01   8.8487300e+00   1.0000000e+00
   5.7000000e+01   1.2057900e+01   9.4045600e+00  -1.0000000e+00
   5.8000000e+01  -1.1479400e+00   6.7767900e+00   1.0000000e+00
   5.9000000e+01  -6.9079200e+00  -1.2607000e+01  -1.0000000e+00
   6.0000000e+01   1.2199000e+01  -1.5760400e+00  -1.0000000e+00
   6.1000000e+01   1.2887700e+01   3.6211300e-01  -1.0000000e+00
   6.2000000e+01   6.6770600e+00   1.2213600e+01   1.0000000e+00
   6.3000000e+01   1.2265100e+01   1.3457000e+01   1.0000000e+00
   6.4000000e+01   1.6872900e+01   6.7220700e+00  -1.0000000e+00
   6.5000000e+01  -2.6412800e+00   5.3023900e+00   1.0000000e+00
   6.6000000e+01  -2.9645500e+00  -2.0754200e-01   1.0000000e+00
   6.7000000e+01  -1.1947400e+01  -1.6274700e+00   1.0000000e+00
   6.8000000e+01   1.4827500e+01   6.3461400e+00  -1.0000000e+00
   6.9000000e+01   3.2993500e+00  -1.0634500e+01  -1.0000000e+00
   7.0000000e+01  -1.6981700e+00   8.7719200e+00   1.0000000e+00
   7.1000000e+01  -1.7412400e+01  -2.4713400e+00   1.0000000e+00
   7.2000000e+01   2.3132000e+00   7.7280600e+00   1.0000000e+00
   7.3000000e+01   4.6555700e+00  -6.6745600e+00  -1.0000000e+00
   7.4000000e+01   9.4116400e+00  -3.9398800e+00  -1.0000000e+00
   7.5000000e+01   8.2459400e-02   1.5769900e+01   1.0000000e+00
   7.6000000e+01   8.0537300e+00   3.1294800e+00  -1.0000000e+00
   7.7000000e+01  -1.6770400e+00   1.6864600e+01   1.0000000e+00
   7.8000000e+01  -1.0321000e+01  -1.1519900e+01  -1.0000000e+00
   7.9000000e+01   1.2076200e+00   1.1737400e+01   1.0000000e+00
   8.0000000e+01  -2.7367400e+00  -1.7305100e+01  -1.0000000e+00
   8.1000000e+01  -9.6710900e+00  -9.5433600e+00  -1.0000000e+00
   8.2000000e+01  -1.1720600e+01   1.1355100e+01   1.0000000e+00
   8.3000000e+01  -1.0265700e+01   1.2885500e+01   1.0000000e+00
   8.4000000e+01  -7.7292100e+00   1.0302400e+01   1.0000000e+00
   8.5000000e+01   1.4080800e+01   9.8803200e+00  -1.0000000e+00
   8.6000000e+01   7.3301200e+00   1.2054900e+00  -1.0000000e+00
   8.7000000e+01  -8.8094500e+00   1.4387900e+01   1.0000000e+00
   8.8000000e+01  -1.1721800e+01  -9.9390900e+00  -1.0000000e+00
   8.9000000e+01  -3.8143000e+00   1.6835200e+01   1.0000000e+00
   9.0000000e+01  -7.5523100e+00  -9.1199400e+00  -1.0000000e+00
   9.1000000e+01  -4.9440300e+00   3.2483100e-01   1.0000000e+00
   9.2000000e+01   1.7009800e+01   1.1803100e+00  -1.0000000e+00
   9.3000000e+01   1.5511000e+01  -8.2639400e+00  -1.0000000e+00
   9.4000000e+01   8.7019400e+00  -3.6996700e-01  -1.0000000e+00
   9.5000000e+01   8.0011600e+00  -7.8376000e+00  -1.0000000e+00
   9.6000000e+01   3.7864100e+00   2.7302300e+00  -1.0000000e+00
   9.7000000e+01   1.1442200e+01  -3.5364000e+00  -1.0000000e+00
   9.8000000e+01  -1.4709500e+01   8.3629300e+00   1.0000000e+00
   9.9000000e+01  -9.7243400e+00   1.0824200e+01   1.0000000e+00
   1.0000000e+02   5.7585500e+00   8.7115100e+00   1.0000000e+00
   1.0100000e+02   6.0048700e+00  -2.7654900e+00  -1.0000000e+00
   1.0200000e+02  -1.3028800e+01   2.3830000e+00   1.0000000e+00
   1.0300000e+02   6.6965600e+00  -6.2571500e+00  -1.0000000e+00
   1.0400000e+02  -5.5343500e+00  -8.7176200e+00  -1.0000000e+00
   1.0500000e+02  -1.4984400e+00   1.3052200e+00   1.0000000e+00
   1.0600000e+02  -4.1626100e+00  -1.0249100e+01  -1.0000000e+00
   1.0700000e+02   1.8367500e+01  -5.8283000e+00  -1.0000000e+00
   1.0800000e+02   1.0119400e+01  -1.2952500e+01  -1.0000000e+00
   1.0900000e+02   8.4767100e-01   6.2608900e+00   1.0000000e+00
   1.1000000e+02  -1.7135800e+01   3.2575600e+00   1.0000000e+00
   1.1100000e+02   1.4199600e+01  -6.6647400e+00  -1.0000000e+00
   1.1200000e+02  -1.5979000e+01  -7.6716100e-01   1.0000000e+00
   1.1300000e+02  -6.8328500e+00   1.3835900e+01   1.0000000e+00
   1.1400000e+02  -3.5661700e-02   2.7819800e+00   1.0000000e+00
   1.1500000e+02   8.1014300e+00  -1.3330100e+01  -1.0000000e+00
   1.1600000e+02   1.0077400e+01   3.5280200e+00  -1.0000000e+00
   1.1700000e+02  -8.9552900e+00   1.3385100e+00   1.0000000e+00
   1.1800000e+02   1.4259700e+01  -1.1714700e+00  -1.0000000e+00
   1.1900000e+02  -1.1560400e+01   3.8817600e+00   1.0000000e+00
   1.2000000e+02   6.7802200e-01   1.3788900e+01   1.0000000e+00
   1.2100000e+02   1.0269400e+01   1.2969300e+01   1.0000000e+00
   1.2200000e+02  -7.6409400e-01  -1.1419500e+01  -1.0000000e+00
   1.2300000e+02  -1.5209200e+01   1.0376800e+01   1.0000000e+00
   1.2400000e+02   5.8038600e-01  -2.0465500e+00  -1.0000000e+00
   1.2500000e+02  -1.2133500e+01   5.8543100e+00   1.0000000e+00
   1.2600000e+02   9.4490000e+00   1.5544100e+00  -1.0000000e+00
   1.2700000e+02   4.7503500e+00  -1.7657000e+01  -1.0000000e+00
   1.2800000e+02  -9.5918200e+00  -1.4997800e+01  -1.0000000e+00
   1.2900000e+02  -1.3014300e+01  -1.3881100e+01  -1.0000000e+00
   1.3000000e+02   5.1170000e+00   1.8219900e+01   1.0000000e+00
   1.3100000e+02   1.2840200e+01  -1.0637000e+01  -1.0000000e+00
   1.3200000e+02   4.3128800e+00   7.2366000e+00   1.0000000e+00
   1.3300000e+02   1.4195900e+01   4.3389600e+00  -1.0000000e+00
   1.3400000e+02   1.2115900e+01  -7.0630400e+00  -1.0000000e+00
   1.3500000e+02  -1.3260600e+00  -1.8942200e+01  -1.0000000e+00
   1.3600000e+02   3.2248800e+00   1.1244400e+01   1.0000000e+00
   1.3700000e+02   1.6067500e+01   1.0493800e+01  -1.0000000e+00
   1.3800000e+02  -1.1033300e+01  -8.0021500e+00  -1.0000000e+00
   1.3900000e+02  -2.5030900e-01   1.0245700e+01   1.0000000e+00
   1.4000000e+02   2.6648100e+00   1.3216300e+01   1.0000000e+00
   1.4100000e+02   1.2681100e+01   1.1400400e+01  -1.0000000e+00
   1.4200000e+02  -1.1644500e+01  -1.5473700e+01  -1.0000000e+00
   1.4300000e+02   2.7095700e+00  -1.8038100e+01  -1.0000000e+00
   1.4400000e+02  -3.1506400e+00   7.2908700e+00   1.0000000e+00
   1.4500000e+02   1.2624500e+00  -5.5558900e+00  -1.0000000e+00
   1.4600000e+02  -1.4273200e+01  -4.9888100e+00   1.0000000e+00
   1.4700000e+02   1.0779200e+01  -5.5007700e+00  -1.0000000e+00
   1.4800000e+02   1.5628700e+01  -2.7168100e+00  -1.0000000e+00
   1.4900000e+02  -1.5099600e+01   2.8323200e+00   1.0000000e+00
   1.5000000e+02   2.6172500e+00  -1.2579100e+01  -1.0000000e+00
   1.5100000e+02   4.6842300e+00   1.2706900e+01   1.0000000e+00
   1.5200000e+02   2.1230400e+00   1.5249000e+01   1.0000000e+00
   1.5300000e+02  -7.7173300e-01  -5.9580700e+00  -1.0000000e+00
   1.5400000e+02  -6.4286300e+00  -1.1946300e+00   1.0000000e+00
   1.5500000e+02   1.1440700e+01   7.4380800e+00  -1.0000000e+00
   1.5600000e+02  -2.7914700e+00   1.2801000e+01   1.0000000e+00
   1.5700000e+02   1.4206000e+01  -1.2191600e+01  -1.0000000e+00
   1.5800000e+02   1.3482000e+01   7.9127400e+00  -1.0000000e+00
   1.5900000e+02   7.1231700e+00   1.7655400e+01   1.0000000e+00
   1.6000000e+02   3.9954100e+00  -1.4127100e+01  -1.0000000e+00
   1.6100000e+02  -7.1702200e+00   8.3091200e+00   1.0000000e+00
   1.6200000e+02   3.0538200e-01   8.2708100e+00   1.0000000e+00
   1.6300000e+02   8.7110300e+00   5.0766600e+00  -1.0000000e+00
   1.6400000e+02  -6.9073000e-02  -1.4943500e+01  -1.0000000e+00
   1.6500000e+02  -5.7974300e+00  -3.1634900e+00   1.0000000e+00
   1.6600000e+02  -1.5829600e+01   1.2328300e+01   1.0000000e+00
   1.6700000e+02  -9.3444900e+00   1.6424300e+01   1.0000000e+00
   1.6800000e+02   6.3037000e+00   6.7145900e+00   1.0000000e+00
   1.6900000e+02   1.7656500e+01   3.1817900e+00  -1.0000000e+00
   1.7000000e+02  -1.0810900e+01   1.4911100e+01   1.0000000e+00
   1.7100000e+02   1.2159800e+01  -1.2571700e+01  -1.0000000e+00
   1.7200000e+02   4.6159100e+00  -1.1895400e+00  -1.0000000e+00
   1.7300000e+02  -3.3144600e+00   1.4821600e+01   1.0000000e+00
   1.7400000e+02   1.4962900e+01   7.6049800e-01  -1.0000000e+00
   1.7500000e+02  -1.1093100e-01  -3.9937600e+00  -1.0000000e+00
   1.7600000e+02   1.6149500e+00   4.0845900e+00   1.0000000e+00
   1.7700000e+02  -4.8335200e+00  -1.2236700e+01  -1.0000000e+00
   1.7800000e+02   1.6349000e+01  -7.5573800e-01  -1.0000000e+00
   1.7900000e+02  -8.2261500e+00  -5.6014800e+00  -1.0000000e+00
   1.8000000e+02  -8.0710600e+00   4.8235900e+00   1.0000000e+00
   1.8100000e+02  -1.3334400e+01  -3.1415700e+00   1.0000000e+00
   1.8200000e+02  -6.8802700e+00  -7.1679900e+00  -1.0000000e+00
   1.8300000e+02   1.7651000e+01  -7.9276300e+00  -1.0000000e+00
   1.8400000e+02   6.9018200e-01  -1.8512600e+01  -1.0000000e+00
   1.8500000e+02   6.7179300e+00  -1.1772100e+01  -1.0000000e+00
   1.8600000e+02   1.9695500e+00  -9.0538600e+00  -1.0000000e+00
   1.8700000e+02   1.0648900e+00   4.6587500e-02  -1.0000000e+00
   1.8800000e+02   9.3765500e+00  -9.3723700e+00  -1.0000000e+00
   1.8900000e+02  -1.4173000e+01   6.3478500e+00   1.0000000e+00
   1.9000000e+02  -1.3816900e+01  -1.0250800e+01  -1.0000000e+00
   1.9100000e+02   6.6646200e+00  -8.1914900e-01  -1.0000000e+00
   1.9200000e+02   3.3504100e+00  -1.6076700e+01  -1.0000000e+00
   1.9300000e+02  -1.2451500e+01   3.6340200e-01   1.0000000e+00
   1.9400000e+02   4.0024700e+00  -8.6212600e+00  -1.0000000e+00
   1.9500000e+02   1.6973600e+01  -4.2846000e+00  -1.0000000e+00
   1.9600000e+02   5.9246800e-01  -1.2976400e+01  -1.0000000e+00
   1.9700000e+02   5.2316500e+00   1.0706400e+01   1.0000000e+00
   1.9800000e+02   3.7343500e+00   9.2111600e+00   1.0000000e+00
   1.9900000e+02   1.6231100e+01  -6.3011900e+00  -1.0000000e+00
   2.0000000e+02  -5.5183000e+00   2.2989300e+00   1.0000000e+00
   2.0100000e+02  -5.3301600e+00   1.5387700e+01   1.0000000e+00
   2.0200000e+02  -9.1805300e+00   8.8249900e+00   1.0000000e+00
   2.0300000e+02   1.3578800e+01  -3.1102000e+00  -1.0000000e+00
   2.0400000e+02   1.7677700e+01  -2.3607300e+00  -1.0000000e+00
   2.0500000e+02  -8.4271100e+00  -6.5062900e-01   1.0000000e+00
   2.0600000e+02  -8.2738900e+00  -1.1043400e+01  -1.0000000e+00
   2.0700000e+02  -1.3962900e+01  -1.1704200e+00   1.0000000e+00
   2.0800000e+02   8.7430100e+00  -1.1359900e+01  -1.0000000e+00
   2.0900000e+02   1.3600700e+01   2.3058400e+00  -1.0000000e+00
   2.1000000e+02  -1.2337900e+01  -1.1916200e+01  -1.0000000e+00
   2.1100000e+02  -1.6199600e+01   6.8662200e+00   1.0000000e+00
   2.1200000e+02  -3.7223700e+00   9.2933600e+00   1.0000000e+00
   2.1300000e+02   1.0834800e+01  -6.4246200e-03  -1.0000000e+00
   2.1400000e+02  -9.4129600e-01  -6.6760100e-01  -1.0000000e+00
   2.1500000e+02   1.2183700e+01   3.9218400e+00  -1.0000000e+00
   2.1600000e+02  -5.7230800e+00   9.8116500e+00   1.0000000e+00
   2.1700000e+02   1.8512600e+01  -4.5180100e-01  -1.0000000e+00
   2.1800000e+02  -1.4492100e+00  -1.3395000e+01  -1.0000000e+00
   2.1900000e+02  -8.6321400e+00   6.8235600e+00   1.0000000e+00
   2.2000000e+02   1.2849800e+01  -5.0419900e+00  -1.0000000e+00
   2.2100000e+02  -3.4911000e+00   1.7985500e+00   1.0000000e+00
   2.2200000e+02  -6.1806900e+00  -1.0681000e+01  -1.0000000e+00
   2.2300000e+02  -9.6450500e+00  -4.1257500e+00   1.0000000e+00
   2.2400000e+02  -1.8011000e+01  -3.7230200e-01   1.0000000e+00
   2.2500000e+02  -8.2101300e+00  -1.6554400e+01  -1.0000000e+00
   2.2600000e+02  -1.7621500e+01   5.3191100e+00   1.0000000e+00
   2.2700000e+02   7.3895800e+00  -1.5280700e+01  -1.0000000e+00
   2.2800000e+02  -6.1910400e+00  -1.6139600e+01  -1.0000000e+00
   2.2900000e+02  -1.0984700e+01   1.8982400e+00   1.0000000e+00
   2.3000000e+02   7.3755500e+00  -4.2999200e+00  -1.0000000e+00
   2.3100000e+02  -2.8257100e+00  -6.3058000e+00  -1.0000000e+00
   2.3200000e+02   6.1270200e+00   1.4201300e+01   1.0000000e+00
   2.3300000e+02   1.1758700e+01   1.5509200e+01   1.0000000e+00
   2.3400000e+02  -7.3188600e+00   1.5913200e+01   1.0000000e+00
   2.3500000e+02  -4.8038900e+00   1.3312100e+01   1.0000000e+00
   2.3600000e+02  -4.2426700e+00   1.1315200e+01   1.0000000e+00
   2.3700000e+02  -1.6696700e+01  -6.6357100e+00   1.0000000e+00
   2.3800000e+02  -7.9334500e+00  -2.6673800e+00   1.0000000e+00
   2.3900000e+02  -7.7927500e-01   1.2288200e+01   1.0000000e+00
   2.4000000e+02  -5.5390000e+00  -1.4172900e+01  -1.0000000e+00
   2.4100000e+02  -6.2674300e+00   1.1826600e+01   1.0000000e+00
   2.4200000e+02  -1.4558900e+00  -7.9201800e+00  -1.0000000e+00
   2.4300000e+02   1.3456200e+01  -8.6446500e+00  -1.0000000e+00
   2.4400000e+02   7.2179400e+00   1.0159200e+01   1.0000000e+00
   2.4500000e+02   4.6593500e+00  -1.2185000e+01  -1.0000000e+00
   2.4600000e+02  -1.0089500e+01   5.3666200e+00   1.0000000e+00
   2.4700000e+02  -1.2727400e+01   7.8225700e+00   1.0000000e+00
   2.4800000e+02  -1.2826900e+01   1.5342800e+01   1.0000000e+00
   2.4900000e+02   5.9669000e+00   2.7599300e+00  -1.0000000e+00
   2.5000000e+02  -4.3076000e+00  -1.7633100e+00   1.0000000e+00
   2.5100000e+02   1.1517700e+01   1.9490400e+00  -1.0000000e+00
   2.5200000e+02  -6.9242400e-01  -1.6935400e+01  -1.0000000e+00
   2.5300000e+02   9.7581100e+00   1.5029200e+01   1.0000000e+00
   2.5400000e+02   1.0795900e+01   5.4582200e+00  -1.0000000e+00
   2.5500000e+02   9.2441100e+00   1.7028500e+01   1.0000000e+00
   2.5600000e+02   7.3457500e+00  -9.7818700e+00  -1.0000000e+00
   2.5700000e+02   1.4896300e+01  -1.0230800e+01  -1.0000000e+00
   2.5800000e+02   1.3523600e+01  -1.4151300e+01  -1.0000000e+00
   2.5900000e+02   1.9231500e+00  -3.6029300e+00  -1.0000000e+00
   2.6000000e+02  -3.5195000e+00  -8.2971800e+00  -1.0000000e+00
   2.6100000e+02  -2.2991400e+00  -2.2815000e+00  -1.0000000e+00
   2.6200000e+02  -2.1121800e+00  -1.5345400e+01  -1.0000000e+00
   2.6300000e+02   1.3323600e+00  -1.6505100e+01  -1.0000000e+00
   2.6400000e+02  -4.1341400e+00  -1.5721400e+01  -1.0000000e+00
   2.6500000e+02  -4.1987400e+00  -4.7535600e+00  -1.0000000e+00
   2.6600000e+02  -9.5585100e+00   3.3752100e+00   1.0000000e+00
   2.6700000e+02  -1.4646400e+01  -7.0082000e+00   1.0000000e+00
   2.6800000e+02   6.6716700e+00   4.6960100e+00  -1.0000000e+00
   2.6900000e+02   1.0068600e+01  -7.4381400e+00  -1.0000000e+00
   2.7000000e+02   7.6667400e+00   1.5628500e+01   1.0000000e+00
   2.7100000e+02  -6.0706400e-01   4.7980300e+00   1.0000000e+00
   2.7200000e+02  -1.1700400e+01  -4.3850200e+00   1.0000000e+00
   2.7300000e+02  -1.3570700e+01   4.3727100e+00   1.0000000e+00
   2.7400000e+02   1.4618000e+01   1.2126500e+01  -1.0000000e+00
   2.7500000e+02  -1.2559800e+01  -6.2627000e+00   1.0000000e+00
   2.7600000e+02  -1.4415100e+01  -1.2216300e+01  -1.0000000e+00
   2.7700000e+02   3.5609700e+00   1.6798600e+01   1.0000000e+00
   2.7800000e+02   1.0647700e+01   1.0890900e+01   1.0000000e+00
   2.7900000e+02  -8.9530700e+00  -7.5943600e+00  -1.0000000e+00
   2.8000000e+02  -2.8052100e+00  -1.1826300e+01  -1.0000000e+00
   2.8100000e+02   1.6239800e+01   4.7748000e+00  -1.0000000e+00
   2.8200000e+02   6.8546700e+00  -1.7287700e+01  -1.0000000e+00
   2.8300000e+02  -1.0990800e+01  -1.3488300e+01  -1.0000000e+00
   2.8400000e+02  -4.6441600e+00   5.8281300e+00   1.0000000e+00
   2.8500000e+02  -9.9115200e+00  -2.0873000e+00   1.0000000e+00
   2.8600000e+02  -4.0582000e+00   3.8074400e+00   1.0000000e+00
   2.8700000e+02  -2.1810700e+00  -4.3536800e+00  -1.0000000e+00
   2.8800000e+02  -1.4458700e+01   8.2876600e-01   1.0000000e+00
   2.8900000e+02  -1.0721000e-01  -9.4628400e+00  -1.0000000e+00
   2.9000000e+02  -1.0383600e+01  -6.0423200e+00   1.0000000e+00
   2.9100000e+02   4.1273300e+00   1.4707800e+01   1.0000000e+00
   2.9200000e+02   5.3395700e+00  -1.0208100e+01  -1.0000000e+00
   2.9300000e+02   1.0051200e+01  -1.9279100e+00  -1.0000000e+00
   2.9400000e+02  -1.3061700e+01  -8.3186900e+00   1.0000000e+00
   2.9500000e+02  -1.1193800e+01   9.3424400e+00   1.0000000e+00
   2.9600000e+02   9.6158100e+00   9.0852200e+00   1.0000000e+00
   2.9700000e+02   3.2946600e+00  -5.1326800e+00  -1.0000000e+00
   2.9800000e+02   1.8713700e+00   1.9671100e+00  -1.0000000e+00
   2.9900000e+02   8.0383700e+00  -2.3491700e+00  -1.0000000e+00
