   0.0000000e+00   4.0704300e+00  -3.3488000e+00  -1.0000000e+00
   1.0000000e+00   1.3697400e+01   5.3249200e+00  -1.0000000e+00
   2.0000000e+00  -1.7768000e+01   4.0054100e+00   1.0000000e+00
   3.0000000e+00  -1.5803500e+01  -3.3498400e+00   1.0000000e+00
   4.0000000e+00   5.9673800e+00  -1.0560500e+01  -1.0000000e+00
   5.0000000e+00  -1.7157400e-01  -6.8265100e+00  -1.0000000e+00
   6.0000000e+00  -8.6273000e+00  -1.3829000e+01  -1.0000000e+00
   7.0000000e+00   5.6062100e+00   1.5661500e+01   1.0000000e+00
   8.0000000e+00  -6.9331400e+00   6.1229100e+00   1.0000000e+00
   9.0000000e+00   1.6753400e+01   7.2363600e+00  -1.0000000e+00
   1.0000000e+01   1.5098300e+01   9.1609500e+00  -1.0000000e+00
   1.1000000e+01  -1.2317200e+01   7.0835800e+00   1.0000000e+00
   1.2000000e+01  -1.5772200e+01  -5.4120100e+00   1.0000000e+00
   1.3000000e+01  -1.5578800e+00   1.3476900e+01   1.0000000e+00
   1.4000000e+01   1.4146200e+01  -1.4342800e+01  -1.0000000e+00
   1.5000000e+01  -8.7323800e+00   1.3368000e+01   1.0000000e+00
   1.6000000e+01  -1.2164900e+01  -5.3592300e+00   1.0000000e+00
   1.7000000e+01   1.3068700e+01   8.4942400e+00  -1.0000000e+00
   1.8000000e+01   1.1190300e+01  -8.8917100e+00  -1.0000000e+00
   1.9000000e+01   1.0198800e+01  -7.0395900e+00  -1.0000000e+00
   2.0000000e+01  -1.7591900e+01  -4.4491800e+00   1.0000000e+00
   2.1000000e+01  -1.2278100e+01   1.5534200e+01   1.0000000e+00
   2.2000000e+01   1.4681400e+01   7.1574800e+00  -1.0000000e+00
   2.3000000e+01   6.9440500e+00  -1.2398200e+01  -1.0000000e+00
   2.4000000e+01  -3.1203600e+00  -1.3907300e+00  -1.0000000e+00
   2.5000000e+01   7.3825700e+00   1.4551500e+01   1.0000000e+00
   2.6000000e+01  -3.3646300e+00   1.0307700e+01   1.0000000e+00
   2.7000000e+01   1.5795300e+01   5.4242300e+00  -1.0000000e+00
   2.8000000e+01  -1.5889700e+01  -1.2361100e+00   1.0000000e+00
   2.9000000e+01  -1.3826100e+01  -1.2021300e+01  -1.0000000e+00
   3.0000000e+01   1.9268700e+00  -6.8752100e+00  -1.0000000e+00
   3.1000000e+01   9.1481400e+00   1.3515000e+01  -1.0000000e+00
   3.2000000e+01   9.2323800e+00  -5.2334400e+00  -1.0000000e+00
   3.3000000e+01  -1.7701900e+01   1.8783300e+00   1.0000000e+00
   3.4000000e+01  -7.3595300e+00  -4.8814000e+00  -1.0000000e+00
   3.5000000e+01   2.1520500e-01   1.4537200e+01   1.0000000e+00
   3.6000000e+01  -1.4015700e+01  -2.2485200e+00   1.0000000e+00
   3.7000000e+01  -1.4124700e+01   1.2292800e+01   1.0000000e+00
   3.8000000e+01  -4.3883400e+00  -1.0310500e+01  -1.0000000e+00
   3.9000000e+01  -3.2095700e+00  -4.9754500e+00  -1.0000000e+00
   4.0000000e+01  -1.2285400e+01   2.9591300e+00   1.0000000e+00
   4.1000000e+01   4.9960800e+00  -8.7390700e+00  -1.0000000e+00
   4.2000000e+01   5.9038500e+00  -1.4210400e+01  -1.0000000e+00
   4.3000000e+01  -8.7632300e+00   1.1294600e+01   1.0000000e+00
   4.4000000e+01   1.9408800e+00   1.5665400e+01   1.0000000e+00
   4.5000000e+01   2.0145800e+00  -3.2486400e+00  -1.0000000e+00
   4.6000000e+01   1.3026300e+01   1.0557400e+01  -1.0000000e+00
   4.7000000e+01  -5.1617500e+00   1.1315900e+01   1.0000000e+00
   4.8000000e+01   1.9947100e+00   1.3487500e+01   1.0000000e+00
   4.9000000e+01   1.1281800e+01  -5.2682700e+00  -1.0000000e+00
   5.0000000e+01  -5.4089600e+00  -8.5146700e+00  -1.0000000e+00
   5.1000000e+01   5.5860800e+00   1.1415500e+01   1.0000000e+00
   5.2000000e+01  -9.7600500e+00  -1.5614500e+01  -1.0000000e+00
   5.3000000e+01   1.0391600e+01   1.1646700e-01  -1.0000000e+00
   5.4000000e+01  -1.2294800e+01   1.3397200e+01   1.0000000e+00
   5.5000000e+01   9.0260000e+00  -1.2442200e+01  -1.0000000e+00
   5.6000000e+01  -1.7681100e+01  -2.2363000e-01   1.0000000e+00
   5.7000000e+01  -9.6105000e+00  -1.1999100e+01  -1.0000000e+00
   5.8000000e+01  -1.2212600e+01  -3.2958200e+00   1.0000000e+00
   5.9000000e+01  -1.0678600e+01  -1.3780400e+01  -1.0000000e+00
   6.0000000e+01  -8.7375000e+00   7.1340600e+00   1.0000000e+00
   6.1000000e+01  -5.1717000e+00   1.3363800e+01   1.0000000e+00
   6.2000000e+01   1.4240700e+01  -1.0713300e+01  -1.0000000e+00
   6.3000000e+01  -1.2811000e+01  -1.3865400e+01  -1.0000000e+00
   6.4000000e+01   1.2090700e+01  -1.4289000e+01  -1.0000000e+00
   6.5000000e+01   9.1762000e+00   1.1437500e+01  -1.0000000e+00
   6.6000000e+01   1.3521500e+01  -1.7741700e+00  -1.0000000e+00
   6.7000000e+01   1.1089800e+01  -1.2472300e+01  -1.0000000e+00
   6.8000000e+01  -2.9736900e-01  -1.4041600e+01  -1.0000000e+00
   6.9000000e+01  -1.7647000e+01  -2.3715400e+00   1.0000000e+00
   7.0000000e+01  -1.5931000e+01   7.0640900e+00   1.0000000e+00
   7.1000000e+01   1.5735400e+01   1.7380000e+00  -1.0000000e+00
   7.2000000e+01   7.5144300e+00   4.0916900e+00  -1.0000000e+00
   7.3000000e+01   2.9904600e+00  -5.1003700e+00  -1.0000000e+00
   7.4000000e+01   1.5276400e+01  -1.2478000e+01  -1.0000000e+00
   7.5000000e+01  -1.5010300e+01  -1.0250400e+01  -1.0000000e+00
   7.6000000e+01  -5.1267800e+00   1.7640800e+01   1.0000000e+00
   7.7000000e+01  -5.1689600e+00   1.5491700e+01   1.0000000e+00
   7.8000000e+01  -1.0538300e+01   1.0235600e+01   1.0000000e+00
   7.9000000e+01   9.2335700e+00   5.2519800e+00  -1.0000000e+00
   8.0000000e+01   9.2801600e-01  -5.0633700e+00  -1.0000000e+00
   8.1000000e+01  -4.3045900e+00  -6.7264600e+00  -1.0000000e+00
   8.2000000e+01   1.6471400e+01  -1.0798400e+01  -1.0000000e+00
   8.3000000e+01  -6.4399000e-02  -3.2369800e+00  -1.0000000e+00
   8.4000000e+01   7.5067200e-01  -1.2225700e+01  -1.0000000e+00
   8.5000000e+01   2.9237400e+00  -8.6728600e+00  -1.0000000e+00
   8.6000000e+01   1.3601500e+01   1.7733700e+00  -1.0000000e+00
   8.7000000e+01   1.4511100e+01  -3.6239600e+00  -1.0000000e+00
   8.8000000e+01  -1.4893500e+00   5.0749800e+00   1.0000000e+00
   8.9000000e+01  -1.4904800e-01   1.7040200e+01   1.0000000e+00
   9.0000000e+01  -1.7530800e+01  -6.5469500e+00   1.0000000e+00
   9.1000000e+01   2.0241900e+00   1.1424700e+01   1.0000000e+00
   9.2000000e+01   7.3962300e+00   8.3304200e+00  -1.0000000e+00
   9.3000000e+01  -4.0943600e-01  -1.7625200e+01  -1.0000000e+00
   9.4000000e+01  -1.0517500e+01  -6.5812600e+00  -1.0000000e+00
   9.5000000e+01   1.3274900e+01  -8.8926000e+00  -1.0000000e+00
   9.6000000e+01  -1.5359700e+00   9.2809800e+00   1.0000000e+00
   9.7000000e+01   1.9379500e+00   1.7738100e+01   1.0000000e+00
   9.8000000e+01   1.0282700e+01  -3.4455700e+00  -1.0000000e+00
   9.9000000e+01   1.4967700e+01   1.1246200e+01  -1.0000000e+00
   1.0000000e+02  -1.2331800e+01   9.1673600e+00   1.0000000e+00
   1.0100000e+02  -8.6198200e+00  -1.1602300e+00   1.0000000e+00
   1.0200000e+02   2.8122200e+00  -1.2303300e+01  -1.0000000e+00
   1.0300000e+02  -1.5678500e+01  -7.4805700e+00   1.0000000e+00
   1.0400000e+02  -1.0413800e+01  -2.2363600e+00   1.0000000e+00
   1.0500000e+02  -1.3395800e+00  -1.9506300e+01  -1.0000000e+00
   1.0600000e+02   6.2176300e+00   2.2267500e-01  -1.0000000e+00
   1.0700000e+02  -8.6749200e+00   9.0807800e-01   1.0000000e+00
   1.0800000e+02   4.8669800e+00  -1.2323600e+01  -1.0000000e+00
   1.0900000e+02   7.1683700e+00  -5.1723100e+00  -1.0000000e+00
   1.1000000e+02  -6.8903400e+00   1.9657100e+00   1.0000000e+00
   1.1100000e+02  -3.3204400e+00  -8.5573200e+00  -1.0000000e+00
   1.1200000e+02   8.0328200e+00  -1.0604900e+01  -1.0000000e+00
   1.1300000e+02   1.0090800e+01  -1.0646000e+01  -1.0000000e+00
   1.1400000e+02  -1.4094100e+01   1.8921600e+00   1.0000000e+00
   1.1500000e+02  -1.1420200e+00  -5.0103800e+00  -1.0000000e+00
   1.1600000e+02   1.8875700e+01   3.4499600e+00  -1.0000000e+00
   1.1700000e+02  -3.2967400e+00   8.2085600e+00   1.0000000e+00
   1.1800000e+02   3.7239800e+00  -1.7755300e+01  -1.0000000e+00
   1.1900000e+02   1.0034100e+01  -1.4248000e+01  -1.0000000e+00
   1.2000000e+02  -5.3035900e+00  -4.9016500e+00  -1.0000000e+00
   1.2100000e+02   6.9494300e+00  -1.6096400e+01  -1.0000000e+00
   1.2200000e+02  -1.5264000e+00   7.1554400e+00   1.0000000e+00
   1.2300000e+02   3.8521600e+00  -1.4117900e+01  -1.0000000e+00
   1.2400000e+02  -7.7013000e+00  -1.5686100e+01  -1.0000000e+00
   1.2500000e+02  -6.4666800e+00  -1.0283500e+01  -1.0000000e+00
   1.2600000e+02   1.6765100e+01   3.5296900e+00  -1.0000000e+00
   1.2700000e+02  -1.3934800e+01  -6.3927000e+00   1.0000000e+00
   1.2800000e+02   7.3662200e+00   1.2491800e+01  -1.0000000e+00
   1.2900000e+02  -2.2355300e+00  -6.7815600e+00  -1.0000000e+00
   1.3000000e+02  -2.2694500e-01  -1.0404500e+01  -1.0000000e+00
   1.3100000e+02   3.9374100e+00   4.0527400e+00  -1.0000000e+00
   1.3200000e+02   1.5025800e+01   1.3398800e+01  -1.0000000e+00
   1.3300000e+02  -1.4132300e+01   1.0214700e+01   1.0000000e+00
   1.3400000e+02   6.0775500e+00  -6.9525000e+00  -1.0000000e+00
   1.3500000e+02  -6.9081400e+00   4.0562300e+00   1.0000000e+00
   1.3600000e+02   5.6216900e+00   9.3477100e+00  -1.0000000e+00
   1.3700000e+02   7.4705400e+00   1.6616800e+01   1.0000000e+00
   1.3800000e+02  -1.0534100e+01   8.1445900e+00   1.0000000e+00
   1.3900000e+02  -4.4834300e+00  -1.3917700e+01  -1.0000000e+00
   1.4000000e+02   3.7630100e-02   3.8122200e-01  -1.0000000e+00
   1.4100000e+02  -5.6145600e+00  -1.5846200e+01  -1.0000000e+00
   1.4200000e+02   3.8495500e+00   8.3153000e+00  -1.0000000e+00
   1.4300000e+02  -1.4153800e+01   1.4363200e+01   1.0000000e+00
   1.4400000e+02  -1.4083700e+01   3.9668200e+00   1.0000000e+00
   1.4500000e+02   5.0848200e+00  -5.1413000e+00  -1.0000000e+00
   1.4600000e+02   1.7827800e+01   1.6574000e+00  -1.0000000e+00
   1.4700000e+02  -1.2312000e+01   5.0184700e+00   1.0000000e+00
   1.4800000e+02  -2.3164900e+00  -1.0375100e+01  -1.0000000e+00
   1.4900000e+02   1.0939100e+00   2.1488200e+00  -1.0000000e+00
   1.5000000e+02  -5.4437400e+00  -1.2087800e+01  -1.0000000e+00
   1.5100000e+02   1.4374200e+01  -7.1536500e+00  -1.0000000e+00
   1.5200000e+02   2.0356600e+00   9.3125400e+00   1.0000000e+00
   1.5300000e+02   1.7860800e+01   5.2752200e+00  -1.0000000e+00
   1.5400000e+02  -1.0337100e+00  -1.4225400e+00  -1.0000000e+00
   1.5500000e+02  -1.4133800e+01   8.1097800e+00   1.0000000e+00
   1.5600000e+02   5.1632000e+00  -1.5478300e+00  -1.0000000e+00
   1.5700000e+02  -1.3998500e+01  -4.3419300e+00   1.0000000e+00
   1.5800000e+02   3.9159600e+00  -1.0498900e+01  -1.0000000e+00
   1.5900000e+02  -1.0181200e+01  -4.4913600e+00   1.0000000e+00
   1.6000000e+02  -6.5484800e+00  -1.3910200e+01  -1.0000000e+00
   1.6100000e+02   5.6751300e+00   5.1514900e+00  -1.0000000e+00
   1.6200000e+02  -3.3282100e+00   4.1047900e+00   1.0000000e+00
   1.6300000e+02  -1.0442900e+01  -1.5701500e-01   1.0000000e+00
   1.6400000e+02  -1.1749200e+01  -1.2038100e+01  -1.0000000e+00
   1.6500000e+02   3.8817700e+00   6.1765700e+00  -1.0000000e+00
   1.6600000e+02   2.2756300e-01   1.2433200e+01   1.0000000e+00
   1.6700000e+02   1.4698000e+01   3.5145500e+00  -1.0000000e+00
   1.6800000e+02   9.1112100e+00  -8.8322400e+00  -1.0000000e+00
   1.6900000e+02   3.3514100e-01   4.0663400e+00  -1.0000000e+00
   1.7000000e+02  -1.2350300e+01   1.1231800e+01   1.0000000e+00
   1.7100000e+02   3.7822100e+00   1.4619900e+01   1.0000000e+00
   1.7200000e+02  -5.1401200e+00   5.1017000e+00   1.0000000e+00
   1.7300000e+02   1.4617500e+01  -3.1164900e-02  -1.0000000e+00
   1.7400000e+02  -2.0411800e+00   3.7664000e-01  -1.0000000e+00
   1.7500000e+02   1.5544300e+01  -5.4166500e+00  -1.0000000e+00
   1.7600000e+02  -8.7046900e+00   5.0604600e+00   1.0000000e+00
   1.7700000e+02  -3.3366100e+00   6.1628400e+00   1.0000000e+00
   1.7800000e+02  -8.6807300e+00   2.9791300e+00   1.0000000e+00
   1.7900000e+02  -1.2259600e+01   8.6091800e-01   1.0000000e+00
   1.8000000e+02   1.6700800e+01  -1.0027200e-01  -1.0000000e+00
   1.8100000e+02   9.3935200e+00   1.9721100e+00  -1.0000000e+00
   1.8200000e+02   1.6703500e+01  -3.6974900e+00  -1.0000000e+00
   1.8300000e+02  -1.2562200e+00  -8.5910100e+00  -1.0000000e+00
   1.8400000e+02   7.9666100e+00  -1.4221800e+01  -1.0000000e+00
   1.8500000e+02  -1.3848200e+01  -8.4564600e+00   1.0000000e+00
   1.8600000e+02  -7.5471000e+00  -1.2070200e+01  -1.0000000e+00
   1.8700000e+02  -8.5482100e+00  -3.2077700e+00   1.0000000e+00
   1.8800000e+02  -6.9579500e+00   1.2337600e+01   1.0000000e+00
   1.8900000e+02  -8.5439000e+00  -1.0237900e+01  -1.0000000e+00
   1.9000000e+02   8.2865500e+00   1.9688200e-01  -1.0000000e+00
   1.9100000e+02   4.1381600e+00   3.0085900e-01  -1.0000000e+00
   1.9200000e+02   7.2873200e+00   2.0320400e+00  -1.0000000e+00
   1.9300000e+02  -1.1822900e+01  -1.5670000e+01  -1.0000000e+00
   1.9400000e+02  -1.6041400e+01   9.1814400e+00   1.0000000e+00
   1.9500000e+02  -8.7056100e+00   1.5496500e+01   1.0000000e+00
   1.9600000e+02   1.2409000e+01  -3.5016300e+00  -1.0000000e+00
   1.9700000e+02   9.2915600e+00   1.5641300e+01   1.0000000e+00
   1.9800000e+02   3.1532700e+00   2.1268000e+00  -1.0000000e+00
   1.9900000e+02   7.4298700e+00   6.2469600e+00  -1.0000000e+00
   2.0000000e+02  -1.5944200e+01   5.0025200e+00   1.0000000e+00
   2.0100000e+02  -1.0480400e+01   4.0044100e+00   1.0000000e+00
   2.0200000e+02   1.3384800e+01  -5.3336100e+00  -1.0000000e+00
   2.0300000e+02   1.5597700e+01  -1.8470900e+00  -1.0000000e+00
   2.0400000e+02  -1.0529300e+01   6.0645200e+00   1.0000000e+00
   2.0500000e+02   6.1366000e+00  -3.3751700e+00  -1.0000000e+00
   2.0600000e+02   1.1212400e+01   9.5594400e+00  -1.0000000e+00
   2.0700000e+02  -1.4107600e+01   6.0472400e+00   1.0000000e+00
   2.0800000e+02   2.5707100e-01   8.2582500e+00   1.0000000e+00
   2.0900000e+02  -1.1770800e+01  -8.2752500e+00  -1.0000000e+00
   2.1000000e+02  -1.0553300e+01   1.2296700e+01   1.0000000e+00
   2.1100000e+02  -4.6470200e+00  -1.7662500e+01  -1.0000000e+00
   2.1200000e+02  -1.2780700e+01  -1.0239100e+01  -1.0000000e+00
   2.1300000e+02   4.0224900e+00  -6.9227700e+00  -1.0000000e+00
   2.1400000e+02   1.2765800e+01   1.5024300e+01  -1.0000000e+00
   2.1500000e+02   2.7509900e+00  -1.5943700e+01  -1.0000000e+00
   2.1600000e+02  -1.5876300e+01   2.9414700e+00   1.0000000e+00
   2.1700000e+02  -1.6813900e+01  -9.2839200e+00   1.0000000e+00
   2.1800000e+02  -3.5503400e+00  -1.5764800e+01  -1.0000000e+00
   2.1900000e+02  -1.3283600e+00  -1.2195800e+01  -1.0000000e+00
   2.2000000e+02   8.1355600e+00  -6.9982100e+00  -1.0000000e+00
   2.2100000e+02   1.1247600e+01   7.4901200e+00  -1.0000000e+00
   2.2200000e+02  -7.4641900e+00  -8.4666100e+00  -1.0000000e+00
   2.2300000e+02   1.6708100e+01  -7.3240200e+00  -1.0000000e+00
   2.2400000e+02   1.7653100e+00  -1.4107600e+01  -1.0000000e+00
   2.2500000e+02   9.1561300e+00   9.3872500e+00  -1.0000000e+00
   2.2600000e+02   6.6858000e-01  -1.5867500e+01  -1.0000000e+00
   2.2700000e+02  -5.0302900e+00   9.1269700e-01   1.0000000e+00
   2.2800000e+02  -3.3510300e+00   1.6589900e+01   1.0000000e+00
   2.2900000e+02   5.5843500e+00   1.7734700e+01   1.0000000e+00
   2.3000000e+02  -3.3233300e+00   1.2433300e+01   1.0000000e+00
   2.3100000e+02   3.0801600e+00  -1.4795900e+00  -1.0000000e+00
   2.3200000e+02  -3.3619300e+00   1.4496200e+01   1.0000000e+00
   2.3300000e+02   2.2937400e-01   1.0341400e+01   1.0000000e+00
   2.3400000e+02   3.8069100e+00   1.0381700e+01   1.0000000e+00
   2.3500000e+02   7.2211500e+00  -1.6054800e+00  -1.0000000e+00
   2.3600000e+02   5.8420200e+00  -1.7987100e+01  -1.0000000e+00
   2.3700000e+02   4.8530200e+00  -1.6021600e+01  -1.0000000e+00
   2.3800000e+02  -3.2773200e+00   2.0475500e+00  -1.0000000e+00
   2.3900000e+02   9.0023400e+00  -1.6022900e+01  -1.0000000e+00
   2.4000000e+02   1.1516700e+01   1.8437800e+00  -1.0000000e+00
   2.4100000e+02  -3.3882100e+00  -1.2121800e+01  -1.0000000e+00
   2.4200000e+02   1.1232300e+01   1.1608500e+01  -1.0000000e+00
   2.4300000e+02   2.1101300e+00   5.1247000e+00  -1.0000000e+00
   2.4400000e+02  -6.8435000e+00  -9.5693100e-02   1.0000000e+00
   2.4500000e+02  -6.9477500e+00   1.4405100e+01   1.0000000e+00
   2.4600000e+02  -5.1017000e+00   3.0256700e+00   1.0000000e+00
   2.4700000e+02  -1.0718800e+01  -1.0099000e+01  -1.0000000e+00
   2.4800000e+02   1.3222300e+01  -1.2488500e+01  -1.0000000e+00
   2.4900000e+02   1.0553400e+01   3.6656500e+00  -1.0000000e+00
   2.5000000e+02  -2.5309400e+00  -1.7561000e+01  -1.0000000e+00
   2.5100000e+02   1.5439200e+01  -8.9487700e+00  -1.0000000e+00
   2.5200000e+02   5.6289900e+00   7.2616200e+00  -1.0000000e+00
   2.5300000e+02   1.0211000e+00  -1.4529200e+00  -1.0000000e+00
   2.5400000e+02  -1.5893900e+01   8.8192500e-01   1.0000000e+00
   2.5500000e+02  -6.9553000e+00   1.6627000e+01   1.0000000e+00
   2.5600000e+02   3.8090700e+00   1.2510300e+01   1.0000000e+00
   2.5700000e+02   1.6521000e+00  -1.7778900e+01  -1.0000000e+00
   2.5800000e+02   1.1392700e+01  -1.6962300e+00  -1.0000000e+00
   2.5900000e+02   8.2248200e+00  -3.3988500e+00  -1.0000000e+00
   2.6000000e+02   1.8359500e+00  -1.0445400e+01  -1.0000000e+00
   2.6100000e+02  -5.1984600e+00  -1.3270400e+00  -1.0000000e+00
   2.6200000e+02   9.3259000e+00  -1.6368800e+00  -1.0000000e+00
   2.6300000e+02  -1.0483700e+01   1.9435000e+00   1.0000000e+00
   2.6400000e+02   1.2510800e+01   3.4746900e-02  -1.0000000e+00
   2.6500000e+02   7.9744000e-01  -8.6321000e+00  -1.0000000e+00
   2.6600000e+02   9.1860300e+00   7.3236200e+00  -1.0000000e+00
   2.6700000e+02   2.6815200e-01   6.1624300e+00   1.0000000e+00
   2.6800000e+02  -8.4549200e+00  -6.6526600e+00  -1.0000000e+00
   2.6900000e+02  -9.5558300e+00  -8.4008100e+00  -1.0000000e+00
   2.7000000e+02   1.3040100e+01   1.2658200e+01  -1.0000000e+00
   2.7100000e+02  -1.5504900e+00   1.1369800e+01   1.0000000e+00
   2.7200000e+02  -1.0030100e+00   2.3231700e+00  -1.0000000e+00
   2.7300000e+02  -6.9696000e+00   1.0250600e+01   1.0000000e+00
   2.7400000e+02  -1.4039400e+01  -1.8815400e-01   1.0000000e+00
   2.7500000e+02   7.3798900e+00   1.0407600e+01  -1.0000000e+00
   2.7600000e+02   1.1219100e+01   1.3671300e+01  -1.0000000e+00
   2.7700000e+02  -2.4020400e+00  -1.3977500e+01  -1.0000000e+00
   2.7800000e+02   7.0470000e+00  -8.7979900e+00  -1.0000000e+00
   2.7900000e+02   1.2171700e+01  -1.0726100e+01  -1.0000000e+00
   2.8000000e+02   1.2620200e+01   3.5785700e+00  -1.0000000e+00
   2.8100000e+02  -2.1245800e+00  -3.2107400e+00  -1.0000000e+00
   2.8200000e+02  -6.3694300e+00  -3.0236200e+00  -1.0000000e+00
   2.8300000e+02  -1.3873600e+00  -1.5778600e+01  -1.0000000e+00
   2.8400000e+02   2.0825400e+00   3.3635100e-01  -1.0000000e+00
   2.8500000e+02  -1.5700300e+00   1.5556600e+01   1.0000000e+00
   2.8600000e+02   1.7729100e+01  -1.8868400e+00  -1.0000000e+00
   2.8700000e+02  -5.1162700e+00   9.2148000e+00   1.0000000e+00
   2.8800000e+02  -1.2235100e+01  -1.1970800e+00   1.0000000e+00
   2.8900000e+02  -6.9211000e+00   8.1881700e+00   1.0000000e+00
   2.9000000e+02   1.2305800e+01  -7.0860000e+00  -1.0000000e+00
   2.9100000e+02   3.8231500e+00   1.6690900e+01   1.0000000e+00
   2.9200000e+02  -1.0529900e+01   1.4440100e+01   1.0000000e+00
   2.9300000e+02   2.0521800e+00   7.2618100e+00  -1.0000000e+00
   2.9400000e+02   5.5590500e+00   1.3585200e+01   1.0000000e+00
   2.9500000e+02  -4.2201600e+00  -3.1556000e+00  -1.0000000e+00
   2.9600000e+02   1.1619000e+01   5.4426700e+00  -1.0000000e+00
   2.9700000e+02  -6.3773900e+00  -6.6857900e+00  -1.0000000e+00
   2.9800000e+02  -8.7634300e+00   9.1947600e+00   1.0000000e+00
   2.9900000e+02   5.2443700e+00   2.4433100e+00  -1.0000000e+00
