   0.0000000e+00   6.6277100e+00  -4.5873900e+00   1.2808100e+01   1.0000000e+00
   1.0000000e+00   7.1630600e+00   8.3653500e+00   1.3726200e+01   1.0000000e+00
   2.0000000e+00   3.6683300e+00  -1.8428700e+01   4.9535900e+01  -1.0000000e+00
   3.0000000e+00  -2.2683900e+00  -1.0695700e+01   4.9632100e+01   2.0000000e+00
   4.0000000e+00   8.0405300e+00  -1.4566100e+01   5.6850900e+01  -2.0000000e+00
   5.0000000e+00   6.1558400e+00   4.9257500e+00   1.3738700e+01   1.0000000e+00
   6.0000000e+00  -9.4122900e+00   1.1592000e-01   4.9580200e+01   2.0000000e+00
   7.0000000e+00   3.5794700e+00  -8.6509200e+00   3.6946900e+01  -3.0000000e+00
   8.0000000e+00  -3.0715200e-01  -1.0030800e+01   4.9292800e+01   2.0000000e+00
   9.0000000e+00   7.0722600e+00  -1.0881300e+01   5.0687500e+01  -1.0000000e+00
   1.0000000e+01  -2.6294600e+00  -1.2843100e+01   4.9462600e+01   2.0000000e+00
   1.1000000e+01  -3.8766400e+00  -9.3478200e+00   5.0222500e+01   2.0000000e+00
   1.2000000e+01   7.6218400e+00   1.3855300e+01   1.3935100e+01  -2.0000000e+00
   1.3000000e+01   1.8618400e+01  -6.4722700e-01   1.3704600e+01  -1.0000000e+00
   1.4000000e+01  -3.9847800e+00   1.7986100e+01   3.2612000e+01  -1.0000000e+00
   1.5000000e+01  -1.2943200e+01  -8.7080400e+00   4.9412000e+01   2.0000000e+00
   1.6000000e+01   3.6532300e+00   3.8296100e-02   1.3862800e+01   1.0000000e+00
   1.7000000e+01   9.6068000e+00  -1.7181100e+00   1.3997900e+01   1.0000000e+00
   1.8000000e+01  -4.3157000e+00  -1.8273000e+00   4.8347600e+01  -3.0000000e+00
   1.9000000e+01  -1.0126800e+01  -1.3486300e+01   4.9670900e+01  -2.0000000e+00
   2.0000000e+01   8.8830700e-01  -1.3405700e+01   4.9751500e+01   2.0000000e+00
   2.1000000e+01   3.6725500e+00   7.5335600e+00   1.3686400e+01   1.0000000e+00
   2.2000000e+01  -1.8341800e+00   1.4713600e+01   1.3900000e+01   1.0000000e+00
   2.3000000e+01   1.3646200e+01   1.2175900e+01   1.2377700e+00  -2.0000000e+00
   2.4000000e+01   7.5254000e+00  -8.6565700e+00   3.2483800e+01  -2.0000000e+00
   2.5000000e+01  -6.7012700e+00  -4.6450100e+00   4.8743100e+01   2.0000000e+00
   2.6000000e+01   1.7184000e-01  -7.9442000e-01   3.0738200e+01  -3.0000000e+00
   2.7000000e+01  -7.4301300e+00   8.3523500e-01   5.0278100e+01   2.0000000e+00
   2.8000000e+01  -5.7862400e+00   8.3971400e+00   9.0651100e+00  -3.0000000e+00
   2.9000000e+01  -1.5682400e+01   5.5919000e+00   4.9475500e+01  -2.0000000e+00
   3.0000000e+01   2.8404500e+00  -1.2720100e+01   4.9722200e+01   2.0000000e+00
   3.1000000e+01   1.2140700e+01   3.1737200e+00   1.3660800e+01   1.0000000e+00
   3.2000000e+01  -4.8750000e+00   1.1844100e+01   1.4129100e+01  -3.0000000e+00
   3.3000000e+01   6.6806900e+00   1.0373600e+01   1.4084000e+01   1.0000000e+00
   3.4000000e+01   1.6611300e+01  -4.3296000e-02   1.3381100e+01  -2.0000000e+00
   3.5000000e+01   2.1893300e+00   1.3530300e+01   1.3247700e+01   1.0000000e+00
   3.6000000e+01   2.6916700e+00  -3.4087700e+00   6.9131800e+00  -3.0000000e+00
   3.7000000e+01   1.2091400e+01  -4.3439800e+00   1.3490600e+01   1.0000000e+00
   3.8000000e+01   2.1364600e+00   6.0663400e+00   1.3944400e+01   1.0000000e+00
   3.9000000e+01  -1.6098800e+01  -5.9686100e+00   4.9281300e+01  -2.0000000e+00
   4.0000000e+01   1.5023000e+01  -9.0001300e+00   1.3361200e+01  -2.0000000e+00
   4.1000000e+01  -1.7277400e+01   6.9090400e+00   2.0488100e+01  -1.0000000e+00
   4.2000000e+01  -1.0524500e+01  -1.5612300e+01   4.8892700e+01  -1.0000000e+00
   4.3000000e+01  -1.3333500e+01   8.3228700e+00   4.8759200e+01  -2.0000000e+00
   4.4000000e+01   1.0118800e+01   3.7695200e+00   1.3954400e+01   1.0000000e+00
   4.5000000e+01  -1.7347900e+01  -2.5163900e+00   6.3133800e+01  -1.0000000e+00
   4.6000000e+01   9.6115200e+00   1.3295000e+01   1.4872400e+01  -2.0000000e+00
   4.7000000e+01  -5.4386000e+00  -1.7636200e+01   4.7594900e+01  -1.0000000e+00
   4.8000000e+01   1.6507900e+01  -7.5190300e+00   2.8122000e+01  -1.0000000e+00
   4.9000000e+01  -1.8092200e+01   2.9730300e+00   4.8872700e+01  -1.0000000e+00
   5.0000000e+01  -3.1704300e+00  -5.3042200e+00   4.9854800e+01   2.0000000e+00
   5.1000000e+01   8.1232400e+00   4.3272600e+00   1.3910500e+01   1.0000000e+00
   5.2000000e+01   2.1490800e+00  -1.3937600e+00   1.8867000e+00  -3.0000000e+00
   5.3000000e+01   1.0618400e+01   1.7499900e+00   1.3369700e+01   1.0000000e+00
   5.4000000e+01   8.1584600e+00   1.1838300e+01   1.4374200e+01   1.0000000e+00
   5.5000000e+01   9.9565300e+00  -1.1173700e+01   1.0497100e+01   0.0000000e+00
   5.6000000e+01   1.5131200e+01   6.0256800e+00   1.4338500e+01  -2.0000000e+00
   5.7000000e+01   5.1174900e+00   1.6511000e+01   1.5407000e+01  -1.0000000e+00
   5.8000000e+01  -1.0199000e+01   5.5771400e+00   4.8767300e+01   2.0000000e+00
   5.9000000e+01  -1.5326800e+01   7.6393700e+00   6.1577600e+01  -2.0000000e+00
   6.0000000e+01   3.1577500e+00   2.0277300e+00   1.3933000e+01   1.0000000e+00
   6.1000000e+01   1.4602300e+01   8.0432300e+00   1.3889300e+01  -2.0000000e+00
   6.2000000e+01  -4.7330400e+00  -3.9520000e+00   4.8977400e+01   2.0000000e+00
   6.3000000e+01   1.7634500e+01  -4.0763400e+00  -1.3392400e+00  -1.0000000e+00
   6.4000000e+01  -9.0087900e+00   2.1552500e+00   4.9391400e+01   2.0000000e+00
   6.5000000e+01   6.1429300e+00  -1.5388900e+01   5.2100000e+01  -2.0000000e+00
   6.6000000e+01   1.1618700e+01   5.1824900e+00   1.3816000e+01   1.0000000e+00
   6.7000000e+01  -5.8456900e+00  -4.7515100e-01   4.8596400e+01   2.0000000e+00
   6.8000000e+01   1.6599700e+00   8.0726800e+00   1.3808400e+01   1.0000000e+00
   6.9000000e+01  -1.1334400e+01  -1.0067000e+01   4.9443500e+01   2.0000000e+00
   7.0000000e+01  -1.6084100e+01   3.5613300e+00   6.0468600e+01  -2.0000000e+00
   7.1000000e+01  -1.3319100e+01  -1.2285600e+00   4.8650800e+01   2.0000000e+00
   7.2000000e+01   7.1269400e+00   9.0310600e-01   1.3644400e+01   1.0000000e+00
   7.3000000e+01   6.7858300e-01   1.2129100e+01   1.3460900e+01   1.0000000e+00
   7.4000000e+01  -1.4480500e+01   2.1611000e+00   4.9094700e+01   2.0000000e+00
   7.5000000e+01   1.2630800e+01   8.6365300e+00   1.3550800e+01   1.0000000e+00
   7.6000000e+01   8.6023300e+00  -5.1835300e+00   1.3069500e+01   1.0000000e+00
   7.7000000e+01   2.6367400e+00   4.0620100e+00   1.4161800e+01   1.0000000e+00
   7.8000000e+01   7.7570200e+00  -1.6694100e+01   5.4458000e+01  -1.0000000e+00
   7.9000000e+01   8.1448800e+00  -3.1641900e+00   1.3751000e+01   1.0000000e+00
   8.0000000e+01  -6.9772300e+00  -1.6209600e+01   3.3726300e+01  -1.0000000e+00
   8.1000000e+01   5.6243800e+00  -5.2486100e-01   1.3917100e+01   1.0000000e+00
   8.2000000e+01   3.1744600e+00   9.5354100e+00   1.3733100e+01   1.0000000e+00
   8.3000000e+01  -2.8177000e+00   3.7271300e+00   4.9867900e+00  -3.0000000e+00
   8.4000000e+01   9.6154100e+00   5.7661400e+00   1.3638900e+01   1.0000000e+00
   8.5000000e+01  -1.6446300e+01   1.5246600e+00   4.8980300e+01  -2.0000000e+00
   8.6000000e+01   8.3470100e+00  -1.2494100e+01   4.4326400e+01  -2.0000000e+00
   8.7000000e+01   1.0664300e+01   9.2174300e+00   1.4023200e+01   1.0000000e+00
   8.8000000e+01  -3.3550300e+00   5.7417300e+00   1.4929900e+01  -3.0000000e+00
   8.9000000e+01  -1.3696000e+01  -1.2797800e+01   4.9349600e+01  -2.0000000e+00
   9.0000000e+01   6.1522900e+00   1.2410900e+01   1.4522100e+01   1.0000000e+00
   9.1000000e+01  -7.0776700e+00  -6.6545200e+00   4.9701500e+01   2.0000000e+00
   9.2000000e+01   4.6602700e+00  -3.9969700e+00   1.2289800e+01   1.0000000e+00
   9.3000000e+01  -2.3005900e+00   9.2475500e+00   1.3442600e+01   1.0000000e+00
   9.4000000e+01   1.5650400e+01   4.0298700e+00   1.3330000e+01  -2.0000000e+00
   9.5000000e+01   9.5288200e+00  -9.1742100e+00   9.9465900e-01   0.0000000e+00
   9.6000000e+01  -4.3056800e+00   9.8358400e+00   1.5245600e+01  -3.0000000e+00
   9.7000000e+01   1.6103000e+01  -5.4792000e+00   1.3263300e+01  -2.0000000e+00
   9.8000000e+01  -8.5627000e-01  -2.5664800e+00   4.0955700e+01  -3.0000000e+00
   9.9000000e+01  -1.5352800e+00  -6.6338600e+00   4.9979000e+01   2.0000000e+00
   1.0000000e+02   3.1604800e+00   1.7174400e+01   1.3588300e+01  -1.0000000e+00
   1.0100000e+02   7.1468600e+00   1.6174600e+01   1.4188300e+01  -1.0000000e+00
   1.0200000e+02   1.1675200e+00   1.0100100e+01   1.3670200e+01   1.0000000e+00
   1.0300000e+02   1.1622700e+01  -2.3019400e+00   1.4109800e+01   1.0000000e+00
   1.0400000e+02  -3.0796200e+00  -1.4856300e+01   4.9273800e+01   2.0000000e+00
   1.0500000e+02  -1.1733700e+01   6.9437800e+00   4.8671200e+01   2.0000000e+00
   1.0600000e+02  -1.5720900e+01  -3.9399400e+00   4.8887800e+01  -2.0000000e+00
   1.0700000e+02  -5.2984200e+00   6.4044700e+00   1.3176700e+01  -3.0000000e+00
   1.0800000e+02   5.6612400e+00   6.9265900e+00   1.3706300e+01   1.0000000e+00
   1.0900000e+02  -1.4902500e+01   9.6935300e+00   6.3735300e+01  -1.0000000e+00
   1.1000000e+02  -2.3582600e+00   1.6708100e+00   1.3941500e+01  -3.0000000e+00
   1.1100000e+02  -3.3279700e-01   8.6717600e+00   1.3441300e+01   1.0000000e+00
   1.1200000e+02  -1.2422700e+00  -4.5917100e+00   4.9955100e+01  -3.0000000e+00
   1.1300000e+02   8.6495500e+00   2.3295200e+00   1.3869100e+01   1.0000000e+00
   1.1400000e+02   1.3046400e+01  -8.4236100e+00   1.3029400e+01   1.0000000e+00
   1.1500000e+02  -7.7935600e+00  -1.0703200e+01   4.9131800e+01   2.0000000e+00
   1.1600000e+02  -1.2547900e+01  -6.6695100e+00   4.8971200e+01   2.0000000e+00
   1.1700000e+02  -8.6321800e+00   4.1899600e+00   4.9294200e+01   2.0000000e+00
   1.1800000e+02   1.4102200e+01  -4.9313000e+00   1.3411000e+01   1.0000000e+00
   1.1900000e+02   3.1834900e-02  -7.9758800e+00   4.9537800e+01   2.0000000e+00
   1.2000000e+02  -7.0468200e+00   2.8647100e+00   5.2001600e+01   2.0000000e+00
   1.2100000e+02   4.6675500e+00   3.4966500e+00   1.3887700e+01   1.0000000e+00
   1.2200000e+02  -5.3579900e+00   1.3838300e+01   2.2223100e+01  -2.0000000e+00
   1.2300000e+02   2.0663400e+00  -1.6946500e+01   3.6527100e+01  -2.0000000e+00
   1.2400000e+02  -5.0009100e+00  -1.5579100e+01   4.8597100e+01  -2.0000000e+00
   1.2500000e+02  -1.4133200e+01   4.2108500e+00   4.9052900e+01   2.0000000e+00
   1.2600000e+02  -1.4777600e+00  -1.6175500e+01   4.9689600e+01  -2.0000000e+00
   1.2700000e+02   5.0148400e-01  -1.5518900e+01   4.8669200e+01  -2.0000000e+00
   1.2800000e+02   1.1130300e+01   7.2045800e+00   1.3419600e+01   1.0000000e+00
   1.2900000e+02  -1.2510100e+01   2.8243000e+00   4.9237100e+01   2.0000000e+00
   1.3000000e+02   2.4830100e+00  -1.4818600e+01   5.0155400e+01   2.0000000e+00
   1.3100000e+02   6.3947000e+00  -1.3288800e+01   5.0895700e+01   0.0000000e+00
   1.3200000e+02   6.6499300e+00   2.8977100e+00   1.3708200e+01   1.0000000e+00
   1.3300000e+02  -3.8893500e+00   1.5339900e+01   2.1391600e+01  -2.0000000e+00
   1.3400000e+02   5.1677600e+00   8.9281000e+00   1.3594900e+01   1.0000000e+00
   1.3500000e+02   1.7191700e+01   5.4248400e+00  -7.2934700e-01  -1.0000000e+00
   1.3600000e+02  -1.3021600e+00   1.2713600e+01   1.4127400e+01   1.0000000e+00
   1.3700000e+02  -1.7693700e+01  -4.5771100e+00   4.9090000e+01  -1.0000000e+00
   1.3800000e+02   8.6681900e+00   9.7939900e+00   1.3874600e+01   1.0000000e+00
   1.3900000e+02   1.4524300e+01  -6.9697300e+00   1.3354500e+01  -2.0000000e+00
   1.4000000e+02  -8.2422200e+00   6.2198300e+00   4.8742300e+01  -3.0000000e+00
   1.4100000e+02  -1.3980900e+01   1.3834400e+01   4.6793400e+01  -1.0000000e+00
   1.4200000e+02  -1.3599700e+00   5.2230500e+00   1.4176700e+01   1.0000000e+00
   1.4300000e+02  -8.6494100e+00  -5.3223500e+00   4.8941600e+01   2.0000000e+00
   1.4400000e+02   1.8092500e+01   1.3781800e+00  -2.3716100e+00  -1.0000000e+00
   1.4500000e+02   4.4091100e+00  -1.4075300e+01   5.1424800e+01   2.0000000e+00
   1.4600000e+02  -8.5928100e+00   1.6716500e+01   3.2931800e+01  -1.0000000e+00
   1.4700000e+02   1.1516300e+01  -9.8275100e+00   1.2093200e+01   1.0000000e+00
   1.4800000e+02   4.7793000e+00  -1.2026100e+01   5.1351800e+01  -2.0000000e+00
   1.4900000e+02  -1.9030700e+00  -8.6588300e+00   4.9687200e+01   2.0000000e+00
   1.5000000e+02   1.4640200e+01   5.7679300e-01   1.3600900e+01   1.0000000e+00
   1.5100000e+02   1.9757500e-01   1.4187900e+01   1.3991100e+01   1.0000000e+00
   1.5200000e+02   1.3108200e+01  -8.4408200e-01   1.3856900e+01   1.0000000e+00
   1.5300000e+02  -1.2151000e+01  -4.6450000e+00   4.8773400e+01   2.0000000e+00
   1.5400000e+02  -6.2408700e+00  -2.5519600e+00   4.8884100e+01   2.0000000e+00
   1.5500000e+02  -3.4923400e-01   1.1887700e+00   1.5037000e+01   1.0000000e+00
   1.5600000e+02  -8.3959200e-01   3.1772900e+00   1.4327200e+01   1.0000000e+00
   1.5700000e+02  -1.6473200e+01  -8.0061700e+00   4.8721600e+01  -1.0000000e+00
   1.5800000e+02   1.3482800e+01  -1.0430100e+01   1.2380100e+01  -2.0000000e+00
   1.5900000e+02  -8.4397300e+00   1.3693000e+01   4.1241900e+01  -2.0000000e+00
   1.6000000e+02  -1.0567600e+01   3.5174700e+00   4.9298000e+01   2.0000000e+00
   1.6100000e+02   1.0133700e+01  -3.7405900e+00   1.3554800e+01   1.0000000e+00
   1.6200000e+02  -5.8109200e+00  -1.0104000e+01   4.9535100e+01   2.0000000e+00
   1.6300000e+02   1.7104700e+01  -2.0737800e+00   1.3475800e+01  -2.0000000e+00
   1.6400000e+02  -9.7835800e+00   7.5880400e+00   4.8643000e+01   2.0000000e+00
   1.6500000e+02  -7.8179000e+00  -1.1850300e+00   4.9746500e+01   2.0000000e+00
   1.6600000e+02  -3.8286900e+00   2.2668700e-01   4.4194200e+01  -3.0000000e+00
   1.6700000e+02  -1.4517300e+01  -7.3459000e+00   4.9094500e+01  -2.0000000e+00
   1.6800000e+02   1.6710900e+00   6.1227600e-01   1.3666200e+01   1.0000000e+00
   1.6900000e+02  -6.8875600e+00   1.2311400e+01   1.3946900e+01  -3.0000000e+00
   1.7000000e+02  -9.7648700e+00  -1.9032200e+00   4.9594600e+01   2.0000000e+00
   1.7100000e+02   1.1720400e+00   2.6288000e+00   1.4041200e+01   1.0000000e+00
   1.7200000e+02   4.1625400e-01  -5.9615300e+00   4.8699200e+01  -3.0000000e+00
   1.7300000e+02   5.1252400e+00  -1.0006800e+01   5.2430300e+01  -2.0000000e+00
   1.7400000e+02   5.6322400e+00   1.4442700e+01   1.5076200e+01  -2.0000000e+00
   1.7500000e+02  -1.2905300e+01   1.0340500e+01   4.8431100e+01  -2.0000000e+00
   1.7600000e+02   7.6484300e+00   6.3605300e+00   1.3612900e+01   1.0000000e+00
   1.7700000e+02  -8.1671700e+00  -1.2720000e+01   4.9219200e+01   2.0000000e+00
   1.7800000e+02  -1.1987400e+01   1.4555200e+01   4.6239800e+01  -1.0000000e+00
   1.7900000e+02  -9.9649900e+00   1.5081300e+01   5.4260400e+01  -1.0000000e+00
   1.8000000e+02   1.0297000e+01  -1.3195700e+01   3.5197800e+01  -2.0000000e+00
   1.8100000e+02   1.1060200e+01  -7.7909900e+00   1.2817900e+01   1.0000000e+00
   1.8200000e+02   9.1387500e+00   7.7881400e+00   1.3458900e+01   1.0000000e+00
   1.8300000e+02  -1.1705600e+01  -1.2114200e+01   4.9519000e+01   2.0000000e+00
   1.8400000e+02  -5.5076600e+00   1.6605900e+01   4.6302900e+01  -1.0000000e+00
   1.8500000e+02  -1.0409200e+00  -1.4135100e+01   4.9768800e+01   2.0000000e+00
   1.8600000e+02   1.2591800e+01   1.1584200e+00   1.3562000e+01   1.0000000e+00
   1.8700000e+02  -1.1758900e+01  -2.6027900e+00   4.9059200e+01   2.0000000e+00
   1.8800000e+02   1.4119500e+01   2.6082600e+00   1.3725500e+01   1.0000000e+00
   1.8900000e+02   1.6130700e+01   9.5148000e+00  -1.9492600e+00  -1.0000000e+00
   1.9000000e+02  -7.4237400e+00  -8.6840600e+00   4.9606400e+01   2.0000000e+00
   1.9100000e+02  -9.7703300e+00  -1.1420800e+01   4.9906800e+01   2.0000000e+00
   1.9200000e+02  -1.2152900e+01   4.8873400e+00   4.9053200e+01   2.0000000e+00
   1.9300000e+02  -6.6839600e+00   4.8752700e+00   4.5181100e+01  -3.0000000e+00
   1.9400000e+02  -1.5298000e+01  -1.8793000e+00   4.8248000e+01  -2.0000000e+00
   1.9500000e+02  -1.2917200e+01   8.1718300e-01   4.8803800e+01   2.0000000e+00
   1.9600000e+02  -1.8431600e+00  -1.8317300e+01   5.0755500e+01  -1.0000000e+00
   1.9700000e+02   1.5588400e+01  -3.4828100e+00   1.3566100e+01  -2.0000000e+00
   1.9800000e+02   3.1936500e+00  -1.0688900e+01   4.9492600e+01   2.0000000e+00
   1.9900000e+02  -1.4858100e+01   1.3305700e-01   4.8659800e+01   2.0000000e+00
   2.0000000e+02   4.1955000e+00  -1.6125500e+01   5.1086300e+01  -2.0000000e+00
   2.0100000e+02   1.5197400e-01   6.6385100e+00   1.3539300e+01   1.0000000e+00
   2.0200000e+02  -5.4723400e+00  -8.0067600e+00   4.9889500e+01   2.0000000e+00
   2.0300000e+02  -1.1360000e+01   8.9793700e+00   4.8642400e+01   2.0000000e+00
   2.0400000e+02   1.6093700e+01   2.0245300e+00   1.2928000e+01  -2.0000000e+00
   2.0500000e+02  -6.5869500e+00  -1.4178000e+01   4.9057000e+01  -2.0000000e+00
   2.0600000e+02  -2.3178200e+00   1.6731600e+01   2.1789800e+01  -2.0000000e+00
   2.0700000e+02   7.0288500e-01  -3.9249400e+00   4.8598600e+01  -3.0000000e+00
   2.0800000e+02  -1.4147500e+01  -5.2767300e+00   4.8928100e+01   2.0000000e+00
   2.0900000e+02   5.8300400e+00  -1.7453800e+01   5.2019600e+01  -1.0000000e+00
   2.1000000e+02   1.2393200e+01  -1.3950200e+01   1.2161600e+01  -1.0000000e+00
   2.1100000e+02  -9.0137100e+00  -7.3606600e+00   4.9588900e+01   2.0000000e+00
   2.1200000e+02   1.0131300e+01   1.1252300e+01   1.4704700e+01   1.0000000e+00
   2.1300000e+02   1.1644300e+01   1.2773100e+01   1.4595700e+01  -2.0000000e+00
   2.1400000e+02  -1.8408800e+01   8.1997200e-01   5.0241900e+01  -1.0000000e+00
   2.1500000e+02   9.0803500e+00   1.5304100e+01   1.2389000e+01  -1.0000000e+00
   2.1600000e+02   1.5101000e+01  -1.4497300e+00   1.3078000e+01   1.0000000e+00
   2.1700000e+02   1.8116100e+01  -6.0805300e+00   1.2897900e+01  -1.0000000e+00
   2.1800000e+02   4.1692200e+00   1.2953700e+01   1.4315800e+01   1.0000000e+00
   2.1900000e+02  -7.3096800e-01  -1.2055200e+01   5.0049100e+01   2.0000000e+00
   2.2000000e+02  -1.0960200e+01   1.4758100e+00   4.8841700e+01   2.0000000e+00
   2.2100000e+02   1.3620800e+01   4.6063300e+00   1.3988000e+01   1.0000000e+00
   2.2200000e+02   1.2418200e+00  -1.1361600e+01   4.9438200e+01   2.0000000e+00
   2.2300000e+02  -1.6849400e+01  -5.1954900e-01   4.8215000e+01  -2.0000000e+00
   2.2400000e+02   1.1578400e+00   1.7714700e+01   1.5494100e+01  -1.0000000e+00
   2.2500000e+02   1.1944300e+01  -1.1870100e+01   1.1555600e+01  -2.0000000e+00
   2.2600000e+02  -3.5303900e+00  -7.3214600e+00   4.9861800e+01   2.0000000e+00
   2.2700000e+02  -1.3716300e+01  -3.2452800e+00   4.8590100e+01   2.0000000e+00
   2.2800000e+02  -1.4060200e+01  -1.4852700e+01   7.8832800e+01  -1.0000000e+00
   2.2900000e+02  -1.3301600e+01  -1.0728600e+01   4.9528600e+01  -2.0000000e+00
   2.3000000e+02   1.3612100e+01  -2.8586900e+00   1.3655400e+01   1.0000000e+00
   2.3100000e+02  -1.0591400e+01  -5.9951100e+00   4.9047400e+01   2.0000000e+00
   2.3200000e+02  -2.7901600e+00   1.1241100e+01   1.4144400e+01   1.0000000e+00
   2.3300000e+02  -9.3957400e+00   9.6427500e+00   4.8123900e+01   2.0000000e+00
   2.3400000e+02  -5.2223000e+00   1.7622800e+00   4.9836800e+01  -3.0000000e+00
   2.3500000e+02   1.5664000e+01   1.1594200e+01   1.3456900e+01  -1.0000000e+00
   2.3600000e+02  -4.6149800e+00  -1.3461700e+01   4.8947100e+01   2.0000000e+00
   2.3700000e+02  -3.0937800e-01   1.6208600e+01   1.5132200e+01  -2.0000000e+00
   2.3800000e+02   3.6498100e+00   1.5002200e+01   1.3700700e+01  -2.0000000e+00
   2.3900000e+02   2.0102900e+00  -7.2940600e+00   4.6227600e+01  -3.0000000e+00
   2.4000000e+02   4.6772900e+00   1.0937700e+01   1.3932100e+01   1.0000000e+00
   2.4100000e+02   1.7157400e+00   1.5705100e+01   1.4055000e+01  -2.0000000e+00
   2.4200000e+02  -2.7950000e+00  -3.2437900e+00   3.7015000e+01  -3.0000000e+00
   2.4300000e+02  -9.3926200e+00  -9.3884700e+00   4.9655700e+01   2.0000000e+00
   2.4400000e+02  -1.0525000e+01   1.3024700e+01   4.7371000e+01  -2.0000000e+00
   2.4500000e+02  -1.9164100e+00  -5.2980500e-01   5.5368100e+00  -3.0000000e+00
   2.4600000e+02  -6.9770700e+00   1.5148800e+01   3.1625300e+01  -1.0000000e+00
   2.4700000e+02   9.0507600e+00  -7.1818100e+00   1.3295200e+01   1.0000000e+00
   2.4800000e+02  -1.8383400e+00   7.2350800e+00   1.3435600e+01   1.0000000e+00
   2.4900000e+02   1.1076900e+01  -2.7071500e-01   1.3840500e+01   1.0000000e+00
   2.5000000e+02   1.3220500e+01   1.4237900e+01   1.3798800e+01  -1.0000000e+00
   2.5100000e+02  -3.4641500e+00  -1.7008600e+01   3.7682900e+01  -2.0000000e+00
   2.5200000e+02  -6.8033200e+00   1.0229300e+01   1.4912600e+01  -3.0000000e+00
   2.5300000e+02   9.1184800e+00   3.2440900e-01   1.3460600e+01   1.0000000e+00
   2.5400000e+02  -1.3724000e+01   6.2925900e+00   4.8990500e+01   2.0000000e+00
   2.5500000e+02   7.6227700e+00  -1.1057800e+00   1.3955500e+01   1.0000000e+00
   2.5600000e+02  -1.1377000e+01  -5.6619800e-01   4.9037100e+01   2.0000000e+00
   2.5700000e+02  -6.1968400e+00  -1.2124600e+01   4.8851500e+01   2.0000000e+00
   2.5800000e+02  -4.8910400e+00   3.8285900e+00   3.7022000e+01  -3.0000000e+00
   2.5900000e+02   1.2575500e+01  -6.3448600e+00   1.3140000e+01   1.0000000e+00
   2.6000000e+02  -8.5785200e+00  -1.4909300e+01   3.7544300e+01  -2.0000000e+00
   2.6100000e+02  -8.8808800e+00   1.1693900e+01   4.9186600e+01   2.0000000e+00
   2.6200000e+02   6.5410000e-01   4.6124700e+00   1.4078400e+01   1.0000000e+00
   2.6300000e+02   9.5245200e-02  -1.7578500e+01   4.8937800e+01  -1.0000000e+00
   2.6400000e+02   1.6316400e+00  -9.3413900e+00   4.9404600e+01   2.0000000e+00
   2.6500000e+02  -1.2049600e+01  -1.4210400e+01   3.7162300e+01  -2.0000000e+00
   2.6600000e+02   2.9352600e+00  -5.4513500e+00   3.3218600e+01  -3.0000000e+00
   2.6700000e+02   4.1521500e+00  -1.9594400e+00   1.3984400e+01   1.0000000e+00
   2.6800000e+02   5.1498800e+00   1.4670000e+00   1.3740300e+01   1.0000000e+00
   2.6900000e+02   1.1051600e+01   1.4745500e+01   1.5734300e+01  -1.0000000e+00
   2.7000000e+02  -4.2248900e+00  -1.1416700e+01   4.9701900e+01   2.0000000e+00
   2.7100000e+02  -1.0981400e+01  -8.0329000e+00   4.9277700e+01   2.0000000e+00
   2.7200000e+02   9.9740700e+00  -1.5261800e+01   6.1396600e+01  -1.0000000e+00
   2.7300000e+02  -3.8123000e+00   7.8471100e+00   1.3392000e+01  -3.0000000e+00
   2.7400000e+02   5.0053600e+00  -6.0307700e+00   1.1025000e+00  -3.0000000e+00
   2.7500000e+02  -1.4918000e+01  -9.4102100e+00   4.9429600e+01  -2.0000000e+00
   2.7600000e+02  -1.0182500e+01  -3.9390700e+00   4.8944500e+01   2.0000000e+00
   2.7700000e+02  -5.1190000e+00  -5.9858600e+00   4.9522300e+01   2.0000000e+00
   2.7800000e+02   1.7729700e+01   3.4244100e+00  -2.6441200e+00  -1.0000000e+00
   2.7900000e+02   4.1589100e+00   5.4957700e+00   1.3817200e+01   1.0000000e+00
   2.8000000e+02   6.1560000e+00  -2.5869100e+00   1.3790400e+01   1.0000000e+00
   2.8100000e+02   1.5447600e+01  -1.1093200e+01   1.1624900e+01  -1.0000000e+00
   2.8200000e+02   1.4139000e+01   1.0131600e+01   1.3400300e+01  -2.0000000e+00
   2.8300000e+02  -1.4529700e+01   1.1765900e+01   6.2572200e+01  -1.0000000e+00
   2.8400000e+02  -8.5234500e-01   1.8223000e+01   1.5465800e+01  -1.0000000e+00
   2.8500000e+02  -7.8385100e+00   8.2563000e+00   5.4461900e+01  -3.0000000e+00
   2.8600000e+02   7.0669900e+00  -6.6096400e+00   1.3124600e+01   1.0000000e+00
   2.8700000e+02   1.3908300e+01  -1.2481900e+01   2.7642900e+01  -1.0000000e+00
   2.8800000e+02   1.3102700e+01   6.6035800e+00   1.3726100e+01   1.0000000e+00
   2.8900000e+02   1.6586300e+01   7.5167000e+00  -4.4686800e-02  -1.0000000e+00
   2.9000000e+02   2.6743100e+00   1.1531900e+01   1.3604000e+01   1.0000000e+00
   2.9100000e+02  -1.2499500e+01   1.2371600e+01   4.7452100e+01  -2.0000000e+00
   2.9200000e+02  -8.2037300e+00  -3.2528800e+00   4.8732100e+01   2.0000000e+00
   2.9300000e+02   1.2143600e+01   1.0741800e+01   1.4186800e+01   1.0000000e+00
   2.9400000e+02  -1.0929700e+01   1.1003800e+01   4.8533500e+01   2.0000000e+00
   2.9500000e+02  -7.9893500e-01   1.0686200e+01   1.3815300e+01   1.0000000e+00
   2.9600000e+02   5.5551700e+00  -8.0073500e+00   3.9193700e+01  -3.0000000e+00
   2.9700000e+02  -1.5280500e+01  -1.1433100e+01   4.9567000e+01  -1.0000000e+00
   2.9800000e+02   1.0590900e+01  -5.7680500e+00   1.3205900e+01   1.0000000e+00
   2.9900000e+02  -3.3609000e+00   1.3336800e+01   1.4285200e+01   1.0000000e+00
