   0.0000000e+00   4.2451400e+00   1.6853600e+01  -1.0000000e+00
   1.0000000e+00   2.3558300e+00  -2.9556700e+00  -1.0000000e+00
   2.0000000e+00  -2.0774300e-01   9.8025600e+00  -1.0000000e+00
   3.0000000e+00   1.6853700e+01  -3.5844600e+00  -1.0000000e+00
   4.0000000e+00   2.1853200e+00   1.6904300e+01  -1.0000000e+00
   5.0000000e+00  -1.3173200e+00   8.0541800e+00  -1.0000000e+00
   6.0000000e+00  -8.0466100e+00  -1.6931200e+01   1.0000000e+00
   7.0000000e+00  -9.8545300e+00   1.2055600e+00  -1.0000000e+00
   8.0000000e+00  -2.7238200e+00  -1.3612600e+01   1.0000000e+00
   9.0000000e+00  -8.8909500e+00  -6.1072600e-01  -1.0000000e+00
   1.0000000e+01   1.0156300e+01   9.3383900e+00  -1.0000000e+00
   1.1000000e+01  -1.0415000e+01   1.3820700e+01  -1.0000000e+00
   1.2000000e+01  -4.1173500e-02   1.3417500e+01  -1.0000000e+00
   1.3000000e+01   6.6817000e+00   4.7469700e-01  -1.0000000e+00
   1.4000000e+01  -8.6150100e+00   6.5588800e+00  -1.0000000e+00
   1.5000000e+01  -1.3751000e+01  -9.7465400e+00   1.0000000e+00
   1.6000000e+01  -7.7943900e+00   1.1352400e+00  -1.0000000e+00
   1.7000000e+01  -6.4534500e+00  -9.5825700e+00   1.0000000e+00
   1.8000000e+01   2.4842000e+00  -1.6904500e+01   1.0000000e+00
   1.9000000e+01  -1.4708500e+01   1.0363700e+01  -1.0000000e+00
   2.0000000e+01   5.0286400e+00   1.1385900e+01  -1.0000000e+00
   2.1000000e+01  -5.4357700e+00   8.2452200e+00  -1.0000000e+00
   2.2000000e+01  -9.4691000e+00   1.1975400e+01  -1.0000000e+00
   2.3000000e+01  -5.3132600e+00   1.1845000e+01  -1.0000000e+00
   2.4000000e+01   2.5595500e+00   6.9004900e-01  -1.0000000e+00
   2.5000000e+01  -1.7176400e+01  -7.2015700e-01   1.0000000e+00
   2.6000000e+01   7.0885900e+00   1.1287900e+01  -1.0000000e+00
   2.7000000e+01   1.1380700e+01  -8.7540700e+00  -1.0000000e+00
   2.8000000e+01   1.2067300e+01  -1.4413800e+01   1.0000000e+00
   2.9000000e+01   4.9214200e+00   7.7911500e+00  -1.0000000e+00
   3.0000000e+01  -1.1833200e+01  -1.0725500e+01   1.0000000e+00
   3.1000000e+01  -6.6875800e+00   2.8789300e+00  -1.0000000e+00
   3.2000000e+01   4.2637200e+00  -6.6415000e+00  -1.0000000e+00
   3.3000000e+01  -4.3405200e+00   9.9980800e+00  -1.0000000e+00
   3.4000000e+01  -1.6032500e+01   5.0231100e+00  -1.0000000e+00
   3.5000000e+01  -2.8589000e+00  -7.3122400e+00   1.0000000e+00
   3.6000000e+01   3.1365600e-01  -2.8291400e+00  -1.0000000e+00
   3.7000000e+01  -2.7033000e+00  -8.6663200e-01  -1.0000000e+00
   3.8000000e+01   1.4494800e+00  -1.0955300e+00  -1.0000000e+00
   3.9000000e+01   7.4540000e+00  -4.9403000e+00  -1.0000000e+00
   4.0000000e+01   1.5524000e+01  -9.0135600e+00  -1.0000000e+00
   4.1000000e+01  -1.5624500e+01  -4.4038000e+00   1.0000000e+00
   4.2000000e+01  -3.4187400e-01   6.2326100e+00  -1.0000000e+00
   4.3000000e+01   7.2126200e+00  -8.5549300e+00  -1.0000000e+00
   4.4000000e+01  -1.5002000e+01   3.2125400e+00  -1.0000000e+00
   4.5000000e+01  -8.1499900e+00  -1.4845400e+01   1.0000000e+00
   4.6000000e+01   7.2707300e+00   1.4902400e+01  -1.0000000e+00
   4.7000000e+01   2.6678400e+00   4.2632600e+00  -1.0000000e+00
   4.8000000e+01   1.6683800e+01  -7.2113800e+00  -1.0000000e+00
   4.9000000e+01   1.0451500e+01  -6.9253000e+00  -1.0000000e+00
   5.0000000e+01  -1.0579100e+01   1.0186300e+01  -1.0000000e+00
   5.1000000e+01  -8.7667900e+00   2.9549300e+00  -1.0000000e+00
   5.2000000e+01   1.0624800e+01  -3.2816500e+00  -1.0000000e+00
   5.3000000e+01   1.4764000e+01  -3.5070300e+00  -1.0000000e+00
   5.4000000e+01  -9.9435100e+00  -1.5925300e+01   1.0000000e+00
   5.5000000e+01  -1.8083200e+01   5.0071600e+00  -1.0000000e+00
   5.6000000e+01  -3.6609000e+00   9.6136200e-01  -1.0000000e+00
   5.7000000e+01   9.9576800e+00  -1.4085900e+01   1.0000000e+00
   5.8000000e+01   1.1133900e+01   7.5118200e+00  -1.0000000e+00
   5.9000000e+01  -7.4988400e+00   8.3052900e+00  -1.0000000e+00
   6.0000000e+01  -6.5021300e+00  -7.4994800e+00   1.0000000e+00
   6.1000000e+01  -6.1431900e+00   1.7366200e+01  -1.0000000e+00
   6.2000000e+01  -8.2324500e+00   1.7397100e+01  -1.0000000e+00
   6.3000000e+01   1.4217000e+01   5.5327100e+00  -1.0000000e+00
   6.4000000e+01  -1.3990600e+01   1.3727000e+00  -1.0000000e+00
   6.5000000e+01  -1.7522100e+01  -5.3592400e+00   1.0000000e+00
   6.6000000e+01  -6.5197700e+00   6.4863100e+00  -1.0000000e+00
   6.7000000e+01   1.4590100e+01  -7.1105500e+00  -1.0000000e+00
   6.8000000e+01   4.7932400e+00   4.1518000e+00  -1.0000000e+00
   6.9000000e+01   1.0584000e-01   1.7015400e+01  -1.0000000e+00
   7.0000000e+01   8.5681500e+00  -3.2106000e+00  -1.0000000e+00
   7.1000000e+01  -1.5601400e+01  -8.6109200e+00   1.0000000e+00
   7.2000000e+01   9.9645200e-01  -9.1207400e+00   1.0000000e+00
   7.3000000e+01  -4.7338700e+00  -6.4076600e+00   1.0000000e+00
   7.4000000e+01  -1.2641500e+01   1.0275700e+01  -1.0000000e+00
   7.5000000e+01   8.7888200e+00   4.0210100e-01  -1.0000000e+00
   7.6000000e+01  -6.4082500e+00  -1.1651300e+01   1.0000000e+00
   7.7000000e+01  -1.5061400e+01  -3.7824900e-01   1.0000000e+00
   7.8000000e+01  -1.0010800e+01  -1.3799000e+01   1.0000000e+00
   7.9000000e+01   1.2528600e+01  -7.0024400e+00  -1.0000000e+00
   8.0000000e+01  -6.3924200e+00  -1.3720500e+01   1.0000000e+00
   8.1000000e+01   4.0898500e+00   1.3240800e+01  -1.0000000e+00
   8.2000000e+01  -1.0693800e+01   6.6045900e+00  -1.0000000e+00
   8.3000000e+01   2.9701800e+00   1.1501800e+01  -1.0000000e+00
   8.4000000e+01   1.5283600e+01   7.3746200e+00  -1.0000000e+00
   8.5000000e+01   1.1222600e+01  -1.2352400e+01  -1.0000000e+00
   8.6000000e+01  -4.4367100e+00  -1.6762400e+01   1.0000000e+00
   8.7000000e+01   9.6876900e+00  -1.4425300e+00  -1.0000000e+00
   8.8000000e+01   5.8876900e+00   5.8844800e+00  -1.0000000e+00
   8.9000000e+01   2.6536500e+00  -1.4577700e+01   1.0000000e+00
   9.0000000e+01  -2.5473100e+00   2.6966800e+00  -1.0000000e+00
   9.1000000e+01   1.1966000e+01   2.0995900e+00  -1.0000000e+00
   9.2000000e+01   1.3212800e+01   7.4344700e+00  -1.0000000e+00
   9.3000000e+01  -6.2424300e+00  -1.5772200e+01   1.0000000e+00
   9.4000000e+01   4.4262100e+00  -1.1497400e+01   1.0000000e+00
   9.5000000e+01   7.9457400e+00   5.8217700e+00  -1.0000000e+00
   9.6000000e+01  -1.1951200e+01  -8.6303200e+00   1.0000000e+00
   9.7000000e+01  -1.7788800e+01  -3.0505600e+00   1.0000000e+00
   9.8000000e+01  -1.1966200e+00   1.1653800e+01  -1.0000000e+00
   9.9000000e+01  -1.1657900e+01   8.4371000e+00  -1.0000000e+00
   1.0000000e+02  -2.6020500e+00  -1.7834200e+01   1.0000000e+00
   1.0100000e+02  -8.2258300e+00  -1.0668000e+01   1.0000000e+00
   1.0200000e+02  -1.7049400e+01   3.2352000e+00  -1.0000000e+00
   1.0300000e+02   3.1522300e+00   1.5074100e+01  -1.0000000e+00
   1.0400000e+02   1.8941200e+01  -3.6416900e+00  -1.0000000e+00
   1.0500000e+02  -6.3470900e-01  -9.8579100e-01  -1.0000000e+00
   1.0600000e+02  -6.2683200e+00   1.3672100e+01  -1.0000000e+00
   1.0700000e+02   7.9065100e+00  -1.5899100e+01   1.0000000e+00
   1.0800000e+02  -2.7879500e+00  -1.1481300e+01   1.0000000e+00
   1.0900000e+02   4.2742400e+00  -1.5856000e+01   1.0000000e+00
   1.1000000e+02  -1.3875000e+01   4.9220000e+00  -1.0000000e+00
   1.1100000e+02  -1.1987800e+01  -4.4160800e+00   1.0000000e+00
   1.1200000e+02   1.5244600e+01   3.7501000e+00  -1.0000000e+00
   1.1300000e+02  -7.6477200e+00   4.7170000e+00  -1.0000000e+00
   1.1400000e+02   1.2218700e+01   9.2824600e+00  -1.0000000e+00
   1.1500000e+02   1.1017600e+01   3.9321400e+00  -1.0000000e+00
   1.1600000e+02  -4.6104100e+00   2.8001400e+00  -1.0000000e+00
   1.1700000e+02  -2.2678200e+00   9.8999000e+00  -1.0000000e+00
   1.1800000e+02  -4.4780400e+00  -1.4690700e+01   1.0000000e+00
   1.1900000e+02   1.8637200e+00   9.7544300e+00  -1.0000000e+00
   1.2000000e+02   1.3308200e+01  -1.2556100e+01  -1.0000000e+00
   1.2100000e+02   6.8788400e+00   4.0561300e+00  -1.0000000e+00
   1.2200000e+02   2.6005200e+00  -1.0424600e+01   1.0000000e+00
   1.2300000e+02  -1.4859300e+01   6.7532000e+00  -1.0000000e+00
   1.2400000e+02  -9.3057900e+00   1.5630600e+01  -1.0000000e+00
   1.2500000e+02   7.8177900e+00   2.2349900e+00  -1.0000000e+00
   1.2600000e+02  -1.3691800e+01   1.2161800e+01  -1.0000000e+00
   1.2700000e+02  -1.2748900e+01   6.6890900e+00  -1.0000000e+00
   1.2800000e+02  -2.9638000e+00  -5.2176600e+00  -1.0000000e+00
   1.2900000e+02  -1.9655900e+00   1.7095500e+01  -1.0000000e+00
   1.3000000e+02  -1.0220200e+01  -5.5154300e+00   1.0000000e+00
   1.3100000e+02  -1.5606800e+01  -6.5344300e+00   1.0000000e+00
   1.3200000e+02  -8.2199700e+00  -1.2723400e+01   1.0000000e+00
   1.3300000e+02   3.2813800e+00  -4.7962200e+00  -1.0000000e+00
   1.3400000e+02   1.7355400e+00   6.0980900e+00  -1.0000000e+00
   1.3500000e+02   3.5025800e+00  -1.1758000e+00  -1.0000000e+00
   1.3600000e+02  -1.5792600e+01   8.6065700e+00  -1.0000000e+00
   1.3700000e+02  -8.2558100e+00  -8.5835500e+00   1.0000000e+00
   1.3800000e+02  -8.3766600e+00  -6.5331200e+00   1.0000000e+00
   1.3900000e+02   8.6836700e-01  -1.5616800e+01   1.0000000e+00
   1.4000000e+02   1.5786600e+01  -5.3499800e+00  -1.0000000e+00
   1.4100000e+02  -1.6076900e+01   1.4140800e+00  -1.0000000e+00
   1.4200000e+02  -4.8925600e+00  -4.3611000e+00  -1.0000000e+00
   1.4300000e+02   1.7074900e+01   3.8051600e-02  -1.0000000e+00
   1.4400000e+02   7.8959900e+00  -1.3843900e+01   1.0000000e+00
   1.4500000e+02  -1.4492000e+00   4.4627700e+00  -1.0000000e+00
   1.4600000e+02   2.6202200e+00  -1.2508600e+01   1.0000000e+00
   1.4700000e+02  -6.1946800e+00  -1.7881200e+01   1.0000000e+00
   1.4800000e+02  -7.3959400e+00   1.1916900e+01  -1.0000000e+00
   1.4900000e+02   8.1933200e+00  -1.0362300e+01  -1.0000000e+00
   1.5000000e+02  -7.2230100e+00   1.5540100e+01  -1.0000000e+00
   1.5100000e+02  -1.1852700e+01  -1.2795800e+01   1.0000000e+00
   1.5200000e+02   2.1658300e+00  -6.5159000e+00  -1.0000000e+00
   1.5300000e+02  -1.1789800e+01   4.8753900e+00  -1.0000000e+00
   1.5400000e+02  -1.3894900e+01  -3.2315200e+00   1.0000000e+00
   1.5500000e+02   7.6441800e-01   7.9693600e+00  -1.0000000e+00
   1.5600000e+02   1.4286400e+01   9.1917100e+00  -1.0000000e+00
   1.5700000e+02  -1.0046800e+01  -9.6531200e+00   1.0000000e+00
   1.5800000e+02   1.3384300e+01   1.1084900e+01  -1.0000000e+00
   1.5900000e+02   6.1338400e-01   4.3539300e+00  -1.0000000e+00
   1.6000000e+02  -1.0030500e+01  -2.8595100e+00   1.0000000e+00
   1.6100000e+02  -8.4693100e+00   1.0156700e+01  -1.0000000e+00
   1.6200000e+02   1.4388500e+01  -1.0772000e+01  -1.0000000e+00
   1.6300000e+02  -9.8755500e-01  -1.2509700e+01   1.0000000e+00
   1.6400000e+02   5.1917200e+00   1.4986300e+01  -1.0000000e+00
   1.6500000e+02   1.1393600e+01   1.4742400e+01  -1.0000000e+00
   1.6600000e+02  -4.4747600e+00   6.4139900e+00  -1.0000000e+00
   1.6700000e+02  -1.3679400e+01  -1.1828500e+01   1.0000000e+00
   1.6800000e+02   1.0990800e+00   1.5158900e+01  -1.0000000e+00
   1.6900000e+02   1.0025300e+01   5.7520800e+00  -1.0000000e+00
   1.7000000e+02   8.3674600e+00  -6.8027200e+00  -1.0000000e+00
   1.7100000e+02   6.1890600e+00  -1.7043900e+01   1.0000000e+00
   1.7200000e+02   8.2138800e+00   1.3037800e+01  -1.0000000e+00
   1.7300000e+02  -1.5558400e+01  -1.0736100e+01   1.0000000e+00
   1.7400000e+02   4.4357800e+00  -3.0114300e+00  -1.0000000e+00
   1.7500000e+02  -2.8268800e+00  -9.4131900e+00   1.0000000e+00
   1.7600000e+02   8.0616300e+00   9.4183700e+00  -1.0000000e+00
   1.7700000e+02   6.0863300e+00  -1.4853900e+01   1.0000000e+00
   1.7800000e+02   9.3225900e+00   1.4775100e+01  -1.0000000e+00
   1.7900000e+02   9.9799800e+00  -1.6249900e+01   1.0000000e+00
   1.8000000e+02   3.9137100e+00   9.6450000e+00  -1.0000000e+00
   1.8100000e+02   1.8398200e+01   5.5035000e+00  -1.0000000e+00
   1.8200000e+02   1.5546900e+01   1.0850000e+01  -1.0000000e+00
   1.8300000e+02  -3.3868800e+00   8.1531900e+00  -1.0000000e+00
   1.8400000e+02  -1.1741500e+01  -1.4921500e+01   1.0000000e+00
   1.8500000e+02  -4.2131900e+00   1.3575600e+01  -1.0000000e+00
   1.8600000e+02  -2.6310400e+00  -1.5761800e+01   1.0000000e+00
   1.8700000e+02   9.9808000e-02  -6.4902500e+00  -1.0000000e+00
   1.8800000e+02  -1.8147800e+01   1.3724300e+00   1.0000000e+00
   1.8900000e+02  -5.8790600e+00  -2.5324300e+00  -1.0000000e+00
   1.9000000e+02   1.5003300e+01   1.4625200e-01  -1.0000000e+00
   1.9100000e+02   6.2796200e+00  -1.2459300e+01   1.0000000e+00
   1.9200000e+02   3.8333900e+00   5.9914500e+00  -1.0000000e+00
   1.9300000e+02   4.6118700e+00   5.7801600e-01  -1.0000000e+00
   1.9400000e+02  -5.5965300e+00   4.6373100e+00  -1.0000000e+00
   1.9500000e+02  -3.7973500e+00  -2.5982700e+00  -1.0000000e+00
   1.9600000e+02   1.3683300e+01  -5.2583700e+00  -1.0000000e+00
   1.9700000e+02  -1.3007000e+01  -5.1574900e-01  -1.0000000e+00
   1.9800000e+02  -6.8223500e+00  -6.9138900e-01  -1.0000000e+00
   1.9900000e+02   3.0117800e+00  -8.3993300e+00  -1.0000000e+00
   2.0000000e+02   9.1330900e+00  -1.2201300e+01  -1.0000000e+00
   2.0100000e+02   1.4094100e+01   1.9949200e+00  -1.0000000e+00
   2.0200000e+02  -1.3783800e+01  -7.6156100e+00   1.0000000e+00
   2.0300000e+02  -8.4424700e+00  -4.4352300e+00   1.0000000e+00
   2.0400000e+02   9.9014700e+00   2.1533700e+00  -1.0000000e+00
   2.0500000e+02   1.0261600e+01  -1.0484500e+01  -1.0000000e+00
   2.0600000e+02   1.2704800e+01  -3.3792000e+00  -1.0000000e+00
   2.0700000e+02   3.6320700e+00   2.4386400e+00  -1.0000000e+00
   2.0800000e+02   9.1515300e+00   1.1177400e+01  -1.0000000e+00
   2.0900000e+02  -7.9493700e+00  -2.4354800e+00  -1.0000000e+00
   2.1000000e+02  -5.7142500e+00   1.0583800e+00  -1.0000000e+00
   2.1100000e+02  -6.4049500e+00   1.0082800e+01  -1.0000000e+00
   2.1200000e+02   1.7984400e+01  -1.8300600e+00  -1.0000000e+00
   2.1300000e+02  -9.7014400e+00   4.8068100e+00  -1.0000000e+00
   2.1400000e+02   1.7848200e+01  -5.4324100e+00  -1.0000000e+00
   2.1500000e+02   6.0028900e+00   9.5504500e+00  -1.0000000e+00
   2.1600000e+02   5.5615200e+00  -1.2712200e+00  -1.0000000e+00
   2.1700000e+02  -1.0031700e+01  -1.1712200e+01   1.0000000e+00
   2.1800000e+02  -1.1521300e+01   1.2009500e+01  -1.0000000e+00
   2.1900000e+02   4.2927300e+00  -1.7971100e+01   1.0000000e+00
   2.2000000e+02   6.3180500e+00  -6.6654600e+00  -1.0000000e+00
   2.2100000e+02   5.1196900e+00  -8.5238900e+00  -1.0000000e+00
   2.2200000e+02   1.1590700e+01  -5.1715500e+00  -1.0000000e+00
   2.2300000e+02   1.0275500e+01   1.2937600e+01  -1.0000000e+00
   2.2400000e+02  -9.7199500e-01  -1.0383600e+01   1.0000000e+00
   2.2500000e+02  -1.0812300e+01   3.0415300e+00  -1.0000000e+00
   2.2600000e+02   1.3831200e+01  -1.5923500e+00  -1.0000000e+00
   2.2700000e+02  -3.2482000e+00   1.1756600e+01  -1.0000000e+00
   2.2800000e+02  -1.0949000e+01  -5.3628200e-01  -1.0000000e+00
   2.2900000e+02  -8.3559800e+00   1.3787100e+01  -1.0000000e+00
   2.3000000e+02  -1.1374700e+01   1.5650500e+01  -1.0000000e+00
   2.3100000e+02   7.6129700e+00  -1.3853500e+00  -1.0000000e+00
   2.3200000e+02  -5.1521600e+00   1.5407200e+01  -1.0000000e+00
   2.3300000e+02   8.1832500e-01  -1.1486800e+01   1.0000000e+00
   2.3400000e+02   7.5287600e-01  -1.8154700e+01   1.0000000e+00
   2.3500000e+02  -8.3343400e-01  -1.6773600e+01   1.0000000e+00
   2.3600000e+02   1.5750300e+00   2.5073400e+00  -1.0000000e+00
   2.3700000e+02   2.0197000e+00   1.3321300e+01  -1.0000000e+00
   2.3800000e+02  -4.8956600e-01   2.6036000e+00  -1.0000000e+00
   2.3900000e+02   9.3037400e+00  -8.6379800e+00  -1.0000000e+00
   2.4000000e+02   1.1756000e+01  -1.5538100e+00  -1.0000000e+00
   2.4100000e+02   4.4876000e+00  -1.3576000e+01   1.0000000e+00
   2.4200000e+02  -2.1231500e+00   1.3487900e+01  -1.0000000e+00
   2.4300000e+02   1.6161700e+01   1.8988200e+00  -1.0000000e+00
   2.4400000e+02   1.3461900e+01  -8.8495200e+00  -1.0000000e+00
   2.4500000e+02  -1.3845200e+01  -5.4465400e+00   1.0000000e+00
   2.4600000e+02   1.2934700e+01   2.6997000e-01  -1.0000000e+00
   2.4700000e+02   1.4515200e+01   1.2829900e+01  -1.0000000e+00
   2.4800000e+02   5.0202600e-01   7.3552400e-01  -1.0000000e+00
   2.4900000e+02   1.2363600e+01   1.2893000e+01  -1.0000000e+00
   2.5000000e+02  -3.0748100e+00   1.5366100e+01  -1.0000000e+00
   2.5100000e+02  -1.2468000e+01   1.3912200e+01  -1.0000000e+00
   2.5200000e+02  -1.7317100e+00  -2.7659800e+00  -1.0000000e+00
   2.5300000e+02   9.0490900e+00   7.5910500e+00  -1.0000000e+00
   2.5400000e+02  -2.4097400e+00   6.2963200e+00  -1.0000000e+00
   2.5500000e+02  -6.6469900e+00  -5.4192200e+00   1.0000000e+00
   2.5600000e+02   6.1460600e+00   1.3166900e+01  -1.0000000e+00
   2.5700000e+02   8.9447200e+00   3.9912300e+00  -1.0000000e+00
   2.5800000e+02  -1.0194100e+00  -8.2300600e+00   1.0000000e+00
   2.5900000e+02   1.7324000e+01   3.6826900e+00  -1.0000000e+00
   2.6000000e+02   1.5907000e+01  -1.7117100e+00  -1.0000000e+00
   2.6100000e+02   1.0874600e+01   3.1480000e-01  -1.0000000e+00
   2.6200000e+02  -1.0152800e+01  -7.5918800e+00   1.0000000e+00
   2.6300000e+02   6.1306900e+00  -1.0333000e+01  -1.0000000e+00
   2.6400000e+02  -1.1923800e+01   1.2861700e+00  -1.0000000e+00
   2.6500000e+02   6.5051300e+00  -3.1249800e+00  -1.0000000e+00
   2.6600000e+02   1.7497300e+01   7.3579800e+00  -1.0000000e+00
   2.6700000e+02  -4.7656300e+00  -7.7080600e-01  -1.0000000e+00
   2.6800000e+02  -1.5839000e+00   8.4857100e-01  -1.0000000e+00
   2.6900000e+02  -1.5801000e+01  -2.3398000e+00   1.0000000e+00
   2.7000000e+02   8.4693800e-01  -1.3548100e+01   1.0000000e+00
   2.7100000e+02   8.3875500e+00   1.6636000e+01  -1.0000000e+00
   2.7200000e+02   1.1212600e+01   1.1110400e+01  -1.0000000e+00
   2.7300000e+02  -4.6362200e+00  -1.0574000e+01   1.0000000e+00
   2.7400000e+02  -1.0171400e+00   1.5252200e+01  -1.0000000e+00
   2.7500000e+02   6.9734300e+00   7.6353600e+00  -1.0000000e+00
   2.7600000e+02  -4.0123200e+00   1.7317000e+01  -1.0000000e+00
   2.7700000e+02  -1.2037600e+01  -2.3514500e+00   1.0000000e+00
   2.7800000e+02  -1.3736000e+01   8.5040600e+00  -1.0000000e+00
   2.7900000e+02  -1.7385700e+01  -7.5996500e+00   1.0000000e+00
   2.8000000e+02   6.3194600e+00   1.6779200e+01  -1.0000000e+00
   2.8100000e+02   9.0462100e-01   1.1591800e+01  -1.0000000e+00
   2.8200000e+02  -4.6965400e+00  -8.4792800e+00   1.0000000e+00
   2.8300000e+02   5.3518700e+00  -4.8484900e+00  -1.0000000e+00
   2.8400000e+02  -1.7022100e+01   6.8286400e+00  -1.0000000e+00
   2.8500000e+02  -9.2369300e-01  -1.4603600e+01   1.0000000e+00
   2.8600000e+02  -1.2869800e+01   3.1210200e+00  -1.0000000e+00
   2.8700000e+02   1.1688700e+00  -4.7164400e+00  -1.0000000e+00
   2.8800000e+02   2.8522600e+00   7.8371700e+00  -1.0000000e+00
   2.8900000e+02  -9.1386100e-01  -4.6678700e+00  -1.0000000e+00
   2.9000000e+02   1.3105500e+01   3.8100800e+00  -1.0000000e+00
   2.9100000e+02   5.7536800e+00   2.3196500e+00  -1.0000000e+00
   2.9200000e+02  -4.5536900e+00  -1.2625500e+01   1.0000000e+00
   2.9300000e+02   1.2091200e+01   5.6894100e+00  -1.0000000e+00
   2.9400000e+02   1.6338900e+01   5.5661900e+00  -1.0000000e+00
   2.9500000e+02  -9.5541200e+00   8.3939100e+00  -1.0000000e+00
   2.9600000e+02   9.5250000e+00  -5.0674200e+00  -1.0000000e+00
   2.9700000e+02  -3.5040300e+00   4.5251100e+00  -1.0000000e+00
   2.9800000e+02   1.2332800e+01  -1.0596400e+01  -1.0000000e+00
   2.9900000e+02  -1.1993700e+01  -6.5745200e+00   1.0000000e+00
