   0.0000000e+00  -1.0064300e+01  -2.0064400e+00   1.8299900e+00   2.0000000e+00
   1.0000000e+00  -4.5006800e+00  -4.8815500e+00   2.3989100e+00   2.0000000e+00
   2.0000000e+00  -1.0122600e+01   5.7200900e-02   3.2372300e+00   2.0000000e+00
   3.0000000e+00  -1.2728800e+01   1.2811900e+01   4.4437600e+01  -2.0000000e+00
   4.0000000e+00   7.1534200e+00  -1.3479400e+01   2.2946200e+01   1.0000000e+00
   5.0000000e+00  -6.3309000e+00  -3.9220600e+00   2.6411700e+00   2.0000000e+00
   6.0000000e+00   5.9451900e+00   1.3477800e+01   3.1976600e+01   1.0000000e+00
   7.0000000e+00  -9.7281700e+00  -1.0279300e+01   2.3182800e+00   2.0000000e+00
   8.0000000e+00   2.4945000e+00  -4.5334200e+00   2.4364700e+01  -3.0000000e+00
   9.0000000e+00   1.4925100e+01  -4.3048200e+00   3.1644700e+01  -2.0000000e+00
   1.0000000e+01   5.7875800e+00  -1.5185100e+01   2.0761700e+01  -2.0000000e+00
   1.1000000e+01   3.7476200e+00   1.7186000e+01   3.1897600e+01  -1.0000000e+00
   1.2000000e+01  -6.4358700e+00  -1.8446100e+00   2.9836000e+00   2.0000000e+00
   1.3000000e+01   1.2839100e+01  -8.0138100e+00   3.0283400e+01   1.0000000e+00
   1.4000000e+01   9.5460500e-01   7.9191000e+00   3.2274100e+01   1.0000000e+00
   1.5000000e+01  -2.3702600e+00  -1.4217800e+01   1.9038000e+00   2.0000000e+00
   1.6000000e+01  -9.6454100e+00  -1.2349700e+01   2.5360800e+00   2.0000000e+00
   1.7000000e+01  -4.0231500e+00   2.2807400e+00   2.0017800e+01  -3.0000000e+00
   1.8000000e+01   4.1470300e+00   6.2311000e+00   3.2148900e+01   1.0000000e+00
   1.9000000e+01  -8.2972400e+00   1.5607800e+00   1.7296900e+01  -3.0000000e+00
   2.0000000e+01   9.1485900e+00   1.1784300e+01   3.2122700e+01   1.0000000e+00
   2.1000000e+01   4.9989500e+00   1.1643100e+01   3.2057700e+01   1.0000000e+00
   2.2000000e+01   1.0637500e+01  -8.4163300e-01   3.1256100e+01   1.0000000e+00
   2.3000000e+01   1.3312900e+01   1.1911300e+01   3.1342400e+01  -2.0000000e+00
   2.4000000e+01  -6.2088800e+00   5.8757200e+00   3.2100200e+01   1.0000000e+00
   2.5000000e+01  -4.6737000e+00  -7.0309100e-01   1.5435800e+01  -3.0000000e+00
   2.6000000e+01  -6.2763400e+00  -5.9875400e+00   2.2341800e+00   2.0000000e+00
   2.7000000e+01  -8.0136900e+00  -7.1012100e+00   2.1729000e+00   2.0000000e+00
   2.8000000e+01  -8.6048400e-01   6.2947700e-01   2.0871800e+01  -3.0000000e+00
   2.9000000e+01   1.5639400e-01   2.5215000e+00   3.2180200e+01   1.0000000e+00
   3.0000000e+01   1.0520200e+01   2.8258400e+00   3.1694800e+01   1.0000000e+00
   3.1000000e+01  -1.1291100e+01  -1.5551200e+01   2.2635000e+00  -1.0000000e+00
   3.2000000e+01   6.5028400e+00  -8.7487500e-01   3.1330100e+01   1.0000000e+00
   3.3000000e+01  -1.0160400e+00  -2.6561700e+00   2.1208100e+01  -3.0000000e+00
   3.4000000e+01  -4.2799000e+00   9.5563100e+00   3.2349100e+01   1.0000000e+00
   3.5000000e+01  -3.6368600e+00   1.8613100e+01   3.1957800e+01  -1.0000000e+00
   3.6000000e+01   7.0730100e+00   1.1737900e+01   3.2282200e+01   1.0000000e+00
   3.7000000e+01   1.6983600e+01  -7.9372400e+00   3.0241900e+01  -1.0000000e+00
   3.8000000e+01  -4.3729500e+00  -9.0330900e+00   1.5833200e+00   2.0000000e+00
   3.9000000e+01   1.2569500e+01   2.9048900e+00   3.1923100e+01   1.0000000e+00
   4.0000000e+01   6.2680100e+00   6.3092100e+00   3.1951000e+01   1.0000000e+00
   4.1000000e+01   4.1990000e+00  -1.1387000e+01   2.5302800e+01  -3.0000000e+00
   4.2000000e+01  -4.4226700e+00  -6.9703400e+00   1.7699200e+00   2.0000000e+00
   4.3000000e+01   1.2695300e+01  -7.6889100e-01   3.1906000e+01   1.0000000e+00
   4.4000000e+01  -6.1362700e+00  -1.0102000e+01   2.2059100e+00   2.0000000e+00
   4.5000000e+01  -5.4024300e+00   1.1287500e+01   3.2825500e+01   1.0000000e+00
   4.6000000e+01  -2.6776700e+00  -5.8311600e+00   1.9113000e+00   2.0000000e+00
   4.7000000e+01   6.9247400e+00   1.5388700e+01   3.1160300e+01  -2.0000000e+00
   4.8000000e+01   6.5934900e+00  -8.0530200e+00   2.7982100e+01  -3.0000000e+00
   4.9000000e+01   2.7605600e+00   1.5283500e+01   3.2238400e+01  -2.0000000e+00
   5.0000000e+01   1.3567700e+01   4.7335100e+00   3.1275100e+01   1.0000000e+00
   5.1000000e+01   1.0902100e+00  -9.9212900e+00  -2.4831400e+00  -3.0000000e+00
   5.2000000e+01   6.5071000e+00  -1.7234800e+01   1.9549600e+01  -1.0000000e+00
   5.3000000e+01  -4.0882200e+00  -1.7391200e+01   6.9937400e-01  -1.0000000e+00
   5.4000000e+01   1.0177000e+00  -7.8398500e+00   2.4153900e+00  -3.0000000e+00
   5.5000000e+01  -2.4329500e+00  -1.2139700e+01   2.1838900e+00   2.0000000e+00
   5.6000000e+01   6.1037000e+00   9.8919300e+00   3.2295000e+01   1.0000000e+00
   5.7000000e+01  -1.3159700e+01  -1.4627000e+01   2.2551200e+00  -1.0000000e+00
   5.8000000e+01  -8.4132100e+00   9.3794300e+00   3.1968800e+01   1.0000000e+00
   5.9000000e+01   1.1144400e+01   1.5487700e+01   3.1610200e+01  -1.0000000e+00
   6.0000000e+01  -1.4126600e+01   4.1082400e+00   4.5477800e+00  -3.0000000e+00
   6.1000000e+01   8.9769900e+00   1.5387000e+01   2.0069200e+01  -2.0000000e+00
   6.2000000e+01  -1.4277100e+01   6.2137500e+00  -7.2630600e+00  -2.0000000e+00
   6.3000000e+01  -1.7610500e+01   1.7902200e+00  -1.1683300e+01  -1.0000000e+00
   6.4000000e+01  -5.1469300e-01  -1.3056900e+01   3.1492400e+01   2.0000000e+00
   6.5000000e+01   1.0716800e+01  -8.0983500e+00   2.9437700e+01   1.0000000e+00
   6.6000000e+01  -2.9511400e+00   4.7297400e-01   2.1077000e+01  -3.0000000e+00
   6.7000000e+01  -6.7173000e+00   1.6680500e+01   3.3127000e+01  -1.0000000e+00
   6.8000000e+01   8.3242900e-01  -1.8927000e+01   2.1314100e+01  -1.0000000e+00
   6.9000000e+01  -2.2906400e+00  -1.6315000e+01   1.2471300e+00  -2.0000000e+00
   7.0000000e+01  -1.2338600e+01   5.2603200e+00   3.1584200e+01  -3.0000000e+00
   7.1000000e+01   1.4547500e+01   6.5340400e+00   3.1497500e+01  -2.0000000e+00
   7.2000000e+01  -5.8920800e+00  -1.6404800e+01   1.3487300e+00  -1.0000000e+00
   7.3000000e+01  -1.6178900e+01   7.0802200e+00   5.4999100e+00  -1.0000000e+00
   7.4000000e+01   1.5976500e+01  -6.0757500e+00   3.0807000e+01  -2.0000000e+00
   7.5000000e+01   1.8372100e+00   1.3390900e+01   3.1779700e+01   1.0000000e+00
   7.6000000e+01  -9.5288500e+00   1.1124100e+01   3.2757300e+01   1.0000000e+00
   7.7000000e+01  -6.0788700e+00   2.2323900e+00   5.0501400e+01  -3.0000000e+00
   7.8000000e+01   1.0495600e+01  -1.1807000e+01   2.6144500e+01   1.0000000e+00
   7.9000000e+01   1.5515700e+01   8.3609300e+00   3.1436700e+01  -2.0000000e+00
   8.0000000e+01  -4.2093200e+00  -1.3214100e+01   1.8723500e+00   2.0000000e+00
   8.1000000e+01   7.9044700e+00   1.7195700e+01   3.0127400e+01  -1.0000000e+00
   8.2000000e+01   7.3393200e+00   4.5457800e+00   3.1789200e+01   1.0000000e+00
   8.3000000e+01  -7.6431900e+00   1.4830900e+01   4.4694400e+01  -2.0000000e+00
   8.4000000e+01  -1.1831000e+01  -3.1322600e+00   1.9657400e+00   2.0000000e+00
   8.5000000e+01  -1.4985900e+01  -1.3610300e+01   2.7431700e+00  -1.0000000e+00
   8.6000000e+01   8.3143100e+00   6.3818900e+00   3.1940300e+01   1.0000000e+00
   8.7000000e+01   1.6579800e+01   1.0166500e+01   3.0417800e+01  -1.0000000e+00
   8.8000000e+01   2.0887000e+00   6.1731400e+00   3.2387600e+01   1.0000000e+00
   8.9000000e+01   1.6657300e+01   6.5889900e+00   1.6804200e+01  -1.0000000e+00
   9.0000000e+01  -9.2722400e+00   3.9445700e+00   2.9032300e+01  -3.0000000e+00
   9.1000000e+01   8.1924100e+00   9.9638600e+00   3.2166500e+01   1.0000000e+00
   9.2000000e+01   1.0185900e+01  -1.5614900e+01   2.7840600e+01  -1.0000000e+00
   9.3000000e+01  -1.2545000e+01   9.1393700e+00   2.5091100e+01  -3.0000000e+00
   9.4000000e+01   2.3598300e+00  -9.8823200e-01   3.1485700e+01   1.0000000e+00
   9.5000000e+01   3.0539000e+00  -1.5244900e+01   1.8437400e+01  -2.0000000e+00
   9.6000000e+01  -8.2588900e+00   5.7475100e+00   3.1946000e+01   1.0000000e+00
   9.7000000e+01  -1.1571000e+01  -9.2993000e+00   2.4617200e+00   2.0000000e+00
   9.8000000e+01   3.0245400e+00   7.9920500e+00   3.1984600e+01   1.0000000e+00
   9.9000000e+01  -1.0495700e+01   9.3132800e+00   3.2495400e+01   1.0000000e+00
   1.0000000e+02  -9.5031400e-01   4.2688400e+00   3.2574300e+01   1.0000000e+00
   1.0100000e+02  -7.7143000e+00  -1.5399800e+01   1.4014600e+01  -2.0000000e+00
   1.0200000e+02  -1.3399900e+01  -8.3607000e+00   2.8359600e+00   2.0000000e+00
   1.0300000e+02  -1.2096800e+01   3.1760100e+00  -8.7846900e+00  -3.0000000e+00
   1.0400000e+02   7.1235000e-01   1.5224300e+01   3.2312900e+01  -2.0000000e+00
   1.0500000e+02   9.4169600e+00   4.6289500e+00   3.1949100e+01   1.0000000e+00
   1.0600000e+02  -6.6260600e-01  -1.1001800e+01   2.8809100e+00   2.0000000e+00
   1.0700000e+02  -4.4757100e+00   1.3156500e+01   3.3043700e+01   1.0000000e+00
   1.0800000e+02  -1.5635300e+01   8.9324400e-01   3.5548400e+00  -2.0000000e+00
   1.0900000e+02   4.2882600e+00   2.6722800e+00   3.1967600e+01   1.0000000e+00
   1.1000000e+02  -1.4462700e+01   8.3172800e+00   2.9786800e+01  -2.0000000e+00
   1.1100000e+02   8.4377500e+00   2.7923600e+00   3.1756600e+01   1.0000000e+00
   1.1200000e+02   9.7303300e+00  -6.2417900e+00   3.0163500e+01   1.0000000e+00
   1.1300000e+02  -1.5798700e+01   9.9183500e+00   1.6401100e+01  -1.0000000e+00
   1.1400000e+02   1.1793800e+01  -6.2374400e+00   3.0640100e+01   1.0000000e+00
   1.1500000e+02  -7.2029900e+00   3.9512800e+00   3.2703100e+01   1.0000000e+00
   1.1600000e+02   5.0336700e+00  -1.3276600e+01   1.1329900e+01  -3.0000000e+00
   1.1700000e+02  -5.9544300e+00  -1.4337800e+01   1.8863100e+00  -2.0000000e+00
   1.1800000e+02   5.2689800e+00   4.5011900e+00   3.1864500e+01   1.0000000e+00
   1.1900000e+02  -1.5362600e+01  -5.2777800e+00   2.8027800e+00  -2.0000000e+00
   1.2000000e+02  -1.3788400e+01  -3.0623400e-02   2.9619200e+00   2.0000000e+00
   1.2100000e+02  -4.6042100e+00  -2.7837300e+00   2.7174300e+00   2.0000000e+00
   1.2200000e+02   8.0241300e+00   1.3549300e+01   3.2253800e+01   1.0000000e+00
   1.2300000e+02  -5.2343400e+00   7.6925200e+00   3.2254400e+01   1.0000000e+00
   1.2400000e+02   7.8958500e+00  -1.5494200e+01   3.4755800e+01  -2.0000000e+00
   1.2500000e+02   6.6060800e+00  -4.4722500e+00   3.0573900e+01   1.0000000e+00
   1.2600000e+02   5.8399500e+00   1.7261300e+01   3.0644100e+01  -1.0000000e+00
   1.2700000e+02   1.1612300e+01   1.0008200e+00   3.1737300e+01   1.0000000e+00
   1.2800000e+02  -8.7683100e-01  -6.8483400e+00   1.6377800e+00   2.0000000e+00
   1.2900000e+02   1.3450700e+01   8.3270800e+00   3.1922700e+01   1.0000000e+00
   1.3000000e+02  -1.3810900e+01   1.0760500e+01   3.8731700e+01  -2.0000000e+00
   1.3100000e+02   1.1736600e+01  -2.6080600e+00   3.1319800e+01   1.0000000e+00
   1.3200000e+02   1.3813300e+01  -2.5647000e+00   3.1779900e+01   1.0000000e+00
   1.3300000e+02   1.2634800e+01  -1.1835100e+01   2.8306600e+01  -2.0000000e+00
   1.3400000e+02   1.2304500e+01   1.0099700e+01   3.1855200e+01   1.0000000e+00
   1.3500000e+02   1.0251000e+01   1.0046900e+01   3.2199000e+01   1.0000000e+00
   1.3600000e+02  -6.5265100e+00   1.3053600e+01   3.2784400e+01   1.0000000e+00
   1.3700000e+02  -1.7028300e+01  -8.5081500e+00   1.7009400e+00  -1.0000000e+00
   1.3800000e+02  -9.4095800e+00   7.5677900e+00   3.3054900e+01   1.0000000e+00
   1.3900000e+02   2.9880500e-01  -1.0573000e+00   2.8249300e+01  -3.0000000e+00
   1.4000000e+02   2.6212000e+00  -1.7799400e+01   5.3343000e+01  -1.0000000e+00
   1.4100000e+02   5.4124200e+00   8.9893700e-01   3.1819500e+01   1.0000000e+00
   1.4200000e+02   1.7945400e+01  -2.3375300e+00   3.2698200e+01  -1.0000000e+00
   1.4300000e+02  -1.1003900e+00   7.8521900e+00   3.2030400e+01   1.0000000e+00
   1.4400000e+02  -1.7398400e+01  -2.3440100e+00  -1.0559900e+01  -1.0000000e+00
   1.4500000e+02   1.4710900e+01  -1.1729400e+01   4.4423800e+01  -1.0000000e+00
   1.4600000e+02  -2.1996000e+00   9.6076000e+00   3.1849600e+01   1.0000000e+00
   1.4700000e+02  -5.5967900e+00   1.4931600e+01   3.2910200e+01  -2.0000000e+00
   1.4800000e+02   3.2016100e+00   4.4166700e+00   3.2199700e+01   1.0000000e+00
   1.4900000e+02   1.2405500e+00  -1.6250500e+01   8.5841800e+00  -2.0000000e+00
   1.5000000e+02  -3.0600300e+00   4.1532300e+00   3.2460800e+01   1.0000000e+00
   1.5100000e+02   1.0729500e+01  -4.4015700e+00   3.1156000e+01   1.0000000e+00
   1.5200000e+02   5.1463900e+00   8.0499200e+00   3.2207800e+01   1.0000000e+00
   1.5300000e+02   1.4398800e+01   1.0156100e+01   3.1065100e+01  -2.0000000e+00
   1.5400000e+02   4.4203300e+00  -9.0509200e-01   3.1780800e+01   1.0000000e+00
   1.5500000e+02  -1.3639900e+01  -2.1169100e+00   2.2230800e+00   2.0000000e+00
   1.5600000e+02  -4.1328000e+00   5.9026700e+00   3.1700400e+01   1.0000000e+00
   1.5700000e+02   1.2368800e+00  -1.1968300e+01   2.5429600e+01  -3.0000000e+00
   1.5800000e+02   1.7793900e+01   4.7929800e+00   3.2280200e+01  -1.0000000e+00
   1.5900000e+02  -1.0003600e+01  -4.0653900e+00   2.3372700e+00   2.0000000e+00
   1.6000000e+02   1.0385900e+01   6.4590300e+00   3.1860300e+01   1.0000000e+00
   1.6100000e+02   4.3915600e+00  -7.9617500e+00   3.1324000e+01  -3.0000000e+00
   1.6200000e+02  -5.1471900e+00   4.1064200e+00   3.2049700e+01   1.0000000e+00
   1.6300000e+02   4.0165200e+00   9.8180000e+00   3.1940900e+01   1.0000000e+00
   1.6400000e+02   1.1350100e+01   8.2771200e+00   3.2071700e+01   1.0000000e+00
   1.6500000e+02  -9.8016900e+00  -8.2015100e+00   2.1229300e+00   2.0000000e+00
   1.6600000e+02  -2.5009300e+00  -1.0052300e+01   2.4156900e+00   2.0000000e+00
   1.6700000e+02  -2.7554400e+00  -3.7614200e+00   2.1299700e+00   2.0000000e+00
   1.6800000e+02   8.5570900e+00  -8.3717100e-01   3.1024000e+01   1.0000000e+00
   1.6900000e+02  -7.7982000e+00  -1.3325100e+01   2.0696000e+00   2.0000000e+00
   1.7000000e+02   8.4378600e+00  -1.1775700e+01   2.5580300e+01  -3.0000000e+00
   1.7100000e+02   7.2261600e+00   8.1428000e+00   3.2170400e+01   1.0000000e+00
   1.7200000e+02  -1.3526900e+01  -6.2955800e+00   2.4462100e+00   2.0000000e+00
   1.7300000e+02  -1.1693500e+01   7.2565300e+00   3.5106900e+01  -3.0000000e+00
   1.7400000e+02   1.4906300e+01  -7.9958200e+00   3.0477900e+01  -2.0000000e+00
   1.7500000e+02  -6.3475400e+00   9.4574600e+00   3.2356500e+01   1.0000000e+00
   1.7600000e+02  -6.5204000e+00   2.2977600e-01   2.1898600e+01  -3.0000000e+00
   1.7700000e+02   3.8975200e+00   1.3473900e+01   3.1918700e+01   1.0000000e+00
   1.7800000e+02   9.6414300e+00  -9.8840400e+00   2.8008500e+01   1.0000000e+00
   1.7900000e+02   6.2763400e+00  -1.1613900e+01   2.4300800e+01   1.0000000e+00
   1.8000000e+02   1.3632200e+01  -1.3713400e+01   3.0148700e+01  -1.0000000e+00
   1.8100000e+02   2.2243500e+00   2.5941300e+00   3.2039000e+01   1.0000000e+00
   1.8200000e+02  -1.0676000e+01   1.2854500e+01   3.2348900e+01  -2.0000000e+00
   1.8300000e+02  -7.7498800e-01  -8.9057800e+00   2.4926700e+00   2.0000000e+00
   1.8400000e+02  -7.3334700e+00   7.6179600e+00   3.2208800e+01   1.0000000e+00
   1.8500000e+02  -1.5566200e+01  -1.1615500e+00   3.4507500e+00  -2.0000000e+00
   1.8600000e+02  -1.3243600e+01  -1.2496500e+01   2.2566400e+00  -2.0000000e+00
   1.8700000e+02  -1.5989700e+01   5.0041400e+00   4.1776800e+00  -2.0000000e+00
   1.8800000e+02   1.8172100e+01   1.2088100e+00   3.0429100e+01  -1.0000000e+00
   1.8900000e+02   9.5455000e+00   9.9407900e-01   3.1184700e+01   1.0000000e+00
   1.9000000e+02   1.6866700e+01   2.9050200e+00   3.1987100e+01  -2.0000000e+00
   1.9100000e+02   3.3137700e+00   8.4084000e-01   3.2033200e+01   1.0000000e+00
   1.9200000e+02   2.9035000e+00   1.1568900e+01   3.1438400e+01   1.0000000e+00
   1.9300000e+02   1.2785700e+01  -4.3865900e+00   3.1106700e+01   1.0000000e+00
   1.9400000e+02  -1.0323100e+01   5.7110400e+00   2.3946500e+01  -3.0000000e+00
   1.9500000e+02   1.5948300e+01  -9.7818300e+00   4.5250500e+01  -1.0000000e+00
   1.9600000e+02   8.3567900e-01   1.1581700e+01   3.1495200e+01   1.0000000e+00
   1.9700000e+02  -9.8920000e+00  -6.1325700e+00   2.4865000e+00   2.0000000e+00
   1.9800000e+02   1.2548100e+00   7.7062700e-01   3.2400600e+01   1.0000000e+00
   1.9900000e+02   8.6638500e+00  -4.4779500e+00   3.1099600e+01   1.0000000e+00
   2.0000000e+02   1.1201100e+01   1.1867500e+01   3.1453100e+01   1.0000000e+00
   2.0100000e+02   7.4735200e+00   9.6093000e-01   3.1688300e+01   1.0000000e+00
   2.0200000e+02   5.5214800e+00  -2.6763500e+00   3.1284800e+01   1.0000000e+00
   2.0300000e+02  -1.3606900e+01  -4.2116900e+00   1.5539400e+00   2.0000000e+00
   2.0400000e+02  -1.1745000e+01  -5.1990200e+00   2.4545900e+00   2.0000000e+00
   2.0500000e+02  -4.6499400e+00   1.6800600e+01   4.4127700e+01  -2.0000000e+00
   2.0600000e+02  -1.4764700e+01   1.2597600e+01   1.7219600e+00  -1.0000000e+00
   2.0700000e+02  -8.6004100e+00   1.2964700e+01   3.2731500e+01  -2.0000000e+00
   2.0800000e+02  -3.1598100e+00   7.8000800e+00   3.2149300e+01   1.0000000e+00
   2.0900000e+02  -2.6160300e+00  -7.9793200e+00   2.1527600e+00   2.0000000e+00
   2.1000000e+02   2.7867200e+00  -6.6818600e+00   1.8501600e+00  -3.0000000e+00
   2.1100000e+02  -4.1046700e+00  -1.5321600e+01   1.7124500e+00  -2.0000000e+00
   2.1200000e+02  -6.0460300e+00  -1.2230300e+01   2.0104100e+00   2.0000000e+00
   2.1300000e+02   1.0183100e-02   6.0890100e+00   3.2323700e+01   1.0000000e+00
   2.1400000e+02  -9.7108300e+00   1.4749200e+01   3.2599100e+01  -1.0000000e+00
   2.1500000e+02   1.3684900e+01   1.0894600e+00   3.2224400e+01   1.0000000e+00
   2.1600000e+02  -7.4628000e+00   1.1207900e+01   3.2599900e+01   1.0000000e+00
   2.1700000e+02   7.5246300e+00  -9.9341200e+00   2.6817800e+01  -3.0000000e+00
   2.1800000e+02   1.5897700e+01  -2.4820500e+00   3.2580900e+01  -2.0000000e+00
   2.1900000e+02   1.3816400e+01  -9.8739900e+00   2.9510900e+01  -2.0000000e+00
   2.2000000e+02  -1.1661000e+01  -7.2455800e+00   2.5861500e+00   2.0000000e+00
   2.2100000e+02  -1.1674200e+01   1.1013600e+01   3.3571700e+01   1.0000000e+00
   2.2200000e+02   3.4584000e+00  -2.7231200e+00   3.2714700e+01   1.0000000e+00
   2.2300000e+02  -7.9889800e+00  -9.1655400e+00   2.3123400e+00   2.0000000e+00
   2.2400000e+02  -8.2902100e+00  -9.2968500e-01   2.1687100e+00  -3.0000000e+00
   2.2500000e+02  -8.1046500e+00  -5.0513200e+00   2.3108500e+00   2.0000000e+00
   2.2600000e+02   9.2994900e+00   8.2007800e+00   3.2017300e+01   1.0000000e+00
   2.2700000e+02  -1.1469200e+01  -1.1398300e+01   2.3707600e+00   2.0000000e+00
   2.2800000e+02   1.2243800e+00  -1.4159500e+01   2.9925500e+01   2.0000000e+00
   2.2900000e+02   1.3872200e+01  -6.1869400e+00   3.1095000e+01   1.0000000e+00
   2.3000000e+02   1.1287100e+01  -1.3754700e+01   3.9274300e+01  -2.0000000e+00
   2.3100000e+02  -1.8934600e+00   2.4174600e+00   3.2493400e+01   1.0000000e+00
   2.3200000e+02   1.9345600e+00   9.7671300e+00   3.1695900e+01   1.0000000e+00
   2.3300000e+02  -1.3881700e+01   2.0433600e+00   3.7526300e+00   2.0000000e+00
   2.3400000e+02  -1.3309800e+01  -1.0421400e+01   2.3791800e+00  -2.0000000e+00
   2.3500000e+02   1.4283600e+01   1.3728200e+01   3.2419800e+01  -1.0000000e+00
   2.3600000e+02   4.5472600e+00  -4.4900200e+00   1.9054000e+01  -3.0000000e+00
   2.3700000e+02  -1.5842200e+01   2.9516600e+00   4.2115400e+00  -2.0000000e+00
   2.3800000e+02  -1.7732000e+01   3.9147400e+00   2.7618000e+00  -1.0000000e+00
   2.3900000e+02   1.2490600e+01   6.4987300e+00   3.1547700e+01   1.0000000e+00
   2.4000000e+02  -5.0977600e-01  -1.7350000e+01   9.0394800e+00  -2.0000000e+00
   2.4100000e+02   5.5784100e+00  -6.2643200e+00   2.8976900e+01  -3.0000000e+00
   2.4200000e+02   1.5496000e+01   1.1935600e+01   1.6137000e+01  -1.0000000e+00
   2.4300000e+02  -9.4901600e+00  -1.6565100e+01   1.7116500e+00  -1.0000000e+00
   2.4400000e+02   9.6300900e+00  -2.6500500e+00   3.1232500e+01   1.0000000e+00
   2.4500000e+02  -9.5361800e+00  -1.4441400e+01   2.4296800e+00  -2.0000000e+00
   2.4600000e+02  -7.8706500e+00  -1.1257300e+01   2.4478000e+00   2.0000000e+00
   2.4700000e+02   1.1208500e+00   4.3330500e+00   3.2169200e+01   1.0000000e+00
   2.4800000e+02  -1.0263400e+01   2.1327000e+00   2.1963000e+01  -3.0000000e+00
   2.4900000e+02   1.6872500e+01  -5.2781300e-01   3.1184900e+01  -2.0000000e+00
   2.5000000e+02  -1.4891500e-01   9.6860000e+00   3.2050900e+01   1.0000000e+00
   2.5100000e+02  -5.5677300e-01  -1.5196700e+01   3.0736000e+01   2.0000000e+00
   2.5200000e+02  -8.8212500e-01  -4.7304700e+00   3.0132800e+00   2.0000000e+00
   2.5300000e+02   8.8320500e-01  -5.7950300e+00   1.5330000e+01  -3.0000000e+00
   2.5400000e+02  -4.3023300e-01   1.7142300e+01   3.3285500e+01  -1.0000000e+00
   2.5500000e+02   3.1152200e+00  -9.6221000e+00   2.9879400e+01  -3.0000000e+00
   2.5600000e+02   7.5787000e+00  -2.6679200e+00   3.1032400e+01   1.0000000e+00
   2.5700000e+02  -4.2544700e+00  -1.1137000e+01   1.6598800e+00   2.0000000e+00
   2.5800000e+02  -2.0797200e+00   6.0079400e+00   3.2234400e+01   1.0000000e+00
   2.5900000e+02   1.4793000e+01  -7.0993900e-01   3.2657300e+01   1.0000000e+00
   2.6000000e+02  -1.1904100e+01  -1.0057500e+00   2.2364100e+00   2.0000000e+00
   2.6100000e+02  -2.3196100e+00   1.3239800e+01   3.2660200e+01   1.0000000e+00
   2.6200000e+02  -1.5157400e+01  -1.1543500e+01  -1.2376800e+01  -1.0000000e+00
   2.6300000e+02  -1.2046700e+01   1.0832700e+00   2.1101400e+00   2.0000000e+00
   2.6400000e+02  -2.2739800e+00  -1.8434200e+01   7.0953800e-01  -1.0000000e+00
   2.6500000e+02  -1.7569900e+01  -2.8792200e-01  -1.1566400e+01  -1.0000000e+00
   2.6600000e+02  -1.5443400e+01  -3.2187800e+00   2.9407800e+00  -2.0000000e+00
   2.6700000e+02   8.6594700e+00  -8.0625500e+00   2.9128100e+01   1.0000000e+00
   2.6800000e+02  -3.2827600e+00   1.1398300e+01   3.2413800e+01   1.0000000e+00
   2.6900000e+02   1.1726000e+01  -9.9589700e+00   2.8525800e+01   1.0000000e+00
   2.7000000e+02  -2.4606800e-01   1.3337100e+01   3.2308700e+01   1.0000000e+00
   2.7100000e+02   9.2116300e+00  -1.3716400e+01   2.5141900e+01  -2.0000000e+00
   2.7200000e+02   1.0154500e+01   1.3672000e+01   3.1915700e+01  -2.0000000e+00
   2.7300000e+02   4.8226100e+00   1.5327600e+01   3.1653000e+01  -2.0000000e+00
   2.7400000e+02   1.0831200e+00  -3.0113900e+00   2.6824600e+01  -3.0000000e+00
   2.7500000e+02   1.6454400e+00   1.7079300e+01   3.1575100e+01  -1.0000000e+00
   2.7600000e+02  -1.1378300e+01  -1.3505700e+01   2.5772800e+00  -2.0000000e+00
   2.7700000e+02  -1.5245200e+01  -7.4259900e+00   2.5137100e+00  -2.0000000e+00
   2.7800000e+02   1.5734200e+01   1.1869200e+00   3.1422800e+01  -2.0000000e+00
   2.7900000e+02  -1.3669400e+00   1.5095800e+01   3.3062300e+01  -2.0000000e+00
   2.8000000e+02  -1.7245800e+01  -4.3920000e+00  -1.0985000e+01  -1.0000000e+00
   2.8100000e+02   1.2219700e+01   1.3681400e+01   1.8942000e+01  -2.0000000e+00
   2.8200000e+02  -1.2157200e+00   1.1477800e+01   3.2107700e+01   1.0000000e+00
   2.8300000e+02   6.3665400e+00   2.7290200e+00   3.1905800e+01   1.0000000e+00
   2.8400000e+02   2.9907600e+00  -1.3043800e+01   2.1960200e+01  -3.0000000e+00
   2.8500000e+02   1.1483200e+01   4.6915200e+00   3.1597500e+01   1.0000000e+00
   2.8600000e+02   1.5631200e+01   4.7677400e+00   3.1415900e+01  -2.0000000e+00
   2.8700000e+02  -2.4736500e+00   1.6830000e+01   2.0960300e+01  -2.0000000e+00
   2.8800000e+02  -1.7103300e+01  -6.4683100e+00  -1.1716500e+01  -1.0000000e+00
   2.8900000e+02  -1.5191300e+01  -9.4954100e+00  -9.9340400e+00  -2.0000000e+00
   2.9000000e+02   7.6477300e+00  -6.2664700e+00   3.0000500e+01   1.0000000e+00
   2.9100000e+02  -1.1777700e+01   1.4632300e+01   3.2478800e+01  -1.0000000e+00
   2.9200000e+02   1.6991000e+01  -4.2430000e+00   4.6994300e+01  -1.0000000e+00
   2.9300000e+02   5.4205700e+00  -9.7384400e+00   2.5838500e+01  -3.0000000e+00
   2.9400000e+02   4.4373100e+00  -1.6790700e+01   3.4675600e+01  -1.0000000e+00
   2.9500000e+02   1.4641900e+01   2.9692700e+00   3.1195100e+01   1.0000000e+00
   2.9600000e+02  -6.1918200e+00  -8.0366000e+00   1.8703900e+00   2.0000000e+00
   2.9700000e+02  -8.1848000e+00  -2.9867600e+00   2.4426800e+00   2.0000000e+00
   2.9800000e+02  -3.5220900e+00   1.5037700e+01   3.2274900e+01   1.0000000e+00
   2.9900000e+02  -2.7829100e+00  -1.5924800e+00  -9.5341200e+00  -3.0000000e+00
