   0.0000000e+00   3.3464400e+00   1.0301700e+01  -1.0000000e+00
   1.0000000e+00   3.2951400e-02   1.2892100e+01  -1.0000000e+00
   2.0000000e+00   1.5427300e+01   5.3287500e+00  -1.0000000e+00
   3.0000000e+00  -1.4029800e+01  -9.4011900e+00   1.0000000e+00
   4.0000000e+00   9.2450900e+00  -1.5037100e+01   1.0000000e+00
   5.0000000e+00  -8.2270400e+00   6.0943600e-01   1.0000000e+00
   6.0000000e+00  -5.2122800e+00   1.4634800e+01  -1.0000000e+00
   7.0000000e+00   1.0190800e+01   7.2012800e+00  -1.0000000e+00
   8.0000000e+00  -5.9513000e+00   8.4065300e+00  -1.0000000e+00
   9.0000000e+00  -3.0302200e+00  -1.3133200e+01   1.0000000e+00
   1.0000000e+01  -4.2796500e+00   7.1602800e+00  -1.0000000e+00
   1.1000000e+01  -3.2801900e+00   1.5387800e+01  -1.0000000e+00
   1.2000000e+01   1.6273400e+00  -1.0245900e+01   1.0000000e+00
   1.3000000e+01  -3.7684200e+00   1.1225500e+01  -1.0000000e+00
   1.4000000e+01   7.0088400e+00  -9.2078800e+00   1.0000000e+00
   1.5000000e+01  -4.7203500e+00  -3.6646800e+00   1.0000000e+00
   1.6000000e+01  -8.8454900e+00   1.5046600e+01  -1.0000000e+00
   1.7000000e+01   6.6346800e+00   7.7544100e+00  -1.0000000e+00
   1.8000000e+01  -1.5201200e+01   3.5147600e+00   1.0000000e+00
   1.9000000e+01   1.1342500e+01   1.5404600e+01  -1.0000000e+00
   2.0000000e+01  -7.7384600e+00  -1.6013200e+01   1.0000000e+00
   2.1000000e+01  -9.1081100e+00   1.2966600e+01  -1.0000000e+00
   2.2000000e+01  -1.0973700e+01   1.2089800e+01  -1.0000000e+00
   2.3000000e+01  -1.1572800e+00  -7.9659000e+00   1.0000000e+00
   2.4000000e+01   8.5322300e+00  -1.3101100e+01   1.0000000e+00
   2.5000000e+01   2.9123000e-01   1.2630300e+00  -1.0000000e+00
   2.6000000e+01   1.0449900e-01  -6.3308200e+00   1.0000000e+00
   2.7000000e+01   9.5884200e+00  -5.9527700e+00   1.0000000e+00
   2.8000000e+01  -7.4448000e-01  -1.8998300e+01   1.0000000e+00
   2.9000000e+01  -1.5851500e+00  -1.7037900e+01   1.0000000e+00
   3.0000000e+01  -7.6073200e+00   9.6310300e+00  -1.0000000e+00
   3.1000000e+01   1.4251400e+00   9.5217500e+00  -1.0000000e+00
   3.2000000e+01  -5.4538900e+00  -1.7296700e+00   1.0000000e+00
   3.3000000e+01  -1.2177500e+01  -4.2422500e+00   1.0000000e+00
   3.4000000e+01  -1.2575700e+01  -1.3274500e+01   1.0000000e+00
   3.5000000e+01   1.6465400e+01  -1.0439900e-01  -1.0000000e+00
   3.6000000e+01   3.2635300e-01  -1.1873900e+01   1.0000000e+00
   3.7000000e+01  -6.5908100e+00  -8.8290500e+00   1.0000000e+00
   3.8000000e+01   1.0475700e+01   9.2510400e+00  -1.0000000e+00
   3.9000000e+01   2.1373500e+00  -6.6879100e+00   1.0000000e+00
   4.0000000e+01  -1.1937700e+01  -9.7240700e+00   1.0000000e+00
   4.1000000e+01  -9.8595500e+00  -1.5667300e+01   1.0000000e+00
   4.2000000e+01  -1.4393600e+01   1.6154900e+00   1.0000000e+00
   4.3000000e+01   1.7399300e+01   6.1619800e+00  -1.0000000e+00
   4.4000000e+01  -1.3296600e+01  -1.1347100e+01   1.0000000e+00
   4.5000000e+01   6.4767700e+00  -1.2765200e+01   1.0000000e+00
   4.6000000e+01  -4.5417400e+00  -9.2058200e+00   1.0000000e+00
   4.7000000e+01   1.2116400e+01   7.9570200e+00  -1.0000000e+00
   4.8000000e+01  -1.3470500e+01  -5.8456400e+00   1.0000000e+00
   4.9000000e+01   9.0113000e+00  -9.5181300e-01  -1.0000000e+00
   5.0000000e+01   6.2578700e+00  -7.2894000e+00   1.0000000e+00
   5.1000000e+01   8.2557900e+00   6.4611800e+00  -1.0000000e+00
   5.2000000e+01  -1.6140300e+01  -9.0610900e+00   1.0000000e+00
   5.3000000e+01   1.0580800e+01  -1.3342700e+01   1.0000000e+00
   5.4000000e+01   9.6368100e+00   3.1283100e+00  -1.0000000e+00
   5.5000000e+01  -6.0253300e+00  -5.2499200e+00   1.0000000e+00
   5.6000000e+01   1.2400000e+01   9.9979500e+00  -1.0000000e+00
   5.7000000e+01   6.1686700e-01   1.6997700e+01  -1.0000000e+00
   5.8000000e+01  -1.5325400e+01  -1.1013100e+01   1.0000000e+00
   5.9000000e+01  -9.2814300e+00   1.0892100e+01  -1.0000000e+00
   6.0000000e+01  -9.5233600e+00   8.7947400e+00  -1.0000000e+00
   6.1000000e+01  -8.0778600e+00  -4.9057700e+00   1.0000000e+00
   6.2000000e+01   3.8698700e+00   7.8769800e-01  -1.0000000e+00
   6.3000000e+01   4.9857500e+00   9.0152500e+00  -1.0000000e+00
   6.4000000e+01  -1.1226300e+01  -1.1667300e+01   1.0000000e+00
   6.5000000e+01   1.7208000e+00   1.1552800e+01  -1.0000000e+00
   6.6000000e+01  -3.2637200e+00  -7.5483600e+00   1.0000000e+00
   6.7000000e+01  -1.6895500e+01  -7.0891500e+00   1.0000000e+00
   6.8000000e+01  -7.3846800e+00   1.1693500e+01  -1.0000000e+00
   6.9000000e+01   8.3033100e+00  -7.5780700e+00   1.0000000e+00
   7.0000000e+01   1.7861800e+00  -1.5754800e+01   1.0000000e+00
   7.1000000e+01   9.8189800e+00  -1.1422400e+01   1.0000000e+00
   7.2000000e+01  -1.3059000e+01   6.7598600e+00  -1.0000000e+00
   7.3000000e+01  -5.0872300e+00  -1.2797800e+01   1.0000000e+00
   7.4000000e+01  -8.6132800e+00  -8.4751600e+00   1.0000000e+00
   7.5000000e+01   8.6146300e-01  -8.3304800e+00   1.0000000e+00
   7.6000000e+01  -1.0806600e+01   1.4213100e+01  -1.0000000e+00
   7.7000000e+01   1.1658900e+01  -6.2684300e+00   1.0000000e+00
   7.8000000e+01  -1.2894700e+01  -2.3161500e+00   1.0000000e+00
   7.9000000e+01  -4.3379000e-01  -9.9323600e+00   1.0000000e+00
   8.0000000e+01  -3.0422500e+00   1.7456300e+01  -1.0000000e+00
   8.1000000e+01   6.3270700e+00   5.6885500e+00  -1.0000000e+00
   8.2000000e+01  -1.1185000e+01   1.0014800e+01  -1.0000000e+00
   8.3000000e+01   1.1159800e+01  -9.7544800e+00   1.0000000e+00
   8.4000000e+01   1.3193600e+01   2.5679900e+00  -1.0000000e+00
   8.5000000e+01   1.5953600e+01   9.4768900e+00  -1.0000000e+00
   8.6000000e+01  -1.4915000e+01  -1.9556400e+00   1.0000000e+00
   8.7000000e+01   1.0949000e+01  -2.2261000e-01  -1.0000000e+00
   8.8000000e+01   1.5290800e+01  -1.0336900e+01   1.0000000e+00
   8.9000000e+01  -1.1167200e+00   1.8331400e+01  -1.0000000e+00
   9.0000000e+01  -3.5396000e+00   1.3343100e+01  -1.0000000e+00
   9.1000000e+01   1.3972500e+01  -1.2003600e+01   1.0000000e+00
   9.2000000e+01  -1.7307100e+00  -1.1542000e+01   1.0000000e+00
   9.3000000e+01   1.4715100e+01   1.2853600e+01  -1.0000000e+00
   9.4000000e+01   2.5037300e+00   1.7916200e+01  -1.0000000e+00
   9.5000000e+01   1.4605400e+01  -8.3803900e+00   1.0000000e+00
   9.6000000e+01   3.1279300e+00  -1.4131600e+01   1.0000000e+00
   9.7000000e+01   3.8485600e+00  -1.6082600e+01   1.0000000e+00
   9.8000000e+01  -6.1059500e-01  -4.3291400e+00   1.0000000e+00
   9.9000000e+01  -5.6837900e+00  -1.6365700e+01   1.0000000e+00
   1.0000000e+02   1.0864200e+01  -4.3422900e+00  -1.0000000e+00
   1.0100000e+02   2.7249700e+00  -3.1384900e+00   1.0000000e+00
   1.0200000e+02   9.0732500e+00  -9.4988700e+00   1.0000000e+00
   1.0300000e+02  -1.3483300e+00   1.6182400e+01  -1.0000000e+00
   1.0400000e+02  -2.6765400e+00   5.8764300e+00  -1.0000000e+00
   1.0500000e+02   1.2544400e+01  -1.5250700e+00  -1.0000000e+00
   1.0600000e+02  -1.6973100e+01  -1.6536400e+00   1.0000000e+00
   1.0700000e+02  -6.7565500e+00  -3.3220000e+00   1.0000000e+00
   1.0800000e+02   1.4506600e+01  -8.2276300e-01  -1.0000000e+00
   1.0900000e+02   1.8479400e+01   5.1675400e-01  -1.0000000e+00
   1.1000000e+02  -8.4594000e+00  -1.3971900e+01   1.0000000e+00
   1.1100000e+02   4.1298300e+00   1.6628200e+01  -1.0000000e+00
   1.1200000e+02  -4.5836800e+00   5.0801700e+00  -1.0000000e+00
   1.1300000e+02  -4.0279300e+00   9.2013500e+00  -1.0000000e+00
   1.1400000e+02  -1.1576900e+01  -6.2839100e-01   1.0000000e+00
   1.1500000e+02  -1.4627900e+01   1.2335700e+01  -1.0000000e+00
   1.1600000e+02  -2.3037000e+00  -1.5099800e+01   1.0000000e+00
   1.1700000e+02   7.0672000e-01  -2.7327800e+00   1.0000000e+00
   1.1800000e+02   5.8414600e-01   3.3351900e+00  -1.0000000e+00
   1.1900000e+02   1.1868800e+01   5.9013300e+00  -1.0000000e+00
   1.2000000e+02   7.6843600e+00   2.3604800e+00  -1.0000000e+00
   1.2100000e+02  -1.3662700e+01  -3.0668200e-01   1.0000000e+00
   1.2200000e+02  -2.9473600e+00   3.8035200e+00  -1.0000000e+00
   1.2300000e+02  -1.4251600e+01  -3.9085000e+00   1.0000000e+00
   1.2400000e+02  -1.2333900e+01   1.2882200e+00   1.0000000e+00
   1.2500000e+02   5.1609300e+00  -1.4437600e+01   1.0000000e+00
   1.2600000e+02  -7.3204300e+00  -6.8676400e+00   1.0000000e+00
   1.2700000e+02  -3.1969600e+00   1.6914900e+00   1.0000000e+00
   1.2800000e+02  -1.5037200e+01   9.9912300e+00  -1.0000000e+00
   1.2900000e+02   7.4467100e+00   1.3877600e+01  -1.0000000e+00
   1.3000000e+02   1.6663400e+01  -8.6929800e+00   1.0000000e+00
   1.3100000e+02   5.2673900e+00   1.1079300e+01  -1.0000000e+00
   1.3200000e+02   9.3389100e+00   1.0928800e+00  -1.0000000e+00
   1.3300000e+02   2.0080300e+00   1.3614800e+01  -1.0000000e+00
   1.3400000e+02   1.2654700e+01  -1.3676600e+01   1.0000000e+00
   1.3500000e+02   7.7794500e+00  -1.1127000e+01   1.0000000e+00
   1.3600000e+02   1.3243000e+01  -1.0057600e+01   1.0000000e+00
   1.3700000e+02  -1.0867200e+01  -2.6058400e+00   1.0000000e+00
   1.3800000e+02   1.4310100e+01   1.0763200e+01  -1.0000000e+00
   1.3900000e+02  -2.0489900e-01   1.0798000e+01  -1.0000000e+00
   1.4000000e+02   9.1150800e+00   1.2630400e+01  -1.0000000e+00
   1.4100000e+02  -2.1060900e+00   1.0008500e+01  -1.0000000e+00
   1.4200000e+02  -7.8801400e+00  -1.0438500e+01   1.0000000e+00
   1.4300000e+02   1.1302900e+01  -1.5322400e+01   1.0000000e+00
   1.4400000e+02   5.7678000e+00   1.5826200e+00  -1.0000000e+00
   1.4500000e+02  -5.8463100e+00  -1.0801500e+01   1.0000000e+00
   1.4600000e+02  -3.9964200e+00  -5.6360800e+00   1.0000000e+00
   1.4700000e+02   1.7123400e+01   3.9691800e+00  -1.0000000e+00
   1.4800000e+02   3.9130300e+00   1.4372700e+01  -1.0000000e+00
   1.4900000e+02   7.1127900e+00  -1.7372800e+00  -1.0000000e+00
   1.5000000e+02   1.5724600e+01   7.3741400e+00  -1.0000000e+00
   1.5100000e+02   7.2091100e+00  -1.4736600e+01   1.0000000e+00
   1.5200000e+02  -1.1395500e+01   7.9560200e+00  -1.0000000e+00
   1.5300000e+02  -1.0512200e+00   4.5829900e+00  -1.0000000e+00
   1.5400000e+02   1.3792400e+01   6.6605400e+00  -1.0000000e+00
   1.5500000e+02   1.8799000e+01   2.6946400e+00  -1.0000000e+00
   1.5600000e+02   1.0582500e+01  -2.2925100e+00  -1.0000000e+00
   1.5700000e+02   5.7478700e+00  -1.0837000e+01   1.0000000e+00
   1.5800000e+02   1.4821800e+01   1.2344000e+00  -1.0000000e+00
   1.5900000e+02   7.7669900e+00   1.5943600e+01  -1.0000000e+00
   1.6000000e+02   4.5192700e-01  -1.7340600e+01   1.0000000e+00
   1.6100000e+02  -1.4720100e+01   5.5171500e+00   1.0000000e+00
   1.6200000e+02   2.4854600e+00   4.1353900e+00  -1.0000000e+00
   1.6300000e+02  -1.8908000e+00   1.2087700e+01  -1.0000000e+00
   1.6400000e+02   1.4121500e+01  -2.8688200e+00  -1.0000000e+00
   1.6500000e+02   4.1682500e+00  -7.0060600e+00   1.0000000e+00
   1.6600000e+02  -4.1827700e+00  -1.1194200e-01   1.0000000e+00
   1.6700000e+02  -5.2939000e+00  -7.2232600e+00   1.0000000e+00
   1.6800000e+02  -4.9456600e+00   1.6693500e+01  -1.0000000e+00
   1.6900000e+02  -7.4707600e+00  -1.3840900e+00   1.0000000e+00
   1.7000000e+02  -6.3969600e+00  -1.4415400e+01   1.0000000e+00
   1.7100000e+02   7.2215100e+00   1.1839100e+01  -1.0000000e+00
   1.7200000e+02  -2.7823200e-01  -1.5396200e+01   1.0000000e+00
   1.7300000e+02  -3.8004000e+00  -1.1172500e+01   1.0000000e+00
   1.7400000e+02  -1.7895500e+01   2.2911100e-01   1.0000000e+00
   1.7500000e+02  -1.7622400e+01  -5.1709400e+00   1.0000000e+00
   1.7600000e+02  -4.8841400e+00   2.8714300e+00  -1.0000000e+00
   1.7700000e+02   5.4671200e+00  -5.3532800e+00   1.0000000e+00
   1.7800000e+02   7.9968200e+00   4.4080000e+00  -1.0000000e+00
   1.7900000e+02  -4.7601600e-01   8.7105000e+00  -1.0000000e+00
   1.8000000e+02   1.7846500e+01  -6.0095000e+00  -1.0000000e+00
   1.8100000e+02  -6.1956200e+00   2.6004900e-01   1.0000000e+00
   1.8200000e+02   7.5396100e+00  -5.6680800e+00   1.0000000e+00
   1.8300000e+02   1.1588500e+01   3.8600000e+00  -1.0000000e+00
   1.8400000e+02  -1.3596700e+00  -2.3420100e+00   1.0000000e+00
   1.8500000e+02  -7.1457700e+00  -1.2387800e+01   1.0000000e+00
   1.8600000e+02  -8.8401500e+00  -2.9676700e+00   1.0000000e+00
   1.8700000e+02  -1.2754300e+01  -7.7869000e+00   1.0000000e+00
   1.8800000e+02   8.0231700e+00  -1.6727500e+01   1.0000000e+00
   1.8900000e+02  -1.3187000e+00   2.5502700e+00  -1.0000000e+00
   1.9000000e+02   1.4032800e+01   8.7139500e+00  -1.0000000e+00
   1.9100000e+02   1.6083000e+01  -2.1837700e+00  -1.0000000e+00
   1.9200000e+02  -1.0149900e+01  -4.5574700e+00   1.0000000e+00
   1.9300000e+02   8.5938900e-01   5.4164500e+00  -1.0000000e+00
   1.9400000e+02   2.5207300e+00  -1.7793700e+01   1.0000000e+00
   1.9500000e+02   3.5758800e+00  -1.2442200e+00   1.0000000e+00
   1.9600000e+02   1.6794000e+01   1.9387600e+00  -1.0000000e+00
   1.9700000e+02  -1.1427600e+01  -6.1962100e+00   1.0000000e+00
   1.9800000e+02  -6.4720800e+00   4.2683900e+00  -1.0000000e+00
   1.9900000e+02  -1.8378800e+01  -3.1958900e+00   1.0000000e+00
   2.0000000e+02  -6.1808700e+00   6.3635700e+00  -1.0000000e+00
   2.0100000e+02   3.2664400e-01   1.4919700e+01  -1.0000000e+00
   2.0200000e+02   1.8169500e+01  -1.5813500e+00  -1.0000000e+00
   2.0300000e+02  -1.5564000e+01  -5.5125700e+00   1.0000000e+00
   2.0400000e+02  -4.7176800e+00   1.8746000e+01  -1.0000000e+00
   2.0500000e+02   5.5398500e+00   1.3122900e+01  -1.0000000e+00
   2.0600000e+02   5.7518200e+00   1.5360200e+01  -1.0000000e+00
   2.0700000e+02  -1.1914400e+01  -1.5235200e+01   1.0000000e+00
   2.0800000e+02   8.8663600e+00   1.0569900e+01  -1.0000000e+00
   2.0900000e+02  -1.0501400e+01  -1.3633200e+01   1.0000000e+00
   2.1000000e+02  -1.9330500e+00  -5.9681400e+00   1.0000000e+00
   2.1100000e+02   7.3863300e+00   3.1832300e-01  -1.0000000e+00
   2.1200000e+02   2.2340200e+00   1.5694500e+01  -1.0000000e+00
   2.1300000e+02   4.6871800e+00   6.9313000e+00  -1.0000000e+00
   2.1400000e+02   1.1049300e+01   1.3348100e+01  -1.0000000e+00
   2.1500000e+02  -9.5036900e+00  -1.0160200e+00   1.0000000e+00
   2.1600000e+02   1.2497100e+01  -8.1504000e+00   1.0000000e+00
   2.1700000e+02   8.8292800e+00  -3.3937700e+00  -1.0000000e+00
   2.1800000e+02  -2.4824100e+00  -9.6018800e+00   1.0000000e+00
   2.1900000e+02   1.2915100e+01  -4.5861100e+00  -1.0000000e+00
   2.2000000e+02   2.3678500e+00  -1.2213900e+01   1.0000000e+00
   2.2100000e+02   3.4331000e+00  -5.0735200e+00   1.0000000e+00
   2.2200000e+02   1.1617500e+00   7.4666800e+00  -1.0000000e+00
   2.2300000e+02  -2.6322200e+00  -3.9841900e+00   1.0000000e+00
   2.2400000e+02  -1.5708200e+01  -7.8940400e-03   1.0000000e+00
   2.2500000e+02  -6.8953700e+00   1.5842300e+01  -1.0000000e+00
   2.2600000e+02   9.9292600e+00   5.1590900e+00  -1.0000000e+00
   2.2700000e+02  -1.2976300e+01   1.1056800e+01  -1.0000000e+00
   2.2800000e+02   3.0797300e+00   8.2342600e+00  -1.0000000e+00
   2.2900000e+02   1.9368600e+00  -6.5368300e-04  -1.0000000e+00
   2.3000000e+02  -1.0014100e+00  -1.3469500e+01   1.0000000e+00
   2.3100000e+02  -1.0259800e+01   9.9396600e-01   1.0000000e+00
   2.3200000e+02  -7.1979400e+00   1.3803100e+01  -1.0000000e+00
   2.3300000e+02  -4.3417200e+00  -1.4722100e+01   1.0000000e+00
   2.3400000e+02  -1.7135400e+01   4.3394100e+00   1.0000000e+00
   2.3500000e+02   4.4243700e+00  -1.2498800e+01   1.0000000e+00
   2.3600000e+02   4.3868900e+00   4.9050900e+00  -1.0000000e+00
   2.3700000e+02  -2.3893400e+00   7.9604300e+00  -1.0000000e+00
   2.3800000e+02  -7.8713600e+00   7.5677700e+00  -1.0000000e+00
   2.3900000e+02  -1.3254900e+01   8.8487900e+00  -1.0000000e+00
   2.4000000e+02   1.2714200e+01   1.2065600e+01  -1.0000000e+00
   2.4100000e+02   1.2999200e+01   1.4131400e+01  -1.0000000e+00
   2.4200000e+02  -1.4612500e+01  -1.2950600e+01   1.0000000e+00
   2.4300000e+02   1.2887300e+01   5.1027800e-01  -1.0000000e+00
   2.4400000e+02  -9.9579700e+00   4.6473600e+00   1.0000000e+00
   2.4500000e+02   2.7713800e+00   6.1842800e+00  -1.0000000e+00
   2.4600000e+02  -8.0855400e+00   5.5215300e+00  -1.0000000e+00
   2.4700000e+02  -9.1840800e+00  -1.2029300e+01   1.0000000e+00
   2.4800000e+02   5.9954700e+00   3.6416600e+00  -1.0000000e+00
   2.4900000e+02  -1.6827000e+01   8.5065300e+00  -1.0000000e+00
   2.5000000e+02   6.9210800e+00   9.7909300e+00  -1.0000000e+00
   2.5100000e+02  -1.0636700e+01  -8.1214000e+00   1.0000000e+00
   2.5200000e+02   9.3793800e+00   1.4674300e+01  -1.0000000e+00
   2.5300000e+02  -9.9111000e+00  -1.0101000e+01   1.0000000e+00
   2.5400000e+02   1.4007300e+00  -4.7165100e+00   1.0000000e+00
   2.5500000e+02  -1.6294000e+01  -3.5837800e+00   1.0000000e+00
   2.5600000e+02   5.9100400e+00  -1.6491100e+01   1.0000000e+00
   2.5700000e+02  -3.3954000e+00  -2.0107400e+00   1.0000000e+00
   2.5800000e+02   4.9437700e+00  -8.9361400e+00   1.0000000e+00
   2.5900000e+02   3.6729200e+00  -1.0587000e+01   1.0000000e+00
   2.6000000e+02  -1.6473600e+01   1.9028400e+00   1.0000000e+00
   2.6100000e+02  -8.9647900e+00   2.8025100e+00   1.0000000e+00
   2.6200000e+02   1.0792200e+01   1.1303300e+01  -1.0000000e+00
   2.6300000e+02  -1.3144400e+01   3.2685300e+00   1.0000000e+00
   2.6400000e+02   1.3755200e+01  -6.4568600e+00   1.0000000e+00
   2.6500000e+02   1.5128400e+01   3.3005600e+00  -1.0000000e+00
   2.6600000e+02  -9.7665200e+00   6.7218400e+00  -1.0000000e+00
   2.6700000e+02   1.0597000e+00  -1.3835500e+01   1.0000000e+00
   2.6800000e+02  -1.4957900e+01   7.6324300e+00  -1.0000000e+00
   2.6900000e+02   3.2845000e-04  -7.9035300e-01   1.0000000e+00
   2.7000000e+02  -1.6406900e+00   1.4129500e+01  -1.0000000e+00
   2.7100000e+02  -3.6563100e+00  -1.6729000e+01   1.0000000e+00
   2.7200000e+02   1.4971000e+01  -4.7920900e+00  -1.0000000e+00
   2.7300000e+02  -1.1101100e+01   2.9470800e+00   1.0000000e+00
   2.7400000e+02   2.8979700e+00  -8.6228500e+00   1.0000000e+00
   2.7500000e+02  -1.8466300e+01   2.4092200e+00   1.0000000e+00
   2.7600000e+02  -1.9500700e+00  -7.0797500e-02   1.0000000e+00
   2.7700000e+02  -1.2704600e+01   1.3258400e+01  -1.0000000e+00
   2.7800000e+02  -5.4299500e+00   1.2516000e+01  -1.0000000e+00
   2.7900000e+02  -1.4806700e+01  -7.4426800e+00   1.0000000e+00
   2.8000000e+02   1.0331500e+01  -7.8743300e+00   1.0000000e+00
   2.8100000e+02   8.5591900e+00   8.5175900e+00  -1.0000000e+00
   2.8200000e+02  -1.2009100e+01   4.9971900e+00   1.0000000e+00
   2.8300000e+02   1.3488300e+01   4.6212300e+00  -1.0000000e+00
   2.8400000e+02   4.1027500e+00   2.8716400e+00  -1.0000000e+00
   2.8500000e+02   4.8347700e+00  -3.0123500e+00   1.0000000e+00
   2.8600000e+02   1.1261400e+01   1.8332600e+00  -1.0000000e+00
   2.8700000e+02   1.6943200e+01  -4.1633300e+00  -1.0000000e+00
   2.8800000e+02  -1.6764900e+01   6.3798400e+00   1.0000000e+00
   2.8900000e+02   6.7667500e+00  -3.7563000e+00   1.0000000e+00
   2.9000000e+02   1.5917500e+01  -6.7191700e+00  -1.0000000e+00
   2.9100000e+02  -6.9415400e+00   2.2038400e+00   1.0000000e+00
   2.9200000e+02   1.1893700e+01  -1.1704800e+01   1.0000000e+00
   2.9300000e+02  -9.3530800e+00  -6.5120800e+00   1.0000000e+00
   2.9400000e+02   5.4899200e+00  -4.7056900e-01  -1.0000000e+00
   2.9500000e+02  -5.7135100e+00   1.0475700e+01  -1.0000000e+00
   2.9600000e+02   4.5870800e+00  -1.8128700e+01   1.0000000e+00
   2.9700000e+02   3.6106800e+00   1.2346300e+01  -1.0000000e+00
   2.9800000e+02   2.1875900e+00   2.0449100e+00  -1.0000000e+00
   2.9900000e+02  -7.8593900e-01   6.6633100e+00  -1.0000000e+00
