   0.0000000e+00   1.0611700e+01  -1.3540400e+01  -1.0000000e+00
   1.0000000e+00  -8.7525900e+00  -6.8218400e+00  -1.0000000e+00
   2.0000000e+00   9.6740800e+00  -1.1661600e+01  -1.0000000e+00
   3.0000000e+00  -1.3796000e+01   7.0150100e+00   1.0000000e+00
   4.0000000e+00  -1.3101100e+00  -5.4999800e+00  -1.0000000e+00
   5.0000000e+00  -1.3816200e+01  -4.6749600e+00  -1.0000000e+00
   6.0000000e+00   9.3623400e+00  -1.5361100e+01  -1.0000000e+00
   7.0000000e+00  -6.3049100e+00   1.5073000e+01   1.0000000e+00
   8.0000000e+00   2.7469900e+00   1.7872800e+01   1.0000000e+00
   9.0000000e+00  -4.4524900e+00   1.5999000e+01   1.0000000e+00
   1.0000000e+01  -1.0301800e+01   4.7764900e+00   1.0000000e+00
   1.1000000e+01   2.8076000e+00  -5.7484600e+00  -1.0000000e+00
   1.2000000e+01  -8.1717000e+00   1.1926300e+01   1.0000000e+00
   1.3000000e+01   6.3073700e+00   1.7748000e+01   1.0000000e+00
   1.4000000e+01   1.3098400e+01  -6.4174900e+00  -1.0000000e+00
   1.5000000e+01   1.6428800e+00  -7.4735800e+00  -1.0000000e+00
   1.6000000e+01   1.5662000e+01   5.5947400e-01  -1.0000000e+00
   1.7000000e+01   1.4163700e+01   9.9863200e+00   1.0000000e+00
   1.8000000e+01  -4.5536000e+00  -7.0917600e+00  -1.0000000e+00
   1.9000000e+01   1.1044200e+01  -6.2993500e+00  -1.0000000e+00
   2.0000000e+01   3.1806300e+00  -1.4844500e+01  -1.0000000e+00
   2.1000000e+01  -8.4469500e+00  -3.2609500e+00  -1.0000000e+00
   2.2000000e+01   7.9709700e+00   1.2478900e+01   1.0000000e+00
   2.3000000e+01   3.0277800e+00  -2.1612800e+00  -1.0000000e+00
   2.4000000e+01  -1.0855000e+00   9.6320800e+00   1.0000000e+00
   2.5000000e+01   4.0312900e-02  -2.0822600e-01  -1.0000000e+00
   2.6000000e+01  -3.0630700e+00   4.4651600e+00   1.0000000e+00
   2.7000000e+01   8.5437400e+00   2.8909600e+00  -1.0000000e+00
   2.8000000e+01   9.4647600e+00   1.0388400e+00  -1.0000000e+00
   2.9000000e+01   6.9117900e+00  -6.0423300e+00  -1.0000000e+00
   3.0000000e+01   2.6117800e+00   1.3675800e+01   1.0000000e+00
   3.1000000e+01  -2.0392900e+00  -1.6329500e+01  -1.0000000e+00
   3.2000000e+01  -1.5416500e+01   1.0170200e+01   1.0000000e+00
   3.3000000e+01  -1.7034500e+01  -6.2579400e+00  -1.0000000e+00
   3.4000000e+01   6.3998700e-01   1.8639000e+00  -1.0000000e+00
   3.5000000e+01  -9.8764500e+00  -8.5531700e+00  -1.0000000e+00
   3.6000000e+01  -9.3929200e-01  -1.4600800e+01  -1.0000000e+00
   3.7000000e+01   1.2870800e+01  -1.0021700e+01  -1.0000000e+00
   3.8000000e+01  -8.2492400e+00   9.8629200e+00   1.0000000e+00
   3.9000000e+01   1.1721200e+01  -1.1779300e+01  -1.0000000e+00
   4.0000000e+01   7.1040400e-01   1.0622300e+01   1.0000000e+00
   4.1000000e+01  -3.1954400e+00   3.1906600e-01  -1.0000000e+00
   4.2000000e+01   1.0600400e+01   2.7573400e+00  -1.0000000e+00
   4.3000000e+01  -6.5905600e+00   6.6899800e+00   1.0000000e+00
   4.4000000e+01   7.3148900e+00  -1.5145000e+01  -1.0000000e+00
   4.5000000e+01   1.7964300e+01   4.0111300e+00  -1.0000000e+00
   4.6000000e+01  -4.8955300e+00   3.4992000e+00   1.0000000e+00
   4.7000000e+01  -6.2392400e+00   1.7200800e+01   1.0000000e+00
   4.8000000e+01  -8.1165300e+00   1.4024000e+01   1.0000000e+00
   4.9000000e+01  -1.1716500e+01   1.4173100e+01   1.0000000e+00
   5.0000000e+01   8.9779000e+00  -6.1647700e+00  -1.0000000e+00
   5.1000000e+01  -8.2951400e+00  -1.5947800e+01  -1.0000000e+00
   5.2000000e+01  -6.6832500e+00   4.5892400e+00   1.0000000e+00
   5.3000000e+01   1.6083100e+01  -8.4714300e+00  -1.0000000e+00
   5.4000000e+01  -1.1079000e+01  -1.0232100e+01  -1.0000000e+00
   5.5000000e+01   2.5396400e+00  -9.3539600e+00  -1.0000000e+00
   5.6000000e+01   5.0829400e+00  -2.2845400e+00  -1.0000000e+00
   5.7000000e+01  -1.5615000e+01  -9.6040100e-01   1.0000000e+00
   5.8000000e+01  -2.9120900e+00   8.6336900e+00   1.0000000e+00
   5.9000000e+01   4.3674400e+00  -1.3090600e+01  -1.0000000e+00
   6.0000000e+01  -1.3578300e+01   1.1139400e+01   1.0000000e+00
   6.1000000e+01   1.1952200e+01  -8.1408800e+00  -1.0000000e+00
   6.2000000e+01   4.1574900e+00  -4.3567100e-01  -1.0000000e+00
   6.3000000e+01  -1.3548100e+01  -1.1267000e+00   1.0000000e+00
   6.4000000e+01   1.4526800e+01  -1.1640900e+00  -1.0000000e+00
   6.5000000e+01  -1.3497900e+00   1.2889300e+00  -1.0000000e+00
   6.6000000e+01  -1.1912300e+01   7.9519000e+00   1.0000000e+00
   6.7000000e+01  -1.1295200e+01  -1.3791000e+01  -1.0000000e+00
   6.8000000e+01   2.2952200e+00  -1.2988900e+01  -1.0000000e+00
   6.9000000e+01   1.2045400e+01   8.0569100e+00   1.0000000e+00
   7.0000000e+01  -8.3180100e+00   7.8085000e+00   1.0000000e+00
   7.1000000e+01   3.6540000e-02  -1.6474500e+01  -1.0000000e+00
   7.2000000e+01  -8.1901100e-01   1.8068200e+01   1.0000000e+00
   7.3000000e+01  -1.2112200e+01   3.7550900e+00   1.0000000e+00
   7.4000000e+01  -1.9546700e-01  -3.7534800e+00  -1.0000000e+00
   7.5000000e+01  -1.3620400e+01   1.3226600e+01   1.0000000e+00
   7.6000000e+01  -1.6079500e+01  -8.1166600e+00  -1.0000000e+00
   7.7000000e+01  -5.3231100e+00  -1.8040000e+01  -1.0000000e+00
   7.8000000e+01  -1.5187500e+01  -9.9704100e+00  -1.0000000e+00
   7.9000000e+01  -1.4750100e+01  -2.8312200e+00  -1.0000000e+00
   8.0000000e+01   3.9435800e+00  -4.0103900e+00  -1.0000000e+00
   8.1000000e+01  -1.2197900e+01  -1.1958200e+01  -1.0000000e+00
   8.2000000e+01  -1.2645300e+01  -2.9657200e+00  -1.0000000e+00
   8.3000000e+01   1.4010700e+01  -8.2899300e+00  -1.0000000e+00
   8.4000000e+01   6.0945700e+00   9.3987000e+00   1.0000000e+00
   8.5000000e+01   1.1150700e+01   1.1958600e+01   1.0000000e+00
   8.6000000e+01  -1.4378500e+01   7.7434400e-01   1.0000000e+00
   8.7000000e+01   1.0867600e+01   6.3521900e+00   1.0000000e+00
   8.8000000e+01  -4.1049100e-01  -7.3492400e+00  -1.0000000e+00
   8.9000000e+01  -7.3048600e-01  -1.0951000e+01  -1.0000000e+00
   9.0000000e+01   6.6672400e+00  -9.6408400e+00  -1.0000000e+00
   9.1000000e+01   4.3351700e+00   3.1611700e+00  -1.0000000e+00
   9.2000000e+01   7.3886700e+00   1.1646900e+00  -1.0000000e+00
   9.3000000e+01   1.1381700e+00  -1.4689100e+01  -1.0000000e+00
   9.4000000e+01  -1.3671100e+01   9.0819500e+00   1.0000000e+00
   9.5000000e+01   9.2602800e-01   1.6861300e+01   1.0000000e+00
   9.6000000e+01  -9.3622700e+00  -1.2519800e+00  -1.0000000e+00
   9.7000000e+01  -3.6413700e+00  -8.9547200e+00  -1.0000000e+00
   9.8000000e+01   1.3770700e+01  -1.1891700e+01  -1.0000000e+00
   9.9000000e+01  -1.5903800e+01  -4.5446000e+00  -1.0000000e+00
   1.0000000e+02  -1.0268500e+00   1.1724600e+01   1.0000000e+00
   1.0100000e+02   1.2942000e+01   6.1807200e+00  -1.0000000e+00
   1.0200000e+02   9.6841800e-01  -2.0383200e+00  -1.0000000e+00
   1.0300000e+02  -6.3812900e+00  -3.3555200e+00  -1.0000000e+00
   1.0400000e+02   4.3427200e+00   1.0522600e+01   1.0000000e+00
   1.0500000e+02  -1.0813700e+01  -6.6573800e+00  -1.0000000e+00
   1.0600000e+02  -1.8622100e+01  -1.5254400e+00   1.0000000e+00
   1.0700000e+02   4.2620800e+00   8.4301100e+00   1.0000000e+00
   1.0800000e+02  -1.1453700e+01  -1.2025800e+00  -1.0000000e+00
   1.0900000e+02   1.5895500e+01   4.1979900e+00  -1.0000000e+00
   1.1000000e+02   2.6851800e+00   1.5782800e+01   1.0000000e+00
   1.1100000e+02   7.9389700e+00   1.0357900e+01   1.0000000e+00
   1.1200000e+02  -4.8265200e+00  -1.0676800e+01  -1.0000000e+00
   1.1300000e+02   7.8120600e+00   8.2842900e+00   1.0000000e+00
   1.1400000e+02   1.3574100e+01   7.5800700e-01  -1.0000000e+00
   1.1500000e+02   1.4734300e+01   2.4565500e+00  -1.0000000e+00
   1.1600000e+02  -2.7734500e+00  -1.0845400e+01  -1.0000000e+00
   1.1700000e+02  -5.1095500e+00  -1.4324200e+01  -1.0000000e+00
   1.1800000e+02   6.2469400e+00   1.5665000e+01   1.0000000e+00
   1.1900000e+02   4.8476400e+00  -5.8822200e+00  -1.0000000e+00
   1.2000000e+02  -3.9436200e+00  -1.2557700e+01  -1.0000000e+00
   1.2100000e+02   9.6841300e+00   4.6109100e+00  -1.0000000e+00
   1.2200000e+02   2.0907400e+00  -1.6600100e+01  -1.0000000e+00
   1.2300000e+02   7.3729100e-01  -5.6326900e+00  -1.0000000e+00
   1.2400000e+02   6.1809800e+00  -1.6943000e+01  -1.0000000e+00
   1.2500000e+02  -1.2613100e+00   3.3516700e+00   1.0000000e+00
   1.2600000e+02   5.2379200e+00  -1.4982200e+01  -1.0000000e+00
   1.2700000e+02  -9.9927400e+00   1.0963300e+01   1.0000000e+00
   1.2800000e+02   6.1828700e+00   1.1460800e+01   1.0000000e+00
   1.2900000e+02   2.5558500e+00   1.1604200e+01   1.0000000e+00
   1.3000000e+02   7.8366300e+00  -7.8820400e+00  -1.0000000e+00
   1.3100000e+02   7.6059800e+00   4.7376400e+00  -1.0000000e+00
   1.3200000e+02   1.3249700e+01   1.1838300e+01   1.0000000e+00
   1.3300000e+02  -2.7315300e+00   1.4880800e+01   1.0000000e+00
   1.3400000e+02   7.6203400e+00  -1.1497900e+01  -1.0000000e+00
   1.3500000e+02  -1.7373800e+01   1.8653000e-01   1.0000000e+00
   1.3600000e+02  -7.1632700e+00  -1.4107100e+01  -1.0000000e+00
   1.3700000e+02   1.5832100e+01  -1.2045200e+01  -1.0000000e+00
   1.3800000e+02  -1.1761900e+01   1.2116500e+01   1.0000000e+00
   1.3900000e+02   1.1766600e+01   4.4858700e+00  -1.0000000e+00
   1.4000000e+02   5.5324900e+00  -1.1379200e+01  -1.0000000e+00
   1.4100000e+02   2.2730700e+00   3.2519300e+00  -1.0000000e+00
   1.4200000e+02  -1.0076800e+01   8.9076400e+00   1.0000000e+00
   1.4300000e+02   8.0867900e+00   1.6707300e+01   1.0000000e+00
   1.4400000e+02  -4.8050500e+00   5.5811500e+00   1.0000000e+00
   1.4500000e+02   6.4218500e+00  -1.3253600e+01  -1.0000000e+00
   1.4600000e+02  -1.4947200e+01  -6.3989700e+00  -1.0000000e+00
   1.4700000e+02  -4.7406800e+00   7.6715600e+00   1.0000000e+00
   1.4800000e+02  -5.2816100e+00  -1.4322600e+00  -1.0000000e+00
   1.4900000e+02  -1.3947700e+01   2.8058200e+00   1.0000000e+00
   1.5000000e+02   4.6192900e+00  -9.4848400e+00  -1.0000000e+00
   1.5100000e+02   1.7099700e+01   5.8967000e+00  -1.0000000e+00
   1.5200000e+02  -6.9085700e+00  -1.0529300e+01  -1.0000000e+00
   1.5300000e+02  -1.2302000e+01   1.5527000e+00   1.0000000e+00
   1.5400000e+02   1.3819100e+01   4.3077800e+00  -1.0000000e+00
   1.5500000e+02  -1.1732400e+01  -4.8219300e+00  -1.0000000e+00
   1.5600000e+02   1.1281400e+01  -2.7219400e+00  -1.0000000e+00
   1.5700000e+02   1.5345300e+01   1.1691000e+01   1.0000000e+00
   1.5800000e+02  -1.6130900e+01   1.9001900e+00   1.0000000e+00
   1.5900000e+02   1.8856000e+01  -1.5044500e+00  -1.0000000e+00
   1.6000000e+02   8.7448600e+00   6.4413500e+00   1.0000000e+00
   1.6100000e+02   7.1491400e+00  -2.4007300e+00  -1.0000000e+00
   1.6200000e+02   4.4435500e+00   1.4626700e+01   1.0000000e+00
   1.6300000e+02   3.4631900e+00  -1.1207600e+01  -1.0000000e+00
   1.6400000e+02  -1.4282400e+01  -1.1885900e+01  -1.0000000e+00
   1.6500000e+02   1.8457900e+01  -4.9900900e+00  -1.0000000e+00
   1.6600000e+02  -1.0529100e+01  -3.0499800e+00  -1.0000000e+00
   1.6700000e+02   8.3270800e+00  -6.8549100e-01  -1.0000000e+00
   1.6800000e+02   4.1432000e+00  -1.6715400e+01  -1.0000000e+00
   1.6900000e+02   8.5564100e+00  -1.3446000e+01  -1.0000000e+00
   1.7000000e+02   9.2256200e+00  -2.5323100e+00  -1.0000000e+00
   1.7100000e+02   1.7572300e+01  -3.1160100e+00  -1.0000000e+00
   1.7200000e+02  -5.6998500e+00  -8.8033400e+00  -1.0000000e+00
   1.7300000e+02   2.4309300e+00   7.4625800e+00   1.0000000e+00
   1.7400000e+02  -6.7590300e+00   2.5174100e+00   1.0000000e+00
   1.7500000e+02   1.8711000e+00  -3.8946500e+00  -1.0000000e+00
   1.7600000e+02  -1.5530600e+01   8.1232900e+00   1.0000000e+00
   1.7700000e+02   8.5475100e-01   1.4797100e+01   1.0000000e+00
   1.7800000e+02  -1.0161100e+01   6.8414500e+00   1.0000000e+00
   1.7900000e+02  -1.7969100e+01   2.9512600e+00   1.0000000e+00
   1.8000000e+02  -7.3306200e+00  -1.5174400e+00  -1.0000000e+00
   1.8100000e+02   1.1507300e+01   9.0671800e-01  -1.0000000e+00
   1.8200000e+02   1.6403800e+01  -4.8462800e+00  -1.0000000e+00
   1.8300000e+02  -1.2070300e+01   5.8740800e+00   1.0000000e+00
   1.8400000e+02  -2.2591600e+00  -3.6323300e+00  -1.0000000e+00
   1.8500000e+02  -8.5185600e+00   3.6411400e+00   1.0000000e+00
   1.8600000e+02   1.5198700e+01  -6.5900400e+00  -1.0000000e+00
   1.8700000e+02   9.7663200e+00   1.3475300e+01   1.0000000e+00
   1.8800000e+02  -4.3059000e+00  -3.5003200e+00  -1.0000000e+00
   1.8900000e+02   1.2213400e+01  -4.5667300e+00  -1.0000000e+00
   1.9000000e+02   1.5025600e+01   6.0596300e+00  -1.0000000e+00
   1.9100000e+02  -1.8092300e+01  -4.4080700e+00  -1.0000000e+00
   1.9200000e+02  -1.2879200e+01  -6.5407400e+00  -1.0000000e+00
   1.9300000e+02   5.4972000e-01   4.4123700e+00   1.0000000e+00
   1.9400000e+02  -1.3868200e+01   4.8700400e+00   1.0000000e+00
   1.9500000e+02   1.2658700e+01  -1.3673700e+01  -1.0000000e+00
   1.9600000e+02  -4.1554500e+00  -1.6188900e+01  -1.0000000e+00
   1.9700000e+02   5.7729000e+00  -7.7713700e+00  -1.0000000e+00
   1.9800000e+02  -1.6902100e+01  -2.7079300e+00  -1.0000000e+00
   1.9900000e+02  -1.1835200e+01   1.0020400e+01   1.0000000e+00
   2.0000000e+02  -1.0340700e+01   2.6691100e+00   1.0000000e+00
   2.0100000e+02   1.4266300e+01  -4.7230500e+00  -1.0000000e+00
   2.0200000e+02  -3.1365700e+00   2.3992100e+00   1.0000000e+00
   2.0300000e+02  -2.9855300e+00   6.5696400e+00   1.0000000e+00
   2.0400000e+02  -5.4838200e+00  -5.2326700e+00  -1.0000000e+00
   2.0500000e+02   1.4101400e+01   7.9042500e+00   1.0000000e+00
   2.0600000e+02   4.1913900e+00   6.3803700e+00   1.0000000e+00
   2.0700000e+02   1.6789600e+01   2.2925800e+00  -1.0000000e+00
   2.0800000e+02  -8.9611400e+00  -1.0394300e+01  -1.0000000e+00
   2.0900000e+02   1.0417900e+01  -8.5943100e-01  -1.0000000e+00
   2.1000000e+02   6.4667500e+00   3.0007700e+00  -1.0000000e+00
   2.1100000e+02   1.3629400e+00  -1.1102600e+01  -1.0000000e+00
   2.1200000e+02  -7.5422600e+00  -5.1222900e+00  -1.0000000e+00
   2.1300000e+02   1.4714400e+01  -1.3827700e+01  -1.0000000e+00
   2.1400000e+02  -3.1966900e+00  -1.7686200e+00  -1.0000000e+00
   2.1500000e+02  -1.5765400e+00  -9.0816300e+00  -1.0000000e+00
   2.1600000e+02   1.7269800e+01  -6.7767700e+00  -1.0000000e+00
   2.1700000e+02   8.7648300e+00  -9.7731100e+00  -1.0000000e+00
   2.1800000e+02   1.1919400e+01   1.3878000e+01   1.0000000e+00
   2.1900000e+02   2.4961600e+00   9.5291900e+00   1.0000000e+00
   2.2000000e+02  -1.7492500e+01   4.9749100e+00   1.0000000e+00
   2.2100000e+02  -2.7850900e+00   1.2827300e+01   1.0000000e+00
   2.2200000e+02  -7.8099300e+00  -8.6607700e+00  -1.0000000e+00
   2.2300000e+02  -1.2261600e+00   5.4886000e+00   1.0000000e+00
   2.2400000e+02   1.7733400e+01   4.5377200e-01  -1.0000000e+00
   2.2500000e+02  -2.8662700e+00   1.0699000e+01   1.0000000e+00
   2.2600000e+02  -1.0676900e+00  -1.8214200e+01  -1.0000000e+00
   2.2700000e+02  -2.6493300e+00   1.6979200e+01   1.0000000e+00
   2.2800000e+02  -1.0413800e+01  -1.5768900e+01  -1.0000000e+00
   2.2900000e+02  -1.1953800e+01  -8.3820300e+00  -1.0000000e+00
   2.3000000e+02  -1.8535500e+00  -1.2706100e+01  -1.0000000e+00
   2.3100000e+02  -9.6319100e+00  -4.9617100e+00  -1.0000000e+00
   2.3200000e+02  -6.4981900e+00   8.7548300e+00   1.0000000e+00
   2.3300000e+02  -9.2419000e+00  -1.4006600e+01  -1.0000000e+00
   2.3400000e+02   4.8512200e-01  -9.2168800e+00  -1.0000000e+00
   2.3500000e+02   9.8724900e+00   8.1587000e+00   1.0000000e+00
   2.3600000e+02  -1.1349900e+00  -1.9156300e+00  -1.0000000e+00
   2.3700000e+02  -1.1413300e+00   7.5834700e+00   1.0000000e+00
   2.3800000e+02   2.3291800e-01  -1.2832700e+01  -1.0000000e+00
   2.3900000e+02  -9.3956500e-01   1.3778900e+01   1.0000000e+00
   2.4000000e+02  -6.4260700e+00   1.0817900e+01   1.0000000e+00
   2.4100000e+02  -3.3733900e+00  -5.3661000e+00  -1.0000000e+00
   2.4200000e+02   1.1503000e+01  -1.5450500e+01  -1.0000000e+00
   2.4300000e+02   1.2472000e+01  -9.8877700e-01  -1.0000000e+00
   2.4400000e+02  -1.4014100e+01  -8.2546900e+00  -1.0000000e+00
   2.4500000e+02  -8.4485000e+00   5.7164400e+00   1.0000000e+00
   2.4600000e+02   8.0928300e+00  -4.2871700e+00  -1.0000000e+00
   2.4700000e+02   8.0382700e+00   1.4596100e+01   1.0000000e+00
   2.4800000e+02   6.2195100e+00  -5.7092200e-01  -1.0000000e+00
   2.4900000e+02   4.3696500e+00   1.2579700e+01   1.0000000e+00
   2.5000000e+02  -4.6099300e+00   1.1803100e+01   1.0000000e+00
   2.5100000e+02   3.2118400e+00   1.4226300e+00  -1.0000000e+00
   2.5200000e+02  -1.3131200e+01  -1.0116400e+01  -1.0000000e+00
   2.5300000e+02   9.8955200e+00  -8.0314300e+00  -1.0000000e+00
   2.5400000e+02  -3.0249100e+00  -1.4466300e+01  -1.0000000e+00
   2.5500000e+02   9.8812500e+00   1.5569900e+01   1.0000000e+00
   2.5600000e+02   1.4918100e+01  -1.0180600e+01  -1.0000000e+00
   2.5700000e+02   3.6888900e+00  -7.6409700e+00  -1.0000000e+00
   2.5800000e+02   6.2153100e+00   1.3557900e+01   1.0000000e+00
   2.5900000e+02   1.0816600e+01  -9.8967200e+00  -1.0000000e+00
   2.6000000e+02   2.4210100e+00   5.3356300e+00   1.0000000e+00
   2.6100000e+02   1.0009800e+01   1.0238700e+01   1.0000000e+00
   2.6200000e+02   6.1207300e+00   7.0954300e+00   1.0000000e+00
   2.6300000e+02   6.7001100e-01   8.5549800e+00   1.0000000e+00
   2.6400000e+02   4.5095600e+00   1.6768900e+01   1.0000000e+00
   2.6500000e+02  -1.5711100e+01   3.9464000e+00   1.0000000e+00
   2.6600000e+02   1.6630600e+01  -1.2872500e+00  -1.0000000e+00
   2.6700000e+02   1.5474500e+01  -2.9822100e+00  -1.0000000e+00
   2.6800000e+02   5.5510400e+00   4.8362100e+00   1.0000000e+00
   2.6900000e+02  -9.0453000e-01   1.5873300e+01   1.0000000e+00
   2.7000000e+02   6.0059300e+00  -4.1347200e+00  -1.0000000e+00
   2.7100000e+02  -6.6261900e+00  -6.9665800e+00  -1.0000000e+00
   2.7200000e+02   2.0932600e+00  -3.1293000e-01  -1.0000000e+00
   2.7300000e+02  -6.2240400e+00  -1.6168800e+01  -1.0000000e+00
   2.7400000e+02  -3.2597000e+00  -1.8155300e+01  -1.0000000e+00
   2.7500000e+02  -8.0936200e+00  -1.2262500e+01  -1.0000000e+00
   2.7600000e+02  -4.6787000e+00   9.7272800e+00   1.0000000e+00
   2.7700000e+02  -9.8812000e+00   1.5122700e+01   1.0000000e+00
   2.7800000e+02  -8.1069400e+00   1.6196500e+01   1.0000000e+00
   2.7900000e+02  -1.0147800e+01  -1.2069700e+01  -1.0000000e+00
   2.8000000e+02   7.9969300e-01   1.2689100e+01   1.0000000e+00
   2.8100000e+02   1.6165500e+01   7.8302300e+00   1.0000000e+00
   2.8200000e+02  -8.5998200e+00   1.5115000e+00   1.0000000e+00
   2.8300000e+02  -1.3361400e+01  -1.3771900e+01  -1.0000000e+00
   2.8400000e+02   1.3387300e+01  -2.8650300e+00  -1.0000000e+00
   2.8500000e+02  -4.9524400e+00   1.4389500e+00   1.0000000e+00
   2.8600000e+02  -2.4842100e+00  -7.2257100e+00  -1.0000000e+00
   2.8700000e+02   1.2080100e+01   1.0127300e+01   1.0000000e+00
   2.8800000e+02  -6.7720900e+00   4.6954600e-01  -1.0000000e+00
   2.8900000e+02  -6.3561200e+00   1.2885500e+01   1.0000000e+00
   2.9000000e+02  -1.0445100e+01   6.1427800e-01   1.0000000e+00
   2.9100000e+02  -1.7418200e+01   7.0769200e+00   1.0000000e+00
   2.9200000e+02   1.0134700e+01  -4.4356900e+00  -1.0000000e+00
   2.9300000e+02   1.2655800e+01   2.5999400e+00  -1.0000000e+00
   2.9400000e+02   6.2016500e-01   6.4710200e+00   1.0000000e+00
   2.9500000e+02  -5.9972800e+00  -1.2419100e+01  -1.0000000e+00
   2.9600000e+02   5.2956900e+00   1.2913500e+00  -1.0000000e+00
   2.9700000e+02  -9.9056500e+00   1.3024100e+01   1.0000000e+00
   2.9800000e+02  -4.5625100e+00   1.3939000e+01   1.0000000e+00
   2.9900000e+02  -1.5625600e+01   6.0158700e+00   1.0000000e+00
