   0.0000000e+00  -1.3504200e+01  -1.8769400e+00   1.0000000e+00
   1.0000000e+00   8.4700300e+00   6.8051400e+00  -1.0000000e+00
   2.0000000e+00  -1.1548300e+00   5.6336200e-01   1.0000000e+00
   3.0000000e+00  -5.8499300e+00  -5.2364900e+00   1.0000000e+00
   4.0000000e+00  -1.5657700e+01   1.0034200e+00   1.0000000e+00
   5.0000000e+00   2.1856200e+00  -1.2587300e+01   1.0000000e+00
   6.0000000e+00   9.0579800e+00   8.7976100e+00  -1.0000000e+00
   7.0000000e+00  -1.5875000e+00  -1.0961000e+01   1.0000000e+00
   8.0000000e+00   1.2076300e+01  -5.2639200e+00  -1.0000000e+00
   9.0000000e+00   1.2072500e+01  -8.8186700e+00  -1.0000000e+00
   1.0000000e+01   1.4013900e+01   6.2815800e-01  -1.0000000e+00
   1.1000000e+01  -6.0517500e+00   1.2562000e+01   1.0000000e+00
   1.2000000e+01  -2.0569500e+00   8.8504000e+00   1.0000000e+00
   1.3000000e+01  -1.1112500e+01  -6.8375400e+00   1.0000000e+00
   1.4000000e+01  -1.4699600e+01  -7.1982100e+00   1.0000000e+00
   1.5000000e+01  -3.3162400e+00   3.4689400e+00   1.0000000e+00
   1.6000000e+01   6.4332900e+00   6.3799500e+00  -1.0000000e+00
   1.7000000e+01  -1.3412500e+01   1.3861800e+01   1.0000000e+00
   1.8000000e+01   3.4160600e+00  -7.2533300e+00   1.0000000e+00
   1.9000000e+01   7.2113800e-01  -1.5954100e+01   1.0000000e+00
   2.0000000e+01   4.8803800e-01   1.7868300e+00   1.0000000e+00
   2.1000000e+01   7.1312000e+00  -6.3277400e+00   1.0000000e+00
   2.2000000e+01   4.9473000e+00   2.4978900e+00  -1.0000000e+00
   2.3000000e+01  -1.5203600e+01  -3.1078300e+00   1.0000000e+00
   2.4000000e+01   1.1610600e+01   1.1309200e+01  -1.0000000e+00
   2.5000000e+01   1.7634600e+00  -8.4715600e+00   1.0000000e+00
   2.6000000e+01   1.7451100e+01  -4.6718300e-01  -1.0000000e+00
   2.7000000e+01  -6.2765000e+00   1.4665500e+01   1.0000000e+00
   2.8000000e+01   1.4506300e+01   8.2173700e+00  -1.0000000e+00
   2.9000000e+01  -1.5948300e+01   3.0503600e+00   1.0000000e+00
   3.0000000e+01   4.5437300e+00  -1.1290900e+01   1.0000000e+00
   3.1000000e+01   1.6049500e+01   1.0761500e+00  -1.0000000e+00
   3.2000000e+01   1.5086500e+01   1.0195800e+01  -1.0000000e+00
   3.3000000e+01   1.5015700e+01  -1.0736500e+01  -1.0000000e+00
   3.4000000e+01   1.0621000e+01   1.7723200e+00  -1.0000000e+00
   3.5000000e+01   2.8543900e+00  -1.0375600e+00   1.0000000e+00
   3.6000000e+01  -8.7004900e-01   1.4278400e+01  -1.0000000e+00
   3.7000000e+01  -1.4476600e+01  -9.2572200e+00   1.0000000e+00
   3.8000000e+01  -1.1744500e+01   1.5069300e+01   1.0000000e+00
   3.9000000e+01   1.3308000e+01   4.1949000e+00  -1.0000000e+00
   4.0000000e+01  -8.2028800e+00   1.5464000e+01   1.0000000e+00
   4.1000000e+01   1.2661600e+01   2.2237900e+00  -1.0000000e+00
   4.2000000e+01  -6.4169700e-01  -3.5604700e+00   1.0000000e+00
   4.3000000e+01   6.2486900e+00  -1.0094500e+01   1.0000000e+00
   4.4000000e+01   1.0182700e+01   1.2807800e+01  -1.0000000e+00
   4.5000000e+01   1.3747500e+01  -1.2628100e+01  -1.0000000e+00
   4.6000000e+01  -4.4995900e+00  -1.7614200e+01   1.0000000e+00
   4.7000000e+01  -2.0294000e+00  -6.8591400e+00   1.0000000e+00
   4.8000000e+01   7.8791400e-02  -9.7462000e+00   1.0000000e+00
   4.9000000e+01  -1.3027600e+01  -5.9706200e+00   1.0000000e+00
   5.0000000e+01  -6.1109700e+00  -3.1849200e+00   1.0000000e+00
   5.1000000e+01   5.2459800e+00   1.5320300e+01  -1.0000000e+00
   5.2000000e+01   1.5381300e+01  -9.0265500e-01  -1.0000000e+00
   5.3000000e+01   5.0174400e+00   7.8749700e+00  -1.0000000e+00
   5.4000000e+01  -2.5602900e+00  -2.7450900e+00   1.0000000e+00
   5.5000000e+01   6.3724100e+00  -4.4158700e+00   1.0000000e+00
   5.6000000e+01  -7.7419900e+00   1.1353300e+01   1.0000000e+00
   5.7000000e+01  -2.7950400e+00  -1.6360900e+01   1.0000000e+00
   5.8000000e+01   5.6090300e+00   9.8450400e+00  -1.0000000e+00
   5.9000000e+01  -1.3037300e-01  -7.6814200e+00   1.0000000e+00
   6.0000000e+01   7.5988400e+00   1.0367400e+01  -1.0000000e+00
   6.1000000e+01  -1.5117300e+01   1.2671000e+01   1.0000000e+00
   6.2000000e+01   7.2110100e+00  -2.5337400e+00  -1.0000000e+00
   6.3000000e+01   1.1275000e+01   3.7415100e+00  -1.0000000e+00
   6.4000000e+01   1.0499900e+01   7.2762200e+00  -1.0000000e+00
   6.5000000e+01   1.1052900e+01   9.2640400e+00  -1.0000000e+00
   6.6000000e+01  -1.8418100e+00  -8.9137400e+00   1.0000000e+00
   6.7000000e+01  -1.6717300e+01  -6.3690100e+00   1.0000000e+00
   6.8000000e+01   7.2212300e+00   2.8828200e+00  -1.0000000e+00
   6.9000000e+01   9.2401600e+00   3.3384600e+00  -1.0000000e+00
   7.0000000e+01   1.3894000e+01   6.1889600e+00  -1.0000000e+00
   7.1000000e+01  -2.2984200e+00  -4.8058800e+00   1.0000000e+00
   7.2000000e+01  -1.6387300e+01   7.1901400e+00   1.0000000e+00
   7.3000000e+01  -1.3736500e+01   1.8366400e-01   1.0000000e+00
   7.4000000e+01   1.4167500e+01  -8.8204300e+00  -1.0000000e+00
   7.5000000e+01  -1.5424700e+01  -1.0717400e+00   1.0000000e+00
   7.6000000e+01  -7.3155100e+00   7.1929200e+00   1.0000000e+00
   7.7000000e+01   8.4041700e+00  -1.0208700e+01   1.0000000e+00
   7.8000000e+01   1.8169200e+01   1.5610200e+00  -1.0000000e+00
   7.9000000e+01  -7.7735900e+00  -4.3928600e+00   1.0000000e+00
   8.0000000e+01   7.8428700e+00   4.8449100e+00  -1.0000000e+00
   8.1000000e+01   9.3702700e+00  -1.2028800e+01   1.0000000e+00
   8.2000000e+01   9.3071900e+00   1.6306700e+01  -1.0000000e+00
   8.3000000e+01  -1.4483500e+01   6.3808500e+00   1.0000000e+00
   8.4000000e+01   3.6966100e+00   6.2785400e+00  -1.0000000e+00
   8.5000000e+01  -1.0402000e+00   1.6327900e+01  -1.0000000e+00
   8.6000000e+01  -9.9274900e+00  -1.4978400e+00   1.0000000e+00
   8.7000000e+01  -5.4084000e+00  -9.3466300e+00   1.0000000e+00
   8.8000000e+01  -2.3044500e-01   1.8257200e+01  -1.0000000e+00
   8.9000000e+01   1.1895900e+01   5.7140900e+00  -1.0000000e+00
   9.0000000e+01   1.1902700e+00   1.4189100e+01  -1.0000000e+00
   9.1000000e+01  -1.6374100e+01  -8.4043800e+00   1.0000000e+00
   9.2000000e+01   8.7339900e+00   1.4343800e+01  -1.0000000e+00
   9.3000000e+01  -7.0642400e+00  -1.0609600e+01   1.0000000e+00
   9.4000000e+01   4.3866500e+00   4.5139400e-01   1.0000000e+00
   9.5000000e+01   4.9796300e+00  -2.8886400e+00   1.0000000e+00
   9.6000000e+01  -5.4139300e+00   6.3771400e+00   1.0000000e+00
   9.7000000e+01   1.0225400e+01  -1.3931800e+01   1.0000000e+00
   9.8000000e+01  -1.5818800e-01   8.0040100e+00   1.0000000e+00
   9.9000000e+01   4.1001100e+00  -1.3358000e+01   1.0000000e+00
   1.0000000e+02  -5.1695900e+00  -1.1416600e+01   1.0000000e+00
   1.0100000e+02   5.2710100e+00  -1.7314500e+01   1.0000000e+00
   1.0200000e+02   6.7148300e+00   1.3838500e+01  -1.0000000e+00
   1.0300000e+02  -9.5160300e-01  -1.7268400e+01   1.0000000e+00
   1.0400000e+02   1.5731000e+01   1.2164800e+01  -1.0000000e+00
   1.0500000e+02   2.0288100e+00  -1.0538300e+01   1.0000000e+00
   1.0600000e+02   1.1023600e+01  -7.0369000e+00  -1.0000000e+00
   1.0700000e+02   5.3352800e-01  -1.3859700e+01   1.0000000e+00
   1.0800000e+02   6.5530500e+00  -1.5697200e+01   1.0000000e+00
   1.0900000e+02   3.9591400e-02   5.9418500e+00   1.0000000e+00
   1.1000000e+02  -6.5405500e+00   1.6765100e+01   1.0000000e+00
   1.1100000e+02  -8.2806000e+00  -2.4570400e-01   1.0000000e+00
   1.1200000e+02  -6.8631500e+00  -1.2683900e+01   1.0000000e+00
   1.1300000e+02   1.1353500e+01  -1.7428700e+00  -1.0000000e+00
   1.1400000e+02  -4.9770700e+00   2.2457300e+00   1.0000000e+00
   1.1500000e+02  -1.2790700e+01   7.6064700e+00   1.0000000e+00
   1.1600000e+02  -7.9420700e+00   1.3390600e+01   1.0000000e+00
   1.1700000e+02  -1.2351900e+01  -1.2141300e+01   1.0000000e+00
   1.1800000e+02  -8.5611500e+00   1.8145800e+00   1.0000000e+00
   1.1900000e+02   6.1264100e+00  -1.3687400e+01   1.0000000e+00
   1.2000000e+02   1.2904700e+00   1.1277200e+01  -1.0000000e+00
   1.2100000e+02  -8.0412800e+00  -2.3236400e+00   1.0000000e+00
   1.2200000e+02  -1.3220500e+01   1.1801200e+01   1.0000000e+00
   1.2300000e+02  -1.6570300e+01   9.2815600e+00   1.0000000e+00
   1.2400000e+02  -6.6182700e+00   1.0207700e+00   1.0000000e+00
   1.2500000e+02   7.4999600e+00  -1.7555900e+01   1.0000000e+00
   1.2600000e+02   1.5329100e+01  -6.5400700e+00  -1.0000000e+00
   1.2700000e+02   5.7634000e+00   1.7310700e+01  -1.0000000e+00
   1.2800000e+02  -3.9495600e+00   9.6520800e+00   1.0000000e+00
   1.2900000e+02  -1.0431700e+01  -1.3040200e+01   1.0000000e+00
   1.3000000e+02  -1.0888300e+01   6.8136600e+00   1.0000000e+00
   1.3100000e+02  -4.6673600e+00   1.5947300e+01  -1.0000000e+00
   1.3200000e+02  -1.1111300e+01   8.8685900e+00   1.0000000e+00
   1.3300000e+02   1.0244700e+00  -2.2992000e+00   1.0000000e+00
   1.3400000e+02  -9.0185300e+00  -9.7397200e+00   1.0000000e+00
   1.3500000e+02  -1.6404800e+00   4.7172000e+00   1.0000000e+00
   1.3600000e+02   3.1549600e+00   1.4804800e+01  -1.0000000e+00
   1.3700000e+02   1.4091300e+01  -4.8590100e+00  -1.0000000e+00
   1.3800000e+02   3.8041300e+00   4.2246900e+00  -1.0000000e+00
   1.3900000e+02  -4.7366800e+00   1.2528500e-01   1.0000000e+00
   1.4000000e+02   9.4763500e+00  -8.4321500e+00   1.0000000e+00
   1.4100000e+02   1.4681500e+01   2.6582100e+00  -1.0000000e+00
   1.4200000e+02  -2.7700200e+00   1.5121500e+01  -1.0000000e+00
   1.4300000e+02   5.8421800e+00   4.4055200e+00  -1.0000000e+00
   1.4400000e+02  -6.8410700e+00   3.0977600e+00   1.0000000e+00
   1.4500000e+02   1.2498100e+01   7.7353700e+00  -1.0000000e+00
   1.4600000e+02  -1.4859300e+01   1.0558100e+01   1.0000000e+00
   1.4700000e+02   1.6217400e+01  -8.4264000e+00  -1.0000000e+00
   1.4800000e+02   4.6890000e+00   1.3327900e+01  -1.0000000e+00
   1.4900000e+02   7.5607000e-01  -2.6540200e-01   1.0000000e+00
   1.5000000e+02   1.5379200e+01   4.7472200e+00  -1.0000000e+00
   1.5100000e+02  -1.7639300e+01   1.8657500e+00   1.0000000e+00
   1.5200000e+02  -9.4459500e+00  -5.6418500e+00   1.0000000e+00
   1.5300000e+02   2.4653600e+00  -1.4646700e+01   1.0000000e+00
   1.5400000e+02   3.1082800e-01  -1.1783900e+01   1.0000000e+00
   1.5500000e+02   1.7352300e+01  -6.1160500e+00  -1.0000000e+00
   1.5600000e+02  -6.6620700e+00  -1.4724100e+01   1.0000000e+00
   1.5700000e+02   6.4194600e+00   9.7069000e-01  -1.0000000e+00
   1.5800000e+02  -1.4238700e+01   4.3335600e+00   1.0000000e+00
   1.5900000e+02  -7.4810800e+00   9.2962500e+00   1.0000000e+00
   1.6000000e+02  -1.0665500e+01  -1.0960200e+01   1.0000000e+00
   1.6100000e+02  -1.4966100e+01  -5.1565800e+00   1.0000000e+00
   1.6200000e+02  -7.2978400e+00  -8.5261800e+00   1.0000000e+00
   1.6300000e+02  -8.5633500e+00  -1.3901400e+01   1.0000000e+00
   1.6400000e+02   3.5783600e+00   9.3527300e+00  -1.0000000e+00
   1.6500000e+02   1.6119200e+01  -4.4439800e+00  -1.0000000e+00
   1.6600000e+02   1.3059100e+01   9.7413300e+00  -1.0000000e+00
   1.6700000e+02   5.0823200e+00  -6.0411900e+00   1.0000000e+00
   1.6800000e+02   2.1315500e+00   1.8077500e+01  -1.0000000e+00
   1.6900000e+02   1.0746600e+01   1.4796500e+01  -1.0000000e+00
   1.7000000e+02  -3.5220200e+00   5.5456300e+00   1.0000000e+00
   1.7100000e+02   1.3143800e+01  -7.0406000e+00  -1.0000000e+00
   1.7200000e+02  -3.2513500e+00  -1.2201400e+01   1.0000000e+00
   1.7300000e+02  -7.5373900e+00  -6.4692300e+00   1.0000000e+00
   1.7400000e+02  -4.1489700e+00   1.1720600e+01   1.0000000e+00
   1.7500000e+02   1.2589800e+00  -4.3827700e+00   1.0000000e+00
   1.7600000e+02   7.2286000e+00  -1.1923100e+01   1.0000000e+00
   1.7700000e+02   1.1456300e+01  -1.2166200e+01   1.0000000e+00
   1.7800000e+02   1.9221600e+00   5.0921600e+00  -1.0000000e+00
   1.7900000e+02   2.9607600e+00  -1.8813000e+01   1.0000000e+00
   1.8000000e+02  -3.0438000e+00  -1.4300600e+01   1.0000000e+00
   1.8100000e+02  -1.4259800e+01  -1.1331900e+01   1.0000000e+00
   1.8200000e+02  -4.3847000e+00   1.3827600e+01   1.0000000e+00
   1.8300000e+02   9.9618700e+00  -2.0245200e-01  -1.0000000e+00
   1.8400000e+02  -9.3772700e+00   1.0098400e+01   1.0000000e+00
   1.8500000e+02   8.1606900e+00   1.2356100e+01  -1.0000000e+00
   1.8600000e+02  -9.6921800e+00  -3.5715700e+00   1.0000000e+00
   1.8700000e+02   8.6126600e+00   1.3645100e+00  -1.0000000e+00
   1.8800000e+02  -5.6386300e+00  -7.2837900e+00   1.0000000e+00
   1.8900000e+02  -1.1536500e+01   1.2973000e+01   1.0000000e+00
   1.9000000e+02   6.1428100e+00   1.1861700e+01  -1.0000000e+00
   1.9100000e+02  -1.4691500e+01   8.4692200e+00   1.0000000e+00
   1.9200000e+02  -3.9505000e+00  -6.0388100e+00   1.0000000e+00
   1.9300000e+02   1.6791000e+01  -2.4744100e+00  -1.0000000e+00
   1.9400000e+02  -1.3982200e+01   2.2442200e+00   1.0000000e+00
   1.9500000e+02  -1.4232300e+00   2.6160800e+00   1.0000000e+00
   1.9600000e+02  -1.2081400e+01   1.4270700e+00   1.0000000e+00
   1.9700000e+02   2.4016600e+00   9.7987700e-01   1.0000000e+00
   1.9800000e+02  -3.5181000e+00  -1.0167500e+01   1.0000000e+00
   1.9900000e+02  -4.9544300e+00  -1.3467300e+01   1.0000000e+00
   2.0000000e+02  -8.7505600e+00  -1.1823000e+01   1.0000000e+00
   2.0100000e+02  -6.3894500e+00  -1.6791200e+01   1.0000000e+00
   2.0200000e+02  -9.0017200e+00   5.9624500e+00   1.0000000e+00
   2.0300000e+02   1.8308100e+00   7.1803900e+00  -1.0000000e+00
   2.0400000e+02   3.7626600e+00   1.6776400e+01  -1.0000000e+00
   2.0500000e+02   5.8193700e+00  -1.0059700e+00  -1.0000000e+00
   2.0600000e+02  -1.0893200e+01  -8.8881000e+00   1.0000000e+00
   2.0700000e+02   4.4630300e+00  -1.5385800e+01   1.0000000e+00
   2.0800000e+02  -1.0185800e+01   5.3721400e-01   1.0000000e+00
   2.0900000e+02   1.8803500e+01  -2.0905800e+00  -1.0000000e+00
   2.1000000e+02  -1.8829600e+01  -3.4391000e+00   1.0000000e+00
   2.1100000e+02   1.6601100e+01   8.6979000e+00  -1.0000000e+00
   2.1200000e+02   1.7497100e+01   5.0696700e+00  -1.0000000e+00
   2.1300000e+02  -1.2154300e+01  -1.4203300e+01   1.0000000e+00
   2.1400000e+02  -2.9605500e+00   1.7263100e+01  -1.0000000e+00
   2.1500000e+02  -1.2565700e+01  -1.0087400e+01   1.0000000e+00
   2.1600000e+02  -6.3550400e+00  -1.1301600e+00   1.0000000e+00
   2.1700000e+02  -1.8349600e+00   6.7896400e+00   1.0000000e+00
   2.1800000e+02   1.2297400e+01  -1.4102200e+01   1.0000000e+00
   2.1900000e+02  -1.3810600e+00  -1.3027900e+01   1.0000000e+00
   2.2000000e+02   9.6055800e+00   1.0828200e+01  -1.0000000e+00
   2.2100000e+02  -1.0429600e+01   2.6713000e+00   1.0000000e+00
   2.2200000e+02   1.5138100e+00  -6.4202900e+00   1.0000000e+00
   2.2300000e+02   5.3667500e+00  -8.0770900e+00   1.0000000e+00
   2.2400000e+02  -1.6186800e+01   5.1471400e+00   1.0000000e+00
   2.2500000e+02   7.0482100e+00   8.3571400e+00  -1.0000000e+00
   2.2600000e+02  -2.8204500e+00  -6.8328400e-01   1.0000000e+00
   2.2700000e+02  -1.2992100e+01   9.7095000e+00   1.0000000e+00
   2.2800000e+02  -9.6371300e+00   1.2156400e+01   1.0000000e+00
   2.2900000e+02   1.0589600e+01  -1.0252700e+01   1.0000000e+00
   2.3000000e+02   1.4766400e+01  -2.8680800e+00  -1.0000000e+00
   2.3100000e+02   1.0828500e+00   1.6256400e+01  -1.0000000e+00
   2.3200000e+02   1.0057800e+00  -1.8015400e+01   1.0000000e+00
   2.3300000e+02   1.6030300e+01   6.6985600e+00  -1.0000000e+00
   2.3400000e+02   1.3376600e+01  -1.3524300e+00  -1.0000000e+00
   2.3500000e+02   8.1890000e+00  -1.3753400e+01   1.0000000e+00
   2.3600000e+02   1.0594800e+01  -3.8392200e+00  -1.0000000e+00
   2.3700000e+02   1.8159100e+01  -4.0354700e+00  -1.0000000e+00
   2.3800000e+02  -3.8443200e-01  -5.6167800e+00   1.0000000e+00
   2.3900000e+02  -1.1578500e+01  -2.7284900e+00   1.0000000e+00
   2.4000000e+02  -1.6879800e+01  -4.3027700e+00   1.0000000e+00
   2.4100000e+02  -9.2015200e+00   8.0259800e+00   1.0000000e+00
   2.4200000e+02  -3.9227900e-01   1.0048700e+01  -1.0000000e+00
   2.4300000e+02  -2.4955600e+00   1.2971300e+01  -1.0000000e+00
   2.4400000e+02   3.7373700e+00  -9.3834900e+00   1.0000000e+00
   2.4500000e+02  -1.1354200e+01  -4.7733700e+00   1.0000000e+00
   2.4600000e+02  -3.7373200e+00   7.5874700e+00   1.0000000e+00
   2.4700000e+02   1.2190600e+01   1.3335300e+01  -1.0000000e+00
   2.4800000e+02  -3.7403300e+00  -8.0886300e+00   1.0000000e+00
   2.4900000e+02  -6.0432900e-01   1.2126800e+01  -1.0000000e+00
   2.5000000e+02   1.1981200e+01   2.2457800e-01  -1.0000000e+00
   2.5100000e+02  -9.2095600e+00  -7.6867500e+00   1.0000000e+00
   2.5200000e+02  -4.2161300e+00  -3.9986000e+00   1.0000000e+00
   2.5300000e+02  -5.6082100e+00   8.4346000e+00   1.0000000e+00
   2.5400000e+02  -9.8417400e+00   1.4210700e+01   1.0000000e+00
   2.5500000e+02   1.6748200e+01   3.0903000e+00  -1.0000000e+00
   2.5600000e+02  -1.1520900e+00  -1.5104600e+01   1.0000000e+00
   2.5700000e+02   7.4264400e+00  -8.3616500e+00   1.0000000e+00
   2.5800000e+02   8.6566400e+00  -1.5768000e+01   1.0000000e+00
   2.5900000e+02   1.3665500e+01   1.1712800e+01  -1.0000000e+00
   2.6000000e+02  -3.1087800e+00   1.3802000e+00   1.0000000e+00
   2.6100000e+02  -7.1013800e+00   5.1524000e+00   1.0000000e+00
   2.6200000e+02  -8.3018300e+00  -1.5983100e+01   1.0000000e+00
   2.6300000e+02  -4.7526500e+00  -1.5529700e+01   1.0000000e+00
   2.6400000e+02  -1.1327900e+01   1.0928800e+01   1.0000000e+00
   2.6500000e+02   7.8394500e+00  -5.4048700e-01  -1.0000000e+00
   2.6600000e+02  -8.9817400e-01  -1.4869200e+00   1.0000000e+00
   2.6700000e+02  -1.1854400e+01  -6.4162600e-01   1.0000000e+00
   2.6800000e+02   1.0794600e+01  -1.5915200e+01   1.0000000e+00
   2.6900000e+02   9.2077600e+00  -6.0674000e+00  -1.0000000e+00
   2.7000000e+02   8.5122300e+00  -4.1304500e+00  -1.0000000e+00
   2.7100000e+02  -1.0701300e+01   4.7146200e+00   1.0000000e+00
   2.7200000e+02   1.5279100e+00   9.2132200e+00  -1.0000000e+00
   2.7300000e+02   9.3071500e+00  -2.1605100e+00  -1.0000000e+00
   2.7400000e+02  -1.7104300e+01  -2.2546100e+00   1.0000000e+00
   2.7500000e+02   1.2949100e+01  -1.0694100e+01  -1.0000000e+00
   2.7600000e+02   7.2991000e+00   1.5813500e+01  -1.0000000e+00
   2.7700000e+02   1.4260700e+01   1.3742100e+01  -1.0000000e+00
   2.7800000e+02  -5.1794300e+00   4.3213400e+00   1.0000000e+00
   2.7900000e+02   2.6813600e+00  -1.6724700e+01   1.0000000e+00
   2.8000000e+02  -2.2652100e+00   1.0905100e+01   1.0000000e+00
   2.8100000e+02  -1.3260800e+01  -3.9230400e+00   1.0000000e+00
   2.8200000e+02   2.2573900e-01   3.8481700e+00   1.0000000e+00
   2.8300000e+02  -1.2793300e+01  -8.0239700e+00   1.0000000e+00
   2.8400000e+02   9.8805000e+00   5.3039800e+00  -1.0000000e+00
   2.8500000e+02  -1.7310200e+01  -2.1163500e-01   1.0000000e+00
   2.8600000e+02  -1.2347000e+01   3.4916600e+00   1.0000000e+00
   2.8700000e+02  -1.0297800e+01  -1.5145200e+01   1.0000000e+00
   2.8800000e+02   1.2745400e+01  -3.3081400e+00  -1.0000000e+00
   2.8900000e+02   4.1582100e+00   1.1326200e+01  -1.0000000e+00
   2.9000000e+02   3.1650100e+00  -5.1636900e+00   1.0000000e+00
   2.9100000e+02   2.9295700e+00  -3.1118800e+00   1.0000000e+00
   2.9200000e+02   2.1372900e+00   3.0203600e+00   1.0000000e+00
   2.9300000e+02  -1.2583000e+01   5.5519300e+00   1.0000000e+00
   2.9400000e+02  -1.7875600e+01   3.9407300e+00   1.0000000e+00
   2.9500000e+02  -8.7536900e+00   3.8711100e+00   1.0000000e+00
   2.9600000e+02   2.6917300e+00   1.2776400e+01  -1.0000000e+00
   2.9700000e+02  -1.4047100e+01  -1.3379900e+01   1.0000000e+00
   2.9800000e+02  -4.4633100e+00  -1.9320400e+00   1.0000000e+00
   2.9900000e+02  -5.8150800e+00   1.0506600e+01   1.0000000e+00
