   0.0000000e+00  -3.7366200e+00  -1.0887700e+01  -1.0000000e+00
   1.0000000e+00  -1.1473000e+01   9.1554500e+00   1.0000000e+00
   2.0000000e+00   2.2123100e+00  -6.7138800e+00  -1.0000000e+00
   3.0000000e+00  -4.6629100e+00   6.0136200e+00   1.0000000e+00
   4.0000000e+00   8.0486900e-01  -1.4043000e+01  -1.0000000e+00
   5.0000000e+00   1.1803600e+01  -1.2924900e+01  -1.0000000e+00
   6.0000000e+00   1.4078100e+01   9.1690900e+00   1.0000000e+00
   7.0000000e+00   1.5214100e+01  -1.1641600e+01  -1.0000000e+00
   8.0000000e+00   6.8979700e+00  -1.5600200e+01  -1.0000000e+00
   9.0000000e+00   1.7313100e+01   5.2492400e+00   1.0000000e+00
   1.0000000e+01  -5.7517100e+00  -1.0356900e+01  -1.0000000e+00
   1.1000000e+01   6.6476700e+00   8.3067500e+00   1.0000000e+00
   1.2000000e+01  -6.9643400e+00   3.2307000e+00   1.0000000e+00
   1.3000000e+01   5.7429800e+00  -1.1597500e+01  -1.0000000e+00
   1.4000000e+01  -2.2463700e+00  -9.4754500e+00  -1.0000000e+00
   1.5000000e+01  -1.4261600e+01   1.3897100e+01   1.0000000e+00
   1.6000000e+01   3.3450000e+00  -5.7609100e-01   1.0000000e+00
   1.7000000e+01   1.2841600e+01   1.2556000e+01   1.0000000e+00
   1.8000000e+01  -9.5074800e+00   9.9363200e+00   1.0000000e+00
   1.9000000e+01  -4.2114100e+00  -1.6484100e+01  -1.0000000e+00
   2.0000000e+01   1.6267400e+01  -9.0649400e-01   1.0000000e+00
   2.1000000e+01   3.3110600e+00  -8.4719200e+00  -1.0000000e+00
   2.2000000e+01   4.5431700e+00  -3.9732600e+00   1.0000000e+00
   2.3000000e+01   8.4664100e+00  -2.5089500e+00   1.0000000e+00
   2.4000000e+01   1.7812000e+00   1.2318000e+01   1.0000000e+00
   2.5000000e+01  -1.1028400e+00   5.3922200e+00   1.0000000e+00
   2.6000000e+01  -9.2629000e+00   4.2190600e-01   1.0000000e+00
   2.7000000e+01  -1.5706600e+01   5.6300300e+00   1.0000000e+00
   2.8000000e+01   1.6936600e-01   1.3627000e+01   1.0000000e+00
   2.9000000e+01  -4.2694900e+00  -8.8892100e+00  -1.0000000e+00
   3.0000000e+01  -1.7300000e+01   6.9292500e+00   1.0000000e+00
   3.1000000e+01  -7.4295300e-01  -8.0295500e+00  -1.0000000e+00
   3.2000000e+01  -3.3834300e+00   1.4251900e+01   1.0000000e+00
   3.3000000e+01   1.6496800e+01  -9.0210200e+00  -1.0000000e+00
   3.4000000e+01   1.1126300e+01  -1.0931000e+01  -1.0000000e+00
   3.5000000e+01   3.6726900e+00   1.4739200e+00   1.0000000e+00
   3.6000000e+01  -1.4241700e+00   1.4960800e+01   1.0000000e+00
   3.7000000e+01  -1.1275600e+01  -1.0588600e+01  -1.0000000e+00
   3.8000000e+01  -6.2823100e+00  -8.2971100e+00   1.0000000e+00
   3.9000000e+01  -1.7103200e-01   4.2982100e-02   1.0000000e+00
   4.0000000e+01  -1.7195100e+00  -1.1483600e+01  -1.0000000e+00
   4.1000000e+01   5.6316300e+00   2.2056800e+00   1.0000000e+00
   4.2000000e+01   1.4320300e+01  -1.5732500e+00   1.0000000e+00
   4.3000000e+01   1.7456700e+00   7.5499100e-01   1.0000000e+00
   4.4000000e+01   1.0528300e+01   9.7906900e+00   1.0000000e+00
   4.5000000e+01  -1.5197700e+01  -9.0726700e+00   1.0000000e+00
   4.6000000e+01   7.2031300e+00   8.8111200e-01   1.0000000e+00
   4.7000000e+01   4.1432000e+00   1.5057800e+01   1.0000000e+00
   4.8000000e+01   4.8304000e+00  -1.5064100e+01  -1.0000000e+00
   4.9000000e+01  -1.4428800e+01   2.2225500e+00   1.0000000e+00
   5.0000000e+01  -8.2302600e+00   6.6099300e+00   1.0000000e+00
   5.1000000e+01  -6.5891300e+00   5.2704000e+00   1.0000000e+00
   5.2000000e+01   1.3162400e+01  -1.1294800e+01  -1.0000000e+00
   5.3000000e+01  -9.5884000e+00  -1.6700900e+01  -1.0000000e+00
   5.4000000e+01  -4.3030400e+00   8.0927700e+00   1.0000000e+00
   5.5000000e+01   1.0499600e+01  -8.9223000e+00  -1.0000000e+00
   5.6000000e+01  -2.5389400e-01  -1.0030300e+01  -1.0000000e+00
   5.7000000e+01  -9.5829400e+00  -1.6040800e+00   1.0000000e+00
   5.8000000e+01  -5.9340900e+00   9.3785800e+00   1.0000000e+00
   5.9000000e+01   1.4428900e-01   2.0761700e+00   1.0000000e+00
   6.0000000e+01  -1.0193800e+01   5.8269200e+00   1.0000000e+00
   6.1000000e+01   8.4548400e+00  -8.5130900e+00  -1.0000000e+00
   6.2000000e+01   1.3038700e+01   3.0753300e+00   1.0000000e+00
   6.3000000e+01  -1.3450400e+01   8.4242700e+00   1.0000000e+00
   6.4000000e+01   6.2930900e+00  -1.3584900e+01  -1.0000000e+00
   6.5000000e+01  -3.2128300e+00  -1.2901900e+01  -1.0000000e+00
   6.6000000e+01  -1.6992200e+01   8.9725900e+00   1.0000000e+00
   6.7000000e+01  -1.1533600e+01  -2.3746300e+00   1.0000000e+00
   6.8000000e+01  -7.5066100e+00  -1.7409100e+01  -1.0000000e+00
   6.9000000e+01   1.6115700e+01   8.5828000e+00   1.0000000e+00
   7.0000000e+01   2.4477200e+00   4.8128800e+00   1.0000000e+00
   7.1000000e+01   1.3603600e+01  -5.6612000e+00  -1.0000000e+00
   7.2000000e+01  -2.1614200e+00  -1.7028200e+01  -1.0000000e+00
   7.3000000e+01  -1.3906400e+01  -7.4298500e+00   1.0000000e+00
   7.4000000e+01  -1.5368900e+01   7.6672400e+00   1.0000000e+00
   7.5000000e+01  -1.3054900e+01   1.0475900e+01   1.0000000e+00
   7.6000000e+01   8.2724700e-01   6.1441100e+00   1.0000000e+00
   7.7000000e+01  -1.0220700e+01  -1.4710500e+01  -1.0000000e+00
   7.8000000e+01   5.4921100e+00  -1.7137100e+01  -1.0000000e+00
   7.9000000e+01   1.0039500e+01  -3.8528600e+00  -1.0000000e+00
   8.0000000e+01   9.7474200e+00  -1.2495600e+01  -1.0000000e+00
   8.1000000e+01   1.0902400e+01   1.1844700e+01   1.0000000e+00
   8.2000000e+01   1.4413600e+01   1.1226700e+01   1.0000000e+00
   8.3000000e+01  -1.2834900e-01  -1.7540700e+01  -1.0000000e+00
   8.4000000e+01  -7.8861100e+00   8.6394100e+00   1.0000000e+00
   8.5000000e+01   4.7148900e+00   7.5786200e+00   1.0000000e+00
   8.6000000e+01   3.7477600e+00  -1.1013200e+01  -1.0000000e+00
   8.7000000e+01   1.4542800e+01  -9.6884500e+00  -1.0000000e+00
   8.8000000e+01  -7.7595400e+00  -9.7504300e+00  -1.0000000e+00
   8.9000000e+01   4.1721000e+00  -6.0976400e+00  -1.0000000e+00
   9.0000000e+01  -1.8313300e+00   1.3398600e+00   1.0000000e+00
   9.1000000e+01   4.2985100e+00  -1.3064500e+01  -1.0000000e+00
   9.2000000e+01   1.0401200e+01  -1.8195700e+00   1.0000000e+00
   9.3000000e+01   1.9241800e+00  -1.8089100e+01  -1.0000000e+00
   9.4000000e+01  -1.1714900e+01  -8.5620700e+00   1.0000000e+00
   9.5000000e+01  -4.7289000e+00  -1.4347200e+01  -1.0000000e+00
   9.6000000e+01  -9.2648700e+00  -1.1191900e+01  -1.0000000e+00
   9.7000000e+01  -6.5423800e+00   1.7019600e+01   1.0000000e+00
   9.8000000e+01  -1.3152900e+01  -1.0965200e+00   1.0000000e+00
   9.9000000e+01   1.7445600e+00  -1.0540300e+01  -1.0000000e+00
   1.0000000e+02   2.5477600e+00   1.6388800e+01   1.0000000e+00
   1.0100000e+02  -1.8349900e+01   7.7223200e-01   1.0000000e+00
   1.0200000e+02   7.7444800e+00  -6.5898000e+00  -1.0000000e+00
   1.0300000e+02  -1.1181000e+01  -2.9890200e-01   1.0000000e+00
   1.0400000e+02  -1.2913900e+00  -6.0475100e+00   1.0000000e+00
   1.0500000e+02   1.1994900e+01  -3.1391200e+00  -1.0000000e+00
   1.0600000e+02   1.4813200e+01   1.3243200e+01   1.0000000e+00
   1.0700000e+02   1.5715500e+01   6.5371000e+00   1.0000000e+00
   1.0800000e+02   1.1226300e+01   1.3880600e+01   1.0000000e+00
   1.0900000e+02  -5.6126000e+00   1.1405700e+01   1.0000000e+00
   1.1000000e+02  -8.8210100e+00   1.4111400e+01   1.0000000e+00
   1.1100000e+02   9.1485400e+00   1.5891500e+00   1.0000000e+00
   1.1200000e+02  -9.7444800e+00  -9.1435600e+00   1.0000000e+00
   1.1300000e+02  -7.3483400e+00   1.1738200e+00   1.0000000e+00
   1.1400000e+02   7.3342500e+00   1.2404500e+01   1.0000000e+00
   1.1500000e+02  -1.3260200e+01  -9.9228100e+00   1.0000000e+00
   1.1600000e+02   1.6660700e+01   1.1567300e+00   1.0000000e+00
   1.1700000e+02   1.5596300e+01  -5.0118800e+00  -1.0000000e+00
   1.1800000e+02  -6.6952400e+00  -1.3768500e+01  -1.0000000e+00
   1.1900000e+02  -1.6032800e+01   3.5756300e+00   1.0000000e+00
   1.2000000e+02   1.5142200e+00   1.0222600e+01   1.0000000e+00
   1.2100000e+02   1.0741700e+01   2.7263900e-01   1.0000000e+00
   1.2200000e+02  -2.7400800e+00   6.7342200e+00   1.0000000e+00
   1.2300000e+02  -1.2697500e+01   1.2550600e+01   1.0000000e+00
   1.2400000e+02  -1.4916100e+01  -1.1142300e+01   1.0000000e+00
   1.2500000e+02   1.3139800e+01   1.4710600e+01   1.0000000e+00
   1.2600000e+02  -2.0863600e+00   1.0868500e+01   1.0000000e+00
   1.2700000e+02  -3.0182700e+00   1.6285600e+01   1.0000000e+00
   1.2800000e+02  -1.5548800e+01  -6.1740800e+00   1.0000000e+00
   1.2900000e+02   8.8214100e+00  -4.4774300e-01   1.0000000e+00
   1.3000000e+02   6.6592300e-01  -5.3709200e+00   1.0000000e+00
   1.3100000e+02  -9.1734700e+00   1.2014300e+01   1.0000000e+00
   1.3200000e+02  -1.5071500e+01  -1.8859600e+00   1.0000000e+00
   1.3300000e+02  -9.9024600e+00  -3.6515100e+00   1.0000000e+00
   1.3400000e+02  -4.9708200e+00   1.5591600e+01   1.0000000e+00
   1.3500000e+02  -5.3957100e+00   1.9155300e+00   1.0000000e+00
   1.3600000e+02   1.0354700e+01  -1.4488000e+01  -1.0000000e+00
   1.3700000e+02  -1.2926900e+01  -1.2000800e+01  -1.0000000e+00
   1.3800000e+02   1.3425200e+00  -1.6077800e+01  -1.0000000e+00
   1.3900000e+02   1.2318100e+01  -1.0572500e+00   1.0000000e+00
   1.4000000e+02   9.5294000e-01   1.7856200e+01   1.0000000e+00
   1.4100000e+02  -7.5786700e+00   1.0686000e+01   1.0000000e+00
   1.4200000e+02  -7.2738600e+00  -1.1742000e+01  -1.0000000e+00
   1.4300000e+02  -6.8848500e+00   1.4789000e+01   1.0000000e+00
   1.4400000e+02  -1.6966100e+01  -2.7796400e+00   1.0000000e+00
   1.4500000e+02  -1.0925100e+00   1.7066800e+01   1.0000000e+00
   1.4600000e+02  -5.7270100e+00  -1.4379500e-01   1.0000000e+00
   1.4700000e+02   1.1116400e+01   2.3197000e+00   1.0000000e+00
   1.4800000e+02   7.7308000e+00  -1.2085700e+01  -1.0000000e+00
   1.4900000e+02  -1.6380100e+01   1.5167000e+00   1.0000000e+00
   1.5000000e+02   8.9004100e+00  -1.6067000e+01  -1.0000000e+00
   1.5100000e+02  -4.0140100e+00   1.0120100e+01   1.0000000e+00
   1.5200000e+02   3.3549600e+00  -1.6566000e+01  -1.0000000e+00
   1.5300000e+02   3.0523900e-01  -1.2053000e+01  -1.0000000e+00
   1.5400000e+02  -1.2272400e+01  -1.4140400e+01  -1.0000000e+00
   1.5500000e+02   1.5931400e+01  -2.9644200e+00  -1.0000000e+00
   1.5600000e+02  -9.8437600e+00   7.9056200e+00   1.0000000e+00
   1.5700000e+02   3.0117200e+00  -2.5946700e+00   1.0000000e+00
   1.5800000e+02   7.6699500e+00   1.4443500e+01   1.0000000e+00
   1.5900000e+02  -8.1652900e+00  -1.5202400e+01  -1.0000000e+00
   1.6000000e+02  -1.5041500e+01   9.8040100e+00   1.0000000e+00
   1.6100000e+02   3.1281500e+00   8.9057100e+00   1.0000000e+00
   1.6200000e+02  -1.0743000e+01   1.3342700e+01   1.0000000e+00
   1.6300000e+02  -1.8563800e+01  -1.4374200e+00   1.0000000e+00
   1.6400000e+02  -2.7766400e+00  -7.4618700e+00   1.0000000e+00
   1.6500000e+02  -1.6826900e+01  -7.7858000e+00   1.0000000e+00
   1.6600000e+02   2.0869600e+00   2.7966600e+00   1.0000000e+00
   1.6700000e+02  -1.2493700e+01   3.0204000e+00   1.0000000e+00
   1.6800000e+02   1.1769600e+01  -7.2937200e+00  -1.0000000e+00
   1.6900000e+02   1.3988400e+01  -3.6450400e+00  -1.0000000e+00
   1.7000000e+02   1.7973700e+01  -2.3089700e+00  -1.0000000e+00
   1.7100000e+02   1.5902500e+01  -1.3675700e+01  -1.0000000e+00
   1.7200000e+02   1.6959800e+01   3.2209600e+00   1.0000000e+00
   1.7300000e+02   6.9976600e+00   1.0353000e+01   1.0000000e+00
   1.7400000e+02   6.8923100e+00  -1.1643700e+00   1.0000000e+00
   1.7500000e+02   9.1066700e+00  -1.0507000e+01  -1.0000000e+00
   1.7600000e+02   1.5783900e+01  -7.0899600e+00  -1.0000000e+00
   1.7700000e+02  -1.4666300e+00   3.3683000e+00   1.0000000e+00
   1.7800000e+02  -2.3580500e+00   8.7600500e+00   1.0000000e+00
   1.7900000e+02  -1.7647200e+01   4.8911700e+00   1.0000000e+00
   1.8000000e+02   1.3811300e+01  -7.7025500e+00  -1.0000000e+00
   1.8100000e+02  -1.1810500e+01  -4.4374600e+00   1.0000000e+00
   1.8200000e+02   9.5003800e+00   3.6368700e+00   1.0000000e+00
   1.8300000e+02  -1.6712100e+01  -5.3324900e-01   1.0000000e+00
   1.8400000e+02   2.8369200e+00  -1.4530800e+01  -1.0000000e+00
   1.8500000e+02  -8.4363000e+00   1.6197800e+01   1.0000000e+00
   1.8600000e+02  -2.5257500e+00  -2.7445900e+00   1.0000000e+00
   1.8700000e+02  -6.1972000e+00  -1.5798000e+01  -1.0000000e+00
   1.8800000e+02  -5.2007100e+00  -1.2350500e+01  -1.0000000e+00
   1.8900000e+02  -4.1207600e+00  -1.4359100e+00   1.0000000e+00
   1.9000000e+02   1.2468500e+01   1.0509800e+01   1.0000000e+00
   1.9100000e+02  -8.8104400e-01  -4.0306500e+00   1.0000000e+00
   1.9200000e+02   1.8583200e+01   1.9470900e+00   1.0000000e+00
   1.9300000e+02  -1.7965000e+01   2.8522400e+00   1.0000000e+00
   1.9400000e+02  -4.3132600e-01   9.4954400e+00   1.0000000e+00
   1.9500000e+02   9.8276400e+00   5.6816200e+00   1.0000000e+00
   1.9600000e+02   4.0256600e+00   3.5040300e+00   1.0000000e+00
   1.9700000e+02  -4.4300700e+00  -3.5094600e+00   1.0000000e+00
   1.9800000e+02  -1.1968600e+01  -6.4889000e+00   1.0000000e+00
   1.9900000e+02  -1.1560000e-01   1.1533100e+01   1.0000000e+00
   2.0000000e+02   1.4695900e+01   4.4288200e-01   1.0000000e+00
   2.0100000e+02  -2.1588000e+00  -6.8464600e-01   1.0000000e+00
   2.0200000e+02   7.9040500e+00   4.9508600e+00   1.0000000e+00
   2.0300000e+02  -1.2162600e+01   5.0551900e+00   1.0000000e+00
   2.0400000e+02  -2.7618500e+00  -1.4963100e+01  -1.0000000e+00
   2.0500000e+02  -3.0844500e+00   4.6868100e+00   1.0000000e+00
   2.0600000e+02  -1.5317000e+01  -4.0165900e+00   1.0000000e+00
   2.0700000e+02   3.4526100e+00   1.0939800e+01   1.0000000e+00
   2.0800000e+02  -1.3659300e+01  -5.3158100e+00   1.0000000e+00
   2.0900000e+02   9.5948100e+00   1.5199300e+01   1.0000000e+00
   2.1000000e+02   1.0187400e+01   7.7556800e+00   1.0000000e+00
   2.1100000e+02   6.3206600e+00   6.2625000e+00   1.0000000e+00
   2.1200000e+02   2.1696100e+00   1.4352100e+01   1.0000000e+00
   2.1300000e+02   7.1124400e+00  -1.0053400e+01  -1.0000000e+00
   2.1400000e+02   8.0222000e+00   1.6526100e+01   1.0000000e+00
   2.1500000e+02  -6.7174600e+00  -6.2513500e+00   1.0000000e+00
   2.1600000e+02  -1.4635600e+01   1.1877200e+01   1.0000000e+00
   2.1700000e+02   1.4030100e+00  -1.2785000e+00   1.0000000e+00
   2.1800000e+02   6.0871800e+00   1.5758100e+01   1.0000000e+00
   2.1900000e+02  -7.8227000e-01   7.4482300e+00   1.0000000e+00
   2.2000000e+02  -8.9243800e+00   2.5198600e+00   1.0000000e+00
   2.2100000e+02  -3.4791500e+00   2.6631200e+00   1.0000000e+00
   2.2200000e+02   4.3685600e+00   5.5474600e+00   1.0000000e+00
   2.2300000e+02  -6.3573700e+00  -4.2298300e+00   1.0000000e+00
   2.2400000e+02  -7.9681600e+00  -2.9452300e+00   1.0000000e+00
   2.2500000e+02   1.2429900e+00  -8.5383400e+00  -1.0000000e+00
   2.2600000e+02  -4.6866800e+00  -6.6884400e+00   1.0000000e+00
   2.2700000e+02  -1.7188800e+01  -4.9126000e+00   1.0000000e+00
   2.2800000e+02   5.8942200e-01   1.5676200e+01   1.0000000e+00
   2.2900000e+02   2.6255000e+00  -4.7014000e+00   1.0000000e+00
   2.3000000e+02   5.7099600e+00   1.3723000e+01   1.0000000e+00
   2.3100000e+02   4.9493800e-01   4.1005300e+00   1.0000000e+00
   2.3200000e+02   2.7653800e+00   6.8438700e+00   1.0000000e+00
   2.3300000e+02  -8.7380200e+00  -1.3195200e+01  -1.0000000e+00
   2.3400000e+02  -1.1851200e+01   7.0985100e+00   1.0000000e+00
   2.3500000e+02   1.5348400e+01   4.5126100e+00   1.0000000e+00
   2.3600000e+02   5.4055200e+00   1.1686800e+01   1.0000000e+00
   2.3700000e+02  -1.0537300e+01   3.7854900e+00   1.0000000e+00
   2.3800000e+02   1.1892400e+00   8.1801800e+00   1.0000000e+00
   2.3900000e+02  -9.8905000e+00  -6.4067700e+00   1.0000000e+00
   2.4000000e+02  -1.0850700e+01  -1.2643800e+01  -1.0000000e+00
   2.4100000e+02   1.2361300e+01  -1.4912600e+01  -1.0000000e+00
   2.4200000e+02  -7.2384800e+00   1.2728700e+01   1.0000000e+00
   2.4300000e+02   3.7237700e+00   1.2974000e+01   1.0000000e+00
   2.4400000e+02   1.2688100e+01   9.9010900e-01   1.0000000e+00
   2.4500000e+02   5.1257600e+00  -9.4831800e+00  -1.0000000e+00
   2.4600000e+02   5.9649600e+00   4.2420200e+00   1.0000000e+00
   2.4700000e+02  -3.6834900e+00   1.2180900e+01   1.0000000e+00
   2.4800000e+02   5.0615400e+00   9.6484800e+00   1.0000000e+00
   2.4900000e+02  -1.0458700e+01   1.5511100e+01   1.0000000e+00
   2.5000000e+02  -3.7654800e+00   6.0442200e-01   1.0000000e+00
   2.5100000e+02  -1.2341100e+00  -1.3477800e+01  -1.0000000e+00
   2.5200000e+02  -1.4764300e+01   1.8447600e-01   1.0000000e+00
   2.5300000e+02   1.5012000e+01   2.4780100e+00   1.0000000e+00
   2.5400000e+02  -7.6323900e+00  -8.9304600e-01   1.0000000e+00
   2.5500000e+02   6.4859500e+00  -3.2796900e+00   1.0000000e+00
   2.5600000e+02  -6.8174000e-01  -1.5474900e+01  -1.0000000e+00
   2.5700000e+02   1.1795200e+01   6.4238800e+00   1.0000000e+00
   2.5800000e+02   1.3868100e+01  -1.3221200e+01  -1.0000000e+00
   2.5900000e+02   1.1441600e+01   4.3810600e+00   1.0000000e+00
   2.6000000e+02  -5.7904500e-01  -1.9924600e+00   1.0000000e+00
   2.6100000e+02   1.3740800e+01   7.1476500e+00   1.0000000e+00
   2.6200000e+02  -8.5686100e+00   4.5711800e+00   1.0000000e+00
   2.6300000e+02   1.3383100e+01   5.1209000e+00   1.0000000e+00
   2.6400000e+02   8.3471900e+00  -1.4054400e+01  -1.0000000e+00
   2.6500000e+02  -1.7718100e+00   1.2928400e+01   1.0000000e+00
   2.6600000e+02  -8.3650800e+00  -5.0077300e+00   1.0000000e+00
   2.6700000e+02   1.8238500e+01  -2.1841200e-01   1.0000000e+00
   2.6800000e+02   1.7571600e+01  -4.3458900e+00  -1.0000000e+00
   2.6900000e+02   7.5556400e+00   2.9267600e+00   1.0000000e+00
   2.7000000e+02  -3.2441800e+00  -5.1964800e+00   1.0000000e+00
   2.7100000e+02   1.1566400e+01  -5.2262300e+00  -1.0000000e+00
   2.7200000e+02  -6.2702300e+00   7.3425100e+00   1.0000000e+00
   2.7300000e+02   1.2521500e+01  -9.3117000e+00  -1.0000000e+00
   2.7400000e+02   4.9400100e+00  -1.8800600e+00   1.0000000e+00
   2.7500000e+02  -8.2833100e+00  -7.7113100e+00   1.0000000e+00
   2.7600000e+02   8.5924900e+00   9.0632600e+00   1.0000000e+00
   2.7700000e+02   4.4417600e+00   1.7248700e+01   1.0000000e+00
   2.7800000e+02  -1.4110700e+01   4.3171200e+00   1.0000000e+00
   2.7900000e+02   1.0676000e+00  -3.3200800e+00   1.0000000e+00
   2.8000000e+02  -1.1102000e+01   1.1233900e+01   1.0000000e+00
   2.8100000e+02  -1.0846000e+01   1.7493600e+00   1.0000000e+00
   2.8200000e+02   6.0820300e+00  -5.3696000e+00  -1.0000000e+00
   2.8300000e+02   5.2830200e+00   1.4652900e-01   1.0000000e+00
   2.8400000e+02   8.9317800e+00   1.1102300e+01   1.0000000e+00
   2.8500000e+02  -1.2364700e+01   1.4686800e+01   1.0000000e+00
   2.8600000e+02   1.7770100e+01  -6.5285900e+00  -1.0000000e+00
   2.8700000e+02  -1.2796900e+01   9.5959700e-01   1.0000000e+00
   2.8800000e+02   1.2140300e+01   8.4522800e+00   1.0000000e+00
   2.8900000e+02   8.2511100e+00   7.0337100e+00   1.0000000e+00
   2.9000000e+02   5.8053900e+00  -7.5084200e+00  -1.0000000e+00
   2.9100000e+02   9.2604900e+00   1.3139600e+01   1.0000000e+00
   2.9200000e+02  -3.5576800e+00  -1.8648900e+01  -1.0000000e+00
   2.9300000e+02  -1.3434100e+01  -3.1911000e+00   1.0000000e+00
   2.9400000e+02  -1.3769400e+01   6.3467500e+00   1.0000000e+00
   2.9500000e+02   2.3098600e+00  -1.2532800e+01  -1.0000000e+00
   2.9600000e+02  -5.3130300e+00   1.3460100e+01   1.0000000e+00
   2.9700000e+02   9.8223900e+00  -6.6069200e+00  -1.0000000e+00
   2.9800000e+02   8.0884400e+00  -4.5658700e+00  -1.0000000e+00
   2.9900000e+02  -6.0362100e+00  -2.2073700e+00   1.0000000e+00
