   0.0000000e+00   4.2696100e+00   1.1728800e+01   5.1005900e+01   2.0000000e+00
   1.0000000e+00  -8.8496700e-01   1.3591400e+01   5.1413100e+01   2.0000000e+00
   2.0000000e+00  -4.0057500e+00   2.5912900e+00   5.7595000e+00  -3.0000000e+00
   3.0000000e+00   1.4749000e+01  -3.3586800e+00   4.7105600e+01   0.0000000e+00
   4.0000000e+00   1.2728100e+01   7.4025100e+00   5.2198600e+01   2.0000000e+00
   5.0000000e+00  -1.0599400e+01  -4.1119700e+00   2.6632300e+01   1.0000000e+00
   6.0000000e+00  -5.6600100e-01   1.5640800e+01   5.1940700e+01  -2.0000000e+00
   7.0000000e+00   6.2132200e+00   1.2580600e+01   5.1289800e+01   2.0000000e+00
   8.0000000e+00   3.9171200e+00   9.6988000e+00   5.0795800e+01   2.0000000e+00
   9.0000000e+00   1.1930700e+01   1.4982700e+01   5.0453100e+01  -1.0000000e+00
   1.0000000e+01  -1.6106000e+01   4.4479800e+00   3.8043100e+01  -1.0000000e+00
   1.1000000e+01   6.5388800e+00   1.4725000e+01   3.9920500e+01  -2.0000000e+00
   1.2000000e+01  -4.5504400e+00  -8.1119500e+00   2.7273200e+01   1.0000000e+00
   1.3000000e+01   9.8024400e+00  -1.2426300e+01   2.6782500e+01   1.0000000e+00
   1.4000000e+01  -4.3689700e+00  -4.5200400e+00   2.6965300e+01   1.0000000e+00
   1.5000000e+01   4.6641200e+00  -1.0410700e+01   2.7079400e+01   1.0000000e+00
   1.6000000e+01  -2.8197800e+00   1.2808700e+01   5.1368400e+01   2.0000000e+00
   1.7000000e+01   8.6177100e+00  -1.4233100e+01   2.6659100e+01  -2.0000000e+00
   1.8000000e+01   1.1165200e+01  -2.8281000e+00   3.3479900e+01  -2.0000000e+00
   1.9000000e+01  -3.8201400e+00   1.8213700e+01   5.2034500e+01  -1.0000000e+00
   2.0000000e+01  -8.3359700e+00   1.2538500e+01   5.1557200e+01   2.0000000e+00
   2.1000000e+01  -6.6113200e+00  -8.0034900e+00   2.7173000e+01   1.0000000e+00
   2.2000000e+01  -3.1492900e+00   1.0775900e+01   5.1656500e+01   2.0000000e+00
   2.3000000e+01   1.3253300e+01   1.1570200e+01   5.2076100e+01  -2.0000000e+00
   2.4000000e+01  -1.2165600e+01  -1.3034500e+01   2.5714200e+01  -2.0000000e+00
   2.5000000e+01   1.3740700e+01   1.9866300e+00   5.1328000e+01   2.0000000e+00
   2.6000000e+01   1.1817900e+01   1.2721000e+00   5.0808900e+01   2.0000000e+00
   2.7000000e+01   8.1129900e+00   1.3359900e+01   5.1715600e+01  -2.0000000e+00
   2.8000000e+01   1.4378200e+01   6.1283400e+00   5.1572800e+01  -2.0000000e+00
   2.9000000e+01  -8.6421200e+00   1.0465800e+01   5.1610700e+01   2.0000000e+00
   3.0000000e+01   9.1900900e+00  -3.5146600e+00   4.7585400e+01  -3.0000000e+00
   3.1000000e+01   1.1339500e+01   1.0755900e+01   5.2347300e+01   2.0000000e+00
   3.2000000e+01  -1.4115800e+01   1.0187700e+01   6.3270700e+01  -2.0000000e+00
   3.3000000e+01  -2.2951900e-01  -4.7549400e+00   2.7664600e+01   1.0000000e+00
   3.4000000e+01  -5.8311500e+00  -1.3424900e+01   2.6891800e+01   1.0000000e+00
   3.5000000e+01   1.0967800e+00   6.5388900e-01   1.0815900e+01  -3.0000000e+00
   3.6000000e+01   3.8983600e+00  -4.9528300e+00   2.6872200e+01   1.0000000e+00
   3.7000000e+01  -1.3486300e+01   1.4313900e+01   5.1822000e+01  -1.0000000e+00
   3.8000000e+01   1.3544200e+01   1.3619300e+01   3.6243300e+01  -1.0000000e+00
   3.9000000e+01   9.6794200e+00   1.2023500e+01   5.2082700e+01   2.0000000e+00
   4.0000000e+01   3.3514000e+00  -1.5748500e+01   2.8762200e+01  -2.0000000e+00
   4.1000000e+01  -1.0749900e+01  -7.7539000e+00   2.6241300e+01   1.0000000e+00
   4.2000000e+01  -9.1922600e+00   1.2363900e+00   3.8278400e+01  -3.0000000e+00
   4.3000000e+01   7.1388600e+00  -3.3612800e+00   1.4025000e+01  -3.0000000e+00
   4.4000000e+01  -1.5985500e+01  -5.7457800e+00   1.2719900e+01  -1.0000000e+00
   4.5000000e+01   4.9346700e+00   4.2396300e+00   5.0918300e+01   2.0000000e+00
   4.6000000e+01  -9.4447100e+00  -2.4065100e+00   2.6619100e+01   1.0000000e+00
   4.7000000e+01  -1.0564800e+01   9.7191900e+00   5.1463200e+01   2.0000000e+00
   4.8000000e+01   1.3979900e+01  -1.2621200e+01   4.3425200e+01  -1.0000000e+00
   4.9000000e+01  -9.8204600e+00  -9.6348800e+00   2.6394500e+01   1.0000000e+00
   5.0000000e+01   1.6682800e+01  -2.6532800e+00   4.7767700e+01  -2.0000000e+00
   5.1000000e+01   1.1039900e+01   8.6875800e+00   5.2621800e+01   2.0000000e+00
   5.2000000e+01   4.9135500e+00   1.6071200e+01   3.7044600e+01  -1.0000000e+00
   5.3000000e+01  -1.2451400e+01  -4.1346400e-01   2.5967900e+01   1.0000000e+00
   5.4000000e+01   1.0215200e+01   2.5592900e+00   5.1945000e+01   2.0000000e+00
   5.5000000e+01  -9.6867600e+00   1.5972900e+01   5.3126400e+01  -1.0000000e+00
   5.6000000e+01  -2.4769000e+00  -8.2091800e+00   2.7078000e+01   1.0000000e+00
   5.7000000e+01  -6.0516800e+00  -1.7129300e+01   2.6257500e+01  -1.0000000e+00
   5.8000000e+01   2.0665500e+00  -1.1710900e+00   2.7489000e+01  -3.0000000e+00
   5.9000000e+01  -3.4428200e+00   8.7230100e+00   5.1914700e+01   2.0000000e+00
   6.0000000e+01  -3.4372300e+00  -6.3699400e+00   2.7014500e+01   1.0000000e+00
   6.1000000e+01   1.2978700e+01  -1.0826300e+01   2.7737700e+01  -2.0000000e+00
   6.2000000e+01   1.9982100e+00   8.9561900e+00   5.1543600e+01   2.0000000e+00
   6.3000000e+01   4.4786800e+00  -1.3975700e+01   2.7239400e+01   1.0000000e+00
   6.4000000e+01   1.7287700e+01  -6.6611300e+00   5.1899300e+01  -1.0000000e+00
   6.5000000e+01  -6.9607300e+00  -1.5165800e+01   2.6921400e+01  -2.0000000e+00
   6.6000000e+01  -5.1507700e-01   4.0394400e+00   4.4514100e+01  -3.0000000e+00
   6.7000000e+01   5.2499000e+00   6.3673000e+00   5.1631700e+01   2.0000000e+00
   6.8000000e+01  -1.3940900e+01  -9.3275800e+00   2.5677700e+01  -2.0000000e+00
   6.9000000e+01  -1.5709400e+01  -2.0790600e+00   2.8030000e+01  -2.0000000e+00
   7.0000000e+01   6.7780900e+00  -1.0509700e+01   2.7390500e+01   1.0000000e+00
   7.1000000e+01  -1.6240300e+01  -9.0780000e+00   2.3764300e+01  -1.0000000e+00
   7.2000000e+01   1.4884800e+01   1.0264000e+01   5.2511300e+01  -2.0000000e+00
   7.3000000e+01  -5.3795600e+00   7.9154900e+00   5.1732300e+01   2.0000000e+00
   7.4000000e+01   9.5704800e+00  -1.4911100e+00   5.1350400e+01  -3.0000000e+00
   7.5000000e+01  -1.0245200e+01   1.1764000e+01   5.1483600e+01   2.0000000e+00
   7.6000000e+01  -9.1124000e+00  -1.5061900e+01   1.5311700e+01  -2.0000000e+00
   7.7000000e+01  -8.7047600e+00  -7.8906000e+00   2.6885700e+01   1.0000000e+00
   7.8000000e+01   8.4038300e+00   1.5609700e+01   5.2673300e+01  -1.0000000e+00
   7.9000000e+01  -8.9050600e+00  -1.1484700e+01   2.6443300e+01   1.0000000e+00
   8.0000000e+01   6.1776100e+00  -1.5133000e+00   1.7298000e+01  -3.0000000e+00
   8.1000000e+01   9.9970600e+00   1.4273200e+01   3.9275500e+01  -2.0000000e+00
   8.2000000e+01  -1.1287200e+01   1.2868000e+00   1.1627900e+01  -3.0000000e+00
   8.3000000e+01   8.8904600e-01  -2.9696500e+00   2.7458900e+01   1.0000000e+00
   8.4000000e+01  -8.9369600e+00   8.4335600e+00   5.1595100e+01   2.0000000e+00
   8.5000000e+01   1.3167200e+01  -7.1551600e+00   4.3176100e+01   0.0000000e+00
   8.6000000e+01  -1.4221100e+01  -1.2872200e+01   1.1175300e+01  -1.0000000e+00
   8.7000000e+01   1.6110800e+01  -4.9446000e+00   4.0848600e+01  -2.0000000e+00
   8.8000000e+01   2.3304800e+00   1.1022400e+01   5.0748700e+01   2.0000000e+00
   8.9000000e+01   7.7349100e+00  -1.2342500e+01   2.6858900e+01   1.0000000e+00
   9.0000000e+01  -3.2243300e+00  -2.8165800e+00   2.6975900e+01   1.0000000e+00
   9.1000000e+01  -4.1232400e+00   1.6129500e+01   5.2196500e+01  -2.0000000e+00
   9.2000000e+01  -2.8362100e+00  -1.5425500e+01   2.6881500e+01  -2.0000000e+00
   9.3000000e+01  -1.3365900e+01   1.4290000e+00   2.5830800e+01   1.0000000e+00
   9.4000000e+01  -6.4228800e+00  -4.4279400e+00   2.7043000e+01   1.0000000e+00
   9.5000000e+01  -3.7469300e+00   6.6754500e+00   5.1361600e+01   2.0000000e+00
   9.6000000e+01   1.4053200e+01  -5.3038000e+00   4.4465900e+01  -2.0000000e+00
   9.7000000e+01  -1.1159000e+01   5.5689800e+00   4.8802100e+01  -3.0000000e+00
   9.8000000e+01  -1.0054200e+01  -1.3207800e+01   2.6285700e+01  -2.0000000e+00
   9.9000000e+01   1.5996100e+01   4.8234600e+00   5.1785600e+01  -2.0000000e+00
   1.0000000e+02   1.1863300e+01  -1.2549600e+01   2.7321300e+01  -2.0000000e+00
   1.0100000e+02   7.2247400e-01   1.2322200e+01   5.1222300e+01   2.0000000e+00
   1.0200000e+02  -1.7296300e+01   2.7514300e+00   5.5796700e+01  -1.0000000e+00
   1.0300000e+02   1.8471700e+00  -4.7976000e+00   2.7402500e+01   1.0000000e+00
   1.0400000e+02   8.1723400e+00   1.7222900e+00   5.2908700e+01   2.0000000e+00
   1.0500000e+02  -4.0793500e+00   4.6426800e+00   3.1449400e+01  -3.0000000e+00
   1.0600000e+02  -8.5022300e+00  -4.3099700e+00   2.6431200e+01   1.0000000e+00
   1.0700000e+02   3.6127300e+00   7.6284800e+00   5.1868300e+01   2.0000000e+00
   1.0800000e+02   1.8976700e+01   1.2234300e-01   5.0709300e+01  -1.0000000e+00
   1.0900000e+02   4.5833700e+00   2.1646900e+00   4.2468300e+01  -3.0000000e+00
   1.1000000e+02  -9.7764200e-01   7.3781700e-01   1.6212000e+01  -3.0000000e+00
   1.1100000e+02   1.5391300e+01   7.2908700e-01   5.1084900e+01   2.0000000e+00
   1.1200000e+02   1.1607400e+01   1.2843200e+01   5.1606200e+01  -2.0000000e+00
   1.1300000e+02   9.4112000e+00   9.9795800e+00   5.2386400e+01   2.0000000e+00
   1.1400000e+02   5.0021600e+00  -3.2058500e+00   2.5977300e+01   1.0000000e+00
   1.1500000e+02  -9.6344600e+00  -6.0265400e+00   2.6416100e+01   1.0000000e+00
   1.1600000e+02  -1.1729700e+01   3.3198000e+00   3.3489700e+01  -3.0000000e+00
   1.1700000e+02   4.1140900e+00  -1.2624300e+00   1.3630400e+01  -3.0000000e+00
   1.1800000e+02  -9.7825200e+00   3.9887900e+00   3.9001000e+01  -3.0000000e+00
   1.1900000e+02   1.6562100e+01   8.9790700e+00   5.3199200e+01  -1.0000000e+00
   1.2000000e+02  -6.7784200e+00  -1.1603400e+01   2.7010900e+01   1.0000000e+00
   1.2100000e+02  -1.2478200e+01   8.9556400e+00   5.1779400e+01   2.0000000e+00
   1.2200000e+02   1.4903900e+00  -1.2046900e+01   2.7208500e+01   1.0000000e+00
   1.2300000e+02   1.3431400e+01  -7.0378100e-02   5.0990100e+01   2.0000000e+00
   1.2400000e+02  -1.6699600e+01  -2.3891000e-01   3.3070800e+01  -2.0000000e+00
   1.2500000e+02  -1.6413200e+01   7.3651700e+00   5.8944000e+01  -1.0000000e+00
   1.2600000e+02   8.8280300e+00  -1.0603500e+01   2.7327800e+01   1.0000000e+00
   1.2700000e+02  -7.7345700e+00  -9.7696700e+00   2.7025400e+01   1.0000000e+00
   1.2800000e+02  -7.0022200e+00   9.1910400e+00   5.1808900e+01   2.0000000e+00
   1.2900000e+02  -2.6209900e+00  -1.1814800e+01   2.7224900e+01   1.0000000e+00
   1.3000000e+02  -5.7430100e+00   5.8576700e+00   5.2829700e+01   2.0000000e+00
   1.3100000e+02   1.5196900e+01   1.2300700e+01   5.1099800e+01  -1.0000000e+00
   1.3200000e+02  -5.0894600e+00   9.9767900e+00   5.2124300e+01   2.0000000e+00
   1.3300000e+02  -4.7759500e+00   1.2041500e+01   5.1723900e+01   2.0000000e+00
   1.3400000e+02   8.5454900e+00   3.7501000e+00   5.2673700e+01   2.0000000e+00
   1.3500000e+02   1.4153500e+01  -9.0024900e+00   2.9679100e+01  -2.0000000e+00
   1.3600000e+02  -1.5549800e+01   1.5140500e+00   3.2996200e+01  -2.0000000e+00
   1.3700000e+02  -1.8413200e+01   9.8047900e-01   4.1163500e+01  -1.0000000e+00
   1.3800000e+02   1.1499100e+01  -7.6001200e-01   5.0567000e+01   2.0000000e+00
   1.3900000e+02   7.8951000e+00  -8.7715900e+00   2.7516600e+01   1.0000000e+00
   1.4000000e+02  -8.0254900e+00   1.4594300e+01   5.1626200e+01  -2.0000000e+00
   1.4100000e+02   1.2091800e+01  -4.6747000e+00   9.0615600e+00  -1.0000000e+00
   1.4200000e+02   1.6991900e+01  -5.9044400e-01   5.0284300e+01  -2.0000000e+00
   1.4300000e+02   3.0014500e+00   3.4949600e+00   3.8685900e+01  -3.0000000e+00
   1.4400000e+02   3.5372300e-01  -1.3792200e+01   2.7070800e+01   1.0000000e+00
   1.4500000e+02  -9.9446800e+00   1.3856200e+01   5.1938700e+01  -2.0000000e+00
   1.4600000e+02   1.1644700e+01  -1.6166900e+01   2.6677600e+01  -1.0000000e+00
   1.4700000e+02  -4.1427300e-01  -8.3073400e+00   2.6949200e+01   1.0000000e+00
   1.4800000e+02  -1.2659200e+01  -4.0114300e+00   2.7584100e+01   1.0000000e+00
   1.4900000e+02  -5.8380300e+00   3.5593600e+00   4.3457700e+01  -3.0000000e+00
   1.5000000e+02  -1.3095900e+01   4.8740700e+00   4.3730600e+01  -3.0000000e+00
   1.5100000e+02   1.2893100e+01  -1.4396600e+01   4.2571300e+01  -1.0000000e+00
   1.5200000e+02   5.5257800e+00   8.3970400e+00   5.1540100e+01   2.0000000e+00
   1.5300000e+02  -4.4478900e+00   1.4085900e+01   5.1587000e+01   2.0000000e+00
   1.5400000e+02  -1.4796700e+01   6.0366100e+00   4.6317800e+01  -2.0000000e+00
   1.5500000e+02  -2.1289300e+00   5.3138200e+00   3.9001000e+01  -3.0000000e+00
   1.5600000e+02  -1.3764600e+01  -5.7611300e+00   2.8129100e+01  -2.0000000e+00
   1.5700000e+02  -5.0933700e+00   8.4280800e-01   3.7959400e+01  -3.0000000e+00
   1.5800000e+02   1.0141900e+01  -5.3203300e+00   1.9507500e+01  -2.0000000e+00
   1.5900000e+02  -7.7957000e+00   1.6857400e+01   5.0606500e+01  -1.0000000e+00
   1.6000000e+02  -6.4184100e+00   1.3316500e+01   5.1682300e+01   2.0000000e+00
   1.6100000e+02  -1.3274600e+01  -1.4773500e+01   2.6444900e+01  -1.0000000e+00
   1.6200000e+02  -2.1986900e+00   1.6935400e+01   4.0468100e+01  -2.0000000e+00
   1.6300000e+02  -7.6684900e+00   5.0390900e+00   5.1930400e+01  -3.0000000e+00
   1.6400000e+02   3.9756100e-01   1.0242500e+01   5.1477400e+01   2.0000000e+00
   1.6500000e+02  -1.2158100e+00   1.1528500e+01   5.1400300e+01   2.0000000e+00
   1.6600000e+02   2.6738600e+00   1.3057700e+01   5.1080500e+01   2.0000000e+00
   1.6700000e+02   7.4882900e+00  -1.5963800e+01   2.6463700e+01  -1.0000000e+00
   1.6800000e+02  -1.1551900e+01  -2.2828900e+00   2.6544200e+01   1.0000000e+00
   1.6900000e+02   2.4223200e+00  -1.3909500e+01   2.7177500e+01   1.0000000e+00
   1.7000000e+02   2.3281400e+00  -1.7776800e+01   2.8587000e+01  -1.0000000e+00
   1.7100000e+02   5.8790400e+00   1.0438100e+01   5.1340300e+01   2.0000000e+00
   1.7200000e+02   1.0506800e+01   4.6018800e+00   5.2400300e+01   2.0000000e+00
   1.7300000e+02  -1.4567200e+01  -2.9340800e-01   2.7223400e+01   1.0000000e+00
   1.7400000e+02  -4.1682600e+00  -9.8812500e-01   2.6639400e+01   1.0000000e+00
   1.7500000e+02   7.4230600e-01  -6.5556100e+00   2.7196900e+01   1.0000000e+00
   1.7600000e+02  -1.4436100e+01   3.2460900e+00   3.3137300e+01  -2.0000000e+00
   1.7700000e+02   6.9052500e+00  -6.9513100e+00   2.7182500e+01   1.0000000e+00
   1.7800000e+02  -7.3133300e+00   7.1663800e+00   5.1127500e+01   2.0000000e+00
   1.7900000e+02   3.0307700e+00   1.5264600e+01   5.2821500e+01  -2.0000000e+00
   1.8000000e+02   1.0818700e+01   6.6294400e+00   5.2645400e+01   2.0000000e+00
   1.8100000e+02  -1.4754300e+01  -3.9358600e+00   2.7432500e+01  -2.0000000e+00
   1.8200000e+02  -7.3878900e+00  -2.5639600e+00   2.6799400e+01   1.0000000e+00
   1.8300000e+02   7.7701700e+00   1.1220500e+01   5.1763100e+01   2.0000000e+00
   1.8400000e+02  -1.0391500e+01  -5.8666900e-01   2.6457500e+01   1.0000000e+00
   1.8500000e+02  -9.2491200e+00   6.4006600e+00   5.0837000e+01  -3.0000000e+00
   1.8600000e+02  -1.6896100e+00  -1.3687300e+01   2.6765500e+01   1.0000000e+00
   1.8700000e+02   7.5065000e+00   9.1816900e+00   5.1619900e+01   2.0000000e+00
   1.8800000e+02   1.6432400e+00  -8.4195900e+00   2.6479300e+01   1.0000000e+00
   1.8900000e+02  -7.9590500e+00  -1.3321500e+01   2.6960100e+01   1.0000000e+00
   1.9000000e+02  -5.8162300e+00   1.7381700e+01   5.0778800e+01  -1.0000000e+00
   1.9100000e+02   1.8675100e+01  -2.0214700e+00   6.3888000e+01  -1.0000000e+00
   1.9200000e+02  -1.2804600e+01  -7.5771400e+00   2.6875600e+01   1.0000000e+00
   1.9300000e+02  -3.7442200e+00  -1.3554300e+01   2.6473800e+01   1.0000000e+00
   1.9400000e+02   1.7073300e+00   6.8589900e+00   5.1768400e+01   2.0000000e+00
   1.9500000e+02  -1.4472300e+01   8.1633100e+00   5.1480100e+01  -2.0000000e+00
   1.9600000e+02   3.1705600e+00   6.5018100e-01   4.0480500e+01  -3.0000000e+00
   1.9700000e+02   1.0728500e+00   2.7308900e+00   2.3505800e+01  -3.0000000e+00
   1.9800000e+02   5.9882900e+00   6.5369500e-01   1.8719600e+01  -3.0000000e+00
   1.9900000e+02   5.8073800e+00  -8.6993800e+00   2.7250100e+01   1.0000000e+00
   2.0000000e+02  -6.7101400e+00   1.1244900e+01   5.1947700e+01   2.0000000e+00
   2.0100000e+02  -7.9816200e+00   2.9920100e+00   4.1265100e+01  -3.0000000e+00
   2.0200000e+02   1.0616300e+00   1.4357000e+01   5.2047400e+01   2.0000000e+00
   2.0300000e+02   3.5449700e+00  -1.2141700e+01   2.7246000e+01   1.0000000e+00
   2.0400000e+02   5.4302700e+00  -1.5807900e+01   3.9798600e+01  -2.0000000e+00
   2.0500000e+02   1.3053100e+00  -1.5641800e+01   2.7353100e+01  -2.0000000e+00
   2.0600000e+02   2.4637400e-01  -1.7445200e+01   2.5973000e+01  -1.0000000e+00
   2.0700000e+02   4.6236500e+00   1.3895200e+01   5.1587100e+01  -2.0000000e+00
   2.0800000e+02  -3.0414200e+00   7.5304300e-01   2.7909500e+01  -3.0000000e+00
   2.0900000e+02  -5.4988100e+00  -6.2777300e+00   2.7027900e+01   1.0000000e+00
   2.1000000e+02   9.8764800e+00   5.4157500e-01   5.1966400e+01   2.0000000e+00
   2.1100000e+02   1.0675500e+01  -1.4311700e+01   2.7076600e+01  -2.0000000e+00
   2.1200000e+02  -1.1884500e+01  -9.4773600e+00   2.6013300e+01   1.0000000e+00
   2.1300000e+02  -1.3488300e+00  -6.4887200e+00   2.7156100e+01   1.0000000e+00
   2.1400000e+02   1.4672100e+01   8.1870600e+00   5.2620700e+01  -2.0000000e+00
   2.1500000e+02  -1.2169400e+01   1.0996200e+01   5.1960600e+01  -2.0000000e+00
   2.1600000e+02  -6.0973400e+00   1.5345400e+01   5.1175200e+01  -2.0000000e+00
   2.1700000e+02   1.0926300e+01  -1.0714200e+01   2.7021500e+01   1.0000000e+00
   2.1800000e+02   2.5913200e+00  -1.0288200e+01   2.6992100e+01   1.0000000e+00
   2.1900000e+02  -1.1687200e+01  -5.8410500e+00   2.6962900e+01   1.0000000e+00
   2.2000000e+02  -5.6694500e+00  -9.8500100e+00   2.7552500e+01   1.0000000e+00
   2.2100000e+02  -1.8289200e+00  -1.7290900e+01   2.7258400e+01  -1.0000000e+00
   2.2200000e+02   4.8389700e+00  -6.7894700e+00   2.6892700e+01   1.0000000e+00
   2.2300000e+02  -1.7765700e+01   5.7230700e+00   3.6495300e+01  -1.0000000e+00
   2.2400000e+02   1.3321700e+00   1.6458100e+01   4.1188300e+01  -2.0000000e+00
   2.2500000e+02  -5.6663000e-01  -1.1937400e+01   2.7264700e+01   1.0000000e+00
   2.2600000e+02   1.4061300e+01   4.0631900e+00   5.1573100e+01   2.0000000e+00
   2.2700000e+02  -7.5728000e+00  -6.1466400e+00   2.6749100e+01   1.0000000e+00
   2.2800000e+02   1.2431500e+01   5.3464700e+00   5.1613300e+01   2.0000000e+00
   2.2900000e+02  -1.5190100e+01  -1.1027400e+01   1.1456400e+01  -1.0000000e+00
   2.3000000e+02  -1.1211000e+01  -1.4939700e+01   2.6234200e+01  -1.0000000e+00
   2.3100000e+02  -1.7865700e+01  -2.0505000e+00   2.8904900e+01  -1.0000000e+00
   2.3200000e+02   8.0418500e+00  -5.2098400e+00   2.6590100e+01   1.0000000e+00
   2.3300000e+02   9.1330300e+00   7.8209200e+00   5.1922700e+01   2.0000000e+00
   2.3400000e+02  -8.3354200e+00  -6.5029000e-01   2.6286800e+01   1.0000000e+00
   2.3500000e+02  -8.0905300e+00  -1.6886200e+01   2.6386700e+01  -1.0000000e+00
   2.3600000e+02  -1.5337900e+00   9.4915000e+00   5.1323100e+01   2.0000000e+00
   2.3700000e+02   1.5047200e+01  -1.3304500e+00   5.1253700e+01   2.0000000e+00
   2.3800000e+02   9.9646500e+00  -8.8768800e+00   2.7016400e+01   1.0000000e+00
   2.3900000e+02   2.7895200e+00  -6.6828200e+00   2.6680200e+01   1.0000000e+00
   2.4000000e+02   1.7674700e+01   3.5830800e+00   5.2687300e+01  -1.0000000e+00
   2.4100000e+02  -1.1587600e+01   1.5123600e+01   5.3058400e+01  -1.0000000e+00
   2.4200000e+02  -3.9132100e+00  -1.7178100e+01   2.7815000e+01  -1.0000000e+00
   2.4300000e+02   1.6353700e+01   6.8852900e+00   6.6923800e+01  -1.0000000e+00
   2.4400000e+02   7.1578500e+00   7.1348200e+00   5.0984000e+01   2.0000000e+00
   2.4500000e+02  -1.5377700e+00  -1.0057100e+01   2.7287600e+01   1.0000000e+00
   2.4600000e+02   1.2051600e+01  -8.9890300e+00   2.7690100e+01   1.0000000e+00
   2.4700000e+02   1.5732000e+01   2.7719700e+00   5.1804500e+01  -2.0000000e+00
   2.4800000e+02   8.7916000e+00   5.7912000e+00   5.2356600e+01   2.0000000e+00
   2.4900000e+02  -1.3854400e+01   1.2250800e+01   6.6992700e+01  -1.0000000e+00
   2.5000000e+02   1.2129300e+01   3.3059800e+00   5.1276300e+01   2.0000000e+00
   2.5100000e+02   5.6350700e+00  -1.2243400e+01   2.6953600e+01   1.0000000e+00
   2.5200000e+02   1.5087700e+01  -1.0851200e+01   4.3723400e+01  -1.0000000e+00
   2.5300000e+02  -2.1778900e-01   6.1054000e+00   5.1592300e+01   2.0000000e+00
   2.5400000e+02  -1.9470600e+00   2.5479500e+00   4.0440100e+01  -3.0000000e+00
   2.5500000e+02  -7.1505600e+00   1.1033500e+00   1.2598800e+01  -3.0000000e+00
   2.5600000e+02  -4.6877600e+00  -1.1711000e+01   2.7371400e+01   1.0000000e+00
   2.5700000e+02  -5.3334600e+00  -2.6884300e+00   2.6890000e+01   1.0000000e+00
   2.5800000e+02  -2.6366800e-01   1.7800100e+01   5.2015100e+01  -1.0000000e+00
   2.5900000e+02   6.5489700e+00  -1.4083000e+01   2.6434300e+01  -2.0000000e+00
   2.6000000e+02   5.9555100e+00  -5.0541500e+00   2.6513000e+01   1.0000000e+00
   2.6100000e+02   9.5860100e+00  -1.6082000e+01   2.7611100e+01  -1.0000000e+00
   2.6200000e+02  -1.3618200e+01  -2.1543200e+00   2.7058700e+01   1.0000000e+00
   2.6300000e+02  -1.1851700e+01   1.3059000e+01   5.2038800e+01  -2.0000000e+00
   2.6400000e+02   1.1106100e+01  -7.1521800e+00   1.5647000e+01   0.0000000e+00
   2.6500000e+02  -1.1597800e+00  -2.9055300e+00   2.7412800e+01   1.0000000e+00
   2.6600000e+02  -1.4888000e+01  -7.5127100e+00   2.6826900e+01  -2.0000000e+00
   2.6700000e+02   3.2524300e+00   1.7359200e+01   5.3769400e+01  -1.0000000e+00
   2.6800000e+02   1.5248800e+01  -6.9820400e+00   3.4239600e+01  -2.0000000e+00
   2.6900000e+02   7.8614200e+00  -3.0218000e-01   4.5571000e+01  -3.0000000e+00
   2.7000000e+02  -2.4811000e+00   1.4873200e+01   5.1727100e+01   2.0000000e+00
   2.7100000e+02   4.4097200e+00  -1.7610400e+01   3.1554800e+01  -1.0000000e+00
   2.7200000e+02  -1.0960600e+01  -1.1351400e+01   2.5744100e+01   1.0000000e+00
   2.7300000e+02   1.3086900e+01  -2.1007600e+00   3.9051000e+01   0.0000000e+00
   2.7400000e+02  -1.2788500e+01   6.9107800e+00   5.1983000e+01   2.0000000e+00
   2.7500000e+02  -7.4352400e-01  -1.5552800e+01   2.7436800e+01  -2.0000000e+00
   2.7600000e+02  -2.1069500e+00  -1.0822300e+00   2.7717000e+01   1.0000000e+00
   2.7700000e+02  -3.6103900e+00  -9.9293700e+00   2.7460400e+01   1.0000000e+00
   2.7800000e+02  -1.6814200e+01  -3.8540300e+00   1.2431300e+01  -1.0000000e+00
   2.7900000e+02  -6.2810600e+00  -8.2823600e-01   2.5670500e+01   1.0000000e+00
   2.8000000e+02   1.3956800e+00   4.8262200e+00   5.1337600e+01  -3.0000000e+00
   2.8100000e+02  -4.8989000e+00  -1.5263200e+01   2.6862000e+01  -2.0000000e+00
   2.8200000e+02   6.8437000e+00   4.9935300e+00   5.1655700e+01   2.0000000e+00
   2.8300000e+02  -1.5096700e-02  -1.1153900e+00   2.7709600e+01   1.0000000e+00
   2.8400000e+02   6.5348600e+00   2.9573300e+00   5.0986800e+01  -3.0000000e+00
   2.8500000e+02  -2.2836400e+00  -4.6480300e+00   2.6829700e+01   1.0000000e+00
   2.8600000e+02   1.8113800e+01  -4.3303500e+00   5.8585500e+01  -1.0000000e+00
   2.8700000e+02   1.7370000e+01   1.4523800e+00   5.0595900e+01  -2.0000000e+00
   2.8800000e+02   9.6348300e-02   8.1349000e+00   5.1489900e+01   2.0000000e+00
   2.8900000e+02  -1.0870400e+01   7.6740900e+00   5.1689100e+01   2.0000000e+00
   2.9000000e+02  -1.8307500e+00   7.4081800e+00   5.1207300e+01   2.0000000e+00
   2.9100000e+02   2.9547100e+00  -3.0355900e+00   2.6627400e+01   1.0000000e+00
   2.9200000e+02   9.0139300e+00  -7.0358200e+00   2.7288800e+01   1.0000000e+00
   2.9300000e+02  -1.3033600e+01  -1.1173700e+01   2.5554200e+01  -2.0000000e+00
   2.9400000e+02   3.3522000e+00   5.5846500e+00   5.1446500e+01   2.0000000e+00
   2.9500000e+02  -1.6119900e+01   9.5379500e+00   5.0145500e+01  -1.0000000e+00
   2.9600000e+02   1.3004600e+01   9.4562200e+00   5.2498900e+01   2.0000000e+00
   2.9700000e+02   5.0472200e-01  -1.0151800e+01   2.7214600e+01   1.0000000e+00
   2.9800000e+02   3.7121200e+00  -8.5627700e+00   2.6710900e+01   1.0000000e+00
   2.9900000e+02   1.6217500e+01  -8.8296400e+00   4.6747000e+01  -1.0000000e+00
