   0.0000000e+00   5.0927900e-01  -1.4026900e+01  -1.0000000e+00
   1.0000000e+00   1.3264500e+01  -7.4025700e+00  -1.0000000e+00
   2.0000000e+00   1.2130500e+01  -9.1459800e+00  -1.0000000e+00
   3.0000000e+00  -3.8860500e+00   5.2267000e+00   1.0000000e+00
   4.0000000e+00  -6.4839800e+00  -8.2506200e+00  -1.0000000e+00
   5.0000000e+00   1.0449100e+01  -1.8465700e+00  -1.0000000e+00
   6.0000000e+00   6.9002800e+00  -1.0678500e+01  -1.0000000e+00
   7.0000000e+00  -4.7833800e+00   1.3521600e+01   1.0000000e+00
   8.0000000e+00  -1.3558500e+01   1.1530700e+01   1.0000000e+00
   9.0000000e+00   1.4389800e+01  -5.6691000e+00  -1.0000000e+00
   1.0000000e+01   1.1259900e+01   1.6108100e+01   1.0000000e+00
   1.1000000e+01  -1.6821100e+01   7.0649700e+00   1.0000000e+00
   1.2000000e+01  -1.6064900e+01  -8.8374000e+00   1.0000000e+00
   1.3000000e+01  -1.6592600e+01   5.0220900e+00   1.0000000e+00
   1.4000000e+01   1.1520800e+00   8.8586700e+00   1.0000000e+00
   1.5000000e+01  -8.1925000e+00  -4.5129700e+00   1.0000000e+00
   1.6000000e+01   8.8781400e+00   3.3040600e+00   1.0000000e+00
   1.7000000e+01  -3.3076500e+00   1.6858400e+01   1.0000000e+00
   1.8000000e+01   1.4347900e+01   2.8416400e+00  -1.0000000e+00
   1.9000000e+01   4.2971400e+00   1.3370800e+01   1.0000000e+00
   2.0000000e+01  -6.8568900e+00   1.6403000e+01   1.0000000e+00
   2.1000000e+01   8.7969700e+00  -1.4418600e+01  -1.0000000e+00
   2.2000000e+01   4.0336200e+00   1.5435800e+01   1.0000000e+00
   2.3000000e+01  -3.3164700e-01   5.5886500e+00   1.0000000e+00
   2.4000000e+01  -3.0883500e+00  -3.0439900e+00  -1.0000000e+00
   2.5000000e+01  -1.3800000e+01  -9.1452800e+00  -1.0000000e+00
   2.6000000e+01   4.2652600e+00  -1.4266800e+00  -1.0000000e+00
   2.7000000e+01  -6.2163900e+00  -3.8335700e+00   1.0000000e+00
   2.8000000e+01   3.7101600e+00  -1.2389600e+01  -1.0000000e+00
   2.9000000e+01   4.5151100e+00   1.1295200e+01   1.0000000e+00
   3.0000000e+01  -4.5473400e+00   1.1365600e+01   1.0000000e+00
   3.1000000e+01   5.5343800e+00  -1.6087100e+01  -1.0000000e+00
   3.2000000e+01  -1.0143600e+01  -3.8197300e+00   1.0000000e+00
   3.3000000e+01   5.9583600e+00   1.4610600e+01   1.0000000e+00
   3.4000000e+01  -2.8247900e-01  -8.5959100e+00  -1.0000000e+00
   3.5000000e+01   1.7210800e+01  -2.7001800e+00  -1.0000000e+00
   3.6000000e+01  -9.4370000e+00  -6.1521100e+00  -1.0000000e+00
   3.7000000e+01  -2.8572600e+00   1.2622300e+01   1.0000000e+00
   3.8000000e+01  -1.0637800e+01   3.5272800e-01   1.0000000e+00
   3.9000000e+01   1.5226100e+01   1.2382000e+01   1.0000000e+00
   4.0000000e+01  -1.0305000e+01   1.4087800e+01   1.0000000e+00
   4.1000000e+01   8.2665900e+00   9.5286000e+00   1.0000000e+00
   4.2000000e+01  -2.7706500e+00  -1.5661800e+01  -1.0000000e+00
   4.3000000e+01  -1.9280200e+01  -3.7425200e+00   1.0000000e+00
   4.4000000e+01   7.1551800e+00   2.1333700e+00   1.0000000e+00
   4.5000000e+01   7.8503400e+00   1.3684500e+01   1.0000000e+00
   4.6000000e+01   6.3238900e+00  -1.6129600e+00  -1.0000000e+00
   4.7000000e+01   9.5090600e+00   6.4759800e-01  -1.0000000e+00
   4.8000000e+01   1.6296900e+01  -9.3369900e+00  -1.0000000e+00
   4.9000000e+01  -2.1710700e+00  -4.8771900e+00  -1.0000000e+00
   5.0000000e+01   9.3246700e+00  -3.6130800e+00  -1.0000000e+00
   5.1000000e+01   3.8717800e+00  -8.7698100e+00  -1.0000000e+00
   5.2000000e+01   2.8076300e+00   1.0083100e+01   1.0000000e+00
   5.3000000e+01  -8.1209100e+00   1.1052800e+01   1.0000000e+00
   5.4000000e+01  -6.6865000e+00  -1.1832100e+01  -1.0000000e+00
   5.5000000e+01  -1.4686200e+01   4.0766700e+00   1.0000000e+00
   5.6000000e+01   3.7673700e+00   1.7562900e+01   1.0000000e+00
   5.7000000e+01  -9.0149400e+00  -1.5334300e+01  -1.0000000e+00
   5.8000000e+01   8.7422100e-01  -6.7978300e+00  -1.0000000e+00
   5.9000000e+01   1.2670500e+01   1.6483000e+00  -1.0000000e+00
   6.0000000e+01   1.8963700e+01  -1.3979200e+00  -1.0000000e+00
   6.1000000e+01   8.0876100e+00   1.1634600e+01   1.0000000e+00
   6.2000000e+01  -1.3331500e+01  -4.7384500e+00   1.0000000e+00
   6.3000000e+01   3.2171700e+00   5.9363100e+00   1.0000000e+00
   6.4000000e+01  -1.0490800e+01  -1.7710500e+00   1.0000000e+00
   6.5000000e+01  -1.8138200e+00  -1.7605700e+01  -1.0000000e+00
   6.6000000e+01  -1.2052300e+01  -1.3242800e+01  -1.0000000e+00
   6.7000000e+01  -1.1305800e+01   6.5270400e+00   1.0000000e+00
   6.8000000e+01  -1.5245700e+01   1.0351900e+01   1.0000000e+00
   6.9000000e+01  -1.3011700e+01   5.2848100e+00   1.0000000e+00
   7.0000000e+01  -7.5672800e-01   9.6967300e+00   1.0000000e+00
   7.1000000e+01   5.0056700e+00  -7.0248600e+00  -1.0000000e+00
   7.2000000e+01  -4.3507500e-01  -1.2174300e+01  -1.0000000e+00
   7.3000000e+01  -1.6106700e+01   8.4882200e-01   1.0000000e+00
   7.4000000e+01   1.1830800e+01   9.8796200e+00   1.0000000e+00
   7.5000000e+01  -1.7877500e+01  -2.8174300e-01   1.0000000e+00
   7.6000000e+01   1.3640500e+01  -2.2825100e-01  -1.0000000e+00
   7.7000000e+01   2.3932100e+00   1.4177000e+01   1.0000000e+00
   7.8000000e+01   1.3967200e+01   6.9873200e+00   1.0000000e+00
   7.9000000e+01   1.3471400e+00   6.7856000e+00   1.0000000e+00
   8.0000000e+01  -5.5532700e+00  -1.0102100e+01  -1.0000000e+00
   8.1000000e+01   6.7844500e+00   6.2795400e+00   1.0000000e+00
   8.2000000e+01  -8.5521900e+00   1.5225300e+01   1.0000000e+00
   8.3000000e+01  -5.2107900e+00   1.7732900e+01   1.0000000e+00
   8.4000000e+01  -9.7050100e+00  -9.7903700e+00  -1.0000000e+00
   8.5000000e+01  -4.5727400e+00  -1.1950600e+01  -1.0000000e+00
   8.6000000e+01  -1.0608500e+01  -7.8426100e+00  -1.0000000e+00
   8.7000000e+01  -1.1242900e+00  -2.4450700e+00  -1.0000000e+00
   8.8000000e+01   1.0550200e+01   4.5003000e+00   1.0000000e+00
   8.9000000e+01  -1.8016900e+00   2.2742100e+00   1.0000000e+00
   9.0000000e+01   1.0144300e+01   8.6906400e+00   1.0000000e+00
   9.1000000e+01  -1.2194600e+01   1.4953800e+01   1.0000000e+00
   9.2000000e+01   1.5833000e+01   6.1169700e+00   1.0000000e+00
   9.3000000e+01   1.6001400e+01   4.0675700e+00  -1.0000000e+00
   9.4000000e+01   1.3484800e+01  -3.7643400e+00  -1.0000000e+00
   9.5000000e+01   6.5959500e-01  -1.0419100e+01  -1.0000000e+00
   9.6000000e+01  -6.0003600e+00  -1.7305700e+01  -1.0000000e+00
   9.7000000e+01   1.8247400e+01  -4.5578100e+00  -1.0000000e+00
   9.8000000e+01  -1.4645400e+01  -7.2316300e+00   1.0000000e+00
   9.9000000e+01  -7.6083700e+00  -9.9836100e+00  -1.0000000e+00
   1.0000000e+02  -1.1428800e+01  -5.5048300e+00   1.0000000e+00
   1.0100000e+02   4.6863200e+00  -1.4203300e+01  -1.0000000e+00
   1.0200000e+02  -5.2443700e-01   7.6394700e+00   1.0000000e+00
   1.0300000e+02   9.5195600e+00   1.4903300e+01   1.0000000e+00
   1.0400000e+02   7.8630000e+00  -1.2562300e+01  -1.0000000e+00
   1.0500000e+02   3.0242100e+00   8.0145500e+00   1.0000000e+00
   1.0600000e+02   8.4942200e+00   7.4684800e+00   1.0000000e+00
   1.0700000e+02   1.5554700e+01  -3.9312100e+00  -1.0000000e+00
   1.0800000e+02   9.7811500e+00   1.2802200e+01   1.0000000e+00
   1.0900000e+02   9.7277200e+00  -1.6253500e+01  -1.0000000e+00
   1.1000000e+02   2.4585800e-01  -7.5944600e-01   1.0000000e+00
   1.1100000e+02   8.4290600e-02   1.4424400e+00   1.0000000e+00
   1.1200000e+02  -6.0278100e+00   8.1100700e+00   1.0000000e+00
   1.1300000e+02   9.3204300e-01   1.0913000e+01   1.0000000e+00
   1.1400000e+02   8.3892100e+00  -1.7654800e+00  -1.0000000e+00
   1.1500000e+02   9.1313000e+00  -7.1944900e+00  -1.0000000e+00
   1.1600000e+02   1.1210500e+01  -7.2912700e+00  -1.0000000e+00
   1.1700000e+02   9.9485100e+00   1.0753500e+01   1.0000000e+00
   1.1800000e+02   7.5097000e+00   1.1515800e-01  -1.0000000e+00
   1.1900000e+02  -7.8758500e+00  -1.3527700e+01  -1.0000000e+00
   1.2000000e+02   2.6175900e+00  -1.4155100e+01  -1.0000000e+00
   1.2100000e+02  -5.3768600e+00   1.9500800e+00   1.0000000e+00
   1.2200000e+02   5.2834000e+00   2.9976900e+00   1.0000000e+00
   1.2300000e+02   1.4677600e+01  -2.0418300e+00  -1.0000000e+00
   1.2400000e+02   4.8474600e+00  -1.0610900e+01  -1.0000000e+00
   1.2500000e+02  -3.2683200e+00  -9.8311400e-01   1.0000000e+00
   1.2600000e+02   1.7571700e+00   2.6576700e+00   1.0000000e+00
   1.2700000e+02   3.7353400e+00   1.6485500e+00   1.0000000e+00
   1.2800000e+02   5.7873000e+00  -1.2466400e+01  -1.0000000e+00
   1.2900000e+02   7.0599800e-01   1.2995300e+01   1.0000000e+00
   1.3000000e+02   1.8598200e+01   3.4823200e+00  -1.0000000e+00
   1.3100000e+02  -2.1898100e+00   6.4459900e+00   1.0000000e+00
   1.3200000e+02   8.1978300e+00  -5.3399900e+00  -1.0000000e+00
   1.3300000e+02  -1.1677100e+01   1.0678300e+01   1.0000000e+00
   1.3400000e+02   1.2512200e+01  -1.9383700e+00  -1.0000000e+00
   1.3500000e+02  -9.3790800e+00   5.7004300e+00   1.0000000e+00
   1.3600000e+02   1.4026400e+00  -1.5868300e+01  -1.0000000e+00
   1.3700000e+02   6.7440700e+00  -1.4318600e+01  -1.0000000e+00
   1.3800000e+02   7.6372100e+00  -1.6189600e+01  -1.0000000e+00
   1.3900000e+02  -1.5310500e+01  -5.2658400e+00   1.0000000e+00
   1.4000000e+02   2.3546500e+00  -1.7772600e+01  -1.0000000e+00
   1.4100000e+02   7.0070000e+00   4.1973900e+00   1.0000000e+00
   1.4200000e+02   4.5840800e-01   1.5091100e+01   1.0000000e+00
   1.4300000e+02   1.6318000e+01  -7.9092900e-01  -1.0000000e+00
   1.4400000e+02  -5.8053400e+00   6.0634500e+00   1.0000000e+00
   1.4500000e+02  -2.4925900e+00  -1.2089900e+01  -1.0000000e+00
   1.4600000e+02  -1.3186700e+01   7.3773100e+00   1.0000000e+00
   1.4700000e+02  -4.4091800e+00  -8.3583700e+00  -1.0000000e+00
   1.4800000e+02  -5.5820800e+00   3.9855100e+00   1.0000000e+00
   1.4900000e+02  -4.1380800e+00   7.2698200e+00   1.0000000e+00
   1.5000000e+02  -7.0572900e+00   7.3261900e-01   1.0000000e+00
   1.5100000e+02  -1.5953900e+01  -1.2222300e+00   1.0000000e+00
   1.5200000e+02  -9.9936300e+00  -1.3376500e+01  -1.0000000e+00
   1.5300000e+02   1.5350900e+01  -7.5035500e+00  -1.0000000e+00
   1.5400000e+02   1.1435700e+01   1.4040200e+01   1.0000000e+00
   1.5500000e+02   6.4054000e+00   1.0386200e+01   1.0000000e+00
   1.5600000e+02   1.0855600e+01  -1.4521200e+01  -1.0000000e+00
   1.5700000e+02  -3.2505900e+00  -6.6260600e+00  -1.0000000e+00
   1.5800000e+02   6.2093400e+00   1.2455600e+01   1.0000000e+00
   1.5900000e+02  -4.3334400e+00   9.3275100e+00   1.0000000e+00
   1.6000000e+02  -8.3063600e-02  -4.9719100e+00  -1.0000000e+00
   1.6100000e+02   6.5891500e+00   8.3175800e+00   1.0000000e+00
   1.6200000e+02  -1.0002400e+01   1.1909000e+01   1.0000000e+00
   1.6300000e+02  -1.2579300e+01  -7.2432900e+00  -1.0000000e+00
   1.6400000e+02   1.5195300e+01  -1.1083800e+01  -1.0000000e+00
   1.6500000e+02   5.1236500e+00   5.0753500e+00   1.0000000e+00
   1.6600000e+02   1.5504400e+01   1.0242800e+01   1.0000000e+00
   1.6700000e+02   8.9936200e-01  -3.0968900e+00  -1.0000000e+00
   1.6800000e+02  -1.3798100e+01   1.3616900e+01   1.0000000e+00
   1.6900000e+02   4.9008300e+00   7.1560800e+00   1.0000000e+00
   1.7000000e+02   1.1023700e+01  -1.0935500e+01  -1.0000000e+00
   1.7100000e+02  -8.7403600e+00  -4.5037700e-01   1.0000000e+00
   1.7200000e+02  -6.9471500e+00  -1.5456200e+01  -1.0000000e+00
   1.7300000e+02   3.4583700e+00  -1.6039100e+01  -1.0000000e+00
   1.7400000e+02   2.1332700e+00   1.6280100e+01   1.0000000e+00
   1.7500000e+02  -9.6116700e+00   7.7375200e+00   1.0000000e+00
   1.7600000e+02  -7.6995500e+00   6.8880200e+00   1.0000000e+00
   1.7700000e+02  -3.6905300e+00  -1.3808400e+01  -1.0000000e+00
   1.7800000e+02  -8.9654800e+00   1.6042200e+00   1.0000000e+00
   1.7900000e+02   1.0733000e+01   2.3990300e+00  -1.0000000e+00
   1.8000000e+02   6.1398800e+00  -5.2351800e+00  -1.0000000e+00
   1.8100000e+02  -3.6780100e+00   3.1455100e+00   1.0000000e+00
   1.8200000e+02   1.6296000e+00  -1.2283600e+01  -1.0000000e+00
   1.8300000e+02  -1.4882400e+01   6.1992100e+00   1.0000000e+00
   1.8400000e+02  -1.8210100e+01   1.7813500e+00   1.0000000e+00
   1.8500000e+02  -6.8513300e+00  -1.3139200e+00   1.0000000e+00
   1.8600000e+02  -1.5032700e+01  -1.0816700e+01  -1.0000000e+00
   1.8700000e+02  -5.3215900e+00  -6.4912300e+00  -1.0000000e+00
   1.8800000e+02  -2.0103500e+00   4.3597400e+00   1.0000000e+00
   1.8900000e+02  -5.7658700e+00  -1.3671300e+01  -1.0000000e+00
   1.9000000e+02  -1.1980300e+00  -6.7138900e+00  -1.0000000e+00
   1.9100000e+02  -1.5037600e+01   8.2639200e+00   1.0000000e+00
   1.9200000e+02   1.4198800e+01  -9.2364300e+00  -1.0000000e+00
   1.9300000e+02  -1.4016100e+01  -2.1482300e+00   1.0000000e+00
   1.9400000e+02  -1.4250700e+01  -6.2392500e-02   1.0000000e+00
   1.9500000e+02  -7.0656700e-01  -1.5833200e+01  -1.0000000e+00
   1.9600000e+02  -7.3757400e+00  -6.3969500e+00  -1.0000000e+00
   1.9700000e+02   1.1967800e+01  -1.2771100e+01  -1.0000000e+00
   1.9800000e+02   1.0279700e+01  -5.4354300e+00  -1.0000000e+00
   1.9900000e+02  -4.8807600e+00  -1.5542700e+01  -1.0000000e+00
   2.0000000e+02  -2.6529200e+00   1.0568900e+01   1.0000000e+00
   2.0100000e+02  -1.2810300e-01   3.4995300e+00   1.0000000e+00
   2.0200000e+02   7.6437000e+00   1.5797500e+01   1.0000000e+00
   2.0300000e+02  -1.5776000e+00  -1.3971900e+01  -1.0000000e+00
   2.0400000e+02   3.1583300e-01  -1.7621600e+01  -1.0000000e+00
   2.0500000e+02   8.0122500e+00  -8.9251600e+00  -1.0000000e+00
   2.0600000e+02  -1.2136500e+01  -3.0589000e+00   1.0000000e+00
   2.0700000e+02  -8.5433000e+00  -2.4918800e+00   1.0000000e+00
   2.0800000e+02  -1.2347900e+01  -8.6875200e-01   1.0000000e+00
   2.0900000e+02  -8.3744700e+00   1.3172200e+01   1.0000000e+00
   2.1000000e+02  -1.7695000e+01  -2.4127300e+00   1.0000000e+00
   2.1100000e+02   4.4769200e+00  -1.7870300e+01  -1.0000000e+00
   2.1200000e+02   9.9209700e+00  -1.2681400e+01  -1.0000000e+00
   2.1300000e+02  -4.9539400e+00   1.5579500e+01   1.0000000e+00
   2.1400000e+02   1.0059500e+01  -9.0409900e+00  -1.0000000e+00
   2.1500000e+02   5.7394200e+00   1.6677800e+01   1.0000000e+00
   2.1600000e+02   1.5307300e+01   1.0044500e+00  -1.0000000e+00
   2.1700000e+02  -1.2767600e+01   3.2322800e+00   1.0000000e+00
   2.1800000e+02   2.5145700e-01   1.7144900e+01   1.0000000e+00
   2.1900000e+02  -8.5496000e+00  -8.0900000e+00  -1.0000000e+00
   2.2000000e+02  -2.3344200e+00  -8.4749100e+00  -1.0000000e+00
   2.2100000e+02   4.7089900e+00   9.2201500e+00   1.0000000e+00
   2.2200000e+02   8.9753000e+00  -1.0819100e+01  -1.0000000e+00
   2.2300000e+02  -1.3388100e+01   9.4828800e+00   1.0000000e+00
   2.2400000e+02  -6.6732100e+00   1.4341200e+01   1.0000000e+00
   2.2500000e+02  -1.5801900e+01  -3.2658100e+00   1.0000000e+00
   2.2600000e+02  -1.1842900e+00   1.3855500e+01   1.0000000e+00
   2.2700000e+02  -1.6917100e+01   9.1269700e+00   1.0000000e+00
   2.2800000e+02  -1.6406400e+01   2.8988200e+00   1.0000000e+00
   2.2900000e+02  -4.2850700e+00  -4.7072100e+00  -1.0000000e+00
   2.3000000e+02   4.0474200e+00  -5.1781000e+00  -1.0000000e+00
   2.3100000e+02   6.5412900e+00  -1.7949800e+01  -1.0000000e+00
   2.3200000e+02  -9.1644800e+00   3.6537500e+00   1.0000000e+00
   2.3300000e+02   1.1385100e+01  -3.6705300e+00  -1.0000000e+00
   2.3400000e+02   1.6506100e+01  -5.7931500e+00  -1.0000000e+00
   2.3500000e+02   7.5821100e+00   1.7915700e+01   1.0000000e+00
   2.3600000e+02   1.3812800e+01   9.0539100e+00   1.0000000e+00
   2.3700000e+02  -7.9091500e+00   8.9570300e+00   1.0000000e+00
   2.3800000e+02  -1.4423000e+01   2.0241600e+00   1.0000000e+00
   2.3900000e+02   1.8132600e+01   4.9102300e-01  -1.0000000e+00
   2.4000000e+02   1.2332400e+01  -5.5111700e+00  -1.0000000e+00
   2.4100000e+02  -1.3867800e+00  -1.0329900e+01  -1.0000000e+00
   2.4200000e+02  -1.0863700e+01  -1.1503300e+01  -1.0000000e+00
   2.4300000e+02  -6.3998800e+00   1.2232700e+01   1.0000000e+00
   2.4400000e+02   1.5692700e+01   8.1659100e+00   1.0000000e+00
   2.4500000e+02  -3.4449900e+00  -1.0219300e+01  -1.0000000e+00
   2.4600000e+02   2.9314200e+00  -6.9192500e+00  -1.0000000e+00
   2.4700000e+02  -5.1553600e+00  -1.1115600e-01   1.0000000e+00
   2.4800000e+02  -1.1888300e+01   1.2770700e+01   1.0000000e+00
   2.4900000e+02   5.9320700e+00  -8.8581700e+00  -1.0000000e+00
   2.5000000e+02   5.1863600e+00  -3.4161900e+00  -1.0000000e+00
   2.5100000e+02   5.4071500e+00   3.5452800e-01  -1.0000000e+00
   2.5200000e+02   2.1885300e+00  -1.4492900e+00  -1.0000000e+00
   2.5300000e+02  -1.5851800e+00   2.0172500e-01   1.0000000e+00
   2.5400000e+02  -1.1093900e+01  -1.5177100e+01  -1.0000000e+00
   2.5500000e+02  -1.7388100e+01  -4.6056800e+00   1.0000000e+00
   2.5600000e+02   1.6966100e+01   2.2338300e+00  -1.0000000e+00
   2.5700000e+02   2.6429500e+00   1.2132800e+01   1.0000000e+00
   2.5800000e+02  -3.9260700e+00  -1.7388400e+01  -1.0000000e+00
   2.5900000e+02  -1.6737900e+01  -6.7676600e+00   1.0000000e+00
   2.6000000e+02   1.2448100e+01   3.6988900e+00  -1.0000000e+00
   2.6100000e+02   1.7838800e+01   5.4473800e+00  -1.0000000e+00
   2.6200000e+02  -8.8035600e+00  -1.1658500e+01  -1.0000000e+00
   2.6300000e+02  -7.4658100e+00   4.8359500e+00   1.0000000e+00
   2.6400000e+02   1.3324900e+01   1.3185900e+01   1.0000000e+00
   2.6500000e+02  -7.2696100e+00   2.7890300e+00   1.0000000e+00
   2.6600000e+02  -1.2528200e+01   1.1699400e+00   1.0000000e+00
   2.6700000e+02  -1.1764800e+01  -9.5514600e+00  -1.0000000e+00
   2.6800000e+02   1.4125800e+01   4.9182200e+00  -1.0000000e+00
   2.6900000e+02   1.2249600e+01   5.7567500e+00   1.0000000e+00
   2.7000000e+02   1.1674100e+01   1.1955000e+01   1.0000000e+00
   2.7100000e+02   1.5414400e+00   4.7261900e+00   1.0000000e+00
   2.7200000e+02   1.9823700e+00  -5.0065900e+00  -1.0000000e+00
   2.7300000e+02  -9.6504400e-01   1.1778300e+01   1.0000000e+00
   2.7400000e+02   8.6976400e+00   5.4173100e+00   1.0000000e+00
   2.7500000e+02  -1.1495100e+01   8.6028200e+00   1.0000000e+00
   2.7600000e+02  -9.8072300e+00   9.8433600e+00   1.0000000e+00
   2.7700000e+02  -1.4500100e+00   1.5981300e+01   1.0000000e+00
   2.7800000e+02   3.4341300e+00   3.8684400e+00   1.0000000e+00
   2.7900000e+02   1.1444600e+01  -2.3571500e-02  -1.0000000e+00
   2.8000000e+02   7.2391600e+00  -3.4751300e+00  -1.0000000e+00
   2.8100000e+02  -3.0745900e+00   1.4678600e+01   1.0000000e+00
   2.8200000e+02   2.7241700e+00  -1.0545300e+01  -1.0000000e+00
   2.8300000e+02   1.4072700e+01  -1.2919800e+01  -1.0000000e+00
   2.8400000e+02  -1.1097400e+01   4.4893700e+00   1.0000000e+00
   2.8500000e+02   1.0383700e+01   6.6157700e+00   1.0000000e+00
   2.8600000e+02  -4.9738400e+00  -2.2000400e+00   1.0000000e+00
   2.8700000e+02  -1.2928400e+01  -1.1248200e+01  -1.0000000e+00
   2.8800000e+02  -1.4161800e+01  -1.2902200e+01  -1.0000000e+00
   2.8900000e+02  -3.4857000e+00   1.0901400e+00   1.0000000e+00
   2.9000000e+02   1.3141300e+01  -1.1031900e+01  -1.0000000e+00
   2.9100000e+02  -6.2237100e+00   1.0165600e+01   1.0000000e+00
   2.9200000e+02   3.1223000e+00  -3.2930800e+00  -1.0000000e+00
   2.9300000e+02   1.7943100e+00  -8.6722800e+00  -1.0000000e+00
   2.9400000e+02  -2.4324500e+00   8.5050300e+00   1.0000000e+00
   2.9500000e+02   1.9641800e+00   5.9530400e-01   1.0000000e+00
   2.9600000e+02   1.3559800e+01   1.1106400e+01   1.0000000e+00
   2.9700000e+02   1.2090300e+01   7.8304500e+00   1.0000000e+00
   2.9800000e+02  -1.0844000e+01   2.4337700e+00   1.0000000e+00
   2.9900000e+02   7.0674700e+00  -7.0937300e+00  -1.0000000e+00
