   0.0000000e+00   9.6646400e+00   6.7308800e+00  -1.0000000e+00
   1.0000000e+00   1.4300300e+01  -9.5929700e+00  -1.0000000e+00
   2.0000000e+00  -4.2781200e+00  -9.9820500e+00  -1.0000000e+00
   3.0000000e+00  -6.3775400e+00  -1.6921600e+01  -1.0000000e+00
   4.0000000e+00   2.4440100e-01  -5.7346500e+00  -1.0000000e+00
   5.0000000e+00  -1.5701500e+01  -7.4740500e-01  -1.0000000e+00
   6.0000000e+00  -4.7123400e+00   1.6774300e+01   1.0000000e+00
   7.0000000e+00  -8.6283100e+00   8.3054200e-01  -1.0000000e+00
   8.0000000e+00  -1.3833300e+00   1.0234200e+01   1.0000000e+00
   9.0000000e+00   7.5726700e+00   7.1696200e+00   1.0000000e+00
   1.0000000e+01   3.4772200e+00   7.8479700e+00   1.0000000e+00
   1.1000000e+01  -1.3664000e+01  -1.2010100e+00  -1.0000000e+00
   1.2000000e+01   3.2088700e+00  -1.0349900e+01  -1.0000000e+00
   1.3000000e+01  -8.2612900e+00   1.2342400e+01   1.0000000e+00
   1.4000000e+01   2.2473000e+00   1.5268400e+01   1.0000000e+00
   1.5000000e+01   7.6185300e+00   1.5356500e+00  -1.0000000e+00
   1.6000000e+01   6.8134700e+00  -1.7019300e+01  -1.0000000e+00
   1.7000000e+01   4.7251500e+00  -1.4310600e+00  -1.0000000e+00
   1.8000000e+01  -5.5172800e+00   3.6131400e+00   1.0000000e+00
   1.9000000e+01   1.4094300e+00   8.1598600e+00   1.0000000e+00
   2.0000000e+01   2.1935200e+00  -1.3803600e+01  -1.0000000e+00
   2.1000000e+01   4.1572500e+00   6.0831800e-01  -1.0000000e+00
   2.2000000e+01  -8.3525900e+00  -1.6316700e+01  -1.0000000e+00
   2.3000000e+01   5.7091900e+00  -1.2941500e+01  -1.0000000e+00
   2.4000000e+01  -1.5251300e+01   1.2853800e+00   1.0000000e+00
   2.5000000e+01   5.6985800e+00   1.6679000e+01   1.0000000e+00
   2.6000000e+01   1.0282200e+01   1.0306800e+01   1.0000000e+00
   2.7000000e+01  -4.2256900e+00  -1.7594900e+01  -1.0000000e+00
   2.8000000e+01   7.4273400e+00   1.2642700e+01   1.0000000e+00
   2.9000000e+01  -1.5274500e+01  -1.0338700e+01  -1.0000000e+00
   3.0000000e+01  -1.2370200e+01  -1.5059700e+01  -1.0000000e+00
   3.1000000e+01   6.8689400e+00   9.1151800e+00   1.0000000e+00
   3.2000000e+01  -1.4728000e+01  -1.2368500e+01  -1.0000000e+00
   3.3000000e+01  -5.1125300e+00   1.6034900e+00  -1.0000000e+00
   3.4000000e+01   4.1787800e+00  -1.4375100e+01  -1.0000000e+00
   3.5000000e+01   1.5018100e+01   7.3599900e+00  -1.0000000e+00
   3.6000000e+01  -3.7915400e+00  -1.1979300e+01  -1.0000000e+00
   3.7000000e+01   8.1830500e+00   1.0713700e+01   1.0000000e+00
   3.8000000e+01   1.0793000e+01  -1.0459900e+01  -1.0000000e+00
   3.9000000e+01   1.3311400e+01  -5.4799100e+00  -1.0000000e+00
   4.0000000e+01  -2.1683400e+00   6.8484400e+00   1.0000000e+00
   4.1000000e+01   5.2028200e+00  -1.0901900e+01  -1.0000000e+00
   4.2000000e+01  -4.1101100e+00   1.3346600e+01   1.0000000e+00
   4.3000000e+01   1.6376500e+01   8.9569500e+00  -1.0000000e+00
   4.4000000e+01  -1.2969200e+01   9.2900100e+00   1.0000000e+00
   4.5000000e+01  -3.1501100e+00   1.8106800e+01   1.0000000e+00
   4.6000000e+01  -7.1084600e+00   2.2582200e+00  -1.0000000e+00
   4.7000000e+01   6.8783000e-01  -1.5218400e+01  -1.0000000e+00
   4.8000000e+01  -1.3160300e+01  -3.4087700e+00  -1.0000000e+00
   4.9000000e+01  -1.7564200e+01  -9.4804200e+00  -1.0000000e+00
   5.0000000e+01   1.1800900e+01  -6.9609600e+00  -1.0000000e+00
   5.1000000e+01   6.2287000e+00   5.5517400e+00  -1.0000000e+00
   5.2000000e+01   1.8372500e+01   8.3930900e+00  -1.0000000e+00
   5.3000000e+01  -1.2372900e+01   1.1371400e+01   1.0000000e+00
   5.4000000e+01   8.3497000e+00   5.1298400e+00  -1.0000000e+00
   5.5000000e+01   1.3635400e+01   3.9507500e-02  -1.0000000e+00
   5.6000000e+01  -1.2285800e+01  -7.4539100e+00  -1.0000000e+00
   5.7000000e+01   7.8378600e+00   1.6413100e+01   1.0000000e+00
   5.8000000e+01  -2.6950600e+00  -1.0905200e+00  -1.0000000e+00
   5.9000000e+01   9.2913300e+00  -4.4355700e+00  -1.0000000e+00
   6.0000000e+01  -1.7675300e+00  -5.1326500e+00  -1.0000000e+00
   6.1000000e+01   1.1618900e+01   5.1427400e-01  -1.0000000e+00
   6.2000000e+01   1.1670100e+01   6.2356600e+00  -1.0000000e+00
   6.3000000e+01   2.6963400e+00  -1.5821700e+01  -1.0000000e+00
   6.4000000e+01  -1.6221800e+01  -6.1786800e+00  -1.0000000e+00
   6.5000000e+01   1.5193100e+01  -1.3715400e+01  -1.0000000e+00
   6.6000000e+01  -3.3251000e+00  -1.3983200e+01  -1.0000000e+00
   6.7000000e+01   2.1440100e+00   6.2392700e+00   1.0000000e+00
   6.8000000e+01   7.5304100e-01  -7.7283000e+00  -1.0000000e+00
   6.9000000e+01  -6.6444100e+00   5.3176800e+00   1.0000000e+00
   7.0000000e+01  -1.9696400e+00   1.3629300e+01   1.0000000e+00
   7.1000000e+01  -1.7584300e+01   6.4998000e+00   1.0000000e+00
   7.2000000e+01  -8.8796300e+00   1.0350500e+01   1.0000000e+00
   7.3000000e+01  -7.6747400e-01   4.3485600e+00  -1.0000000e+00
   7.4000000e+01   1.5759300e+01   1.1020500e+01   1.0000000e+00
   7.5000000e+01  -1.4702600e+01   3.2926700e+00   1.0000000e+00
   7.6000000e+01  -8.0662700e+00   6.8325500e+00   1.0000000e+00
   7.7000000e+01   4.5211100e+00   1.4982700e+01   1.0000000e+00
   7.8000000e+01  -1.3504100e+01   7.2854200e+00   1.0000000e+00
   7.9000000e+01  -2.8718400e+00  -1.6047900e+01  -1.0000000e+00
   8.0000000e+01   1.2364600e+01   4.1287300e+00  -1.0000000e+00
   8.1000000e+01  -1.0242400e+01  -8.1430600e+00  -1.0000000e+00
   8.2000000e+01   9.4772900e+00   1.2306000e+01   1.0000000e+00
   8.3000000e+01  -9.6790200e+00   1.3841800e+01   1.0000000e+00
   8.4000000e+01  -1.3160300e+00  -1.4669400e+01  -1.0000000e+00
   8.5000000e+01  -1.2769900e+01  -5.4374800e+00  -1.0000000e+00
   8.6000000e+01  -1.4709800e+01  -4.7756000e+00  -1.0000000e+00
   8.7000000e+01   1.0361400e+01   4.6296500e+00  -1.0000000e+00
   8.8000000e+01  -6.0401000e+00   7.3198700e+00   1.0000000e+00
   8.9000000e+01  -7.2853600e+00  -1.2829300e+01  -1.0000000e+00
   9.0000000e+01  -2.7752000e+00   1.1740300e+01   1.0000000e+00
   9.1000000e+01   4.7460300e+00  -8.8927000e+00  -1.0000000e+00
   9.2000000e+01   8.7573800e+00  -9.9773100e+00  -1.0000000e+00
   9.3000000e+01  -1.4275000e+01  -6.8503900e+00  -1.0000000e+00
   9.4000000e+01   1.2992000e+01   1.3402800e+01   1.0000000e+00
   9.5000000e+01   8.2101400e+00  -1.5498400e+01  -1.0000000e+00
   9.6000000e+01   9.6926100e+00  -1.4029600e+01  -1.0000000e+00
   9.7000000e+01  -5.2502700e+00  -5.8930300e+00  -1.0000000e+00
   9.8000000e+01   1.1702900e+01  -1.4485500e+01  -1.0000000e+00
   9.9000000e+01  -1.1752500e+01  -9.5294900e+00  -1.0000000e+00
   1.0000000e+02   1.6327900e+01  -1.0160200e+01  -1.0000000e+00
   1.0100000e+02  -1.1023800e+01   1.9113400e+00  -1.0000000e+00
   1.0200000e+02   2.1184200e+00   1.8303200e+01   1.0000000e+00
   1.0300000e+02  -1.1514800e+01   7.7902300e+00   1.0000000e+00
   1.0400000e+02  -5.0083100e-01   1.2130600e+01   1.0000000e+00
   1.0500000e+02  -3.5668500e+00   2.9546700e+00  -1.0000000e+00
   1.0600000e+02   7.7136500e+00  -1.3493400e+01  -1.0000000e+00
   1.0700000e+02  -2.7852800e+00   4.8688100e+00   1.0000000e+00
   1.0800000e+02   1.0957500e+01   8.3281500e+00   1.0000000e+00
   1.0900000e+02  -1.1088200e+01   1.5391600e+01   1.0000000e+00
   1.1000000e+02   9.9652300e+00   1.5913900e+01   1.0000000e+00
   1.1100000e+02   6.1527600e+00   5.3428400e-02  -1.0000000e+00
   1.1200000e+02  -1.3775900e+01   1.2878600e+01   1.0000000e+00
   1.1300000e+02   9.7692100e+00  -6.4640300e+00  -1.0000000e+00
   1.1400000e+02  -1.4987400e+01   8.8864400e+00   1.0000000e+00
   1.1500000e+02  -1.4417100e+01   1.0899000e+01   1.0000000e+00
   1.1600000e+02  -7.7468200e+00  -1.0756600e+01  -1.0000000e+00
   1.1700000e+02  -1.6708200e+01   2.7656700e+00   1.0000000e+00
   1.1800000e+02  -3.2453000e+00   1.5252100e+01   1.0000000e+00
   1.1900000e+02  -1.2112400e+01   5.7476700e+00   1.0000000e+00
   1.2000000e+02  -1.7299800e+01  -2.0637900e+00  -1.0000000e+00
   1.2100000e+02   3.2315800e+00  -2.9024100e+00  -1.0000000e+00
   1.2200000e+02   1.4211300e+01  -2.0131300e+00  -1.0000000e+00
   1.2300000e+02  -4.2179400e+00  -2.4619600e+00  -1.0000000e+00
   1.2400000e+02  -2.7608400e+00  -8.5531300e+00  -1.0000000e+00
   1.2500000e+02  -6.8302500e+00   1.0815700e+01   1.0000000e+00
   1.2600000e+02  -1.5874100e+01  -8.2193900e+00  -1.0000000e+00
   1.2700000e+02  -4.7833800e+00   1.1296700e+01   1.0000000e+00
   1.2800000e+02  -1.0915000e+01   9.8424700e+00   1.0000000e+00
   1.2900000e+02   1.7537400e+00  -4.3311200e+00  -1.0000000e+00
   1.3000000e+02   7.7627200e-01  -2.6136100e-01  -1.0000000e+00
   1.3100000e+02  -8.2653700e+00  -8.7359300e+00  -1.0000000e+00
   1.3200000e+02  -1.5811300e+00   2.4372200e+00  -1.0000000e+00
   1.3300000e+02   1.1147200e+00   1.3554100e+01   1.0000000e+00
   1.3400000e+02  -1.4174900e+01   5.2957100e+00   1.0000000e+00
   1.3500000e+02  -1.1199900e+01  -4.0733300e+00  -1.0000000e+00
   1.3600000e+02   7.7526500e-01   1.6697800e+01   1.0000000e+00
   1.3700000e+02  -1.6666900e+01  -4.0900400e+00  -1.0000000e+00
   1.3800000e+02   1.7012400e+01   1.1944400e+00  -1.0000000e+00
   1.3900000e+02   6.7295900e+00  -1.9561100e+00  -1.0000000e+00
   1.4000000e+02  -7.2158600e+00  -5.2761100e+00  -1.0000000e+00
   1.4100000e+02  -3.7286900e+00  -4.5116800e+00  -1.0000000e+00
   1.4200000e+02   1.1206600e+01  -1.2468500e+01  -1.0000000e+00
   1.4300000e+02  -8.7926500e+00  -1.4249300e+01  -1.0000000e+00
   1.4400000e+02   7.1731100e+00  -1.1512500e+01  -1.0000000e+00
   1.4500000e+02  -5.5219600e+00   1.4844000e+01   1.0000000e+00
   1.4600000e+02   1.0954300e+01   2.6505200e+00  -1.0000000e+00
   1.4700000e+02   1.1906500e+00  -9.7522400e+00  -1.0000000e+00
   1.4800000e+02   1.5833900e+01  -8.0548800e+00  -1.0000000e+00
   1.4900000e+02  -1.2666300e+01   3.7635000e+00   1.0000000e+00
   1.5000000e+02   1.0177800e+01  -9.5994600e-01  -1.0000000e+00
   1.5100000e+02   4.7415900e+00  -1.6462200e+01  -1.0000000e+00
   1.5200000e+02   1.4746200e+01  -1.1678000e+01  -1.0000000e+00
   1.5300000e+02   1.6982700e+00  -1.1786300e+01  -1.0000000e+00
   1.5400000e+02  -5.4129900e+00   9.2905300e+00   1.0000000e+00
   1.5500000e+02   1.3225800e+01  -1.3049500e+01  -1.0000000e+00
   1.5600000e+02   1.2317700e+01   9.8826400e+00   1.0000000e+00
   1.5700000e+02  -9.7440700e+00  -1.0193900e+01  -1.0000000e+00
   1.5800000e+02   1.0238000e+01  -1.6012200e+01  -1.0000000e+00
   1.5900000e+02   5.6277000e+00   2.0433500e+00  -1.0000000e+00
   1.6000000e+02  -8.3571200e-01  -1.6700300e+01  -1.0000000e+00
   1.6100000e+02   5.7620400e+00  -5.4270500e+00  -1.0000000e+00
   1.6200000e+02   2.7356400e+00  -8.8363700e-01  -1.0000000e+00
   1.6300000e+02   5.5310800e+00   7.5344600e+00   1.0000000e+00
   1.6400000e+02   1.6384200e+01   3.1791200e+00  -1.0000000e+00
   1.6500000e+02  -1.5099600e+01  -2.7194600e+00  -1.0000000e+00
   1.6600000e+02   4.1877200e+00   5.9182000e+00  -1.0000000e+00
   1.6700000e+02   8.7554000e+00  -2.4403100e+00  -1.0000000e+00
   1.6800000e+02   3.7034300e+00  -1.2346900e+01  -1.0000000e+00
   1.6900000e+02   1.5744800e+01   5.1301000e+00  -1.0000000e+00
   1.7000000e+02  -1.1691600e+01  -1.9470900e+00  -1.0000000e+00
   1.7100000e+02   2.1939900e+00   1.2312200e+00  -1.0000000e+00
   1.7200000e+02  -1.0296500e+01   1.1860200e+01   1.0000000e+00
   1.7300000e+02   2.1019000e-02   6.3271500e+00   1.0000000e+00
   1.7400000e+02   6.9488000e+00   3.6195400e+00  -1.0000000e+00
   1.7500000e+02   2.7303200e+00  -8.3565300e+00  -1.0000000e+00
   1.7600000e+02   3.5855200e+00   1.6852000e+01   1.0000000e+00
   1.7700000e+02   5.2493100e+00  -3.4403800e+00  -1.0000000e+00
   1.7800000e+02  -2.2465100e+00  -1.0592000e+01  -1.0000000e+00
   1.7900000e+02   2.9956900e+00   3.1502400e+00  -1.0000000e+00
   1.8000000e+02   1.7072700e+01   6.7107500e+00  -1.0000000e+00
   1.8100000e+02  -4.8401600e+00  -1.5429400e+01  -1.0000000e+00
   1.8200000e+02  -9.4896300e+00   8.3118700e+00   1.0000000e+00
   1.8300000e+02  -7.3077300e-01  -1.6856300e+00  -1.0000000e+00
   1.8400000e+02  -1.0788600e+01  -1.3577900e+01  -1.0000000e+00
   1.8500000e+02  -6.8473200e-01   8.2647700e+00   1.0000000e+00
   1.8600000e+02   9.6292200e+00   1.0667000e+00  -1.0000000e+00
   1.8700000e+02  -9.0217300e+00   1.5855100e+01   1.0000000e+00
   1.8800000e+02   3.2207600e+00  -1.7874600e+01  -1.0000000e+00
   1.8900000e+02  -6.6585500e+00   2.2340100e-01  -1.0000000e+00
   1.9000000e+02   1.6211500e+01  -2.4743200e+00  -1.0000000e+00
   1.9100000e+02   1.7808300e-01  -1.3210400e+01  -1.0000000e+00
   1.9200000e+02  -1.3274100e+01  -1.0907800e+01  -1.0000000e+00
   1.9300000e+02  -3.1622100e+00   9.4160800e-01  -1.0000000e+00
   1.9400000e+02   5.3444200e+00   1.3014000e+01   1.0000000e+00
   1.9500000e+02   6.7242000e-01   1.0106600e+01   1.0000000e+00
   1.9600000e+02  -1.3815500e+01  -8.8607700e+00  -1.0000000e+00
   1.9700000e+02  -1.1747300e+01   1.3330700e+01   1.0000000e+00
   1.9800000e+02   1.3855400e+01  -7.4610400e+00  -1.0000000e+00
   1.9900000e+02  -1.4331100e+01  -1.4393400e+01  -1.0000000e+00
   2.0000000e+02   1.5629100e+01  -4.8799100e-01  -1.0000000e+00
   2.0100000e+02   4.2737700e+00  -6.8885700e+00  -1.0000000e+00
   2.0200000e+02  -4.6893500e+00  -4.3707700e-01  -1.0000000e+00
   2.0300000e+02   1.2221400e+01  -1.4843500e+00  -1.0000000e+00
   2.0400000e+02   7.7878800e+00  -5.9653100e+00  -1.0000000e+00
   2.0500000e+02  -3.9998700e+00   7.7936900e+00   1.0000000e+00
   2.0600000e+02  -4.7391100e+00  -7.9590700e+00  -1.0000000e+00
   2.0700000e+02   1.1562500e+01   1.1916000e+01   1.0000000e+00
   2.0800000e+02   1.1187500e+00  -1.7361800e+01  -1.0000000e+00
   2.0900000e+02   4.8853000e-01   2.4286300e+00  -1.0000000e+00
   2.1000000e+02   1.0278500e+01  -8.4648600e+00  -1.0000000e+00
   2.1100000e+02   8.9075000e+00   8.7554300e+00   1.0000000e+00
   2.1200000e+02  -4.0988500e-01   1.4977700e+01   1.0000000e+00
   2.1300000e+02   1.4754600e+01  -3.9890700e+00  -1.0000000e+00
   2.1400000e+02  -8.7501300e+00  -6.7215700e+00  -1.0000000e+00
   2.1500000e+02   7.2922400e+00  -3.9681900e+00  -1.0000000e+00
   2.1600000e+02  -2.5114600e-01  -3.7316200e+00  -1.0000000e+00
   2.1700000e+02  -6.2305800e+00  -9.3701300e+00  -1.0000000e+00
   2.1800000e+02  -6.9423500e+00   1.6329600e+01   1.0000000e+00
   2.1900000e+02   1.2976100e+01   7.8528400e+00  -1.0000000e+00
   2.2000000e+02  -6.8144000e+00  -1.4851800e+01  -1.0000000e+00
   2.2100000e+02   1.2579600e+00  -2.3315600e+00  -1.0000000e+00
   2.2200000e+02   2.7105600e+00   9.7688400e+00   1.0000000e+00
   2.2300000e+02   1.3681400e+01   5.7638500e+00  -1.0000000e+00
   2.2400000e+02   1.2749700e+01  -3.4878700e+00  -1.0000000e+00
   2.2500000e+02  -1.8404100e+01   4.2044400e+00   1.0000000e+00
   2.2600000e+02   3.7463400e+00  -4.8865900e+00  -1.0000000e+00
   2.2700000e+02  -1.8233700e+01  -5.6151300e+00  -1.0000000e+00
   2.2800000e+02   8.1607700e+00  -4.5053700e-01  -1.0000000e+00
   2.2900000e+02   1.4356000e+01   9.4901100e+00   1.0000000e+00
   2.3000000e+02   1.7757600e+01   4.7364900e+00  -1.0000000e+00
   2.3100000e+02  -5.7952800e+00  -1.1386800e+01  -1.0000000e+00
   2.3200000e+02   1.2898300e+00   4.3421500e+00  -1.0000000e+00
   2.3300000e+02   1.9001400e+01   5.6656600e-01  -1.0000000e+00
   2.3400000e+02  -1.0628300e+01   4.2763200e+00   1.0000000e+00
   2.3500000e+02  -1.5521500e+01   6.8778200e+00   1.0000000e+00
   2.3600000e+02   4.7551700e+00   9.4550100e+00   1.0000000e+00
   2.3700000e+02   1.4351000e+01   3.6124700e+00  -1.0000000e+00
   2.3800000e+02   9.1673200e+00  -1.2001200e+01  -1.0000000e+00
   2.3900000e+02   8.6550800e+00   1.4314100e+01   1.0000000e+00
   2.4000000e+02  -1.2067200e+01   9.7426500e-02  -1.0000000e+00
   2.4100000e+02   1.1294600e+01  -4.9349000e+00  -1.0000000e+00
   2.4200000e+02  -9.1636100e+00   2.8017900e+00   1.0000000e+00
   2.4300000e+02  -5.6979000e+00  -3.8837900e+00  -1.0000000e+00
   2.4400000e+02   2.2581200e+00  -6.3258900e+00  -1.0000000e+00
   2.4500000e+02   1.2047000e+01   1.5670300e+01   1.0000000e+00
   2.4600000e+02  -6.1966100e+00   1.2825000e+01   1.0000000e+00
   2.4700000e+02  -6.2106900e+00  -1.8303100e+00  -1.0000000e+00
   2.4800000e+02  -1.1974800e+00   3.7487500e-01  -1.0000000e+00
   2.4900000e+02  -2.8606400e-01  -1.1202500e+01  -1.0000000e+00
   2.5000000e+02  -5.3108800e+00  -1.3403100e+01  -1.0000000e+00
   2.5100000e+02   1.0757200e+01  -2.9546700e+00  -1.0000000e+00
   2.5200000e+02   6.1181700e+00   1.1031500e+01   1.0000000e+00
   2.5300000e+02   1.2984700e+01   2.0896400e+00  -1.0000000e+00
   2.5400000e+02  -1.2768900e+01  -1.2977400e+01  -1.0000000e+00
   2.5500000e+02   4.9051300e+00   3.9797600e+00  -1.0000000e+00
   2.5600000e+02  -1.0098900e+01   6.2893200e+00   1.0000000e+00
   2.5700000e+02   1.0812300e+01   1.3977000e+01   1.0000000e+00
   2.5800000e+02  -7.5744000e+00   1.4372100e+01   1.0000000e+00
   2.5900000e+02  -4.6302100e+00   5.7841100e+00   1.0000000e+00
   2.6000000e+02  -7.4298000e+00   8.8382500e+00   1.0000000e+00
   2.6100000e+02   8.9447400e+00   3.1302500e+00  -1.0000000e+00
   2.6200000e+02   1.8410800e+01   2.7617500e+00  -1.0000000e+00
   2.6300000e+02   4.0138600e+00   1.1439700e+01   1.0000000e+00
   2.6400000e+02  -1.0373200e+01  -1.5649100e+01  -1.0000000e+00
   2.6500000e+02  -1.7263200e+01   6.5423700e-01   1.0000000e+00
   2.6600000e+02  -1.0131800e+01  -6.0812600e-01  -1.0000000e+00
   2.6700000e+02  -7.6931000e-01  -9.1312200e+00  -1.0000000e+00
   2.6800000e+02   6.1812100e+00  -1.4965000e+01  -1.0000000e+00
   2.6900000e+02  -9.2574500e+00  -1.2193600e+01  -1.0000000e+00
   2.7000000e+02  -9.6953000e+00  -2.6761100e+00  -1.0000000e+00
   2.7100000e+02  -1.6689100e+00   1.6608500e+01   1.0000000e+00
   2.7200000e+02   1.2753400e+01  -1.1047200e+01  -1.0000000e+00
   2.7300000e+02  -1.3243500e+01   1.7793100e+00   1.0000000e+00
   2.7400000e+02  -5.4407700e-01   1.8353900e+01   1.0000000e+00
   2.7500000e+02  -9.2121300e+00  -4.7081900e+00  -1.0000000e+00
   2.7600000e+02   1.4979000e+01   1.6046700e+00  -1.0000000e+00
   2.7700000e+02  -8.6376300e+00   4.8179200e+00   1.0000000e+00
   2.7800000e+02   1.9675300e+00   1.1684100e+01   1.0000000e+00
   2.7900000e+02  -1.1270900e+01  -1.1572600e+01  -1.0000000e+00
   2.8000000e+02  -3.2797300e+00  -6.5185400e+00  -1.0000000e+00
   2.8100000e+02  -7.6810700e+00  -3.2607500e+00  -1.0000000e+00
   2.8200000e+02   6.7227300e+00  -9.4789200e+00  -1.0000000e+00
   2.8300000e+02   6.5828000e+00   1.4710000e+01   1.0000000e+00
   2.8400000e+02  -8.1659500e+00  -1.1956000e+00  -1.0000000e+00
   2.8500000e+02  -1.7792500e+00  -1.2614100e+01  -1.0000000e+00
   2.8600000e+02  -1.2767500e+00  -7.1265800e+00  -1.0000000e+00
   2.8700000e+02   8.2609000e+00  -7.9799600e+00  -1.0000000e+00
   2.8800000e+02  -6.7384400e+00  -7.3313900e+00  -1.0000000e+00
   2.8900000e+02  -2.2122800e+00  -3.1051000e+00  -1.0000000e+00
   2.9000000e+02  -1.0728900e+01  -6.1064500e+00  -1.0000000e+00
   2.9100000e+02   1.3667500e+01   1.1438800e+01   1.0000000e+00
   2.9200000e+02   1.5373100e+01  -6.0438400e+00  -1.0000000e+00
   2.9300000e+02   3.2224900e+00   1.3388600e+01   1.0000000e+00
   2.9400000e+02   6.2447200e+00  -7.4502300e+00  -1.0000000e+00
   2.9500000e+02   1.6977400e+01  -4.5576500e+00  -1.0000000e+00
   2.9600000e+02  -3.3974600e+00   9.7630900e+00   1.0000000e+00
   2.9700000e+02   1.2311700e+01  -8.9505400e+00  -1.0000000e+00
   2.9800000e+02   1.7804500e+01  -1.1035200e+00  -1.0000000e+00
   2.9900000e+02  -1.6207700e+01   4.7610500e+00   1.0000000e+00
