   0.0000000e+00  -6.6312200e+00  -1.6324700e+01   2.1969800e+01  -2.0000000e+00
   1.0000000e+00   1.2038900e+01   8.6080400e+00   4.8074500e-01   2.0000000e+00
   2.0000000e+00   1.7632800e+01   3.4851200e+00  -1.2074800e+01  -1.0000000e+00
   3.0000000e+00  -1.3283500e+01   3.0042900e+00   3.4472600e+01   1.0000000e+00
   4.0000000e+00   1.5923900e+01  -3.7870700e+00   4.3756000e+01  -2.0000000e+00
   5.0000000e+00   7.0731500e+00  -4.4417900e+00   3.2959100e+01  -3.0000000e+00
   6.0000000e+00   5.9598000e+00  -2.7058500e+00   3.5378300e+01   1.0000000e+00
   7.0000000e+00   6.6849000e+00   3.3861900e+00   1.2255400e+00   2.0000000e+00
   8.0000000e+00  -1.7788000e+01  -6.3046400e+00   3.3162800e+01  -1.0000000e+00
   9.0000000e+00   9.1063400e-01  -4.8936600e+00   3.4074100e+01   1.0000000e+00
   1.0000000e+01   1.3921300e+01  -1.1134200e+01   3.5586100e+01  -2.0000000e+00
   1.1000000e+01   8.3875600e+00   1.0738900e+01   2.9854900e+01   2.0000000e+00
   1.2000000e+01  -1.0946100e+01  -1.3022500e+01   3.4267200e+01  -2.0000000e+00
   1.3000000e+01  -1.2119500e+01  -1.1302100e+01   3.3886000e+01   1.0000000e+00
   1.4000000e+01   8.4882900e+00   1.4882600e+01   2.9099800e+01  -2.0000000e+00
   1.5000000e+01   1.0942400e+01  -1.3233000e+01   3.6087000e+01  -2.0000000e+00
   1.6000000e+01   1.2002800e+01   1.2764300e+01   2.9735900e+01  -2.0000000e+00
   1.7000000e+01  -5.8775300e+00   1.7927300e+00   3.4838000e+01   1.0000000e+00
   1.8000000e+01   7.6313400e+00  -1.1634100e+01   3.4615800e+01   1.0000000e+00
   1.9000000e+01   2.7374600e+00  -1.1336800e+00   3.4483500e+01   1.0000000e+00
   2.0000000e+01   2.8586400e+00   2.7131900e+00   2.7057700e+01  -3.0000000e+00
   2.1000000e+01   3.0293300e+00   9.6208200e+00   2.3074800e+01  -3.0000000e+00
   2.2000000e+01  -1.3994000e+00  -1.4586200e+00   3.4690700e+01   1.0000000e+00
   2.3000000e+01   4.6195600e+00   1.7122500e+01   1.4027400e+01  -2.0000000e+00
   2.4000000e+01  -2.2972100e+00  -3.3284500e+00   3.4670500e+01   1.0000000e+00
   2.5000000e+01   1.5673100e+01   6.5760900e+00   2.4294900e+00  -2.0000000e+00
   2.6000000e+01  -1.8116800e+01  -2.8199200e+00   3.6656700e+01  -1.0000000e+00
   2.7000000e+01   9.7020900e+00  -1.1519300e+01   3.4692400e+01   1.0000000e+00
   2.8000000e+01   3.0520400e+00   1.3881000e+01   1.4888100e+00   2.0000000e+00
   2.9000000e+01   1.2308000e+01  -1.7254700e+00   2.9986100e+01   2.0000000e+00
   3.0000000e+01  -8.6950200e+00  -1.6504800e+01   3.3424200e+01  -1.0000000e+00
   3.1000000e+01  -1.5414200e+01  -9.6960900e+00   3.4967400e+01  -2.0000000e+00
   3.2000000e+01  -7.0921000e+00  -9.0945200e+00   3.4284600e+01   1.0000000e+00
   3.3000000e+01  -1.7823100e+00  -1.0522400e+01   3.4119800e+01   1.0000000e+00
   3.4000000e+01  -1.1795900e+01  -2.2655900e+00   3.4731100e+01   1.0000000e+00
   3.5000000e+01   1.0591900e+01  -9.6534300e+00   3.4519600e+01   1.0000000e+00
   3.6000000e+01  -6.2744900e-01  -1.2255000e+01   3.4252200e+01   1.0000000e+00
   3.7000000e+01   5.6117800e-01  -1.3991300e+01   3.4652000e+01   1.0000000e+00
   3.8000000e+01   2.9851800e+00   5.4101500e+00   6.1433500e+01  -3.0000000e+00
   3.9000000e+01   4.8584400e+00   6.4857500e+00   3.3591200e-02   2.0000000e+00
   4.0000000e+01   1.5429500e+01  -6.4969800e+00   1.9283100e+01  -1.0000000e+00
   4.1000000e+01  -9.1158700e+00   3.3227800e+00   3.4541400e+01   1.0000000e+00
   4.2000000e+01   3.0753900e+00   7.4998000e+00   2.8025400e+01  -3.0000000e+00
   4.3000000e+01   3.8332600e+00  -1.5561200e+01   4.6969000e+01  -2.0000000e+00
   4.4000000e+01   4.8218800e+00   1.0661100e+01   2.9725000e+01   2.0000000e+00
   4.5000000e+01  -1.2342000e+01   4.8547100e+00   3.4456200e+01   1.0000000e+00
   4.6000000e+01  -1.2094600e+01   1.3002800e+00   3.4665400e+01   1.0000000e+00
   4.7000000e+01   1.8138500e+00  -3.0142000e+00   3.3835600e+01   1.0000000e+00
   4.8000000e+01   2.1987100e-01   5.9156000e+00   3.5170100e+01  -3.0000000e+00
   4.9000000e+01   5.8836300e+00  -1.5409100e+01   3.3538600e+01  -1.0000000e+00
   5.0000000e+01   3.5826900e+00   7.5239900e-01   2.8901900e+01  -3.0000000e+00
   5.1000000e+01  -1.0902400e+01  -3.7915200e-01   3.4721500e+01   1.0000000e+00
   5.2000000e+01   1.2294000e+01  -3.7958000e+00   2.4100300e+01  -3.0000000e+00
   5.3000000e+01  -1.6327500e+01   9.7513300e-01   4.9392300e+01  -1.0000000e+00
   5.4000000e+01  -4.0972000e+00   5.5313500e+00   3.4442900e+01   1.0000000e+00
   5.5000000e+01   8.5139800e+00   2.3644100e+00   1.5304900e+00   2.0000000e+00
   5.6000000e+01  -5.0211800e+00  -8.9661300e+00   3.3896400e+01   1.0000000e+00
   5.7000000e+01  -7.3348000e+00  -5.5358500e+00   3.4243800e+01   1.0000000e+00
   5.8000000e+01  -8.7863300e-01  -8.6575800e+00   3.4320200e+01   1.0000000e+00
   5.9000000e+01  -4.4588200e+00  -1.6137300e+01   3.3808100e+01  -2.0000000e+00
   6.0000000e+01   1.0199000e+01   1.1732300e+01   5.9279500e+01   2.0000000e+00
   6.1000000e+01  -7.7994700e-01   4.0309300e+00   3.4122400e+01   1.0000000e+00
   6.2000000e+01  -5.6834400e+00   1.4485400e+01   3.1916900e+01  -2.0000000e+00
   6.3000000e+01   1.4305300e+01  -1.4691800e+01   3.5925200e+01  -1.0000000e+00
   6.4000000e+01   1.0501100e+01  -6.9899000e-01   3.2496700e+01   2.0000000e+00
   6.5000000e+01   4.8691700e+00   4.3616300e+00   2.5395400e+00   2.0000000e+00
   6.6000000e+01  -1.1204900e+01  -9.4491000e+00   3.4192200e+01   1.0000000e+00
   6.7000000e+01  -6.8337300e+00  -1.2720400e+01   3.4086100e+01   1.0000000e+00
   6.8000000e+01  -4.7721200e+00  -1.2573500e+01   3.4568400e+01   1.0000000e+00
   6.9000000e+01  -8.5077500e+00  -3.7981400e+00   3.4490200e+01   1.0000000e+00
   7.0000000e+01  -2.6070000e+00   1.7047100e+01   5.4549800e+01  -1.0000000e+00
   7.1000000e+01   1.0281300e+01   1.5920000e+01   4.4234900e+01  -1.0000000e+00
   7.2000000e+01   4.6957200e+00  -1.3680600e+01   3.4037900e+01  -2.0000000e+00
   7.3000000e+01  -7.3267600e+00   7.0645300e+00   3.4590000e+01   1.0000000e+00
   7.4000000e+01   1.2049700e+01   6.5466000e+00   6.9756700e-01   2.0000000e+00
   7.5000000e+01  -6.6726700e+00   1.6342900e+01   3.0825700e+01  -1.0000000e+00
   7.6000000e+01   1.0244300e+01   5.5040700e+00   6.2141500e-01   2.0000000e+00
   7.7000000e+01  -1.5070600e+01  -7.0759900e-01   3.4862700e+01  -2.0000000e+00
   7.8000000e+01  -3.5449400e-01  -1.5846300e+01   3.3655200e+01  -2.0000000e+00
   7.9000000e+01   1.6761900e+01  -8.0823400e+00   2.0078700e+01  -1.0000000e+00
   8.0000000e+01  -1.3276000e+01  -9.5616800e+00   3.4041400e+01   1.0000000e+00
   8.1000000e+01   1.7735400e+00  -1.5721300e+01   3.4093700e+01  -2.0000000e+00
   8.2000000e+01  -9.4195000e+00  -5.6944700e+00   3.4135600e+01   1.0000000e+00
   8.3000000e+01  -3.5732500e+00  -1.4252000e+01   3.4686100e+01   1.0000000e+00
   8.4000000e+01   6.6486900e+00   1.3895900e+01   2.9351600e+01   2.0000000e+00
   8.5000000e+01  -1.0579000e+01   8.6232700e+00   3.4438300e+01   1.0000000e+00
   8.6000000e+01   1.4822400e+01  -9.2071600e+00   4.2193800e+01  -1.0000000e+00
   8.7000000e+01   1.1782700e+01  -1.1346000e+01   3.5475000e+01   1.0000000e+00
   8.8000000e+01   1.1867800e+00  -8.5195600e+00   3.4385700e+01   1.0000000e+00
   8.9000000e+01   1.0613500e+00   1.6966500e+01   1.3919200e+01  -2.0000000e+00
   9.0000000e+01  -1.2393600e+01  -7.6964600e+00   3.4328700e+01   1.0000000e+00
   9.1000000e+01   8.5186600e+00  -9.7531300e+00   3.3940500e+01   1.0000000e+00
   9.2000000e+01   6.7335600e-01  -1.3105900e+00   3.4425400e+01   1.0000000e+00
   9.3000000e+01  -1.0010900e+01   1.4664800e+00   3.4509500e+01   1.0000000e+00
   9.4000000e+01  -2.9718200e+00   1.4811200e+01   3.3404700e+01  -2.0000000e+00
   9.5000000e+01   9.1504200e+00  -4.3313600e+00   2.8046900e+01  -3.0000000e+00
   9.6000000e+01  -4.4889400e+00   1.2768000e+01   3.1522200e+01  -3.0000000e+00
   9.7000000e+01   1.4154800e+01  -4.8549200e+00   7.9534200e+00  -2.0000000e+00
   9.8000000e+01   6.7989500e+00  -1.3568300e+01   3.4269200e+01  -2.0000000e+00
   9.9000000e+01   1.5799200e+01   4.4504100e+00   1.8764500e+00  -2.0000000e+00
   1.0000000e+02   1.2117000e+01   2.4354200e+00   1.1551000e+00   2.0000000e+00
   1.0100000e+02   1.1520900e+00   1.4882400e+01   2.1399000e+00   2.0000000e+00
   1.0200000e+02   3.8952100e+00  -2.9007300e+00   3.3908200e+01   1.0000000e+00
   1.0300000e+02  -7.4102700e-01   1.1501900e+01   2.7106500e+01  -3.0000000e+00
   1.0400000e+02   8.4508000e+00   1.7009900e+01   6.7083700e-02  -1.0000000e+00
   1.0500000e+02   8.8521000e+00  -1.3428200e+01   3.5233600e+01  -2.0000000e+00
   1.0600000e+02  -1.4951100e+01   1.1949000e+01   3.4415100e+01  -1.0000000e+00
   1.0700000e+02  -1.3576700e+01  -5.9800200e+00   3.4797800e+01   1.0000000e+00
   1.0800000e+02   1.3392500e+00   4.1499200e+00   3.0548000e+01  -3.0000000e+00
   1.0900000e+02   1.2020900e+01   1.0697700e+01   3.5090300e-01   2.0000000e+00
   1.1000000e+02   3.2321000e+00  -8.3449800e+00   3.4810500e+01   1.0000000e+00
   1.1100000e+02   6.7252800e+00   1.2758700e+00  -1.0572800e+01  -3.0000000e+00
   1.1200000e+02  -2.5943100e+00   2.3459200e-01   3.4869400e+01   1.0000000e+00
   1.1300000e+02  -7.6757900e-01   1.5888200e+01   2.0384000e-01  -2.0000000e+00
   1.1400000e+02   1.7733400e+01  -6.8762500e-01   7.4606600e+01  -1.0000000e+00
   1.1500000e+02   1.4080400e+01   1.3613500e+00   1.0473300e+00   2.0000000e+00
   1.1600000e+02  -1.0795400e+00   7.5891800e+00   3.6512100e+01  -3.0000000e+00
   1.1700000e+02   1.0161200e+00   7.8744900e+00   3.3524400e+01  -3.0000000e+00
   1.1800000e+02   8.4277900e+00   1.2827200e+01   5.8968800e+01   2.0000000e+00
   1.1900000e+02  -9.6368200e+00   1.0596200e+01   3.3688800e+01   1.0000000e+00
   1.2000000e+02  -1.6853000e+01   8.1116300e+00   3.4501700e+01  -1.0000000e+00
   1.2100000e+02  -5.2600700e+00   7.2487000e+00   3.4568500e+01   1.0000000e+00
   1.2200000e+02   1.1469100e+01  -7.7277400e+00   3.4951300e+01   1.0000000e+00
   1.2300000e+02   6.6629800e+00   7.5148400e+00   3.0659800e+01   2.0000000e+00
   1.2400000e+02   2.7514400e+00   1.8166700e+01   3.4910500e+00  -1.0000000e+00
   1.2500000e+02  -1.6835900e+01  -4.4608500e+00   3.4890700e+01  -2.0000000e+00
   1.2600000e+02   6.8492700e+00  -7.9481500e-01   2.4244700e+01  -3.0000000e+00
   1.2700000e+02  -9.7245000e+00  -2.0879600e+00   3.4663300e+01   1.0000000e+00
   1.2800000e+02  -9.9240500e+00   1.4214700e+01   4.5374200e+01  -2.0000000e+00
   1.2900000e+02   6.6211400e+00   9.6671200e+00   9.1804600e-01   2.0000000e+00
   1.3000000e+02   2.8032400e-01  -1.0365800e+01   3.4136500e+01   1.0000000e+00
   1.3100000e+02  -1.1461400e+01   6.7483900e+00   3.4714400e+01   1.0000000e+00
   1.3200000e+02  -1.0615200e+01  -3.9538900e+00   3.4546700e+01   1.0000000e+00
   1.3300000e+02   1.5160000e+01  -1.2781700e+01   3.6146600e+01  -1.0000000e+00
   1.3400000e+02  -1.5678800e+01  -6.1752200e+00   3.4210800e+01  -2.0000000e+00
   1.3500000e+02  -1.4786000e+01  -4.2800100e+00   3.4460100e+01   1.0000000e+00
   1.3600000e+02  -9.7830900e+00  -1.4750700e+01   2.2165300e+01  -2.0000000e+00
   1.3700000e+02  -3.5191700e+00  -1.6322200e+00   3.4606300e+01   1.0000000e+00
   1.3800000e+02   4.8608900e+00   1.2865200e+01   2.9743400e+01   2.0000000e+00
   1.3900000e+02  -5.4058000e-01   4.5730200e-01   3.4512100e+01   1.0000000e+00
   1.4000000e+02   4.9368400e+00   2.2935900e+00   2.0304000e+01  -3.0000000e+00
   1.4100000e+02  -7.5612700e+00   1.0670200e+01   3.3108300e+01   1.0000000e+00
   1.4200000e+02  -4.5887700e+00   1.6260700e+01   3.8963400e+01  -1.0000000e+00
   1.4300000e+02  -1.4484300e+01   4.7222500e+00   3.4416500e+01  -2.0000000e+00
   1.4400000e+02   4.8233800e+00   1.4935600e+01   1.7500400e+00   2.0000000e+00
   1.4500000e+02   8.4467600e+00  -2.2229600e+00   3.9003200e+01  -3.0000000e+00
   1.4600000e+02  -1.1498900e+01  -5.8049900e+00   3.4246800e+01   1.0000000e+00
   1.4700000e+02   1.0360500e+01   1.3550900e+00   2.5060000e+00   2.0000000e+00
   1.4800000e+02  -4.6782700e+00   9.9071000e-02   3.4526500e+01   1.0000000e+00
   1.4900000e+02  -7.7558400e+00   1.4315900e+01   3.2439300e+01  -2.0000000e+00
   1.5000000e+02   1.2117000e+01   4.4913500e+00   4.2201500e-01   2.0000000e+00
   1.5100000e+02  -2.6986100e+00  -1.2394300e+01   3.4357600e+01   1.0000000e+00
   1.5200000e+02   7.9848300e+00  -1.5341200e+01   3.4160900e+01  -1.0000000e+00
   1.5300000e+02  -3.1973400e+00   7.3983400e+00   3.4787700e+01   1.0000000e+00
   1.5400000e+02   1.3861000e+01   1.3835100e+01   5.9617800e+01  -1.0000000e+00
   1.5500000e+02   1.0182100e+01   9.6546400e+00   3.0053700e+01   2.0000000e+00
   1.5600000e+02  -1.5240100e+00  -1.4113700e+01   3.4093700e+01   1.0000000e+00
   1.5700000e+02   1.7719300e+01  -2.7710200e+00   5.9524500e+01  -1.0000000e+00
   1.5800000e+02   1.2156100e+01  -1.4888300e+01   3.5889100e+01  -1.0000000e+00
   1.5900000e+02   6.1986600e+00  -6.3109800e+00   3.4008400e+01   1.0000000e+00
   1.6000000e+02  -4.3823800e+00   9.1127700e+00   3.4050200e+01   1.0000000e+00
   1.6100000e+02  -1.4159200e+01   1.1303100e+00   3.4481300e+01  -2.0000000e+00
   1.6200000e+02   1.2278100e+01   3.3883300e-01   1.3152200e+00   2.0000000e+00
   1.6300000e+02  -1.5663300e+01   6.4195800e+00   3.4039400e+01  -2.0000000e+00
   1.6400000e+02  -1.0053400e+01  -1.1167600e+01   3.4225700e+01   1.0000000e+00
   1.6500000e+02   3.1044900e+00   1.1808800e+01   2.9643100e+01   2.0000000e+00
   1.6600000e+02   5.5843600e+00  -1.1807700e+01   3.4397000e+01   1.0000000e+00
   1.6700000e+02  -7.0673900e+00   3.5004300e+00   3.4683200e+01   1.0000000e+00
   1.6800000e+02  -1.9917200e+00   5.6941800e+00   3.5024200e+01   1.0000000e+00
   1.6900000e+02   6.6450400e+00   5.4315700e+00   3.0712200e+01   2.0000000e+00
   1.7000000e+02   9.4162100e+00  -7.9002200e+00   3.4166200e+01   1.0000000e+00
   1.7100000e+02   1.3038800e+01  -1.2990000e+01   3.5981100e+01  -2.0000000e+00
   1.7200000e+02   1.4415200e+00  -1.2074000e+01   3.4422900e+01   1.0000000e+00
   1.7300000e+02  -1.0277000e+01   5.0273600e+00   3.4634300e+01   1.0000000e+00
   1.7400000e+02  -5.5816700e+00  -1.7822600e+00   3.4612900e+01   1.0000000e+00
   1.7500000e+02   1.3116900e+00   1.0776900e+01   1.5445000e+01  -3.0000000e+00
   1.7600000e+02  -5.6390600e+00  -1.4446500e+01   3.4279000e+01   1.0000000e+00
   1.7700000e+02   1.2708300e+01  -9.4541700e+00   3.5600700e+01  -2.0000000e+00
   1.7800000e+02  -9.1439000e+00  -9.2664900e+00   3.4641100e+01   1.0000000e+00
   1.7900000e+02  -5.9193400e+00  -1.0812100e+01   3.4165900e+01   1.0000000e+00
   1.8000000e+02  -8.7584100e+00   1.6136900e+01   3.1080700e+01  -1.0000000e+00
   1.8100000e+02   8.2697600e+00  -6.1892100e+00   3.4130100e+01   1.0000000e+00
   1.8200000e+02  -6.4348400e+00  -3.6644000e+00   3.4435000e+01   1.0000000e+00
   1.8300000e+02   1.5912100e+01   3.3491000e-01   5.4140700e-01  -2.0000000e+00
   1.8400000e+02   1.0280700e+01   3.4389000e+00   1.0470100e+00   2.0000000e+00
   1.8500000e+02  -1.3861000e+01  -2.4296900e+00   3.4335400e+01   1.0000000e+00
   1.8600000e+02  -1.7035600e+00   2.1575600e+00   3.4549600e+01   1.0000000e+00
   1.8700000e+02  -1.2872800e+01   1.2125500e+01   4.6604800e+01  -2.0000000e+00
   1.8800000e+02   8.6509300e+00   2.0549900e-01   3.1110400e+01   2.0000000e+00
   1.8900000e+02   4.7931600e+00  -9.9323500e-01   2.2642700e+01  -3.0000000e+00
   1.9000000e+02  -2.4328300e-01  -3.1752900e+00   3.4123200e+01   1.0000000e+00
   1.9100000e+02  -1.1883800e+01  -1.4942100e+01   3.3942800e+01  -1.0000000e+00
   1.9200000e+02  -5.4269800e+00  -1.7997900e+01   3.3707900e+01  -1.0000000e+00
   1.9300000e+02   2.9650100e+00  -1.7541400e+01   3.3512900e+01  -1.0000000e+00
   1.9400000e+02   7.3592900e+00  -8.0437700e+00   3.3978200e+01   1.0000000e+00
   1.9500000e+02  -7.9695400e+00  -1.1003100e+01   3.4367200e+01   1.0000000e+00
   1.9600000e+02   1.3943400e+01   3.4179200e+00   6.6683400e-01   2.0000000e+00
   1.9700000e+02  -9.4048800e+00   6.9118700e+00   3.4797000e+01   1.0000000e+00
   1.9800000e+02   1.5339100e+00   5.7508700e-01   3.3341900e+01  -3.0000000e+00
   1.9900000e+02  -1.3561700e+01   6.5648800e+00   3.4250200e+01   1.0000000e+00
   2.0000000e+02   6.4481500e+00   1.8093000e+01   1.5780900e+00  -1.0000000e+00
   2.0100000e+02   1.2048600e+01   1.4851800e+01   4.4494000e+01  -1.0000000e+00
   2.0200000e+02  -2.9514000e+00  -8.8176800e+00   3.4131000e+01   1.0000000e+00
   2.0300000e+02  -8.2418800e+00  -7.3923800e+00   3.4374600e+01   1.0000000e+00
   2.0400000e+02  -2.0503400e+00  -6.9616500e+00   3.4250400e+01   1.0000000e+00
   2.0500000e+02   3.8171000e-03  -6.7872200e+00   3.4290300e+01   1.0000000e+00
   2.0600000e+02  -6.6335400e+00   1.2562400e+01   3.3884000e+01   1.0000000e+00
   2.0700000e+02   1.7808900e+01   1.4395600e+00   3.1687500e+01  -1.0000000e+00
   2.0800000e+02  -1.5348400e+01   2.8438700e+00   3.4577700e+01  -2.0000000e+00
   2.0900000e+02  -1.3754500e+01   1.0223200e+01   3.3857900e+01  -2.0000000e+00
   2.1000000e+02   1.0237500e+01   1.3819800e+01   5.9001500e+01  -2.0000000e+00
   2.1100000e+02   6.6356500e+00   1.6027000e+01   8.0079100e-01  -2.0000000e+00
   2.1200000e+02  -3.1976900e+00  -5.2277600e+00   3.4261000e+01   1.0000000e+00
   2.1300000e+02  -7.9296900e+00   1.6407200e+00   3.4644000e+01   1.0000000e+00
   2.1400000e+02   1.3817400e+01   7.5979600e+00   3.0861000e+01   2.0000000e+00
   2.1500000e+02   2.6061600e+00  -1.3773800e+01   3.4713400e+01   1.0000000e+00
   2.1600000e+02  -5.0116800e+00   3.6768900e+00   3.4562800e+01   1.0000000e+00
   2.1700000e+02  -1.0817300e+01   1.2309700e+01   3.4597600e+01  -2.0000000e+00
   2.1800000e+02  -2.8424100e-01   9.4930900e+00   2.6787000e+01  -3.0000000e+00
   2.1900000e+02   8.4626700e+00   6.5321300e+00   8.7886600e-01   2.0000000e+00
   2.2000000e+02  -1.4704300e+01   8.2910500e+00   3.3782400e+01  -2.0000000e+00
   2.2100000e+02   4.8393800e+00   8.5721300e+00   6.1340300e-01   2.0000000e+00
   2.2200000e+02  -1.3012100e+01  -1.3181900e+01   2.1599600e+01  -2.0000000e+00
   2.2300000e+02  -1.2638400e+01   8.4703800e+00   3.3938200e+01   1.0000000e+00
   2.2400000e+02   5.0316900e+00  -4.6012900e+00   3.4006100e+01   1.0000000e+00
   2.2500000e+02   2.9597200e+00  -4.7493400e+00   3.3956600e+01   1.0000000e+00
   2.2600000e+02   1.5583200e+01   1.0732100e+01   8.3089300e-01  -1.0000000e+00
   2.2700000e+02  -6.1728300e+00  -7.2349000e+00   3.4030000e+01   1.0000000e+00
   2.2800000e+02   6.4609300e+00  -9.8977000e+00   3.4326200e+01   1.0000000e+00
   2.2900000e+02   1.0110500e+01  -1.5140200e+01   3.6294200e+01  -1.0000000e+00
   2.3000000e+02  -6.0132900e-01   1.3783600e+01   3.1729600e+01   2.0000000e+00
   2.3100000e+02  -1.1171600e+01   3.1724600e+00   3.4299700e+01   1.0000000e+00
   2.3200000e+02   1.5628700e+01   8.6690700e+00  -9.5849100e+00  -2.0000000e+00
   2.3300000e+02  -1.1697600e+01   1.0352300e+01   3.4333300e+01   1.0000000e+00
   2.3400000e+02  -8.8260200e+00  -2.2536000e-01   3.4489100e+01   1.0000000e+00
   2.3500000e+02  -8.8919300e+00  -1.2853900e+01   3.4238300e+01   1.0000000e+00
   2.3600000e+02   3.5087400e+00  -1.1929800e+01   3.3976000e+01   1.0000000e+00
   2.3700000e+02  -1.5937600e+01  -2.5578300e+00   3.5271600e+01  -2.0000000e+00
   2.3800000e+02  -1.6250300e+01  -1.1573000e+01   3.4875400e+01  -1.0000000e+00
   2.3900000e+02   1.7527500e+01   5.6010900e+00   3.2096000e+01  -1.0000000e+00
   2.4000000e+02  -1.7226600e+01  -8.9891700e-01   5.0607000e+01  -1.0000000e+00
   2.4100000e+02  -2.8790700e+00   3.8456800e+00   3.4646600e+01   1.0000000e+00
   2.4200000e+02   1.5947400e+01  -1.7253900e+00   3.0136100e+01  -2.0000000e+00
   2.4300000e+02   4.0652200e-01   2.3105200e+00   3.4519000e+01  -3.0000000e+00
   2.4400000e+02   6.5826100e+00   1.1737000e+01   2.9856400e+01   2.0000000e+00
   2.4500000e+02  -1.3161000e+00  -1.7793700e+01   3.3424000e+01  -1.0000000e+00
   2.4600000e+02   8.4858100e+00   4.4499200e+00   9.0986200e-01   2.0000000e+00
   2.4700000e+02  -3.8716900e+00  -1.0675400e+01   3.4084800e+01   1.0000000e+00
   2.4800000e+02  -1.4479900e+01  -7.8559800e+00   3.4492000e+01  -2.0000000e+00
   2.4900000e+02   2.0654200e+00  -6.6477500e+00   3.4510000e+01   1.0000000e+00
   2.5000000e+02  -1.5078000e+01  -1.3278700e+01   3.3805600e+01  -1.0000000e+00
   2.5100000e+02   4.4094500e+00  -1.0039300e+01   3.4455600e+01   1.0000000e+00
   2.5200000e+02  -1.0339900e+01  -7.5705400e+00   3.4330400e+01   1.0000000e+00
   2.5300000e+02   1.3795000e+01   1.1742900e+01   2.4049200e+01  -2.0000000e+00
   2.5400000e+02  -1.5867600e+01   1.0098400e+01   4.8354900e+01  -1.0000000e+00
   2.5500000e+02  -2.4168900e+00   1.2818400e+01   2.5590700e+01  -3.0000000e+00
   2.5600000e+02   1.3820300e+01   9.6851000e+00   3.0632100e+01  -2.0000000e+00
   2.5700000e+02  -3.3759500e+00  -1.7895000e+01   3.2605300e+01  -1.0000000e+00
   2.5800000e+02  -3.4060700e+00   1.1022500e+01   3.2398000e+01  -3.0000000e+00
   2.5900000e+02   4.1132200e+00  -6.4434900e+00   3.4352600e+01   1.0000000e+00
   2.6000000e+02  -1.6593800e+01   4.5553400e+00   3.4679900e+01  -1.0000000e+00
   2.6100000e+02   1.7210100e+01  -5.4569500e+00   1.8946000e+01  -1.0000000e+00
   2.6200000e+02  -6.1600700e+00   5.3776500e+00   3.4398400e+01   1.0000000e+00
   2.6300000e+02   5.2838700e+00  -8.1858800e+00   3.4249000e+01   1.0000000e+00
   2.6400000e+02  -6.4405100e+00   8.9365600e+00   3.4022800e+01   1.0000000e+00
   2.6500000e+02   1.0317500e+01  -6.0208900e+00   2.2388300e+01  -3.0000000e+00
   2.6600000e+02  -4.1147300e+00  -7.0977700e+00   3.3953500e+01   1.0000000e+00
   2.6700000e+02   8.3997200e+00   8.6163300e+00   7.4620600e-01   2.0000000e+00
   2.6800000e+02  -1.4182400e+01  -1.1423300e+01   3.4152300e+01  -2.0000000e+00
   2.6900000e+02  -8.6831100e+00   1.2418800e+01   3.3431500e+01   1.0000000e+00
   2.7000000e+02  -2.4112600e+00  -1.5993500e+01   3.3495100e+01  -2.0000000e+00
   2.7100000e+02  -7.6467500e+00  -1.9303800e+00   3.4689300e+01   1.0000000e+00
   2.7200000e+02   1.0238500e+01   7.5712300e+00   4.7874200e-01   2.0000000e+00
   2.7300000e+02  -1.2685200e+01  -4.1217200e+00   3.4614400e+01   1.0000000e+00
   2.7400000e+02   1.4119100e+01  -2.7950600e+00   1.6240500e-01   2.0000000e+00
   2.7500000e+02  -8.2160700e+00   5.2007800e+00   3.4574900e+01   1.0000000e+00
   2.7600000e+02  -6.7705000e+00  -6.6091100e-02   3.4500700e+01   1.0000000e+00
   2.7700000e+02   1.7543100e+01   7.9082500e+00   6.4468800e+01  -1.0000000e+00
   2.7800000e+02  -1.1456500e+00  -5.0530600e+00   3.4256700e+01   1.0000000e+00
   2.7900000e+02   2.3609400e+00  -1.0222900e+01   3.4374800e+01   1.0000000e+00
   2.8000000e+02  -4.3765000e+00  -3.5203200e+00   3.4713000e+01   1.0000000e+00
   2.8100000e+02  -7.6782000e-01   1.8026500e+01  -6.8303400e-01  -1.0000000e+00
   2.8200000e+02  -1.2979100e+01  -5.7069300e-01   3.4667300e+01   1.0000000e+00
   2.8300000e+02   1.2359100e+01  -5.8702200e+00   2.1139700e+01  -3.0000000e+00
   2.8400000e+02   1.0496100e+01  -2.7578800e+00   5.4874200e+01  -3.0000000e+00
   2.8500000e+02  -7.7291900e+00  -1.4569800e+01   3.3700800e+01  -2.0000000e+00
   2.8600000e+02   1.3902700e+01   5.5092900e+00   9.6578700e-01   2.0000000e+00
   2.8700000e+02   1.2441400e+00   1.2832300e+01   2.0516700e+00   2.0000000e+00
   2.8800000e+02   1.4109000e+01  -6.8708800e-01   3.1045900e-01   2.0000000e+00
   2.8900000e+02  -8.5360800e+00   8.8294100e+00   3.3792400e+01   1.0000000e+00
   2.9000000e+02  -1.6657100e+01  -8.0270900e+00   1.9152000e+01  -1.0000000e+00
   2.9100000e+02   2.9179900e+00   1.5949600e+01   2.8329800e+00  -2.0000000e+00
   2.9200000e+02  -5.4974500e+00   1.0853200e+01   3.3663100e+01   1.0000000e+00
   2.9300000e+02   7.7165600e-01  -1.7580000e+01   3.2883500e+01  -1.0000000e+00
   2.9400000e+02   1.3558300e+01  -7.5332600e+00   2.8656400e+01  -2.0000000e+00
   2.9500000e+02  -2.3335600e+00   9.2703600e+00   2.2804700e+01  -3.0000000e+00
   2.9600000e+02  -3.8240100e+00   1.9710300e+00   3.4810200e+01   1.0000000e+00
   2.9700000e+02  -5.2789800e+00  -5.3760000e+00   3.4167000e+01   1.0000000e+00
   2.9800000e+02  -1.1972500e+01   1.4002700e+01   3.4865300e+01  -1.0000000e+00
   2.9900000e+02   1.5873100e+01   2.3984500e+00   1.7818700e+00  -2.0000000e+00
