   0.0000000e+00   6.5524600e+00  -1.3223500e+01   3.9385700e+01   1.0000000e+00
   1.0000000e+00  -1.0447500e+01   2.1183700e+00   9.8393200e+00   2.0000000e+00
   2.0000000e+00  -3.4139300e+00  -1.8969600e+01   2.7760100e+01  -1.0000000e+00
   3.0000000e+00   1.1427900e+01  -1.0677800e+01   3.8019100e+01   1.0000000e+00
   4.0000000e+00  -2.6119500e+00   1.2637100e+01   3.7939100e+01   1.0000000e+00
   5.0000000e+00  -1.7654100e+01   8.9112200e-01  -4.9359800e+00  -1.0000000e+00
   6.0000000e+00  -1.0428300e+01   1.3624900e+01   2.4604300e+01  -2.0000000e+00
   7.0000000e+00   1.2803800e+01   7.6628600e+00   3.8828600e+01   1.0000000e+00
   8.0000000e+00   9.6494800e+00   1.4476200e+01   2.6143700e+01  -2.0000000e+00
   9.0000000e+00   1.2895600e+01  -6.8161200e+00   3.8723700e+01   1.0000000e+00
   1.0000000e+01  -8.9179200e+00  -1.5915100e+01   1.7446500e+01  -1.0000000e+00
   1.1000000e+01   1.2021300e+01   5.7549800e+00   3.8671600e+01   1.0000000e+00
   1.2000000e+01  -3.4622800e-01   3.9214700e+00   3.9117100e+01   1.0000000e+00
   1.3000000e+01  -1.1906800e+01   1.0271200e+01   8.4490600e+00   2.0000000e+00
   1.4000000e+01  -1.5514100e+01   9.8687800e+00   7.0500400e+00  -1.0000000e+00
   1.5000000e+01   6.3807800e+00   1.3016900e+00   3.9227300e+01   1.0000000e+00
   1.6000000e+01  -9.9314800e+00  -1.1518800e+01   1.0941400e+01   2.0000000e+00
   1.7000000e+01  -7.1779400e+00  -6.7769500e+00   9.6577300e+00   2.0000000e+00
   1.8000000e+01  -5.3038900e-02   9.4078500e+00   3.7489800e+01   1.0000000e+00
   1.9000000e+01   1.3525400e+01   9.6102800e+00   3.8794300e+01  -2.0000000e+00
   2.0000000e+01   3.3783600e+00  -6.3841300e+00   3.9095500e+01   1.0000000e+00
   2.1000000e+01   7.2842900e+00  -1.1290300e+01   3.8803300e+01   1.0000000e+00
   2.2000000e+01   9.5676700e-01   1.6855000e+01   3.9189200e+01  -1.0000000e+00
   2.3000000e+01   1.4135300e+01   6.0744800e+00   3.9196700e+01   1.0000000e+00
   2.4000000e+01   1.1976300e+01  -1.4320800e+01   3.7435800e+01  -1.0000000e+00
   2.5000000e+01  -1.8410900e+00   1.4558900e+01   3.8292000e+01   1.0000000e+00
   2.6000000e+01  -6.9144200e+00   2.7239500e+00   2.9095300e+01  -3.0000000e+00
   2.7000000e+01   1.2636500e+01   2.2056500e+00   3.8545300e+01   1.0000000e+00
   2.8000000e+01  -7.9720000e+00  -1.2180900e+01   1.1356200e+01   2.0000000e+00
   2.9000000e+01  -5.9285600e+00   7.8466800e+00   1.1465700e+01  -3.0000000e+00
   3.0000000e+01   9.3855600e+00  -1.0945100e+01   3.8691600e+01   1.0000000e+00
   3.1000000e+01   4.3356900e+00   9.8341100e-01   3.8436900e+01   1.0000000e+00
   3.2000000e+01   1.4211400e+01  -8.4633900e+00   3.8868800e+01  -2.0000000e+00
   3.3000000e+01   8.8039600e+00  -7.4090700e+00   3.9212300e+01   1.0000000e+00
   3.4000000e+01  -7.4757000e+00  -4.7224200e+00   9.3068000e+00   2.0000000e+00
   3.5000000e+01   9.9746900e+00   5.4747500e+00   3.8934300e+01   1.0000000e+00
   3.6000000e+01   1.6989500e+01  -6.1899600e+00   5.3190200e+01  -1.0000000e+00
   3.7000000e+01  -1.2908900e+00   1.8634700e+01  -8.9499200e+00  -1.0000000e+00
   3.8000000e+01  -6.1312700e+00   9.9415700e+00  -3.6841700e+00  -3.0000000e+00
   3.9000000e+01   6.9076700e+00  -2.2584700e+00   3.8611600e+01   1.0000000e+00
   4.0000000e+01  -2.9578700e+00  -1.0347600e+01   1.8979000e+01  -3.0000000e+00
   4.1000000e+01  -3.4063100e+00   1.0741100e+01   3.8111900e+01  -3.0000000e+00
   4.2000000e+01  -1.7094100e+00  -1.1988000e+01   3.1842000e+01  -3.0000000e+00
   4.3000000e+01   3.2084900e+00  -1.1936400e+01   3.9130500e+01   1.0000000e+00
   4.4000000e+01   1.7140300e+00   4.2282300e+00   3.8992000e+01   1.0000000e+00
   4.5000000e+01   6.1192800e+00   1.0328000e+01   3.8862600e+01   1.0000000e+00
   4.6000000e+01  -1.4105600e+01   1.5481300e+00   1.0177500e+01   2.0000000e+00
   4.7000000e+01   2.0688400e+00  -4.7808500e+00   4.0237700e+01   1.0000000e+00
   4.8000000e+01   9.9335800e+00  -1.4493300e+01   5.0235200e+01  -2.0000000e+00
   4.9000000e+01   1.9216700e+00  -1.0314200e+01   3.8768200e+01   1.0000000e+00
   5.0000000e+01   1.1485000e+01   9.3151100e+00   3.8179800e+01   1.0000000e+00
   5.1000000e+01   1.0957500e+01   1.2868200e+01   3.8501300e+01  -2.0000000e+00
   5.2000000e+01   7.4659900e+00  -5.7863100e+00   3.9396100e+01   1.0000000e+00
   5.3000000e+01  -4.9557800e+00   2.0557600e+00   2.9013200e+01  -3.0000000e+00
   5.4000000e+01  -7.8395900e+00   8.5916300e+00   7.7674000e+00  -3.0000000e+00
   5.5000000e+01  -1.2265300e+01  -8.7232600e+00   1.0790700e+01   2.0000000e+00
   5.6000000e+01   5.3424100e+00   8.4026100e+00   3.7974600e+01   0.0000000e+00
   5.7000000e+01  -1.4586700e+01  -5.9046800e+00   9.6726700e+00   2.0000000e+00
   5.8000000e+01   3.7581800e+00  -1.5489200e+01   2.6906800e+01  -2.0000000e+00
   5.9000000e+01  -2.4955700e+00  -6.7190400e-01  -2.8707300e+00  -3.0000000e+00
   6.0000000e+01   6.0209900e+00  -9.6607200e+00   3.8818200e+01   1.0000000e+00
   6.1000000e+01  -1.0607200e+00   1.9784500e+00   2.9204000e+01  -3.0000000e+00
   6.2000000e+01   1.0660900e+01  -1.2583400e+01   3.7765800e+01  -2.0000000e+00
   6.3000000e+01  -4.4228500e+00   4.0320600e+00   2.0078800e+01  -3.0000000e+00
   6.4000000e+01  -5.4701000e+00   1.7916500e+01   1.7652500e+01  -1.0000000e+00
   6.5000000e+01   6.1594600e+00  -4.2053300e+00   3.8617600e+01   1.0000000e+00
   6.6000000e+01   4.1359900e+00  -1.7652700e+01  -1.4051600e-01  -1.0000000e+00
   6.7000000e+01  -9.7460100e+00  -1.9779500e+00   1.0057500e+01   2.0000000e+00
   6.8000000e+01   1.5726800e+01  -4.5686400e+00   3.7915000e+01  -2.0000000e+00
   6.9000000e+01  -8.3620500e+00  -1.0160500e+01   1.0488700e+01   2.0000000e+00
   7.0000000e+01  -6.4044900e+00  -1.0851200e+01   1.0796300e+01  -3.0000000e+00
   7.1000000e+01   1.1332800e+00  -1.2302600e+01   3.3549200e+01  -3.0000000e+00
   7.2000000e+01  -1.1477200e+01  -1.2908400e+01   1.1824900e+01  -2.0000000e+00
   7.3000000e+01   9.4279300e+00   9.0320300e+00   3.8319200e+01   1.0000000e+00
   7.4000000e+01   7.4042000e+00   8.7186600e+00   3.8359000e+01   1.0000000e+00
   7.5000000e+01  -1.6085100e+01   2.2327500e+00   1.0409800e+01  -2.0000000e+00
   7.6000000e+01  -4.8519600e+00  -9.5086700e+00   2.1583800e+01  -3.0000000e+00
   7.7000000e+01  -1.6439500e+01   4.3022600e+00   9.7820100e+00  -2.0000000e+00
   7.8000000e+01   1.4275200e+01   1.1529700e+01   2.3855000e+01  -1.0000000e+00
   7.9000000e+01  -1.2050600e+01   8.0887200e-01   9.9262000e+00   2.0000000e+00
   8.0000000e+01  -8.8557300e+00   3.4488900e+00  -1.7048200e+00  -3.0000000e+00
   8.1000000e+01  -1.0294600e+01   1.1558900e+01   6.4537000e+00   2.0000000e+00
   8.2000000e+01   9.1841900e+00  -1.6416200e+01   3.9246600e+01  -1.0000000e+00
   8.3000000e+01   8.0725200e+00  -9.3589300e+00   3.8948300e+01   1.0000000e+00
   8.4000000e+01   4.8714600e+00  -2.5377400e+00   3.8458500e+01   1.0000000e+00
   8.5000000e+01   1.3547400e+00  -6.7754100e+00   3.9711800e+01  -3.0000000e+00
   8.6000000e+01   2.6576700e+00  -8.3660300e+00   3.9100100e+01   1.0000000e+00
   8.7000000e+01   6.8633600e+00   1.2298600e+01   3.8921500e+01   1.0000000e+00
   8.8000000e+01  -1.2504400e+01   2.8405100e+00   9.4793200e+00   2.0000000e+00
   8.9000000e+01   5.0789000e+00   2.9442300e+00   3.8721000e+01   1.0000000e+00
   9.0000000e+01   1.0522500e+01   1.9306300e+00   3.7630200e+01   1.0000000e+00
   9.1000000e+01   1.5421400e+01   4.4762100e+00   3.9113500e+01  -2.0000000e+00
   9.2000000e+01  -1.1704900e+01  -1.2708500e+00   9.6037800e+00   2.0000000e+00
   9.3000000e+01   1.5583800e+00  -1.8843900e+01   3.9910900e+01  -1.0000000e+00
   9.4000000e+01  -7.9725600e+00   1.4704000e+01   5.2955800e+01  -2.0000000e+00
   9.5000000e+01  -4.6412900e+00   1.2385600e+01   2.7431600e+01  -3.0000000e+00
   9.6000000e+01  -1.9557600e+00  -4.7749500e+00   9.6341500e-01  -3.0000000e+00
   9.7000000e+01   1.2349900e+01  -3.2388900e+00   3.8157600e+01   1.0000000e+00
   9.8000000e+01   6.7477100e+00  -7.7108300e+00   3.9346700e+01   1.0000000e+00
   9.9000000e+01  -2.0983900e+00   9.1340000e+00   3.7611000e+01   1.0000000e+00
   1.0000000e+02   6.5985000e+00   6.7780400e+00   3.7913100e+01   1.0000000e+00
   1.0100000e+02   4.1069300e+00  -4.4522100e+00   3.8430100e+01   1.0000000e+00
   1.0200000e+02   1.8065800e+01   1.2109900e+00   5.5033500e+01  -1.0000000e+00
   1.0300000e+02  -8.5229100e+00   1.3926400e+00   9.4613200e+00   2.0000000e+00
   1.0400000e+02   1.3353500e+01   4.1474700e+00   3.9134700e+01   1.0000000e+00
   1.0500000e+02  -7.7917500e+00  -2.6778600e+00   9.8089100e+00   2.0000000e+00
   1.0600000e+02  -1.4070400e+00  -8.9936000e+00   4.2605500e+01  -3.0000000e+00
   1.0700000e+02   1.7035600e+01   8.3073900e+00   3.7712100e+01  -1.0000000e+00
   1.0800000e+02  -6.0443200e+00   1.3930200e+01   4.6189100e+01  -3.0000000e+00
   1.0900000e+02   2.8059700e+00  -2.8555900e+00   3.9198600e+01   1.0000000e+00
   1.1000000e+02  -1.2798600e+01   4.8788400e+00   9.2089800e+00   2.0000000e+00
   1.1100000e+02  -1.3803300e+01  -1.0125900e+01   1.0483300e+01  -2.0000000e+00
   1.1200000e+02  -3.5490900e+00  -6.1181400e+00   9.9471200e+00   2.0000000e+00
   1.1300000e+02   8.1421400e+00   1.0663500e+01   3.8424900e+01   1.0000000e+00
   1.1400000e+02   1.1810500e+01   3.0847900e-01   3.7973600e+01   1.0000000e+00
   1.1500000e+02   1.5489700e+01  -1.0063700e+01   5.4081000e+01  -1.0000000e+00
   1.1600000e+02  -1.0842400e+01   4.1338400e+00   9.9253000e+00   2.0000000e+00
   1.1700000e+02   2.4910900e+00  -1.3854700e+01   3.3382600e+01  -3.0000000e+00
   1.1800000e+02   1.6018200e+01   8.6911600e-01   3.8858500e+01  -2.0000000e+00
   1.1900000e+02  -2.9359700e+00   7.1531800e+00   3.0045300e+01  -3.0000000e+00
   1.2000000e+02   6.3087100e+00   1.5849500e+01   2.6033000e+01  -2.0000000e+00
   1.2100000e+02   8.1919700e+00  -3.8568300e+00   3.9226200e+01   1.0000000e+00
   1.2200000e+02   4.6903100e+00  -8.0581700e+00   3.9099200e+01   1.0000000e+00
   1.2300000e+02  -4.1305800e+00   8.8227100e+00   3.4578100e+01  -3.0000000e+00
   1.2400000e+02  -1.4790500e+01   5.6154600e+00   9.5885200e+00  -2.0000000e+00
   1.2500000e+02   3.5212100e+00   1.3560400e+01   3.8695700e+01   1.0000000e+00
   1.2600000e+02  -1.4938300e+01  -3.8698900e+00   9.8793100e+00  -2.0000000e+00
   1.2700000e+02   1.2171500e+01  -8.7485400e+00   3.8379700e+01   1.0000000e+00
   1.2800000e+02   6.6302300e+00  -1.7087400e+01   3.2503000e+01  -1.0000000e+00
   1.2900000e+02   1.1724300e+01   1.4787500e+01   3.8127400e+01  -1.0000000e+00
   1.3000000e+02   1.2992800e+01   1.3162100e+01   3.8067000e+01  -2.0000000e+00
   1.3100000e+02   2.0347800e+00   9.6732400e+00   5.0236500e+01   0.0000000e+00
   1.3200000e+02   1.4741000e+00  -1.2583800e+00   3.8044800e+01   1.0000000e+00
   1.3300000e+02   1.3786700e+01   1.5069400e+01   6.7591900e+01  -1.0000000e+00
   1.3400000e+02  -3.4206900e+00   1.8381100e+01   8.5862300e+00  -1.0000000e+00
   1.3500000e+02  -1.0919400e+00   1.6493200e+01   1.9800400e+01  -2.0000000e+00
   1.3600000e+02  -3.9039200e+00  -4.0878000e+00   1.0219600e+01   2.0000000e+00
   1.3700000e+02  -4.5551800e+00  -1.4333300e+01   3.6093700e+01  -2.0000000e+00
   1.3800000e+02  -1.1002700e+01  -1.5104600e+01   1.1189500e+01  -1.0000000e+00
   1.3900000e+02   1.2240700e+01   1.1243600e+01   3.8325200e+01  -2.0000000e+00
   1.4000000e+02  -6.2028300e+00  -1.3684500e+00   1.0206800e+01   2.0000000e+00
   1.4100000e+02   3.7890400e+00   4.5659100e+00   3.8971900e+01   1.0000000e+00
   1.4200000e+02  -1.5277300e+01  -1.8498100e+00   1.0217700e+01  -2.0000000e+00
   1.4300000e+02   1.1066900e+01  -1.6147500e+00   3.8496800e+01   1.0000000e+00
   1.4400000e+02  -6.4125400e+00  -1.6023300e+01   1.5467100e+01  -1.0000000e+00
   1.4500000e+02   4.1391600e-01   5.8553500e+00   3.8479600e+01   1.0000000e+00
   1.4600000e+02  -1.6772400e+01   6.3243100e+00   9.8134000e+00  -1.0000000e+00
   1.4700000e+02  -1.5141300e+01   7.6818800e+00   9.2111600e+00  -2.0000000e+00
   1.4800000e+02   1.6169000e+01   6.4223400e+00   3.9039700e+01  -2.0000000e+00
   1.4900000e+02  -8.7323600e+00  -8.1130300e+00   1.0242400e+01   2.0000000e+00
   1.5000000e+02   1.4027000e+01  -1.4013100e+01   3.9002800e+01  -1.0000000e+00
   1.5100000e+02   8.9178600e+00   1.2563300e+01   3.8321900e+01   1.0000000e+00
   1.5200000e+02  -1.6514000e+01  -5.2052100e+00   1.0552800e+01  -2.0000000e+00
   1.5300000e+02  -1.5409300e+01  -1.1502800e+01   9.9945000e+00  -1.0000000e+00
   1.5400000e+02  -1.0127900e+01   5.8963900e-02   9.6975300e+00   2.0000000e+00
   1.5500000e+02  -3.0273500e+00   1.3242600e+00   3.7472100e+01  -3.0000000e+00
   1.5600000e+02   5.4139900e+00  -6.1360600e+00   3.8826500e+01   1.0000000e+00
   1.5700000e+02  -1.4217400e+01  -8.0287400e+00   9.9527700e+00  -2.0000000e+00
   1.5800000e+02   5.8273400e+00   4.8689300e+00   3.8243900e+01   1.0000000e+00
   1.5900000e+02  -3.2819000e+00  -8.1731700e+00   8.2134000e+00   2.0000000e+00
   1.6000000e+02  -5.5615500e-01   1.2938400e+01   3.8470300e+01   1.0000000e+00
   1.6100000e+02  -3.1917900e+00   1.6272100e+01   2.0321100e+01  -2.0000000e+00
   1.6200000e+02  -1.3174700e+01   6.9256700e+00   9.3705400e+00   2.0000000e+00
   1.6300000e+02   1.2228600e+00   7.7796100e+00   3.7678200e+01   0.0000000e+00
   1.6400000e+02  -1.3169000e+00   1.1032100e+01   3.8038800e+01   1.0000000e+00
   1.6500000e+02  -1.3498900e+01  -1.2265200e+01  -1.1506000e+00  -2.0000000e+00
   1.6600000e+02  -9.4838800e+00  -1.3580000e+01   1.2593900e+01  -2.0000000e+00
   1.6700000e+02   3.0431200e+00   2.6322400e+00   3.8973700e+01   1.0000000e+00
   1.6800000e+02   8.9300600e+00  -1.9178400e+00   3.8690400e+01   1.0000000e+00
   1.6900000e+02  -1.6142800e+01  -7.2624800e+00  -2.4214900e+00  -2.0000000e+00
   1.7000000e+02  -6.7894900e+00  -8.8094300e+00   1.0469900e+01   2.0000000e+00
   1.7100000e+02   9.2400900e+00   3.5632100e+00   3.8230700e+01   1.0000000e+00
   1.7200000e+02  -1.1357500e+01  -3.2965200e+00   9.2940900e+00   2.0000000e+00
   1.7300000e+02   1.0837600e+01  -7.0816600e+00   3.8865200e+01   1.0000000e+00
   1.7400000e+02  -1.7361700e+01  -1.1804600e+00  -4.6516500e+00  -1.0000000e+00
   1.7500000e+02   1.0206500e+01   1.0948200e+01   3.8212900e+01   1.0000000e+00
   1.7600000e+02  -2.3120900e+00  -2.7333700e+00   7.9851100e+00  -3.0000000e+00
   1.7700000e+02   1.5373900e-01  -1.7122700e+01   3.9859000e+01  -2.0000000e+00
   1.7800000e+02  -9.2774100e+00   5.4514200e+00   8.1295200e+00  -3.0000000e+00
   1.7900000e+02   1.0094900e+01  -9.0142000e+00   3.8880400e+01   1.0000000e+00
   1.8000000e+02   1.4668600e+01   2.5591300e+00   3.8923400e+01   1.0000000e+00
   1.8100000e+02   3.5447300e+00  -9.4422600e-01   3.8481600e+01   1.0000000e+00
   1.8200000e+02   7.8555200e+00  -1.4820600e+01   3.8090000e+01  -2.0000000e+00
   1.8300000e+02  -1.4422600e+01   3.5915200e+00   9.3315400e+00   2.0000000e+00
   1.8400000e+02  -1.4801800e-01  -1.0640700e+01   3.2691700e+01  -3.0000000e+00
   1.8500000e+02   1.0706000e+01   7.4102100e+00   3.8385900e+01   1.0000000e+00
   1.8600000e+02  -5.9086100e-01  -1.5652700e+00   3.6246200e+01  -3.0000000e+00
   1.8700000e+02   5.8168600e+00  -1.5183400e+01   2.3950800e+01  -2.0000000e+00
   1.8800000e+02  -1.2170200e+00  -1.5550500e+01   3.9933100e+01   1.0000000e+00
   1.8900000e+02   1.7547500e+01   4.8685000e+00   2.4633600e+01  -1.0000000e+00
   1.9000000e+02   8.4143600e+00   1.6128300e+01   3.7050100e+01  -1.0000000e+00
   1.9100000e+02  -7.5345400e+00  -1.4273400e+01   1.7442700e+01  -2.0000000e+00
   1.9200000e+02   2.4767500e+00   6.1491900e+00   2.6738400e+01   0.0000000e+00
   1.9300000e+02  -1.1215800e+01   6.1775700e+00   9.4866300e+00   2.0000000e+00
   1.9400000e+02  -8.5818600e+00   1.2732800e+01   2.5849200e+01  -3.0000000e+00
   1.9500000e+02  -6.4110900e+00   4.7633100e+00   3.9001300e+01  -3.0000000e+00
   1.9600000e+02  -1.3838900e+01   1.1079700e+01   7.5381300e+00  -2.0000000e+00
   1.9700000e+02  -1.3001600e+01  -1.4325300e+01   1.1727200e+01  -1.0000000e+00
   1.9800000e+02   7.6897300e+00  -2.8439800e-01   3.8680500e+01   1.0000000e+00
   1.9900000e+02  -1.5676500e+01   2.0291600e-01   1.0513500e+01  -2.0000000e+00
   2.0000000e+02  -1.2200500e+01   1.2352200e+01   6.7911500e+00  -2.0000000e+00
   2.0100000e+02  -4.4005400e-01  -1.3648900e+01   3.2868200e+01  -3.0000000e+00
   2.0200000e+02   5.0746200e+00   1.7491100e+01   3.7645000e+01  -1.0000000e+00
   2.0300000e+02   6.1392100e-01  -8.6887400e+00   5.0776300e+01  -3.0000000e+00
   2.0400000e+02   1.6747500e+01   2.8283500e+00   3.9215500e+01  -2.0000000e+00
   2.0500000e+02  -9.5720600e+00   7.4843600e+00   7.4724000e+00  -3.0000000e+00
   2.0600000e+02   1.2717200e+01  -1.2364400e+01   3.8324100e+01  -2.0000000e+00
   2.0700000e+02   1.3655300e+01  -4.8569500e+00   3.8235300e+01   1.0000000e+00
   2.0800000e+02  -4.8202300e+00  -1.7389200e+01   1.4803300e+01  -1.0000000e+00
   2.0900000e+02   9.5073900e+00  -5.4734300e+00   3.9085100e+01   1.0000000e+00
   2.1000000e+02  -1.2329400e+01   1.4476200e+01   5.5435200e+00  -1.0000000e+00
   2.1100000e+02   8.6036600e+00  -1.2882100e+01   3.8969100e+01   1.0000000e+00
   2.1200000e+02   2.0001500e-01   1.4888600e+01   3.8884100e+01  -2.0000000e+00
   2.1300000e+02  -1.0690700e+01  -7.3802000e+00   1.0209600e+01   2.0000000e+00
   2.1400000e+02   1.4448700e+01  -2.9463700e+00   3.8317800e+01   1.0000000e+00
   2.1500000e+02   1.5654100e+01   9.9208200e+00   2.4049000e+01  -1.0000000e+00
   2.1600000e+02  -3.3112100e+00  -1.5963700e+01   3.4858500e+01  -2.0000000e+00
   2.1700000e+02   1.4758800e+00   1.3248900e+01   3.8602900e+01   1.0000000e+00
   2.1800000e+02   6.4342700e-01  -3.2185500e+00   3.9815000e+01  -3.0000000e+00
   2.1900000e+02   1.3930700e+01   5.8575300e-01   3.8157200e+01   1.0000000e+00
   2.2000000e+02   5.2360000e+00  -1.1614300e+01   3.8991300e+01   1.0000000e+00
   2.2100000e+02   1.8803900e+01   3.2555000e+00   3.9932600e+01  -1.0000000e+00
   2.2200000e+02  -1.2638500e+01  -6.6901100e+00   9.8823900e+00   2.0000000e+00
   2.2300000e+02   5.5475400e+00   1.3901600e+01   3.9046600e+01   1.0000000e+00
   2.2400000e+02  -9.4021100e+00  -4.0145700e+00   9.3051500e+00   2.0000000e+00
   2.2500000e+02   5.6247500e+00  -6.2536600e-01   3.8671100e+01   1.0000000e+00
   2.2600000e+02   1.6238700e+01  -8.1392700e+00   5.3675100e+01  -1.0000000e+00
   2.2700000e+02  -9.1113100e+00  -6.0552100e+00   9.5042800e+00   2.0000000e+00
   2.2800000e+02   1.4753400e+01  -1.2016400e+01   5.4424300e+01  -1.0000000e+00
   2.2900000e+02  -1.1052200e+01  -5.3404000e+00   9.4674700e+00   2.0000000e+00
   2.3000000e+02   1.7401700e+01  -7.5373200e-01   5.3402500e+01  -1.0000000e+00
   2.3100000e+02   7.9228200e+00   5.1517900e+00   3.8468400e+01   1.0000000e+00
   2.3200000e+02  -1.6939300e+01  -3.2059600e+00  -3.8382700e+00  -1.0000000e+00
   2.3300000e+02  -1.5829800e+01  -9.3662800e+00  -5.3183500e+00  -1.0000000e+00
   2.3400000e+02  -1.1583800e+01   8.2334900e+00   9.2447400e+00   2.0000000e+00
   2.3500000e+02  -1.3903900e+00  -6.7916500e+00   4.6411600e+01  -3.0000000e+00
   2.3600000e+02  -7.1882800e+00   1.6736300e+01   5.6283200e+01  -1.0000000e+00
   2.3700000e+02  -3.9127000e+00   1.4306700e+01   3.9172400e+01   1.0000000e+00
   2.3800000e+02  -1.1857200e+01  -1.0788100e+01   1.0759300e+01   2.0000000e+00
   2.3900000e+02   1.7762900e+01  -4.2716700e+00   3.7641800e+01  -1.0000000e+00
   2.4000000e+02   8.6683300e+00   7.0628000e+00   3.8650700e+01   1.0000000e+00
   2.4100000e+02   4.0629900e+00   1.0005700e+01   2.6755800e+01   0.0000000e+00
   2.4200000e+02  -5.4855600e+00  -5.4258000e+00   9.5084500e+00   2.0000000e+00
   2.4300000e+02   9.7301600e+00   2.2250100e-02   3.8091900e+01   1.0000000e+00
   2.4400000e+02   1.5230100e+01  -1.0150300e+00   3.8042900e+01  -2.0000000e+00
   2.4500000e+02  -7.4979900e+00   6.5185300e+00   1.1469000e+01  -3.0000000e+00
   2.4600000e+02  -1.0298300e+01  -9.4421900e+00   1.0248000e+01   2.0000000e+00
   2.4700000e+02  -6.5860400e+00   6.6025200e-01   9.9521100e+00   2.0000000e+00
   2.4800000e+02  -4.6187300e+00  -2.4388400e-02   1.0616700e+01   2.0000000e+00
   2.4900000e+02   2.1827200e+00  -1.6819600e+01   3.9206400e+01  -2.0000000e+00
   2.5000000e+02  -1.3678600e+01  -5.2720700e-01   9.9660100e+00   2.0000000e+00
   2.5100000e+02  -1.3321400e+01  -2.5708700e+00   9.3549000e+00   2.0000000e+00
   2.5200000e+02  -2.5406000e+00  -1.3907800e+01   3.9227100e+01   1.0000000e+00
   2.5300000e+02   2.2996400e+00   6.9562800e-01   3.8246600e+01   1.0000000e+00
   2.5400000e+02   1.6533000e+01  -2.6147000e+00   3.7468900e+01  -2.0000000e+00
   2.5500000e+02   3.9533700e+00  -1.0002400e+01   3.8861100e+01   1.0000000e+00
   2.5600000e+02  -1.4118100e+01   1.3114500e+01   7.8041300e+00  -1.0000000e+00
   2.5700000e+02  -6.6609800e+00   1.1967200e+01   3.5621900e+01  -3.0000000e+00
   2.5800000e+02  -5.8484200e+00  -3.3917900e+00   9.9862900e+00   2.0000000e+00
   2.5900000e+02   9.2689900e-01  -1.5188800e+01   3.3487600e+01  -3.0000000e+00
   2.6000000e+02   1.0298100e+01  -3.5168700e+00   3.8540600e+01   1.0000000e+00
   2.6100000e+02   1.3466600e+01  -1.0407200e+01   3.8651500e+01  -2.0000000e+00
   2.6200000e+02  -1.3507200e+01   8.9590300e+00   8.4135500e+00  -2.0000000e+00
   2.6300000e+02   5.7640200e-02  -5.1826200e+00   4.4083200e+01  -3.0000000e+00
   2.6400000e+02  -5.2238500e+00  -7.4855700e+00   9.6125300e+00   2.0000000e+00
   2.6500000e+02  -4.2617300e+00  -2.0384900e+00   9.9144400e+00   2.0000000e+00
   2.6600000e+02  -2.4055000e+00   3.5720900e+00   4.8038000e+01  -3.0000000e+00
   2.6700000e+02   1.4939500e+01  -6.4733600e+00   3.8542300e+01  -2.0000000e+00
   2.6800000e+02  -1.2993600e+01  -4.6068900e+00   9.2040200e+00   2.0000000e+00
   2.6900000e+02  -5.2646200e+00   1.5858300e+01   1.4301200e+01  -2.0000000e+00
   2.7000000e+02  -1.8044100e+01   2.9209000e+00   1.0748100e+01  -1.0000000e+00
   2.7100000e+02   1.4839900e+01   8.0279700e+00   3.8941000e+01  -2.0000000e+00
   2.7200000e+02  -9.8190700e+00   1.5687100e+01   5.2753800e+01  -1.0000000e+00
   2.7300000e+02   3.0270600e+00   1.7194300e+01   3.8174000e+01  -1.0000000e+00
   2.7400000e+02   2.2438200e+00   1.5236000e+01   3.8483800e+01  -2.0000000e+00
   2.7500000e+02  -3.9861500e+00  -1.2274300e+01   5.2299300e+01  -3.0000000e+00
   2.7600000e+02  -9.9608400e+00   9.5007200e+00   7.6523200e+00   2.0000000e+00
   2.7700000e+02   7.1046000e+00   3.2549900e+00   3.8652500e+01   1.0000000e+00
   2.7800000e+02   4.5255900e+00  -1.3569000e+01   3.8909900e+01   1.0000000e+00
   2.7900000e+02   8.4417400e+00   1.6777000e+00   3.8589100e+01   1.0000000e+00
   2.8000000e+02  -4.7286200e+00   6.0918000e+00   1.2932700e+01  -3.0000000e+00
   2.8100000e+02  -8.1782200e+00  -6.4350800e-01   1.0019000e+01   2.0000000e+00
   2.8200000e+02  -1.6422900e+00   5.5306000e+00   3.8794500e+01  -3.0000000e+00
   2.8300000e+02   2.7696400e+00   1.1619000e+01   3.8748300e+01   1.0000000e+00
   2.8400000e+02   4.8293100e+00   1.1926400e+01   3.9118400e+01   1.0000000e+00
   2.8500000e+02   9.9038100e-01   2.2944300e+00   3.9127300e+01   1.0000000e+00
   2.8600000e+02   4.5334600e+00   6.5127600e+00   5.0290600e+01   0.0000000e+00
   2.8700000e+02   7.5959800e+00   1.4216600e+01   3.8126600e+01  -2.0000000e+00
   2.8800000e+02  -8.9957100e-01   7.4527300e+00   3.7917500e+01   1.0000000e+00
   2.8900000e+02   2.3277000e-01   3.7500800e-01   3.8080800e+01  -3.0000000e+00
   2.9000000e+02   1.1313600e+01   3.8298000e+00   3.8614200e+01   1.0000000e+00
   2.9100000e+02   7.3343400e-01   1.1307600e+01   3.8298800e+01   1.0000000e+00
   2.9200000e+02  -1.8822600e+00  -1.7497900e+01   3.5733700e+01  -2.0000000e+00
   2.9300000e+02  -5.0707200e-01  -1.9121500e+01   3.9875900e+01  -1.0000000e+00
   2.9400000e+02  -8.2262100e+00   1.0610300e+01   8.5901700e+00   2.0000000e+00
   2.9500000e+02  -1.8097500e+01  -6.5431600e+00   3.9996000e+01  -1.0000000e+00
   2.9600000e+02   4.2746000e+00   1.5535200e+01   3.8150800e+01  -2.0000000e+00
   2.9700000e+02  -5.9922800e+00  -1.2863200e+01   1.3142200e+01  -3.0000000e+00
   2.9800000e+02   1.1563100e+01  -5.1462200e+00   3.8393600e+01   1.0000000e+00
   2.9900000e+02   1.3109700e+01  -1.3090500e+00   3.8256200e+01   1.0000000e+00
