   0.0000000e+00  -7.4654100e+00  -5.7069300e+00   5.6529100e+01  -2.0000000e+00
   1.0000000e+00  -5.5749300e+00   8.8812500e+00   1.8863600e+01   2.0000000e+00
   2.0000000e+00   2.5523900e+00   7.2892000e+00   1.8768700e+01   2.0000000e+00
   3.0000000e+00  -9.3091200e-01   5.7993300e-01   2.8162100e+01  -3.0000000e+00
   4.0000000e+00   1.2621900e+01  -5.7988500e+00   5.0408500e+01   1.0000000e+00
   5.0000000e+00  -1.2993600e+01   1.4094000e+01   3.3048900e+01  -1.0000000e+00
   6.0000000e+00   1.1692600e+01  -3.8082800e-01   5.1155500e+01   1.0000000e+00
   7.0000000e+00   1.1514700e+01   1.4638000e+01   3.0868700e+00  -1.0000000e+00
   8.0000000e+00  -1.6475400e+01   7.3863000e+00   3.2692700e+01  -1.0000000e+00
   9.0000000e+00   1.1388400e+01  -2.4426100e+00   5.0924000e+01   1.0000000e+00
   1.0000000e+01   9.0476500e+00  -5.2160700e+00   5.0190000e+01   0.0000000e+00
   1.1000000e+01  -1.2407000e+01  -1.3322500e+01   3.2439400e+01  -1.0000000e+00
   1.2000000e+01  -1.7410300e-01   9.6713300e+00   1.8786000e+01   2.0000000e+00
   1.3000000e+01  -4.2718100e+00   1.6006000e+01   3.1825100e+01  -2.0000000e+00
   1.4000000e+01   1.2989400e+01   7.7876000e+00   3.9802300e+01  -3.0000000e+00
   1.5000000e+01   5.7681600e+00  -1.4242500e+01   5.1586700e+01   1.0000000e+00
   1.6000000e+01  -4.3409400e+00  -5.5919900e-01   2.3447500e+01  -3.0000000e+00
   1.7000000e+01  -2.8629600e+00   6.5111200e+00   1.9089200e+01   2.0000000e+00
   1.8000000e+01  -6.9451400e+00   1.2843300e+01   1.8813400e+01   2.0000000e+00
   1.9000000e+01  -6.4904500e-01  -8.9560300e+00   5.0802300e+01   1.0000000e+00
   2.0000000e+01  -1.1490000e+01  -6.1764700e+00   2.4653600e+01  -2.0000000e+00
   2.1000000e+01   7.3663700e+00   1.5460500e+01   2.0589300e+01  -2.0000000e+00
   2.2000000e+01   3.5378200e-01  -2.7448800e+00   5.1393900e+01   1.0000000e+00
   2.3000000e+01   1.5602800e+01   1.0977800e+00   5.0500200e+01  -2.0000000e+00
   2.4000000e+01   1.9346000e+00   1.4766700e+01   1.8135800e+01  -2.0000000e+00
   2.5000000e+01  -1.4398400e+01   1.2568500e+01   3.3133500e+01  -1.0000000e+00
   2.6000000e+01   2.5954200e+00  -1.1567000e+01   5.1115800e+01   1.0000000e+00
   2.7000000e+01   5.9832200e+00   1.3937900e+01   1.8105500e+01   2.0000000e+00
   2.8000000e+01   1.6873400e+01   9.3412600e+00   5.3411800e+01  -1.0000000e+00
   2.9000000e+01   4.9030600e+00   2.8648000e+00   6.3007100e+01  -3.0000000e+00
   3.0000000e+01   1.2029500e+01   1.6529500e+00   5.0983800e+01   1.0000000e+00
   3.1000000e+01  -2.1955800e+00   1.5652500e+01   1.9487600e+01  -2.0000000e+00
   3.2000000e+01   8.4172400e+00  -9.3009900e+00   5.1091900e+01   1.0000000e+00
   3.3000000e+01   2.9655600e-01  -1.4374400e+01   5.0394500e+01   1.0000000e+00
   3.4000000e+01   1.7242800e+01  -2.3091400e-01   5.0334300e+01  -2.0000000e+00
   3.5000000e+01  -8.9683200e+00   1.3233100e+01   1.9576000e+01   2.0000000e+00
   3.6000000e+01   9.3484200e+00  -1.4752600e+01   3.8537600e+01  -2.0000000e+00
   3.7000000e+01  -6.9307700e+00   7.3090200e+00   1.8625300e+01   2.0000000e+00
   3.8000000e+01  -1.3968700e+01  -5.9393600e+00   2.3553400e+01   0.0000000e+00
   3.9000000e+01  -9.0887300e+00  -3.3255500e+00   3.6182200e+01  -2.0000000e+00
   4.0000000e+01   1.1388700e+01   9.0782700e+00   3.0679300e+01  -3.0000000e+00
   4.1000000e+01  -1.1097900e+01   2.6008000e+00   1.8813500e+01   2.0000000e+00
   4.2000000e+01   1.3628900e+01   3.6382100e-01   5.0964400e+01   1.0000000e+00
   4.3000000e+01  -1.6637600e+01  -3.5804300e+00   1.8001700e+01  -2.0000000e+00
   4.4000000e+01   9.3731300e+00   9.5023400e+00   2.9568600e+01  -3.0000000e+00
   4.5000000e+01   1.4240100e+01   1.2666800e+01   2.6373400e+01  -1.0000000e+00
   4.6000000e+01  -1.6388800e+00  -1.5124500e+01   4.9961800e+01  -2.0000000e+00
   4.7000000e+01   1.2379600e+01   3.6963200e+00   5.0849000e+01   1.0000000e+00
   4.8000000e+01  -1.1768800e+01   4.5555000e+00   1.8547000e+01   2.0000000e+00
   4.9000000e+01  -4.9012600e+00   1.2423500e+01   1.8906700e+01   2.0000000e+00
   5.0000000e+01  -1.4746600e+00   1.3674200e+01   1.9127000e+01   2.0000000e+00
   5.1000000e+01  -1.1656400e+01   1.0048800e+01   1.8910000e+01   2.0000000e+00
   5.2000000e+01   1.5317600e+01  -9.4619000e-01   5.0819200e+01   1.0000000e+00
   5.3000000e+01   3.8334500e+00  -1.4982900e+01   5.0258100e+01   1.0000000e+00
   5.4000000e+01   4.8241100e+00  -8.7695600e+00   5.1068200e+01   1.0000000e+00
   5.5000000e+01  -1.1723400e+01   1.5733800e+01   1.8640200e+01  -1.0000000e+00
   5.6000000e+01   1.9961700e+00  -4.0568200e+00   5.0710500e+01   1.0000000e+00
   5.7000000e+01  -4.9135600e+00   6.8856900e+00   1.8767100e+01   2.0000000e+00
   5.8000000e+01  -5.5303700e+00  -1.6605500e+01   4.9992800e+01  -2.0000000e+00
   5.9000000e+01  -8.7325900e+00  -1.3925000e+01   4.9860300e+01  -2.0000000e+00
   6.0000000e+01   8.5419700e+00   1.7179900e+01   2.0466300e+01  -1.0000000e+00
   6.1000000e+01   5.9356900e+00   8.4561700e+00   3.0574200e+01   2.0000000e+00
   6.2000000e+01   3.2528700e+00  -7.4542000e+00   5.0807900e+01   1.0000000e+00
   6.3000000e+01  -8.3284100e+00   1.6796000e+01   2.0567600e+01  -1.0000000e+00
   6.4000000e+01   1.1270600e+01  -1.3990200e+01   5.0286200e+01  -2.0000000e+00
   6.5000000e+01   2.9479500e+00   2.0699100e+00   3.3608900e+01  -3.0000000e+00
   6.6000000e+01  -8.0273100e-02  -1.6455800e+01   3.8490400e+01  -2.0000000e+00
   6.7000000e+01   1.8987700e+00  -1.5664400e+01   5.0514900e+01  -2.0000000e+00
   6.8000000e+01  -2.2001200e+00   1.0030500e+01   1.9108200e+01   2.0000000e+00
   6.9000000e+01  -8.3775400e+00   2.1953700e-01   1.9134100e+01   2.0000000e+00
   7.0000000e+01   7.3221500e+00   9.9973100e+00   1.8118100e+01   2.0000000e+00
   7.1000000e+01   7.9481000e+00   8.0183800e+00   2.4294300e+01  -3.0000000e+00
   7.2000000e+01   1.1600200e+01  -1.1939900e+01   5.0898900e+01   1.0000000e+00
   7.3000000e+01  -9.9794100e+00  -1.0555600e+01   3.6118900e+01   0.0000000e+00
   7.4000000e+01  -1.0300100e+01   1.1640500e+01   1.9326900e+01   2.0000000e+00
   7.5000000e+01   4.5172200e+00  -1.0824600e+01   5.1303700e+01   1.0000000e+00
   7.6000000e+01  -1.5009700e+01  -7.7681500e+00   4.2201900e+01  -2.0000000e+00
   7.7000000e+01   1.2817400e+00  -8.2260700e+00   5.0920200e+01   1.0000000e+00
   7.8000000e+01  -3.5984000e+00  -1.5829200e+01   5.0263100e+01  -2.0000000e+00
   7.9000000e+01  -8.2608500e+00   1.1251600e+01   1.9239500e+01   2.0000000e+00
   8.0000000e+01  -1.5830400e+01   1.0843000e+01   2.0661100e+01  -1.0000000e+00
   8.1000000e+01  -1.5676600e+00  -3.5128400e+00   5.2019500e+01   1.0000000e+00
   8.2000000e+01  -2.8692700e+00   1.2026400e+01   1.9124000e+01   2.0000000e+00
   8.3000000e+01   1.8715500e+00   9.2306800e+00   1.8849900e+01   2.0000000e+00
   8.4000000e+01   3.2072200e+00   1.0819900e+01   1.8860900e+01   2.0000000e+00
   8.5000000e+01  -9.1498700e-02   1.5237500e+01   1.8232800e+01  -2.0000000e+00
   8.6000000e+01  -5.5640100e+00   1.4382100e+01   1.9053400e+01  -2.0000000e+00
   8.7000000e+01   1.7993100e+00   3.7606900e+00   2.4979300e+01  -3.0000000e+00
   8.8000000e+01   7.8031200e+00  -1.8767800e+00   5.0562000e+01   1.0000000e+00
   8.9000000e+01  -5.8750200e+00  -1.8644200e+01   5.0146400e+01  -1.0000000e+00
   9.0000000e+01  -8.3720700e-01   6.1158600e+00   1.9015800e+01   2.0000000e+00
   9.1000000e+01  -1.2744500e+00  -1.3050500e+01   5.0326400e+01   1.0000000e+00
   9.2000000e+01  -1.2454600e+01   1.0457800e+00   1.8533300e+01   2.0000000e+00
   9.3000000e+01   1.8889600e+01  -1.5227300e+00   2.1188000e+01  -1.0000000e+00
   9.4000000e+01  -1.3269600e+01  -9.7667800e+00   5.5131000e+01  -2.0000000e+00
   9.5000000e+01   1.0146900e+01   1.3057600e+01   1.7626200e+01  -2.0000000e+00
   9.6000000e+01  -9.6683100e+00   1.5180500e+01   3.1077500e+01  -2.0000000e+00
   9.7000000e+01   5.3166100e+00   1.5933200e+01   3.3449100e+01  -2.0000000e+00
   9.8000000e+01   1.4595800e+01  -5.0453000e+00   5.0784500e+01  -2.0000000e+00
   9.9000000e+01  -8.0600000e+00  -9.8352400e+00   6.2927900e+01   0.0000000e+00
   1.0000000e+02  -1.2890700e+01  -7.6907400e+00   3.6828100e+01   0.0000000e+00
   1.0100000e+02   5.1765800e+00  -6.7265200e+00   5.0611500e+01   0.0000000e+00
   1.0200000e+02  -8.9910800e+00   7.6869400e+00   1.8566500e+01   2.0000000e+00
   1.0300000e+02   1.5469000e+01  -1.0453900e+01   6.4388900e+01  -1.0000000e+00
   1.0400000e+02  -4.2235300e+00  -8.3494400e+00   5.0697700e+01   1.0000000e+00
   1.0500000e+02  -7.0678700e+00  -3.6702200e+00   2.9277300e+01  -3.0000000e+00
   1.0600000e+02   4.5609400e+00   6.8968300e+00   1.7441900e+01   2.0000000e+00
   1.0700000e+02   6.8593700e-01  -6.9294600e-01   5.1722800e+01   1.0000000e+00
   1.0800000e+02  -9.7557900e+00  -7.3843400e+00   5.1613400e+01  -1.0000000e+00
   1.0900000e+02  -1.3938500e+01  -1.1759800e+01   2.6574900e+01  -1.0000000e+00
   1.1000000e+02  -1.1133600e+01  -2.9058000e+00   2.9561700e+01   0.0000000e+00
   1.1100000e+02  -6.9999000e+00   1.8314700e+00   1.8863700e+01   2.0000000e+00
   1.1200000e+02   7.7035000e+00  -1.3426500e+01   5.1190400e+01   1.0000000e+00
   1.1300000e+02  -3.5859500e+00   2.9335200e+00   1.8289200e+01   2.0000000e+00
   1.1400000e+02   1.2732400e+01   5.7295200e+00   5.1684300e+01   1.0000000e+00
   1.1500000e+02   1.2940600e+00   1.6765500e+01   1.7732400e+01  -1.0000000e+00
   1.1600000e+02  -2.8422000e+00   1.7664500e+01   1.8279900e+01  -1.0000000e+00
   1.1700000e+02   1.0741300e+01   4.9671200e+00   5.0738600e+01   1.0000000e+00
   1.1800000e+02  -6.1443200e+00  -9.0903000e+00   5.1052200e+01   1.0000000e+00
   1.1900000e+02   8.1353300e+00   1.9122700e-01   5.0982000e+01   1.0000000e+00
   1.2000000e+02   1.6301700e+01   5.1851200e+00   5.1058700e+01  -2.0000000e+00
   1.2100000e+02   1.1033300e+01   7.0525500e+00   6.3091700e+01  -3.0000000e+00
   1.2200000e+02  -6.2475800e+00   1.0823500e+01   1.9093700e+01   2.0000000e+00
   1.2300000e+02  -5.1512400e+00  -1.4488200e+01   5.0315500e+01   1.0000000e+00
   1.2400000e+02  -3.5100300e+00   1.3996100e+01   1.9869400e+01   2.0000000e+00
   1.2500000e+02   1.2005700e+00   1.1226900e+01   1.8280500e+01   2.0000000e+00
   1.2600000e+02  -9.4124200e-01  -1.1018800e+01   5.0823600e+01   1.0000000e+00
   1.2700000e+02  -1.3859500e+01  -4.6473700e-01   1.8026300e+01   2.0000000e+00
   1.2800000e+02  -3.2050000e+00  -2.2637600e+00   3.2794200e+01  -3.0000000e+00
   1.2900000e+02   1.3882400e+01  -9.1260000e+00   5.0339200e+01  -2.0000000e+00
   1.3000000e+02  -1.8085300e+01  -5.0360400e+00   1.8488400e+01  -1.0000000e+00
   1.3100000e+02  -4.2491700e+00   4.9395200e+00   1.8729300e+01   2.0000000e+00
   1.3200000e+02   5.2459500e+00   4.9360600e+00   2.8015100e+01  -3.0000000e+00
   1.3300000e+02  -1.7309200e+01   3.8805700e+00   2.9422500e+00  -1.0000000e+00
   1.3400000e+02   8.9966900e-01   1.7003900e+00   5.1580500e+01  -3.0000000e+00
   1.3500000e+02   7.4381000e+00  -3.9212100e+00   3.8788400e+01   0.0000000e+00
   1.3600000e+02  -9.1752200e+00  -1.6035800e+01   3.5542700e+01  -1.0000000e+00
   1.3700000e+02   1.6466100e+00  -6.1292900e+00   5.0590000e+01   1.0000000e+00
   1.3800000e+02  -1.5255600e+00   8.0810200e+00   1.9341700e+01   2.0000000e+00
   1.3900000e+02   1.2820900e+01   1.0601400e+01   3.3661300e+01  -2.0000000e+00
   1.4000000e+02   1.1797500e+00   5.7637600e+00   1.8670800e+01   2.0000000e+00
   1.4100000e+02   5.4949100e+00  -1.6301600e+01   5.0644400e+01  -2.0000000e+00
   1.4200000e+02   9.4323100e+00  -3.1554900e+00   5.0616900e+01   1.0000000e+00
   1.4300000e+02  -2.2349100e+00  -7.6393500e+00   5.0256400e+01   1.0000000e+00
   1.4400000e+02  -2.5706800e+00  -9.6839100e+00   5.0914100e+01   1.0000000e+00
   1.4500000e+02  -1.5541500e+00   2.5575400e+00   1.7453300e+01   2.0000000e+00
   1.4600000e+02   4.2031300e+00  -1.2919800e+01   5.0661000e+01   1.0000000e+00
   1.4700000e+02  -1.5952900e+01  -6.4636400e-02   1.8537000e+01  -2.0000000e+00
   1.4800000e+02  -1.1760600e+01  -9.1688500e-01   1.8023600e+01   2.0000000e+00
   1.4900000e+02   1.5993800e+01  -8.3866400e+00   6.5055800e+01  -1.0000000e+00
   1.5000000e+02   6.6186800e-01  -1.2349400e+01   5.0813700e+01   1.0000000e+00
   1.5100000e+02   6.2078100e+00  -5.3488600e-01   5.1050400e+01   1.0000000e+00
   1.5200000e+02   7.0532700e+00  -1.7643500e+01   4.9586200e+01  -1.0000000e+00
   1.5300000e+02  -1.7331500e+01  -1.6239500e+00   3.8576800e+00  -1.0000000e+00
   1.5400000e+02   2.9127200e+00  -9.5322700e+00   5.1170700e+01   1.0000000e+00
   1.5500000e+02   8.0633000e+00  -1.1398300e+01   5.0594500e+01   1.0000000e+00
   1.5600000e+02  -1.0362500e+01   6.1208600e+00   1.8525300e+01   2.0000000e+00
   1.5700000e+02   1.0090900e+01   9.0125300e-01   5.1055400e+01   1.0000000e+00
   1.5800000e+02   9.4463900e+00   1.5053400e+01   1.9449900e+01  -2.0000000e+00
   1.5900000e+02  -1.5154100e+01   3.4600100e+00   1.8075800e+01  -2.0000000e+00
   1.6000000e+02   2.6123100e+00   3.1033300e-02   4.9844300e+01   1.0000000e+00
   1.6100000e+02  -7.5945600e+00   9.2783100e+00   1.8781200e+01   2.0000000e+00
   1.6200000e+02  -9.7132000e+00   4.1718300e+00   1.8719900e+01   2.0000000e+00
   1.6300000e+02   9.6664800e+00  -1.2696200e+01   5.0946800e+01   1.0000000e+00
   1.6400000e+02   1.0615600e+01  -6.5278500e+00   5.0456400e+01   1.0000000e+00
   1.6500000e+02   5.2470600e+00   1.0424300e+01   1.8765600e+01   2.0000000e+00
   1.6600000e+02  -5.4471700e+00  -2.3999300e+00   4.7611700e+01  -3.0000000e+00
   1.6700000e+02  -1.8621700e+00  -5.5679500e+00   5.0991300e+01   1.0000000e+00
   1.6800000e+02   1.7675000e+01   1.8155100e+00   6.5529100e+01  -1.0000000e+00
   1.6900000e+02   4.5770000e+00   7.4368300e-01   5.1168300e+01   1.0000000e+00
   1.7000000e+02  -1.4615700e+01  -3.9838000e+00   1.8276300e+01   2.0000000e+00
   1.7100000e+02   1.3521600e+01  -1.1193500e+01   5.0656500e+01  -2.0000000e+00
   1.7200000e+02  -1.4447100e+01   6.9673100e+00   1.8123500e+01  -2.0000000e+00
   1.7300000e+02  -1.0997300e+01   1.3594700e+01   1.8594400e+01  -2.0000000e+00
   1.7400000e+02   1.3992800e+01   2.4015300e+00   5.0466400e+01   1.0000000e+00
   1.7500000e+02   1.6299100e+01  -6.3221500e+00   6.6292500e+01  -1.0000000e+00
   1.7600000e+02   8.6822300e+00  -7.2367000e+00   6.3138000e+01   0.0000000e+00
   1.7700000e+02   8.4139100e+00   2.2579300e+00   5.0373700e+01   1.0000000e+00
   1.7800000e+02  -1.1920700e+01  -1.1308300e+01   4.6132800e+01  -2.0000000e+00
   1.7900000e+02   6.4896200e+00   1.5170400e+00   5.1113900e+01   1.0000000e+00
   1.8000000e+02   1.2783700e+01  -1.5374600e+01   4.9584400e+01  -1.0000000e+00
   1.8100000e+02   9.7637500e+00  -1.1296500e+00   5.0941000e+01   1.0000000e+00
   1.8200000e+02  -1.2576800e+01  -4.4098400e+00   2.0487700e+01   0.0000000e+00
   1.8300000e+02  -2.2250200e+00   4.5526400e+00   1.8815100e+01   2.0000000e+00
   1.8400000e+02  -1.5084100e+01   8.9203400e+00   1.8755600e+01  -2.0000000e+00
   1.8500000e+02  -7.7286800e+00  -7.7781300e+00   5.6874300e+01  -2.0000000e+00
   1.8600000e+02   1.3188700e+01  -1.3252500e+01   6.2370600e+01  -2.0000000e+00
   1.8700000e+02  -7.9897000e-01   1.7222100e+01   1.8358700e+01  -1.0000000e+00
   1.8800000e+02   9.1107300e+00   6.3262900e+00   3.3066600e+01  -3.0000000e+00
   1.8900000e+02  -1.0414100e+01   6.4447100e-01   1.8862700e+01   2.0000000e+00
   1.9000000e+02  -1.3043300e+01   8.4920000e+00   1.8080700e+01   2.0000000e+00
   1.9100000e+02  -1.0795000e+01  -1.4682900e+01   3.4206700e+01  -1.0000000e+00
   1.9200000e+02   1.0008300e+01  -1.0634000e+01   5.0766700e+01   1.0000000e+00
   1.9300000e+02  -2.9672200e+00   9.6621100e-01   3.0209100e+01  -3.0000000e+00
   1.9400000e+02   9.7695100e-01  -1.0274100e+01   5.1240000e+01   1.0000000e+00
   1.9500000e+02   8.7972200e+00   4.2888300e+00   4.9009700e+01  -3.0000000e+00
   1.9600000e+02  -1.6007300e+01  -5.5363300e+00   2.0606900e+01  -2.0000000e+00
   1.9700000e+02   1.0767800e+01   1.1066200e+01   1.7358800e+01   2.0000000e+00
   1.9800000e+02  -1.5460700e+01  -9.7985100e+00   3.8706700e+01  -1.0000000e+00
   1.9900000e+02   1.4244600e+01  -7.0961600e+00   5.1104900e+01  -2.0000000e+00
   2.0000000e+02  -1.1014000e+01   8.0835600e+00   1.8418500e+01   2.0000000e+00
   2.0100000e+02   1.6661400e+01  -4.3092700e+00   6.6229800e+01  -1.0000000e+00
   2.0200000e+02   1.0881200e+01   1.6716400e+01   1.8318500e+01  -1.0000000e+00
   2.0300000e+02   1.5137900e+01  -1.2528600e+01   5.0583600e+01  -1.0000000e+00
   2.0400000e+02  -1.7962400e+01   3.4095800e-01   1.8335800e+01  -1.0000000e+00
   2.0500000e+02  -2.8892900e+00  -1.1732400e+01   5.0729300e+01   1.0000000e+00
   2.0600000e+02  -6.7647300e+00  -1.3196700e+01   5.0723800e+01   1.0000000e+00
   2.0700000e+02  -1.2392500e+01   1.2082900e+01   1.8155000e+01  -2.0000000e+00
   2.0800000e+02  -4.9926400e+00   1.3990300e+00   1.7823800e+01   2.0000000e+00
   2.0900000e+02   3.9710500e+00   1.4369900e+01   1.8613900e+01  -2.0000000e+00
   2.1000000e+02  -1.5256200e+01  -2.0055600e+00   1.8595500e+01  -2.0000000e+00
   2.1100000e+02   5.5309500e+00  -4.7004900e+00   6.2413300e+01   0.0000000e+00
   2.1200000e+02   6.2555900e+00   1.7818600e+01   2.4380100e+01  -1.0000000e+00
   2.1300000e+02   1.6896100e+01  -2.2675900e+00   6.2924800e+01  -2.0000000e+00
   2.1400000e+02   1.7930800e+01   3.8665300e+00   5.1485600e+01  -1.0000000e+00
   2.1500000e+02  -4.2225000e+00   1.0450800e+01   1.8960700e+01   2.0000000e+00
   2.1600000e+02   3.5603600e+00  -5.3991800e+00   5.0272500e+01   1.0000000e+00
   2.1700000e+02   2.5853800e+00   1.2787700e+01   1.8342200e+01   2.0000000e+00
   2.1800000e+02   5.5259800e-01   1.3221800e+01   1.7953900e+01   2.0000000e+00
   2.1900000e+02  -5.8081200e+00  -7.0258400e+00   5.0630400e+01   1.0000000e+00
   2.2000000e+02   4.6062200e+00   1.2400700e+01   1.8231400e+01   2.0000000e+00
   2.2100000e+02  -3.9290800e+00  -1.7952900e+01   5.0806500e+01  -1.0000000e+00
   2.2200000e+02   1.6632400e+01   7.2275700e+00   6.6695300e+01  -1.0000000e+00
   2.2300000e+02  -7.6832600e+00   3.7681700e+00   1.9132900e+01   2.0000000e+00
   2.2400000e+02   6.1197200e+00  -1.2117100e+01   5.1005800e+01   1.0000000e+00
   2.2500000e+02  -2.0214400e+00  -1.7159000e+01   5.0429700e+01  -1.0000000e+00
   2.2600000e+02  -7.7021800e+00  -1.7178700e+00   1.8120900e+01  -3.0000000e+00
   2.2700000e+02  -1.6580800e+01   1.9090500e+00   1.8466500e+01  -2.0000000e+00
   2.2800000e+02  -1.5829100e+01   5.3990500e+00   1.7882400e+01  -2.0000000e+00
   2.2900000e+02  -1.3127900e+01   3.0112300e+00   1.8213400e+01   2.0000000e+00
   2.3000000e+02  -1.2414500e+01   6.5281600e+00   1.8174700e+01   2.0000000e+00
   2.3100000e+02   1.1038300e+01  -4.4715200e+00   5.0054900e+01   1.0000000e+00
   2.3200000e+02  -3.5046200e+00  -4.2950600e+00   6.3060200e+01   1.0000000e+00
   2.3300000e+02  -8.3469200e+00   5.7194000e+00   1.8689000e+01   2.0000000e+00
   2.3400000e+02   6.7328400e-02  -4.7753600e+00   5.1141000e+01   1.0000000e+00
   2.3500000e+02  -1.2607100e+00  -1.4566200e+00   6.3537700e+01  -3.0000000e+00
   2.3600000e+02  -4.8075200e+00  -1.2455800e+01   5.0776500e+01   1.0000000e+00
   2.3700000e+02   1.4892900e+01   8.5659000e+00   6.5137800e+01  -2.0000000e+00
   2.3800000e+02   4.9883700e-01   7.6947300e+00   1.9037600e+01   2.0000000e+00
   2.3900000e+02   1.2994500e+01  -3.7388800e+00   5.0743500e+01   1.0000000e+00
   2.4000000e+02  -2.1542600e-01   4.1521700e+00   3.0881200e+01   2.0000000e+00
   2.4100000e+02   7.4266700e+00  -1.5498000e+01   6.3835300e+01  -2.0000000e+00
   2.4200000e+02  -9.0473500e+00   2.1873300e+00   1.8959700e+01   2.0000000e+00
   2.4300000e+02  -3.2277800e+00  -1.3787700e+01   5.0139400e+01   1.0000000e+00
   2.4400000e+02  -6.3631900e+00  -1.3524900e-01   1.9354200e+01  -3.0000000e+00
   2.4500000e+02  -3.5647400e+00   8.4682400e+00   1.9023400e+01   2.0000000e+00
   2.4600000e+02   1.0349600e+01  -8.5765300e+00   5.1014400e+01   1.0000000e+00
   2.4700000e+02  -5.4508800e+00  -4.9785800e+00   5.1703400e+01   1.0000000e+00
   2.4800000e+02   1.4960100e+01  -2.9832500e+00   5.0863400e+01  -2.0000000e+00
   2.4900000e+02  -3.8568400e+00  -6.3185200e+00   5.0204800e+01   1.0000000e+00
   2.5000000e+02   3.9357300e+00  -3.3190300e+00   5.0492400e+01   1.0000000e+00
   2.5100000e+02   6.7775000e+00  -8.0025900e+00   3.9473600e+01   0.0000000e+00
   2.5200000e+02  -1.7089800e+01  -7.2881800e+00   2.3046200e+01  -1.0000000e+00
   2.5300000e+02   1.1930700e+01  -9.8846000e+00   5.0783700e+01   1.0000000e+00
   2.5400000e+02   8.0364900e+00   1.3512900e+01   1.8067900e+01   2.0000000e+00
   2.5500000e+02  -7.1103400e+00  -1.5245000e+01   5.0165000e+01  -2.0000000e+00
   2.5600000e+02  -8.3717300e+00  -1.1883300e+01   5.0506000e+01   1.0000000e+00
   2.5700000e+02  -9.6075800e+00   9.6742400e+00   1.8863200e+01   2.0000000e+00
   2.5800000e+02  -1.3245200e+01  -2.4420700e+00   1.7587300e+01   2.0000000e+00
   2.5900000e+02   8.6748900e+00   1.1546500e+01   1.7846300e+01   2.0000000e+00
   2.6000000e+02  -6.2984100e+00   5.3442800e+00   1.8775000e+01   2.0000000e+00
   2.6100000e+02  -1.3779700e+01   4.9802300e+00   1.8313000e+01   2.0000000e+00
   2.6200000e+02   1.3310100e+01  -1.6834800e+00   5.1177600e+01   1.0000000e+00
   2.6300000e+02  -2.9615300e-01  -6.9231800e+00   5.0437900e+01   1.0000000e+00
   2.6400000e+02   1.0871900e+01  -1.6147700e+01   4.9688400e+01  -1.0000000e+00
   2.6500000e+02   1.2277400e+01  -7.8466400e+00   5.0903300e+01   1.0000000e+00
   2.6600000e+02  -9.6142700e+00  -5.3113800e+00   7.3900200e+01  -1.0000000e+00
   2.6700000e+02  -8.2172600e-01   1.1670700e+01   1.8696600e+01   2.0000000e+00
   2.6800000e+02   1.0379400e+01   2.9498900e+00   5.0544400e+01   1.0000000e+00
   2.6900000e+02   3.5010300e+00  -1.7013800e+01   3.8325600e+01  -2.0000000e+00
   2.7000000e+02   3.9129000e+00   8.8407300e+00   1.9186800e+01   2.0000000e+00
   2.7100000e+02   1.5739900e+00  -1.7771300e+01   5.1401800e+01  -1.0000000e+00
   2.7200000e+02   3.3018800e+00   1.6326600e+01   1.8566800e+01  -1.0000000e+00
   2.7300000e+02   1.4645200e+01   6.5021000e+00   5.1880600e+01  -2.0000000e+00
   2.7400000e+02   1.4371000e+01   4.4506200e+00   5.1052500e+01   1.0000000e+00
   2.7500000e+02   1.5019100e+01   1.0622300e+01   2.5812900e+01  -1.0000000e+00
   2.7600000e+02   2.2724200e+00  -1.3630500e+01   5.0355200e+01   1.0000000e+00
   2.7700000e+02  -1.0300500e+01  -1.2594200e+01   4.9712100e+01  -2.0000000e+00
   2.7800000e+02   7.0336500e+00   6.0081700e+00   5.1074100e+01  -3.0000000e+00
   2.7900000e+02  -1.3702400e+01   1.0485400e+01   1.9066000e+01  -2.0000000e+00
   2.8000000e+02  -6.2815200e+00   1.6458800e+01   1.9621500e+01  -1.0000000e+00
   2.8100000e+02  -4.4986300e+00  -1.0429700e+01   5.1277500e+01   1.0000000e+00
   2.8200000e+02  -7.5295000e+00  -1.7279200e+01   3.5095600e+01  -1.0000000e+00
   2.8300000e+02   6.6283100e+00   1.1961700e+01   1.8273900e+01   2.0000000e+00
   2.8400000e+02   2.2912500e+00  -2.0008300e+00   5.0961000e+01   1.0000000e+00
   2.8500000e+02  -9.7267600e+00  -1.3370500e+00   1.8632000e+01   2.0000000e+00
   2.8600000e+02   5.8615000e+00  -2.5818400e+00   5.0558600e+01   1.0000000e+00
   2.8700000e+02  -7.5823000e+00   1.4824800e+01   1.9489800e+01  -2.0000000e+00
   2.8800000e+02   5.0751000e+00  -1.8338800e+01   4.9210300e+01  -1.0000000e+00
   2.8900000e+02  -1.4531800e+01   1.4884800e+00   1.7958200e+01   2.0000000e+00
   2.9000000e+02   6.4492200e+00  -1.0065300e+01   5.1066000e+01   1.0000000e+00
   2.9100000e+02  -1.7909300e+01   5.8682300e+00   1.6908000e+01  -1.0000000e+00
   2.9200000e+02   6.8369500e+00   3.6225700e+00   5.0945700e+01  -3.0000000e+00
   2.9300000e+02   3.2143700e+00   5.3380000e+00   3.0602500e+01  -3.0000000e+00
   2.9400000e+02   1.2172700e+01   1.2567400e+01   8.3850200e+00  -2.0000000e+00
   2.9500000e+02   4.2558200e+00  -1.2939200e+00   5.0915200e+01   1.0000000e+00
   2.9600000e+02  -1.1227300e+01  -8.9194000e+00   4.0688000e+01  -2.0000000e+00
   2.9700000e+02   1.5982200e+01   3.1358800e+00   5.0706000e+01  -2.0000000e+00
   2.9800000e+02  -5.6056300e+00   3.3988200e+00   1.8428600e+01   2.0000000e+00
   2.9900000e+02  -6.4364700e+00  -1.1167700e+01   5.1039100e+01   1.0000000e+00
