   0.0000000e+00  -1.1428400e+01  -2.0355600e+00   5.5967100e+01   2.0000000e+00
   1.0000000e+00  -1.2042300e+01  -1.2471900e+01   5.6733500e+01  -2.0000000e+00
   2.0000000e+00  -1.0279600e+01  -1.3630800e+01   5.6567500e+01  -2.0000000e+00
   3.0000000e+00   8.8256300e+00  -2.7412800e+00   4.0753100e+01   0.0000000e+00
   4.0000000e+00   4.1506000e-01  -6.2138000e+00   2.8412900e+01   1.0000000e+00
   5.0000000e+00   8.7575300e+00  -6.4171500e+00   2.7675500e+01   1.0000000e+00
   6.0000000e+00  -9.5736100e+00  -1.1313900e+00   5.5422900e+01   2.0000000e+00
   7.0000000e+00  -7.2256000e+00   1.7257900e+01   4.3005200e+01  -1.0000000e+00
   8.0000000e+00  -3.7372900e+00   3.6352500e+00   5.4994400e+01   2.0000000e+00
   9.0000000e+00   8.1359100e+00   6.1185000e+00   2.7816200e+01   1.0000000e+00
   1.0000000e+01   3.5931400e+00  -4.4965100e+00   2.8001100e+01   1.0000000e+00
   1.1000000e+01  -6.4994500e+00   1.4230600e+01   5.0802600e+01  -2.0000000e+00
   1.2000000e+01  -1.5242900e+01  -5.9348600e+00   5.6491600e+01  -2.0000000e+00
   1.3000000e+01  -2.5385700e+00   1.6712800e+01   4.1424300e+01  -1.0000000e+00
   1.4000000e+01   1.1936900e+01  -4.7639600e+00   2.8284000e+01   1.0000000e+00
   1.5000000e+01   1.0285100e+01   9.6345900e+00   2.7892600e+01   1.0000000e+00
   1.6000000e+01   6.4874900e+00   1.7153400e+01   2.7816900e+01  -1.0000000e+00
   1.7000000e+01   1.5596300e+01   1.1190700e+01   2.7701200e+01  -1.0000000e+00
   1.8000000e+01  -7.6225400e+00  -2.4427300e-01   5.5378800e+01   2.0000000e+00
   1.9000000e+01  -1.0564600e+01   8.3289900e+00   5.5270300e+01   2.0000000e+00
   2.0000000e+01  -6.2321100e+00  -5.5231200e+00   5.6352400e+01   2.0000000e+00
   2.1000000e+01  -1.0037700e+01   1.4533700e+01   5.5158400e+01  -2.0000000e+00
   2.2000000e+01   7.2739500e+00   1.1550000e+01   2.7388800e+01   1.0000000e+00
   2.3000000e+01   2.8343200e+00   4.5413000e+00   2.8220800e+01  -3.0000000e+00
   2.4000000e+01  -1.4808200e+01   3.5992600e-01   5.6094000e+01  -2.0000000e+00
   2.5000000e+01  -8.6286800e+00  -1.7022800e+01   5.6039300e+01  -1.0000000e+00
   2.6000000e+01  -8.1750600e+00   1.5436400e+01   4.9612500e+01  -2.0000000e+00
   2.7000000e+01  -3.0786900e+00   1.1953800e+01   5.7351900e+01  -3.0000000e+00
   2.8000000e+01  -5.4325200e+00   1.6044900e+01   4.2750100e+01  -1.0000000e+00
   2.9000000e+01   5.3755000e+00   1.5240900e+01   2.8070600e+01  -2.0000000e+00
   3.0000000e+01   4.7033700e+00  -2.7498500e+00   2.7960100e+01   1.0000000e+00
   3.1000000e+01   9.3570900e+00   1.1461800e+01   2.7557100e+01   1.0000000e+00
   3.2000000e+01   6.1609600e+00   9.7848300e+00   2.7958400e+01   1.0000000e+00
   3.3000000e+01   8.4049400e+00   1.3282100e+01   2.7662200e+01   1.0000000e+00
   3.4000000e+01   1.0709700e+01  -1.0073000e+01   2.8190500e+01   1.0000000e+00
   3.5000000e+01   1.7405300e+01   3.8985600e-01   4.1760500e+01  -1.0000000e+00
   3.6000000e+01   5.5334800e+00  -8.1393400e+00   2.8410900e+01   1.0000000e+00
   3.7000000e+01  -2.9604400e+00  -1.5075500e+01   2.8502900e+01  -3.0000000e+00
   3.8000000e+01   1.1596800e+01  -1.5487500e+01   3.0123600e+01  -1.0000000e+00
   3.9000000e+01   1.1511900e+00  -1.5190800e+01   2.8774200e+01   1.0000000e+00
   4.0000000e+01  -8.8572200e+00   7.1575000e+00   5.5548400e+01   2.0000000e+00
   4.1000000e+01  -4.7892600e+00  -1.0799300e+01   2.6949100e+01  -3.0000000e+00
   4.2000000e+01   1.4474600e+01   9.4733600e+00   2.8437000e+01  -2.0000000e+00
   4.3000000e+01   4.9576500e-01   7.9211200e+00   3.3597500e+01  -3.0000000e+00
   4.4000000e+01   5.3971200e+00  -1.5319900e+01   2.8044400e+01  -2.0000000e+00
   4.5000000e+01  -6.7086500e+00  -1.3829600e+01   5.5922300e+01  -3.0000000e+00
   4.6000000e+01   1.6389000e+00  -8.5080200e-01   2.8990500e+01   1.0000000e+00
   4.7000000e+01  -7.3231700e+00   3.9162300e+00   5.5421700e+01   2.0000000e+00
   4.8000000e+01   1.4130200e+01  -1.2402300e+00   2.7381400e+01   1.0000000e+00
   4.9000000e+01  -8.5208900e+00  -1.4821800e+01   5.6405800e+01  -2.0000000e+00
   5.0000000e+01  -7.9380300e-01  -1.1535300e+01   2.7965400e+01   1.0000000e+00
   5.1000000e+01  -1.2842500e+01   3.3252700e+00   5.5687600e+01   2.0000000e+00
   5.2000000e+01   1.2083800e+01  -1.1330200e+00   2.7377000e+01   1.0000000e+00
   5.3000000e+01   1.1118800e+01   6.8281100e-01   2.7936400e+01   1.0000000e+00
   5.4000000e+01  -6.9619600e+00   8.0516300e+00   5.5175600e+01   2.0000000e+00
   5.5000000e+01  -4.6816900e+00  -8.7447300e+00   6.8306200e+01  -3.0000000e+00
   5.6000000e+01   7.6731800e-02  -1.7070400e+01   2.7802400e+01  -2.0000000e+00
   5.7000000e+01  -1.5576800e+01  -1.0118300e+01   7.1543900e+01  -1.0000000e+00
   5.8000000e+01   1.1821300e+01  -8.3086100e+00   2.8016400e+01   1.0000000e+00
   5.9000000e+01   8.9751500e+00   7.4605100e-01   1.6747700e+01   0.0000000e+00
   6.0000000e+01  -6.6268600e+00  -1.1740500e+01   6.9119000e+01   2.0000000e+00
   6.1000000e+01  -2.2758500e+00  -1.6658900e+00   6.7377700e+01  -3.0000000e+00
   6.2000000e+01   1.3039600e+01  -2.9821500e+00   2.7846900e+01   1.0000000e+00
   6.3000000e+01   7.1453200e+00   7.9603300e+00   2.7955800e+01   1.0000000e+00
   6.4000000e+01  -1.8583400e-01   3.2745300e+00   2.5642600e+01  -3.0000000e+00
   6.5000000e+01   4.9395700e-01  -2.6185700e+00   2.7794100e+01  -3.0000000e+00
   6.6000000e+01   1.0060500e+01   2.4941200e+00   2.7835000e+01   1.0000000e+00
   6.7000000e+01   1.5528500e+01   7.6698300e+00   1.9608300e+01  -2.0000000e+00
   6.8000000e+01   7.9878800e+00   2.5782000e+00   2.8314800e+01   1.0000000e+00
   6.9000000e+01   1.2778700e+01  -1.0129400e+01   2.7813300e+01  -2.0000000e+00
   7.0000000e+01   1.5337700e+01   4.8234400e-01   2.7032000e+01  -2.0000000e+00
   7.1000000e+01  -6.5247700e+00  -9.6815400e+00   5.6528800e+01   2.0000000e+00
   7.2000000e+01  -1.2654200e+01   5.3727100e+00   5.4998400e+01   2.0000000e+00
   7.3000000e+01  -9.8388100e+00  -5.2629300e+00   5.6097400e+01   2.0000000e+00
   7.4000000e+01  -1.1823700e+01  -8.2732800e+00   5.6298100e+01   2.0000000e+00
   7.5000000e+01  -1.0086700e+01  -9.4413400e+00   5.6575400e+01   2.0000000e+00
   7.6000000e+01   3.3765100e+00  -1.1706400e+01   2.8306700e+01   1.0000000e+00
   7.7000000e+01  -4.2437900e+00   1.7887700e+01   4.1304200e+01  -1.0000000e+00
   7.8000000e+01   8.6214400e+00  -1.0012700e+01   2.8455000e+01   1.0000000e+00
   7.9000000e+01  -1.0224300e+01   1.2432200e+01   5.5174800e+01   2.0000000e+00
   8.0000000e+01   1.0981400e+01  -2.8588100e+00   2.7411900e+01   1.0000000e+00
   8.1000000e+01  -7.3312900e-01  -7.9230200e+00   2.8630800e+01   1.0000000e+00
   8.2000000e+01   5.8023400e+00  -9.9050600e-01   2.7775600e+01   0.0000000e+00
   8.3000000e+01  -4.0634000e+00  -4.8145800e-01   5.6146400e+01   2.0000000e+00
   8.4000000e+01  -1.2476500e+01   7.4178600e+00   5.5126900e+01   2.0000000e+00
   8.5000000e+01   1.5208300e+01  -3.0817000e+00   2.8982900e+01  -2.0000000e+00
   8.6000000e+01  -1.0543200e+00  -1.8833500e+01   2.6774100e+01  -1.0000000e+00
   8.7000000e+01  -1.1924700e+01  -1.0391500e+01   5.6388700e+01   2.0000000e+00
   8.8000000e+01  -1.4585700e+01   4.4857800e+00   5.5223700e+01  -2.0000000e+00
   8.9000000e+01  -8.3629500e+00  -1.0591200e+01   5.6518000e+01   2.0000000e+00
   9.0000000e+01   1.7577400e+01   8.0179700e+00   6.7488100e+01  -1.0000000e+00
   9.1000000e+01   1.2793100e+00  -1.1631400e+01   2.7644100e+01   1.0000000e+00
   9.2000000e+01   1.2173100e-01   1.3613400e+01   2.7445500e+01   1.0000000e+00
   9.3000000e+01   1.5492400e+01   4.0550400e+00   2.8309600e+01  -2.0000000e+00
   9.4000000e+01  -1.6720800e+01  -5.2413800e-01   6.9963200e+01  -1.0000000e+00
   9.5000000e+01  -1.3813900e+01  -1.1275600e+01   5.6893600e+01  -2.0000000e+00
   9.6000000e+01  -8.4942900e+00   1.1282500e+01   5.5647100e+01   2.0000000e+00
   9.7000000e+01   2.2441700e+00  -1.3436700e+01   2.8015400e+01   1.0000000e+00
   9.8000000e+01   1.5916800e-01  -1.3372200e+01   2.8113300e+01   1.0000000e+00
   9.9000000e+01  -5.0798500e+00   8.9393500e+00   5.5196800e+01   2.0000000e+00
   1.0000000e+02  -5.2625400e+00   6.8597700e+00   5.4934400e+01   2.0000000e+00
   1.0100000e+02   1.8096000e+00   2.7456600e+00   3.4686600e+01  -3.0000000e+00
   1.0200000e+02  -1.6447800e+01   5.6746000e+00   7.0090900e+01  -1.0000000e+00
   1.0300000e+02   1.6099900e+01  -8.4476800e+00   2.6956500e+01  -1.0000000e+00
   1.0400000e+02  -1.0438400e+01  -1.5705600e+01   3.9905700e+01  -1.0000000e+00
   1.0500000e+02   5.4670800e+00  -1.1747700e+01   2.8773300e+01   1.0000000e+00
   1.0600000e+02   1.8587700e+01   2.0977600e+00   2.6310300e+01  -1.0000000e+00
   1.0700000e+02   1.2660300e+01  -1.3705800e+01   4.0915900e+01  -2.0000000e+00
   1.0800000e+02   3.3004200e+00   1.5309600e+01   2.8264000e+01  -2.0000000e+00
   1.0900000e+02   4.1070900e+00   9.8502800e+00   2.7900700e+01   1.0000000e+00
   1.1000000e+02   3.7464600e-02   5.3775200e+00   6.6589900e+01  -3.0000000e+00
   1.1100000e+02   1.6474500e+01   2.2468600e+00   2.7407500e+01  -2.0000000e+00
   1.1200000e+02  -2.2025900e+00  -5.7668700e+00   2.4852400e+01  -3.0000000e+00
   1.1300000e+02   9.5925200e+00  -1.1857500e+01   2.8474200e+01   1.0000000e+00
   1.1400000e+02  -4.7513000e+00   1.3142700e+01   5.0996500e+01  -2.0000000e+00
   1.1500000e+02  -2.5184600e+00  -3.7314300e+00   2.4255100e+01  -3.0000000e+00
   1.1600000e+02  -9.3604600e+00   9.5122400e-01   5.5037600e+01   2.0000000e+00
   1.1700000e+02   4.2471800e+00  -1.7068100e+01   3.9868700e+01  -2.0000000e+00
   1.1800000e+02  -1.9145000e+00  -1.3299600e+01   2.7290900e+01  -3.0000000e+00
   1.1900000e+02   1.3005600e+01  -6.5448600e+00   2.8454800e+01   1.0000000e+00
   1.2000000e+02  -7.4831400e+00   1.8074300e+00   5.5614600e+01   2.0000000e+00
   1.2100000e+02   5.9213500e+00   2.6129700e+00   2.8561100e+01   1.0000000e+00
   1.2200000e+02  -5.0072800e+00  -1.4977100e+01   3.0110400e+01  -3.0000000e+00
   1.2300000e+02   9.5177000e+00   1.5091700e+01   1.5576000e+01  -2.0000000e+00
   1.2400000e+02  -1.3879300e+01  -1.3380300e+01   4.2510900e+01  -1.0000000e+00
   1.2500000e+02  -4.3980300e+00  -4.5944300e+00   5.6749400e+01  -3.0000000e+00
   1.2600000e+02  -1.5173100e+01  -3.7901100e+00   5.6182700e+01  -2.0000000e+00
   1.2700000e+02  -1.7122900e+01  -6.8553000e+00   5.6890000e+01  -1.0000000e+00
   1.2800000e+02   9.2222500e+00   7.8564000e+00   2.8176600e+01   1.0000000e+00
   1.2900000e+02  -6.8006400e+00  -1.6092600e+01   5.7517400e+01  -2.0000000e+00
   1.3000000e+02  -9.0026800e+00   5.0861500e+00   5.5415300e+01   2.0000000e+00
   1.3100000e+02   3.2526000e+00  -1.5271000e+01   2.8390700e+01   1.0000000e+00
   1.3200000e+02  -4.8979900e+00   1.1006000e+01   5.6217800e+01   2.0000000e+00
   1.3300000e+02  -1.8593600e+00   4.4890300e+00   5.4523000e+01   2.0000000e+00
   1.3400000e+02  -5.9073100e+00  -1.3962200e+00   5.5898300e+01   2.0000000e+00
   1.3500000e+02   6.7615300e+00  -2.8118500e+00   1.7218600e+01   0.0000000e+00
   1.3600000e+02   1.3960800e+01  -8.3558300e+00   2.7117600e+01  -2.0000000e+00
   1.3700000e+02   8.5588500e+00   1.6945900e+01   2.6522100e+01  -1.0000000e+00
   1.3800000e+02  -3.5422100e+00   5.6901600e+00   5.4921000e+01   2.0000000e+00
   1.3900000e+02   3.1572400e+00   1.1691000e+01   2.7775100e+01   1.0000000e+00
   1.4000000e+02  -1.0398900e+01   1.0379500e+01   5.5236400e+01   2.0000000e+00
   1.4100000e+02   2.4954600e+00  -6.2426400e+00   2.8330300e+01   1.0000000e+00
   1.4200000e+02  -6.7852900e+00   1.0110000e+01   5.5388400e+01   2.0000000e+00
   1.4300000e+02   3.8664900e+00   2.6591100e+00   2.8215700e+01   1.0000000e+00
   1.4400000e+02   1.0222900e+01   6.0435600e+00   2.7863400e+01   1.0000000e+00
   1.4500000e+02  -1.6683800e+01   1.5364900e+00   7.1726500e+01  -1.0000000e+00
   1.4600000e+02   4.4427400e+00  -9.9504700e+00   2.8922500e+01   1.0000000e+00
   1.4700000e+02   2.1752700e+00  -1.7033700e+01   2.9436200e+01  -2.0000000e+00
   1.4800000e+02   5.2122400e+00   1.1632400e+01   2.7752300e+01   1.0000000e+00
   1.4900000e+02  -1.3526800e+01  -7.1008800e+00   5.6044200e+01   2.0000000e+00
   1.5000000e+02  -1.4806000e+01   2.4256100e+00   5.6145500e+01  -2.0000000e+00
   1.5100000e+02   1.7504100e-01   1.7262400e+01   3.2819000e+01  -2.0000000e+00
   1.5200000e+02   3.9703400e+00   6.2621600e+00   2.7727900e+01   1.0000000e+00
   1.5300000e+02  -1.0745500e+01   6.2494700e+00   5.5322300e+01   2.0000000e+00
   1.5400000e+02  -1.4036900e+01   1.0668700e+01   7.0357100e+01  -1.0000000e+00
   1.5500000e+02  -8.3474200e-01   1.5442800e+01   3.3070600e+01  -2.0000000e+00
   1.5600000e+02   2.1352500e-01   1.2220000e+00   2.5082900e+01  -3.0000000e+00
   1.5700000e+02   5.6666900e+00  -4.5704400e+00   2.8380500e+01   1.0000000e+00
   1.5800000e+02  -6.1143900e+00  -3.4518500e+00   5.5988000e+01   2.0000000e+00
   1.5900000e+02  -4.3128200e+00  -1.3015000e+01   2.9081900e+01  -3.0000000e+00
   1.6000000e+02   1.2322400e+00   1.5346600e+01   2.8262200e+01   1.0000000e+00
   1.6100000e+02  -1.6660300e+00   6.5366500e+00   5.6301800e+01  -3.0000000e+00
   1.6200000e+02  -9.7834800e+00   1.6778000e+01   5.0866800e+01  -1.0000000e+00
   1.6300000e+02   1.1335700e+01   7.7736600e+00   2.8259800e+01   1.0000000e+00
   1.6400000e+02  -8.3465200e+00   1.3347200e+01   5.5581700e+01   2.0000000e+00
   1.6500000e+02  -1.7049000e+01  -2.5787900e+00   7.0273500e+01  -1.0000000e+00
   1.6600000e+02   4.2523700e+00   1.3460700e+01   2.7870100e+01   1.0000000e+00
   1.6700000e+02   8.5225500e+00  -1.3634500e+01   2.8315900e+01  -2.0000000e+00
   1.6800000e+02  -1.2150300e+01  -1.4520300e+01   4.1078500e+01  -1.0000000e+00
   1.6900000e+02   7.0124900e+00   4.3853600e+00   2.8024500e+01   1.0000000e+00
   1.7000000e+02   9.9927900e+00  -1.0396900e+00   2.7604900e+01   0.0000000e+00
   1.7100000e+02   4.9277900e+00   4.4436200e+00   2.8167400e+01   1.0000000e+00
   1.7200000e+02   1.3941800e+00  -8.0258700e+00   2.8018400e+01   1.0000000e+00
   1.7300000e+02   1.0809400e+01  -6.5010100e+00   2.7958200e+01   1.0000000e+00
   1.7400000e+02  -1.7065600e+01  -4.6821200e+00   7.2193400e+01  -1.0000000e+00
   1.7500000e+02  -1.4193800e+01   8.6057600e+00   6.6760200e+01  -2.0000000e+00
   1.7600000e+02   1.0603800e+01  -1.3698200e+01   2.9091700e+01  -2.0000000e+00
   1.7700000e+02   6.6740200e+00  -6.3621800e+00   2.8097900e+01   1.0000000e+00
   1.7800000e+02   4.4128200e+00   1.7098600e+01   2.9056600e+01  -1.0000000e+00
   1.7900000e+02  -8.4590800e+00  -1.2676400e+01   5.7230400e+01   2.0000000e+00
   1.8000000e+02   1.0989300e+00   1.1776600e+01   2.7389800e+01   1.0000000e+00
   1.8100000e+02   1.3207100e+01   6.0095100e-01   2.6855000e+01   1.0000000e+00
   1.8200000e+02  -8.2242400e+00  -8.5141300e+00   5.6220800e+01   2.0000000e+00
   1.8300000e+02   1.8595000e+00   6.3609800e+00   2.4298700e+01  -3.0000000e+00
   1.8400000e+02   4.5600700e+00  -6.3226900e+00   2.8073300e+01   1.0000000e+00
   1.8500000e+02  -9.0073700e-01  -1.5149200e+01   2.8086200e+01   1.0000000e+00
   1.8600000e+02   9.5076800e+00  -1.5566900e+01   2.8814000e+01  -1.0000000e+00
   1.8700000e+02   1.4748400e+01  -1.3741500e+01  -1.1022900e+00  -1.0000000e+00
   1.8800000e+02   2.9115000e-01  -9.7691400e+00   2.7798000e+01   1.0000000e+00
   1.8900000e+02   6.3381900e+00   1.3390300e+01   2.7492000e+01   1.0000000e+00
   1.9000000e+02   1.1445100e+01   1.1385100e+01   2.7459600e+01   1.0000000e+00
   1.9100000e+02   2.6082400e+00  -2.6850100e+00   2.8002900e+01   1.0000000e+00
   1.9200000e+02   6.4589400e+00  -1.3556800e+01   2.8405700e+01   1.0000000e+00
   1.9300000e+02  -2.8402600e+00  -1.1460200e+01   3.4641100e+01  -3.0000000e+00
   1.9400000e+02  -1.4364600e+01   6.5539300e+00   5.4342100e+01  -2.0000000e+00
   1.9500000e+02  -4.1249800e+00  -1.6877000e+01   1.2225700e+01  -2.0000000e+00
   1.9600000e+02   1.2305200e+01   5.9468900e+00   2.8644900e+01   1.0000000e+00
   1.9700000e+02   8.2264300e+00   9.7178600e+00   2.7814400e+01   1.0000000e+00
   1.9800000e+02   1.4856400e+01  -1.0210400e+01   4.1524300e+01  -1.0000000e+00
   1.9900000e+02  -1.5395700e+01  -8.0162100e+00   5.5863300e+01  -2.0000000e+00
   2.0000000e+02   1.3400700e+01   7.7024400e+00   2.8847900e+01   1.0000000e+00
   2.0100000e+02  -5.6084700e+00   2.7428800e+00   5.5674200e+01   2.0000000e+00
   2.0200000e+02  -3.1296300e+00   9.8787400e+00   5.5416300e+01  -3.0000000e+00
   2.0300000e+02   2.0365900e+00   9.9353500e+00   2.6462400e+01   1.0000000e+00
   2.0400000e+02   1.2543000e+01   1.3140500e+01   1.5250600e+01  -2.0000000e+00
   2.0500000e+02  -4.8085100e-02   1.0053900e+01   2.2097800e+01  -3.0000000e+00
   2.0600000e+02   6.5459400e+00  -9.9576700e+00   2.8863300e+01   1.0000000e+00
   2.0700000e+02  -1.1739000e+01   1.5688000e+01   5.6919900e+01  -1.0000000e+00
   2.0800000e+02  -1.1680700e+01  -6.2009800e+00   5.6072600e+01   2.0000000e+00
   2.0900000e+02   3.7237500e+00  -8.9237100e-01   2.8047100e+01   1.0000000e+00
   2.1000000e+02  -1.6117900e+01   7.8245300e+00   5.2481700e+01  -1.0000000e+00
   2.1100000e+02   1.1677000e+01  -1.1905200e+01   2.8557400e+01   1.0000000e+00
   2.1200000e+02  -4.1849600e+00  -2.5258400e+00   5.5243500e+01   2.0000000e+00
   2.1300000e+02   7.6027500e+00  -8.1951800e+00   2.8180800e+01   1.0000000e+00
   2.1400000e+02  -1.2096100e+01   1.1580200e+01   5.4904300e+01  -2.0000000e+00
   2.1500000e+02  -4.5197400e+00  -6.6524300e+00   5.5313900e+01  -3.0000000e+00
   2.1600000e+02  -1.6493000e+01   3.5926000e+00   7.0968000e+01  -1.0000000e+00
   2.1700000e+02   1.4592000e+01   1.3024400e+01   2.7791700e+01  -1.0000000e+00
   2.1800000e+02  -1.2268200e+01   9.5235400e+00   5.5282800e+01  -2.0000000e+00
   2.1900000e+02   4.8283000e+00   8.3728600e-01   2.8003500e+01   1.0000000e+00
   2.2000000e+02   3.4562100e+00  -8.0837800e+00   2.8308500e+01   1.0000000e+00
   2.2100000e+02  -1.0950100e+01   4.2017400e+00   5.5235900e+01   2.0000000e+00
   2.2200000e+02   1.4062200e+01  -4.7814700e+00   2.8706900e+01  -2.0000000e+00
   2.2300000e+02  -1.1069200e+01   2.1552000e+00   5.5500500e+01   2.0000000e+00
   2.2400000e+02   1.7517300e+01  -3.0717600e+00   3.0349400e+01  -1.0000000e+00
   2.2500000e+02  -1.3276200e+01  -2.9302800e+00   5.5478000e+01   2.0000000e+00
   2.2600000e+02  -1.1264200e+01   4.1545500e-02   5.5203700e+01   2.0000000e+00
   2.2700000e+02  -3.6593900e+00   1.4952500e+01   4.1977400e+01  -1.0000000e+00
   2.2800000e+02  -2.8179000e+00  -7.8312200e+00   3.0092400e+01  -3.0000000e+00
   2.2900000e+02  -7.1439600e+00   6.0030300e+00   5.5183300e+01   2.0000000e+00
   2.3000000e+02  -1.0238100e+00   1.1870300e+01   1.5607400e+01  -3.0000000e+00
   2.3100000e+02  -1.9990000e+00   1.3707400e+01   3.2615900e+01  -2.0000000e+00
   2.3200000e+02  -1.8356200e+00  -9.6648100e+00   2.8584700e+01  -3.0000000e+00
   2.3300000e+02  -1.3667600e+01  -9.1708300e+00   5.5954600e+01  -2.0000000e+00
   2.3400000e+02   2.2964700e+00   1.7128400e+01   1.5847200e+01  -2.0000000e+00
   2.3500000e+02   3.1796600e+00  -1.8842000e+01   3.1159000e+01  -1.0000000e+00
   2.3600000e+02   1.0459800e+01   1.3246600e+01   2.7705100e+01  -2.0000000e+00
   2.3700000e+02  -5.7796000e+00   6.5000300e-01   5.6062100e+01   2.0000000e+00
   2.3800000e+02  -2.1691100e+00   3.9096400e-01   5.5103800e+01   2.0000000e+00
   2.3900000e+02   1.4088300e+00   1.8980400e+01   2.4961500e+01  -1.0000000e+00
   2.4000000e+02  -5.8659700e-01  -4.4203000e+00   3.3625200e+01  -3.0000000e+00
   2.4100000e+02   5.0762000e+00   8.0396200e+00   2.8137200e+01   1.0000000e+00
   2.4200000e+02   1.1593100e+01   1.4985500e+01   2.7072300e+01  -1.0000000e+00
   2.4300000e+02   1.3380600e+01   4.1557100e+00   2.8566200e+01   1.0000000e+00
   2.4400000e+02  -1.2951500e+01   1.2560000e+00   5.5988800e+01   2.0000000e+00
   2.4500000e+02   1.4788100e+00  -4.4304900e+00   2.8671100e+01   1.0000000e+00
   2.4600000e+02  -8.6692800e+00   9.2219300e+00   5.5364500e+01   2.0000000e+00
   2.4700000e+02  -2.0579200e+00   2.4380100e+00   5.6130900e+01   2.0000000e+00
   2.4800000e+02   1.6576600e+01   5.8388500e+00   3.0230400e+01  -2.0000000e+00
   2.4900000e+02   9.1002800e+00   4.3056400e+00   2.7457400e+01   1.0000000e+00
   2.5000000e+02  -1.4884200e+00   1.8491900e+01   4.1490000e+01  -1.0000000e+00
   2.5100000e+02   2.1955600e+00   1.3524900e+01   2.7908600e+01   1.0000000e+00
   2.5200000e+02  -9.9640800e+00  -7.3268900e+00   5.6445800e+01   2.0000000e+00
   2.5300000e+02   1.5107400e+01  -6.6218300e+00   2.7652100e+01  -2.0000000e+00
   2.5400000e+02   7.5235400e+00  -1.1811000e+01   2.8449000e+01   1.0000000e+00
   2.5500000e+02   1.3498400e+01   1.1280700e+01   2.7609500e+01  -2.0000000e+00
   2.5600000e+02   1.1239200e+01   4.1798900e+00   2.8120200e+01   1.0000000e+00
   2.5700000e+02   1.6320100e+01  -4.8433500e+00   4.3086600e+01  -1.0000000e+00
   2.5800000e+02   2.7355500e+00   9.0691100e-01   2.6946300e+01   1.0000000e+00
   2.5900000e+02  -3.3792500e+00   7.7364600e+00   5.4725000e+01   2.0000000e+00
   2.6000000e+02  -7.8314400e+00  -2.3128100e+00   5.5614700e+01   2.0000000e+00
   2.6100000e+02  -4.1522200e-01  -7.6491200e-01   2.9724900e+01  -3.0000000e+00
   2.6200000e+02  -2.0611800e+00  -1.6926000e+01   2.7584700e+01  -2.0000000e+00
   2.6300000e+02  -8.1148100e+00  -6.4223300e+00   5.6069700e+01   2.0000000e+00
   2.6400000e+02  -1.5039900e+00   8.6055100e+00   4.9655400e+01  -3.0000000e+00
   2.6500000e+02   6.9148400e+00   7.7240200e-01   4.0574300e+01   0.0000000e+00
   2.6600000e+02   1.4381800e+01   2.3072000e+00   2.7429900e+01   1.0000000e+00
   2.6700000e+02  -9.2057900e+00   3.0105100e+00   5.5200600e+01   2.0000000e+00
   2.6800000e+02  -1.3112900e+01  -8.5902900e-01   5.5031500e+01   2.0000000e+00
   2.6900000e+02   1.7585200e+01   4.0102500e+00   1.3277600e+01  -1.0000000e+00
   2.7000000e+02   2.9973300e+00   8.0787500e+00   2.8746200e+01   1.0000000e+00
   2.7100000e+02   1.2266900e+01   2.4135300e+00   2.7748100e+01   1.0000000e+00
   2.7200000e+02  -1.1890300e+01   1.3636400e+01   6.6990200e+01  -2.0000000e+00
   2.7300000e+02   9.7094800e+00  -8.2525400e+00   2.8211300e+01   1.0000000e+00
   2.7400000e+02   4.3751600e+00  -1.3508600e+01   2.8478500e+01   1.0000000e+00
   2.7500000e+02  -1.0209800e+01  -1.1510000e+01   5.7011200e+01   2.0000000e+00
   2.7600000e+02   7.4437700e+00  -1.5439300e+01   3.9963000e+01  -2.0000000e+00
   2.7700000e+02  -3.1140800e+00  -1.8759800e+01   2.8773100e+01  -1.0000000e+00
   2.7800000e+02   6.4074300e+00  -1.7230200e+01   2.7841400e+01  -1.0000000e+00
   2.7900000e+02  -3.9233500e+00   1.5683500e+00   5.5586800e+01   2.0000000e+00
   2.8000000e+02  -1.3801400e+01   1.2749200e+01   5.4670800e+01  -1.0000000e+00
   2.8100000e+02   1.6311100e+01  -1.3395400e+00   2.9140600e+01  -2.0000000e+00
   2.8200000e+02  -9.6874500e+00  -3.1928200e+00   5.6062900e+01   2.0000000e+00
   2.8300000e+02   7.4428400e+00   1.5163900e+01   2.7438400e+01  -2.0000000e+00
   2.8400000e+02   1.2397700e+01   9.5497400e+00   2.8032800e+01   1.0000000e+00
   2.8500000e+02   9.8705800e+00  -4.6669300e+00   2.7828100e+01   1.0000000e+00
   2.8600000e+02   6.0388600e+00   6.2053000e+00   2.7903900e+01   1.0000000e+00
   2.8700000e+02  -7.9641400e+00  -4.3743300e+00   5.5997700e+01   2.0000000e+00
   2.8800000e+02   7.7920800e+00  -4.5973400e+00   2.8971700e+01   1.0000000e+00
   2.8900000e+02   1.3762000e+01  -1.1945200e+01   2.8365600e+01  -2.0000000e+00
   2.9000000e+02  -5.4635700e+00   4.7964100e+00   5.5177900e+01   2.0000000e+00
   2.9100000e+02  -6.3791500e+00  -7.5954300e+00   5.6192500e+01   2.0000000e+00
   2.9200000e+02  -6.6234700e+00   1.2175800e+01   5.6093400e+01   2.0000000e+00
   2.9300000e+02   1.0059000e+00  -1.9050100e+01   2.8624800e+01  -1.0000000e+00
   2.9400000e+02   2.3945800e+00  -9.8975300e+00   2.8092500e+01   1.0000000e+00
   2.9500000e+02  -1.5653600e+01  -1.2310300e+01   5.8751800e+01  -1.0000000e+00
   2.9600000e+02  -1.3408400e+01  -4.9749200e+00   5.6046200e+01   2.0000000e+00
   2.9700000e+02  -1.5029600e+01  -1.7018600e+00   5.4547200e+01  -2.0000000e+00
   2.9800000e+02  -1.1535600e+01  -4.1102400e+00   5.5988900e+01   2.0000000e+00
   2.9900000e+02   1.4470600e+01   5.8961000e+00   2.8982600e+01   1.0000000e+00
