   0.0000000e+00  -1.1524100e+01   6.6696100e+00   1.0000000e+00
   1.0000000e+00   7.9274500e+00   5.9938600e+00  -1.0000000e+00
   2.0000000e+00  -1.3205500e+00   1.7032400e+01   1.0000000e+00
   3.0000000e+00  -9.8652700e+00   1.4441400e+00   1.0000000e+00
   4.0000000e+00   3.5001400e+00   1.6704700e+01   1.0000000e+00
   5.0000000e+00  -5.1951400e+00  -2.3870800e+00  -1.0000000e+00
   6.0000000e+00  -3.3728600e+00   1.6825900e+01   1.0000000e+00
   7.0000000e+00  -8.6188400e+00  -2.0584900e-01   1.0000000e+00
   8.0000000e+00  -3.5454900e-01  -1.0062800e+01  -1.0000000e+00
   9.0000000e+00  -5.5721300e+00  -1.1870200e+01  -1.0000000e+00
   1.0000000e+01  -6.8149100e-01  -8.0025100e+00  -1.0000000e+00
   1.1000000e+01   6.8262600e+00   1.2150600e+01  -1.0000000e+00
   1.2000000e+01   7.0781800e+00   5.5397100e-01  -1.0000000e+00
   1.3000000e+01  -1.2731700e+01  -7.3515500e-01   1.0000000e+00
   1.4000000e+01   4.4276700e+00  -1.7896400e+01  -1.0000000e+00
   1.5000000e+01  -1.2703800e+01  -1.2873300e+01  -1.0000000e+00
   1.6000000e+01   1.3930800e+01   1.3417200e+01  -1.0000000e+00
   1.7000000e+01   1.1941100e+01  -7.1160000e+00  -1.0000000e+00
   1.8000000e+01   8.7760800e+00   1.1444000e+01  -1.0000000e+00
   1.9000000e+01  -6.9838300e+00   1.2626200e+01   1.0000000e+00
   2.0000000e+01  -3.6656200e+00   1.1239200e+01   1.0000000e+00
   2.1000000e+01  -1.1908300e+01   1.1852700e+00   1.0000000e+00
   2.2000000e+01  -1.4397100e+01   4.5053100e+00   1.0000000e+00
   2.3000000e+01   5.5231100e-01  -1.6243200e+01  -1.0000000e+00
   2.4000000e+01  -1.0316500e+01   1.3995800e+01   1.0000000e+00
   2.5000000e+01   2.8734500e+00  -7.4518700e+00  -1.0000000e+00
   2.6000000e+01   1.7173900e+01  -5.2906100e+00  -1.0000000e+00
   2.7000000e+01  -1.3764500e+00  -1.5461300e+01  -1.0000000e+00
   2.8000000e+01  -1.3152500e+01   1.1883500e+01   1.0000000e+00
   2.9000000e+01  -1.9546900e+00  -1.1371000e+01  -1.0000000e+00
   3.0000000e+01  -1.3959500e+01   9.1327000e-01   1.0000000e+00
   3.1000000e+01   1.5842900e+01  -8.5515900e+00  -1.0000000e+00
   3.2000000e+01  -1.3569000e+01  -6.4912900e+00   1.0000000e+00
   3.3000000e+01  -5.7385100e+00  -1.2293300e-01  -1.0000000e+00
   3.4000000e+01   1.7345400e+01   4.2682600e+00  -1.0000000e+00
   3.5000000e+01  -1.5113400e+01  -9.7636400e+00   1.0000000e+00
   3.6000000e+01  -1.0673800e+01  -4.7818400e-01   1.0000000e+00
   3.7000000e+01  -1.6075300e+01   9.8049800e+00   1.0000000e+00
   3.8000000e+01   1.7360500e+00   1.0180000e+01  -1.0000000e+00
   3.9000000e+01  -5.4033000e+00   1.6510800e+01   1.0000000e+00
   4.0000000e+01  -6.1866100e+00  -7.7738600e+00  -1.0000000e+00
   4.1000000e+01  -1.3653800e+01   6.4268200e+00   1.0000000e+00
   4.2000000e+01   4.7591300e+00   3.3549300e+00  -1.0000000e+00
   4.3000000e+01  -1.6043000e+00   1.1567000e+01   1.0000000e+00
   4.4000000e+01  -6.5406300e+00   9.0328100e+00   1.0000000e+00
   4.5000000e+01   1.4303300e+01   1.1390700e+01  -1.0000000e+00
   4.6000000e+01  -6.5821200e+00  -1.7282700e+01  -1.0000000e+00
   4.7000000e+01   8.0262400e+00  -5.5913800e+00  -1.0000000e+00
   4.8000000e+01  -2.9484500e+00  -5.2019600e+00  -1.0000000e+00
   4.9000000e+01  -3.6265200e+00  -1.2647200e+01  -1.0000000e+00
   5.0000000e+01   8.3432300e+00  -7.6271900e+00  -1.0000000e+00
   5.1000000e+01   8.5573600e-01   4.8032800e+00  -1.0000000e+00
   5.2000000e+01   5.4722000e+00  -1.2335000e+01  -1.0000000e+00
   5.3000000e+01   3.1680100e+00   2.0371900e+00  -1.0000000e+00
   5.4000000e+01   7.2050000e+00   1.0074100e+01  -1.0000000e+00
   5.5000000e+01   6.1185200e+00  -1.6478000e+01  -1.0000000e+00
   5.6000000e+01   1.9105400e+00  -1.2867400e+01  -1.0000000e+00
   5.7000000e+01  -2.4025500e-02  -1.2155800e+01  -1.0000000e+00
   5.8000000e+01  -1.2299400e+01  -4.6702100e+00   1.0000000e+00
   5.9000000e+01  -7.8046600e+00   1.0692500e+01   1.0000000e+00
   6.0000000e+01  -2.3401600e+00   2.2013400e+00  -1.0000000e+00
   6.1000000e+01  -1.1121800e+01   3.0831000e+00   1.0000000e+00
   6.2000000e+01   1.0910400e+01  -9.3512300e-01  -1.0000000e+00
   6.3000000e+01   6.2607400e-01  -4.6963000e+00  -1.0000000e+00
   6.4000000e+01   1.1824700e+01   4.5870100e+00  -1.0000000e+00
   6.5000000e+01  -7.8379400e-01   1.3451400e+01   1.0000000e+00
   6.6000000e+01   3.2939500e+00   1.1517500e+01  -1.0000000e+00
   6.7000000e+01   1.6991400e+01   6.3640800e+00  -1.0000000e+00
   6.8000000e+01   1.6089300e+01   9.6655700e-01  -1.0000000e+00
   6.9000000e+01   3.6684800e+00   9.4863800e+00  -1.0000000e+00
   7.0000000e+01  -3.1630000e-01   9.8366700e+00   1.0000000e+00
   7.1000000e+01   1.9213100e+00  -1.3126900e+00  -1.0000000e+00
   7.2000000e+01  -1.0264800e+01   5.0057800e+00   1.0000000e+00
   7.3000000e+01   1.0286300e+01  -8.4039700e+00  -1.0000000e+00
   7.4000000e+01  -8.6113600e+00   8.7869400e+00   1.0000000e+00
   7.5000000e+01   2.4189400e+00  -1.7087300e+01  -1.0000000e+00
   7.6000000e+01  -1.4364900e+01  -4.5898400e+00   1.0000000e+00
   7.7000000e+01   1.6175500e+01  -1.0578600e+01  -1.0000000e+00
   7.8000000e+01  -9.1169600e+00  -2.4403100e+00   1.0000000e+00
   7.9000000e+01  -4.9411900e+00   1.2881900e+01   1.0000000e+00
   8.0000000e+01  -7.4728900e-01   3.5156300e+00  -1.0000000e+00
   8.1000000e+01  -1.2316800e+01   4.7755500e+00   1.0000000e+00
   8.2000000e+01   8.9958900e+00  -1.9202500e-01  -1.0000000e+00
   8.3000000e+01  -1.4877800e+01  -1.1816000e+01  -1.0000000e+00
   8.4000000e+01   8.6850000e+00  -9.6878600e+00  -1.0000000e+00
   8.5000000e+01   5.6290000e+00   8.7367100e+00  -1.0000000e+00
   8.6000000e+01   7.0787300e+00  -1.0995100e+01  -1.0000000e+00
   8.7000000e+01  -1.9778900e+00   1.6296700e-01  -1.0000000e+00
   8.8000000e+01  -5.2668800e+00   7.4260000e+00   1.0000000e+00
   8.9000000e+01   5.7586600e+00  -2.7908600e+00  -1.0000000e+00
   9.0000000e+01   1.4498200e+01  -1.1969600e+01  -1.0000000e+00
   9.1000000e+01   5.0836600e+00   1.8267100e+01   1.0000000e+00
   9.2000000e+01  -1.1104100e+01  -1.1546500e+01  -1.0000000e+00
   9.3000000e+01  -4.6443700e+00  -1.8062900e+01  -1.0000000e+00
   9.4000000e+01   9.6494100e+00  -4.2768700e+00  -1.0000000e+00
   9.5000000e+01  -4.0257400e+00   5.7876000e+00   1.0000000e+00
   9.6000000e+01   1.0724500e+01   1.0695800e+01  -1.0000000e+00
   9.7000000e+01  -9.8846700e+00   1.0431900e+01   1.0000000e+00
   9.8000000e+01  -9.4541700e+00   6.8879700e+00   1.0000000e+00
   9.9000000e+01  -7.1379400e+00  -1.6392900e+00  -1.0000000e+00
   1.0000000e+02  -1.7259800e+01  -6.8069200e+00   1.0000000e+00
   1.0100000e+02   1.6317600e+01   1.0536300e+01  -1.0000000e+00
   1.0200000e+02  -2.8949500e+00   1.3180400e+01   1.0000000e+00
   1.0300000e+02  -2.9817600e+00  -1.6745100e+01  -1.0000000e+00
   1.0400000e+02   1.5367600e+01   5.0637500e+00  -1.0000000e+00
   1.0500000e+02   1.4078900e+01   1.7056600e+00  -1.0000000e+00
   1.0600000e+02   5.1888800e-01   6.8260200e+00  -1.0000000e+00
   1.0700000e+02   6.3939600e+00   1.4238600e+01  -1.0000000e+00
   1.0800000e+02   9.8650100e+00   5.2991900e+00  -1.0000000e+00
   1.0900000e+02   7.7161700e+00  -3.5590400e+00  -1.0000000e+00
   1.1000000e+02   2.8115600e+00   4.0799100e+00  -1.0000000e+00
   1.1100000e+02   1.5506500e+01  -6.5004300e+00  -1.0000000e+00
   1.1200000e+02   1.3556500e+01  -5.7755900e+00  -1.0000000e+00
   1.1300000e+02  -1.4010000e+01   1.0015000e+01   1.0000000e+00
   1.1400000e+02   1.5220700e+01  -4.4512800e+00  -1.0000000e+00
   1.1500000e+02  -1.0675300e+01   8.5356000e+00   1.0000000e+00
   1.1600000e+02   3.9828400e+00   1.4680100e+01   1.0000000e+00
   1.1700000e+02  -3.2887700e+00  -1.4711100e+01  -1.0000000e+00
   1.1800000e+02   1.1479500e+01   6.6128800e+00  -1.0000000e+00
   1.1900000e+02  -1.2366600e+01  -1.5022600e+01  -1.0000000e+00
   1.2000000e+02   6.7125800e+00   2.6437100e+00  -1.0000000e+00
   1.2100000e+02  -4.6961300e+00   3.8358500e+00   1.0000000e+00
   1.2200000e+02  -7.5288200e+00  -1.1085000e+01  -1.0000000e+00
   1.2300000e+02   2.1582400e+00  -1.4969100e+01  -1.0000000e+00
   1.2400000e+02  -6.7984700e+00  -3.6788700e+00  -1.0000000e+00
   1.2500000e+02  -5.7276400e+00   1.9340300e+00   1.0000000e+00
   1.2600000e+02   1.2535000e+01  -1.1216000e+01  -1.0000000e+00
   1.2700000e+02  -9.1846100e+00  -1.2322300e+01  -1.0000000e+00
   1.2800000e+02   1.3455100e+01   5.8505300e+00  -1.0000000e+00
   1.2900000e+02   1.3186700e+01  -3.7202700e+00  -1.0000000e+00
   1.3000000e+02   9.5920700e+00  -1.5948800e+01  -1.0000000e+00
   1.3100000e+02   1.0032400e+01   1.4871100e+01  -1.0000000e+00
   1.3200000e+02   1.8336600e+01  -9.4633400e-02  -1.0000000e+00
   1.3300000e+02  -1.3361700e+01  -8.6379600e+00  -1.0000000e+00
   1.3400000e+02   1.1257000e+01  -3.0060300e+00  -1.0000000e+00
   1.3500000e+02   3.5254400e+00  -1.2162200e-03  -1.0000000e+00
   1.3600000e+02   1.2268200e+00  -8.7599400e+00  -1.0000000e+00
   1.3700000e+02   6.4230000e+00  -6.9060100e+00  -1.0000000e+00
   1.3800000e+02  -1.2922700e+00  -3.9471500e+00  -1.0000000e+00
   1.3900000e+02   1.3760600e+01   3.7680000e+00  -1.0000000e+00
   1.4000000e+02  -8.8891800e+00  -1.4427700e+01  -1.0000000e+00
   1.4100000e+02   7.6887800e+00  -1.5123100e+01  -1.0000000e+00
   1.4200000e+02  -4.2319800e+00  -8.5350600e+00  -1.0000000e+00
   1.4300000e+02  -5.8855700e+00  -9.8176700e+00  -1.0000000e+00
   1.4400000e+02   5.1085700e+00  -1.0274800e+01  -1.0000000e+00
   1.4500000e+02   2.4596700e+00   6.1100500e+00  -1.0000000e+00
   1.4600000e+02   5.2665600e+00   1.0792800e+01  -1.0000000e+00
   1.4700000e+02   5.4858300e+00   1.6142900e+01   1.0000000e+00
   1.4800000e+02  -4.1267800e+00   1.4866500e+01   1.0000000e+00
   1.4900000e+02  -1.3162600e+01   2.8261400e+00   1.0000000e+00
   1.5000000e+02   9.5152300e+00   1.7005500e+01  -1.0000000e+00
   1.5100000e+02  -7.3348700e+00   7.1338800e+00   1.0000000e+00
   1.5200000e+02  -5.2309300e+00  -1.3946700e+01  -1.0000000e+00
   1.5300000e+02   1.1987300e+01   1.4124100e+01  -1.0000000e+00
   1.5400000e+02  -1.5231300e+01   2.5749500e+00   1.0000000e+00
   1.5500000e+02   1.2869500e+01  -1.3246600e+01  -1.0000000e+00
   1.5600000e+02   3.8254600e+00  -1.3603800e+01  -1.0000000e+00
   1.5700000e+02  -8.1897200e+00   5.2488800e+00   1.0000000e+00
   1.5800000e+02  -9.9323200e-01  -5.9762000e+00  -1.0000000e+00
   1.5900000e+02  -3.9621900e+00  -1.0582300e+01  -1.0000000e+00
   1.6000000e+02   4.4926200e+00  -6.1701300e+00  -1.0000000e+00
   1.6100000e+02   1.2288900e+01   1.2036200e+01  -1.0000000e+00
   1.6200000e+02   3.5041900e+00  -1.1575600e+01  -1.0000000e+00
   1.6300000e+02   7.2084300e+00   1.7529800e+01   1.0000000e+00
   1.6400000e+02  -1.2973300e-02  -5.8154800e-01  -1.0000000e+00
   1.6500000e+02  -1.2847200e+01   8.3306300e+00   1.0000000e+00
   1.6600000e+02  -1.6404200e+01  -4.8628700e+00   1.0000000e+00
   1.6700000e+02   3.8381000e+00  -2.0737400e+00  -1.0000000e+00
   1.6800000e+02  -1.4401700e+01  -1.4047100e+01  -1.0000000e+00
   1.6900000e+02  -6.4985200e+00  -5.7390300e+00  -1.0000000e+00
   1.7000000e+02   1.7801700e+01   2.2342900e+00  -1.0000000e+00
   1.7100000e+02   1.1117500e+01   8.6693600e+00  -1.0000000e+00
   1.7200000e+02  -1.3581300e+01  -2.6739000e+00   1.0000000e+00
   1.7300000e+02  -9.0537100e+00   3.3351000e+00   1.0000000e+00
   1.7400000e+02   4.8900100e+00   1.2837800e+01  -1.0000000e+00
   1.7500000e+02  -9.7810300e+00  -8.2414300e+00  -1.0000000e+00
   1.7600000e+02   2.9433800e-01  -2.6165700e+00  -1.0000000e+00
   1.7700000e+02  -1.0450200e+01  -1.5832800e+01  -1.0000000e+00
   1.7800000e+02   1.0019600e+01  -6.3599400e+00  -1.0000000e+00
   1.7900000e+02   5.9875300e+00   6.7085300e+00  -1.0000000e+00
   1.8000000e+02  -7.2044500e+00  -1.3128100e+01  -1.0000000e+00
   1.8100000e+02  -1.1933000e+01   1.0222300e+01   1.0000000e+00
   1.8200000e+02   9.3250500e+00  -2.2400700e+00  -1.0000000e+00
   1.8300000e+02   1.0267700e+01   3.2259500e+00  -1.0000000e+00
   1.8400000e+02   1.3903700e+01  -7.8152000e+00  -1.0000000e+00
   1.8500000e+02  -1.6973400e+01  -8.8755800e+00   1.0000000e+00
   1.8600000e+02   4.3909900e+00   5.4157700e+00  -1.0000000e+00
   1.8700000e+02   2.1087300e+00   8.1633400e+00  -1.0000000e+00
   1.8800000e+02   1.2067400e+00   2.7772400e+00  -1.0000000e+00
   1.8900000e+02   5.4651000e+00  -7.4084300e-01  -1.0000000e+00
   1.9000000e+02   5.1308800e+00   1.3207100e+00  -1.0000000e+00
   1.9100000e+02  -3.7446300e-01   1.4609500e+00  -1.0000000e+00
   1.9200000e+02   1.2516700e+01   3.7154500e-01  -1.0000000e+00
   1.9300000e+02  -5.7413900e+00   1.0983100e+01   1.0000000e+00
   1.9400000e+02   1.2256800e+01  -9.1781100e+00  -1.0000000e+00
   1.9500000e+02  -1.3657600e+00   5.8080100e+00  -1.0000000e+00
   1.9600000e+02   8.3158300e+00   3.9338800e+00  -1.0000000e+00
   1.9700000e+02   9.4818900e-01  -6.7285700e+00  -1.0000000e+00
   1.9800000e+02   1.6686100e+01   8.4516700e+00  -1.0000000e+00
   1.9900000e+02  -7.8116800e+00   1.6890000e+00   1.0000000e+00
   2.0000000e+02   2.5490200e+00  -5.4098600e+00  -1.0000000e+00
   2.0100000e+02  -7.7988100e+00  -9.0404600e+00  -1.0000000e+00
   2.0200000e+02  -1.1479000e+01  -9.5200800e+00  -1.0000000e+00
   2.0300000e+02  -8.2370300e+00   1.4266500e+01   1.0000000e+00
   2.0400000e+02  -1.1096500e+01   1.2097000e+01   1.0000000e+00
   2.0500000e+02   1.0601500e+01  -1.0456100e+01  -1.0000000e+00
   2.0600000e+02   9.5089700e+00   7.3518900e+00  -1.0000000e+00
   2.0700000e+02  -7.4572700e+00   1.6270500e+01   1.0000000e+00
   2.0800000e+02  -1.6856000e+00  -1.3417800e+01  -1.0000000e+00
   2.0900000e+02  -1.6503500e+01   4.2505100e+00   1.0000000e+00
   2.1000000e+02   1.5075500e+01   7.1255300e+00  -1.0000000e+00
   2.1100000e+02  -3.2297300e+00   7.6813300e+00   1.0000000e+00
   2.1200000e+02  -4.5637700e+00  -6.4981900e+00  -1.0000000e+00
   2.1300000e+02  -2.0886400e+00   1.5089500e+01   1.0000000e+00
   2.1400000e+02   1.5697200e+01   3.0286200e+00  -1.0000000e+00
   2.1500000e+02   3.1892900e+00  -9.4959700e+00  -1.0000000e+00
   2.1600000e+02   8.0219300e+00  -1.7278600e+01  -1.0000000e+00
   2.1700000e+02  -5.0903200e-02   1.5411000e+01   1.0000000e+00
   2.1800000e+02  -1.5343400e+01  -7.5658500e+00   1.0000000e+00
   2.1900000e+02  -2.6844500e+00   4.2298800e+00  -1.0000000e+00
   2.2000000e+02  -8.4850000e+00  -1.6472300e+01  -1.0000000e+00
   2.2100000e+02   1.0590700e+01   1.1184200e+00  -1.0000000e+00
   2.2200000e+02  -1.6331000e+00  -1.8805000e+00  -1.0000000e+00
   2.2300000e+02   1.1590000e+01  -5.0443300e+00  -1.0000000e+00
   2.2400000e+02   2.0217600e+00   1.3150300e+01   1.0000000e+00
   2.2500000e+02  -4.4408500e+00   9.3384900e+00   1.0000000e+00
   2.2600000e+02   1.1330200e+01  -1.4656100e+01  -1.0000000e+00
   2.2700000e+02   4.1587600e+00  -4.1176300e+00  -1.0000000e+00
   2.2800000e+02  -3.9505700e+00   9.1722000e-01  -1.0000000e+00
   2.2900000e+02  -1.1529600e+01  -2.3936300e+00   1.0000000e+00
   2.3000000e+02  -1.3066500e+01  -1.0846200e+01  -1.0000000e+00
   2.3100000e+02  -9.4998300e+00   1.5912600e+01   1.0000000e+00
   2.3200000e+02   6.0878400e+00  -4.8510100e+00  -1.0000000e+00
   2.3300000e+02  -1.0060400e+01  -6.1811900e+00  -1.0000000e+00
   2.3400000e+02   1.0355800e+01   1.2800200e+01  -1.0000000e+00
   2.3500000e+02  -6.1872000e+00   1.4598300e+01   1.0000000e+00
   2.3600000e+02  -1.4787400e+01  -9.9852500e-01   1.0000000e+00
   2.3700000e+02  -3.5913300e+00  -1.1056300e+00  -1.0000000e+00
   2.3800000e+02   1.5673300e+00   7.5476400e-01  -1.0000000e+00
   2.3900000e+02  -1.4907700e+01   8.0929700e+00   1.0000000e+00
   2.4000000e+02  -1.7698400e+01  -3.2089200e+00   1.0000000e+00
   2.4100000e+02  -2.5940900e+00  -7.2483200e+00  -1.0000000e+00
   2.4200000e+02   1.4825600e+01  -2.4164600e+00  -1.0000000e+00
   2.4300000e+02  -4.9260000e+00  -1.5989700e+01  -1.0000000e+00
   2.4400000e+02   1.1432800e+00   1.7177500e+01   1.0000000e+00
   2.4500000e+02   9.1467900e+00   9.3737100e+00  -1.0000000e+00
   2.4600000e+02   9.0073500e+00  -1.1779000e+01  -1.0000000e+00
   2.4700000e+02   8.3962100e+00   1.3519300e+01  -1.0000000e+00
   2.4800000e+02  -1.8331400e+01   3.5085900e-01   1.0000000e+00
   2.4900000e+02  -1.0748500e+00  -1.7564000e+01  -1.0000000e+00
   2.5000000e+02  -1.6022400e+01   6.5945100e-01   1.0000000e+00
   2.5100000e+02  -1.0792600e+01  -1.3653500e+01  -1.0000000e+00
   2.5200000e+02  -2.3761900e+00   9.6490500e+00   1.0000000e+00
   2.5300000e+02  -1.1698100e+01  -7.4275000e+00  -1.0000000e+00
   2.5400000e+02   1.0930100e+01  -1.2558700e+01  -1.0000000e+00
   2.5500000e+02   9.3580200e+00  -1.3902400e+01  -1.0000000e+00
   2.5600000e+02   2.8301200e+00   1.8682200e+01   1.0000000e+00
   2.5700000e+02   2.4390000e-01  -1.4197500e+01  -1.0000000e+00
   2.5800000e+02  -1.6963500e+01  -1.2175600e+00   1.0000000e+00
   2.5900000e+02   1.6935600e+01  -3.1496800e+00  -1.0000000e+00
   2.6000000e+02   4.0356400e+00   7.4466400e+00  -1.0000000e+00
   2.6100000e+02   8.6690000e+00   1.9114800e+00  -1.0000000e+00
   2.6200000e+02  -1.1564400e+01   1.5783100e+01   1.0000000e+00
   2.6300000e+02  -1.2399500e+01   1.3830800e+01   1.0000000e+00
   2.6400000e+02   1.6404300e+01  -1.0616700e+00  -1.0000000e+00
   2.6500000e+02  -1.1917300e+00   7.9599900e+00   1.0000000e+00
   2.6600000e+02   4.7975900e+00  -8.2126300e+00  -1.0000000e+00
   2.6700000e+02  -9.4432900e+00  -1.0286400e+01  -1.0000000e+00
   2.6800000e+02   2.2315200e+00  -3.3619200e+00  -1.0000000e+00
   2.6900000e+02  -8.4246900e+00  -4.9359900e+00  -1.0000000e+00
   2.7000000e+02  -2.3073100e+00  -9.3177200e+00  -1.0000000e+00
   2.7100000e+02   1.4699100e+01   9.1796200e+00  -1.0000000e+00
   2.7200000e+02   1.2162800e+01   2.4513300e+00  -1.0000000e+00
   2.7300000e+02   8.0114600e+00   1.5603100e+01  -1.0000000e+00
   2.7400000e+02   1.2744900e+01   9.9876300e+00  -1.0000000e+00
   2.7500000e+02   7.5652900e+00   8.0366000e+00  -1.0000000e+00
   2.7600000e+02  -1.7328600e+01   2.3010900e+00   1.0000000e+00
   2.7700000e+02   7.3922100e+00  -1.3050500e+01  -1.0000000e+00
   2.7800000e+02   6.7214400e+00  -8.9449000e+00  -1.0000000e+00
   2.7900000e+02  -6.0615700e+00   5.4883100e+00   1.0000000e+00
   2.8000000e+02  -1.0335100e+01  -4.0897200e+00   1.0000000e+00
   2.8100000e+02  -9.0487700e+00   1.2352900e+01   1.0000000e+00
   2.8200000e+02   1.4219700e+01  -9.8846800e+00  -1.0000000e+00
   2.8300000e+02  -8.1325700e+00  -6.9965000e+00  -1.0000000e+00
   2.8400000e+02   1.3065300e+01   7.9356900e+00  -1.0000000e+00
   2.8500000e+02  -3.2472500e+00  -3.1658300e+00  -1.0000000e+00
   2.8600000e+02   1.4450900e+01  -3.2271800e-01  -1.0000000e+00
   2.8700000e+02  -1.5706200e+01   6.1766400e+00   1.0000000e+00
   2.8800000e+02   4.1045000e+00  -1.5802900e+01  -1.0000000e+00
   2.8900000e+02   1.9923900e+00   1.5207000e+01   1.0000000e+00
   2.9000000e+02  -6.9550600e+00   3.5811700e+00   1.0000000e+00
   2.9100000e+02  -6.8810200e+00  -1.5166600e+01  -1.0000000e+00
   2.9200000e+02  -1.5634100e+01  -2.9558000e+00   1.0000000e+00
   2.9300000e+02   6.3384700e+00   4.6614300e+00  -1.0000000e+00
   2.9400000e+02   7.3993400e+00  -1.5270700e+00  -1.0000000e+00
   2.9500000e+02   5.7444900e+00  -1.4395300e+01  -1.0000000e+00
   2.9600000e+02   1.2832700e+01  -1.6811900e+00  -1.0000000e+00
   2.9700000e+02   1.5637900e+00  -1.0803900e+01  -1.0000000e+00
   2.9800000e+02  -4.8642100e+00  -4.4631600e+00  -1.0000000e+00
   2.9900000e+02   4.6181700e-01   1.1796800e+01   1.0000000e+00
