   0.0000000e+00   6.1146200e-01   1.5000600e+00   3.8436300e+01   1.0000000e+00
   1.0000000e+00  -1.6087000e+01  -6.3100800e+00   2.3504900e+01  -1.0000000e+00
   2.0000000e+00   4.2472100e-01   1.0521400e+01   3.7038800e+01  -3.0000000e+00
   3.0000000e+00  -4.5499000e+00  -6.4900800e+00   3.8241000e+01   1.0000000e+00
   4.0000000e+00   3.9369300e+00   1.3414100e+01   3.6663700e-01  -3.0000000e+00
   5.0000000e+00  -2.4953400e+00   1.7438000e+01   3.7104900e+01  -1.0000000e+00
   6.0000000e+00  -1.1094400e+01   1.0820600e+01   3.7477200e+01   1.0000000e+00
   7.0000000e+00  -1.7227900e+00  -4.2404200e+00   3.8482600e+01   1.0000000e+00
   8.0000000e+00   1.1456200e+01   5.4945400e+00   1.3391000e+01   2.0000000e+00
   9.0000000e+00  -1.5572600e+01  -9.9311000e+00   3.9754600e+01  -1.0000000e+00
   1.0000000e+01   1.6221600e+01   9.9849200e+00   1.2246400e+01  -1.0000000e+00
   1.1000000e+01   7.3682100e+00  -1.2008900e+01   6.2847400e+00   2.0000000e+00
   1.2000000e+01  -1.5571200e+01   4.7041900e+00   3.8571800e+01  -2.0000000e+00
   1.3000000e+01  -8.1203600e+00   3.9343600e+00   3.8076400e+01   1.0000000e+00
   1.4000000e+01  -1.0762700e+01   1.6339000e+01   3.7211100e+01  -1.0000000e+00
   1.5000000e+01   1.2611000e+01  -1.0240200e+01   8.4128100e+00   2.0000000e+00
   1.6000000e+01   4.5478600e+00   1.1447900e+01   9.5669000e+00  -3.0000000e+00
   1.7000000e+01  -5.2805000e+00  -8.4084200e+00   3.8021100e+01   1.0000000e+00
   1.8000000e+01  -3.0394000e+00  -2.6221900e+00   3.8352100e+01   1.0000000e+00
   1.9000000e+01   9.6429900e+00  -1.1443200e+00   2.0750600e+00  -3.0000000e+00
   2.0000000e+01   1.1611900e+00  -1.6705600e+01   3.8667800e+01  -2.0000000e+00
   2.1000000e+01   7.6068900e+00  -1.4173000e+01   3.3313600e+01  -2.0000000e+00
   2.2000000e+01   2.3438100e+00  -3.6664700e+00   3.8391400e+01   1.0000000e+00
   2.3000000e+01  -1.7387000e+01  -4.6937700e+00   3.8875400e+01  -1.0000000e+00
   2.4000000e+01  -1.5308500e+01   1.0221500e+01   5.2397700e+01  -1.0000000e+00
   2.5000000e+01   8.9835800e+00   1.5803500e+01   1.1957300e+01  -1.0000000e+00
   2.6000000e+01   1.9229100e+00  -7.5435300e-02   3.7608600e+01   1.0000000e+00
   2.7000000e+01   4.3704300e+00  -3.3980200e+00   4.6681600e+01  -3.0000000e+00
   2.8000000e+01   4.9361700e+00  -7.0522900e+00   5.0446900e+00  -3.0000000e+00
   2.9000000e+01   7.8460300e-01   1.5977800e+01   3.2215900e+01  -2.0000000e+00
   3.0000000e+01   1.3825600e+01  -4.7408600e+00   9.3390400e+00   2.0000000e+00
   3.1000000e+01  -1.0174700e+01  -1.0892200e+01   3.8603200e+01   1.0000000e+00
   3.2000000e+01  -9.4041300e+00  -8.9446400e+00   3.8408300e+01   1.0000000e+00
   3.3000000e+01  -6.7704000e-01   3.1284600e+00   3.7765500e+01   1.0000000e+00
   3.4000000e+01   9.5337100e+00  -1.5305700e+01   1.9345600e+01  -1.0000000e+00
   3.5000000e+01   1.0186100e+01  -5.3889800e+00   7.5886000e+00   2.0000000e+00
   3.6000000e+01  -1.4029400e+01   8.6165400e+00   3.7885000e+01  -2.0000000e+00
   3.7000000e+01   8.5165200e+00   1.0274200e+01   1.3076700e+01   2.0000000e+00
   3.8000000e+01  -9.4577700e+00   1.4613600e+01   3.7546600e+01  -2.0000000e+00
   3.9000000e+01   8.0225100e+00   1.2294300e+01   1.3654800e+01   2.0000000e+00
   4.0000000e+01  -1.6123000e+01   8.3261800e+00   5.1631200e+01  -1.0000000e+00
   4.1000000e+01  -4.0929000e+00   1.3556900e+01   3.7745700e+01   1.0000000e+00
   4.2000000e+01   9.0805800e-02  -9.4775800e+00   3.8596900e+01   1.0000000e+00
   4.3000000e+01  -7.8780300e+00  -5.1223100e+00   3.8437000e+01   1.0000000e+00
   4.4000000e+01   8.3757700e+00   2.7221000e+00   1.0454800e+01   2.0000000e+00
   4.5000000e+01  -6.2953200e+00  -1.5809700e+01   3.8060800e+01  -2.0000000e+00
   4.6000000e+01   1.2996400e+01   6.9021500e+00   1.3511100e+01   2.0000000e+00
   4.7000000e+01  -6.8400200e+00  -1.2209400e+01   3.8305300e+01   1.0000000e+00
   4.8000000e+01   5.7015100e+00  -1.3270300e+01   3.7454500e+00  -3.0000000e+00
   4.9000000e+01  -5.5878400e+00   6.4218700e-01   3.8167200e+01   1.0000000e+00
   5.0000000e+01  -1.4406100e-01  -1.4946800e+01   3.8841600e+01   1.0000000e+00
   5.1000000e+01  -7.7744900e+00   9.4304500e+00   3.6660600e+01   1.0000000e+00
   5.2000000e+01   9.9514400e+00  -3.3377700e+00   7.9172300e+00   2.0000000e+00
   5.3000000e+01  -4.2577100e+00  -1.5522600e+01   3.7941200e+01  -2.0000000e+00
   5.4000000e+01   1.4167800e+00  -1.1085400e+01   3.9743900e+01   1.0000000e+00
   5.5000000e+01   9.4816300e+00   1.3747000e+01   1.3129600e+01  -2.0000000e+00
   5.6000000e+01  -1.2246500e+01   3.3652800e+00   3.7547900e+01   1.0000000e+00
   5.7000000e+01  -4.4135700e-01  -5.8777400e+00   3.8178600e+01   1.0000000e+00
   5.8000000e+01  -1.4831500e+01   6.6473400e+00   3.8122400e+01  -2.0000000e+00
   5.9000000e+01  -3.2240500e+00  -8.1066000e+00   3.8612700e+01   1.0000000e+00
   6.0000000e+01   1.5961400e+01   2.3226100e+00   1.3471900e+01  -2.0000000e+00
   6.1000000e+01  -6.0737400e+00  -1.0305200e+01   3.7778400e+01   1.0000000e+00
   6.2000000e+01  -8.8819200e+00   1.9951000e+00   3.7557800e+01   1.0000000e+00
   6.3000000e+01   4.9738300e+00   9.4392500e+00   1.4029300e+01  -3.0000000e+00
   6.4000000e+01   2.8662000e-01  -1.8573000e+01   3.5073500e+01  -1.0000000e+00
   6.5000000e+01   2.1141500e+00  -9.1377700e+00   3.9692900e+01  -3.0000000e+00
   6.6000000e+01   4.9650700e+00  -9.1484700e+00   9.2504600e+00  -3.0000000e+00
   6.7000000e+01   1.4897200e+01  -1.2985000e+01   1.0537300e+01  -1.0000000e+00
   6.8000000e+01   1.0547700e+01   9.6105700e+00   1.2772000e+01   2.0000000e+00
   6.9000000e+01   6.5243200e+00   1.0880700e+01   1.3762900e+01   2.0000000e+00
   7.0000000e+01   8.0742700e+00  -2.4921100e+00   1.1206300e+01  -3.0000000e+00
   7.1000000e+01   3.1561700e+00  -1.7346400e+00   3.6730900e+01   1.0000000e+00
   7.2000000e+01   2.0655200e+00   1.4338500e+01   3.8300300e+01  -3.0000000e+00
   7.3000000e+01   5.8687700e-01  -1.3011000e+01   3.8691900e+01   1.0000000e+00
   7.4000000e+01   8.7833700e+00  -8.6685100e+00   7.1784600e+00   2.0000000e+00
   7.5000000e+01   1.7508900e+01   3.7243900e+00  -2.2829200e+00  -1.0000000e+00
   7.6000000e+01   5.1891100e+00  -1.5009600e+00   2.6051300e+01  -3.0000000e+00
   7.7000000e+01   1.5732700e+01  -5.5225800e+00   8.4362100e+00  -2.0000000e+00
   7.8000000e+01  -2.9409100e+00  -1.7268000e+01   3.8111500e+01  -1.0000000e+00
   7.9000000e+01   1.3503000e+01   4.9164100e+00   1.3784600e+01   2.0000000e+00
   8.0000000e+01  -6.6901400e-01  -1.1387000e+01   3.8027000e+01   1.0000000e+00
   8.1000000e+01  -3.6762100e+00   9.9833300e+00   3.7097700e+01   1.0000000e+00
   8.2000000e+01  -4.0192200e+00   4.4924600e+00   3.8008800e+01   1.0000000e+00
   8.3000000e+01  -5.0723600e+00  -2.9023700e+00   3.8277500e+01   1.0000000e+00
   8.4000000e+01  -8.1818100e+00   1.3006900e+01   3.7481800e+01   1.0000000e+00
   8.5000000e+01  -1.2980800e+01  -1.3107800e+01   3.7843700e+01  -2.0000000e+00
   8.6000000e+01   1.4493400e+01   8.6086300e-01   1.3073600e+01   2.0000000e+00
   8.7000000e+01   2.6903200e+00  -1.8341900e+01   4.4950400e+01  -1.0000000e+00
   8.8000000e+01   1.3711700e+00   3.4061700e+00   3.8772700e+01   1.0000000e+00
   8.9000000e+01   1.5037700e+01   6.3689700e+00   1.3912000e+01  -2.0000000e+00
   9.0000000e+01   1.7055100e+01   5.7273600e+00  -2.3334900e+00  -1.0000000e+00
   9.1000000e+01   1.8738400e+00  -1.4603400e+01   3.8343200e+01   1.0000000e+00
   9.2000000e+01  -1.6327900e+00   1.0256600e+01   3.7233300e+01   1.0000000e+00
   9.3000000e+01  -8.1189600e+00  -1.0582900e+01   3.8308200e+01   1.0000000e+00
   9.4000000e+01  -1.9431900e+00  -9.7563100e+00   3.8145900e+01   1.0000000e+00
   9.5000000e+01   1.0437400e+01   2.0095200e+00   2.4075900e+01  -3.0000000e+00
   9.6000000e+01  -2.4885300e+00  -6.1794200e+00   3.8633200e+01   1.0000000e+00
   9.7000000e+01   1.0701800e+00  -2.0123800e+00   3.7869800e+01   1.0000000e+00
   9.8000000e+01   1.4143500e+01   1.0513000e+01   1.7671400e+00  -2.0000000e+00
   9.9000000e+01   5.7160600e+00  -1.5350700e+01   2.1039100e+01  -2.0000000e+00
   1.0000000e+02   7.4621100e+00   1.4423100e+01   1.3665800e+01  -2.0000000e+00
   1.0100000e+02  -1.3794600e+01  -5.1543600e-01   3.7790900e+01   1.0000000e+00
   1.0200000e+02  -4.7857500e+00  -1.1945200e+01   3.7786000e+01   1.0000000e+00
   1.0300000e+02   1.3570400e+01   1.2505000e+01  -2.8563600e-01  -1.0000000e+00
   1.0400000e+02   6.4137000e+00   3.3636500e+00   1.0157600e+01  -3.0000000e+00
   1.0500000e+02   1.0440300e+01  -7.4355100e+00   7.4455800e+00   2.0000000e+00
   1.0600000e+02  -8.4338400e+00  -1.5743000e+00   3.7879800e+01   1.0000000e+00
   1.0700000e+02   1.4470900e+01   8.3572600e+00   1.3272300e+01  -2.0000000e+00
   1.0800000e+02  -1.4820100e+01  -7.9518400e+00   3.8486200e+01  -2.0000000e+00
   1.0900000e+02   2.7428200e+00   1.8683900e+00   3.8175100e+01   1.0000000e+00
   1.1000000e+02   1.0982000e+01  -1.1543100e+01   7.8593500e+00   2.0000000e+00
   1.1100000e+02  -2.2751100e+00  -7.1462800e-01   3.8078100e+01   1.0000000e+00
   1.1200000e+02   2.7885500e+00  -1.2611600e+01   3.8174500e+01  -3.0000000e+00
   1.1300000e+02  -1.1947500e+00  -7.7893700e+00   3.8462700e+01   1.0000000e+00
   1.1400000e+02   1.4927000e+01  -1.2344600e+00   1.2702400e+01   2.0000000e+00
   1.1500000e+02   7.0266300e+00   1.6488600e+01   1.1828700e+01  -1.0000000e+00
   1.1600000e+02  -7.4111800e+00   1.4935300e+01   3.8312200e+01  -2.0000000e+00
   1.1700000e+02   1.1032200e+01   1.5109800e+01   1.2827700e+01  -1.0000000e+00
   1.1800000e+02  -4.5123100e+00   8.0404800e+00   3.7220600e+01   1.0000000e+00
   1.1900000e+02  -6.9502500e+00   1.1349600e+01   3.6955800e+01   1.0000000e+00
   1.2000000e+02   1.6213200e+01  -9.7038800e+00   6.3040100e+00  -1.0000000e+00
   1.2100000e+02  -1.4303100e+01   3.0799200e+00   3.8020000e+01  -2.0000000e+00
   1.2200000e+02  -1.6419600e+01   2.7798600e+00   5.2430100e+01  -1.0000000e+00
   1.2300000e+02  -7.3666900e+00   5.8566900e+00   3.7557400e+01   1.0000000e+00
   1.2400000e+02   1.1551100e+01   1.3084500e+01   1.3981100e+01  -2.0000000e+00
   1.2500000e+02  -1.1444500e+01  -9.2572400e+00   3.8731000e+01   1.0000000e+00
   1.2600000e+02  -3.5485000e+00   9.4120200e-01   3.7922500e+01   1.0000000e+00
   1.2700000e+02  -3.4906100e-01   8.6122200e+00   3.7725800e+01   1.0000000e+00
   1.2800000e+02   1.6295200e+00  -5.6070100e+00   3.8118900e+01   1.0000000e+00
   1.2900000e+02  -3.7790700e+00  -4.5569900e+00   3.8336900e+01   1.0000000e+00
   1.3000000e+02  -6.0611500e+00   4.1935200e+00   3.7975500e+01   1.0000000e+00
   1.3100000e+02   1.1997600e+01   3.5110400e+00   1.4057100e+01   2.0000000e+00
   1.3200000e+02  -6.3522000e+00  -1.2861300e+00   3.8247900e+01   1.0000000e+00
   1.3300000e+02  -3.7156400e-01   1.7679400e+01   3.5338900e+01  -1.0000000e+00
   1.3400000e+02  -1.1699100e+01  -1.4737900e+01   2.5806000e+01  -2.0000000e+00
   1.3500000e+02  -9.1807600e+00  -3.4923600e+00   3.8570100e+01   1.0000000e+00
   1.3600000e+02  -1.5325300e+01  -4.3742400e+00   3.8688500e+01  -2.0000000e+00
   1.3700000e+02   6.0349300e+00   5.3853600e+00   1.0312500e+00  -3.0000000e+00
   1.3800000e+02   1.2392500e+01  -8.1525900e+00   7.8174700e+00   2.0000000e+00
   1.3900000e+02  -9.9224600e+00  -5.4212200e+00   3.8167100e+01   1.0000000e+00
   1.4000000e+02   1.2511800e+01   8.9720000e+00   1.2643500e+01   2.0000000e+00
   1.4100000e+02  -1.1421600e+01   5.2723200e+00   3.7086800e+01   1.0000000e+00
   1.4200000e+02  -5.3729800e+00   1.5191900e+01   3.7676300e+01  -2.0000000e+00
   1.4300000e+02  -1.3020800e+01   1.4241200e+00   3.8104600e+01   1.0000000e+00
   1.4400000e+02  -7.6379700e+00   3.2768500e-01   3.7647900e+01   1.0000000e+00
   1.4500000e+02  -6.5498200e+00   7.7630800e+00   3.6742500e+01   1.0000000e+00
   1.4600000e+02  -1.3801600e+01  -1.5098100e+01   6.8655000e+01  -1.0000000e+00
   1.4700000e+02   1.8821400e+01  -2.6256800e+00   1.0916300e+01  -1.0000000e+00
   1.4800000e+02  -1.3285800e+01  -4.0792200e+00   3.8575500e+01   1.0000000e+00
   1.4900000e+02   3.5591000e+00   3.7589000e+00   4.0414100e+01  -3.0000000e+00
   1.5000000e+02   7.9948500e+00   4.7574500e+00   1.1652300e+01   2.0000000e+00
   1.5100000e+02  -1.5034500e+00   1.2131800e+00   3.7854700e+01   1.0000000e+00
   1.5200000e+02  -6.6054800e+00  -6.7334100e+00   3.7984700e+01   1.0000000e+00
   1.5300000e+02  -2.7198000e+00  -1.1676000e+01   3.7765400e+01   1.0000000e+00
   1.5400000e+02  -5.5379000e+00  -1.3860300e+01   3.8082200e+01   1.0000000e+00
   1.5500000e+02   7.0386600e+00   8.8488700e+00   1.3409600e+01   2.0000000e+00
   1.5600000e+02  -8.5995500e+00   7.5376300e+00   3.7142100e+01   1.0000000e+00
   1.5700000e+02  -1.4637800e+00  -1.3343600e+01   3.8375000e+01   1.0000000e+00
   1.5800000e+02  -1.3530800e+01  -9.5745400e+00   3.8999900e+01  -2.0000000e+00
   1.5900000e+02  -1.9580300e+00   4.7657600e+00   3.7624700e+01   1.0000000e+00
   1.6000000e+02   1.0054400e+01   1.1644600e+01   1.3457400e+01   2.0000000e+00
   1.6100000e+02   7.1573100e+00  -9.9310400e+00   7.5441800e+00   2.0000000e+00
   1.6200000e+02  -1.5839300e+01  -7.7748600e-01   3.7951900e+01  -2.0000000e+00
   1.6300000e+02   3.1786000e+00  -1.6309100e+01   4.5185500e+01  -2.0000000e+00
   1.6400000e+02  -1.0505900e+01  -1.8616000e+00   3.8147100e+01   1.0000000e+00
   1.6500000e+02   5.9748200e+00   1.2921900e+01   1.5168400e+01   2.0000000e+00
   1.6600000e+02  -5.3276900e+00   6.1156600e+00   3.7859700e+01   1.0000000e+00
   1.6700000e+02   9.5099900e+00   6.1443800e+00   1.2364700e+01   2.0000000e+00
   1.6800000e+02  -6.8462600e+00   2.3003700e+00   3.7790800e+01   1.0000000e+00
   1.6900000e+02  -9.0022800e+00   1.1096200e+01   3.7013800e+01   1.0000000e+00
   1.7000000e+02  -1.5081300e+01   1.1393100e+00   3.7985600e+01  -2.0000000e+00
   1.7100000e+02   1.1511900e+01  -1.9905800e+00   2.2403900e+01  -3.0000000e+00
   1.7200000e+02  -1.0901900e+01  -1.2841800e+01   3.8128100e+01   1.0000000e+00
   1.7300000e+02  -9.8322200e+00   9.1880800e+00   3.7204000e+01   1.0000000e+00
   1.7400000e+02   8.4544900e-01  -7.4968700e+00   3.8082200e+01   1.0000000e+00
   1.7500000e+02   8.5001300e+00  -6.6081300e+00   6.7264800e+00   2.0000000e+00
   1.7600000e+02   7.4868800e+00   6.8284500e+00   1.2903400e+01   2.0000000e+00
   1.7700000e+02  -1.1508200e+01   1.4418400e+01   4.8872000e+01  -2.0000000e+00
   1.7800000e+02   2.2922500e+00   1.7464100e+01   2.5618300e+01  -1.0000000e+00
   1.7900000e+02  -3.3142200e+00   1.5478400e+01   3.7530900e+01  -2.0000000e+00
   1.8000000e+02   7.5675200e+00  -1.6288600e+01   5.9542700e+01  -1.0000000e+00
   1.8100000e+02  -1.1977200e+01  -5.6906600e+00   3.8190800e+01   1.0000000e+00
   1.8200000e+02   1.6001400e+01  -7.6565200e+00   6.7254800e+00  -2.0000000e+00
   1.8300000e+02  -7.5734700e+00  -1.4152400e+01   3.8313400e+01   1.0000000e+00
   1.8400000e+02  -1.4480700e+01   1.2128700e+01   5.2664700e+01  -1.0000000e+00
   1.8500000e+02  -1.0451600e+01  -1.6406800e+01   3.7749500e+01  -1.0000000e+00
   1.8600000e+02   1.5429700e+01  -3.3367900e+00   1.0922500e+01   2.0000000e+00
   1.8700000e+02  -7.1468500e+00  -3.2058400e+00   3.8425800e+01   1.0000000e+00
   1.8800000e+02  -1.2707800e+01   6.9992300e+00   3.7493800e+01   1.0000000e+00
   1.8900000e+02  -1.0639500e+01   7.2103600e+00   3.7270300e+01   1.0000000e+00
   1.9000000e+02  -9.6597700e+00  -1.4481700e+01   3.7930800e+01  -2.0000000e+00
   1.9100000e+02   1.4328700e+01  -8.8621400e+00   7.0686100e+00  -2.0000000e+00
   1.9200000e+02  -1.6638500e+01  -2.7433000e+00   3.8274800e+01  -2.0000000e+00
   1.9300000e+02  -4.9842400e+00  -1.7466400e+01   3.7651400e+01  -1.0000000e+00
   1.9400000e+02   1.3459200e+01  -2.7102900e+00   1.1739700e+01   2.0000000e+00
   1.9500000e+02  -1.1233500e+01  -3.7801500e+00   3.8586700e+01   1.0000000e+00
   1.9600000e+02   9.0317500e+00   8.2193400e+00   1.2690500e+01   2.0000000e+00
   1.9700000e+02  -2.0558500e+00   1.3845400e+01   3.7277300e+01   1.0000000e+00
   1.9800000e+02  -7.0691300e+00  -1.7729700e+01   3.7989500e+01  -1.0000000e+00
   1.9900000e+02   2.1402300e+00   5.3021900e+00   2.8641600e+01  -3.0000000e+00
   2.0000000e+02  -6.6620000e+00   1.6885000e+01   3.8077800e+01  -1.0000000e+00
   2.0100000e+02   1.7348900e+01  -4.1936400e+00   1.0713400e+01  -2.0000000e+00
   2.0200000e+02  -1.1757700e+01  -2.1361300e-01   3.7936600e+01   1.0000000e+00
   2.0300000e+02   3.1784100e-01  -3.9771000e+00   3.8421300e+01   1.0000000e+00
   2.0400000e+02   9.0560900e-01   6.9548200e+00   3.7070800e+01  -3.0000000e+00
   2.0500000e+02   1.1013500e+01   7.5783200e+00   1.2453700e+01   2.0000000e+00
   2.0600000e+02   1.2187400e+01  -6.0680100e+00   8.5471700e+00   2.0000000e+00
   2.0700000e+02   8.7270500e+00   6.9972200e-01   1.3271500e+01  -3.0000000e+00
   2.0800000e+02   1.6531400e+01   7.8041000e+00  -2.2334500e+00  -1.0000000e+00
   2.0900000e+02  -2.4442100e+00   8.3377300e+00   3.7523000e+01   1.0000000e+00
   2.1000000e+02  -1.4050100e+01  -5.9864500e+00   3.8342100e+01  -2.0000000e+00
   2.1100000e+02  -8.6517200e+00  -7.0340500e+00   3.8196100e+01   1.0000000e+00
   2.1200000e+02  -6.1315200e+00   1.3274400e+01   3.7540700e+01   1.0000000e+00
   2.1300000e+02  -9.3987300e+00   5.5595000e+00   3.7924600e+01   1.0000000e+00
   2.1400000e+02  -4.3088400e+00  -9.6996300e-01   3.8110000e+01   1.0000000e+00
   2.1500000e+02  -1.2764700e+01  -7.6440700e+00   3.8480200e+01   1.0000000e+00
   2.1600000e+02   4.0026200e+00   1.9356100e-01   3.6656800e+01  -3.0000000e+00
   2.1700000e+02   3.9322200e+00  -1.4334700e+01   3.4297500e+01  -3.0000000e+00
   2.1800000e+02   5.5285800e+00   7.4275200e+00   1.4388800e+01  -3.0000000e+00
   2.1900000e+02  -1.0277200e+01   1.2734400e+01   3.6966800e+01   1.0000000e+00
   2.2000000e+02  -1.2544700e+01  -2.1415700e+00   3.8186300e+01   1.0000000e+00
   2.2100000e+02  -2.0460200e-01  -3.9400400e-01   3.8158500e+01   1.0000000e+00
   2.2200000e+02   9.9718900e+00   4.0154900e+00   1.2445000e+01   2.0000000e+00
   2.2300000e+02   1.2474100e+01   1.4650400e+00   1.6964400e+00  -3.0000000e+00
   2.2400000e+02  -8.1457700e-01   1.2190800e+01   3.6784200e+01   1.0000000e+00
   2.2500000e+02  -1.7928000e+01  -1.0415300e+00   3.8348100e+01  -1.0000000e+00
   2.2600000e+02   2.8823700e+00  -7.2273600e+00   4.8881700e+01  -3.0000000e+00
   2.2700000e+02   6.6056600e+00  -5.7879700e+00   6.5126400e+00  -3.0000000e+00
   2.2800000e+02  -1.3510200e+01   5.0690800e+00   3.7965600e+01   1.0000000e+00
   2.2900000e+02   1.3298000e+01  -1.4379700e+01   1.0746500e+01  -1.0000000e+00
   2.3000000e+02   3.5136800e+00  -1.0647700e+01   4.3143800e+01  -3.0000000e+00
   2.3100000e+02   1.3024000e+01   1.4551300e+01   1.4722700e+01  -1.0000000e+00
   2.3200000e+02  -9.7008500e+00   9.3744600e-02   3.7338700e+01   1.0000000e+00
   2.3300000e+02  -1.3578200e+01   1.4171400e+01   3.6527500e+01  -1.0000000e+00
   2.3400000e+02   7.1022000e+00  -6.8030700e-01   1.2300800e+01  -3.0000000e+00
   2.3500000e+02  -1.0170700e+01   3.6462400e+00   3.7755300e+01   1.0000000e+00
   2.3600000e+02   4.7908700e+00   2.1121600e+00   3.7425300e+01  -3.0000000e+00
   2.3700000e+02   2.5818100e+00   1.0783100e+01   3.9601500e+01  -3.0000000e+00
   2.3800000e+02  -1.7019200e+01   6.4627300e+00   3.6202300e+01  -1.0000000e+00
   2.3900000e+02  -1.1871500e+01   8.9103700e+00   3.7514900e+01   1.0000000e+00
   2.4000000e+02  -1.3186800e+01   1.0510400e+01   3.7770000e+01  -2.0000000e+00
   2.4100000e+02   1.4558900e+01  -1.0953800e+01   8.4047700e+00  -2.0000000e+00
   2.4200000e+02   9.2685800e+00  -1.2849400e+01   7.0087500e+00   0.0000000e+00
   2.4300000e+02  -8.3867900e+00  -1.6086200e+01   2.6139100e+01  -2.0000000e+00
   2.4400000e+02  -3.2658200e+00   6.4172900e+00   3.7907700e+01   1.0000000e+00
   2.4500000e+02   1.2958100e+01  -5.2784400e-01   1.2858800e+01  -3.0000000e+00
   2.4600000e+02   1.1890900e+01  -4.0283000e+00   9.6050200e+00   2.0000000e+00
   2.4700000e+02  -4.5583700e+00   1.7130000e+01   3.7331700e+01  -1.0000000e+00
   2.4800000e+02   6.3955600e+00  -3.6932300e+00   1.4875900e+00  -3.0000000e+00
   2.4900000e+02   1.5488300e+01   4.3465700e+00   1.3009500e+01  -2.0000000e+00
   2.5000000e+02  -4.0032400e+00  -1.0049500e+01   3.7837600e+01   1.0000000e+00
   2.5100000e+02   1.8562000e+01  -5.6451500e-01  -5.2799000e+00  -1.0000000e+00
   2.5200000e+02  -4.8076000e+00   2.5675700e+00   3.7714400e+01   1.0000000e+00
   2.5300000e+02  -1.0968200e+01   1.7439700e+00   3.7798100e+01   1.0000000e+00
   2.5400000e+02  -2.1885000e+00  -1.5269300e+01   3.8639300e+01  -2.0000000e+00
   2.5500000e+02   3.5568000e+00   1.5764200e+01   1.5836700e+01  -2.0000000e+00
   2.5600000e+02  -1.2597200e+00   1.5745000e+01   3.6622800e+01  -2.0000000e+00
   2.5700000e+02  -1.2208100e+01  -1.1203200e+01   3.8512800e+01  -2.0000000e+00
   2.5800000e+02   1.7112100e+00   8.9124900e+00   4.2290000e+01  -3.0000000e+00
   2.5900000e+02   4.9908000e+00  -1.7281000e+01   5.1986000e+01  -1.0000000e+00
   2.6000000e+02  -1.0714800e+01  -7.3239600e+00   3.8375700e+01   1.0000000e+00
   2.6100000e+02   6.8488200e+00  -7.8600900e+00   6.8545900e+00   2.0000000e+00
   2.6200000e+02   9.4472100e-02   5.0501100e+00   3.7397100e+01   1.0000000e+00
   2.6300000e+02   1.2073400e+01   1.1066000e+01   1.3817100e+01  -2.0000000e+00
   2.6400000e+02   5.4266800e+00   1.4916800e+01   1.2764100e+01  -2.0000000e+00
   2.6500000e+02   1.3995400e+01   2.9008400e+00   1.3582800e+01   2.0000000e+00
   2.6600000e+02  -9.9238200e-01  -2.3215900e+00   3.8461400e+01   1.0000000e+00
   2.6700000e+02   1.7974100e+01   1.7167200e+00  -1.2130200e+00  -1.0000000e+00
   2.6800000e+02   8.2839000e+00  -4.5500000e+00   6.0066900e+00   2.0000000e+00
   2.6900000e+02  -5.7197100e+00   9.6955000e+00   3.6957600e+01   1.0000000e+00
   2.7000000e+02  -1.4248800e+01  -1.1499100e+01   2.4052400e+01  -1.0000000e+00
   2.7100000e+02   1.1194100e+01  -1.3638800e+01   2.1412200e+01  -2.0000000e+00
   2.7200000e+02   1.7729400e+01  -6.2542200e+00   9.7990500e+00  -1.0000000e+00
   2.7300000e+02   5.0445700e+00   1.7201700e+01   1.1240600e+01  -1.0000000e+00
   2.7400000e+02   1.0661800e+01  -9.4896700e+00   7.6964200e+00   2.0000000e+00
   2.7500000e+02  -4.8939800e+00   1.1628300e+01   3.7246600e+01   1.0000000e+00
   2.7600000e+02   1.6470700e+01   2.4426500e-01   1.2491800e+01  -2.0000000e+00
   2.7700000e+02   6.6433300e-03   1.4072000e+01   3.7221600e+01   1.0000000e+00
   2.7800000e+02   1.3162600e+00   1.2416800e+01   3.7135600e+01  -3.0000000e+00
   2.7900000e+02  -3.5029300e+00  -1.3605500e+01   3.7812600e+01   1.0000000e+00
   2.8000000e+02   3.5199000e+00   7.9441700e+00   1.2207100e+01  -3.0000000e+00
   2.8100000e+02   4.0733300e+00   5.9642100e+00   4.0022500e+01  -3.0000000e+00
   2.8200000e+02   1.6901900e+01  -1.8802300e+00   1.1028600e+01  -2.0000000e+00
   2.8300000e+02  -2.7797200e+00   2.8444400e+00   3.7550600e+01   1.0000000e+00
   2.8400000e+02  -1.1356700e+00   6.7077800e+00   3.7434900e+01   1.0000000e+00
   2.8500000e+02  -1.2323300e+01   1.2482600e+01   3.7157400e+01  -2.0000000e+00
   2.8600000e+02  -8.7128800e+00   1.6545300e+01   3.8255100e+01  -1.0000000e+00
   2.8700000e+02  -1.4597000e+01  -2.4380900e+00   3.8146500e+01   1.0000000e+00
   2.8800000e+02   9.0423600e+00  -1.0761500e+01   7.0580100e+00   2.0000000e+00
   2.8900000e+02   3.7180300e+00  -5.3331900e+00   3.7972000e+01  -3.0000000e+00
   2.9000000e+02   6.7444500e+00   1.3323200e+00  -1.9403400e+00  -3.0000000e+00
   2.9100000e+02  -1.7248900e+01   8.9622100e-01   5.3356800e+01  -1.0000000e+00
   2.9200000e+02   1.4119800e+01  -6.8070200e+00   7.5219000e+00   2.0000000e+00
   2.9300000e+02   1.2911500e+01  -1.2303800e+01   9.2624900e+00  -2.0000000e+00
   2.9400000e+02  -7.3699000e+00  -8.6680200e+00   3.8063900e+01   1.0000000e+00
   2.9500000e+02  -2.8522600e+00   1.1915300e+01   3.7264100e+01   1.0000000e+00
   2.9600000e+02  -5.8224000e+00  -4.8230600e+00   3.8125600e+01   1.0000000e+00
   2.9700000e+02  -8.8606900e-01  -1.6887200e+01   2.5660400e+01  -2.0000000e+00
   2.9800000e+02   5.4976900e+00  -1.1163100e+01  -2.3937600e+00  -3.0000000e+00
   2.9900000e+02  -8.8766600e+00  -1.2519600e+01   3.8624100e+01   1.0000000e+00
