   0.0000000e+00   8.8970600e+00  -1.3138100e+01   3.9171200e+01   1.0000000e+00
   1.0000000e+00   1.7599900e+01  -9.0577100e-01   5.2123800e+01  -1.0000000e+00
   2.0000000e+00  -5.9456100e+00   1.4225000e+01   1.1070000e+01   2.0000000e+00
   3.0000000e+00   3.1237500e+00   5.4523100e+00   1.1053000e+01   2.0000000e+00
   4.0000000e+00  -3.5313900e+00   2.0172400e+00   1.1347500e+01   2.0000000e+00
   5.0000000e+00  -5.1416600e+00  -4.4621500e+00   2.7106800e+01  -3.0000000e+00
   6.0000000e+00   5.3160900e+00  -1.7339900e+01   3.9003900e+01  -1.0000000e+00
   7.0000000e+00   1.2293600e+01  -1.4447500e+01   3.8968200e+01  -1.0000000e+00
   8.0000000e+00   1.1047600e+01   7.2382700e+00   3.7820500e+01  -3.0000000e+00
   9.0000000e+00   9.7545800e-01  -3.4326300e+00   2.0285200e+01  -3.0000000e+00
   1.0000000e+01   1.6140000e+01   9.6781500e+00   5.3469500e+01  -1.0000000e+00
   1.1000000e+01   8.0590600e+00   1.7152800e+01   1.3288300e+01  -1.0000000e+00
   1.2000000e+01   8.5859500e+00  -4.0443300e+00   3.9044700e+01   1.0000000e+00
   1.3000000e+01   3.4734300e+00  -1.2177300e+01   3.8585300e+01   1.0000000e+00
   1.4000000e+01   8.4277900e+00   7.1821900e+00   4.1261100e+01  -3.0000000e+00
   1.5000000e+01   1.2436800e+01   1.5131000e+01   2.0466400e+00  -1.0000000e+00
   1.6000000e+01   1.8519800e+01   1.1627400e+00   4.0060700e+01  -1.0000000e+00
   1.7000000e+01   1.5112800e+00   1.3667200e+01   1.1397700e+01   2.0000000e+00
   1.8000000e+01  -8.5636900e-01  -1.8313900e+01   3.6574000e+01  -1.0000000e+00
   1.9000000e+01  -5.8589400e+00  -6.3896900e+00   3.9421000e+01   1.0000000e+00
   2.0000000e+01   7.0411900e+00  -7.9949800e+00   3.8928200e+01   1.0000000e+00
   2.1000000e+01  -1.3397600e+01   5.2355100e+00   1.1311800e+01   2.0000000e+00
   2.2000000e+01  -1.1448200e+01   1.4097000e+01   2.3749500e+01  -2.0000000e+00
   2.3000000e+01  -8.4785100e-01   1.6326900e+01   1.1782600e+01  -2.0000000e+00
   2.4000000e+01   7.0150200e+00   1.3675400e+01   1.1956000e+01   2.0000000e+00
   2.5000000e+01   4.6430000e+00   1.6496300e+01   1.1839500e+01  -1.0000000e+00
   2.6000000e+01  -3.0938100e+00  -4.1118600e+00   5.4387900e+01  -3.0000000e+00
   2.7000000e+01   1.6690800e+01   1.1787800e+01   7.3579700e+01  -1.0000000e+00
   2.8000000e+01   5.5271300e+00  -1.1838200e+01   3.8864000e+01   1.0000000e+00
   2.9000000e+01  -1.9549600e+00   3.3919400e+00   1.1475700e+01   2.0000000e+00
   3.0000000e+01   9.7522700e+00   8.8204500e+00   1.1370400e+01  -3.0000000e+00
   3.1000000e+01  -8.6549900e+00   9.4041700e+00   1.1260400e+01   2.0000000e+00
   3.2000000e+01  -6.2956000e+00   1.6306000e+01   2.4030800e+01  -2.0000000e+00
   3.3000000e+01   5.9967500e+00  -8.2498200e-01   3.9856900e+01   1.0000000e+00
   3.4000000e+01   9.1410500e+00  -7.6311900e+00   3.9078900e+01   1.0000000e+00
   3.5000000e+01  -1.6229700e+01  -8.0658200e+00   2.1892700e+01  -1.0000000e+00
   3.6000000e+01   4.0128400e+00  -1.5693000e+01   3.8541400e+01  -2.0000000e+00
   3.7000000e+01   2.9261100e+00  -8.6090000e+00   3.9050200e+01   1.0000000e+00
   3.8000000e+01  -6.2392000e-01  -1.2764400e+01   3.9321600e+01   1.0000000e+00
   3.9000000e+01   8.3597400e+00  -9.5694900e+00   3.9160300e+01   1.0000000e+00
   4.0000000e+01  -6.3116200e+00   6.6978900e+00   1.1409300e+01   2.0000000e+00
   4.1000000e+01  -3.9745200e+00   1.3521300e+01   1.1408500e+01   2.0000000e+00
   4.2000000e+01   8.2679800e+00   4.9177700e+00   4.4949000e+01  -3.0000000e+00
   4.3000000e+01  -1.6201800e+01   4.7003700e-01   2.6386100e+01  -2.0000000e+00
   4.4000000e+01  -1.7825200e+00  -5.6992000e+00   4.0051900e+01   1.0000000e+00
   4.5000000e+01  -1.6209500e+01   1.0060300e+01   9.9536900e+00  -1.0000000e+00
   4.6000000e+01  -9.4903900e+00   1.3454100e+01   1.1739800e+01  -2.0000000e+00
   4.7000000e+01   1.6466700e+01   6.2092700e+00   2.4531200e+01  -1.0000000e+00
   4.8000000e+01   7.4892800e+00   3.0254400e+00   4.9931400e+01  -3.0000000e+00
   4.9000000e+01  -4.1503900e+00  -1.7157700e+01   4.1785800e+01  -1.0000000e+00
   5.0000000e+01  -1.9331600e+00  -1.1176300e+01   3.9247500e+01   1.0000000e+00
   5.1000000e+01  -1.5919100e+00   1.3273600e+00   1.1647000e+01   2.0000000e+00
   5.2000000e+01  -1.2982800e+01   1.2707700e+01   1.0936600e+01  -2.0000000e+00
   5.3000000e+01  -6.5876700e+00  -8.3057400e+00   3.9117900e+01   1.0000000e+00
   5.4000000e+01   8.7765200e+00   1.3850100e+00   3.8650000e+01   1.0000000e+00
   5.5000000e+01   2.6683200e+00   1.7074700e+01   1.2285800e+01  -1.0000000e+00
   5.6000000e+01   1.6053000e+00  -6.9574200e+00   3.9194400e+01   1.0000000e+00
   5.7000000e+01  -5.9084600e+00   4.6772800e+00   1.1881300e+01   2.0000000e+00
   5.8000000e+01   4.1464300e+00   9.5455100e-01   3.3153500e+01  -3.0000000e+00
   5.9000000e+01  -1.1853200e+01   6.5805300e+00   1.1072800e+01   2.0000000e+00
   6.0000000e+01   1.4155900e+00  -1.2444900e+01   3.8402000e+01   1.0000000e+00
   6.1000000e+01   8.1493600e+00  -1.5085000e+01   3.8956400e+01  -2.0000000e+00
   6.2000000e+01   1.3763300e+01  -1.0529400e+01   3.8738600e+01  -2.0000000e+00
   6.3000000e+01  -9.9785700e+00  -7.0587300e+00   3.9514100e+01   1.0000000e+00
   6.4000000e+01   1.6035500e+01  -4.7360900e+00   5.1195400e+01  -2.0000000e+00
   6.5000000e+01   6.5729300e+00   1.5733300e+01   2.3771000e+01  -2.0000000e+00
   6.6000000e+01   1.5622500e+00   4.1141800e+00   1.0922900e+01   2.0000000e+00
   6.7000000e+01   2.1842800e+00  -1.0536700e+01   3.8575100e+01   1.0000000e+00
   6.8000000e+01  -8.0900600e+00  -1.2206500e+01   4.0125800e+01   1.0000000e+00
   6.9000000e+01   6.8528300e+00  -1.3445600e+01   3.8744900e+01   1.0000000e+00
   7.0000000e+01  -3.4053100e+00  -1.5051800e+01   3.9477800e+01  -2.0000000e+00
   7.1000000e+01  -7.0662600e+00   1.0790800e+01   1.1501900e+01   2.0000000e+00
   7.2000000e+01   1.2886900e+01   2.0660500e+00   3.8913200e+01   1.0000000e+00
   7.3000000e+01  -1.4939400e+01   3.8633400e+00   1.1269700e+01  -2.0000000e+00
   7.4000000e+01   1.5162100e+01   7.8408100e+00   3.7087200e+01  -2.0000000e+00
   7.5000000e+01   9.5092900e+00   1.0881200e+01   1.1487900e+01  -3.0000000e+00
   7.6000000e+01   1.6659200e+01  -8.2331600e+00   3.9716100e+01  -1.0000000e+00
   7.7000000e+01  -7.8980700e+00   5.3133800e+00   1.1347900e+01   2.0000000e+00
   7.8000000e+01  -5.4861800e+00   2.6544700e+00   1.1819700e+01   2.0000000e+00
   7.9000000e+01   1.3012800e+01  -1.2482800e+01   3.9048900e+01  -2.0000000e+00
   8.0000000e+01  -2.6686400e+00  -2.0981400e+00   2.7061100e+01  -3.0000000e+00
   8.1000000e+01  -5.1227500e+00   1.0135700e+01   1.1451500e+01   2.0000000e+00
   8.2000000e+01  -5.5712100e+00  -1.5591300e+01   2.7246700e+01  -2.0000000e+00
   8.3000000e+01   1.4930600e+01   2.3745200e+00   3.8325100e+01   1.0000000e+00
   8.4000000e+01  -4.6847800e+00  -1.5546000e+00   2.2283100e+01  -3.0000000e+00
   8.5000000e+01   1.9771400e+00  -1.6017800e+01   3.9311700e+01  -2.0000000e+00
   8.6000000e+01   6.6511000e-01  -1.4426500e+01   3.9074300e+01   1.0000000e+00
   8.7000000e+01   1.4375600e+01  -1.4088700e+01   4.0197300e+01  -1.0000000e+00
   8.8000000e+01  -4.3679900e+00   6.0565700e+00   1.1345500e+01   2.0000000e+00
   8.9000000e+01   2.7124200e+00   7.4848700e+00   1.0817600e+01   2.0000000e+00
   9.0000000e+01  -3.1595800e+00   9.4816400e+00   1.1243100e+01   2.0000000e+00
   9.1000000e+01  -1.0504400e+01  -3.4878000e+00   5.4900500e+01  -3.0000000e+00
   9.2000000e+01  -1.4614500e+01  -4.1333700e+00   3.8209100e+01  -2.0000000e+00
   9.3000000e+01   7.8142300e+00   9.5313200e+00   1.0695800e+01   2.0000000e+00
   9.4000000e+01  -8.5439300e+00  -2.7719300e+00   1.4593300e+01  -3.0000000e+00
   9.5000000e+01  -1.2970700e+01   3.2115400e+00   1.1147500e+01   2.0000000e+00
   9.6000000e+01  -2.4966600e+00  -7.6227800e+00   3.9666400e+01   1.0000000e+00
   9.7000000e+01  -1.0151400e+01  -1.4712600e+00   2.8263400e+01  -3.0000000e+00
   9.8000000e+01   2.3057700e+00   4.6020900e-02   1.6784700e+01  -3.0000000e+00
   9.9000000e+01   1.2134000e+01   1.1981900e-01   3.9155800e+01   1.0000000e+00
   1.0000000e+02  -5.0755300e+00   6.3106200e-01   1.1434500e+01   2.0000000e+00
   1.0100000e+02  -1.5805300e+01   7.9401700e+00  -3.1400900e+00  -1.0000000e+00
   1.0200000e+02  -1.7399000e+01  -6.3510800e+00   3.7470000e+01  -1.0000000e+00
   1.0300000e+02  -1.2185300e+01   8.6410100e+00   1.1287900e+01   2.0000000e+00
   1.0400000e+02   2.6958500e+00  -1.4091600e+01   3.8715400e+01   1.0000000e+00
   1.0500000e+02  -1.8261900e+01   8.0693600e-01  -7.3182000e-01  -1.0000000e+00
   1.0600000e+02   1.2238000e+00  -1.8200500e+01   3.8232000e+01  -1.0000000e+00
   1.0700000e+02   1.5769300e+01   4.2592700e+00   3.8780500e+01  -2.0000000e+00
   1.0800000e+02  -1.1294000e+01  -5.4623400e+00   3.8261200e+01   1.0000000e+00
   1.0900000e+02   1.0651100e+01  -3.7499900e+00   3.8394000e+01   1.0000000e+00
   1.1000000e+02   9.8607400e+00  -5.6795500e+00   3.8663300e+01   1.0000000e+00
   1.1100000e+02   3.8891000e+00   1.0914200e+01   1.1051900e+01   2.0000000e+00
   1.1200000e+02  -1.0852700e+01  -1.4503100e+01   3.9854200e+01  -1.0000000e+00
   1.1300000e+02  -6.5994800e+00  -7.6289000e-01  -2.1594000e+00  -3.0000000e+00
   1.1400000e+02   1.4187700e+01   4.5266200e-01   3.8789300e+01   1.0000000e+00
   1.1500000e+02  -3.5777900e+00   1.1506600e+01   1.1493300e+01   2.0000000e+00
   1.1600000e+02   1.0979700e+01   1.2432000e+01   1.6640500e+01  -2.0000000e+00
   1.1700000e+02   8.9656200e+00   1.2988700e+01   1.2947200e+01  -2.0000000e+00
   1.1800000e+02   7.2698500e+00  -2.4627900e+00   3.9191200e+01   1.0000000e+00
   1.1900000e+02  -1.2185600e+01  -1.2897400e+01   4.0363200e+01  -2.0000000e+00
   1.2000000e+02  -7.9195000e+00  -6.6921700e+00   3.9880300e+01   1.0000000e+00
   1.2100000e+02  -6.7227400e+00  -1.3824200e+01   3.8594200e+01  -2.0000000e+00
   1.2200000e+02  -2.7848400e+00   7.4374700e+00   1.1290400e+01   2.0000000e+00
   1.2300000e+02   1.7837500e+01   4.6379800e+00   4.0095500e+01  -1.0000000e+00
   1.2400000e+02  -4.4889800e-01   1.4281200e+01   1.1789100e+01   2.0000000e+00
   1.2500000e+02   1.6790400e+01  -2.7959900e+00   3.8846300e+01  -2.0000000e+00
   1.2600000e+02   1.1965000e+01  -5.3907700e+00   3.8209400e+01   1.0000000e+00
   1.2700000e+02   1.0844800e+01   1.7211900e+00   3.9293100e+01   1.0000000e+00
   1.2800000e+02   8.0284500e+00  -5.3978100e-01   3.8650300e+01   1.0000000e+00
   1.2900000e+02   7.6135100e-01   8.1815600e+00   1.0746000e+01   2.0000000e+00
   1.3000000e+02   7.4604800e+00   1.1579000e+01   1.1167500e+01   2.0000000e+00
   1.3100000e+02  -2.1407300e+00  -1.6707300e+01   2.7234000e+01  -2.0000000e+00
   1.3200000e+02   1.1347800e+00   1.5684200e+01   1.1478300e+01  -2.0000000e+00
   1.3300000e+02  -2.8809000e+00   1.6993900e+01   2.2880900e+01  -2.0000000e+00
   1.3400000e+02   9.6446300e+00  -1.1167200e+01   3.9038400e+01   1.0000000e+00
   1.3500000e+02   3.5161400e+00   1.2965600e+01   1.1169500e+01   2.0000000e+00
   1.3600000e+02  -1.4915800e+01  -9.7621500e+00   2.4326900e+01  -1.0000000e+00
   1.3700000e+02   1.3216100e+01  -7.0239700e+00   3.8475900e+01   1.0000000e+00
   1.3800000e+02  -1.2880600e+01  -1.4932800e+01   4.1203300e+01  -1.0000000e+00
   1.3900000e+02   5.8680200e+00   1.0217900e+01   1.0583400e+01   2.0000000e+00
   1.4000000e+02  -2.3889700e+00   5.4005100e+00   1.1635900e+01   2.0000000e+00
   1.4100000e+02  -3.2199200e+00  -9.5620600e+00   3.9345500e+01   1.0000000e+00
   1.4200000e+02   6.7255400e+00   1.1044500e+00   3.7475000e+01   1.0000000e+00
   1.4300000e+02  -6.9827100e-02  -1.6370700e+01   3.8374300e+01  -2.0000000e+00
   1.4400000e+02  -1.4542800e+01   1.8432100e+00   1.0096400e+01   2.0000000e+00
   1.4500000e+02  -1.4123100e+01  -7.7350000e+00   3.8454300e+01  -2.0000000e+00
   1.4600000e+02   1.8140900e+01  -4.3957300e+00   9.6771300e+00  -1.0000000e+00
   1.4700000e+02  -1.5826500e+00   1.0862100e+01   1.1233100e+01   2.0000000e+00
   1.4800000e+02  -1.0639500e+01   5.1883800e-01   1.2618400e+01   2.0000000e+00
   1.4900000e+02  -6.0482800e+00  -1.1854400e+01   3.9833200e+01   1.0000000e+00
   1.5000000e+02   1.0504200e+01   1.4436100e+01   2.1933800e+01  -1.0000000e+00
   1.5100000e+02   1.5839100e+01  -1.0215800e+01   5.3360900e+01  -1.0000000e+00
   1.5200000e+02  -1.2546100e+01  -3.8223700e+00   2.6296800e+01  -3.0000000e+00
   1.5300000e+02  -7.2260200e+00  -4.7464800e+00   3.8504600e+01   1.0000000e+00
   1.5400000e+02  -7.8852700e-01   6.8212700e+00   1.1390400e+01   2.0000000e+00
   1.5500000e+02  -1.4275000e+01  -1.3300100e+01   4.0568700e+01  -1.0000000e+00
   1.5600000e+02   3.7446200e-01   7.2786500e-01   1.1626200e+01  -3.0000000e+00
   1.5700000e+02  -1.0946300e+00  -3.5668100e+00   2.8987600e+01  -3.0000000e+00
   1.5800000e+02  -4.7808900e+00   1.7838000e+01   1.0508700e+01  -1.0000000e+00
   1.5900000e+02  -1.9826600e+00   1.2900700e+01   1.1788400e+01   2.0000000e+00
   1.6000000e+02   2.4809000e-01  -5.3567200e+00   3.9221900e+01   1.0000000e+00
   1.6100000e+02  -1.4569600e+01   1.1417400e+01   2.3932000e+01  -1.0000000e+00
   1.6200000e+02   1.2456400e+01  -8.9294800e+00   3.8677200e+01   1.0000000e+00
   1.6300000e+02  -1.3572500e+01  -1.1338300e+01   4.0165800e+01  -2.0000000e+00
   1.6400000e+02   4.2972200e+00   8.8502000e+00   1.1053700e+01   2.0000000e+00
   1.6500000e+02   3.2531400e+00  -1.7709900e+01   4.0035200e+01  -1.0000000e+00
   1.6600000e+02   9.4522400e+00  -1.6693800e+01   3.8792700e+01  -1.0000000e+00
   1.6700000e+02   1.1171600e+01  -7.3074800e+00   3.8423300e+01   1.0000000e+00
   1.6800000e+02  -1.5886700e+01  -2.5093100e+00   2.7871600e+01  -1.0000000e+00
   1.6900000e+02  -1.2085300e+01  -7.4042000e+00   3.8803600e+01   1.0000000e+00
   1.7000000e+02   2.9745700e+00  -2.9554200e+00   4.9332400e+01  -3.0000000e+00
   1.7100000e+02   1.0097600e+01  -2.1573000e-01   3.8981000e+01   1.0000000e+00
   1.7200000e+02   1.1451600e+00   6.1312700e+00   1.0960000e+01   2.0000000e+00
   1.7300000e+02  -1.8542700e+01   3.0094800e+00   1.3024300e+01  -1.0000000e+00
   1.7400000e+02  -1.4259100e+01   9.3294900e+00   1.0561400e+01  -2.0000000e+00
   1.7500000e+02  -9.4322100e+00  -1.0616600e+01   3.9673100e+01   1.0000000e+00
   1.7600000e+02   1.2692300e+01  -3.4672700e+00   3.8736600e+01   1.0000000e+00
   1.7700000e+02  -1.6501100e+01   2.4992600e+00   1.2396500e+01  -2.0000000e+00
   1.7800000e+02  -1.1013200e+01   1.2064300e+01   1.1619600e+01   2.0000000e+00
   1.7900000e+02   3.6485500e+00  -6.6904300e+00   3.9280100e+01   1.0000000e+00
   1.8000000e+02  -3.9488700e+00   4.0376300e+00   1.1750600e+01   2.0000000e+00
   1.8100000e+02  -7.8995800e+00   1.4840400e+01   1.1619600e+01  -2.0000000e+00
   1.8200000e+02   3.7550400e-01   1.0198900e+01   1.0782800e+01   2.0000000e+00
   1.8300000e+02   7.4027700e+00  -1.7015500e+01   3.9105100e+01  -1.0000000e+00
   1.8400000e+02  -1.2634000e+01   1.0656800e+01   1.0603100e+01  -2.0000000e+00
   1.8500000e+02  -1.4227900e+01  -2.1220000e-01  -2.0251900e+00  -3.0000000e+00
   1.8600000e+02   5.5023600e+00   1.2277400e+01   1.1040800e+01   2.0000000e+00
   1.8700000e+02  -1.6688300e+01  -4.4138900e+00   5.3434300e+01  -1.0000000e+00
   1.8800000e+02  -4.7319000e+00   8.1182300e+00   1.1194300e+01   2.0000000e+00
   1.8900000e+02   1.6296800e+01   7.5788800e-01   3.8686100e+01  -2.0000000e+00
   1.9000000e+02  -4.3762100e+00   1.5579100e+01   1.1132600e+01  -2.0000000e+00
   1.9100000e+02  -8.6254100e+00  -8.6287400e+00   3.9386000e+01   1.0000000e+00
   1.9200000e+02   3.5212300e+00   3.4131900e+00   1.1254000e+01  -3.0000000e+00
   1.9300000e+02   1.1393900e+01  -1.8309300e+00   3.8895500e+01   1.0000000e+00
   1.9400000e+02   7.9619900e-01  -1.3542500e+00  -4.7857900e+00  -3.0000000e+00
   1.9500000e+02   7.0536600e-01   1.7728200e+01   1.2095900e+01  -1.0000000e+00
   1.9600000e+02  -9.8651300e+00   6.0000000e+00   1.1188500e+01   2.0000000e+00
   1.9700000e+02   6.6263300e+00   6.1668300e+00   1.7303900e+01  -3.0000000e+00
   1.9800000e+02   1.3987900e+01  -5.0884400e+00   3.8911700e+01   1.0000000e+00
   1.9900000e+02  -1.7657700e+01  -1.4122800e+00   1.1911600e+01  -1.0000000e+00
   2.0000000e+02  -1.2783900e+01  -9.3683600e+00   3.9595300e+01  -2.0000000e+00
   2.0100000e+02  -4.5379200e+00  -7.9705800e+00   3.9478200e+01   1.0000000e+00
   2.0200000e+02  -9.0408500e+00   1.8783600e+00   1.1805700e+01   2.0000000e+00
   2.0300000e+02   1.0425000e+01  -9.2371400e+00   3.8670600e+01   1.0000000e+00
   2.0400000e+02   2.3386300e+00   9.4962600e+00   1.0956900e+01   2.0000000e+00
   2.0500000e+02   1.4722000e+01  -3.1429000e+00   3.8905400e+01   1.0000000e+00
   2.0600000e+02   1.0225400e+01  -1.4735600e+01   5.1075100e+01  -2.0000000e+00
   2.0700000e+02  -1.1020400e+01   2.5439600e+00   1.1504200e+01   2.0000000e+00
   2.0800000e+02  -1.0769600e+01  -9.0125100e+00   3.9499900e+01   1.0000000e+00
   2.0900000e+02   5.0854700e+00   4.7743900e+00   1.1190600e+01  -3.0000000e+00
   2.1000000e+02  -3.8201700e+00  -6.0387000e+00   3.9673400e+01   1.0000000e+00
   2.1100000e+02  -1.3639800e+00  -1.4756200e+01   3.8806200e+01   1.0000000e+00
   2.1200000e+02   1.4526600e+01  -8.6065100e+00   3.9098100e+01  -2.0000000e+00
   2.1300000e+02   4.2386800e+00  -1.0185800e+01   3.8648800e+01   1.0000000e+00
   2.1400000e+02   7.6242200e+00  -1.1507700e+01   3.8923500e+01   1.0000000e+00
   2.1500000e+02   1.1712000e+01  -1.0838200e+01   3.8660600e+01   1.0000000e+00
   2.1600000e+02   1.2946900e+01   1.3131600e+01   2.4247100e+01  -1.0000000e+00
   2.1700000e+02   8.8315900e-01  -8.9117900e+00   3.8748200e+01   1.0000000e+00
   2.1800000e+02   7.8397900e+00  -6.0322800e+00   3.8891500e+01   1.0000000e+00
   2.1900000e+02   1.7073900e+01   2.6686000e+00   3.9536400e+01  -2.0000000e+00
   2.2000000e+02  -5.2934900e+00  -9.9167100e+00   3.9230700e+01   1.0000000e+00
   2.2100000e+02   5.1867900e+00  -2.8422900e+00   3.7404000e+01   1.0000000e+00
   2.2200000e+02  -1.1578700e+00  -7.0527900e-01   2.4317800e+01  -3.0000000e+00
   2.2300000e+02   5.0628100e+00   1.4349800e+01   1.1688000e+01  -2.0000000e+00
   2.2400000e+02   1.0744600e-01  -1.0824900e+01   3.8718400e+01   1.0000000e+00
   2.2500000e+02  -1.0123800e+01  -1.2585900e+01   3.9866000e+01  -2.0000000e+00
   2.2600000e+02  -9.8524000e+00   1.5489600e+01   2.6258600e+01  -1.0000000e+00
   2.2700000e+02   1.5488100e+01  -1.1869600e+00   3.8200800e+01  -2.0000000e+00
   2.2800000e+02   4.6726300e+00   6.8109200e+00   1.1154500e+01   2.0000000e+00
   2.2900000e+02  -7.0624300e+00   1.2595000e+00   1.2156300e+01   2.0000000e+00
   2.3000000e+02  -8.3024800e+00   1.6896400e+01   1.2307400e+01  -1.0000000e+00
   2.3100000e+02  -7.5048500e+00   1.2811900e+01   1.1977600e+01   2.0000000e+00
   2.3200000e+02   3.9729600e+00  -1.1725000e+00   4.3137100e+01  -3.0000000e+00
   2.3300000e+02   1.1775500e+01   9.1742100e+00   5.0866100e+01  -3.0000000e+00
   2.3400000e+02   1.5062200e+01  -1.2150500e+01   5.4132800e+01  -1.0000000e+00
   2.3500000e+02   4.8094700e+00  -1.3787100e+01   3.8700900e+01   1.0000000e+00
   2.3600000e+02  -1.0215400e+01   8.0161600e+00   1.1413700e+01   2.0000000e+00
   2.3700000e+02   9.3389400e+00  -2.1361100e+00   3.8804100e+01   1.0000000e+00
   2.3800000e+02  -1.1730600e+00  -9.2123100e+00   3.9119600e+01   1.0000000e+00
   2.3900000e+02  -1.1487800e+01  -1.0961300e+01   3.9812000e+01   1.0000000e+00
   2.4000000e+02  -6.9204000e-03   1.2248700e+01   1.1599800e+01   2.0000000e+00
   2.4100000e+02  -1.3327500e+01  -5.7410200e+00   3.8017100e+01   1.0000000e+00
   2.4200000e+02  -1.3803500e+01   7.2968400e+00   1.1204500e+01  -2.0000000e+00
   2.4300000e+02   1.9401800e+00   1.1563900e+01   1.1228500e+01   2.0000000e+00
   2.4400000e+02   1.4666000e+01   1.1365100e+01   2.8409700e+01  -2.0000000e+00
   2.4500000e+02  -7.3362400e+00  -1.0248200e+01   3.9050600e+01   1.0000000e+00
   2.4600000e+02  -7.4470200e+00   3.2832100e+00   1.1924900e+01   2.0000000e+00
   2.4700000e+02  -9.2620000e+00  -5.1448000e+00   4.0066000e+01   1.0000000e+00
   2.4800000e+02   5.4594100e+00   2.7417600e+00   1.2136900e+01  -3.0000000e+00
   2.4900000e+02   1.3079100e+01   7.5690700e+00   3.8739900e+01   1.0000000e+00
   2.5000000e+02   5.7138300e+00  -6.3387900e+00   3.8908800e+01   1.0000000e+00
   2.5100000e+02   1.5279500e+01  -6.6840500e+00   3.9487400e+01  -2.0000000e+00
   2.5200000e+02  -4.5615400e-01  -7.2818100e+00   3.9556300e+01   1.0000000e+00
   2.5300000e+02  -3.1236600e+00  -7.2177700e-02   1.1995200e+01   2.0000000e+00
   2.5400000e+02  -6.8214400e-03   2.7532500e+00   1.1273400e+01   2.0000000e+00
   2.5500000e+02  -1.5355200e+01   5.9132600e+00   1.1057300e+01  -2.0000000e+00
   2.5600000e+02   1.1573600e+01   3.6636300e+00   3.8868600e+01   1.0000000e+00
   2.5700000e+02   1.3870600e+01   9.4640600e+00   3.7624500e+01  -2.0000000e+00
   2.5800000e+02   6.3163600e+00  -9.9225700e+00   3.8699600e+01   1.0000000e+00
   2.5900000e+02  -1.2946700e+00   1.8344400e+01   1.1924800e+01  -1.0000000e+00
   2.6000000e+02  -1.2619000e+01   1.0905000e+00   1.0955800e+01   2.0000000e+00
   2.6100000e+02  -1.1446700e+01   4.5712300e+00   1.1694600e+01   2.0000000e+00
   2.6200000e+02   1.4419700e+01   5.9195400e+00   3.8784400e+01  -2.0000000e+00
   2.6300000e+02   6.0685300e+00  -1.5414400e+01   3.8530300e+01  -2.0000000e+00
   2.6400000e+02   1.0301700e+01   5.2922300e+00   5.0909400e+01  -3.0000000e+00
   2.6500000e+02  -9.4725100e+00   3.9230800e+00   1.1677400e+01   2.0000000e+00
   2.6600000e+02   4.9995800e+00  -8.2759100e+00   3.9013600e+01   1.0000000e+00
   2.6700000e+02  -1.5359300e+01  -6.0547800e+00   3.7966600e+01  -2.0000000e+00
   2.6800000e+02   9.5318900e+00   3.2990400e+00   3.8807800e+01   1.0000000e+00
   2.6900000e+02   1.3654300e+01   3.9804700e+00   3.8311100e+01   1.0000000e+00
   2.7000000e+02   3.0984400e+00   1.4994800e+01   1.1648800e+01  -2.0000000e+00
   2.7100000e+02  -3.9631500e+00  -1.1491700e+01   3.9231500e+01   1.0000000e+00
   2.7200000e+02  -6.4562800e+00  -2.8095100e+00   2.3022500e+01  -3.0000000e+00
   2.7300000e+02   4.3516500e+00  -4.7504900e+00   3.8400800e+01   1.0000000e+00
   2.7400000e+02   2.3075000e+00  -5.0161600e+00   3.9622600e+01   1.0000000e+00
   2.7500000e+02   1.2544000e+01   1.1082100e+01   4.2618100e+01  -2.0000000e+00
   2.7600000e+02  -8.5727100e+00  -1.3400200e-01   1.0246300e+01  -3.0000000e+00
   2.7700000e+02  -8.2562400e+00   7.3497800e+00   1.0905400e+01   2.0000000e+00
   2.7800000e+02   6.5462700e+00  -4.4245300e+00   3.9124400e+01   1.0000000e+00
   2.7900000e+02  -1.3818700e+01  -2.2181400e+00   2.6441100e+01  -2.0000000e+00
   2.8000000e+02  -9.0218800e+00   1.1424900e+01   1.1736000e+01   2.0000000e+00
   2.8100000e+02   1.3451000e+01  -1.4799300e+00   3.8826200e+01   1.0000000e+00
   2.8200000e+02  -1.7005300e+01   4.5925300e+00   2.7153500e+01  -1.0000000e+00
   2.8300000e+02  -8.7696400e+00  -1.4189100e+01   2.6507700e+01  -2.0000000e+00
   2.8400000e+02   6.2517500e+00   8.1836700e+00   9.9065500e+00   2.0000000e+00
   2.8500000e+02  -5.5454700e+00   1.2171900e+01   1.1482200e+01   2.0000000e+00
   2.8600000e+02   1.2368500e+01   5.5906100e+00   3.8746400e+01   1.0000000e+00
   2.8700000e+02  -1.3411600e+01   1.4750800e+01  -1.8283200e+01  -1.0000000e+00
   2.8800000e+02  -2.4200800e+00   1.4948600e+01   1.1996900e+01   2.0000000e+00
   2.8900000e+02  -4.6944400e+00  -1.3422400e+01   3.9199100e+01   1.0000000e+00
   2.9000000e+02  -2.6524900e+00  -1.3150300e+01   3.8966300e+01   1.0000000e+00
   2.9100000e+02   1.0958200e+01  -1.2754900e+01   3.9029600e+01  -2.0000000e+00
   2.9200000e+02   1.9320200e+00   2.0800000e+00   9.2631500e+00  -3.0000000e+00
   2.9300000e+02   8.5282600e+00   1.5102500e+01   2.7705700e-01  -2.0000000e+00
   2.9400000e+02  -6.7041500e+00   8.7372700e+00   1.1313100e+01   2.0000000e+00
   2.9500000e+02  -1.2124300e+00   8.8377000e+00   1.1306200e+01   2.0000000e+00
   2.9600000e+02  -4.1168800e-01   4.7666400e+00   1.1437900e+01   2.0000000e+00
   2.9700000e+02  -1.2159800e+01  -9.7709300e-01   2.3947800e+01  -3.0000000e+00
   2.9800000e+02  -7.6624900e+00  -1.5920900e+01   3.5801800e+01  -1.0000000e+00
   2.9900000e+02  -1.0649400e+01   1.0037100e+01   1.1678800e+01   2.0000000e+00
