   0.0000000e+00   1.2235900e+01  -1.2366800e+01   2.0140600e+01  -2.0000000e+00
   1.0000000e+00  -1.2460100e+01  -1.3231500e+01   5.7380300e+00  -2.0000000e+00
   2.0000000e+00   8.7459500e+00  -8.1667100e+00   1.9713400e+01   2.0000000e+00
   3.0000000e+00  -9.9760400e+00   2.6789000e+00   4.1696300e+01   1.0000000e+00
   4.0000000e+00  -9.6651700e+00  -1.5774200e+01   1.7337800e+01  -1.0000000e+00
   5.0000000e+00  -1.6104600e+01   1.2590000e+00   4.4071900e+01  -2.0000000e+00
   6.0000000e+00   5.3316500e+00  -9.3610000e+00   1.9685700e+01   2.0000000e+00
   7.0000000e+00  -1.4802300e+01   5.2646200e+00   4.2849600e+01  -2.0000000e+00
   8.0000000e+00  -1.6261900e+01   6.7131100e+00   5.7850200e+01  -1.0000000e+00
   9.0000000e+00  -3.2005900e+00   5.8907700e+00   4.1733200e+01   1.0000000e+00
   1.0000000e+01  -7.3509200e+00   1.6073900e+01   5.2356500e+01  -2.0000000e+00
   1.1000000e+01  -1.0618600e+01   7.1460800e-01   4.1749300e+01   1.0000000e+00
   1.2000000e+01   1.9575800e+00  -1.6140400e+01   1.9401100e+01  -2.0000000e+00
   1.3000000e+01   8.6489500e+00  -2.7070700e+00   2.1107800e+01   2.0000000e+00
   1.4000000e+01   1.2185100e+01  -6.8480400e+00   2.1225200e+01   2.0000000e+00
   1.5000000e+01  -1.8205400e+01   7.3534500e-01   4.4252900e+01  -1.0000000e+00
   1.6000000e+01   1.5178500e+01   3.9537000e+00   3.6467300e+01  -2.0000000e+00
   1.7000000e+01   6.0261300e+00  -1.1365200e+01   2.0070700e+01   2.0000000e+00
   1.8000000e+01  -5.5446300e+00  -1.1072300e+01   1.8846900e+01   2.0000000e+00
   1.9000000e+01   6.2993600e+00   1.7087800e+01   4.1396000e+01  -1.0000000e+00
   2.0000000e+01  -8.2590800e+00  -8.6851000e+00   1.8507200e+01   2.0000000e+00
   2.1000000e+01  -1.4509300e+01  -1.2808200e+01   1.8835400e+01  -1.0000000e+00
   2.2000000e+01  -1.1285000e+01  -1.2471000e+00   3.0465700e+01  -3.0000000e+00
   2.3000000e+01  -5.5570700e+00  -1.6546400e+01   1.9661500e+01  -1.0000000e+00
   2.4000000e+01   1.1416200e+01  -4.9325400e+00   2.1646000e+01   2.0000000e+00
   2.5000000e+01   1.4006700e+01  -1.5070800e+00   2.3718000e+01   2.0000000e+00
   2.6000000e+01  -1.2132600e+01   1.3209700e+01   4.3136900e+01  -2.0000000e+00
   2.7000000e+01   1.1943100e+01  -1.3246800e+00   2.2676600e+01  -3.0000000e+00
   2.8000000e+01  -4.6080000e+00   7.4322700e+00   4.1696100e+01   1.0000000e+00
   2.9000000e+01  -1.6974100e+01   4.7687900e+00   5.8329100e+01  -1.0000000e+00
   3.0000000e+01  -9.6416300e+00  -1.0213000e+01   1.8374000e+01   2.0000000e+00
   3.1000000e+01  -1.0982700e+01  -6.2514400e+00   1.6436300e+01   2.0000000e+00
   3.2000000e+01   1.0480600e+01   1.2328600e+01   4.0563300e+01  -2.0000000e+00
   3.3000000e+01  -1.9220400e+00   1.5315800e+01   4.1144200e+01  -2.0000000e+00
   3.4000000e+01   1.3772600e+01   1.1046200e+01   4.0021300e+01  -2.0000000e+00
   3.5000000e+01  -1.5468000e+01   3.3280300e+00   4.3313900e+01  -2.0000000e+00
   3.6000000e+01  -6.8918200e+00  -7.1149300e+00   1.8814900e+01   2.0000000e+00
   3.7000000e+01  -5.5985400e-01   1.3729900e+01   4.1752900e+01   1.0000000e+00
   3.8000000e+01  -1.2399500e+01  -7.7507900e+00   1.7447500e+01   2.0000000e+00
   3.9000000e+01  -3.9272100e+00   9.3978200e+00   4.1044400e+01   1.0000000e+00
   4.0000000e+01   1.2188400e+00  -3.0200000e+00   1.9545300e+01   2.0000000e+00
   4.1000000e+01   8.3485400e+00   1.1883200e+01   4.0874900e+01   1.0000000e+00
   4.2000000e+01   6.7066200e+00  -7.8100400e+00   1.9610900e+01   2.0000000e+00
   4.3000000e+01   2.8063000e+00   1.8221800e+01   4.2984500e+01  -1.0000000e+00
   4.4000000e+01   8.4409600e-01   1.2217300e+01   4.1837300e+01   1.0000000e+00
   4.5000000e+01  -7.5261000e+00  -5.1493000e+00   3.1017800e+01  -3.0000000e+00
   4.6000000e+01   1.4259800e+01  -7.0987500e+00   2.1195800e+01   2.0000000e+00
   4.7000000e+01  -1.3657100e+01  -3.8355600e+00   3.1818600e+01  -3.0000000e+00
   4.8000000e+01  -1.4258600e+01   1.2703400e+01   5.7755900e+01  -1.0000000e+00
   4.9000000e+01  -2.8198400e+00  -7.8572700e+00   1.9396700e+01   2.0000000e+00
   5.0000000e+01   1.4798500e+01  -3.4664000e+00   2.2306300e+01   2.0000000e+00
   5.1000000e+01  -8.5765500e+00   1.1363100e+00   4.1783100e+01   1.0000000e+00
   5.2000000e+01   9.1878900e+00   8.3158400e-01   5.9065500e+00  -3.0000000e+00
   5.3000000e+01   9.0188300e+00   8.3366900e+00   4.0742800e+01   1.0000000e+00
   5.4000000e+01  -1.1990400e+01   2.2529300e+00   4.1802700e+01   1.0000000e+00
   5.5000000e+01  -4.6221800e-01   2.7156900e+00   4.2827900e+01   1.0000000e+00
   5.6000000e+01   1.5670200e+01  -1.0997500e+01   3.7553700e+01  -1.0000000e+00
   5.7000000e+01  -6.2044400e+00  -3.5825100e+00   2.6558100e+01  -3.0000000e+00
   5.8000000e+01  -1.5119100e+01  -5.3198200e+00   2.8835300e+01  -2.0000000e+00
   5.9000000e+01  -1.3506000e+01   9.2594400e+00   4.3384100e+01  -2.0000000e+00
   6.0000000e+01  -4.8810800e+00  -2.0121200e+00   1.8130200e+01  -3.0000000e+00
   6.1000000e+01  -1.8385200e+00   4.2839700e+00   4.1832900e+01   1.0000000e+00
   6.2000000e+01   1.1032400e+01   8.6988700e+00   4.0463600e+01   1.0000000e+00
   6.3000000e+01   1.5365200e+00   3.2161700e+00   4.2239200e+01   1.0000000e+00
   6.4000000e+01  -7.8415300e-01  -8.2399700e+00   1.9320900e+01   2.0000000e+00
   6.5000000e+01   1.5161300e+01   9.4788900e+00   2.6619700e+01  -1.0000000e+00
   6.6000000e+01   8.9886400e-01   1.0541800e+00   5.6513600e+01  -3.0000000e+00
   6.7000000e+01  -1.7539200e+01   2.7579500e+00   5.8801000e+01  -1.0000000e+00
   6.8000000e+01   7.3149500e+00  -4.2929800e+00   2.0521100e+01   2.0000000e+00
   6.9000000e+01   5.8259600e-01  -1.7733000e+01   1.9100700e+01  -1.0000000e+00
   7.0000000e+01  -8.7107600e+00   1.2116300e+01   4.1840700e+01   1.0000000e+00
   7.1000000e+01   5.5770900e+00   9.4877900e+00   4.0718800e+01   1.0000000e+00
   7.2000000e+01   4.1487900e+00   6.4306200e-02   2.7978800e+01  -3.0000000e+00
   7.3000000e+01   6.5939900e+00  -2.3548900e+00   3.2107700e+01  -3.0000000e+00
   7.4000000e+01  -2.7913900e+00  -1.3397500e+01   1.8829600e+01   2.0000000e+00
   7.5000000e+01  -4.5339900e+00   1.9600700e+00   3.9166100e+01  -3.0000000e+00
   7.6000000e+01   1.0885300e+01  -1.3967400e+01   2.0962000e+01  -2.0000000e+00
   7.7000000e+01   6.0042400e+00  -5.8851200e+00   1.9945500e+01   2.0000000e+00
   7.8000000e+01   1.1718400e+01   5.1921600e+00   4.0694900e+01   1.0000000e+00
   7.9000000e+01  -7.9369500e+00   3.1117900e+00   4.1597200e+01   1.0000000e+00
   8.0000000e+01   1.5553000e+01  -5.4527600e+00   2.1825800e+01  -2.0000000e+00
   8.1000000e+01   1.0171000e+01  -1.2036400e+01   2.0831200e+01   2.0000000e+00
   8.2000000e+01  -8.0554300e+00   1.4071500e+01   4.1342700e+01  -2.0000000e+00
   8.3000000e+01   2.8603500e+00   7.1256100e+00   4.0999700e+01   1.0000000e+00
   8.4000000e+01  -1.1738300e+01  -9.7479600e+00   1.7931100e+01   2.0000000e+00
   8.5000000e+01   4.7158800e+00  -1.2958800e+01   2.0285400e+01   2.0000000e+00
   8.6000000e+01  -9.5553100e+00  -4.7814600e+00   2.3327200e+00  -3.0000000e+00
   8.7000000e+01  -1.3354500e+01   3.7994700e+00   4.2134200e+01   1.0000000e+00
   8.8000000e+01  -1.0342800e+01  -8.2306000e+00   1.7578000e+01   2.0000000e+00
   8.9000000e+01  -1.0138400e+01   1.3658100e+01   4.2146100e+01  -2.0000000e+00
   9.0000000e+01   5.6979400e-01  -6.6571900e+00   1.9120200e+01   2.0000000e+00
   9.1000000e+01  -1.2800600e+01   1.1249000e+01   4.2302900e+01  -2.0000000e+00
   9.2000000e+01  -1.1024300e+01  -1.1735700e+01   1.7891000e+01   2.0000000e+00
   9.3000000e+01   1.3145900e+01   3.7717700e-01   3.3121200e+01  -3.0000000e+00
   9.4000000e+01   7.6583600e+00   9.9065500e+00   4.0655600e+01   1.0000000e+00
   9.5000000e+01   1.5175700e+00   8.6851600e+00   4.0998100e+01   1.0000000e+00
   9.6000000e+01  -5.0056700e-01   8.2789600e+00   4.1471900e+01   1.0000000e+00
   9.7000000e+01  -4.8704800e+00  -1.3009600e+01   1.8925800e+01   2.0000000e+00
   9.8000000e+01  -1.5297500e+01  -2.4359100e+00   3.0957400e+01  -2.0000000e+00
   9.9000000e+01   1.4377700e+01   2.0323500e+00   3.0050900e+01  -3.0000000e+00
   1.0000000e+02  -1.1316500e+01   4.2371700e+00   4.1800700e+01   1.0000000e+00
   1.0100000e+02   1.6860000e+01  -3.7778200e+00   2.1944300e+01  -2.0000000e+00
   1.0200000e+02   1.7332400e+01  -8.6841200e-02   2.3878200e+01  -2.0000000e+00
   1.0300000e+02  -1.4701800e+00  -1.1836700e+01   1.9263400e+01   2.0000000e+00
   1.0400000e+02   9.4350900e+00  -1.0112600e+01   1.9994300e+01   2.0000000e+00
   1.0500000e+02  -6.5582100e+00   1.5616200e+00   4.1624000e+01   1.0000000e+00
   1.0600000e+02   7.6530900e+00   4.4143400e+00   4.1417000e+01   1.0000000e+00
   1.0700000e+02  -6.2146200e+00  -9.0721700e+00   1.8692600e+01   2.0000000e+00
   1.0800000e+02   1.6061300e+01  -1.7432200e+00   2.2727000e+01  -2.0000000e+00
   1.0900000e+02   4.2704700e+00   1.1129200e+01   4.0801100e+01   1.0000000e+00
   1.1000000e+02  -7.8741900e+00  -2.3835400e+00   2.9065000e+01  -3.0000000e+00
   1.1100000e+02   1.9322800e+00  -1.0584000e+01   1.9062100e+01   2.0000000e+00
   1.1200000e+02   6.7459100e+00  -1.3315400e+01   2.0368300e+01   2.0000000e+00
   1.1300000e+02   2.6222500e+00  -1.2612500e+01   1.9726100e+01   2.0000000e+00
   1.1400000e+02  -8.9046200e+00  -6.7354500e+00   1.8011600e+01   2.0000000e+00
   1.1500000e+02  -2.1886200e+00  -1.5354300e+01   1.8886600e+01  -2.0000000e+00
   1.1600000e+02   1.7274600e+01   4.1208700e+00   3.6740200e+01  -1.0000000e+00
   1.1700000e+02  -4.1993400e+00  -9.5117800e+00   1.9380500e+01   2.0000000e+00
   1.1800000e+02   6.0302400e+00  -1.6938700e+01   1.9052200e+01  -1.0000000e+00
   1.1900000e+02  -1.2403700e+00   1.7406200e+01   4.0709800e+01  -1.0000000e+00
   1.2000000e+02  -6.9151800e+00  -1.2616500e+01   1.8761800e+01   2.0000000e+00
   1.2100000e+02   3.3843300e+00  -1.4528800e+01   1.9279100e+01   2.0000000e+00
   1.2200000e+02  -2.4708000e+00   2.1610200e+00   4.0867200e+01  -3.0000000e+00
   1.2300000e+02  -7.1958200e+00  -4.3040800e-01   5.3477200e+01  -3.0000000e+00
   1.2400000e+02   1.6305400e+01  -7.3861600e+00   2.0706000e+01  -2.0000000e+00
   1.2500000e+02  -1.0753400e+01   1.1675400e+01   4.1924800e+01   1.0000000e+00
   1.2600000e+02  -3.8543900e+00   3.9257800e+00   4.0636600e+01   1.0000000e+00
   1.2700000e+02   1.6435700e+01   1.8725500e+00   2.8747000e+01  -2.0000000e+00
   1.2800000e+02   1.4866600e+01  -9.0972200e+00   2.1447900e+01  -2.0000000e+00
   1.2900000e+02   3.5407900e+00   9.0775400e+00   4.0757700e+01   1.0000000e+00
   1.3000000e+02   3.8999800e+00  -5.4810400e+00   1.9317900e+01   2.0000000e+00
   1.3100000e+02  -8.6623900e+00   6.6219300e+00   4.1561200e+01   1.0000000e+00
   1.3200000e+02  -1.3801700e+01  -9.2706500e+00   1.8099000e+01  -2.0000000e+00
   1.3300000e+02  -2.1471300e+00  -4.2384100e+00   2.0035500e+01   2.0000000e+00
   1.3400000e+02   2.8929300e+00   1.6819000e+00   2.9614800e+01  -3.0000000e+00
   1.3500000e+02   1.7589500e+01  -5.7272600e+00   2.1699100e+01  -1.0000000e+00
   1.3600000e+02   4.0019500e+00  -1.6517900e+01   3.0526800e+01  -2.0000000e+00
   1.3700000e+02   4.9226200e+00   7.5037000e+00   4.1669100e+01   1.0000000e+00
   1.3800000e+02   9.7015200e+00   1.5862900e+01   4.1214900e+01  -1.0000000e+00
   1.3900000e+02  -1.2118000e-01  -4.6466200e+00   1.9259300e+01   2.0000000e+00
   1.4000000e+02   1.2505900e+01   1.2715200e+01   2.7758700e+01  -2.0000000e+00
   1.4100000e+02   1.0781900e+01  -8.5195700e+00   1.9935100e+01   2.0000000e+00
   1.4200000e+02   7.6761400e+00   1.5469000e+01   2.8568900e+01  -2.0000000e+00
   1.4300000e+02  -3.5484400e+00  -1.6999500e+01   1.9329800e+01  -1.0000000e+00
   1.4400000e+02   9.5370900e+00  -1.5648200e+01   3.2508000e+01  -2.0000000e+00
   1.4500000e+02   2.2114600e+00   1.0679100e+01   4.1378200e+01   1.0000000e+00
   1.4600000e+02  -3.9356300e+00   1.4924600e+01   4.1414000e+01   1.0000000e+00
   1.4700000e+02   7.9751100e-01   1.7701100e+01   4.0986800e+01  -1.0000000e+00
   1.4800000e+02   2.6527700e+00  -1.8117600e+01   1.9567800e+01  -1.0000000e+00
   1.4900000e+02  -1.2036900e+01   7.7245200e+00   4.2261400e+01   1.0000000e+00
   1.5000000e+02  -1.1546800e+01   1.5185300e+01   4.3095100e+01  -1.0000000e+00
   1.5100000e+02  -1.1425900e+01   9.6987200e+00   4.1919400e+01   1.0000000e+00
   1.5200000e+02   6.9888300e+00   1.3465800e+01   4.0791700e+01   1.0000000e+00
   1.5300000e+02   7.4809200e+00  -1.5274500e+01   1.9672000e+01  -2.0000000e+00
   1.5400000e+02  -1.1834800e+00   6.3204400e+00   4.1663400e+01   1.0000000e+00
   1.5500000e+02  -1.4640700e+01  -2.1221500e-01   4.3577600e+01   1.0000000e+00
   1.5600000e+02   6.9323300e+00   7.9465500e+00   4.1331400e+01   1.0000000e+00
   1.5700000e+02  -7.3490000e+00   1.0572300e+01   4.1466600e+01   1.0000000e+00
   1.5800000e+02   1.0112500e+01  -6.5723900e+00   2.0539300e+01   2.0000000e+00
   1.5900000e+02   1.2439700e+00  -1.4167000e+01   1.9504400e+01   2.0000000e+00
   1.6000000e+02   4.5873200e+00  -1.9418100e+00   4.2856600e+00  -3.0000000e+00
   1.6100000e+02   1.1754500e+01   1.0654100e+01   3.9667200e+01   1.0000000e+00
   1.6200000e+02   9.6744500e+00   1.0292500e+01   4.0135600e+01   1.0000000e+00
   1.6300000e+02  -4.2154800e+00  -1.4969900e+01   1.8763000e+01  -2.0000000e+00
   1.6400000e+02   1.2443700e+01   7.1137800e+00   4.0706700e+01   1.0000000e+00
   1.6500000e+02   4.2769400e+00   5.5522600e+00   4.0980400e+01   1.0000000e+00
   1.6600000e+02  -2.5699100e+00   7.8426500e+00   4.1603500e+01   1.0000000e+00
   1.6700000e+02  -4.1915600e+00  -3.9673500e+00   2.0804900e+01   2.0000000e+00
   1.6800000e+02   8.7334500e-02   1.5759000e+01   4.1122000e+01  -2.0000000e+00
   1.6900000e+02   5.7287200e-01  -1.2224400e+01   1.9217600e+01   2.0000000e+00
   1.7000000e+02  -1.6651400e+01  -7.1409600e-01   4.2596500e+01  -2.0000000e+00
   1.7100000e+02   1.6601100e+01   7.9267100e+00   4.2591100e+01  -1.0000000e+00
   1.7200000e+02  -9.4490500e+00   1.5629900e+01   4.1612700e+01  -1.0000000e+00
   1.7300000e+02   4.9215100e+00   2.0452400e+00   3.9545300e+01  -3.0000000e+00
   1.7400000e+02   1.3589800e+01  -1.0790200e+01   2.1431000e+01  -2.0000000e+00
   1.7500000e+02  -4.8421100e+00  -7.5003700e+00   1.9007400e+01   2.0000000e+00
   1.7600000e+02  -8.2778700e+00  -1.4197800e+01   1.8273200e+01  -2.0000000e+00
   1.7700000e+02  -1.4509000e+00  -6.2779600e+00   1.9356700e+01   2.0000000e+00
   1.7800000e+02   4.9605700e+00   1.3079900e+01   4.0967200e+01   1.0000000e+00
   1.7900000e+02   8.1289000e+00  -1.7235000e+01   1.9555200e+01  -1.0000000e+00
   1.8000000e+02   1.1225900e+01   1.1285100e+00   7.2994000e+00  -3.0000000e+00
   1.8100000e+02   4.2412300e+00   1.6634100e+01   3.0369100e+01  -2.0000000e+00
   1.8200000e+02  -6.2464900e+00  -1.4582900e+01   1.9219400e+01  -2.0000000e+00
   1.8300000e+02  -2.5783000e+00   1.3356800e+01   4.1071600e+01   1.0000000e+00
   1.8400000e+02   2.5649100e+00  -1.3249800e+00   2.8609400e+01  -3.0000000e+00
   1.8500000e+02  -1.3017500e+01  -5.7947900e+00   1.7947200e+01   2.0000000e+00
   1.8600000e+02   1.1490500e+01  -1.0445100e+01   2.0532000e+01   2.0000000e+00
   1.8700000e+02  -1.0675600e+01   6.1933600e+00   4.1916100e+01   1.0000000e+00
   1.8800000e+02   1.2418600e+00  -8.6367100e+00   1.9199300e+01   2.0000000e+00
   1.8900000e+02   7.4176100e+00  -9.7476100e+00   1.9428100e+01   2.0000000e+00
   1.9000000e+02   8.8297300e+00  -1.3703800e+01   2.0662300e+01   2.0000000e+00
   1.9100000e+02   1.5007400e+00   1.4198700e+01   4.2062400e+01   1.0000000e+00
   1.9200000e+02  -7.5892900e+00  -1.0637200e+01   1.8604900e+01   2.0000000e+00
   1.9300000e+02  -1.2634200e+01   3.0198500e-01   4.2627000e+01   1.0000000e+00
   1.9400000e+02   1.3097300e+01   3.6378500e+00   2.7996200e+01  -3.0000000e+00
   1.9500000e+02  -1.3635800e+01   1.4654700e+01   4.4226600e+01  -1.0000000e+00
   1.9600000e+02  -3.2420600e+00   1.1390100e+01   4.1122000e+01   1.0000000e+00
   1.9700000e+02  -6.0232700e+00   1.4481900e+01   4.1287400e+01   1.0000000e+00
   1.9800000e+02  -7.7736300e-01  -1.3780300e+01   1.8984800e+01   2.0000000e+00
   1.9900000e+02   3.2937100e+00  -9.0157100e+00   1.9523100e+01   2.0000000e+00
   2.0000000e+02  -1.7384100e+01  -2.6516100e+00   2.7546700e+01  -1.0000000e+00
   2.0100000e+02   4.0805300e-01  -9.4766800e-01   3.1700200e+01  -3.0000000e+00
   2.0200000e+02  -7.2704400e+00   5.0621600e+00   4.1426100e+01   1.0000000e+00
   2.0300000e+02   2.1492000e+00   1.6160800e+01   4.2171200e+01  -2.0000000e+00
   2.0400000e+02  -1.1110400e+00   4.7863600e-01   3.2236600e+01  -3.0000000e+00
   2.0500000e+02   2.8607100e+00   1.2646800e+01   4.1641300e+01   1.0000000e+00
   2.0600000e+02  -7.6642100e+00  -1.6265600e+01   1.8756500e+01  -1.0000000e+00
   2.0700000e+02   1.0358900e+01   6.7635000e+00   4.0675500e+01   1.0000000e+00
   2.0800000e+02  -4.5152600e+00   1.8537600e+01   3.9872800e+01  -1.0000000e+00
   2.0900000e+02   5.6412200e+00   1.5134900e+01   4.1172000e+01  -2.0000000e+00
   2.1000000e+02  -1.1793000e+01  -1.5222300e+01   1.6753900e+01  -1.0000000e+00
   2.1100000e+02  -1.4971200e+01   1.0717900e+01   5.8010600e+01  -1.0000000e+00
   2.1200000e+02  -1.4462400e+01  -7.3137100e+00   1.7725300e+01  -2.0000000e+00
   2.1300000e+02   8.3330000e+00   6.3601400e+00   4.1059200e+01   1.0000000e+00
   2.1400000e+02  -2.8312500e+00  -2.1858200e+00   6.3910700e+00  -3.0000000e+00
   2.1500000e+02   9.9073500e+00  -1.0940400e+00   2.3112000e+01  -3.0000000e+00
   2.1600000e+02  -6.6288300e+00   7.0239200e+00   4.1648400e+01   1.0000000e+00
   2.1700000e+02   5.4224500e+00  -1.4956300e+01   1.9118900e+01  -2.0000000e+00
   2.1800000e+02  -1.6483500e+01  -6.8924900e+00   2.4147100e+00  -1.0000000e+00
   2.1900000e+02  -1.0029900e+01   8.1717200e+00   4.1755500e+01   1.0000000e+00
   2.2000000e+02  -1.5595700e+01   8.6875300e+00   5.9252400e+01  -1.0000000e+00
   2.2100000e+02   1.2759100e+01  -3.2406600e+00   2.2604900e+01   2.0000000e+00
   2.2200000e+02   3.9656300e+00  -1.1036000e+01   1.9744600e+01   2.0000000e+00
   2.2300000e+02  -3.2347000e+00   1.6916500e+01   2.8989400e+01  -2.0000000e+00
   2.2400000e+02   1.1080900e+01   3.2223300e+00   2.1632100e+01  -3.0000000e+00
   2.2500000e+02   5.2677400e+00  -3.9486900e+00   1.9325000e+01   2.0000000e+00
   2.2600000e+02  -8.0053900e+00   8.5623000e+00   4.1485700e+01   1.0000000e+00
   2.2700000e+02  -5.9751900e+00   8.9850300e+00   4.1229400e+01   1.0000000e+00
   2.2800000e+02  -1.7108800e+01  -4.7565300e+00  -2.7346400e+01  -1.0000000e+00
   2.2900000e+02  -1.8869900e+00   9.8032900e+00   4.1358000e+01   1.0000000e+00
   2.3000000e+02   1.2820700e+01  -8.8610100e+00   2.0651200e+01   2.0000000e+00
   2.3100000e+02   1.6952600e+01  -9.3702500e+00   2.0789400e+01  -1.0000000e+00
   2.3200000e+02  -2.1160500e+00  -9.8337200e+00   1.9700100e+01   2.0000000e+00
   2.3300000e+02  -9.3118600e+00   4.6579300e+00   4.1576700e+01   1.0000000e+00
   2.3400000e+02  -5.5029600e+00  -5.5564100e+00   1.9378500e+01   2.0000000e+00
   2.3500000e+02   7.8793700e+00  -7.5305300e-01   2.7845000e+01  -3.0000000e+00
   2.3600000e+02  -1.3137500e+01  -1.1282700e+01   1.8288200e+01  -2.0000000e+00
   2.3700000e+02   8.0697700e+00  -6.2217200e+00   2.0190300e+01   2.0000000e+00
   2.3800000e+02   1.6001800e+01   5.8648700e+00   3.9531200e+01  -2.0000000e+00
   2.3900000e+02   5.6354000e+00   3.9676100e+00   4.0815300e+01   1.0000000e+00
   2.4000000e+02  -5.3299400e+00   1.6437500e+01   4.0425100e+01  -2.0000000e+00
   2.4100000e+02  -9.2282200e+00  -8.0755300e-01   4.1360400e+01  -3.0000000e+00
   2.4200000e+02  -4.6029900e+00   1.2946700e+01   4.1590000e+01   1.0000000e+00
   2.4300000e+02   1.8519100e+01   1.7324600e+00   5.6518300e+01  -1.0000000e+00
   2.4400000e+02   1.4278600e+01  -1.2729700e+01   3.5068500e+01  -1.0000000e+00
   2.4500000e+02   2.1957700e+00   5.1804100e+00   4.1058200e+01   1.0000000e+00
   2.4600000e+02  -1.4086200e+01   1.7783100e+00   4.2994200e+01   1.0000000e+00
   2.4700000e+02  -3.4637400e+00  -5.8959800e+00   1.9920800e+01   2.0000000e+00
   2.4800000e+02   6.3145000e+00   5.9836300e+00   4.1562500e+01   1.0000000e+00
   2.4900000e+02  -3.1256200e+00  -8.4866700e-02   2.9483000e+01  -3.0000000e+00
   2.5000000e+02  -9.3692500e+00   1.0120200e+01   4.1679600e+01   1.0000000e+00
   2.5100000e+02   1.1093700e+01   1.4294500e+01   2.6637900e+01  -1.0000000e+00
   2.5200000e+02  -1.0369300e+01  -1.3733600e+01   1.7459300e+01  -2.0000000e+00
   2.5300000e+02   1.5263600e+01   1.6698800e-01   2.4001900e+01   2.0000000e+00
   2.5400000e+02   1.4467600e+01   7.5068800e+00   4.1429800e+01  -2.0000000e+00
   2.5500000e+02  -1.2167200e+00   1.1779000e+01   4.1344600e+01   1.0000000e+00
   2.5600000e+02   8.4210500e-01   6.7346600e+00   4.1070600e+01   1.0000000e+00
   2.5700000e+02   1.0706800e+01  -2.9929300e+00   2.2143800e+01   2.0000000e+00
   2.5800000e+02   6.1766500e+00   4.1431100e-01   2.7694400e+01  -3.0000000e+00
   2.5900000e+02   1.1637600e+01  -1.5899700e+01   2.1760200e+01  -1.0000000e+00
   2.6000000e+02  -6.6869900e+00   1.2525800e+01   4.1523200e+01   1.0000000e+00
   2.6100000e+02  -5.2705600e+00   1.0965200e+01   4.1192100e+01   1.0000000e+00
   2.6200000e+02  -1.4079500e+01   7.2956000e+00   4.3257800e+01  -2.0000000e+00
   2.6300000e+02   1.5658600e-01   1.0240200e+01   4.1561000e+01   1.0000000e+00
   2.6400000e+02   9.3844000e+00  -4.6420000e+00   2.0878500e+01   2.0000000e+00
   2.6500000e+02   6.9978400e+00   2.4303900e+00   5.2805500e+01  -3.0000000e+00
   2.6600000e+02   1.8126800e+01  -2.0130100e+00   2.3100300e+01  -1.0000000e+00
   2.6700000e+02  -6.5896900e+00   1.8077200e+01   3.9747000e+01  -1.0000000e+00
   2.6800000e+02  -1.0175900e-01  -1.5775100e+01   1.9100400e+01  -2.0000000e+00
   2.6900000e+02  -3.4868000e+00  -1.1444600e+01   1.9450100e+01   2.0000000e+00
   2.7000000e+02  -1.2721000e+01   5.7420000e+00   4.2075700e+01   1.0000000e+00
   2.7100000e+02   1.3100200e+01   9.0607300e+00   4.0930300e+01  -2.0000000e+00
   2.7200000e+02   1.2929700e+01  -1.4313200e+01   3.5108200e+01  -1.0000000e+00
   2.7300000e+02  -5.2214700e+00   5.4612100e+00   4.1720200e+01   1.0000000e+00
   2.7400000e+02   1.4533600e+01   1.3037000e+01   6.9049300e+01  -1.0000000e+00
   2.7500000e+02  -1.5916900e+01  -8.8609900e+00   2.7486500e+00  -1.0000000e+00
   2.7600000e+02  -1.1549000e+01  -3.9797100e+00   2.7148700e+01  -3.0000000e+00
   2.7700000e+02  -9.8974000e+00  -2.7558100e+00   2.8040100e+01  -3.0000000e+00
   2.7800000e+02   8.0529200e+00  -1.1713100e+01   2.0132300e+01   2.0000000e+00
   2.7900000e+02  -5.8961900e+00   3.5125200e+00   4.1257000e+01   1.0000000e+00
   2.8000000e+02   9.6952500e+00   4.8194700e+00   4.1056800e+01   1.0000000e+00
   2.8100000e+02  -1.3296900e+01  -1.8000500e+00   5.7142000e+01  -3.0000000e+00
   2.8200000e+02   9.0305200e+00   2.8775900e+00   2.1864800e+01  -3.0000000e+00
   2.8300000e+02  -1.5221300e+01  -1.0866700e+01   4.0809800e+00  -1.0000000e+00
   2.8400000e+02   9.0319800e+00   1.3913300e+01   4.1462500e+01  -2.0000000e+00
   2.8500000e+02   3.5582100e+00   3.6296600e+00   4.0576100e+01   1.0000000e+00
   2.8600000e+02  -8.0916000e-01  -2.6247100e+00   3.1976000e+01  -3.0000000e+00
   2.8700000e+02   6.3088300e+00   1.1493200e+01   4.0436700e+01   1.0000000e+00
   2.8800000e+02   3.5852600e+00   1.4671500e+01   4.2016500e+01   1.0000000e+00
   2.8900000e+02  -9.8319600e-02  -1.0197000e+01   1.9342600e+01   2.0000000e+00
   2.9000000e+02   1.8950600e+00  -5.0804900e+00   1.8943300e+01   2.0000000e+00
   2.9100000e+02   3.2341600e+00  -3.4963700e+00   1.8098400e+01   2.0000000e+00
   2.9200000e+02   2.5904200e+00  -7.0784300e+00   1.9568700e+01   2.0000000e+00
   2.9300000e+02  -1.4844300e+00  -1.7311200e+01   1.9420000e+01  -1.0000000e+00
   2.9400000e+02   4.6331700e+00  -7.4289000e+00   1.9762300e+01   2.0000000e+00
   2.9500000e+02   1.3812900e+01   5.5576700e+00   4.0106000e+01   1.0000000e+00
   2.9600000e+02  -5.1841700e+00   1.1374200e-02   2.0265700e+01  -3.0000000e+00
   2.9700000e+02   1.6543900e-01   4.7754700e+00   4.1918000e+01   1.0000000e+00
   2.9800000e+02  -8.9473100e+00  -1.2192200e+01   1.8296500e+01   2.0000000e+00
   2.9900000e+02   1.3464500e+01  -5.1847600e+00   2.2130900e+01   2.0000000e+00
