   0.0000000e+00  -6.8886600e+00   1.1086300e+01   1.0000000e+00
   1.0000000e+00   1.4071400e+01  -9.5611400e+00  -1.0000000e+00
   2.0000000e+00   4.3239400e+00   1.3398400e+01  -1.0000000e+00
   3.0000000e+00  -1.5857200e+01   2.2636100e+00   1.0000000e+00
   4.0000000e+00  -5.5694500e+00   1.5659300e+01  -1.0000000e+00
   5.0000000e+00  -3.8689600e+00   6.7607700e+00  -1.0000000e+00
   6.0000000e+00  -9.4499700e+00   8.4865100e+00   1.0000000e+00
   7.0000000e+00  -4.1770600e+00   8.9076100e-01  -1.0000000e+00
   8.0000000e+00  -1.5383200e+01   6.3781200e+00   1.0000000e+00
   9.0000000e+00   1.5419100e+01  -7.9651400e+00  -1.0000000e+00
   1.0000000e+01   2.5794100e-01   4.8322400e+00  -1.0000000e+00
   1.1000000e+01   7.1538300e+00  -6.8535400e+00  -1.0000000e+00
   1.2000000e+01  -1.3655100e+01  -2.6993800e+00   1.0000000e+00
   1.3000000e+01  -6.2411100e+00  -1.5607100e+01   1.0000000e+00
   1.4000000e+01  -1.6608700e+01  -9.3156400e+00   1.0000000e+00
   1.5000000e+01   2.7244200e+00   8.1359400e+00  -1.0000000e+00
   1.6000000e+01   1.5153800e+01   6.7231000e+00  -1.0000000e+00
   1.7000000e+01  -7.5059400e+00  -9.4781500e+00   1.0000000e+00
   1.8000000e+01  -1.3669800e+01   4.5392300e+00   1.0000000e+00
   1.9000000e+01   1.4577100e-01   1.3886000e+01  -1.0000000e+00
   2.0000000e+01   1.4329100e+01   8.6085400e+00  -1.0000000e+00
   2.1000000e+01   3.8429500e+00  -8.2917200e+00  -1.0000000e+00
   2.2000000e+01  -1.5712500e+01   4.3183000e+00   1.0000000e+00
   2.3000000e+01   1.3865000e+01   1.4095900e+01  -1.0000000e+00
   2.4000000e+01   5.6531500e+00   6.0016200e+00  -1.0000000e+00
   2.5000000e+01  -1.0138500e+00   1.2130300e+01  -1.0000000e+00
   2.6000000e+01   1.7636900e+01   9.6935100e-01  -1.0000000e+00
   2.7000000e+01   2.3367800e+00   4.5900900e+00  -1.0000000e+00
   2.8000000e+01   1.3847000e+01   5.0043300e+00  -1.0000000e+00
   2.9000000e+01  -1.1880800e+01   5.6069700e+00   1.0000000e+00
   3.0000000e+01  -1.2087500e+01   1.3118200e+01   1.0000000e+00
   3.1000000e+01  -1.7346900e+01   5.6010400e+00   1.0000000e+00
   3.2000000e+01  -5.0555700e+00   1.0170600e+01  -1.0000000e+00
   3.3000000e+01   8.3859800e+00  -5.2089000e+00  -1.0000000e+00
   3.4000000e+01   1.4344200e+00  -2.5203100e+00  -1.0000000e+00
   3.5000000e+01  -6.5260400e+00   4.1038500e+00   1.0000000e+00
   3.6000000e+01  -1.4707000e+01  -1.0159700e+01   1.0000000e+00
   3.7000000e+01   1.2798200e+01  -1.1200100e+01  -1.0000000e+00
   3.8000000e+01  -1.7119700e-01   1.0256200e+01  -1.0000000e+00
   3.9000000e+01   3.4246800e+00   1.5336600e+01  -1.0000000e+00
   4.0000000e+01  -4.9330700e+00   2.7926500e+00  -1.0000000e+00
   4.1000000e+01  -9.4493600e+00  -8.6220200e+00   1.0000000e+00
   4.2000000e+01  -1.2177500e+01   6.9894800e-01   1.0000000e+00
   4.3000000e+01  -6.0520500e-01   6.7074000e+00  -1.0000000e+00
   4.4000000e+01  -1.4196500e+00  -3.5298200e-01  -1.0000000e+00
   4.5000000e+01   3.9660900e+00   9.8368700e+00  -1.0000000e+00
   4.6000000e+01   1.5914700e+01   4.7560000e+00  -1.0000000e+00
   4.7000000e+01   4.8011600e+00   7.9351300e+00  -1.0000000e+00
   4.8000000e+01   5.4772700e+00  -1.7686400e+01  -1.0000000e+00
   4.9000000e+01  -6.5340300e+00  -1.3510200e+01   1.0000000e+00
   5.0000000e+01   7.6969500e+00   5.8009800e+00  -1.0000000e+00
   5.1000000e+01  -1.5731800e+00  -9.6057100e+00  -1.0000000e+00
   5.2000000e+01  -1.9513300e+00   1.4094700e+01  -1.0000000e+00
   5.3000000e+01   2.6396300e+00   1.7229900e+01  -1.0000000e+00
   5.4000000e+01   7.9150800e+00  -8.7705600e+00  -1.0000000e+00
   5.5000000e+01   5.3677300e+00  -1.2163200e+01  -1.0000000e+00
   5.6000000e+01   1.2179500e+01   8.8514800e+00  -1.0000000e+00
   5.7000000e+01   3.1644000e+00   2.6959800e+00  -1.0000000e+00
   5.8000000e+01  -1.7495600e+01  -9.3993800e-01   1.0000000e+00
   5.9000000e+01  -1.3234500e+01  -6.8809700e+00   1.0000000e+00
   6.0000000e+01   1.0936800e+01   7.2147600e+00  -1.0000000e+00
   6.1000000e+01  -1.0082800e+00  -1.6368200e+01  -1.0000000e+00
   6.2000000e+01   1.1681100e+01  -3.8259400e+00  -1.0000000e+00
   6.3000000e+01  -1.1415100e+01   7.7709700e+00   1.0000000e+00
   6.4000000e+01  -1.5543000e+01  -1.8469700e+00   1.0000000e+00
   6.5000000e+01  -4.4389000e+00   1.7427200e+01  -1.0000000e+00
   6.6000000e+01   9.9494200e+00  -9.0488800e+00  -1.0000000e+00
   6.7000000e+01  -1.8263800e+00  -3.8986800e+00  -1.0000000e+00
   6.8000000e+01  -2.7664000e+00  -2.0360800e+00  -1.0000000e+00
   6.9000000e+01   1.2010400e+01  -9.2978700e+00  -1.0000000e+00
   7.0000000e+01   7.2439300e+00   2.1711200e+00  -1.0000000e+00
   7.1000000e+01   3.3059600e+00  -1.1871900e+01  -1.0000000e+00
   7.2000000e+01   1.1799500e+01   1.4410800e+01  -1.0000000e+00
   7.3000000e+01   8.5120100e+00   3.8718400e+00  -1.0000000e+00
   7.4000000e+01  -1.1956600e+01  -1.4991800e+00   1.0000000e+00
   7.5000000e+01  -6.4885700e+00  -2.0494000e+00   1.0000000e+00
   7.6000000e+01  -1.0485800e+01  -1.3937500e+01   1.0000000e+00
   7.7000000e+01   9.7475700e+00   1.4745000e+01  -1.0000000e+00
   7.8000000e+01   4.2901500e+00  -4.7204200e+00  -1.0000000e+00
   7.9000000e+01  -1.0453600e+01   1.8383600e+00   1.0000000e+00
   8.0000000e+01  -6.5829100e+00   1.3744800e+01  -1.0000000e+00
   8.1000000e+01  -1.3636200e+01   1.4511100e+01   1.0000000e+00
   8.2000000e+01  -1.2609300e+01   1.1142700e+01   1.0000000e+00
   8.3000000e+01  -1.2132900e+01  -1.5184200e+01   1.0000000e+00
   8.4000000e+01   1.0969700e+00   2.9577600e+00  -1.0000000e+00
   8.5000000e+01   2.2442800e+00  -4.4650300e+00  -1.0000000e+00
   8.6000000e+01  -4.2702800e+00  -1.6416400e+01   1.0000000e+00
   8.7000000e+01  -1.3416100e+01  -4.8021800e+00   1.0000000e+00
   8.8000000e+01   4.9728400e-01   1.7508500e+01  -1.0000000e+00
   8.9000000e+01   1.8051400e+00  -8.0338300e+00  -1.0000000e+00
   9.0000000e+01  -8.5576500e+00   9.0819300e-01   1.0000000e+00
   9.1000000e+01  -2.6654900e+00  -1.7702400e+01  -1.0000000e+00
   9.2000000e+01   1.6279400e+01  -7.1952800e-01  -1.0000000e+00
   9.3000000e+01  -9.8241300e+00  -1.6000500e+01   1.0000000e+00
   9.4000000e+01   1.2591600e+01   1.2446800e+01  -1.0000000e+00
   9.5000000e+01  -1.3836300e+01  -5.8253500e-01   1.0000000e+00
   9.6000000e+01   1.3275400e+01  -7.6523700e+00  -1.0000000e+00
   9.7000000e+01  -1.1618800e+00  -1.1647500e+01  -1.0000000e+00
   9.8000000e+01   5.8756600e+00  -8.5790500e+00  -1.0000000e+00
   9.9000000e+01   1.0087200e+01   2.2968300e-02  -1.0000000e+00
   1.0000000e+02   1.2343500e+01  -1.4885800e+01  -1.0000000e+00
   1.0100000e+02  -2.6334800e+00  -1.5102900e+01  -1.0000000e+00
   1.0200000e+02   5.1970800e+00   2.4058100e+00  -1.0000000e+00
   1.0300000e+02  -8.0008800e+00  -5.3157500e+00   1.0000000e+00
   1.0400000e+02  -1.4159900e+01   1.2486200e+01   1.0000000e+00
   1.0500000e+02  -2.2915300e+00  -7.6427500e+00  -1.0000000e+00
   1.0600000e+02   2.2475100e+00   1.3646800e+01  -1.0000000e+00
   1.0700000e+02   4.6971900e+00   1.6974100e+01  -1.0000000e+00
   1.0800000e+02  -8.3442900e+00  -1.1359400e+00   1.0000000e+00
   1.0900000e+02  -1.0281500e+01  -2.4914900e-01   1.0000000e+00
   1.1000000e+02  -1.2040800e+01   3.2183800e+00   1.0000000e+00
   1.1100000e+02  -6.1024800e+00  -6.1486000e+00   1.0000000e+00
   1.1200000e+02  -6.8554000e+00   2.0670800e+00   1.0000000e+00
   1.1300000e+02   1.5802100e+01  -4.3498000e+00  -1.0000000e+00
   1.1400000e+02  -1.2494100e+01  -1.3138800e+01   1.0000000e+00
   1.1500000e+02   1.1221700e+01  -7.4044000e+00  -1.0000000e+00
   1.1600000e+02  -1.7019700e+01   7.6473700e+00   1.0000000e+00
   1.1700000e+02  -1.4553600e+01   1.0445600e+01   1.0000000e+00
   1.1800000e+02   1.9015100e+00   1.0201500e+00  -1.0000000e+00
   1.1900000e+02   1.0305600e+01  -1.4570500e+01  -1.0000000e+00
   1.2000000e+02  -1.0838100e+01  -1.1903900e+01   1.0000000e+00
   1.2100000e+02   2.7020600e+00  -8.8956700e-01  -1.0000000e+00
   1.2200000e+02  -1.4148000e+00   8.6143800e+00  -1.0000000e+00
   1.2300000e+02  -8.8416400e+00  -1.2696300e+01   1.0000000e+00
   1.2400000e+02   1.0892300e+01  -1.9228000e+00  -1.0000000e+00
   1.2500000e+02  -8.2022400e+00  -1.4731000e+01   1.0000000e+00
   1.2600000e+02   1.4659800e+01   1.2169900e+01  -1.0000000e+00
   1.2700000e+02   1.0028400e+00  -6.1130800e+00  -1.0000000e+00
   1.2800000e+02   1.0120000e+01   9.1210500e+00  -1.0000000e+00
   1.2900000e+02   1.2737300e+00  -1.7078900e+01  -1.0000000e+00
   1.3000000e+02   1.7951100e+01   4.5168400e+00  -1.0000000e+00
   1.3100000e+02   1.9218400e+00   1.0029700e+01  -1.0000000e+00
   1.3200000e+02   8.8904200e+00   7.4833500e+00  -1.0000000e+00
   1.3300000e+02  -1.2999500e+01   9.0808800e+00   1.0000000e+00
   1.3400000e+02  -1.5736200e+01   2.0764100e-01   1.0000000e+00
   1.3500000e+02  -5.4676400e+00   8.1262700e+00  -1.0000000e+00
   1.3600000e+02   1.0907700e+01  -1.6529000e+01  -1.0000000e+00
   1.3700000e+02   6.4050200e+00   1.3173000e+01  -1.0000000e+00
   1.3800000e+02   9.1872300e+00  -7.1014000e+00  -1.0000000e+00
   1.3900000e+02  -1.3415200e+01   7.0142300e+00   1.0000000e+00
   1.4000000e+02  -1.6572200e-01   1.2800600e+00  -1.0000000e+00
   1.4100000e+02  -3.2161000e+00  -1.1006200e+01  -1.0000000e+00
   1.4200000e+02  -1.1778800e+01  -3.5577300e+00   1.0000000e+00
   1.4300000e+02  -7.3250700e+00   9.0569700e+00   1.0000000e+00
   1.4400000e+02   4.4079900e+00   4.3409500e+00  -1.0000000e+00
   1.4500000e+02  -1.5107900e+01  -6.0107300e+00   1.0000000e+00
   1.4600000e+02   1.2178000e+01  -2.7888200e-01  -1.0000000e+00
   1.4700000e+02   6.7895500e+00   1.6808700e+01  -1.0000000e+00
   1.4800000e+02   1.0754400e+01  -1.0940100e+01  -1.0000000e+00
   1.4900000e+02   8.8285600e+00  -1.6293100e+01  -1.0000000e+00
   1.5000000e+02  -7.6355200e+00   1.5526000e+01   1.0000000e+00
   1.5100000e+02  -1.1525900e+01  -5.6872200e+00   1.0000000e+00
   1.5200000e+02  -8.2035600e+00  -3.2382100e+00   1.0000000e+00
   1.5300000e+02  -9.6932200e+00   1.5876500e+01   1.0000000e+00
   1.5400000e+02  -7.7661200e+00  -7.3724600e+00   1.0000000e+00
   1.5500000e+02   1.4978900e+01  -2.4586000e+00  -1.0000000e+00
   1.5600000e+02  -3.0771600e+00   1.5848200e+01  -1.0000000e+00
   1.5700000e+02  -9.6447700e+00  -6.5481200e+00   1.0000000e+00
   1.5800000e+02   1.2481900e+01  -5.7356400e+00  -1.0000000e+00
   1.5900000e+02   3.0655300e+00  -6.3707000e+00  -1.0000000e+00
   1.6000000e+02  -1.1329400e+01  -7.7359300e+00   1.0000000e+00
   1.6100000e+02  -1.1043400e+01   9.7995300e+00   1.0000000e+00
   1.6200000e+02  -9.5379000e-01  -1.3694300e+01  -1.0000000e+00
   1.6300000e+02  -1.7051200e+00   1.7568400e+01  -1.0000000e+00
   1.6400000e+02   1.7195500e+01   6.4529900e+00  -1.0000000e+00
   1.6500000e+02  -1.6817900e+01  -7.2388600e+00   1.0000000e+00
   1.6600000e+02  -3.4803300e+00   8.7938600e+00  -1.0000000e+00
   1.6700000e+02  -1.7249800e+01  -3.0149100e+00   1.0000000e+00
   1.6800000e+02   8.8538300e+00  -1.6242100e+00  -1.0000000e+00
   1.6900000e+02   1.3563100e+01  -1.3180800e+01  -1.0000000e+00
   1.7000000e+02  -3.8109700e+00  -9.0319800e+00  -1.0000000e+00
   1.7100000e+02   7.4376000e+00  -1.2387800e+01  -1.0000000e+00
   1.7200000e+02  -8.8923300e+00   1.0511400e+01   1.0000000e+00
   1.7300000e+02   1.7026500e+01  -2.6620400e+00  -1.0000000e+00
   1.7400000e+02   3.5841000e+00   6.2342100e+00  -1.0000000e+00
   1.7500000e+02   9.3465200e+00   1.1058600e+01  -1.0000000e+00
   1.7600000e+02  -1.1621200e+00  -5.8519700e+00  -1.0000000e+00
   1.7700000e+02  -2.2330200e+00   5.4360600e+00  -1.0000000e+00
   1.7800000e+02   5.5412200e+00  -3.0579400e+00  -1.0000000e+00
   1.7900000e+02   9.2883200e+00   1.9490200e+00  -1.0000000e+00
   1.8000000e+02   1.3477800e+01   1.0482700e+01  -1.0000000e+00
   1.8100000e+02   6.1496600e+00  -1.4073700e+01  -1.0000000e+00
   1.8200000e+02   3.9365500e+00   7.7739100e-01  -1.0000000e+00
   1.8300000e+02   6.6376500e+00  -1.0488900e+01  -1.0000000e+00
   1.8400000e+02   8.4853500e+00   1.3009700e+01  -1.0000000e+00
   1.8500000e+02   1.2931800e+01  -2.1977300e+00  -1.0000000e+00
   1.8600000e+02   6.3914300e-01  -6.0612400e-01  -1.0000000e+00
   1.8700000e+02   1.3737100e+01  -4.1028400e+00  -1.0000000e+00
   1.8800000e+02   9.6428700e+00  -3.5638000e+00  -1.0000000e+00
   1.8900000e+02   1.4214400e+01  -5.4935200e-01  -1.0000000e+00
   1.9000000e+02   1.1377300e+01   1.0772800e+01  -1.0000000e+00
   1.9100000e+02   1.3388100e+01   1.3749600e+00  -1.0000000e+00
   1.9200000e+02   1.1520000e+01  -1.2920600e+01  -1.0000000e+00
   1.9300000e+02   6.4465700e+00   4.0769000e+00  -1.0000000e+00
   1.9400000e+02  -1.1641200e+01   1.5157000e+01   1.0000000e+00
   1.9500000e+02   3.1051700e+00   1.1718700e+01  -1.0000000e+00
   1.9600000e+02  -9.8861700e+00  -4.4492500e+00   1.0000000e+00
   1.9700000e+02   1.4838000e+01  -1.1489300e+01  -1.0000000e+00
   1.9800000e+02   6.8029700e+00  -1.3740900e+00  -1.0000000e+00
   1.9900000e+02  -1.5315800e+01  -3.9000100e+00   1.0000000e+00
   2.0000000e+02   3.2770000e+00  -1.7576800e+01  -1.0000000e+00
   2.0100000e+02   5.9819900e+00   5.1535600e-01  -1.0000000e+00
   2.0200000e+02  -7.9979900e+00   7.0402400e+00   1.0000000e+00
   2.0300000e+02   1.1789900e+01   5.2826500e+00  -1.0000000e+00
   2.0400000e+02   1.2626900e+01   3.3345400e+00  -1.0000000e+00
   2.0500000e+02   5.1884900e+00   1.1486800e+01  -1.0000000e+00
   2.0600000e+02   3.4682300e+00  -2.8220800e+00  -1.0000000e+00
   2.0700000e+02  -1.4898600e+01  -8.0937000e+00   1.0000000e+00
   2.0800000e+02   1.5065900e+00   6.4834600e+00  -1.0000000e+00
   2.0900000e+02  -1.7034900e+01  -5.1040100e+00   1.0000000e+00
   2.1000000e+02  -1.0465800e+01   1.1827900e+01   1.0000000e+00
   2.1100000e+02  -6.3159800e+00  -4.0984200e+00   1.0000000e+00
   2.1200000e+02   6.5317800e-01   8.3728500e+00  -1.0000000e+00
   2.1300000e+02   7.2787200e+00   1.1268200e+01  -1.0000000e+00
   2.1400000e+02   6.3331800e+00  -4.9520500e+00  -1.0000000e+00
   2.1500000e+02   6.7819000e+00  -1.6036900e+01  -1.0000000e+00
   2.1600000e+02   8.0540900e+00   9.3652600e+00  -1.0000000e+00
   2.1700000e+02  -9.9795500e+00   1.3827400e+01   1.0000000e+00
   2.1800000e+02   1.6421600e+01   8.3874800e+00  -1.0000000e+00
   2.1900000e+02  -2.2319900e+00   1.5346500e+00  -1.0000000e+00
   2.2000000e+02  -4.5776200e+00   4.8198400e+00  -1.0000000e+00
   2.2100000e+02   1.6693200e+01  -6.3232300e+00  -1.0000000e+00
   2.2200000e+02   1.8382900e+01  -1.0234900e+00  -1.0000000e+00
   2.2300000e+02   1.3536800e+00   1.5553400e+01  -1.0000000e+00
   2.2400000e+02  -2.2668500e+00   1.0486600e+01  -1.0000000e+00
   2.2500000e+02   4.7360400e+00  -1.1223500e+00  -1.0000000e+00
   2.2600000e+02   4.0498700e+00  -1.3830000e+01  -1.0000000e+00
   2.2700000e+02  -4.8683800e+00  -1.2226400e+01   1.0000000e+00
   2.2800000e+02   8.0489400e+00   2.6774100e-01  -1.0000000e+00
   2.2900000e+02   1.0522500e+01   1.2811800e+01  -1.0000000e+00
   2.3000000e+02  -3.5599800e+00  -5.0432000e+00  -1.0000000e+00
   2.3100000e+02   2.6172500e+00  -1.5490300e+01  -1.0000000e+00
   2.3200000e+02   1.6744600e+01   2.8437900e+00  -1.0000000e+00
   2.3300000e+02  -1.4468600e+01  -1.2226400e+01   1.0000000e+00
   2.3400000e+02  -9.9600500e+00   6.3206500e+00   1.0000000e+00
   2.3500000e+02  -4.6105400e+00  -1.4287500e+01   1.0000000e+00
   2.3600000e+02   7.6014600e+00  -3.2905100e+00  -1.0000000e+00
   2.3700000e+02   5.1212500e-01  -9.7185400e+00  -1.0000000e+00
   2.3800000e+02   1.9527200e-01  -4.1742700e+00  -1.0000000e+00
   2.3900000e+02  -1.2771100e+01  -1.1045000e+01   1.0000000e+00
   2.4000000e+02   1.0556900e+01   3.6031400e+00  -1.0000000e+00
   2.4100000e+02   1.4674100e+01   3.1074400e+00  -1.0000000e+00
   2.4200000e+02  -9.1786800e+00  -1.0680000e+01   1.0000000e+00
   2.4300000e+02   1.0527200e+00   1.1946800e+01  -1.0000000e+00
   2.4400000e+02  -1.0049100e+01  -2.3049300e+00   1.0000000e+00
   2.4500000e+02  -1.4169100e+01  -1.4368200e+01   1.0000000e+00
   2.4600000e+02   1.0430600e+01  -5.4655200e+00  -1.0000000e+00
   2.4700000e+02  -8.3409900e+00   1.2550300e+01   1.0000000e+00
   2.4800000e+02   1.3068100e+01   6.9695400e+00  -1.0000000e+00
   2.4900000e+02   5.1135900e+00  -6.6472100e+00  -1.0000000e+00
   2.5000000e+02  -7.2037400e-01   1.5757500e+01  -1.0000000e+00
   2.5100000e+02  -1.7729800e+01   3.4346600e+00   1.0000000e+00
   2.5200000e+02   8.9849900e-01  -1.1761900e+01  -1.0000000e+00
   2.5300000e+02   1.1351000e+01   1.6588900e+00  -1.0000000e+00
   2.5400000e+02   1.6214800e+01  -9.9035000e+00  -1.0000000e+00
   2.5500000e+02  -1.3026800e+01  -8.9672900e+00   1.0000000e+00
   2.5600000e+02  -6.6984200e+00   1.7391200e+01  -1.0000000e+00
   2.5700000e+02  -6.0726000e-01  -2.2347600e+00  -1.0000000e+00
   2.5800000e+02   1.7856900e+01  -4.6124100e+00  -1.0000000e+00
   2.5900000e+02  -6.1621800e+00   6.1249500e+00   1.0000000e+00
   2.6000000e+02  -8.3649600e+00   5.0177900e+00   1.0000000e+00
   2.6100000e+02  -6.4225200e+00   4.7590000e-02   1.0000000e+00
   2.6200000e+02   1.9831100e+00  -1.3536200e+01  -1.0000000e+00
   2.6300000e+02   2.5570400e+00  -9.9588700e+00  -1.0000000e+00
   2.6400000e+02  -7.1150000e+00  -1.1543000e+01   1.0000000e+00
   2.6500000e+02   9.4808600e+00  -1.2654400e+01  -1.0000000e+00
   2.6600000e+02  -1.4947400e+01   8.4049900e+00   1.0000000e+00
   2.6700000e+02   8.6923100e+00  -1.0674300e+01  -1.0000000e+00
   2.6800000e+02  -5.4866100e+00  -1.0248400e+01   1.0000000e+00
   2.6900000e+02  -3.0998200e+00   1.2360300e+01  -1.0000000e+00
   2.7000000e+02  -4.2363500e+00  -6.9942100e+00  -1.0000000e+00
   2.7100000e+02  -5.8892100e+00  -8.2121000e+00   1.0000000e+00
   2.7200000e+02  -7.9119900e+00  -1.6806500e+01   1.0000000e+00
   2.7300000e+02  -1.0293300e+01   4.2820300e+00   1.0000000e+00
   2.7400000e+02   6.0109600e+00   9.5943800e+00  -1.0000000e+00
   2.7500000e+02  -4.2037500e+00   1.4087900e+01  -1.0000000e+00
   2.7600000e+02   5.5004400e+00   1.5083200e+01  -1.0000000e+00
   2.7700000e+02  -5.1686400e+00   1.2238100e+01  -1.0000000e+00
   2.7800000e+02   4.5868600e+00  -1.0233700e+01  -1.0000000e+00
   2.7900000e+02  -8.7144900e+00   2.9635500e+00   1.0000000e+00
   2.8000000e+02  -1.6687100e+01   9.6952100e+00   1.0000000e+00
   2.8100000e+02  -3.0083300e+00   3.4863500e+00  -1.0000000e+00
   2.8200000e+02   4.7406700e+00  -1.5779400e+01  -1.0000000e+00
   2.8300000e+02   7.6996100e+00   1.4927600e+01  -1.0000000e+00
   2.8400000e+02   6.8277300e+00   7.6949300e+00  -1.0000000e+00
   2.8500000e+02  -1.1115700e+01  -9.8181800e+00   1.0000000e+00
   2.8600000e+02  -1.3801200e+01   2.0086500e+00   1.0000000e+00
   2.8700000e+02   1.5429000e+01   1.1484000e+00  -1.0000000e+00
   2.8800000e+02  -4.1279800e-01  -1.8345700e+01  -1.0000000e+00
   2.8900000e+02  -1.7687500e+01   1.1902600e+00   1.0000000e+00
   2.9000000e+02   1.4538600e+01  -6.0351600e+00  -1.0000000e+00
   2.9100000e+02   8.2409500e+00  -1.4305300e+01  -1.0000000e+00
   2.9200000e+02   5.9397700e-01  -1.5060100e+01  -1.0000000e+00
   2.9300000e+02  -2.9106600e+00  -1.3067700e+01  -1.0000000e+00
   2.9400000e+02   9.7500000e+00   5.5364800e+00  -1.0000000e+00
   2.9500000e+02  -4.6272900e+00  -1.1168100e+00  -1.0000000e+00
   2.9600000e+02   1.5593000e+01   1.0328000e+01  -1.0000000e+00
   2.9700000e+02  -2.4172000e-01  -7.7739500e+00  -1.0000000e+00
   2.9800000e+02  -4.4828800e+00  -3.1753900e+00  -1.0000000e+00
   2.9900000e+02  -9.7625600e-01   3.1723000e+00  -1.0000000e+00
