   0.0000000e+00  -9.7682000e+00   4.7678400e+00  -1.0000000e+00
   1.0000000e+00  -1.2742000e+01  -4.7707000e-01  -1.0000000e+00
   2.0000000e+00  -8.6839900e+00  -1.2410600e+00  -1.0000000e+00
   3.0000000e+00   5.4084600e+00   8.7593700e+00  -1.0000000e+00
   4.0000000e+00  -6.9572700e+00  -7.9967900e+00   1.0000000e+00
   5.0000000e+00  -1.6677300e+01   8.2597900e+00  -1.0000000e+00
   6.0000000e+00  -1.7970300e+01   4.3436500e+00  -1.0000000e+00
   7.0000000e+00  -1.1372500e+01   6.0693900e+00  -1.0000000e+00
   8.0000000e+00   1.2309300e+01  -4.0599800e+00  -1.0000000e+00
   9.0000000e+00   2.5168600e+00   1.3398500e+01  -1.0000000e+00
   1.0000000e+01   1.6448700e+01   8.8898500e+00  -1.0000000e+00
   1.1000000e+01   6.3145100e+00   3.3210800e+00  -1.0000000e+00
   1.2000000e+01   1.8492300e+01   5.2896000e-02  -1.0000000e+00
   1.3000000e+01   9.8672200e+00   2.7285700e+00  -1.0000000e+00
   1.4000000e+01  -1.4725200e+01  -5.6553100e+00   1.0000000e+00
   1.5000000e+01   7.5532800e+00  -6.8919100e-02  -1.0000000e+00
   1.6000000e+01   8.0334400e+00   1.3599900e+01  -1.0000000e+00
   1.7000000e+01  -1.4801900e+01  -1.1692500e-01  -1.0000000e+00
   1.8000000e+01   1.1453100e+01   1.4019000e+00  -1.0000000e+00
   1.9000000e+01  -4.9464000e+00   1.2447500e+01  -1.0000000e+00
   2.0000000e+01  -1.4740600e+01  -1.1116100e+01   1.0000000e+00
   2.1000000e+01  -8.8428100e+00  -1.3157500e+01   1.0000000e+00
   2.2000000e+01   1.3855100e+01  -5.4262700e+00   1.0000000e+00
   2.3000000e+01   1.0867300e+00  -3.8495700e+00   1.0000000e+00
   2.4000000e+01  -1.7553900e+01  -3.3728100e+00   1.0000000e+00
   2.5000000e+01  -4.5940100e+00   1.4498700e+01  -1.0000000e+00
   2.6000000e+01   5.3742600e+00  -1.0053300e+01   1.0000000e+00
   2.7000000e+01   1.2858300e+01   9.5941100e+00  -1.0000000e+00
   2.8000000e+01  -1.3687100e+00   1.1926700e+01  -1.0000000e+00
   2.9000000e+01   5.9064900e-01   1.2657700e+01  -1.0000000e+00
   3.0000000e+01  -2.2404700e+00  -5.1682000e+00   1.0000000e+00
   3.1000000e+01  -9.3753100e-01  -3.5485800e+00   1.0000000e+00
   3.2000000e+01  -1.0707900e+01  -8.2632200e-01  -1.0000000e+00
   3.3000000e+01  -4.2246600e+00   1.6558600e+01  -1.0000000e+00
   3.4000000e+01  -9.3042000e+00  -4.7597900e+00   1.0000000e+00
   3.5000000e+01  -5.8936800e+00  -3.5472600e+00   1.0000000e+00
   3.6000000e+01  -2.2783800e+00   1.7291300e+01  -1.0000000e+00
   3.7000000e+01  -2.8885000e-01   1.8158600e+01  -1.0000000e+00
   3.8000000e+01  -3.3104600e+00   1.1169300e+01  -1.0000000e+00
   3.9000000e+01   8.8925900e+00  -1.4254200e+01   1.0000000e+00
   4.0000000e+01  -6.0685800e+00  -1.5509200e+01   1.0000000e+00
   4.1000000e+01  -7.5459200e+00   7.5794200e+00  -1.0000000e+00
   4.2000000e+01   7.4049600e+00  -1.0366500e+01   1.0000000e+00
   4.3000000e+01  -1.8907500e+01   8.2565100e-01  -1.0000000e+00
   4.4000000e+01   4.4292500e+00  -2.5574700e+00  -1.0000000e+00
   4.5000000e+01  -2.0732300e-01  -5.4969600e+00   1.0000000e+00
   4.6000000e+01  -1.4071600e+01   1.2745600e+01  -1.0000000e+00
   4.7000000e+01  -1.4002600e+01  -7.5900100e+00   1.0000000e+00
   4.8000000e+01   1.4973400e+01   7.2895200e-01  -1.0000000e+00
   4.9000000e+01  -1.3925900e+01  -1.3084300e+01   1.0000000e+00
   5.0000000e+01   3.5555600e-01  -1.3726200e+00  -1.0000000e+00
   5.1000000e+01   9.3165100e+00   1.0180800e+01  -1.0000000e+00
   5.2000000e+01  -1.2723300e+01   9.3919500e+00  -1.0000000e+00
   5.3000000e+01   1.6549100e+01  -6.1871600e-01  -1.0000000e+00
   5.4000000e+01   1.5087200e+00   7.2614100e+00  -1.0000000e+00
   5.5000000e+01  -2.7169100e+00  -1.4159100e+01   1.0000000e+00
   5.6000000e+01  -2.0402200e+00   7.8457600e+00  -1.0000000e+00
   5.7000000e+01   6.0891700e+00  -1.1978700e+01   1.0000000e+00
   5.8000000e+01  -1.3313900e+01   5.3232800e+00  -1.0000000e+00
   5.9000000e+01  -7.8368000e+00   5.5324900e+00  -1.0000000e+00
   6.0000000e+01   1.2845300e+01  -9.4048800e+00   1.0000000e+00
   6.1000000e+01  -1.0240400e+01  -1.4916000e+01   1.0000000e+00
   6.2000000e+01  -1.0758800e+01   1.0208100e+01  -1.0000000e+00
   6.3000000e+01   3.8819700e+00  -6.1464300e+00   1.0000000e+00
   6.4000000e+01   1.1803900e+01   3.4541200e+00  -1.0000000e+00
   6.5000000e+01   1.5693400e+01   4.8193700e+00  -1.0000000e+00
   6.6000000e+01   1.3350400e+01  -7.4197700e+00   1.0000000e+00
   6.7000000e+01   2.8640900e+00   1.5433400e+01  -1.0000000e+00
   6.8000000e+01   1.4147300e+01   6.2025200e+00  -1.0000000e+00
   6.9000000e+01  -9.1541100e+00   8.8930700e+00  -1.0000000e+00
   7.0000000e+01  -1.6169900e+01  -1.7485200e+00   1.0000000e+00
   7.1000000e+01   1.3742300e+01   4.1509000e+00  -1.0000000e+00
   7.2000000e+01   4.0467900e+00  -1.1651000e+01   1.0000000e+00
   7.3000000e+01  -3.2895700e+00  -1.7762700e+01   1.0000000e+00
   7.4000000e+01  -8.2560400e+00  -9.5897800e+00   1.0000000e+00
   7.5000000e+01  -3.5502100e+00  -6.7569700e+00   1.0000000e+00
   7.6000000e+01  -1.4123900e+01   3.4185000e+00  -1.0000000e+00
   7.7000000e+01   9.6478600e+00   1.2244600e+01  -1.0000000e+00
   7.8000000e+01   5.0592700e+00   6.6717400e+00  -1.0000000e+00
   7.9000000e+01  -6.9148000e-02  -1.0981700e+01   1.0000000e+00
   8.0000000e+01   5.9593400e+00  -6.4994500e+00   1.0000000e+00
   8.1000000e+01  -4.2782700e+00  -4.8126400e+00   1.0000000e+00
   8.2000000e+01   1.6829000e+01  -8.3054900e+00   1.0000000e+00
   8.3000000e+01  -1.0389700e+01   1.2262800e+01  -1.0000000e+00
   8.4000000e+01  -7.7748100e-01  -9.0342200e+00   1.0000000e+00
   8.5000000e+01  -1.5033400e+01   6.5841600e+00  -1.0000000e+00
   8.6000000e+01   1.2287100e+01  -1.2972400e+01   1.0000000e+00
   8.7000000e+01   4.0143900e+00   4.8215000e-01  -1.0000000e+00
   8.8000000e+01  -8.0299100e+00   1.7157800e+01  -1.0000000e+00
   8.9000000e+01   5.3057100e-01  -7.4476900e+00   1.0000000e+00
   9.0000000e+01   2.5930000e+00  -7.7556400e+00   1.0000000e+00
   9.1000000e+01   1.8200400e+01  -2.2425400e+00  -1.0000000e+00
   9.2000000e+01   1.6944200e+01   1.4246700e+00  -1.0000000e+00
   9.3000000e+01   6.1185800e+00   1.2840400e+01  -1.0000000e+00
   9.4000000e+01  -1.6695700e+00  -1.6238200e+00  -1.0000000e+00
   9.5000000e+01  -1.2434600e+01   1.1438100e+01  -1.0000000e+00
   9.6000000e+01   8.9655300e+00   8.1219000e+00  -1.0000000e+00
   9.7000000e+01  -1.7116900e+01   6.2160100e+00  -1.0000000e+00
   9.8000000e+01  -8.1495900e+00   3.4952800e+00  -1.0000000e+00
   9.9000000e+01  -7.2178600e+00  -5.1312100e+00   1.0000000e+00
   1.0000000e+02   1.0243300e+01  -1.2637400e+01   1.0000000e+00
   1.0100000e+02  -1.4658300e+01   8.6206100e+00  -1.0000000e+00
   1.0200000e+02  -5.4811600e+00  -1.1897900e+01   1.0000000e+00
   1.0300000e+02  -1.7492800e+01   2.3258200e+00  -1.0000000e+00
   1.0400000e+02  -1.6075200e+01  -7.2140300e+00   1.0000000e+00
   1.0500000e+02   1.2544400e+01   7.5518600e+00  -1.0000000e+00
   1.0600000e+02  -4.3054100e+00   5.0474500e+00  -1.0000000e+00
   1.0700000e+02   1.1241000e+01   1.0908400e+01  -1.0000000e+00
   1.0800000e+02   2.4000500e+00  -2.2466800e+00  -1.0000000e+00
   1.0900000e+02   8.3806200e+00   1.5621100e+01  -1.0000000e+00
   1.1000000e+02  -8.5652900e-02   8.5746100e+00  -1.0000000e+00
   1.1100000e+02  -2.6296400e+00   1.5238600e+01  -1.0000000e+00
   1.1200000e+02  -1.8258700e+01  -1.4497200e+00   1.0000000e+00
   1.1300000e+02   8.5884500e-01   3.1735500e+00  -1.0000000e+00
   1.1400000e+02  -7.9600900e+00  -3.1788800e+00   1.0000000e+00
   1.1500000e+02   9.5937400e+00  -1.6275700e+01   1.0000000e+00
   1.1600000e+02   6.6507200e+00   5.3459300e+00  -1.0000000e+00
   1.1700000e+02   1.7876200e+01  -4.2776800e+00  -1.0000000e+00
   1.1800000e+02  -1.0113700e+01   2.7005600e+00  -1.0000000e+00
   1.1900000e+02  -1.2578700e+01  -1.1510000e+01   1.0000000e+00
   1.2000000e+02   1.4838100e+01  -8.8723100e+00   1.0000000e+00
   1.2100000e+02  -4.5100700e-01   6.5434200e+00  -1.0000000e+00
   1.2200000e+02   3.1795100e+00   1.7538600e+01  -1.0000000e+00
   1.2300000e+02   7.1656900e-01  -1.2885500e+01   1.0000000e+00
   1.2400000e+02  -6.1868000e+00  -9.9331200e+00   1.0000000e+00
   1.2500000e+02   5.0972400e-02  -1.6470900e+01   1.0000000e+00
   1.2600000e+02   1.5341400e+01  -6.8744000e+00   1.0000000e+00
   1.2700000e+02  -5.8150500e+00   1.7873100e+01  -1.0000000e+00
   1.2800000e+02  -1.3024900e+01   7.3550600e+00  -1.0000000e+00
   1.2900000e+02   1.0911300e+01  -1.4655700e+01   1.0000000e+00
   1.3000000e+02  -4.0187900e+00  -1.5839500e+01   1.0000000e+00
   1.3100000e+02   1.2656200e+01  -2.0357900e+00  -1.0000000e+00
   1.3200000e+02   1.3388000e+01   2.1030100e+00  -1.0000000e+00
   1.3300000e+02  -2.0995100e+00  -1.0632700e+01   1.0000000e+00
   1.3400000e+02   6.7247100e+00   1.6958600e+01  -1.0000000e+00
   1.3500000e+02   2.0625000e+00  -2.1427400e-01  -1.0000000e+00
   1.3600000e+02   7.9052400e+00   1.9629500e+00  -1.0000000e+00
   1.3700000e+02  -3.0228600e+00   1.7046800e+00  -1.0000000e+00
   1.3800000e+02   2.7719100e+00  -1.8798600e+01   1.0000000e+00
   1.3900000e+02  -7.5470500e+00  -1.1554500e+01   1.0000000e+00
   1.4000000e+02   9.4679500e+00  -1.0737300e+01   1.0000000e+00
   1.4100000e+02   1.1541700e+01  -1.1012000e+01   1.0000000e+00
   1.4200000e+02   4.7563500e+00  -1.3592300e+01   1.0000000e+00
   1.4300000e+02  -1.2156300e+01   1.3517700e+01  -1.0000000e+00
   1.4400000e+02   1.3034600e+01   3.6864200e-02  -1.0000000e+00
   1.4500000e+02  -9.5728700e+00  -1.1184000e+01   1.0000000e+00
   1.4600000e+02  -8.1114600e+00  -1.5079900e+01   1.0000000e+00
   1.4700000e+02   1.8593300e+00   9.2939300e+00  -1.0000000e+00
   1.4800000e+02   1.2857000e+00  -9.3629600e+00   1.0000000e+00
   1.4900000e+02  -7.2294400e+00   9.6505400e+00  -1.0000000e+00
   1.5000000e+02  -1.1413900e+01   1.1097600e+00  -1.0000000e+00
   1.5100000e+02  -1.2416800e+00  -1.8095700e+01   1.0000000e+00
   1.5200000e+02   1.5374400e+01   2.7620200e+00  -1.0000000e+00
   1.5300000e+02  -3.6493400e+00   9.1237900e+00  -1.0000000e+00
   1.5400000e+02  -5.6039300e+00   8.3485300e+00  -1.0000000e+00
   1.5500000e+02   5.7319900e+00   1.0797000e+01  -1.0000000e+00
   1.5600000e+02  -1.1904900e+01   3.7981000e+00  -1.0000000e+00
   1.5700000e+02   1.5672700e+01  -1.0763800e+01   1.0000000e+00
   1.5800000e+02   6.2005100e+00  -1.7501300e+01   1.0000000e+00
   1.5900000e+02   8.1351800e+00  -1.2315700e+01   1.0000000e+00
   1.6000000e+02  -1.5384900e+01  -9.1577500e+00   1.0000000e+00
   1.6100000e+02  -1.0664400e+00   2.4461000e+00  -1.0000000e+00
   1.6200000e+02   1.7758300e+01   5.6306300e+00  -1.0000000e+00
   1.6300000e+02  -8.5655900e+00  -6.7142500e+00   1.0000000e+00
   1.6400000e+02  -6.6864200e-01  -1.4532500e+01   1.0000000e+00
   1.6500000e+02   1.2535900e+00   1.6815200e+01  -1.0000000e+00
   1.6600000e+02  -2.3673400e+00   5.7832700e+00  -1.0000000e+00
   1.6700000e+02   4.1492100e+00   1.2100300e+01  -1.0000000e+00
   1.6800000e+02  -4.1303000e+00  -1.0279800e+01   1.0000000e+00
   1.6900000e+02   1.6117600e+01   6.8671400e+00  -1.0000000e+00
   1.7000000e+02  -1.5505900e+01   1.8235300e+00  -1.0000000e+00
   1.7100000e+02   1.0403800e+01   1.6291100e+01  -1.0000000e+00
   1.7200000e+02  -6.2245800e+00   4.2539900e+00  -1.0000000e+00
   1.7300000e+02   9.5102200e+00   6.9218100e-01  -1.0000000e+00
   1.7400000e+02   1.0810000e+01  -9.0812100e+00   1.0000000e+00
   1.7500000e+02  -1.3378100e+01  -4.0524400e+00   1.0000000e+00
   1.7600000e+02   8.2579200e+00   4.0336500e+00  -1.0000000e+00
   1.7700000e+02  -2.7037800e+00   3.7245000e+00  -1.0000000e+00
   1.7800000e+02  -1.4052900e+00   4.1431600e-01  -1.0000000e+00
   1.7900000e+02   1.4241500e+01  -3.3795700e+00  -1.0000000e+00
   1.8000000e+02   4.7102100e+00   4.6073100e+00  -1.0000000e+00
   1.8100000e+02   8.0238700e+00  -6.7797800e+00   1.0000000e+00
   1.8200000e+02  -3.2988000e+00  -3.6166600e-01  -1.0000000e+00
   1.8300000e+02  -1.9728000e+00  -1.6148100e+01   1.0000000e+00
   1.8400000e+02  -2.9945900e+00   1.3206600e+01  -1.0000000e+00
   1.8500000e+02   4.5018400e+00   1.4127900e+01  -1.0000000e+00
   1.8600000e+02   1.8505600e+00  -5.7888200e+00   1.0000000e+00
   1.8700000e+02  -9.9964500e+00  -2.8232800e+00   1.0000000e+00
   1.8800000e+02   7.2177000e+00  -4.8618000e+00   1.0000000e+00
   1.8900000e+02  -5.3560900e+00  -1.7558700e+01   1.0000000e+00
   1.9000000e+02   5.9290900e+00   1.2144000e+00  -1.0000000e+00
   1.9100000e+02  -1.5905900e+01   4.4834000e+00  -1.0000000e+00
   1.9200000e+02  -1.0081900e+00   1.3965900e+01  -1.0000000e+00
   1.9300000e+02  -1.4401700e+01   1.0674300e+01  -1.0000000e+00
   1.9400000e+02  -4.7733700e+00  -1.3863300e+01   1.0000000e+00
   1.9500000e+02   1.0563000e+01   6.8156700e+00  -1.0000000e+00
   1.9600000e+02  -1.6902600e+01   1.7791500e-01  -1.0000000e+00
   1.9700000e+02   4.6214400e+00  -8.0790500e+00   1.0000000e+00
   1.9800000e+02   1.5847600e+01  -4.8541400e+00  -1.0000000e+00
   1.9900000e+02   1.0941500e+01   8.8403400e+00  -1.0000000e+00
   2.0000000e+02  -1.0203700e+01   1.4339200e+01  -1.0000000e+00
   2.0100000e+02   1.1572300e+01   1.2974400e+01  -1.0000000e+00
   2.0200000e+02   7.3589300e+00   9.4738100e+00  -1.0000000e+00
   2.0300000e+02   1.1506400e+00   5.2187600e+00  -1.0000000e+00
   2.0400000e+02  -1.1087100e+01   8.1454300e+00  -1.0000000e+00
   2.0500000e+02  -1.2254600e+01  -1.4432000e+01   1.0000000e+00
   2.0600000e+02   7.0190100e+00   7.4276100e+00  -1.0000000e+00
   2.0700000e+02   1.1103800e+01  -6.6101600e-01  -1.0000000e+00
   2.0800000e+02   6.6972300e+00  -8.4367500e+00   1.0000000e+00
   2.0900000e+02   8.5800500e+00   6.0986700e+00  -1.0000000e+00
   2.1000000e+02   3.1155700e+00   5.9453700e+00  -1.0000000e+00
   2.1100000e+02   6.5459200e+00  -2.7482900e+00  -1.0000000e+00
   2.1200000e+02  -6.5398500e+00   2.2163000e+00  -1.0000000e+00
   2.1300000e+02   2.0903400e+00  -1.6815000e+01   1.0000000e+00
   2.1400000e+02  -1.2062000e+01  -2.4690800e+00   1.0000000e+00
   2.1500000e+02   1.4336700e+01  -1.3285400e+01   1.0000000e+00
   2.1600000e+02  -1.3471800e+01   1.4639000e+00  -1.0000000e+00
   2.1700000e+02   8.7228300e+00  -8.7609400e+00   1.0000000e+00
   2.1800000e+02  -9.3851400e+00   7.4143200e-01  -1.0000000e+00
   2.1900000e+02  -1.0632600e+01  -6.3693700e+00   1.0000000e+00
   2.2000000e+02  -6.8059100e+00  -1.3477500e+01   1.0000000e+00
   2.2100000e+02  -3.8510400e+00   1.8621400e+01  -1.0000000e+00
   2.2200000e+02   1.7339600e+01   3.5824100e+00  -1.0000000e+00
   2.2300000e+02  -6.6345600e+00  -1.6008900e+00  -1.0000000e+00
   2.2400000e+02  -5.2610000e+00   1.0397200e+01  -1.0000000e+00
   2.2500000e+02   5.4859600e+00  -1.5571400e+01   1.0000000e+00
   2.2600000e+02  -1.2663700e+01  -6.0387700e+00   1.0000000e+00
   2.2700000e+02  -1.5096000e+00  -7.0815200e+00   1.0000000e+00
   2.2800000e+02  -5.2480600e+00   3.1222600e-01  -1.0000000e+00
   2.2900000e+02  -4.8580900e+00  -8.3654500e+00   1.0000000e+00
   2.3000000e+02   1.8906600e+01   2.1954000e+00  -1.0000000e+00
   2.3100000e+02   6.8267900e+00  -1.3928000e+01   1.0000000e+00
   2.3200000e+02  -8.7987200e+00   1.0960700e+01  -1.0000000e+00
   2.3300000e+02  -4.6241800e+00   2.9867500e+00  -1.0000000e+00
   2.3400000e+02   3.7948200e+00   1.0045100e+01  -1.0000000e+00
   2.3500000e+02   9.7242600e+00  -5.0643400e+00   1.0000000e+00
   2.3600000e+02  -3.9686300e+00   7.0851400e+00  -1.0000000e+00
   2.3700000e+02   2.7292000e+00  -1.3274600e+01   1.0000000e+00
   2.3800000e+02  -5.5811200e+00  -6.4118500e+00   1.0000000e+00
   2.3900000e+02   1.4489700e+01   8.2382300e+00  -1.0000000e+00
   2.4000000e+02  -1.1322000e+01  -4.4138400e+00   1.0000000e+00
   2.4100000e+02   9.3927300e-01   1.4725200e+01  -1.0000000e+00
   2.4200000e+02  -6.1891500e+00   1.5817200e+01  -1.0000000e+00
   2.4300000e+02   7.6880000e+00   1.1500800e+01  -1.0000000e+00
   2.4400000e+02   1.3883900e+00  -1.4852300e+01   1.0000000e+00
   2.4500000e+02   1.3651200e+01  -1.1338800e+01   1.0000000e+00
   2.4600000e+02  -9.9561300e+00   1.6434400e+01  -1.0000000e+00
   2.4700000e+02   5.2022200e+00  -4.5101700e+00   1.0000000e+00
   2.4800000e+02   3.1306400e+00  -4.1687800e+00   1.0000000e+00
   2.4900000e+02   7.5218700e+00  -1.5875800e+01   1.0000000e+00
   2.5000000e+02  -1.6786300e+01  -5.2738200e+00   1.0000000e+00
   2.5100000e+02  -8.4682600e+00   1.3007800e+01  -1.0000000e+00
   2.5200000e+02   1.0629500e+01  -2.8929100e+00  -1.0000000e+00
   2.5300000e+02  -7.7388900e-01   4.4781100e+00  -1.0000000e+00
   2.5400000e+02   1.6204800e+01  -2.7837700e+00  -1.0000000e+00
   2.5500000e+02   2.1786200e+00   1.1320400e+01  -1.0000000e+00
   2.5600000e+02   1.1793800e+01  -6.0441200e+00   1.0000000e+00
   2.5700000e+02  -1.5415300e+01  -3.6998500e+00   1.0000000e+00
   2.5800000e+02  -6.5413000e+00   1.3769000e+01  -1.0000000e+00
   2.5900000e+02   1.2182800e+01   5.4960100e+00  -1.0000000e+00
   2.6000000e+02   4.7950400e+00   1.6160800e+01  -1.0000000e+00
   2.6100000e+02   5.6166300e+00  -8.7598400e-01  -1.0000000e+00
   2.6200000e+02  -7.3623800e+00   3.3565600e-01  -1.0000000e+00
   2.6300000e+02  -9.4731100e+00   6.8361700e+00  -1.0000000e+00
   2.6400000e+02   1.3216800e+01   1.1689400e+01  -1.0000000e+00
   2.6500000e+02  -1.1974900e+01  -8.0505100e+00   1.0000000e+00
   2.6600000e+02   6.4413400e+00   1.4914700e+01  -1.0000000e+00
   2.6700000e+02  -1.0921700e+01  -1.2762200e+01   1.0000000e+00
   2.6800000e+02   2.1888400e-01   1.0623500e+01  -1.0000000e+00
   2.6900000e+02  -9.8842000e+00  -8.3291600e+00   1.0000000e+00
   2.7000000e+02   1.0213800e+01   4.7649900e+00  -1.0000000e+00
   2.7100000e+02  -1.3714400e+00  -1.2581400e+01   1.0000000e+00
   2.7200000e+02  -2.9727300e+00  -3.2252200e+00   1.0000000e+00
   2.7300000e+02   3.4258600e+00  -1.5243800e+01   1.0000000e+00
   2.7400000e+02   1.4798600e+01   1.0322900e+01  -1.0000000e+00
   2.7500000e+02   1.4599700e+01  -1.3402900e+00  -1.0000000e+00
   2.7600000e+02   3.3273500e+00  -9.6903200e+00   1.0000000e+00
   2.7700000e+02  -2.8054800e+00  -8.6990600e+00   1.0000000e+00
   2.7800000e+02  -5.9230800e+00   6.3177500e+00  -1.0000000e+00
   2.7900000e+02   2.0272400e+00  -1.1287100e+01   1.0000000e+00
   2.8000000e+02  -6.4711900e-01   1.6024500e+01  -1.0000000e+00
   2.8100000e+02   8.6066700e+00  -3.3370300e+00  -1.0000000e+00
   2.8200000e+02   2.4520300e+00   1.8481000e+00  -1.0000000e+00
   2.8300000e+02  -4.6078400e+00  -1.9527000e+00  -1.0000000e+00
   2.8400000e+02  -8.1770900e+00   1.5082700e+01  -1.0000000e+00
   2.8500000e+02   4.1756000e+00  -1.7168900e+01   1.0000000e+00
   2.8600000e+02  -7.4549000e+00  -1.7052900e+01   1.0000000e+00
   2.8700000e+02   5.2324900e-01   1.1437500e+00  -1.0000000e+00
   2.8800000e+02  -1.4124700e+01  -2.0696100e+00   1.0000000e+00
   2.8900000e+02  -1.1222200e+01  -9.9612000e+00   1.0000000e+00
   2.9000000e+02   9.9639900e+00   1.4278300e+01  -1.0000000e+00
   2.9100000e+02   4.3851000e+00   2.5770500e+00  -1.0000000e+00
   2.9200000e+02  -1.3346500e+01  -9.5874600e+00   1.0000000e+00
   2.9300000e+02   1.0051800e+01  -7.1428600e+00   1.0000000e+00
   2.9400000e+02   9.1754200e+00  -1.3578800e+00  -1.0000000e+00
   2.9500000e+02   3.4981300e+00   8.0163300e+00  -1.0000000e+00
   2.9600000e+02  -1.6972700e+00   9.8683300e+00  -1.0000000e+00
   2.9700000e+02  -6.8698600e+00   1.1719800e+01  -1.0000000e+00
   2.9800000e+02  -3.4022900e+00  -1.2226500e+01   1.0000000e+00
   2.9900000e+02   2.7792700e+00   3.8838000e+00  -1.0000000e+00
