   0.0000000e+00  -2.6196800e+00  -5.0218400e+00   2.2842500e+01   1.0000000e+00
   1.0000000e+00   1.1401300e+01  -1.0302000e+01   2.3337000e+01   1.0000000e+00
   2.0000000e+00  -2.7279600e+00   1.5452200e+01   4.5129700e+01  -2.0000000e+00
   3.0000000e+00   4.8057200e+00  -1.3109200e+01   2.3163500e+01   1.0000000e+00
   4.0000000e+00   1.3316500e+01   1.2838800e+01   5.3131800e+01  -2.0000000e+00
   5.0000000e+00   4.8237800e-01   1.0946100e+01   5.4628200e+01   2.0000000e+00
   6.0000000e+00   1.7295400e+01  -5.4551600e+00   2.3139800e+01  -1.0000000e+00
   7.0000000e+00  -8.8824500e+00   6.5604400e+00   5.4687800e+01   2.0000000e+00
   8.0000000e+00  -1.2514500e+01  -1.2434000e-01   2.1753800e+01   1.0000000e+00
   9.0000000e+00  -1.1838800e+01  -1.1109300e+01   2.3425700e+01  -2.0000000e+00
   1.0000000e+01  -1.7512700e+00   5.9443900e+00   5.4899300e+01   2.0000000e+00
   1.1000000e+01  -2.2952900e+00  -1.0461000e+01   2.2926900e+01   1.0000000e+00
   1.2000000e+01   7.6242800e+00   1.0291100e+01   5.3809700e+01   2.0000000e+00
   1.3000000e+01  -1.6137800e+01   7.0610700e+00   7.0275500e+01  -1.0000000e+00
   1.4000000e+01   9.9532000e+00   1.5316200e+01   4.2098800e+01  -2.0000000e+00
   1.5000000e+01  -1.3832000e+01   1.2167700e+01   5.5247000e+01  -2.0000000e+00
   1.6000000e+01   1.3487300e+01  -1.0494100e+01   2.4012800e+01  -2.0000000e+00
   1.7000000e+01   1.2571700e+01   4.5718200e+00   5.1646900e+01   2.0000000e+00
   1.8000000e+01  -8.5058600e+00  -9.6804100e+00   2.3143500e+01   1.0000000e+00
   1.9000000e+01   7.2561000e+00   6.1309900e+00   5.5001500e+01   2.0000000e+00
   2.0000000e+01   2.7784600e+00  -3.8694700e+00   2.3391700e+01   1.0000000e+00
   2.1000000e+01  -4.7547100e+00  -1.3818500e+01   2.3842900e+01   1.0000000e+00
   2.2000000e+01  -1.3513200e+01  -7.3312400e+00   2.2832400e+01  -2.0000000e+00
   2.3000000e+01  -7.6798500e+00  -1.1598700e+01   2.3147500e+01   1.0000000e+00
   2.4000000e+01  -1.2097400e+01   1.1024700e+01   5.5310300e+01   2.0000000e+00
   2.5000000e+01  -3.4120900e+00   7.1506000e+00   5.5178500e+01   2.0000000e+00
   2.6000000e+01   5.2089400e+00   3.2204400e+00   4.8560600e+01  -3.0000000e+00
   2.7000000e+01   6.9061700e+00  -4.3231600e+00   2.3556800e+01   1.0000000e+00
   2.8000000e+01  -3.0896800e+00  -8.5700300e+00   2.2561300e+01   1.0000000e+00
   2.9000000e+01   7.2881400e+00  -7.9498000e-01   2.2647200e+01   1.0000000e+00
   3.0000000e+01  -1.4567700e+01   1.1215900e-01   2.3334800e+01   1.0000000e+00
   3.1000000e+01   1.0765100e+00  -9.0620900e+00   2.3526600e+01   1.0000000e+00
   3.2000000e+01  -1.1255500e+01   1.5203000e+00   4.3458700e+01  -3.0000000e+00
   3.3000000e+01   6.7617200e-01  -1.2590400e+01   2.3259400e+01   1.0000000e+00
   3.4000000e+01   5.2555900e+00  -5.4878700e-01   2.4494400e+01   1.0000000e+00
   3.5000000e+01  -8.8930100e-01  -1.7811700e+01   2.4407600e+01  -1.0000000e+00
   3.6000000e+01  -6.8264500e+00  -1.3492100e+01   2.3307000e+01   1.0000000e+00
   3.7000000e+01  -3.7983500e+00   2.9740900e+00   5.5794500e+01  -3.0000000e+00
   3.8000000e+01  -8.0477000e+00  -1.5162600e+01   1.1162700e+01  -2.0000000e+00
   3.9000000e+01  -1.8991400e-01  -1.0703200e+01   2.3366000e+01   1.0000000e+00
   4.0000000e+01  -1.1934300e+01   1.3080000e+01   5.5407400e+01  -2.0000000e+00
   4.1000000e+01   1.3919500e+01  -6.8974400e+00   2.3644900e+01   1.0000000e+00
   4.2000000e+01   3.5610900e+00  -1.4797700e+01   2.2486300e+01  -2.0000000e+00
   4.3000000e+01  -6.3239200e+00  -6.3866400e-01   1.3637300e+01  -3.0000000e+00
   4.4000000e+01   1.4249800e+01   3.1517700e+00   4.0310000e+01  -3.0000000e+00
   4.5000000e+01   3.5998000e+00  -5.7485900e+00   2.3434600e+01   1.0000000e+00
   4.6000000e+01   1.4765100e+01   7.4030200e+00   5.4359100e+01  -2.0000000e+00
   4.7000000e+01   1.5163800e+00  -1.4501200e+01   2.2456700e+01   1.0000000e+00
   4.8000000e+01   1.5526100e+01  -1.0706000e+01   3.7821200e+01  -1.0000000e+00
   4.9000000e+01  -1.3955600e+00  -3.3156000e+00   2.2500700e+01   1.0000000e+00
   5.0000000e+01  -8.5336300e+00   1.0691100e+01   5.4839800e+01   2.0000000e+00
   5.1000000e+01   4.0429400e+00   1.0679300e+01   5.5246100e+01   2.0000000e+00
   5.2000000e+01   4.7740900e+00   1.7112600e+01   5.2398100e+01  -1.0000000e+00
   5.3000000e+01   9.7497200e-01   1.7340000e+01   5.3333200e+01  -1.0000000e+00
   5.4000000e+01  -1.0988000e+01  -1.2975600e+01   2.3729600e+01  -2.0000000e+00
   5.5000000e+01   9.2744700e+00   9.0676100e+00   5.4381200e+01   2.0000000e+00
   5.6000000e+01   1.1625600e+01   1.4037800e+01   5.3733200e+01  -2.0000000e+00
   5.7000000e+01   1.0979900e+01  -1.3867600e+01   2.2789900e+01  -2.0000000e+00
   5.8000000e+01   1.7841900e+00   5.6395800e+00   5.4377800e+01   2.0000000e+00
   5.9000000e+01  -1.0288600e+00  -8.8199900e+00   2.2973100e+01   1.0000000e+00
   6.0000000e+01  -1.8042900e+00  -1.5903500e+01   2.5175800e+01  -2.0000000e+00
   6.1000000e+01   1.0982200e+01   7.8942600e+00   5.4898100e+01   2.0000000e+00
   6.2000000e+01  -1.4787100e+01  -8.9617800e+00   8.4299800e+00  -1.0000000e+00
   6.3000000e+01  -8.9483700e+00  -1.3263800e+01   2.3691900e+01  -2.0000000e+00
   6.4000000e+01   8.0838400e-01   1.5299600e+01   5.5424600e+01  -2.0000000e+00
   6.5000000e+01   1.4512500e+01   5.2757700e+00   5.2873900e+01  -2.0000000e+00
   6.6000000e+01  -1.0977100e+01   3.5615600e+00   5.4453300e+01  -3.0000000e+00
   6.7000000e+01  -1.3619400e+01   1.4262500e+01   5.5084300e+01  -1.0000000e+00
   6.8000000e+01  -8.3383400e+00   1.2783200e+01   5.4160700e+01   2.0000000e+00
   6.9000000e+01  -4.9611000e+00   1.0383700e+01   5.5378500e+01   2.0000000e+00
   7.0000000e+01   6.8504400e+00  -1.3346200e+01   2.2918300e+01   1.0000000e+00
   7.1000000e+01  -1.2443800e+01   6.8549900e+00   5.5597900e+01   2.0000000e+00
   7.2000000e+01  -1.2986200e+01  -3.7049500e+00   2.3279500e+01   1.0000000e+00
   7.3000000e+01   1.3120300e+01  -4.9935700e+00   2.3774600e+01   1.0000000e+00
   7.4000000e+01  -8.4292500e+00  -6.6351200e-01   3.8512900e+01  -3.0000000e+00
   7.5000000e+01   3.2178900e+00  -3.1609800e-01   2.3047900e+01   1.0000000e+00
   7.6000000e+01   4.8176600e+00  -4.0912000e+00   2.3462200e+01   1.0000000e+00
   7.7000000e+01   1.2879300e+01   8.6894900e+00   5.4503900e+01   2.0000000e+00
   7.8000000e+01   8.9890600e+00  -4.5659700e+00   2.3382900e+01   1.0000000e+00
   7.9000000e+01   7.4077100e+00   8.1929500e+00   5.4659400e+01   2.0000000e+00
   8.0000000e+01  -3.8869600e+00  -6.6568100e+00   2.2597400e+01   1.0000000e+00
   8.1000000e+01   6.4876300e+00   1.6041900e+00   3.4329800e+01  -3.0000000e+00
   8.2000000e+01  -1.0570600e+01  -9.4403800e+00   2.3072900e+01   1.0000000e+00
   8.3000000e+01  -3.9413300e+00   9.2001000e-01   6.9715200e+01  -3.0000000e+00
   8.4000000e+01  -7.4847100e+00   1.1529400e+00   4.7918600e+01  -3.0000000e+00
   8.5000000e+01   1.2681500e+01  -8.5918300e+00   2.3604300e+01   1.0000000e+00
   8.6000000e+01  -1.3039200e+01  -1.2808400e+01   9.1718000e+00  -1.0000000e+00
   8.7000000e+01  -1.0403400e+01   9.8363300e+00   5.4836400e+01   2.0000000e+00
   8.8000000e+01  -9.2880000e+00   2.1985500e+00   4.2797300e+01  -3.0000000e+00
   8.9000000e+01  -1.3893600e+00   1.0095000e+01   5.4805000e+01   2.0000000e+00
   9.0000000e+01   7.3100000e+00  -9.7697700e+00   2.2851800e+01   1.0000000e+00
   9.1000000e+01   1.6002200e+01  -7.1292000e+00   2.3564600e+01  -2.0000000e+00
   9.2000000e+01   1.4767700e+01   3.3517100e-01   3.5482800e+01  -2.0000000e+00
   9.3000000e+01   1.0637600e+01   3.7937700e+00   4.1873300e+01  -3.0000000e+00
   9.4000000e+01   8.9344100e+00   4.9513000e+00   5.5185100e+01   2.0000000e+00
   9.5000000e+01   9.7927700e+00  -6.4593200e+00   2.3041200e+01   1.0000000e+00
   9.6000000e+01   4.0261500e+00  -2.1985800e+00   2.3194700e+01   1.0000000e+00
   9.7000000e+01   8.5298600e+00   8.5188100e-01   4.0754500e+01  -3.0000000e+00
   9.8000000e+01  -5.6109300e+00  -1.1840900e+01   2.2947700e+01   1.0000000e+00
   9.9000000e+01   1.1056000e+01  -4.8103300e+00   2.3701200e+01   1.0000000e+00
   1.0000000e+02   5.3320900e+00   5.2849200e+00   5.4920700e+01   2.0000000e+00
   1.0100000e+02  -8.7687600e-01   1.6207200e-01   2.6524600e+01  -3.0000000e+00
   1.0200000e+02   1.2282700e+01   2.5413700e+00   3.5218800e+01  -3.0000000e+00
   1.0300000e+02   1.6854000e+01   1.0742600e-01   8.3110500e+00  -1.0000000e+00
   1.0400000e+02   3.9998900e+00  -1.1203400e+01   2.3180100e+01   1.0000000e+00
   1.0500000e+02   1.3715100e+01   1.4895400e+01   5.1945900e+01  -1.0000000e+00
   1.0600000e+02   1.2286100e+01  -3.1003100e+00   2.4400500e+01   1.0000000e+00
   1.0700000e+02  -6.3983100e+00  -9.9306100e+00   2.2898700e+01   1.0000000e+00
   1.0800000e+02   7.7424600e+00  -6.2055500e+00   2.3228600e+01   1.0000000e+00
   1.0900000e+02   1.7110800e-01   2.0208600e+00   3.7662000e+01  -3.0000000e+00
   1.1000000e+02   5.6116300e+00  -1.5012300e+01   2.3541200e+01  -2.0000000e+00
   1.1100000e+02   1.9506600e+00  -1.0953800e+01   2.3251300e+01   1.0000000e+00
   1.1200000e+02   1.3070700e+01  -1.4142500e+01   3.7586800e+01  -1.0000000e+00
   1.1300000e+02  -1.0106400e+01  -1.4976300e+01   2.4274900e+01  -1.0000000e+00
   1.1400000e+02  -1.2620500e+01  -9.2033500e+00   2.3377700e+01  -2.0000000e+00
   1.1500000e+02   9.3503000e+00  -1.0035200e+01   2.2583300e+01   1.0000000e+00
   1.1600000e+02  -1.4318200e+01   5.9787500e+00   5.5909900e+01  -2.0000000e+00
   1.1700000e+02   1.5541300e+01  -1.5867800e+00   2.3729100e+01  -2.0000000e+00
   1.1800000e+02  -1.3229700e+01   2.2019900e+00   2.1262700e+01  -3.0000000e+00
   1.1900000e+02   1.1213200e+01   9.9267200e+00   5.3913600e+01   2.0000000e+00
   1.2000000e+02  -1.7899000e+01  -1.2824800e+00   6.0695900e+00  -1.0000000e+00
   1.2100000e+02   1.5189900e+01  -5.2219600e+00   2.3314400e+01  -2.0000000e+00
   1.2200000e+02  -8.0744800e+00  -6.1185400e+00   2.2799000e+01   1.0000000e+00
   1.2300000e+02  -1.5562400e+00   8.0510400e+00   5.5030100e+01   2.0000000e+00
   1.2400000e+02  -5.9326300e-01  -1.4222800e+01   2.3675500e+01   1.0000000e+00
   1.2500000e+02   4.3555500e+00  -1.6829700e+01   2.3131400e+01  -1.0000000e+00
   1.2600000e+02  -7.3834800e+00   3.2488300e+00   5.6336900e+01   2.0000000e+00
   1.2700000e+02  -1.1585500e+00   1.2208300e+01   5.5068500e+01   2.0000000e+00
   1.2800000e+02  -8.3679700e-02  -1.7219600e+00   2.2162600e+01   1.0000000e+00
   1.2900000e+02  -1.3796700e+01  -1.7964800e+00   2.2824000e+01   1.0000000e+00
   1.3000000e+02  -9.7383600e+00  -1.1340100e+01   2.3095400e+01   1.0000000e+00
   1.3100000e+02   1.1656800e+00  -3.2547000e-02   2.3652900e+01   1.0000000e+00
   1.3200000e+02  -1.3894200e+01  -1.0838300e+01   8.3686400e+00  -1.0000000e+00
   1.3300000e+02   9.7424600e+00  -1.5504800e+01   2.3349600e+01  -1.0000000e+00
   1.3400000e+02  -1.8363700e+01  -4.9486800e+00   5.5304000e+01  -1.0000000e+00
   1.3500000e+02   6.1134100e+00   1.3594500e+01   5.3969100e+01   2.0000000e+00
   1.3600000e+02   3.1200300e-01   8.8974200e+00   5.4856100e+01   2.0000000e+00
   1.3700000e+02  -4.2654200e+00  -1.1236500e+00   3.9184100e+01  -3.0000000e+00
   1.3800000e+02  -5.0427200e+00  -1.7408000e+01   2.2944600e+01  -2.0000000e+00
   1.3900000e+02   9.1177000e+00   7.0213100e+00   5.5502400e+01   2.0000000e+00
   1.4000000e+02  -4.3356300e+00   1.6731900e+01   5.4000600e+01  -1.0000000e+00
   1.4100000e+02  -1.2620800e+01   4.7973900e+00   4.2811100e+01  -3.0000000e+00
   1.4200000e+02  -5.3236600e+00   6.2309500e+00   5.4983300e+01   2.0000000e+00
   1.4300000e+02  -1.2175800e+01  -5.6254900e+00   2.3064700e+01   1.0000000e+00
   1.4400000e+02  -1.5587800e+01  -7.0413700e+00   6.2508400e+00  -1.0000000e+00
   1.4500000e+02  -3.6398100e+00   5.0509300e+00   5.5133700e+01   2.0000000e+00
   1.4600000e+02   4.1922000e+00   1.2737700e+01   5.4085800e+01   2.0000000e+00
   1.4700000e+02  -1.4012200e+01   1.0110300e+01   5.6403500e+01  -2.0000000e+00
   1.4800000e+02   3.1821500e+00  -9.2906200e+00   2.3720000e+01   1.0000000e+00
   1.4900000e+02   2.7409600e+00  -1.2838200e+01   2.2863200e+01   1.0000000e+00
   1.5000000e+02  -1.0250800e+00   1.4309600e+01   2.7319000e+01  -2.0000000e+00
   1.5100000e+02  -1.8213400e+00  -6.9157700e+00   2.2878600e+01   1.0000000e+00
   1.5200000e+02  -5.5027400e+00   4.1550300e+00   5.5404300e+01   2.0000000e+00
   1.5300000e+02  -1.1365900e+01  -7.5171700e+00   2.3365400e+01   1.0000000e+00
   1.5400000e+02   7.8179100e+00   1.2383400e+01   5.4241400e+01   2.0000000e+00
   1.5500000e+02   1.4366200e+01  -3.3083000e+00   2.4191900e+01   1.0000000e+00
   1.5600000e+02   1.3109700e+01   1.0762400e+01   5.3420000e+01  -2.0000000e+00
   1.5700000e+02  -1.1725500e+01  -2.0426100e+00   2.2708800e+01   1.0000000e+00
   1.5800000e+02  -4.5950900e+00   1.4500600e+01   5.4769500e+01  -2.0000000e+00
   1.5900000e+02  -7.5904400e+00  -2.5709000e+00   2.3860100e+01   1.0000000e+00
   1.6000000e+02   1.1512300e+00  -1.8174500e+01   2.3699300e+01  -1.0000000e+00
   1.6100000e+02   1.3498800e+01  -1.3750700e+00   2.4313600e+01   1.0000000e+00
   1.6200000e+02  -4.7933000e+00   1.2452400e+01   5.5179500e+01   2.0000000e+00
   1.6300000e+02  -1.5340500e+01   2.0234000e+00   3.4888300e+01  -2.0000000e+00
   1.6400000e+02  -8.0903000e+00   1.4922500e+01   5.3854800e+01  -2.0000000e+00
   1.6500000e+02  -6.6455200e+00   1.1554500e+01   5.4967100e+01   2.0000000e+00
   1.6600000e+02   2.3388400e+00   1.1861300e+01   5.4699000e+01   2.0000000e+00
   1.6700000e+02   1.2287600e+01  -1.2203100e+01   2.3626300e+01  -2.0000000e+00
   1.6800000e+02  -1.0588500e+01   7.7773500e+00   5.5176100e+01   2.0000000e+00
   1.6900000e+02  -1.5495100e+01   1.3375700e+01   5.3949500e+01  -1.0000000e+00
   1.7000000e+02   1.1775400e+01  -1.5794900e+01   2.2072000e+01  -1.0000000e+00
   1.7100000e+02   5.6599700e+00  -5.9657000e+00   2.3623200e+01   1.0000000e+00
   1.7200000e+02   1.9607300e+00  -1.9694800e+00   2.2942600e+01   1.0000000e+00
   1.7300000e+02  -2.9327400e+00  -1.7657800e+01   3.6653400e+01  -2.0000000e+00
   1.7400000e+02   1.1424200e+01   1.1971300e+01   5.4235900e+01   2.0000000e+00
   1.7500000e+02  -7.0055000e+00   7.4450500e+00   5.4787000e+01   2.0000000e+00
   1.7600000e+02   3.8748600e+00   8.5705600e+00   5.4645600e+01   2.0000000e+00
   1.7700000e+02   4.4150500e+00  -7.6323900e+00   2.3558900e+01   1.0000000e+00
   1.7800000e+02  -5.8596700e-01  -5.2600200e+00   2.2975200e+01   1.0000000e+00
   1.7900000e+02  -4.3514400e+00  -1.0188500e+01   2.2541600e+01   1.0000000e+00
   1.8000000e+02  -5.1495100e+00  -8.2912000e+00   2.2505600e+01   1.0000000e+00
   1.8100000e+02  -7.6964300e-02   4.7541600e+00   4.2699500e+01  -3.0000000e+00
   1.8200000e+02  -3.8606400e+00  -1.5703100e+01   2.5001000e+01   1.0000000e+00
   1.8300000e+02   8.2760500e+00   1.6560900e+01   5.3295800e+01  -1.0000000e+00
   1.8400000e+02   6.8301700e-01  -3.6366400e+00   2.2549600e+01   1.0000000e+00
   1.8500000e+02   1.6232000e+01   4.0890100e+00   5.3886000e+01  -2.0000000e+00
   1.8600000e+02  -1.2308300e+01   8.9548000e+00   5.5634300e+01   2.0000000e+00
   1.8700000e+02   6.0474100e+00  -1.1425300e+01   2.3139800e+01   1.0000000e+00
   1.8800000e+02   5.7327100e+00   9.4689600e+00   5.4335800e+01   2.0000000e+00
   1.8900000e+02  -3.5538400e+00  -1.2121700e+01   2.3369900e+01   1.0000000e+00
   1.9000000e+02  -7.7681500e+00   1.7144900e+01   5.2093000e+01  -1.0000000e+00
   1.9100000e+02  -1.6392000e+01   4.9818500e+00   6.6998200e+01  -1.0000000e+00
   1.9200000e+02  -1.7145200e+01  -3.2044600e+00   2.3018800e+01  -2.0000000e+00
   1.9300000e+02   2.1711300e+00   9.7655400e+00   5.5258200e+01   2.0000000e+00
   1.9400000e+02   8.1063200e+00  -1.1678900e+01   2.2620900e+01   1.0000000e+00
   1.9500000e+02   2.7072800e+00   1.6125300e+01   4.2781900e+01  -2.0000000e+00
   1.9600000e+02  -8.8515700e+00  -4.2115200e+00   2.2507000e+01   1.0000000e+00
   1.9700000e+02   9.5359100e+00   1.1111100e+01   5.3931400e+01   2.0000000e+00
   1.9800000e+02   1.7666800e+01  -1.8435700e+00   2.3309200e+01  -1.0000000e+00
   1.9900000e+02  -7.3218300e+00  -1.7090000e+01   6.9898400e+00  -1.0000000e+00
   2.0000000e+02   3.4762500e+00   4.3942800e+00   4.2962700e+01  -3.0000000e+00
   2.0100000e+02   2.4339200e-01  -1.6106700e+01   2.3550900e+01  -2.0000000e+00
   2.0200000e+02  -2.2269700e+00  -1.3889900e+00   3.3938900e+01  -3.0000000e+00
   2.0300000e+02  -1.0915800e+01  -3.9453200e+00   2.2799400e+01   1.0000000e+00
   2.0400000e+02  -6.4626900e+00   1.3649300e+01   5.3998400e+01   2.0000000e+00
   2.0500000e+02   9.3711800e+00  -1.0251800e+00   2.4561200e+01   1.0000000e+00
   2.0600000e+02  -9.9995300e+00   1.4031300e+01   5.5332700e+01  -2.0000000e+00
   2.0700000e+02  -1.0135000e+01  -5.8669500e+00   2.2899900e+01   1.0000000e+00
   2.0800000e+02   1.4765600e+01  -8.7892900e+00   2.3407700e+01  -2.0000000e+00
   2.0900000e+02  -6.8202100e+00   9.5043500e+00   5.5042600e+01   2.0000000e+00
   2.1000000e+02  -6.4365600e+00  -1.8957800e+01   2.1534800e+01  -1.0000000e+00
   2.1100000e+02  -4.7140600e+00  -4.6966200e+00   2.2936800e+01   1.0000000e+00
   2.1200000e+02  -1.0226800e+01   1.1901900e+01   5.4831500e+01   2.0000000e+00
   2.1300000e+02  -3.0926600e+00   1.1277200e+01   5.5178300e+01   2.0000000e+00
   2.1400000e+02   1.4343400e+01  -1.2394800e+01   3.9463700e+01  -1.0000000e+00
   2.1500000e+02   5.5379400e+00   7.3342300e+00   5.4331700e+01   2.0000000e+00
   2.1600000e+02  -1.0462300e+01  -3.9221200e-01   1.0473600e+01  -3.0000000e+00
   2.1700000e+02   1.9946000e+00   7.7156900e+00   5.4515800e+01   2.0000000e+00
   2.1800000e+02  -6.2161500e+00   1.5767400e+01   4.1036400e+01  -2.0000000e+00
   2.1900000e+02   2.2725000e+00  -1.6416000e+01   3.4119200e+01  -2.0000000e+00
   2.2000000e+02   1.4767800e+01   9.5048400e+00   5.4388800e+01  -2.0000000e+00
   2.2100000e+02   1.6685800e+01   8.2155400e+00   7.0451100e+01  -1.0000000e+00
   2.2200000e+02  -1.5035800e+01  -3.4787200e+00   2.2865900e+01   1.0000000e+00
   2.2300000e+02   5.2347300e+00  -9.5197200e+00   2.3278100e+01   1.0000000e+00
   2.2400000e+02  -5.9716600e+00  -1.5486300e+01   2.3010600e+01  -2.0000000e+00
   2.2500000e+02  -9.6698300e+00  -2.3233300e+00   2.2812000e+01   1.0000000e+00
   2.2600000e+02   6.0673000e+00  -2.4488700e+00   2.3385300e+01   1.0000000e+00
   2.2700000e+02  -5.5042300e+00  -2.7660700e+00   2.2656300e+01   1.0000000e+00
   2.2800000e+02  -1.8594700e+01   1.0984200e+00   1.6393800e+01  -1.0000000e+00
   2.2900000e+02   5.9192400e+00   1.1535100e+01   5.4514300e+01   2.0000000e+00
   2.3000000e+02   1.7927000e+01   2.7015500e+00   2.0434000e+01  -1.0000000e+00
   2.3100000e+02   1.6906200e+01  -9.0269900e+00   2.3239100e+01  -1.0000000e+00
   2.3200000e+02  -1.6669200e+01   3.7547500e-01   3.2090500e+01  -2.0000000e+00
   2.3300000e+02  -7.2055800e+00   5.3521400e+00   5.4904900e+01   2.0000000e+00
   2.3400000e+02  -3.4578400e+00  -3.0607500e+00   2.2774900e+01   1.0000000e+00
   2.3500000e+02  -1.5777700e+01   1.1219400e+01   7.0828900e+01  -1.0000000e+00
   2.3600000e+02   2.3108500e+00  -7.4122600e+00   2.3339300e+01   1.0000000e+00
   2.3700000e+02   9.7245300e+00   1.3233500e+01   5.3865200e+01   2.0000000e+00
   2.3800000e+02   7.0012300e-01   1.3147900e+01   5.5223800e+01   2.0000000e+00
   2.3900000e+02   1.5990900e+01   1.9903100e+00   4.1614200e+01  -2.0000000e+00
   2.4000000e+02   1.6457200e+01  -3.5206800e+00   2.4097200e+01  -2.0000000e+00
   2.4100000e+02   1.0214600e+01  -2.9113800e+00   2.3956200e+01   1.0000000e+00
   2.4200000e+02   1.1438200e+01  -1.2291100e+00   2.3935000e+01   1.0000000e+00
   2.4300000e+02   1.0141200e+01  -1.1951800e+01   2.2920600e+01   1.0000000e+00
   2.4400000e+02   1.1873000e+01  -6.7066700e+00   2.3578400e+01   1.0000000e+00
   2.4500000e+02   8.1285400e+00  -2.6742800e+00   2.3713200e+01   1.0000000e+00
   2.4600000e+02  -9.3052300e+00  -7.7751000e+00   2.3108300e+01   1.0000000e+00
   2.4700000e+02  -9.0951400e+00   4.4477700e+00   5.4736100e+01   2.0000000e+00
   2.4800000e+02   8.8868200e+00  -1.3625200e+01   2.3157000e+01  -2.0000000e+00
   2.4900000e+02   1.0883100e+01   5.8405800e+00   5.4396100e+01   2.0000000e+00
   2.5000000e+02   8.5528500e+00  -8.1049300e+00   2.2942300e+01   1.0000000e+00
   2.5100000e+02  -7.2421000e+00  -8.0152400e+00   2.2862200e+01   1.0000000e+00
   2.5200000e+02  -1.4136600e+01   8.0223800e+00   5.6221900e+01  -2.0000000e+00
   2.5300000e+02   1.2677200e+01   5.2698900e-01   8.2727000e+00  -3.0000000e+00
   2.5400000e+02  -4.2297000e+00  -1.9299000e+01   2.2053100e+01  -1.0000000e+00
   2.5500000e+02   1.2813400e+01   6.6261500e+00   5.3688100e+01   2.0000000e+00
   2.5600000e+02   1.6689000e+01   1.0286800e+01   5.4931800e+01  -1.0000000e+00
   2.5700000e+02  -1.4484500e+01   3.9154500e+00   4.8676400e+01  -2.0000000e+00
   2.5800000e+02  -5.9321900e+00  -6.3946700e+00   2.2951800e+01   1.0000000e+00
   2.5900000e+02   1.2275800e-01   6.8528900e+00   5.4705600e+01   2.0000000e+00
   2.6000000e+02   4.4287000e+00   1.3323100e+00   4.0840700e+01  -3.0000000e+00
   2.6100000e+02  -3.2504000e+00   9.2199900e+00   5.5536100e+01   2.0000000e+00
   2.6200000e+02   7.6705700e+00  -1.5291700e+01   3.5267100e+01  -2.0000000e+00
   2.6300000e+02   2.4826700e-01  -7.1636600e+00   2.3016000e+01   1.0000000e+00
   2.6400000e+02  -5.1401100e+00   8.3098500e+00   5.5223700e+01   2.0000000e+00
   2.6500000e+02   1.5240900e+00  -5.5190000e+00   2.3046700e+01   1.0000000e+00
   2.6600000e+02   3.6514400e+00   6.4981500e+00   5.4257800e+01   2.0000000e+00
   2.6700000e+02   8.0166600e+00   1.4466400e+01   5.3726000e+01  -2.0000000e+00
   2.6800000e+02   8.7740400e+00   2.8939100e+00   6.7846000e+01  -3.0000000e+00
   2.6900000e+02   1.1802300e+01   1.6260200e+01   5.5663400e+01  -1.0000000e+00
   2.7000000e+02   2.5619000e+00   1.4021700e+01   5.4013400e+01   2.0000000e+00
   2.7100000e+02   1.5052900e+01   1.1531600e+01   3.7337900e+01  -1.0000000e+00
   2.7200000e+02  -1.5889700e+01   9.1292300e+00   7.1353900e+01  -1.0000000e+00
   2.7300000e+02   7.0766000e+00   4.0690500e+00   5.3642300e+01  -3.0000000e+00
   2.7400000e+02   6.4398000e+00  -1.6937000e+01   2.4512100e+01  -1.0000000e+00
   2.7500000e+02  -1.2231800e+01  -1.4698700e+01   2.3287100e+01  -1.0000000e+00
   2.7600000e+02   6.5054500e+00  -7.8581200e+00   2.3273000e+01   1.0000000e+00
   2.7700000e+02  -2.8563900e+00   1.3383100e+01   5.5855800e+01   2.0000000e+00
   2.7800000e+02  -2.0759500e+00   1.8316300e+00   3.5813700e+01  -3.0000000e+00
   2.7900000e+02   1.5780200e+00   3.5330000e+00   4.0526700e+01  -3.0000000e+00
   2.8000000e+02  -1.4626600e+00  -1.2357700e+01   2.3635700e+01   1.0000000e+00
   2.8100000e+02  -1.5835700e+01  -1.5306000e+00   2.2658800e+01  -2.0000000e+00
   2.8200000e+02  -2.6940900e+00  -1.4012300e+01   2.4549100e+01   1.0000000e+00
   2.8300000e+02   2.3930400e+00   1.6291900e+00   1.0282000e+01  -3.0000000e+00
   2.8400000e+02   4.4725300e+00   1.4836500e+01   5.3320200e+01  -2.0000000e+00
   2.8500000e+02   1.6425800e+01   6.1364000e+00   6.8588000e+01  -1.0000000e+00
   2.8600000e+02  -1.0753700e+01   5.6848300e+00   5.4760400e+01   2.0000000e+00
   2.8700000e+02  -1.0315800e+00   1.6621400e+01   1.2187000e+01  -1.0000000e+00
   2.8800000e+02  -9.8913500e+00   1.6103900e+01   5.6638900e+01  -1.0000000e+00
   2.8900000e+02   1.0624900e+01  -8.3698500e+00   2.2944100e+01   1.0000000e+00
   2.9000000e+02   1.0624900e+01   9.8690700e-01   3.4488100e+01  -3.0000000e+00
   2.9100000e+02  -1.7157600e+01   3.0385600e+00   6.0925900e+01  -1.0000000e+00
   2.9200000e+02  -1.4231100e+01  -5.4112400e+00   2.2160400e+01  -2.0000000e+00
   2.9300000e+02  -1.9359600e+00   3.8745500e+00   6.7496800e+01  -3.0000000e+00
   2.9400000e+02  -1.6294400e+01  -5.1098900e+00   1.0747600e+01  -2.0000000e+00
   2.9500000e+02  -5.6558000e+00   2.0847900e+00   4.4038600e+01  -3.0000000e+00
   2.9600000e+02  -1.1743400e+01   1.5172900e+01   5.6038400e+01  -1.0000000e+00
   2.9700000e+02  -8.6959000e+00   8.6268100e+00   5.4887100e+01   2.0000000e+00
   2.9800000e+02  -6.7992400e+00  -4.4953500e+00   2.3086000e+01   1.0000000e+00
   2.9900000e+02   6.3734300e+00   1.5732500e+01   4.0685700e+01  -2.0000000e+00
