   0.0000000e+00   4.8347200e+00  -6.2818400e+00   2.5373000e+01   1.0000000e+00
   1.0000000e+00  -1.1262300e+01  -1.2378000e+00   8.0557400e+00  -3.0000000e+00
   2.0000000e+00   1.1031000e+01  -6.7769500e+00   2.4973200e+01   1.0000000e+00
   3.0000000e+00   6.0262700e+00  -4.5958500e+00   2.5396200e+01   1.0000000e+00
   4.0000000e+00  -1.3099800e+01   8.0995200e+00   5.6533500e+01  -2.0000000e+00
   5.0000000e+00  -1.1141700e+01  -1.0225000e+01   2.4353600e+01   1.0000000e+00
   6.0000000e+00  -7.6636300e+00   8.6758100e+00   5.5256400e+01   2.0000000e+00
   7.0000000e+00   8.9760800e+00   1.0799200e+01   3.6888500e+01   1.0000000e+00
   8.0000000e+00  -1.3393200e+01   3.9477200e+00   5.5388300e+01   2.0000000e+00
   9.0000000e+00  -1.1237600e+01   8.9952500e+00   5.5543100e+01   2.0000000e+00
   1.0000000e+01  -2.2102600e+00  -3.8388300e+00   3.7256500e+01  -3.0000000e+00
   1.1000000e+01   1.3368100e+01  -3.3564800e+00   2.5506400e+01   1.0000000e+00
   1.2000000e+01  -2.4494600e-01   6.7538100e+00   2.5805500e+01  -3.0000000e+00
   1.3000000e+01   6.0988600e+00   8.6484200e+00   3.7401800e+01  -3.0000000e+00
   1.4000000e+01   4.8669800e+00   1.0305300e+01   3.6917800e+01   1.0000000e+00
   1.5000000e+01  -1.3418400e+00  -5.7600100e+00   2.4821000e+01   1.0000000e+00
   1.6000000e+01   8.9806000e+00  -6.5952900e+00   2.5169300e+01   1.0000000e+00
   1.7000000e+01   9.5627200e+00  -1.2072400e+01   2.5644500e+01   1.0000000e+00
   1.8000000e+01  -3.6117400e+00   1.2177600e+01   2.8994700e+01  -3.0000000e+00
   1.9000000e+01  -2.5560200e+00  -7.4603900e+00   2.4813300e+01   1.0000000e+00
   2.0000000e+01   7.2165200e+00  -1.5487900e+01   3.6824300e+01  -2.0000000e+00
   2.1000000e+01  -1.0275500e+01  -1.2133900e+01   2.4709000e+01   1.0000000e+00
   2.2000000e+01   4.5486500e+00  -9.8578300e+00   2.5266600e+01   1.0000000e+00
   2.3000000e+01   1.4940700e+01  -1.0746600e+01   3.9934800e+01  -1.0000000e+00
   2.4000000e+01   1.5324000e+00   1.1604400e+01   3.9982900e+01  -3.0000000e+00
   2.5000000e+01  -1.3670900e+01  -3.8033500e-01   5.5016900e+01  -3.0000000e+00
   2.6000000e+01   7.4104200e+00   1.6172700e+01   2.2363100e+01  -1.0000000e+00
   2.7000000e+01  -1.1910700e+01   7.0172600e-01   3.5137900e+01  -3.0000000e+00
   2.8000000e+01   1.5139600e+01  -7.1314100e+00   2.5514500e+01  -2.0000000e+00
   2.9000000e+01  -6.2389000e+00   1.6914000e+01   4.8398900e+01  -1.0000000e+00
   3.0000000e+01   8.3680700e+00  -1.1525000e+00   2.5856000e+01   1.0000000e+00
   3.1000000e+01   3.4326200e-01   1.3290200e+01   4.1579600e+01  -3.0000000e+00
   3.2000000e+01  -1.0751900e+01   1.3239700e+01   5.4286800e+01  -2.0000000e+00
   3.3000000e+01   1.4886100e+01   5.8199100e+00   3.2710400e+01  -2.0000000e+00
   3.4000000e+01  -7.3322600e+00  -1.4254600e+01   2.4171700e+01   1.0000000e+00
   3.5000000e+01  -3.1164000e+00   1.4164500e+01   4.5031300e+01   1.0000000e+00
   3.6000000e+01   6.2895900e+00  -9.9321400e-01   2.6042700e+01   1.0000000e+00
   3.7000000e+01  -7.1429300e+00  -1.4822800e+00   1.2707100e+01  -3.0000000e+00
   3.8000000e+01  -8.9138400e+00   1.4147500e+01   5.2127800e+01  -2.0000000e+00
   3.9000000e+01  -8.4512400e+00   1.6171100e+01   4.9459400e+01  -1.0000000e+00
   4.0000000e+01   8.1061200e+00  -4.7318300e+00   2.5676700e+01   1.0000000e+00
   4.1000000e+01   1.0193200e+01   9.1419600e+00   3.7098700e+01   1.0000000e+00
   4.2000000e+01   3.7089500e+00   8.1292500e+00   4.0905200e+01  -3.0000000e+00
   4.3000000e+01  -1.5828400e+01  -4.2855800e+00   2.7111100e+01  -2.0000000e+00
   4.4000000e+01   9.4991100e+00   5.8919300e-01   2.5766000e+01   1.0000000e+00
   4.5000000e+01  -1.3615700e+01   1.8413800e+00   5.5866300e+01   2.0000000e+00
   4.6000000e+01   5.2489400e-02  -1.3085800e+01   2.5550200e+01   1.0000000e+00
   4.7000000e+01  -3.1569700e+00  -1.4610700e+01   2.5409800e+01   1.0000000e+00
   4.8000000e+01  -1.2834500e+01  -6.4757400e+00   2.4022000e+01   1.0000000e+00
   4.9000000e+01  -2.8344600e+00   1.0245200e+01   2.2694100e+01  -3.0000000e+00
   5.0000000e+01  -6.0550100e+00   5.4430800e+00   5.6500300e+01   2.0000000e+00
   5.1000000e+01  -4.3287500e+00  -1.6310100e+01   2.5748200e+01  -2.0000000e+00
   5.2000000e+01   1.3671400e+01   2.1327100e-01   2.6096200e+01   1.0000000e+00
   5.3000000e+01   8.6430200e+00  -1.0186600e+01   2.5386800e+01   1.0000000e+00
   5.4000000e+01  -4.6153700e-01   1.0996700e+01   4.1612200e+01  -3.0000000e+00
   5.5000000e+01   1.8815200e+00  -4.2275400e+00   2.5496000e+01   1.0000000e+00
   5.6000000e+01   3.0655000e+00  -2.5410400e+00   2.5204400e+01   1.0000000e+00
   5.7000000e+01   3.9448000e+00  -4.4013100e+00   2.5147400e+01   1.0000000e+00
   5.8000000e+01  -4.8539800e-01  -7.6298500e+00   2.4943300e+01   1.0000000e+00
   5.9000000e+01  -7.4775600e+00   1.0759800e+01   5.4819500e+01   2.0000000e+00
   6.0000000e+01   2.7798200e+00  -6.1068200e+00   2.5521600e+01   1.0000000e+00
   6.1000000e+01  -6.9909200e+00  -1.0653000e+01   2.4895600e+01   1.0000000e+00
   6.2000000e+01   1.7575100e+01  -3.7268600e+00   4.1150100e+01  -1.0000000e+00
   6.3000000e+01   7.4498300e+00   7.5744400e-01   2.6063100e+01   1.0000000e+00
   6.4000000e+01  -6.4741400e+00  -1.6193300e+01   2.4902900e+01  -2.0000000e+00
   6.5000000e+01   1.1907600e+01   3.9373700e+00   2.9914300e+01  -3.0000000e+00
   6.6000000e+01  -4.2886800e+00   4.3504600e+00   5.5814900e+01   2.0000000e+00
   6.7000000e+01   5.7264600e+00  -8.1412300e+00   2.5376700e+01   1.0000000e+00
   6.8000000e+01  -1.0552400e+00  -2.1119200e+00   3.9329400e+01  -3.0000000e+00
   6.9000000e+01  -8.4030600e+00  -3.3141000e+00   2.4912000e+01   1.0000000e+00
   7.0000000e+01  -1.1074700e+01   1.1035900e+01   5.4717000e+01   2.0000000e+00
   7.1000000e+01   1.2807400e+01   5.7887500e+00   3.4957000e+01   1.0000000e+00
   7.2000000e+01   1.6352600e+01  -5.4403000e+00   2.5120600e+01  -2.0000000e+00
   7.3000000e+01  -1.1272500e+00   1.4729100e+01   4.5165900e+01   1.0000000e+00
   7.4000000e+01  -3.7407800e+00  -9.1324200e+00   2.4802000e+01   1.0000000e+00
   7.5000000e+01   1.0695000e+01   5.6041400e+00   2.9768800e+01  -3.0000000e+00
   7.6000000e+01  -6.1142600e+00  -1.2521900e+01   2.4751000e+01   1.0000000e+00
   7.7000000e+01  -9.2116300e+00  -1.4158100e+00   3.7741200e+01  -3.0000000e+00
   7.8000000e+01   3.2988400e+00   6.0948900e+00   4.8832500e+01   1.0000000e+00
   7.9000000e+01  -5.1040900e+00  -1.8326200e+00   4.3018400e+01  -3.0000000e+00
   8.0000000e+01  -1.1496800e+01   4.8064900e+00   5.5442700e+01   2.0000000e+00
   8.1000000e+01  -8.1176400e+00   3.4717600e-01   4.6648800e+01  -3.0000000e+00
   8.2000000e+01   1.0436800e+01  -1.2849300e+00   2.5608000e+01   1.0000000e+00
   8.3000000e+01  -7.5188700e+00  -5.1909000e+00   2.4846000e+01   1.0000000e+00
   8.4000000e+01   7.7879500e+00  -8.3224200e+00   2.5141100e+01   1.0000000e+00
   8.5000000e+01  -1.6791600e+00  -9.3224900e+00   2.4813200e+01   1.0000000e+00
   8.6000000e+01   1.5730500e+01   1.7771200e-01   2.6890500e+01   1.0000000e+00
   8.7000000e+01   6.4786000e+00   1.4178400e+01   3.6290200e+01  -2.0000000e+00
   8.8000000e+01  -6.2855600e+00   1.2702800e+00   4.5935100e+01  -3.0000000e+00
   8.9000000e+01   3.3654000e+00  -1.1547000e+01   2.5675000e+01   1.0000000e+00
   9.0000000e+01   1.1916400e+01  -8.6775100e+00   2.5221400e+01   1.0000000e+00
   9.1000000e+01  -1.5372000e+01   3.0078300e+00   5.6748300e+01  -2.0000000e+00
   9.2000000e+01   9.2923200e-01   9.5948000e-01   3.6703700e+01  -3.0000000e+00
   9.3000000e+01  -1.3721400e+01  -4.5932200e+00   2.3758500e+01  -3.0000000e+00
   9.4000000e+01   1.3082600e+01   1.1282600e+01   3.6543500e+01  -2.0000000e+00
   9.5000000e+01  -2.1878100e-01  -1.6697500e+01   3.7282100e+01  -2.0000000e+00
   9.6000000e+01   6.9144400e+00   1.0563700e+01   3.6713700e+01   1.0000000e+00
   9.7000000e+01   1.6106500e+00   1.7213300e+01   2.9125700e+01  -2.0000000e+00
   9.8000000e+01   5.1784400e+00   1.5823200e+01   3.8869200e+01  -2.0000000e+00
   9.9000000e+01   1.6122200e+01  -9.0140400e+00   4.0810000e+01  -1.0000000e+00
   1.0000000e+02  -1.0799200e+01  -6.6816300e+00   2.4398900e+01   1.0000000e+00
   1.0100000e+02  -9.5670000e+00  -5.0015600e+00   2.4536200e+01   1.0000000e+00
   1.0200000e+02  -1.0560100e+01  -1.5700900e+01   2.4892200e+01  -1.0000000e+00
   1.0300000e+02   4.4493300e+00   2.6840800e+00   3.4007000e+01  -3.0000000e+00
   1.0400000e+02   8.5253800e+00   1.4354900e+01   2.3731200e+01  -2.0000000e+00
   1.0500000e+02   1.3922300e+01   1.3159500e+01   2.1655900e+01  -1.0000000e+00
   1.0600000e+02   7.7301100e+00   1.2446800e+01   3.6531700e+01   1.0000000e+00
   1.0700000e+02  -1.3489800e+00  -1.8422000e+01   2.5264400e+01  -1.0000000e+00
   1.0800000e+02   9.7788200e+00   1.2712600e+01   3.7205300e+01  -2.0000000e+00
   1.0900000e+02   1.5323600e+01   1.1508200e+01   2.2064700e+01  -1.0000000e+00
   1.1000000e+02  -1.5147900e+01   5.0632600e+00   5.6248800e+01  -2.0000000e+00
   1.1100000e+02  -9.7328500e+00   3.5622600e+00   5.5747000e+01   2.0000000e+00
   1.1200000e+02   6.6025400e+00  -1.0024400e+01   2.5349700e+01   1.0000000e+00
   1.1300000e+02  -7.6564000e-01   2.1409000e+00   5.7033100e+01   2.0000000e+00
   1.1400000e+02  -9.5148300e+00   7.7934100e+00   5.5658800e+01   2.0000000e+00
   1.1500000e+02   9.1837400e-01   1.5265000e+01   4.2129700e+01  -3.0000000e+00
   1.1600000e+02  -6.2189800e+00   3.3783400e+00   5.6873600e+01   2.0000000e+00
   1.1700000e+02  -2.5789000e+00   3.1373800e+00   5.7184500e+01   2.0000000e+00
   1.1800000e+02   7.2483700e-01  -5.9412100e+00   2.5294300e+01   1.0000000e+00
   1.1900000e+02  -1.6966300e+01   6.1446500e+00   5.6359300e+01  -1.0000000e+00
   1.2000000e+02   1.7332800e+01  -7.3239800e+00   2.5619000e+01  -1.0000000e+00
   1.2100000e+02   1.1875200e+01   1.2963500e+01   3.6592200e+01  -2.0000000e+00
   1.2200000e+02   1.1496800e+01   7.4883000e+00   3.7847400e+01   1.0000000e+00
   1.2300000e+02   2.4509700e+00  -9.6839200e+00   2.4837900e+01   1.0000000e+00
   1.2400000e+02   1.1311000e+01  -3.1577800e+00   2.5501800e+01   1.0000000e+00
   1.2500000e+02  -1.5353500e+01  -9.8351700e+00   9.8101900e+00  -1.0000000e+00
   1.2600000e+02  -8.7223200e+00  -6.8732500e+00   2.4485800e+01   1.0000000e+00
   1.2700000e+02  -3.4051500e+00  -5.5939500e+00   2.4841100e+01   1.0000000e+00
   1.2800000e+02  -3.9408000e+00   8.4949900e+00   4.9740900e+01  -3.0000000e+00
   1.2900000e+02  -9.9068200e+00  -8.5483600e+00   2.4333600e+01   1.0000000e+00
   1.3000000e+02   1.7403300e+00   7.4530200e+00   3.1801000e+01  -3.0000000e+00
   1.3100000e+02  -2.2933600e+00   7.2653300e+00   5.3598500e+01  -3.0000000e+00
   1.3200000e+02  -1.2010100e+01  -8.3572900e+00   2.4173500e+01   1.0000000e+00
   1.3300000e+02  -1.2698400e+01  -1.5520100e+01   2.4890400e+01  -1.0000000e+00
   1.3400000e+02  -6.6602100e+00  -7.0734800e+00   2.4578600e+01   1.0000000e+00
   1.3500000e+02  -1.1537000e+00   9.0055400e+00   3.6719600e+01  -3.0000000e+00
   1.3600000e+02   1.4295100e+01  -5.2428100e+00   2.5103500e+01   1.0000000e+00
   1.3700000e+02  -1.4406300e+01   1.3479500e+01   5.4231100e+01  -1.0000000e+00
   1.3800000e+02   1.1632100e+01  -1.2236300e+01   2.5370300e+01  -2.0000000e+00
   1.3900000e+02   9.3923000e+00   7.2172200e+00   2.5422300e+01  -3.0000000e+00
   1.4000000e+02  -5.7521700e-01   1.6738300e+01   4.3459000e+01  -2.0000000e+00
   1.4100000e+02   2.1753500e+00  -6.8630100e-01   2.9708600e+01  -3.0000000e+00
   1.4200000e+02  -6.3543900e+00  -3.4736800e+00   2.3985400e+01   1.0000000e+00
   1.4300000e+02   4.2382700e+00  -8.5594300e-01   2.6560900e+01  -3.0000000e+00
   1.4400000e+02   1.2785000e+01   2.0729400e+00   2.6163700e+01   1.0000000e+00
   1.4500000e+02   3.1103300e+00   1.5548400e+01   3.9355400e+01  -2.0000000e+00
   1.4600000e+02  -1.5004200e+01  -6.2623700e+00   2.3256900e+01  -2.0000000e+00
   1.4700000e+02  -8.1687300e+00  -1.2340000e+01   2.4647600e+01   1.0000000e+00
   1.4800000e+02  -1.3584000e+01  -1.3603000e+01   9.3268600e+00  -1.0000000e+00
   1.4900000e+02  -1.2968500e+01   1.0168200e+01   5.5544400e+01  -2.0000000e+00
   1.5000000e+02   1.2365300e+00  -1.1402200e+01   2.5191000e+01   1.0000000e+00
   1.5100000e+02  -8.3127400e-01  -1.1195900e+01   2.4798300e+01   1.0000000e+00
   1.5200000e+02  -5.6075800e+00   1.1632100e+01   6.3683700e+01  -3.0000000e+00
   1.5300000e+02  -5.8010000e+00  -8.9549700e+00   2.4875100e+01   1.0000000e+00
   1.5400000e+02  -1.2444100e+01   1.4454900e+01   5.4947300e+01  -1.0000000e+00
   1.5500000e+02  -9.1250700e+00   1.1985900e+01   5.4384800e+01   2.0000000e+00
   1.5600000e+02  -7.9221500e+00   4.5631900e+00   5.6596200e+01   2.0000000e+00
   1.5700000e+02   1.1039200e+01   1.1087900e+01   3.6541600e+01   1.0000000e+00
   1.5800000e+02   1.5949200e-01   1.8751900e+01   4.2292300e+01  -1.0000000e+00
   1.5900000e+02  -8.6223000e-01  -6.0155300e-02   6.9708100e+01  -3.0000000e+00
   1.6000000e+02   6.0456700e+00  -1.7166000e+01   2.5772700e+01  -1.0000000e+00
   1.6100000e+02   3.0186100e+00   1.1902100e+00   4.0245600e+01  -3.0000000e+00
   1.6200000e+02  -1.2373900e+01  -1.1944900e+01   2.4354300e+01  -2.0000000e+00
   1.6300000e+02   1.0659600e+01   2.2843300e+00   3.6839300e+01  -3.0000000e+00
   1.6400000e+02   2.2004400e+00  -1.3251000e+01   2.5364000e+01   1.0000000e+00
   1.6500000e+02   6.8974000e+00   4.7641500e+00   5.0707700e+01  -3.0000000e+00
   1.6600000e+02   5.4415400e+00  -1.1717700e+01   2.5424500e+01   1.0000000e+00
   1.6700000e+02  -5.4670100e+00  -5.3945000e+00   2.4538000e+01   1.0000000e+00
   1.6800000e+02  -1.6231500e+01  -7.9175400e+00   8.9203000e+00  -1.0000000e+00
   1.6900000e+02   1.2816700e+01  -1.0543600e+01   2.5125200e+01  -2.0000000e+00
   1.7000000e+02  -4.6131700e+00  -7.2706200e+00   2.4640300e+01   1.0000000e+00
   1.7100000e+02  -4.2708800e+00  -3.7142700e+00   1.2624200e+01  -3.0000000e+00
   1.7200000e+02  -1.7300500e+01   1.9617800e+00   7.0624300e+01  -1.0000000e+00
   1.7300000e+02   8.9447600e+00   4.5129300e+00   6.5273200e+01  -3.0000000e+00
   1.7400000e+02   9.2925800e+00  -1.5709800e+01   2.5603300e+01  -1.0000000e+00
   1.7500000e+02   1.2505400e+01  -1.4111000e+01   4.0337500e+01  -1.0000000e+00
   1.7600000e+02  -4.0437400e+00  -1.2719900e+01   2.5060200e+01   1.0000000e+00
   1.7700000e+02   1.8762300e+00  -1.6877000e+01   2.5439100e+01  -1.0000000e+00
   1.7800000e+02  -1.2745600e+01   1.2233600e+01   5.4150000e+01  -2.0000000e+00
   1.7900000e+02  -9.3679500e+00  -1.4013100e+01   2.4537100e+01  -2.0000000e+00
   1.8000000e+02   5.3858700e+00   8.6128500e-01   2.5903200e+01  -3.0000000e+00
   1.8100000e+02   3.7770400e+00   1.7502100e+01   3.8966100e+01  -1.0000000e+00
   1.8200000e+02   1.8977200e+01   1.8245500e+00   2.4717200e+01  -1.0000000e+00
   1.8300000e+02   9.8340300e+00  -8.4951300e+00   2.4956400e+01   1.0000000e+00
   1.8400000e+02   6.3354400e+00  -1.3619400e+01   2.5150200e+01   1.0000000e+00
   1.8500000e+02  -1.4152500e+01  -8.1488300e+00   2.3991500e+01  -2.0000000e+00
   1.8600000e+02   1.4028900e+01  -8.8524400e+00   2.5719200e+01  -2.0000000e+00
   1.8700000e+02   1.4550600e+01   9.5762500e+00   3.4349100e+01  -2.0000000e+00
   1.8800000e+02   6.5394900e+00   2.6234900e+00   4.3516100e+01  -3.0000000e+00
   1.8900000e+02  -1.5954700e+01  -1.1096800e+00   4.3516500e+01  -2.0000000e+00
   1.9000000e+02   1.2863000e+00   5.3838800e+00   5.1965100e+01  -3.0000000e+00
   1.9100000e+02  -8.0406900e+00   2.3966900e+00   5.7622200e+01   2.0000000e+00
   1.9200000e+02  -1.9864300e+00   1.8232900e+01   4.4267800e+01  -1.0000000e+00
   1.9300000e+02  -4.5252100e+00   1.8583900e-01   5.2150600e+01  -3.0000000e+00
   1.9400000e+02   7.1907200e+00  -2.8545900e+00   2.5845800e+01   1.0000000e+00
   1.9500000e+02  -4.1697600e+00   6.4006100e+00   5.5932400e+01   2.0000000e+00
   1.9600000e+02  -2.5641600e+00   1.6199700e+01   4.4713400e+01  -2.0000000e+00
   1.9700000e+02   5.8657300e+00   1.7768300e+01   4.0625100e+01  -1.0000000e+00
   1.9800000e+02   1.7806200e+01   1.2398200e-01   2.6206100e+01  -2.0000000e+00
   1.9900000e+02  -1.4840700e+01   9.1849100e+00   7.1894600e+01  -1.0000000e+00
   2.0000000e+02  -7.8047900e+00   6.6371000e+00   5.6269100e+01   2.0000000e+00
   2.0100000e+02   1.4556900e+01  -1.6435600e+00   2.5949600e+01   1.0000000e+00
   2.0200000e+02  -1.5496400e+01   9.4916000e-01   5.4663300e+01  -2.0000000e+00
   2.0300000e+02   5.1341400e+00  -2.7184300e+00   2.5558900e+01   1.0000000e+00
   2.0400000e+02  -1.4586100e+01  -2.6335000e+00   2.9958000e+01  -3.0000000e+00
   2.0500000e+02  -4.5833000e+00   1.5662900e+01   4.6329100e+01  -2.0000000e+00
   2.0600000e+02   8.6174900e+00   2.4759200e+00   4.2460300e+01  -3.0000000e+00
   2.0700000e+02  -5.2560700e-01   4.2959000e+00   5.7263600e+01  -3.0000000e+00
   2.0800000e+02   3.9747500e+00  -1.7044200e+01   2.6048500e+01  -1.0000000e+00
   2.0900000e+02   3.5755800e+00   1.1905600e+01   3.8077000e+01   1.0000000e+00
   2.1000000e+02   1.6924200e+01   1.9995400e+00   2.6462300e+01  -2.0000000e+00
   2.1100000e+02   1.8685200e+01  -1.8402400e+00   2.7173600e+01  -1.0000000e+00
   2.1200000e+02   1.1368100e+01  -1.5832800e+01   2.6354100e+01  -1.0000000e+00
   2.1300000e+02   2.8960700e+00   4.0377800e+00   3.9470100e+01  -3.0000000e+00
   2.1400000e+02  -4.0140800e+00   1.7652200e+01   4.5829600e+01  -1.0000000e+00
   2.1500000e+02  -6.8223900e+00   1.4911400e+01   4.9293200e+01  -2.0000000e+00
   2.1600000e+02   3.6882300e+00  -7.9953800e+00   2.5217300e+01   1.0000000e+00
   2.1700000e+02   1.3963000e+01   3.9842200e+00   2.9507000e+01  -3.0000000e+00
   2.1800000e+02   1.2239600e+01   9.4087300e+00   3.6760600e+01   1.0000000e+00
   2.1900000e+02   5.6439600e+00   1.2268400e+01   3.7206500e+01   1.0000000e+00
   2.2000000e+02   5.2565400e+00   6.7519700e+00   4.2790100e+01  -3.0000000e+00
   2.2100000e+02   7.2972200e+00   6.9685300e+00   5.0900200e+01  -3.0000000e+00
   2.2200000e+02  -4.4876400e+00   2.2697300e+00   5.6961200e+01   2.0000000e+00
   2.2300000e+02  -9.6386500e+00   5.6947000e+00   5.6437900e+01   2.0000000e+00
   2.2400000e+02   5.1534300e+00  -1.5302800e+01   2.5349300e+01  -2.0000000e+00
   2.2500000e+02   1.6014100e+01   3.8746200e+00   2.8290800e+01  -2.0000000e+00
   2.2600000e+02  -3.4276300e+00  -1.8192700e+01   2.5288700e+01  -1.0000000e+00
   2.2700000e+02  -1.7809000e+01  -7.9450300e-02   5.3644100e+01  -1.0000000e+00
   2.2800000e+02  -1.3266600e+01  -1.0027500e+01   2.4491900e+01  -2.0000000e+00
   2.2900000e+02  -9.3370000e+00   9.8741400e+00   5.5049500e+01   2.0000000e+00
   2.3000000e+02   1.5622500e+01   7.7998300e+00   3.3588000e+01  -2.0000000e+00
   2.3100000e+02  -7.8618000e+00  -8.7804000e+00   2.4432300e+01   1.0000000e+00
   2.3200000e+02  -5.7022700e+00   9.5707900e+00   5.5883800e+01  -3.0000000e+00
   2.3300000e+02  -1.1644100e+01  -4.7840700e+00   2.4361700e+01   1.0000000e+00
   2.3400000e+02   4.1066800e-01  -9.5090300e+00   2.4549500e+01   1.0000000e+00
   2.3500000e+02  -1.4661200e+01   1.1359800e+01   6.9450100e+01  -1.0000000e+00
   2.3600000e+02   1.3550000e+01   7.7788900e+00   3.5360400e+01   1.0000000e+00
   2.3700000e+02   7.4987200e+00  -1.1892800e+01   2.5515200e+01   1.0000000e+00
   2.3800000e+02  -1.2508000e+01  -2.8849300e+00   3.5680200e+01  -3.0000000e+00
   2.3900000e+02   8.7900400e-01   9.3793400e+00   2.7120800e+01  -3.0000000e+00
   2.4000000e+02   1.2668000e+01   1.4954800e+01   3.7413000e+01  -1.0000000e+00
   2.4100000e+02  -1.6699400e-01  -4.0737700e+00   2.5027900e+01   1.0000000e+00
   2.4200000e+02   4.8357500e+00   4.7365200e+00   5.7330400e+01  -3.0000000e+00
   2.4300000e+02  -1.9863600e+00  -1.2917500e+01   2.5334000e+01   1.0000000e+00
   2.4400000e+02  -4.9397500e+00  -1.0828800e+01   2.4938900e+01   1.0000000e+00
   2.4500000e+02  -9.9432600e+00   1.3005500e+00   4.2707700e+01  -3.0000000e+00
   2.4600000e+02   6.8957400e+00  -6.4550700e+00   2.5354300e+01   1.0000000e+00
   2.4700000e+02   1.3727100e+01  -1.2403800e+01   3.9925600e+01  -1.0000000e+00
   2.4800000e+02  -1.4469500e+01  -1.1699800e+01   9.4795100e+00  -1.0000000e+00
   2.4900000e+02   1.1603000e+01   4.0730700e-01   2.5270900e+01   1.0000000e+00
   2.5000000e+02   1.2236800e+01  -5.0770400e+00   2.5354000e+01   1.0000000e+00
   2.5100000e+02   1.3091700e+01  -6.9500600e+00   2.5248700e+01   1.0000000e+00
   2.5200000e+02  -1.7201700e+01   4.0694100e+00   7.1636500e+01  -1.0000000e+00
   2.5300000e+02  -3.0705500e+00  -1.3156500e+00   4.1209800e+01  -3.0000000e+00
   2.5400000e+02   2.3811800e+00   1.3590200e+01   3.8392500e+01   1.0000000e+00
   2.5500000e+02   1.6171000e+00  -7.8116300e+00   2.4966700e+01   1.0000000e+00
   2.5600000e+02  -1.1371500e+01   6.9000200e+00   5.5795200e+01   2.0000000e+00
   2.5700000e+02   1.8109700e+01   3.8125800e+00   1.1795600e+01  -1.0000000e+00
   2.5800000e+02  -1.1639800e+01   2.7469000e+00   5.3566600e+01   2.0000000e+00
   2.5900000e+02   1.4850900e+01   2.0363100e+00   2.7095400e+01   1.0000000e+00
   2.6000000e+02  -2.8784700e+00  -1.1027400e+01   2.4975400e+01   1.0000000e+00
   2.6100000e+02  -1.0442900e+01  -3.1266400e+00   2.4148500e+01   1.0000000e+00
   2.6200000e+02   1.6616000e+01  -1.7637500e+00   2.6637200e+01  -2.0000000e+00
   2.6300000e+02   9.7579200e-01  -1.4957700e+01   2.5262600e+01  -2.0000000e+00
   2.6400000e+02   1.7059800e+01   5.7476800e+00   1.5603300e+01  -1.0000000e+00
   2.6500000e+02   8.1391000e+00   8.9002300e+00   3.6574500e+01   1.0000000e+00
   2.6600000e+02  -1.0918100e+00  -1.4796400e+01   2.5371000e+01   1.0000000e+00
   2.6700000e+02   1.0452000e+01  -1.3946000e+01   2.5803700e+01  -2.0000000e+00
   2.6800000e+02  -1.0534200e+01   1.5418300e+01   5.3206300e+01  -1.0000000e+00
   2.6900000e+02   4.2769100e+00  -1.3426800e+01   2.5122100e+01   1.0000000e+00
   2.7000000e+02   4.4082200e+00   1.3914000e+01   3.7870400e+01   1.0000000e+00
   2.7100000e+02  -2.2606900e+00  -1.6495700e+01   2.5158700e+01  -2.0000000e+00
   2.7200000e+02  -1.1504600e+01  -1.3833200e+01   2.4875100e+01  -2.0000000e+00
   2.7300000e+02  -9.0747500e+00  -1.0439200e+01   2.4328200e+01   1.0000000e+00
   2.7400000e+02   1.0719100e+01  -1.0360000e+01   2.5348400e+01   1.0000000e+00
   2.7500000e+02   1.0607000e+01   1.4628200e+01   3.7601200e+01  -1.0000000e+00
   2.7600000e+02   1.0977300e+00   3.0164500e+00   6.7456000e+01   2.0000000e+00
   2.7700000e+02  -5.5543900e+00  -1.8058300e+01   2.6163100e+01  -1.0000000e+00
   2.7800000e+02  -8.5057200e+00  -1.5960000e+01   1.1374200e+01  -2.0000000e+00
   2.7900000e+02  -1.7093200e+01  -5.9808400e+00   2.3195400e+01  -1.0000000e+00
   2.8000000e+02   1.5469800e+01  -3.5256600e+00   2.5524300e+01  -2.0000000e+00
   2.8100000e+02  -1.6304600e+00   1.2729700e+01   3.1459900e+01  -3.0000000e+00
   2.8200000e+02  -5.2550100e+00  -1.4474500e+01   2.5133800e+01   1.0000000e+00
   2.8300000e+02  -1.3229300e+01   6.0043800e+00   5.6012500e+01   2.0000000e+00
   2.8400000e+02   2.8228200e+00   1.0003600e+01   2.5756300e+01  -3.0000000e+00
   2.8500000e+02   9.2444700e+00  -3.0169800e+00   2.5754200e+01   1.0000000e+00
   2.8600000e+02   3.0404400e+00  -1.5146100e+01   2.5168600e+01  -2.0000000e+00
   2.8700000e+02  -2.6319100e+00   1.0820400e+00   5.6266100e+01   2.0000000e+00
   2.8800000e+02  -2.3935000e+00   5.1956900e+00   5.7249500e+01  -3.0000000e+00
   2.8900000e+02  -5.9611800e+00   7.5359300e+00   5.5899500e+01   2.0000000e+00
   2.9000000e+02   1.6601200e+01   9.6137400e+00   3.2231100e+01  -1.0000000e+00
   2.9100000e+02   8.3950300e+00  -1.3804300e+01   2.5382300e+01  -2.0000000e+00
   2.9200000e+02   1.2485700e+01  -1.4705800e+00   2.5050200e+01   1.0000000e+00
   2.9300000e+02   9.8713800e-01  -2.3627900e+00   3.6878100e+01  -3.0000000e+00
   2.9400000e+02  -1.7355700e+01  -2.7527500e+00   3.2221400e+01  -1.0000000e+00
   2.9500000e+02   1.0158100e+01  -4.8995700e+00   2.5498700e+01   1.0000000e+00
   2.9600000e+02  -7.7332700e+00  -1.7946000e+01   2.4203400e+01  -1.0000000e+00
   2.9700000e+02  -1.4965000e+01   7.1332800e+00   6.8423600e+01  -2.0000000e+00
   2.9800000e+02  -5.1815800e+00   1.3682800e+01   4.7461000e+01  -3.0000000e+00
   2.9900000e+02  -7.2535000e+00   1.2895600e+01   5.2356400e+01   2.0000000e+00
