   0.0000000e+00   1.6906500e+01   7.8177200e+00  -1.0000000e+00
   1.0000000e+00   8.4494300e+00   1.5678600e+01  -1.0000000e+00
   2.0000000e+00  -1.1223300e+01   1.4942400e+01   1.0000000e+00
   3.0000000e+00  -2.6049300e+00   5.8230100e+00  -1.0000000e+00
   4.0000000e+00  -5.5621800e+00  -1.0128800e+01  -1.0000000e+00
   5.0000000e+00   1.8172500e+01   5.3620600e-01  -1.0000000e+00
   6.0000000e+00  -7.8631800e+00  -1.5911400e+01  -1.0000000e+00
   7.0000000e+00   9.6118700e+00   1.3967100e+01  -1.0000000e+00
   8.0000000e+00  -6.6488000e+00  -2.2040200e+00   1.0000000e+00
   9.0000000e+00  -1.0610200e+01   1.0861000e+01   1.0000000e+00
   1.0000000e+01  -9.8632300e+00  -4.8505300e+00   1.0000000e+00
   1.1000000e+01   6.8002800e+00   1.1764300e+01  -1.0000000e+00
   1.2000000e+01  -6.7572100e+00   9.3371100e+00   1.0000000e+00
   1.3000000e+01  -2.0288200e-01  -1.1202200e+01  -1.0000000e+00
   1.4000000e+01  -9.3675300e+00   2.6202400e+00   1.0000000e+00
   1.5000000e+01  -7.7472700e+00   3.9350400e+00   1.0000000e+00
   1.6000000e+01   1.7138600e+01  -6.7821800e+00  -1.0000000e+00
   1.7000000e+01   1.1458800e+01   8.7815800e+00  -1.0000000e+00
   1.8000000e+01   3.9221000e+00  -1.0607100e+01  -1.0000000e+00
   1.9000000e+01   1.5540400e+01   9.3630000e+00  -1.0000000e+00
   2.0000000e+01   1.3707800e+01  -5.5443300e+00  -1.0000000e+00
   2.1000000e+01  -3.0085100e+00  -1.3382600e+01  -1.0000000e+00
   2.2000000e+01  -1.2351100e+01  -1.1610600e+01   1.0000000e+00
   2.3000000e+01  -9.3351300e+00  -1.4126800e+01   1.0000000e+00
   2.4000000e+01   5.7652400e+00  -1.5768600e+01  -1.0000000e+00
   2.5000000e+01  -8.3799300e+00   8.0555700e+00   1.0000000e+00
   2.6000000e+01  -1.3232100e+01  -1.5323900e+01   1.0000000e+00
   2.7000000e+01  -2.2403900e+00  -1.1459800e+01  -1.0000000e+00
   2.8000000e+01  -5.0637900e+00  -1.3696400e+01  -1.0000000e+00
   2.9000000e+01   4.5544100e+00   5.9147800e+00  -1.0000000e+00
   3.0000000e+01  -2.7612300e+00  -7.9128700e+00  -1.0000000e+00
   3.1000000e+01   2.6206900e+00  -8.9782300e+00  -1.0000000e+00
   3.2000000e+01   3.6473000e+00  -1.5830000e+00  -1.0000000e+00
   3.3000000e+01   9.0690100e+00  -2.5921600e+00  -1.0000000e+00
   3.4000000e+01  -1.4247600e+01   1.0233400e+01   1.0000000e+00
   3.5000000e+01  -8.3673000e+00  -1.2302100e+01   1.0000000e+00
   3.6000000e+01   3.8523000e+00   3.9686600e+00  -1.0000000e+00
   3.7000000e+01   1.0896200e+01   1.2334300e+01  -1.0000000e+00
   3.8000000e+01  -1.0430000e+01  -1.2350000e+01   1.0000000e+00
   3.9000000e+01  -8.7890300e-02   8.8114700e+00  -1.0000000e+00
   4.0000000e+01  -1.4705000e+01  -8.8151800e+00   1.0000000e+00
   4.1000000e+01   8.5077600e+00   1.0015100e+00  -1.0000000e+00
   4.2000000e+01   2.4238800e+00  -1.4472400e+01  -1.0000000e+00
   4.3000000e+01   9.5926000e+00  -6.1167200e+00  -1.0000000e+00
   4.4000000e+01  -5.0764600e+00  -8.5962100e-01   1.0000000e+00
   4.5000000e+01   6.2072900e+00  -4.8428500e+00  -1.0000000e+00
   4.6000000e+01  -3.7578300e+00  -1.5339900e+01  -1.0000000e+00
   4.7000000e+01   1.4246700e+01  -9.0865400e+00  -1.0000000e+00
   4.8000000e+01  -1.3401100e+01  -5.4848400e+00   1.0000000e+00
   4.9000000e+01  -1.6294400e+01  -1.0140100e+01   1.0000000e+00
   5.0000000e+01   5.5109400e+00   1.3387000e+01  -1.0000000e+00
   5.1000000e+01  -1.4160400e+01  -1.3676800e+00   1.0000000e+00
   5.2000000e+01   1.4056300e+01   5.5107000e+00  -1.0000000e+00
   5.3000000e+01   5.2406600e+00  -1.2220000e+01  -1.0000000e+00
   5.4000000e+01  -9.2907000e+00   1.4196500e+01   1.0000000e+00
   5.5000000e+01   1.6545400e+01  -3.3187500e+00  -1.0000000e+00
   5.6000000e+01   1.3204200e+01  -1.9683900e+00  -1.0000000e+00
   5.7000000e+01  -1.1371200e+01   3.3690200e+00   1.0000000e+00
   5.8000000e+01  -1.1977900e+01   7.4828600e+00   1.0000000e+00
   5.9000000e+01  -1.2597800e+00  -4.0710300e+00  -1.0000000e+00
   6.0000000e+01   5.4597000e+00  -6.7615600e+00  -1.0000000e+00
   6.1000000e+01   7.5322900e+00  -6.4341400e+00  -1.0000000e+00
   6.2000000e+01   1.0644300e-01   1.4318400e+01  -1.0000000e+00
   6.3000000e+01   7.3538700e+00   8.1174000e+00  -1.0000000e+00
   6.4000000e+01  -4.6366900e+00   1.7271200e+01   1.0000000e+00
   6.5000000e+01  -9.0770800e+00  -8.9081800e+00   1.0000000e+00
   6.6000000e+01  -3.2439700e+00   1.5593400e+01   1.0000000e+00
   6.7000000e+01  -1.6166600e+01  -6.7748300e-01   1.0000000e+00
   6.8000000e+01  -5.3201700e+00   1.5285500e+01   1.0000000e+00
   6.9000000e+01   7.5709100e+00   1.3746400e+01  -1.0000000e+00
   7.0000000e+01   7.9254400e+00   4.5703400e+00  -1.0000000e+00
   7.1000000e+01  -6.5728400e+00  -1.7569100e+01  -1.0000000e+00
   7.2000000e+01   6.0623600e+00   9.7873600e+00  -1.0000000e+00
   7.3000000e+01   5.3138300e+00   7.8309500e+00  -1.0000000e+00
   7.4000000e+01  -1.2558600e+01   1.1585900e+01   1.0000000e+00
   7.5000000e+01   2.1773800e+00   1.4687800e+01  -1.0000000e+00
   7.6000000e+01   8.6368700e+00   6.5039100e+00  -1.0000000e+00
   7.7000000e+01   4.2677900e+00   1.5053500e+01  -1.0000000e+00
   7.8000000e+01  -1.6945000e+01   3.3995600e+00   1.0000000e+00
   7.9000000e+01   3.2506300e+00   7.5347900e+00  -1.0000000e+00
   8.0000000e+01  -4.6925900e+00  -2.8801200e+00  -1.0000000e+00
   8.1000000e+01  -4.2066500e+00   4.5368000e+00   1.0000000e+00
   8.2000000e+01   6.3531500e+00   1.5435600e+01  -1.0000000e+00
   8.3000000e+01  -1.0040000e+01   6.7019000e+00   1.0000000e+00
   8.4000000e+01   1.2680000e+01  -1.2969100e+01  -1.0000000e+00
   8.5000000e+01  -1.0901500e+01   1.2895200e+01   1.0000000e+00
   8.6000000e+01  -4.0655700e+00   1.3653600e+01   1.0000000e+00
   8.7000000e+01   1.3959600e+00   1.2719700e+01  -1.0000000e+00
   8.8000000e+01  -2.6577400e+00  -2.3700800e+00  -1.0000000e+00
   8.9000000e+01   1.2070200e+00   7.2059800e+00  -1.0000000e+00
   9.0000000e+01  -1.5579300e+01   6.8403500e+00   1.0000000e+00
   9.1000000e+01   1.0149000e+01  -9.6739600e+00  -1.0000000e+00
   9.2000000e+01   3.0896400e+00   2.0265300e+00  -1.0000000e+00
   9.3000000e+01  -6.0878800e+00   1.3275800e+01   1.0000000e+00
   9.4000000e+01  -6.1311300e+00   5.2601200e+00   1.0000000e+00
   9.5000000e+01   9.2446600e+00   2.9150100e+00  -1.0000000e+00
   9.6000000e+01   1.3631800e+00  -7.3456900e+00  -1.0000000e+00
   9.7000000e+01  -3.4179700e+00   1.0112800e+01   1.0000000e+00
   9.8000000e+01   9.2046200e-01  -1.8359600e+01  -1.0000000e+00
   9.9000000e+01  -4.5397900e+00   6.5677500e+00   1.0000000e+00
   1.0000000e+02  -1.0606300e+01  -1.0294400e+01   1.0000000e+00
   1.0100000e+02  -9.4807900e+00  -6.8750800e+00   1.0000000e+00
   1.0200000e+02  -3.2994800e+00  -4.3931100e+00  -1.0000000e+00
   1.0300000e+02   1.3920400e+01  -2.7816400e-03  -1.0000000e+00
   1.0400000e+02  -1.6520200e+01   1.3642400e+00   1.0000000e+00
   1.0500000e+02   8.5775100e+00  -1.3575200e+01  -1.0000000e+00
   1.0600000e+02  -5.8240600e+00   3.2358000e+00   1.0000000e+00
   1.0700000e+02  -7.4501300e+00   1.8966300e+00   1.0000000e+00
   1.0800000e+02   1.0704500e+01   6.8384100e+00  -1.0000000e+00
   1.0900000e+02  -1.6681600e+01  -8.0687200e+00   1.0000000e+00
   1.1000000e+02  -1.5372100e+01   4.7702100e+00   1.0000000e+00
   1.1100000e+02  -6.6442200e+00   1.6848700e+01   1.0000000e+00
   1.1200000e+02   1.1998000e+01   5.1910700e+00  -1.0000000e+00
   1.1300000e+02  -1.1065000e+01  -8.2643600e+00   1.0000000e+00
   1.1400000e+02   1.5767100e+01  -5.2365900e+00  -1.0000000e+00
   1.1500000e+02   1.2939100e+01   1.2693800e+01  -1.0000000e+00
   1.1600000e+02   1.3500200e+01   9.0667100e+00  -1.0000000e+00
   1.1700000e+02   7.0184100e+00  -2.9053600e+00  -1.0000000e+00
   1.1800000e+02   2.5026700e+00   5.6013000e+00  -1.0000000e+00
   1.1900000e+02   4.9580000e+00   1.7026700e+01  -1.0000000e+00
   1.2000000e+02  -1.1824600e+01  -4.1505700e+00   1.0000000e+00
   1.2100000e+02  -1.2687900e+01  -9.5790800e+00   1.0000000e+00
   1.2200000e+02   1.0127200e+01   1.0431700e+01  -1.0000000e+00
   1.2300000e+02  -9.0610100e+00   5.9453700e-01   1.0000000e+00
   1.2400000e+02   1.4497400e+01  -3.5854700e+00  -1.0000000e+00
   1.2500000e+02   4.4942300e+00  -1.4142000e+01  -1.0000000e+00
   1.2600000e+02  -1.2192600e+01  -2.1025200e+00   1.0000000e+00
   1.2700000e+02  -1.6979800e+01  -6.0083800e+00   1.0000000e+00
   1.2800000e+02   1.6703400e+01   2.2099900e+00  -1.0000000e+00
   1.2900000e+02  -1.5022400e+01  -6.7731300e+00   1.0000000e+00
   1.3000000e+02   1.7938400e+01  -4.8578700e+00  -1.0000000e+00
   1.3100000e+02   3.7152600e+00  -1.6093100e+01  -1.0000000e+00
   1.3200000e+02  -4.8355900e+00   8.6136200e+00   1.0000000e+00
   1.3300000e+02   9.9547600e+00   4.8859500e+00  -1.0000000e+00
   1.3400000e+02   8.0919000e+00   1.0073100e+01  -1.0000000e+00
   1.3500000e+02   4.9317900e+00  -3.2008000e+00  -1.0000000e+00
   1.3600000e+02  -8.2676000e+00  -3.4924500e+00   1.0000000e+00
   1.3700000e+02  -1.7354300e+01  -3.9804500e+00   1.0000000e+00
   1.3800000e+02  -4.0712500e+00  -6.2868000e+00  -1.0000000e+00
   1.3900000e+02  -1.1427600e+01  -6.1833700e+00   1.0000000e+00
   1.4000000e+02  -5.4771800e+00   1.1944000e+00   1.0000000e+00
   1.4100000e+02   1.2192300e+01   1.0716400e+01  -1.0000000e+00
   1.4200000e+02   1.2956000e+01  -7.4529500e+00  -1.0000000e+00
   1.4300000e+02  -1.7198900e+00  -5.4644600e-01  -1.0000000e+00
   1.4400000e+02   8.0222900e+00  -9.9930700e+00  -1.0000000e+00
   1.4500000e+02   1.7493500e+01   4.2009400e+00  -1.0000000e+00
   1.4600000e+02   1.6016600e+00  -1.8727100e+00  -1.0000000e+00
   1.4700000e+02   6.4684500e+00   6.3762400e-01  -1.0000000e+00
   1.4800000e+02  -1.5896800e+01   8.8841200e+00   1.0000000e+00
   1.4900000e+02  -1.1979000e+01  -1.3681200e+01   1.0000000e+00
   1.5000000e+02   1.3366700e+01   3.5655900e+00  -1.0000000e+00
   1.5100000e+02   3.1431000e+00  -1.2519900e+01  -1.0000000e+00
   1.5200000e+02   5.7261500e+00  -1.2896500e+00  -1.0000000e+00
   1.5300000e+02  -6.4687300e+00   7.2937900e+00   1.0000000e+00
   1.5400000e+02  -1.3911700e+01  -1.2963000e+01   1.0000000e+00
   1.5500000e+02  -2.5388500e+00   1.7568100e+01   1.0000000e+00
   1.5600000e+02   6.5982300e+00   6.1911000e+00  -1.0000000e+00
   1.5700000e+02  -7.0397700e+00  -1.6126300e-01   1.0000000e+00
   1.5800000e+02  -8.6834300e+00  -1.4731400e+00   1.0000000e+00
   1.5900000e+02   1.4991000e+01   1.2941200e+01  -1.0000000e+00
   1.6000000e+02  -6.5265500e-01   1.2366500e+01  -1.0000000e+00
   1.6100000e+02   5.9855500e+00  -1.0266400e+01  -1.0000000e+00
   1.6200000e+02  -4.2790300e+00  -1.1766600e+01  -1.0000000e+00
   1.6300000e+02  -6.1526700e+00  -4.3664100e+00   1.0000000e+00
   1.6400000e+02  -1.4830600e+00  -9.5240800e+00  -1.0000000e+00
   1.6500000e+02  -1.6188800e+01   1.0985200e+01   1.0000000e+00
   1.6600000e+02   1.1278800e+01   3.2640400e+00  -1.0000000e+00
   1.6700000e+02   1.8823600e+00  -1.0894100e+01  -1.0000000e+00
   1.6800000e+02   2.9686400e+00  -1.8041200e+01  -1.0000000e+00
   1.6900000e+02   7.7794600e+00  -9.7368400e-01  -1.0000000e+00
   1.7000000e+02   2.8787000e+00  -3.5039500e+00  -1.0000000e+00
   1.7100000e+02  -9.4839000e-01  -1.3103900e+01  -1.0000000e+00
   1.7200000e+02  -7.1297300e+00  -1.3987200e+01  -1.0000000e+00
   1.7300000e+02  -1.3014400e+01  -7.5223500e+00   1.0000000e+00
   1.7400000e+02   1.5002200e+01  -7.1690900e+00  -1.0000000e+00
   1.7500000e+02  -4.8345500e+00  -8.2001100e+00  -1.0000000e+00
   1.7600000e+02  -7.0108600e-01  -7.6223500e+00  -1.0000000e+00
   1.7700000e+02   2.3444500e+00   1.0203400e-01  -1.0000000e+00
   1.7800000e+02   1.8184700e+01   6.1784100e+00  -1.0000000e+00
   1.7900000e+02  -2.6956000e+00   7.9997800e+00  -1.0000000e+00
   1.8000000e+02  -1.6967500e+00  -1.5044900e+01  -1.0000000e+00
   1.8100000e+02   1.6148800e+01   5.8290000e+00  -1.0000000e+00
   1.8200000e+02   4.0176000e+00   9.4691800e+00  -1.0000000e+00
   1.8300000e+02  -1.2592200e+01  -2.0495000e-03   1.0000000e+00
   1.8400000e+02  -9.4697400e+00  -1.7203800e+01   1.0000000e+00
   1.8500000e+02  -1.4762700e+01   1.4341700e+01   1.0000000e+00
   1.8600000e+02  -1.4573100e+01   6.5426600e-01   1.0000000e+00
   1.8700000e+02  -4.3564400e-01  -2.1778100e+00  -1.0000000e+00
   1.8800000e+02   8.8413100e+00   1.2040600e+01  -1.0000000e+00
   1.8900000e+02   4.4351800e+00   3.2445200e-01  -1.0000000e+00
   1.9000000e+02  -2.2450500e+00   3.7845400e+00  -1.0000000e+00
   1.9100000e+02  -6.9919200e+00   1.1416400e+01   1.0000000e+00
   1.9200000e+02   1.5283900e+01  -1.6779500e+00  -1.0000000e+00
   1.9300000e+02  -1.1680800e+01   5.4151500e+00   1.0000000e+00
   1.9400000e+02  -1.2333900e+00  -1.8601100e+01  -1.0000000e+00
   1.9500000e+02  -1.2250800e+01   9.5510000e+00   1.0000000e+00
   1.9600000e+02   1.6386700e+01  -8.8529700e+00  -1.0000000e+00
   1.9700000e+02  -8.9939200e+00   1.2140100e+01   1.0000000e+00
   1.9800000e+02  -8.0899800e+00   5.9665200e+00   1.0000000e+00
   1.9900000e+02  -7.5976000e+00  -1.0384700e+01   1.0000000e+00
   2.0000000e+02   3.4103300e+00  -7.0428300e+00  -1.0000000e+00
   2.0100000e+02  -3.1742800e-01   1.7982500e+01  -1.0000000e+00
   2.0200000e+02   1.1108500e+00  -1.2839400e+01  -1.0000000e+00
   2.0300000e+02  -1.6222600e+00   1.6688700e+00  -1.0000000e+00
   2.0400000e+02   6.7741300e+00  -8.3447200e+00  -1.0000000e+00
   2.0500000e+02   7.3090500e+00  -1.1937000e+01  -1.0000000e+00
   2.0600000e+02   1.0362200e+01  -4.1927100e+00  -1.0000000e+00
   2.0700000e+02   1.4812900e+01   7.4337600e+00  -1.0000000e+00
   2.0800000e+02   1.1387400e+01  -1.1349300e+01  -1.0000000e+00
   2.0900000e+02   1.2208900e+01  -9.4220600e+00  -1.0000000e+00
   2.1000000e+02  -1.5750500e+01  -2.6921800e+00   1.0000000e+00
   2.1100000e+02  -1.0245000e+01  -2.7978600e+00   1.0000000e+00
   2.1200000e+02  -5.8082800e+00  -1.5626500e+01  -1.0000000e+00
   2.1300000e+02  -1.0654700e+01  -7.2677300e-01   1.0000000e+00
   2.1400000e+02   8.4332600e-01  -3.7842300e+00  -1.0000000e+00
   2.1500000e+02   1.3491900e+01  -1.1073400e+01  -1.0000000e+00
   2.1600000e+02  -4.5207500e+00  -1.7264700e+01  -1.0000000e+00
   2.1700000e+02  -1.5384300e+01  -4.7260800e+00   1.0000000e+00
   2.1800000e+02  -1.9998600e+00  -6.0061500e+00  -1.0000000e+00
   2.1900000e+02   1.6065200e+01   2.3711900e-01  -1.0000000e+00
   2.2000000e+02  -1.0313000e+01   8.7788600e+00   1.0000000e+00
   2.2100000e+02  -3.5238400e+00  -9.8444100e+00  -1.0000000e+00
   2.2200000e+02   1.7354800e+01  -1.3850400e+00  -1.0000000e+00
   2.2300000e+02   3.4418200e+00   1.3012100e+01  -1.0000000e+00
   2.2400000e+02  -1.3606900e+01   6.1501900e+00   1.0000000e+00
   2.2500000e+02  -1.2098600e+00   1.5935900e+01  -1.0000000e+00
   2.2600000e+02   4.7561200e+00   1.1409900e+01  -1.0000000e+00
   2.2700000e+02  -1.3348300e+01   4.1012400e+00   1.0000000e+00
   2.2800000e+02   9.3386700e+00  -1.1573400e+01  -1.0000000e+00
   2.2900000e+02  -4.9223900e+00   1.1527200e+01   1.0000000e+00
   2.3000000e+02   9.6778200e-02  -5.7074600e+00  -1.0000000e+00
   2.3100000e+02  -7.3644100e+00   1.4918400e+01   1.0000000e+00
   2.3200000e+02  -9.7433100e+00   4.6519900e+00   1.0000000e+00
   2.3300000e+02   5.0139900e+00  -1.7692600e+01  -1.0000000e+00
   2.3400000e+02   1.5418500e+01   3.8520000e+00  -1.0000000e+00
   2.3500000e+02   1.4232400e+01   1.0996400e+01  -1.0000000e+00
   2.3600000e+02   1.8804000e+01   2.4876200e+00  -1.0000000e+00
   2.3700000e+02   1.7969500e+00   3.6665300e+00  -1.0000000e+00
   2.3800000e+02  -7.0166300e+00  -8.4218000e+00   1.0000000e+00
   2.3900000e+02   9.4014200e+00   8.4629800e+00  -1.0000000e+00
   2.4000000e+02  -1.9592300e+00   1.3963500e+01   1.0000000e+00
   2.4100000e+02   1.9577400e+00   9.1732600e+00  -1.0000000e+00
   2.4200000e+02   5.9002200e+00   4.2631300e+00  -1.0000000e+00
   2.4300000e+02   4.6584500e-01   5.2792100e+00  -1.0000000e+00
   2.4400000e+02   9.8346700e+00  -6.8450400e-01  -1.0000000e+00
   2.4500000e+02  -6.1061700e+00  -6.5556400e+00  -1.0000000e+00
   2.4600000e+02  -2.7251300e+00   1.2052100e+01   1.0000000e+00
   2.4700000e+02   1.1653400e+01  -5.8273100e+00  -1.0000000e+00
   2.4800000e+02   7.8302800e+00  -1.5725100e+01  -1.0000000e+00
   2.4900000e+02   1.2756400e+01   7.1358300e+00  -1.0000000e+00
   2.5000000e+02   4.6572200e+00  -8.6955600e+00  -1.0000000e+00
   2.5100000e+02   1.5550900e+01  -1.0796900e+01  -1.0000000e+00
   2.5200000e+02  -1.0994400e+01   1.3372900e+00   1.0000000e+00
   2.5300000e+02   1.1879800e+01  -3.4240200e-01  -1.0000000e+00
   2.5400000e+02   1.0474800e+00   1.6944600e+00  -1.0000000e+00
   2.5500000e+02   4.1649500e+00  -5.1371100e+00  -1.0000000e+00
   2.5600000e+02   1.0622200e+01  -1.3287200e+01  -1.0000000e+00
   2.5700000e+02  -1.4521300e+01   1.2270700e+01   1.0000000e+00
   2.5800000e+02   7.1718900e+00   2.5775200e+00  -1.0000000e+00
   2.5900000e+02  -2.3587100e-01   3.3104000e+00  -1.0000000e+00
   2.6000000e+02   5.7115300e-01  -9.2748200e+00  -1.0000000e+00
   2.6100000e+02   1.1635600e+01   1.4317800e+01  -1.0000000e+00
   2.6200000e+02  -8.8815700e+00   1.6320700e+01   1.0000000e+00
   2.6300000e+02   8.9544000e-01   1.6314500e+01  -1.0000000e+00
   2.6400000e+02   1.6435800e+00  -1.6374200e+01  -1.0000000e+00
   2.6500000e+02  -1.2815800e+01   1.3629400e+01   1.0000000e+00
   2.6600000e+02   8.2886000e+00  -4.5258200e+00  -1.0000000e+00
   2.6700000e+02  -8.6718100e+00   1.0110800e+01   1.0000000e+00
   2.6800000e+02  -4.1397400e-01  -1.6673400e+01  -1.0000000e+00
   2.6900000e+02  -2.4932300e+00  -1.6962400e+01  -1.0000000e+00
   2.7000000e+02  -1.3782100e+01  -3.4302100e+00   1.0000000e+00
   2.7100000e+02  -8.3291100e-01   6.8782300e+00  -1.0000000e+00
   2.7200000e+02   1.0923000e+01  -7.7467700e+00  -1.0000000e+00
   2.7300000e+02  -3.5094900e+00   4.6913500e-01  -1.0000000e+00
   2.7400000e+02   1.6396800e+01   1.1291800e+01  -1.0000000e+00
   2.7500000e+02  -1.3946200e+01   8.1893200e+00   1.0000000e+00
   2.7600000e+02   6.6147400e-01   1.0773100e+01  -1.0000000e+00
   2.7700000e+02  -1.3806100e+00   1.0395600e+01  -1.0000000e+00
   2.7800000e+02  -6.3283600e+00  -1.2061700e+01  -1.0000000e+00
   2.7900000e+02   1.4673900e+01   1.9153100e+00  -1.0000000e+00
   2.8000000e+02   8.8476800e+00  -8.0698400e+00  -1.0000000e+00
   2.8100000e+02   2.1187200e+00  -5.4058100e+00  -1.0000000e+00
   2.8200000e+02   2.6850800e+00   1.1107800e+01  -1.0000000e+00
   2.8300000e+02   3.5199700e-01  -1.4745700e+01  -1.0000000e+00
   2.8400000e+02   1.0597700e+01   1.2872800e+00  -1.0000000e+00
   2.8500000e+02  -7.9244800e+00  -5.5181000e+00   1.0000000e+00
   2.8600000e+02   1.2632000e+01   1.6086600e+00  -1.0000000e+00
   2.8700000e+02   5.1339400e+00   2.2820000e+00  -1.0000000e+00
   2.8800000e+02   2.9175400e+00   1.6757800e+01  -1.0000000e+00
   2.8900000e+02  -1.3002100e+01   2.0767600e+00   1.0000000e+00
   2.9000000e+02  -1.4305900e+01  -1.0875700e+01   1.0000000e+00
   2.9100000e+02   1.1161300e+01  -2.2959800e+00  -1.0000000e+00
   2.9200000e+02  -3.8902500e+00   2.4986600e+00  -1.0000000e+00
   2.9300000e+02   6.5242700e+00  -1.3842000e+01  -1.0000000e+00
   2.9400000e+02  -1.4965100e+01   2.7296900e+00   1.0000000e+00
   2.9500000e+02   3.2053800e-01  -2.2981600e-01  -1.0000000e+00
   2.9600000e+02  -1.0945700e+01  -1.5459200e+01   1.0000000e+00
   2.9700000e+02   9.8517900e+00  -1.5333600e+01  -1.0000000e+00
   2.9800000e+02   1.2438400e+01  -3.9054900e+00  -1.0000000e+00
   2.9900000e+02  -1.7797800e+01  -1.9673300e+00   1.0000000e+00
