   0.0000000e+00  -1.8000800e+00  -2.0274100e-01   1.0000000e+00
   1.0000000e+00   2.7013700e+00   1.6050000e+01   1.0000000e+00
   2.0000000e+00  -1.7220800e+01   5.1223200e+00   1.0000000e+00
   3.0000000e+00  -7.0406300e+00  -5.2151900e+00   1.0000000e+00
   4.0000000e+00  -7.3522800e+00   2.6801700e-01   1.0000000e+00
   5.0000000e+00  -1.2486800e+01   8.2586700e+00   1.0000000e+00
   6.0000000e+00  -1.3088800e+01   6.2604100e+00   1.0000000e+00
   7.0000000e+00   1.4321900e+01   4.1802200e+00   1.0000000e+00
   8.0000000e+00  -8.8945400e+00  -1.1209800e+01   1.0000000e+00
   9.0000000e+00  -1.4370500e+01  -1.0626600e+01   1.0000000e+00
   1.0000000e+01  -1.0893500e+01  -1.1680700e+01   1.0000000e+00
   1.1000000e+01   9.1369600e+00  -6.3117400e+00  -1.0000000e+00
   1.2000000e+01  -1.2175900e+01   1.5742900e+01   1.0000000e+00
   1.3000000e+01   4.1348500e+00   1.4555400e+01   1.0000000e+00
   1.4000000e+01   6.2067600e+00  -9.2406800e+00  -1.0000000e+00
   1.5000000e+01   4.6909700e+00   1.6574300e+01   1.0000000e+00
   1.6000000e+01  -6.6323300e+00  -1.6228400e+01   1.0000000e+00
   1.7000000e+01  -3.6875200e-01  -1.7237300e+00   1.0000000e+00
   1.8000000e+01   5.7880000e+00  -2.0876400e-01   1.0000000e+00
   1.9000000e+01   1.9102500e+00   6.2914100e+00   1.0000000e+00
   2.0000000e+01  -1.1945400e+00   1.7697500e+00   1.0000000e+00
   2.1000000e+01  -1.1875100e+01   1.0225200e+01   1.0000000e+00
   2.2000000e+01  -8.9847500e+00   7.2366300e+00   1.0000000e+00
   2.3000000e+01   1.3143400e+00   1.7565100e+01   1.0000000e+00
   2.4000000e+01   4.8225200e+00   3.3339000e+00   1.0000000e+00
   2.5000000e+01  -5.4277000e+00  -1.2218100e+01   1.0000000e+00
   2.6000000e+01  -8.4328200e+00   9.2330100e+00   1.0000000e+00
   2.7000000e+01  -2.1379700e+00   5.2223300e+00   1.0000000e+00
   2.8000000e+01  -3.1299900e+00  -1.7331200e+01  -1.0000000e+00
   2.9000000e+01   1.0312500e+01   3.0759800e+00   1.0000000e+00
   3.0000000e+01  -7.5562700e+00   5.7604800e+00   1.0000000e+00
   3.1000000e+01   1.8229800e+01  -4.1128000e+00  -1.0000000e+00
   3.2000000e+01   4.3441000e+00  -1.6301400e+01  -1.0000000e+00
   3.3000000e+01  -1.5049100e+01  -1.2608300e+01   1.0000000e+00
   3.4000000e+01  -1.0323100e+01  -9.6837000e+00   1.0000000e+00
   3.5000000e+01   1.3184500e+01  -7.3915100e+00  -1.0000000e+00
   3.6000000e+01  -1.6876800e+01  -2.1478300e-01   1.0000000e+00
   3.7000000e+01   1.6030200e+01   1.0177700e+01   1.0000000e+00
   3.8000000e+01   9.6818200e+00  -8.3493300e+00  -1.0000000e+00
   3.9000000e+01  -8.6956400e-02   5.7348400e+00   1.0000000e+00
   4.0000000e+01   1.1011100e+01   1.2643700e+01   1.0000000e+00
   4.1000000e+01  -3.4253500e+00  -1.1721400e+01   1.0000000e+00
   4.2000000e+01  -1.6857800e+01  -5.7317100e+00   1.0000000e+00
   4.3000000e+01   8.1276700e+00   1.5613600e+01   1.0000000e+00
   4.4000000e+01  -8.3089200e+00  -9.2323600e+00   1.0000000e+00
   4.5000000e+01  -9.4790800e+00  -1.3203000e+01   1.0000000e+00
   4.6000000e+01   7.7096800e+00  -7.7805300e+00  -1.0000000e+00
   4.7000000e+01   1.0549300e+00  -3.2519600e+00   1.0000000e+00
   4.8000000e+01   1.4632800e+01  -5.9054600e+00  -1.0000000e+00
   4.9000000e+01   9.2720500e+00  -9.7199400e-01   1.0000000e+00
   5.0000000e+01   7.7667200e+00   4.2123400e-01   1.0000000e+00
   5.1000000e+01  -4.4038600e+00   1.0238600e+01   1.0000000e+00
   5.2000000e+01  -2.9717900e+00   8.7572000e+00   1.0000000e+00
   5.3000000e+01  -1.1972600e+01  -2.7012900e+00   1.0000000e+00
   5.4000000e+01  -7.8256100e-01  -9.2457100e+00   1.0000000e+00
   5.5000000e+01  -1.2746000e+01   1.3719100e+01   1.0000000e+00
   5.6000000e+01  -2.5505700e+00  -1.5167000e+01   1.0000000e+00
   5.7000000e+01  -1.4263400e+01   2.2934500e+00   1.0000000e+00
   5.8000000e+01  -4.2394300e+00  -8.2464800e+00   1.0000000e+00
   5.9000000e+01  -6.9889100e+00   7.7476100e+00   1.0000000e+00
   6.0000000e+01  -1.0820300e+01   1.2745500e+00   1.0000000e+00
   6.1000000e+01   2.2438400e+00   7.2452600e-01   1.0000000e+00
   6.2000000e+01  -5.6644300e+00  -6.7622100e+00   1.0000000e+00
   6.3000000e+01   6.3438800e+00  -1.6901600e+01  -1.0000000e+00
   6.4000000e+01   1.0151600e+01  -2.8317800e+00  -1.0000000e+00
   6.5000000e+01  -6.1347100e+00   4.2662200e+00   1.0000000e+00
   6.6000000e+01  -1.0727700e+01   1.4241600e+01   1.0000000e+00
   6.7000000e+01  -9.3612500e+00  -2.4370500e-01   1.0000000e+00
   6.8000000e+01  -1.5279500e+01  -7.0596400e+00   1.0000000e+00
   6.9000000e+01   1.7985400e+01  -1.9897800e+00  -1.0000000e+00
   7.0000000e+01   7.0111800e-01   1.5553100e+01   1.0000000e+00
   7.1000000e+01  -4.5999900e+00  -1.5794700e+01   1.0000000e+00
   7.2000000e+01   1.2343800e+00  -8.7138900e+00   1.0000000e+00
   7.3000000e+01   3.4156700e+00   4.8644400e+00   1.0000000e+00
   7.4000000e+01  -1.0522100e+01  -4.2061300e+00   1.0000000e+00
   7.5000000e+01   1.1626500e+01  -1.3689000e+00  -1.0000000e+00
   7.6000000e+01   4.7167100e+00  -1.0665400e+01  -1.0000000e+00
   7.7000000e+01   1.2155100e+01  -3.3845900e+00  -1.0000000e+00
   7.8000000e+01   1.0458500e+00   9.7719900e+00   1.0000000e+00
   7.9000000e+01   1.6268500e+00  -1.2829000e+00   1.0000000e+00
   8.0000000e+01  -1.5943900e-01  -7.2104800e+00   1.0000000e+00
   8.1000000e+01   6.6285700e+00   1.7302000e+01   1.0000000e+00
   8.2000000e+01   7.1283900e+00  -5.7557300e+00  -1.0000000e+00
   8.3000000e+01  -1.5963500e+01  -9.0352000e+00   1.0000000e+00
   8.4000000e+01  -4.4617900e+00  -2.7424700e+00   1.0000000e+00
   8.5000000e+01   2.3521200e+00  -1.5799700e+01  -1.0000000e+00
   8.6000000e+01   5.4101900e+00   5.4042900e+00   1.0000000e+00
   8.7000000e+01  -5.5526700e+00   6.2393700e+00   1.0000000e+00
   8.8000000e+01   1.2519500e+01   1.1233100e+01   1.0000000e+00
   8.9000000e+01  -3.9868300e+00  -1.3691400e+01   1.0000000e+00
   9.0000000e+01   1.7771500e-01   1.3301400e+01   1.0000000e+00
   9.1000000e+01  -1.1785100e+01  -8.1513700e+00   1.0000000e+00
   9.2000000e+01  -1.4542800e+01   7.7488500e+00   1.0000000e+00
   9.3000000e+01  -6.6860700e+00   1.5267700e+01   1.0000000e+00
   9.4000000e+01  -1.8239400e+00   1.2770900e+01   1.0000000e+00
   9.5000000e+01  -9.6250200e-01   9.2642500e+00   1.0000000e+00
   9.6000000e+01   6.6994400e+00  -1.1249300e+01  -1.0000000e+00
   9.7000000e+01   9.9214700e+00   8.5633900e+00   1.0000000e+00
   9.8000000e+01   1.1122900e+01  -6.8789900e+00  -1.0000000e+00
   9.9000000e+01  -1.1354200e+01  -7.1622500e-01   1.0000000e+00
   1.0000000e+02   1.1938300e+01   9.1078000e+00   1.0000000e+00
   1.0100000e+02   4.8953700e+00   1.1025500e+01   1.0000000e+00
   1.0200000e+02   5.1813900e+00  -1.2725400e+01  -1.0000000e+00
   1.0300000e+02   9.3701800e+00   6.5317100e+00   1.0000000e+00
   1.0400000e+02   1.0722200e+01  -1.2320400e+01  -1.0000000e+00
   1.0500000e+02   1.2181600e+01  -1.0865600e+01  -1.0000000e+00
   1.0600000e+02   7.6050400e+00   1.3536200e+01   1.0000000e+00
   1.0700000e+02  -6.4171000e+00   9.7343900e+00   1.0000000e+00
   1.0800000e+02  -7.3666500e-01   1.7064400e+01   1.0000000e+00
   1.0900000e+02  -1.6712600e+01   7.1935100e+00   1.0000000e+00
   1.1000000e+02   2.8328200e+00   2.7422200e+00   1.0000000e+00
   1.1100000e+02  -6.1367400e+00   1.7295200e+01   1.0000000e+00
   1.1200000e+02  -9.6314400e+00   5.2654000e+00   1.0000000e+00
   1.1300000e+02   1.4978100e+01   6.1686300e+00   1.0000000e+00
   1.1400000e+02  -1.2836400e+01   8.2527100e-01   1.0000000e+00
   1.1500000e+02  -4.6693000e+00   2.7447600e+00   1.0000000e+00
   1.1600000e+02   5.5412000e+00   1.3065100e+01   1.0000000e+00
   1.1700000e+02   1.8393100e+00  -6.7247300e+00   1.0000000e+00
   1.1800000e+02  -3.0128500e+00  -4.2088400e+00   1.0000000e+00
   1.1900000e+02  -5.8386800e+00   1.1724200e+01   1.0000000e+00
   1.2000000e+02  -1.5154400e+01   5.7828600e+00   1.0000000e+00
   1.2100000e+02  -1.5992100e+01   9.2142800e+00   1.0000000e+00
   1.2200000e+02  -1.1633000e+01   4.7794600e+00   1.0000000e+00
   1.2300000e+02   1.2711800e+01  -1.2879700e+01  -1.0000000e+00
   1.2400000e+02  -3.2686700e+00   1.2386400e+00   1.0000000e+00
   1.2500000e+02   3.6960200e+00  -7.5814500e-01   1.0000000e+00
   1.2600000e+02  -8.1241100e+00   1.6763500e+01   1.0000000e+00
   1.2700000e+02  -8.6896800e+00   1.4735800e+01   1.0000000e+00
   1.2800000e+02  -1.5243900e+00   7.2571000e+00   1.0000000e+00
   1.2900000e+02  -6.7178100e-01   3.7705300e+00   1.0000000e+00
   1.3000000e+02  -1.1152200e+01  -6.1719800e+00   1.0000000e+00
   1.3100000e+02  -6.2872300e+00  -8.7388800e+00   1.0000000e+00
   1.3200000e+02  -1.6009100e+00  -5.7071200e+00   1.0000000e+00
   1.3300000e+02   1.3056800e+01   1.3225200e+01   1.0000000e+00
   1.3400000e+02   5.7182500e+00  -7.2467800e+00  -1.0000000e+00
   1.3500000e+02   4.6986900e-01   7.7813400e+00   1.0000000e+00
   1.3600000e+02   1.5830100e+01  -9.9673100e+00  -1.0000000e+00
   1.3700000e+02  -1.1496700e+01  -1.3682700e+01   1.0000000e+00
   1.3800000e+02  -8.4894200e+00  -3.7445300e+00   1.0000000e+00
   1.3900000e+02   2.7104600e+00  -1.0177900e+01  -1.0000000e+00
   1.4000000e+02   1.5966300e+01  -2.4583900e+00  -1.0000000e+00
   1.4100000e+02   1.0843400e+01   5.0907000e+00   1.0000000e+00
   1.4200000e+02   1.8144000e+00  -1.3788500e+01  -1.0000000e+00
   1.4300000e+02  -1.1050200e+01   6.7582600e+00   1.0000000e+00
   1.4400000e+02   1.0521800e+01   1.0603800e+01   1.0000000e+00
   1.4500000e+02  -9.2630500e+00   1.2735500e+01   1.0000000e+00
   1.4600000e+02   2.4883300e+00  -4.7710600e+00   1.0000000e+00
   1.4700000e+02   9.0024200e+00   1.2021800e+01   1.0000000e+00
   1.4800000e+02  -4.9919600e+00   8.2445600e+00   1.0000000e+00
   1.4900000e+02   1.5776500e+01   1.4395300e+00  -1.0000000e+00
   1.5000000e+02  -1.3934800e+01   9.7191600e+00   1.0000000e+00
   1.5100000e+02  -1.5448000e+01   1.1285600e+01   1.0000000e+00
   1.5200000e+02   1.8357600e+01   3.9723300e+00  -1.0000000e+00
   1.5300000e+02  -1.2559500e+01  -4.6726000e+00   1.0000000e+00
   1.5400000e+02   1.4196300e+01  -1.1426200e+01  -1.0000000e+00
   1.5500000e+02   3.8660700e+00  -6.3478100e+00   1.0000000e+00
   1.5600000e+02  -2.3954900e+00   1.0744800e+01   1.0000000e+00
   1.5700000e+02  -1.8347900e+01   1.3438000e+00   1.0000000e+00
   1.5800000e+02   2.7966200e+00  -1.7846300e+01  -1.0000000e+00
   1.5900000e+02   1.3255000e+01  -1.4885200e+01  -1.0000000e+00
   1.6000000e+02  -1.6303900e+01   1.8278700e+00   1.0000000e+00
   1.6100000e+02  -7.9264600e+00  -1.7220900e+00   1.0000000e+00
   1.6200000e+02   3.9535300e+00   6.8580900e+00   1.0000000e+00
   1.6300000e+02  -2.7940900e+00  -9.7047500e+00   1.0000000e+00
   1.6400000e+02   3.5452000e+00   1.2585800e+01   1.0000000e+00
   1.6500000e+02   1.6430900e+00   1.1786400e+01   1.0000000e+00
   1.6600000e+02   1.5162900e+01  -7.9619200e+00  -1.0000000e+00
   1.6700000e+02  -8.7413000e+00   1.8114400e+00   1.0000000e+00
   1.6800000e+02   9.8723400e+00  -1.5959200e+01  -1.0000000e+00
   1.6900000e+02  -8.6794600e+00  -1.6673800e+01   1.0000000e+00
   1.7000000e+02   1.7189300e+01  -8.3312600e-02  -1.0000000e+00
   1.7100000e+02   3.1568500e+00  -1.2206100e+01  -1.0000000e+00
   1.7200000e+02   7.1836300e+00  -1.3267100e+01  -1.0000000e+00
   1.7300000e+02   1.0190200e+01  -1.0340200e+01  -1.0000000e+00
   1.7400000e+02   6.1350700e+00   1.5061600e+01   1.0000000e+00
   1.7500000e+02  -1.1312600e+01   1.2227100e+01   1.0000000e+00
   1.7600000e+02   6.3024400e+00   1.8721600e+00   1.0000000e+00
   1.7700000e+02   1.4784100e+01  -1.3439700e+01  -1.0000000e+00
   1.7800000e+02  -1.3984900e+01  -3.1466400e+00   1.0000000e+00
   1.7900000e+02   9.5800000e+00   1.4106100e+01   1.0000000e+00
   1.8000000e+02   8.2929900e+00   2.4589800e+00   1.0000000e+00
   1.8100000e+02  -1.4558100e+01  -5.1222700e+00   1.0000000e+00
   1.8200000e+02   4.6652700e+00  -4.4166800e+00   1.0000000e+00
   1.8300000e+02   1.1197000e+01  -1.4387700e+01  -1.0000000e+00
   1.8400000e+02  -2.4057700e+00  -2.2211400e+00   1.0000000e+00
   1.8500000e+02   2.4754800e+00   8.2959800e+00   1.0000000e+00
   1.8600000e+02  -1.7587000e+01  -2.2588600e+00   1.0000000e+00
   1.8700000e+02   1.4601200e+01   1.1678000e+01   1.0000000e+00
   1.8800000e+02   1.7792300e+01   1.9758500e+00  -1.0000000e+00
   1.8900000e+02   1.6297700e+01   3.4360700e+00  -1.0000000e+00
   1.9000000e+02   8.6670300e+00  -1.1833500e+01  -1.0000000e+00
   1.9100000e+02  -1.2586000e+00   1.4791500e+01   1.0000000e+00
   1.9200000e+02   3.8048900e+00  -1.4270400e+01  -1.0000000e+00
   1.9300000e+02  -9.1148200e+00  -5.7399300e+00   1.0000000e+00
   1.9400000e+02   8.6217100e+00  -4.2645700e+00  -1.0000000e+00
   1.9500000e+02  -5.2610500e+00   1.3759600e+01   1.0000000e+00
   1.9600000e+02  -5.1432400e+00  -1.7841500e+01   1.0000000e+00
   1.9700000e+02   1.6944400e+01   5.5029100e+00  -1.0000000e+00
   1.9800000e+02  -1.3179400e+01  -6.6461800e+00   1.0000000e+00
   1.9900000e+02   7.9340300e+00   7.9974800e+00   1.0000000e+00
   2.0000000e+02  -7.4534700e+00  -1.2719400e+01   1.0000000e+00
   2.0100000e+02   8.1949400e+00  -9.8218300e+00  -1.0000000e+00
   2.0200000e+02  -1.3553300e+01  -1.4078800e+01   1.0000000e+00
   2.0300000e+02   1.6641500e+01  -6.5393000e+00  -1.0000000e+00
   2.0400000e+02   1.6196400e+01  -4.5200200e+00  -1.0000000e+00
   2.0500000e+02   8.4414000e+00   1.0012500e+01   1.0000000e+00
   2.0600000e+02  -7.7091500e+00  -7.2520100e+00   1.0000000e+00
   2.0700000e+02  -5.9060800e+00  -1.2258000e+00   1.0000000e+00
   2.0800000e+02   1.0133200e+01   1.6123600e+01   1.0000000e+00
   2.0900000e+02  -3.6595100e+00  -6.2630700e+00   1.0000000e+00
   2.1000000e+02  -1.3842500e+00  -1.1211600e+01   1.0000000e+00
   2.1100000e+02   2.1566400e-02  -1.2748700e+01   1.0000000e+00
   2.1200000e+02  -2.1982600e+00  -7.6996800e+00   1.0000000e+00
   2.1300000e+02   4.8378100e+00  -1.8336500e+01  -1.0000000e+00
   2.1400000e+02  -1.6093800e+01  -3.7199800e+00   1.0000000e+00
   2.1500000e+02  -5.2685100e+00   7.3642300e-01   1.0000000e+00
   2.1600000e+02   6.6193500e+00  -3.7632400e+00   1.0000000e+00
   2.1700000e+02  -1.2198400e+01   2.8015400e+00   1.0000000e+00
   2.1800000e+02  -3.8126300e+00  -7.3722500e-01   1.0000000e+00
   2.1900000e+02   6.4002100e+00   9.5612800e+00   1.0000000e+00
   2.2000000e+02   9.7761500e+00   1.0269000e+00   1.0000000e+00
   2.2100000e+02   2.0879500e+00   1.4048900e+01   1.0000000e+00
   2.2200000e+02   1.3804900e+01   2.1796900e+00  -1.0000000e+00
   2.2300000e+02  -7.2522000e+00   1.3215900e+01   1.0000000e+00
   2.2400000e+02   5.1699300e+00  -2.2875700e+00   1.0000000e+00
   2.2500000e+02   1.5168600e+01  -5.3199000e-01  -1.0000000e+00
   2.2600000e+02  -1.0202700e+01   3.2886600e+00   1.0000000e+00
   2.2700000e+02  -6.8774700e+00  -1.0715800e+01   1.0000000e+00
   2.2800000e+02  -1.3799400e+01  -8.6444700e+00   1.0000000e+00
   2.2900000e+02   6.8118900e+00   3.8911300e+00   1.0000000e+00
   2.3000000e+02  -3.6156600e-01   1.1306100e+01   1.0000000e+00
   2.3100000e+02   5.9288000e+00   7.4612300e+00   1.0000000e+00
   2.3200000e+02   4.1989300e+00  -8.6762000e+00  -1.0000000e+00
   2.3300000e+02   8.2563800e-01  -1.7177900e+01  -1.0000000e+00
   2.3400000e+02  -3.2516600e+00   1.4283800e+01   1.0000000e+00
   2.3500000e+02  -1.2347800e+01  -1.0136500e+01   1.0000000e+00
   2.3600000e+02   1.2312600e+01   3.6268600e+00   1.0000000e+00
   2.3700000e+02   7.0803200e-01  -1.0800600e+01   1.0000000e+00
   2.3800000e+02  -1.1751500e+00  -1.6686700e+01  -1.0000000e+00
   2.3900000e+02   8.8051400e+00   4.4798100e+00   1.0000000e+00
   2.4000000e+02  -4.6742000e+00   1.5776200e+01   1.0000000e+00
   2.4100000e+02  -1.3661800e+01   4.2664300e+00   1.0000000e+00
   2.4200000e+02   1.2627500e+01  -5.4026500e+00  -1.0000000e+00
   2.4300000e+02   7.3711500e+00  -1.7696700e+00   1.0000000e+00
   2.4400000e+02   1.1670900e+01  -8.8705700e+00  -1.0000000e+00
   2.4500000e+02   5.8476700e+00  -1.4840900e+01  -1.0000000e+00
   2.4600000e+02   4.1793500e-01  -5.2423100e+00   1.0000000e+00
   2.4700000e+02   1.3678200e+01  -9.3978700e+00  -1.0000000e+00
   2.4800000e+02  -5.9367100e-01  -1.8685900e+01  -1.0000000e+00
   2.4900000e+02   6.9770500e+00   1.1552300e+01   1.0000000e+00
   2.5000000e+02  -8.0374400e+00  -1.4705400e+01   1.0000000e+00
   2.5100000e+02  -1.3379300e+01  -1.1793000e+00   1.0000000e+00
   2.5200000e+02  -9.7292800e-01  -3.7316400e+00   1.0000000e+00
   2.5300000e+02  -6.7280200e+00   2.2842000e+00   1.0000000e+00
   2.5400000e+02   1.1410900e+01   7.1034200e+00   1.0000000e+00
   2.5500000e+02   1.3401700e+01   7.6385400e+00   1.0000000e+00
   2.5600000e+02  -1.4756600e+01   1.3263300e+01   1.0000000e+00
   2.5700000e+02  -8.1788700e+00   3.7861500e+00   1.0000000e+00
   2.5800000e+02   1.3627800e+01  -1.9196200e+00  -1.0000000e+00
   2.5900000e+02   1.3959700e+01   9.7251200e+00   1.0000000e+00
   2.6000000e+02  -7.8357900e+00   1.1226100e+01   1.0000000e+00
   2.6100000e+02   1.1764200e+01   1.6021400e+00   1.0000000e+00
   2.6200000e+02   1.3217200e+01   1.3247900e-01  -1.0000000e+00
   2.6300000e+02  -2.6641800e+00   1.6286300e+01   1.0000000e+00
   2.6400000e+02  -1.2894500e+01  -1.2118000e+01   1.0000000e+00
   2.6500000e+02  -3.8170400e+00   1.2243600e+01   1.0000000e+00
   2.6600000e+02   2.2853300e-01   2.9477700e-01   1.0000000e+00
   2.6700000e+02   1.4115900e+00   4.3031300e+00   1.0000000e+00
   2.6800000e+02  -1.5468900e+01  -1.7192700e+00   1.0000000e+00
   2.6900000e+02  -9.7467000e+00  -7.7093700e+00   1.0000000e+00
   2.7000000e+02  -3.5622400e+00   6.7486900e+00   1.0000000e+00
   2.7100000e+02   1.2852800e+01   5.6454900e+00   1.0000000e+00
   2.7200000e+02  -1.0451900e+01   8.7195100e+00   1.0000000e+00
   2.7300000e+02   4.4202800e+00   8.9561100e+00   1.0000000e+00
   2.7400000e+02   1.5417600e+01   8.1977800e+00   1.0000000e+00
   2.7500000e+02  -1.0084700e+01  -1.5178700e+01   1.0000000e+00
   2.7600000e+02  -5.0308200e+00  -4.7294300e+00   1.0000000e+00
   2.7700000e+02   4.2800400e+00   1.2395500e+00   1.0000000e+00
   2.7800000e+02  -1.3306900e+01   1.1728900e+01   1.0000000e+00
   2.7900000e+02  -1.5671900e+01   3.7862600e+00   1.0000000e+00
   2.8000000e+02  -2.4126000e-01  -1.4835600e+01  -1.0000000e+00
   2.8100000e+02   1.1704800e+01   1.4793700e+01   1.0000000e+00
   2.8200000e+02   1.4224200e+01  -3.8960200e+00  -1.0000000e+00
   2.8300000e+02  -6.4941200e+00  -3.2096700e+00   1.0000000e+00
   2.8400000e+02   1.7442600e+01   7.5994600e+00  -1.0000000e+00
   2.8500000e+02  -1.4848900e+01   2.9524400e-01   1.0000000e+00
   2.8600000e+02  -1.9833100e+00  -1.3192500e+01   1.0000000e+00
   2.8700000e+02   8.1767400e-01   2.2745200e+00   1.0000000e+00
   2.8800000e+02  -2.6617400e+00   3.2081000e+00   1.0000000e+00
   2.8900000e+02  -4.8414800e+00  -1.0216900e+01   1.0000000e+00
   2.9000000e+02  -9.9517500e+00  -2.2069500e+00   1.0000000e+00
   2.9100000e+02   7.3789500e+00   5.9899500e+00   1.0000000e+00
   2.9200000e+02   1.0598500e+01  -4.8628300e+00  -1.0000000e+00
   2.9300000e+02   3.0899000e+00  -2.7953800e+00   1.0000000e+00
   2.9400000e+02  -6.0091500e+00  -1.4208500e+01   1.0000000e+00
   2.9500000e+02  -4.1402800e+00   4.7462400e+00   1.0000000e+00
   2.9600000e+02  -1.0106900e+01   1.6235400e+01   1.0000000e+00
   2.9700000e+02   7.8614500e+00  -1.5464400e+01  -1.0000000e+00
   2.9800000e+02  -9.8642000e+00   1.0726200e+01   1.0000000e+00
   2.9900000e+02   9.1709000e+00  -1.3885400e+01  -1.0000000e+00
