   0.0000000e+00  -1.6938600e+01   5.6103000e+00   1.0000000e+00
   1.0000000e+00  -6.4516500e+00  -1.1234900e+01   1.0000000e+00
   2.0000000e+00  -1.3465300e+01  -1.4002500e+01   1.0000000e+00
   3.0000000e+00   5.0852800e+00  -6.2026600e+00  -1.0000000e+00
   4.0000000e+00  -1.1948900e+01   8.0260700e+00   1.0000000e+00
   5.0000000e+00  -1.4356300e+01  -6.7276200e+00   1.0000000e+00
   6.0000000e+00  -9.4029100e+00  -4.3520200e+00   1.0000000e+00
   7.0000000e+00   3.7977000e+00   4.0708000e+00  -1.0000000e+00
   8.0000000e+00   2.5335100e+00   1.2353500e+01  -1.0000000e+00
   9.0000000e+00  -1.3156100e+00   1.3830800e+01  -1.0000000e+00
   1.0000000e+01  -1.3177800e+01   6.1847100e-01   1.0000000e+00
   1.1000000e+01   8.6754200e+00  -5.7510000e+00  -1.0000000e+00
   1.2000000e+01   1.2237100e+01  -5.2634400e+00  -1.0000000e+00
   1.3000000e+01   1.1575100e+00   8.9417600e+00  -1.0000000e+00
   1.4000000e+01   1.4165900e+00  -1.5773400e+01   1.0000000e+00
   1.5000000e+01   1.2192500e+01   8.3809700e+00  -1.0000000e+00
   1.6000000e+01   1.6435300e+01   4.7198500e+00  -1.0000000e+00
   1.7000000e+01   3.1818000e+00  -5.4030800e+00  -1.0000000e+00
   1.8000000e+01  -1.8192800e+01  -1.7916000e+00   1.0000000e+00
   1.9000000e+01  -1.3602400e+01   1.3304700e+01   1.0000000e+00
   2.0000000e+01   5.1063200e+00   7.4306000e+00  -1.0000000e+00
   2.1000000e+01   7.0237300e+00   6.6293300e+00  -1.0000000e+00
   2.2000000e+01  -8.6855300e+00   6.6012300e+00   1.0000000e+00
   2.3000000e+01   6.6512100e+00  -1.6743000e+01  -1.0000000e+00
   2.4000000e+01  -1.1847300e+01  -1.0122800e+01   1.0000000e+00
   2.5000000e+01  -1.6874200e+01  -3.4331000e+00   1.0000000e+00
   2.6000000e+01  -1.3789200e-02   4.0204000e+00   1.0000000e+00
   2.7000000e+01   1.3563100e+01   1.1714500e+01  -1.0000000e+00
   2.8000000e+01  -1.0678900e+01  -2.7411700e+00   1.0000000e+00
   2.9000000e+01   5.3405500e+00  -8.2551800e+00  -1.0000000e+00
   3.0000000e+01  -2.4900000e+00   7.3918900e+00   1.0000000e+00
   3.1000000e+01   1.5800600e+01   8.8520700e+00  -1.0000000e+00
   3.2000000e+01  -1.7722900e+01  -5.4312700e+00   1.0000000e+00
   3.3000000e+01  -1.5144700e+01  -8.6576800e+00   1.0000000e+00
   3.4000000e+01   2.7568500e-01   1.5141500e+01  -1.0000000e+00
   3.5000000e+01  -7.0042400e+00   1.3561400e+00   1.0000000e+00
   3.6000000e+01   1.5004200e+01   1.3398400e+00  -1.0000000e+00
   3.7000000e+01  -1.3615700e+01   4.1880800e+00   1.0000000e+00
   3.8000000e+01   1.0352800e+01  -4.4259700e+00  -1.0000000e+00
   3.9000000e+01   6.4827900e+00  -2.8746900e+00  -1.0000000e+00
   4.0000000e+01   8.0395700e+00   1.2015000e+01  -1.0000000e+00
   4.1000000e+01   9.3240500e+00   1.5420500e+01  -1.0000000e+00
   4.2000000e+01  -1.4812500e+01  -3.2008100e+00   1.0000000e+00
   4.3000000e+01  -1.0138700e+01  -1.5353700e+01   1.0000000e+00
   4.4000000e+01  -8.0557500e+00  -1.5106400e+01   1.0000000e+00
   4.5000000e+01  -1.5654700e+01   3.9623200e+00   1.0000000e+00
   4.6000000e+01   5.8020800e-01  -1.7825600e+01   1.0000000e+00
   4.7000000e+01  -2.9283200e+00   1.0904200e+01   1.0000000e+00
   4.8000000e+01   1.4444100e+01  -8.1201200e+00  -1.0000000e+00
   4.9000000e+01  -5.9923000e+00  -1.4855800e+01   1.0000000e+00
   5.0000000e+01   1.4144400e-01  -1.4133600e+01   1.0000000e+00
   5.1000000e+01   1.2515300e+01   6.3214700e+00  -1.0000000e+00
   5.2000000e+01  -1.4475700e+01   1.1431100e+01   1.0000000e+00
   5.3000000e+01  -5.3913300e+00   5.2011600e+00   1.0000000e+00
   5.4000000e+01   6.7424200e+00  -4.9523300e+00  -1.0000000e+00
   5.5000000e+01  -1.6122000e+01   7.5203700e+00   1.0000000e+00
   5.6000000e+01   3.6834900e+00  -9.5418400e+00  -1.0000000e+00
   5.7000000e+01   1.1583700e+01   1.2488300e+01  -1.0000000e+00
   5.8000000e+01  -7.7435200e+00  -9.6162600e+00   1.0000000e+00
   5.9000000e+01   8.3331800e+00   9.9868400e+00  -1.0000000e+00
   6.0000000e+01  -1.4855500e+01   5.8883700e+00   1.0000000e+00
   6.1000000e+01   1.3665900e+01  -1.9326400e+00  -1.0000000e+00
   6.2000000e+01  -4.4674500e-01   7.6302200e+00  -1.0000000e+00
   6.3000000e+01   3.5335000e+00  -1.1620700e+01  -1.0000000e+00
   6.4000000e+01  -6.6345500e+00   6.8540600e+00   1.0000000e+00
   6.5000000e+01  -1.5241200e+01   3.8458200e-01   1.0000000e+00
   6.6000000e+01   1.4954700e+01  -1.2277800e+01  -1.0000000e+00
   6.7000000e+01  -3.7146700e+00  -2.3833000e-02   1.0000000e+00
   6.8000000e+01   5.9348100e-01   1.3044000e+01  -1.0000000e+00
   6.9000000e+01   1.7008600e+01   5.8178200e-01  -1.0000000e+00
   7.0000000e+01  -1.8920400e+00  -1.4404300e+01   1.0000000e+00
   7.1000000e+01   1.0865800e+01   5.0746000e+00  -1.0000000e+00
   7.2000000e+01   5.6080000e+00  -1.0325200e+01  -1.0000000e+00
   7.3000000e+01  -1.0322500e+01   1.1891600e+01   1.0000000e+00
   7.4000000e+01  -1.1348200e+01  -1.3658700e+01   1.0000000e+00
   7.5000000e+01  -3.1838400e+00  -3.6146100e+00   1.0000000e+00
   7.6000000e+01  -5.6254600e+00  -9.3161200e+00   1.0000000e+00
   7.7000000e+01   1.5301100e+01  -6.8802900e-01  -1.0000000e+00
   7.8000000e+01  -5.2519000e+00  -3.8702000e+00   1.0000000e+00
   7.9000000e+01  -1.3887400e+01  -1.0375400e+01   1.0000000e+00
   8.0000000e+01  -8.5246200e+00   1.5937600e+01   1.0000000e+00
   8.1000000e+01  -3.7537500e+00   9.0121800e+00   1.0000000e+00
   8.2000000e+01   1.3342200e+01  -1.3575200e+01  -1.0000000e+00
   8.3000000e+01   1.0587500e+01  -6.5509200e+00  -1.0000000e+00
   8.4000000e+01   1.3290400e+01   1.3779100e+01  -1.0000000e+00
   8.5000000e+01   9.5334600e+00   1.7247900e+00  -1.0000000e+00
   8.6000000e+01  -1.4825500e+00  -8.8594600e+00   1.0000000e+00
   8.7000000e+01  -9.9106900e+00   8.2502900e+00   1.0000000e+00
   8.8000000e+01  -7.0465200e+00   1.0437300e+01   1.0000000e+00
   8.9000000e+01   1.6080500e+01   6.7965500e+00  -1.0000000e+00
   9.0000000e+01  -6.9059300e+00  -7.6764100e+00   1.0000000e+00
   9.1000000e+01   1.1322000e+01   1.4587800e+01  -1.0000000e+00
   9.2000000e+01  -1.2774000e+01  -2.9368400e+00   1.0000000e+00
   9.3000000e+01  -2.3319900e+00  -1.0797400e+01   1.0000000e+00
   9.4000000e+01   9.6276100e-01  -1.2249800e+01   1.0000000e+00
   9.5000000e+01   1.8366300e+01   3.8106700e+00  -1.0000000e+00
   9.6000000e+01  -1.0302400e+01   2.7441700e+00   1.0000000e+00
   9.7000000e+01   5.6961200e+00   3.2618700e+00  -1.0000000e+00
   9.8000000e+01   9.5154500e+00  -1.1915800e+01  -1.0000000e+00
   9.9000000e+01  -7.8476800e+00   8.5138200e+00   1.0000000e+00
   1.0000000e+02   6.3686300e+00   1.0802200e+01  -1.0000000e+00
   1.0100000e+02   1.2802600e+01   4.2599000e+00  -1.0000000e+00
   1.0200000e+02   1.3847700e+01   9.6401800e+00  -1.0000000e+00
   1.0300000e+02   9.9369600e+00  -1.6102600e+01  -1.0000000e+00
   1.0400000e+02   1.6535400e+00   2.6985100e+00  -1.0000000e+00
   1.0500000e+02   1.4144200e+01   7.5987500e+00  -1.0000000e+00
   1.0600000e+02  -6.7872800e+00  -1.6796500e+01   1.0000000e+00
   1.0700000e+02   2.2386000e+00  -1.3888600e+01   1.0000000e+00
   1.0800000e+02  -6.0425000e+00  -5.7826800e+00   1.0000000e+00
   1.0900000e+02   1.8139900e+01   5.9535600e+00  -1.0000000e+00
   1.1000000e+02  -3.3152200e+00   5.4858800e+00   1.0000000e+00
   1.1100000e+02   1.1921400e+01   1.0456400e+01  -1.0000000e+00
   1.1200000e+02  -2.8964000e+00   1.8933600e+00   1.0000000e+00
   1.1300000e+02   4.0524600e+00   2.0294300e+00  -1.0000000e+00
   1.1400000e+02   4.2780100e+00  -1.3613300e+01  -1.0000000e+00
   1.1500000e+02  -1.7194600e+00   1.5921800e+01  -1.0000000e+00
   1.1600000e+02  -9.4831600e+00   4.6947200e+00   1.0000000e+00
   1.1700000e+02  -8.2280300e+00   1.2156600e+01   1.0000000e+00
   1.1800000e+02  -2.6129600e-01  -1.0564400e+01   1.0000000e+00
   1.1900000e+02  -1.0745600e+01   6.3374200e+00   1.0000000e+00
   1.2000000e+02   8.4039200e+00  -3.6792600e+00  -1.0000000e+00
   1.2100000e+02   6.6987600e-01  -8.5999300e+00   1.0000000e+00
   1.2200000e+02  -1.1573400e+01   4.4258100e+00   1.0000000e+00
   1.2300000e+02   8.6275600e+00   7.9153200e+00  -1.0000000e+00
   1.2400000e+02  -4.3495000e+00   1.6276500e+01   1.0000000e+00
   1.2500000e+02   1.6455600e+01  -8.9580900e+00  -1.0000000e+00
   1.2600000e+02   1.3026400e+01  -1.1444800e+01  -1.0000000e+00
   1.2700000e+02   2.6177300e+00  -1.7498100e+01   1.0000000e+00
   1.2800000e+02  -9.1053500e+00   1.0245200e+01   1.0000000e+00
   1.2900000e+02  -1.4768500e+01  -1.2243500e+01   1.0000000e+00
   1.3000000e+02  -6.2617200e-01  -6.9951700e+00   1.0000000e+00
   1.3100000e+02  -1.6069500e+01  -1.5407900e+00   1.0000000e+00
   1.3200000e+02   8.9357600e+00  -7.8016900e+00  -1.0000000e+00
   1.3300000e+02   8.0677100e+00  -1.5247100e+01  -1.0000000e+00
   1.3400000e+02  -1.0599900e+01   1.5575400e+01   1.0000000e+00
   1.3500000e+02  -1.7965400e+01   3.7444600e+00   1.0000000e+00
   1.3600000e+02   1.0281200e+01   9.2043100e+00  -1.0000000e+00
   1.3700000e+02  -1.4008800e+01   7.8050700e+00   1.0000000e+00
   1.3800000e+02  -6.3241400e-01  -1.6120200e+01   1.0000000e+00
   1.3900000e+02  -3.2998600e+00   1.4483500e+01   1.0000000e+00
   1.4000000e+02  -4.4682200e+00  -1.9509200e+00   1.0000000e+00
   1.4100000e+02  -2.6903500e+00  -7.1444300e+00   1.0000000e+00
   1.4200000e+02  -8.4508300e-01   2.1436800e+00   1.0000000e+00
   1.4300000e+02   1.0865300e+01  -8.5885700e+00  -1.0000000e+00
   1.4400000e+02   7.2558400e+00  -9.0312200e+00  -1.0000000e+00
   1.4500000e+02  -1.5967400e+01  -1.0543500e+01   1.0000000e+00
   1.4600000e+02  -1.5286200e+01   9.5267400e+00   1.0000000e+00
   1.4700000e+02  -1.4418700e+01   2.2791800e+00   1.0000000e+00
   1.4800000e+02   7.5435500e+00  -1.1093000e+01  -1.0000000e+00
   1.4900000e+02   1.4696700e+01   3.4567700e+00  -1.0000000e+00
   1.5000000e+02  -7.4281200e+00   1.4089100e+01   1.0000000e+00
   1.5100000e+02   1.8761900e+00   1.6504300e+01  -1.0000000e+00
   1.5200000e+02  -3.5609800e+00  -9.0909400e+00   1.0000000e+00
   1.5300000e+02  -1.6394000e+01  -7.0082900e+00   1.0000000e+00
   1.5400000e+02   5.9721000e+00   1.2070000e+00  -1.0000000e+00
   1.5500000e+02  -8.9121400e+00  -1.7007700e+01   1.0000000e+00
   1.5600000e+02  -1.1465100e+00  -3.3280500e+00   1.0000000e+00
   1.5700000e+02  -2.6821800e+00  -1.6294300e+01   1.0000000e+00
   1.5800000e+02   3.8780900e+00   1.5660500e+01  -1.0000000e+00
   1.5900000e+02   1.0543100e+01   7.1423500e+00  -1.0000000e+00
   1.6000000e+02   6.1680200e+00  -1.4431300e+01  -1.0000000e+00
   1.6100000e+02  -9.7840400e+00  -9.8373000e+00   1.0000000e+00
   1.6200000e+02  -3.9396400e+00  -1.4630900e+01   1.0000000e+00
   1.6300000e+02  -1.7369400e+01   1.3138800e-01   1.0000000e+00
   1.6400000e+02  -7.4405300e+00   4.9296800e+00   1.0000000e+00
   1.6500000e+02   1.2488400e+01  -7.3268600e+00  -1.0000000e+00
   1.6600000e+02  -1.0578400e+01  -1.1750700e+01   1.0000000e+00
   1.6700000e+02  -2.0781600e+00   3.7955600e+00   1.0000000e+00
   1.6800000e+02   7.8369100e+00  -1.3182800e+01  -1.0000000e+00
   1.6900000e+02   3.9426200e-01   5.1339300e-01   1.0000000e+00
   1.7000000e+02  -1.8752900e+00  -5.2638500e+00   1.0000000e+00
   1.7100000e+02  -4.1566000e+00   3.5427200e+00   1.0000000e+00
   1.7200000e+02  -4.9512100e+00   1.6293000e+00   1.0000000e+00
   1.7300000e+02  -9.0542200e+00   1.0928000e+00   1.0000000e+00
   1.7400000e+02  -2.7838100e+00   1.7692000e+01  -1.0000000e+00
   1.7500000e+02   5.3519200e+00   1.7123900e+01  -1.0000000e+00
   1.7600000e+02  -1.2623400e+01  -1.2037600e+01   1.0000000e+00
   1.7700000e+02  -4.3777000e-02   1.7306700e+01  -1.0000000e+00
   1.7800000e+02  -9.4859700e+00   1.3803100e+01   1.0000000e+00
   1.7900000e+02   9.2115700e+00  -9.8379200e+00  -1.0000000e+00
   1.8000000e+02   1.7865300e+00  -1.0332800e+01   1.0000000e+00
   1.8100000e+02  -1.5641700e+01  -5.0950600e+00   1.0000000e+00
   1.8200000e+02   1.8823500e+00   4.8060800e+00  -1.0000000e+00
   1.8300000e+02   3.4773200e+00  -1.5547200e+01   1.0000000e+00
   1.8400000e+02  -7.7888900e+00  -5.6373700e-01   1.0000000e+00
   1.8500000e+02   1.2769800e+01  -9.3726200e+00  -1.0000000e+00
   1.8600000e+02   3.5151500e+00   6.1178000e+00  -1.0000000e+00
   1.8700000e+02   1.0051600e+01  -2.3862800e+00  -1.0000000e+00
   1.8800000e+02   9.2564600e+00   3.7676000e+00  -1.0000000e+00
   1.8900000e+02   8.9636300e+00   5.8361000e+00  -1.0000000e+00
   1.9000000e+02   9.8227900e+00  -3.3514700e-01  -1.0000000e+00
   1.9100000e+02   4.8341200e+00  -4.1509500e+00  -1.0000000e+00
   1.9200000e+02   7.7512100e+00   1.4085200e+01  -1.0000000e+00
   1.9300000e+02   1.0842200e+01   1.6822000e+01  -1.0000000e+00
   1.9400000e+02   1.3357500e+01   1.0872400e-01  -1.0000000e+00
   1.9500000e+02   7.4862200e+00   1.6360400e+01  -1.0000000e+00
   1.9600000e+02  -1.3552600e+01  -4.8440300e+00   1.0000000e+00
   1.9700000e+02   3.3898900e+00  -7.4807300e+00  -1.0000000e+00
   1.9800000e+02  -1.0098500e+00   9.6395300e+00  -1.0000000e+00
   1.9900000e+02  -4.1387700e+00   1.2586400e+01   1.0000000e+00
   2.0000000e+02   1.3993200e+01  -3.9971500e+00  -1.0000000e+00
   2.0100000e+02   9.7005200e+00   1.3303700e+01  -1.0000000e+00
   2.0200000e+02   1.5492300e+01   1.0903900e+01  -1.0000000e+00
   2.0300000e+02   1.1668600e+01  -1.4874800e+01  -1.0000000e+00
   2.0400000e+02   2.9251800e+00  -3.3512900e+00  -1.0000000e+00
   2.0500000e+02  -1.2276900e+00   5.7080500e+00   1.0000000e+00
   2.0600000e+02  -1.6513800e+01   2.0247100e+00   1.0000000e+00
   2.0700000e+02   9.7110700e+00  -1.4020800e+01  -1.0000000e+00
   2.0800000e+02   5.8330200e+00   1.4968300e+01  -1.0000000e+00
   2.0900000e+02   6.0970600e+00   1.2844200e+01  -1.0000000e+00
   2.1000000e+02  -7.2281600e+00  -1.3206200e+01   1.0000000e+00
   2.1100000e+02   1.4461700e+01   5.5107600e+00  -1.0000000e+00
   2.1200000e+02  -6.1926300e+00   3.2908900e+00   1.0000000e+00
   2.1300000e+02  -6.5320800e+00  -2.2050300e+00   1.0000000e+00
   2.1400000e+02  -9.8622400e-01   1.1712100e+01  -1.0000000e+00
   2.1500000e+02   2.8453300e+00   1.0216000e+01  -1.0000000e+00
   2.1600000e+02   1.7431400e+01  -1.5202400e+00  -1.0000000e+00
   2.1700000e+02   4.1820300e+00   1.3622100e+01  -1.0000000e+00
   2.1800000e+02  -1.1965600e+01  -1.0525400e+00   1.0000000e+00
   2.1900000e+02  -5.2026900e+00  -1.2927000e+01   1.0000000e+00
   2.2000000e+02   1.4993000e+00   6.8880200e+00  -1.0000000e+00
   2.2100000e+02   1.6131100e+01  -6.8513000e+00  -1.0000000e+00
   2.2200000e+02   1.1405500e+01  -1.2710600e+01  -1.0000000e+00
   2.2300000e+02  -3.5252300e+00  -1.8255600e+01   1.0000000e+00
   2.2400000e+02  -5.3664700e+00   1.4318000e+01   1.0000000e+00
   2.2500000e+02   4.4612300e+00   1.1585100e+01  -1.0000000e+00
   2.2600000e+02   8.1354400e+00  -1.6246300e+00  -1.0000000e+00
   2.2700000e+02   9.4956700e-01   1.1010900e+01  -1.0000000e+00
   2.2800000e+02  -1.2293200e+01  -6.5421900e+00   1.0000000e+00
   2.2900000e+02   1.2039700e+01  -3.1978100e+00  -1.0000000e+00
   2.3000000e+02  -3.1493000e+00  -1.2674800e+01   1.0000000e+00
   2.3100000e+02   6.7066600e+00   8.7359300e+00  -1.0000000e+00
   2.3200000e+02  -1.3086700e+01  -8.4514300e+00   1.0000000e+00
   2.3300000e+02  -9.8887800e+00  -8.1025300e-01   1.0000000e+00
   2.3400000e+02  -1.6359100e+00   2.3357100e-01   1.0000000e+00
   2.3500000e+02   1.4128600e+01  -6.0866700e+00  -1.0000000e+00
   2.3600000e+02   1.3086300e+01   2.1700300e+00  -1.0000000e+00
   2.3700000e+02  -4.3794200e+00  -1.0999300e+01   1.0000000e+00
   2.3800000e+02  -1.1123000e+01   8.4109300e-01   1.0000000e+00
   2.3900000e+02  -5.8094700e+00   8.8081800e+00   1.0000000e+00
   2.4000000e+02   6.2201400e+00  -8.3523000e-01  -1.0000000e+00
   2.4100000e+02  -1.0930000e+00  -1.2463400e+01   1.0000000e+00
   2.4200000e+02   7.8853600e+00   4.2859300e-01  -1.0000000e+00
   2.4300000e+02  -1.4015800e+01  -1.2840500e+00   1.0000000e+00
   2.4400000e+02   5.9357800e+00  -1.2375000e+01  -1.0000000e+00
   2.4500000e+02  -1.8713500e+01   1.7567800e+00   1.0000000e+00
   2.4600000e+02   7.6252300e+00   2.4970500e+00  -1.0000000e+00
   2.4700000e+02   1.5699100e+01  -2.7189700e+00  -1.0000000e+00
   2.4800000e+02   1.7760200e+01   8.1239800e+00  -1.0000000e+00
   2.4900000e+02   1.7665100e+01  -3.6283500e+00  -1.0000000e+00
   2.5000000e+02   1.6639500e+01   2.6193600e+00  -1.0000000e+00
   2.5100000e+02  -1.4742500e+00  -1.8041500e+01   1.0000000e+00
   2.5200000e+02   6.9985700e+00  -6.9953400e+00  -1.0000000e+00
   2.5300000e+02  -4.9809400e+00   1.0693500e+01   1.0000000e+00
   2.5400000e+02   1.5904400e+01  -4.7776500e+00  -1.0000000e+00
   2.5500000e+02   8.9530600e-01  -3.0316200e+00   1.0000000e+00
   2.5600000e+02  -9.2942700e+00  -1.3456700e+01   1.0000000e+00
   2.5700000e+02   3.1307900e+00   8.1396500e+00  -1.0000000e+00
   2.5800000e+02  -3.6193400e-01  -1.4008200e+00   1.0000000e+00
   2.5900000e+02  -8.9742200e+00  -7.9341000e+00   1.0000000e+00
   2.6000000e+02   7.3441800e+00   4.5494900e+00  -1.0000000e+00
   2.6100000e+02   1.1161500e+01   2.9667100e+00  -1.0000000e+00
   2.6200000e+02  -4.7240300e+00  -1.6569000e+01   1.0000000e+00
   2.6300000e+02  -1.1176000e+01   9.9367300e+00   1.0000000e+00
   2.6400000e+02  -1.2820300e+01   6.1052800e+00   1.0000000e+00
   2.6500000e+02   4.3229300e+00  -2.6242500e-02  -1.0000000e+00
   2.6600000e+02  -4.5667200e+00   7.1251900e+00   1.0000000e+00
   2.6700000e+02  -1.1549200e+01   1.3624500e+01   1.0000000e+00
   2.6800000e+02  -8.1556100e+00  -6.0176900e+00   1.0000000e+00
   2.6900000e+02   1.1729900e+01  -1.1508300e+00  -1.0000000e+00
   2.7000000e+02   4.6690300e+00  -1.7351400e+01  -1.0000000e+00
   2.7100000e+02   4.5738600e+00  -2.1118200e+00  -1.0000000e+00
   2.7200000e+02   1.6970400e-01  -4.9598900e+00   1.0000000e+00
   2.7300000e+02  -8.6270600e+00  -2.4479500e+00   1.0000000e+00
   2.7400000e+02   2.4356800e+00   7.6516400e-01  -1.0000000e+00
   2.7500000e+02   5.4301900e+00   5.3413100e+00  -1.0000000e+00
   2.7600000e+02  -8.2448900e+00   3.0366400e+00   1.0000000e+00
   2.7700000e+02   1.4671000e+01  -1.0182600e+01  -1.0000000e+00
   2.7800000e+02  -1.1040500e+01  -8.1866100e+00   1.0000000e+00
   2.7900000e+02  -1.0229100e+01  -6.2512000e+00   1.0000000e+00
   2.8000000e+02  -2.4137400e+00  -1.7019600e+00   1.0000000e+00
   2.8100000e+02  -3.9929300e+00  -5.5271600e+00   1.0000000e+00
   2.8200000e+02  -1.2362300e+01   1.1656500e+01   1.0000000e+00
   2.8300000e+02   4.7774500e+00   9.4822900e+00  -1.0000000e+00
   2.8400000e+02   1.1465700e+01   8.9353100e-01  -1.0000000e+00
   2.8500000e+02  -5.7494900e+00  -3.1136500e-01   1.0000000e+00
   2.8600000e+02   1.4375100e+00  -6.6149500e+00   1.0000000e+00
   2.8700000e+02   9.9472500e+00   1.1241200e+01  -1.0000000e+00
   2.8800000e+02   1.5228900e+01   1.2976300e+01  -1.0000000e+00
   2.8900000e+02  -6.4672300e+00   1.6070600e+01   1.0000000e+00
   2.9000000e+02  -8.5073200e+00  -1.1544200e+01   1.0000000e+00
   2.9100000e+02  -4.7825100e+00  -7.4337100e+00   1.0000000e+00
   2.9200000e+02   1.1117600e+01  -1.0626200e+01  -1.0000000e+00
   2.9300000e+02  -7.3080300e+00  -4.1060500e+00   1.0000000e+00
   2.9400000e+02  -1.2377300e+01   2.5207000e+00   1.0000000e+00
   2.9500000e+02  -6.1832800e+00   1.2378300e+01   1.0000000e+00
   2.9600000e+02  -1.3238300e+01   9.7641400e+00   1.0000000e+00
   2.9700000e+02   2.0395500e+00  -1.3326700e+00  -1.0000000e+00
   2.9800000e+02   2.2343500e+00   1.4421100e+01  -1.0000000e+00
   2.9900000e+02  -1.1504800e+01  -4.6271300e+00   1.0000000e+00
