   0.0000000e+00  -8.7109600e+00   1.0489400e-01   4.5667000e+01  -3.0000000e+00
   1.0000000e+00   1.4922000e+01   3.4355900e+00   2.5989100e+01  -2.0000000e+00
   2.0000000e+00   4.4797900e+00   3.9695600e+00   2.8104200e+01   2.0000000e+00
   3.0000000e+00   2.7429000e+00  -1.6993600e+01   4.0100300e+01  -2.0000000e+00
   4.0000000e+00   1.2185400e+01  -1.2106200e+00   4.2398700e+01  -3.0000000e+00
   5.0000000e+00  -1.2170700e+01  -7.0343000e+00   5.0058100e+01   1.0000000e+00
   6.0000000e+00  -1.8166600e+00   4.1542100e+00   3.0881000e+01   2.0000000e+00
   7.0000000e+00  -7.5234100e+00   6.2697600e+00   4.8230800e+01  -3.0000000e+00
   8.0000000e+00   9.9053800e+00  -6.2106500e+00   5.2844400e+01   1.0000000e+00
   9.0000000e+00  -5.3271400e+00  -1.0425500e+01   5.1813800e+01   1.0000000e+00
   1.0000000e+01   2.6072600e+00   1.1241800e+01   2.9137100e+01   2.0000000e+00
   1.1000000e+01  -7.9080100e+00   4.2434100e+00   4.8786000e+01   1.0000000e+00
   1.2000000e+01  -1.2803300e+01  -1.1252000e+01   5.1168100e+01  -2.0000000e+00
   1.3000000e+01  -1.0599300e+01  -8.3717500e+00   5.0273700e+01   1.0000000e+00
   1.4000000e+01  -1.1200500e+01   1.4618400e+01   4.6820400e+01  -1.0000000e+00
   1.5000000e+01   8.1349500e-01  -6.1246900e+00   5.1825400e+01   1.0000000e+00
   1.6000000e+01   2.6657600e+00   1.4835400e+01   2.9010100e+01   2.0000000e+00
   1.7000000e+01  -9.7037600e+00   1.3169800e+01   4.7276900e+01  -2.0000000e+00
   1.8000000e+01   1.0919400e+01   1.0955500e+01   2.8073700e+01   2.0000000e+00
   1.9000000e+01  -4.7625800e-01   1.3111300e+01   2.9289600e+01   2.0000000e+00
   2.0000000e+01  -1.6422500e+01  -1.0538000e+01   4.9981500e+01  -1.0000000e+00
   2.1000000e+01   4.5930500e-01   7.7082500e+00   2.7952400e+01   2.0000000e+00
   2.2000000e+01  -1.5258100e+00   1.4918100e+01   3.0047700e+01   2.0000000e+00
   2.3000000e+01   5.3730200e+00  -1.1979700e+01   5.1958300e+01   1.0000000e+00
   2.4000000e+01  -8.9474800e+00  -9.7579500e+00   5.0405700e+01   1.0000000e+00
   2.5000000e+01   2.5629200e+00   7.6494500e+00   2.8198600e+01   2.0000000e+00
   2.6000000e+01  -1.5785100e+01  -6.3947600e+00   4.8989700e+01  -2.0000000e+00
   2.7000000e+01   2.1092100e+00   4.0805300e-01   3.4232600e+01  -3.0000000e+00
   2.8000000e+01  -2.4331600e+00  -3.5365700e+00   5.0498500e+01   1.0000000e+00
   2.9000000e+01   9.6130700e+00   1.9602700e+00   2.8130700e+01  -3.0000000e+00
   3.0000000e+01  -7.5510900e-01   2.3904100e+00   4.2098800e+01  -3.0000000e+00
   3.1000000e+01  -9.5214000e+00  -1.3916400e+01   5.0619700e+01  -2.0000000e+00
   3.2000000e+01   1.4995000e+01  -9.8652200e+00   6.8209200e+01  -1.0000000e+00
   3.3000000e+01   1.1021000e+01   1.4581600e+01   1.5744300e+01  -2.0000000e+00
   3.4000000e+01  -5.6092200e+00  -1.2455500e+01   5.1125900e+01   1.0000000e+00
   3.5000000e+01   1.0569600e+01   8.6892800e-02   3.9748200e+01  -3.0000000e+00
   3.6000000e+01   4.7658200e+00   1.4780500e+01   2.8978300e+01  -2.0000000e+00
   3.7000000e+01  -1.1621200e+00  -1.8463500e+01   4.9827500e+01  -1.0000000e+00
   3.8000000e+01  -2.3605400e+00  -1.5100900e+01   5.0763000e+01  -2.0000000e+00
   3.9000000e+01  -2.0959800e+00  -1.4616200e+00   5.1669300e+01   1.0000000e+00
   4.0000000e+01   3.7292200e+00  -1.0715500e+01   5.1700900e+01   1.0000000e+00
   4.1000000e+01   8.9464400e+00  -1.2430000e+01   5.2568700e+01   1.0000000e+00
   4.2000000e+01   1.3055100e+00   2.3195000e+00   1.5032100e+01  -3.0000000e+00
   4.3000000e+01   7.2921700e+00  -1.1217000e+01   5.2308900e+01   1.0000000e+00
   4.4000000e+01   6.4574800e+00  -1.7416900e+01   5.1961400e+01  -1.0000000e+00
   4.5000000e+01  -1.2558800e+01   8.4482400e+00   4.7995800e+01   1.0000000e+00
   4.6000000e+01   1.1681800e+00  -1.5645200e+01   5.0633200e+01  -2.0000000e+00
   4.7000000e+01  -1.2947500e+01   6.4015200e+00   4.8250600e+01   1.0000000e+00
   4.8000000e+01   6.5735000e+00  -3.8059700e+00   5.2613300e+01   1.0000000e+00
   4.9000000e+01   1.5321400e+00   9.4753800e+00   2.8803100e+01   2.0000000e+00
   5.0000000e+01   4.6442900e+00  -4.5750200e+00   5.1947900e+01   1.0000000e+00
   5.1000000e+01  -1.0584000e+01   9.0494300e+00   4.7928300e+01   1.0000000e+00
   5.2000000e+01   1.4137400e+01   1.2672400e+01   1.4756900e+01  -1.0000000e+00
   5.3000000e+01  -4.7729600e+00   9.5657400e+00   3.1385300e+01  -3.0000000e+00
   5.4000000e+01   8.2221500e+00  -5.0471500e+00   5.3314500e+01   1.0000000e+00
   5.5000000e+01  -1.5376300e+00   1.1335300e+01   2.8821500e+01   2.0000000e+00
   5.6000000e+01   6.7618300e+00   1.1169200e+01   2.8543200e+01   2.0000000e+00
   5.7000000e+01   1.2293900e+01  -1.4914700e+01   5.3711400e+01  -1.0000000e+00
   5.8000000e+01   1.1537300e+01  -7.4910200e+00   5.3164500e+01   1.0000000e+00
   5.9000000e+01   1.5157200e-01  -1.0204500e+01   5.1729500e+01   1.0000000e+00
   6.0000000e+01   7.8703000e+00   1.2951800e+01   2.7968700e+01   2.0000000e+00
   6.1000000e+01   1.2574300e+01  -1.2852600e+01   5.2968300e+01  -2.0000000e+00
   6.2000000e+01  -9.1868100e+00   1.5211500e+01   4.6719000e+01  -1.0000000e+00
   6.3000000e+01  -1.1160000e+01  -1.2562100e+01   5.1101000e+01  -2.0000000e+00
   6.4000000e+01   1.3914700e+01  -2.3912800e+00   5.4779700e+01   1.0000000e+00
   6.5000000e+01  -5.1586400e+00   1.6391600e+01   5.2844900e+01  -2.0000000e+00
   6.6000000e+01   5.6513700e-01   1.8511900e+01   3.0427300e+01  -1.0000000e+00
   6.7000000e+01   5.8760200e-01   1.4884000e+01   2.8964200e+01   2.0000000e+00
   6.8000000e+01  -1.6314700e+00   7.7760500e+00   2.7725900e+01   2.0000000e+00
   6.9000000e+01   5.5996900e+00   5.7300700e+00   2.8374600e+01   2.0000000e+00
   7.0000000e+01   5.6845300e+00  -9.9316700e+00   5.1984000e+01   1.0000000e+00
   7.1000000e+01   1.5810000e+01  -1.5313500e+00   4.3548100e+01  -2.0000000e+00
   7.2000000e+01   1.6968700e+01   3.3477400e+00   1.3469700e+01  -1.0000000e+00
   7.3000000e+01  -5.9837300e+00  -1.4552400e+01   5.0556500e+01  -2.0000000e+00
   7.4000000e+01  -1.3397400e+01   4.2216300e+00   4.8587200e+01   1.0000000e+00
   7.5000000e+01  -9.8968600e+00   3.5327900e+00   4.9036900e+01   1.0000000e+00
   7.6000000e+01  -1.3162300e+01  -1.3309600e+01   3.5070600e+01  -1.0000000e+00
   7.7000000e+01  -9.2310100e+00  -1.1825300e+01   5.0782600e+01   1.0000000e+00
   7.8000000e+01   1.7169600e+01  -6.8793900e+00   5.5578400e+01  -1.0000000e+00
   7.9000000e+01   6.8688300e+00   1.4781300e+01   2.9519100e+01  -2.0000000e+00
   8.0000000e+01   9.9579500e+00   1.2811400e+01   2.7374100e+01   2.0000000e+00
   8.1000000e+01  -7.1972000e+00   1.5833200e+01   4.5797300e+01  -1.0000000e+00
   8.2000000e+01   3.1362300e+00  -1.4840000e+01   5.1794300e+01   1.0000000e+00
   8.3000000e+01  -4.3858400e+00  -4.2518000e+00   5.0187700e+01   1.0000000e+00
   8.4000000e+01   3.2947300e-01   4.1357300e+00   2.8840900e+01   2.0000000e+00
   8.5000000e+01  -1.6801300e+01   4.9548600e+00   6.0483000e+01  -2.0000000e+00
   8.6000000e+01   1.3678100e+01  -4.4940200e+00   5.5157400e+01   1.0000000e+00
   8.7000000e+01   1.6040700e-01  -2.4371200e-01   3.8775100e+01  -3.0000000e+00
   8.8000000e+01   1.6021800e+01   5.2159000e+00   2.7547200e+01  -2.0000000e+00
   8.9000000e+01  -1.1532400e+01  -1.4666500e+01   3.5463100e+01  -1.0000000e+00
   9.0000000e+01  -2.5759500e+00   1.3123200e+01   2.9812800e+01  -3.0000000e+00
   9.1000000e+01   1.4052300e+01   8.9810100e+00   2.7935000e+01  -2.0000000e+00
   9.2000000e+01   1.2032900e+01  -3.2663500e+00   5.4753000e+01   1.0000000e+00
   9.3000000e+01  -1.7844000e+01   7.7188700e-01   6.4432400e+01  -1.0000000e+00
   9.4000000e+01   3.3665600e+00   2.2431500e+00   2.7891200e+01   2.0000000e+00
   9.5000000e+01  -8.1568400e+00   1.1787500e+01   4.5954900e+01   1.0000000e+00
   9.6000000e+01   1.0169600e+01  -4.1432300e+00   5.4508700e+01   1.0000000e+00
   9.7000000e+01   3.4200400e+00  -1.2775300e+01   5.1988600e+01   1.0000000e+00
   9.8000000e+01   8.7710900e+00   7.4542500e+00   2.7573600e+01   2.0000000e+00
   9.9000000e+01  -1.4134800e+01  -7.7418100e+00   5.0524300e+01  -2.0000000e+00
   1.0000000e+02   4.4001400e+00   4.5232500e-01   4.0380200e+01  -3.0000000e+00
   1.0100000e+02   4.6920400e+00   1.1207800e+01   2.9044700e+01   2.0000000e+00
   1.0200000e+02  -1.0975600e+01   7.0239700e+00   4.7772100e+01   1.0000000e+00
   1.0300000e+02  -1.0660800e+01  -5.4889800e-01   4.5776300e+01  -3.0000000e+00
   1.0400000e+02  -4.1008600e-01  -1.4313900e+01   5.1195900e+01   1.0000000e+00
   1.0500000e+02  -6.3763200e+00   2.8807800e+00   4.9039900e+01   1.0000000e+00
   1.0600000e+02   3.6255500e+00   9.4181200e+00   2.8810300e+01   2.0000000e+00
   1.0700000e+02  -7.9202700e+00  -1.5232400e+01   5.0464100e+01  -2.0000000e+00
   1.0800000e+02   5.2726200e-01   1.1290700e+01   2.8925000e+01   2.0000000e+00
   1.0900000e+02   1.8033200e+00  -1.1481500e+01   5.1654300e+01   1.0000000e+00
   1.1000000e+02   1.6437600e+00   1.6652900e+01   3.0056000e+01  -2.0000000e+00
   1.1100000e+02  -8.6230100e+00   9.7025400e+00   4.8102500e+01   1.0000000e+00
   1.1200000e+02   8.0523500e-01  -1.7724100e+01   5.0199700e+01  -1.0000000e+00
   1.1300000e+02   1.1843400e+01   5.5016800e+00   2.8094800e+01   2.0000000e+00
   1.1400000e+02   9.9001200e+00   9.1745700e+00   2.7854900e+01   2.0000000e+00
   1.1500000e+02  -1.1813300e+01  -4.9947200e+00   4.9549700e+01   1.0000000e+00
   1.1600000e+02  -1.6078200e+01  -8.4695000e+00   6.5722400e+01  -1.0000000e+00
   1.1700000e+02  -2.7406900e+00  -1.7139900e+01   3.5211800e+01  -1.0000000e+00
   1.1800000e+02   4.8639500e-01  -8.1736900e+00   5.1260200e+01   1.0000000e+00
   1.1900000e+02  -1.7280700e+00   5.7483700e-01   4.6088300e+01  -3.0000000e+00
   1.2000000e+02   5.4991300e+00   2.1850700e+00   2.7836500e+01   2.0000000e+00
   1.2100000e+02  -1.0910600e+01  -1.0406300e+01   5.1270900e+01   1.0000000e+00
   1.2200000e+02  -3.6940700e+00   7.8084100e+00   2.1970700e+01  -3.0000000e+00
   1.2300000e+02  -1.6517700e+01  -2.6318900e+00   4.4490100e+01  -2.0000000e+00
   1.2400000e+02  -1.5350400e+01   3.5062100e+00   4.8174500e+01   1.0000000e+00
   1.2500000e+02  -6.6772700e+00  -6.9796500e+00   4.9720600e+01   1.0000000e+00
   1.2600000e+02  -4.1601000e+00   1.8238000e+01   3.7444600e+01  -1.0000000e+00
   1.2700000e+02  -1.0121500e+01   1.1146000e+01   4.7970000e+01   1.0000000e+00
   1.2800000e+02   1.2861400e+01   3.5887900e+00   2.6625900e+01   2.0000000e+00
   1.2900000e+02  -3.0800000e+00  -7.5915900e+00   5.0678600e+01   1.0000000e+00
   1.3000000e+02  -1.4700700e+00  -8.9119900e+00   5.1146100e+01   1.0000000e+00
   1.3100000e+02  -1.1305200e+00  -6.8841500e+00   5.1115900e+01   1.0000000e+00
   1.3200000e+02   2.1159700e+00  -9.4383000e+00   5.1498600e+01   1.0000000e+00
   1.3300000e+02   5.0869200e+00  -1.4051600e+01   5.2191200e+01   1.0000000e+00
   1.3400000e+02  -1.8148300e+01  -1.3711700e+00   5.2620000e+01  -1.0000000e+00
   1.3500000e+02  -1.2077100e+01   1.0458300e+01   4.7854800e+01  -2.0000000e+00
   1.3600000e+02  -1.8778600e+01   4.2973800e+00   1.6937100e+01  -1.0000000e+00
   1.3700000e+02   4.5394000e+00  -1.8147700e+01   5.3693400e+01  -1.0000000e+00
   1.3800000e+02  -7.6720000e+00   1.3814600e+01   4.6834300e+01  -2.0000000e+00
   1.3900000e+02   1.5594200e+01  -3.5888900e+00   5.4569700e+01  -2.0000000e+00
   1.4000000e+02   4.9302900e+00  -2.5512200e+00   4.0327900e+01  -3.0000000e+00
   1.4100000e+02  -3.6978900e+00   1.4866700e+01   2.5028100e+01  -3.0000000e+00
   1.4200000e+02  -1.6214000e+01  -5.2401100e-01   5.0097600e+01  -2.0000000e+00
   1.4300000e+02  -1.1470900e+01   4.9390100e+00   4.7987500e+01   1.0000000e+00
   1.4400000e+02   6.7439100e+00  -1.5323300e+01   5.2051000e+01  -2.0000000e+00
   1.4500000e+02  -1.2230100e+01   8.0770400e-01   4.9616600e+01   1.0000000e+00
   1.4600000e+02  -6.6598100e+00   1.0375500e+01   4.8313900e+01  -3.0000000e+00
   1.4700000e+02   5.9653600e+00  -7.8697600e+00   5.2324300e+01   1.0000000e+00
   1.4800000e+02  -1.7564700e+01  -4.6592900e+00   3.9090500e+01  -1.0000000e+00
   1.4900000e+02  -2.8953300e+00   5.9132800e+00   2.7987800e+01  -3.0000000e+00
   1.5000000e+02  -5.5969400e+00  -8.6172000e-01   4.5940700e+01  -3.0000000e+00
   1.5100000e+02  -8.5218400e-01  -4.8444100e+00   5.1247200e+01   1.0000000e+00
   1.5200000e+02   6.6153100e+00   3.9355600e+00   2.7921700e+01   2.0000000e+00
   1.5300000e+02   1.3529000e+00  -1.9242800e+00   4.7092900e+01  -3.0000000e+00
   1.5400000e+02  -9.4822200e+00  -2.2378400e+00   4.5689800e+01  -3.0000000e+00
   1.5500000e+02   1.0560000e+01  -1.3724600e+01   5.3275900e+01  -2.0000000e+00
   1.5600000e+02  -1.4168900e+01   9.3464100e-02   4.8698300e+01   1.0000000e+00
   1.5700000e+02  -3.9984700e+00   4.0352300e+00   4.1198200e+01  -3.0000000e+00
   1.5800000e+02   3.7274600e+00   1.6729700e+01   1.7674700e+01  -2.0000000e+00
   1.5900000e+02  -1.4456600e+01  -9.8371900e+00   5.0505800e+01  -2.0000000e+00
   1.6000000e+02  -9.8643100e+00  -4.3060500e+00   4.9706500e+01   1.0000000e+00
   1.6100000e+02  -7.5410600e+00  -1.5742700e+00   4.5876200e+01  -3.0000000e+00
   1.6200000e+02  -1.4555100e+01   7.7970600e+00   5.0106300e+01  -2.0000000e+00
   1.6300000e+02   1.4265700e+01  -1.4080200e+01   5.1803300e+01  -1.0000000e+00
   1.6400000e+02   1.5800000e+01   1.2577000e+00   2.7237400e+01  -2.0000000e+00
   1.6500000e+02   2.7217500e+00  -5.3549100e+00   5.2015800e+01   1.0000000e+00
   1.6600000e+02  -4.0303900e+00  -2.1827500e+00   5.0105800e+01   1.0000000e+00
   1.6700000e+02   7.6908000e+00   5.7025300e+00   2.8010500e+01   2.0000000e+00
   1.6800000e+02  -2.0347800e+00  -1.3016000e+01   5.1628300e+01   1.0000000e+00
   1.6900000e+02  -7.0032200e+00  -9.0775000e+00   5.0940900e+01   1.0000000e+00
   1.7000000e+02  -8.2173100e+00  -1.7301400e+01   5.1225900e+01  -1.0000000e+00
   1.7100000e+02  -3.6773800e+00  -1.5219300e-01   4.5790700e+01  -3.0000000e+00
   1.7200000e+02  -3.6904700e+00  -1.1721400e+01   5.1678900e+01   1.0000000e+00
   1.7300000e+02   5.7734100e+00   1.2971500e+01   2.8838300e+01   2.0000000e+00
   1.7400000e+02   9.5776600e+00  -8.3051000e+00   5.2099400e+01   1.0000000e+00
   1.7500000e+02  -1.4582600e+01  -1.9179600e+00   4.5672600e+01  -3.0000000e+00
   1.7600000e+02   9.9439700e+00   1.6551200e+01   2.9781900e+01  -1.0000000e+00
   1.7700000e+02   9.2280000e+00  -1.0386000e+01   5.2151400e+01   1.0000000e+00
   1.7800000e+02  -4.7052300e+00  -6.2853400e+00   5.0238300e+01   1.0000000e+00
   1.7900000e+02   1.5737200e+00   1.3071200e+01   2.8927300e+01   2.0000000e+00
   1.8000000e+02   1.7973300e+01   1.5106800e+00   3.8831300e+01  -1.0000000e+00
   1.8100000e+02   3.3143300e+00  -1.2892600e+00   4.2972800e+01  -3.0000000e+00
   1.8200000e+02  -1.7303500e+01   2.8468500e+00   4.6931100e+01  -2.0000000e+00
   1.8300000e+02  -1.6488300e+01   7.0028200e+00   6.6275800e+01  -1.0000000e+00
   1.8400000e+02   3.6488100e+00   1.3030600e+01   2.8813900e+01   2.0000000e+00
   1.8500000e+02  -7.0659600e+00   8.3485800e+00   4.9767800e+01  -3.0000000e+00
   1.8600000e+02  -7.5509600e+00  -1.3189800e+01   5.0400700e+01   1.0000000e+00
   1.8700000e+02  -1.1327700e-01  -1.2242200e+01   5.1839700e+01   1.0000000e+00
   1.8800000e+02  -8.6592200e+00  -7.6440700e+00   4.9912500e+01   1.0000000e+00
   1.8900000e+02   1.1975100e+01   9.0675100e+00   2.7751300e+01   2.0000000e+00
   1.9000000e+02   7.9036200e+00  -7.0863700e+00   5.2547800e+01   1.0000000e+00
   1.9100000e+02   1.5222600e+01   1.0833200e+01   1.3647500e+01  -1.0000000e+00
   1.9200000e+02  -3.9630500e+00  -1.3767600e+01   5.1094100e+01   1.0000000e+00
   1.9300000e+02  -1.3384700e+01  -3.6361000e+00   4.5566900e+01  -3.0000000e+00
   1.9400000e+02   1.2898500e+01  -1.0800300e+01   5.3104800e+01  -2.0000000e+00
   1.9500000e+02  -9.4678900e+00   5.5994900e+00   4.8182700e+01   1.0000000e+00
   1.9600000e+02   7.8682100e+00   1.6594100e+01   2.9857600e+01  -1.0000000e+00
   1.9700000e+02  -5.9255500e+00   4.8804300e+00   5.1939200e+01  -3.0000000e+00
   1.9800000e+02   1.0773200e+01   3.7318300e+00   2.7434400e+01   2.0000000e+00
   1.9900000e+02  -7.2570600e+00  -1.1154100e+01   5.1070600e+01   1.0000000e+00
   2.0000000e+02   4.3365500e+00  -6.6277300e+00   5.2035700e+01   1.0000000e+00
   2.0100000e+02   1.4280600e+00   5.8751300e+00   2.8048700e+01   2.0000000e+00
   2.0200000e+02  -6.3171100e+00  -4.9402500e+00   4.9927600e+01   1.0000000e+00
   2.0300000e+02   1.3962800e+01   5.3721100e+00   2.7517100e+01   2.0000000e+00
   2.0400000e+02   1.0852100e+01  -1.1631100e+01   5.2418500e+01   1.0000000e+00
   2.0500000e+02  -2.7773600e+00  -5.5629400e+00   5.0826600e+01   1.0000000e+00
   2.0600000e+02  -5.0975600e+00  -8.3135700e+00   5.0914900e+01   1.0000000e+00
   2.0700000e+02  -9.0212900e+00   7.6880100e+00   4.8280500e+01   1.0000000e+00
   2.0800000e+02   8.6708300e+00   3.7979200e+00   2.7364500e+01   2.0000000e+00
   2.0900000e+02  -1.5324200e+01  -4.3098400e+00   4.3514200e+01  -2.0000000e+00
   2.1000000e+02  -4.3100400e-01   1.6697900e+01   3.0215300e+01  -2.0000000e+00
   2.1100000e+02  -5.4272700e-01   9.5274600e+00   2.8547200e+01   2.0000000e+00
   2.1200000e+02   6.2578300e+00  -5.8395200e+00   5.2003400e+01   1.0000000e+00
   2.1300000e+02  -7.5971600e-01   5.9190100e+00   2.8397200e+01   2.0000000e+00
   2.1400000e+02  -6.2784500e+00  -1.6595000e+01   5.0829600e+01  -1.0000000e+00
   2.1500000e+02  -8.3187900e+00   2.1975100e+00   4.9343500e+01   1.0000000e+00
   2.1600000e+02   1.0343200e+01  -1.5787800e+01   5.3603000e+01  -1.0000000e+00
   2.1700000e+02   1.4075100e+01  -3.2194500e-01   3.7299100e+01  -3.0000000e+00
   2.1800000e+02  -2.6154100e+00   1.6687300e+01   3.3961400e+01  -2.0000000e+00
   2.1900000e+02   1.3068600e+01   1.0835600e+01   2.8700800e+01  -2.0000000e+00
   2.2000000e+02   5.7036600e+00   9.3670400e+00   2.8671000e+01   2.0000000e+00
   2.2100000e+02   1.7125900e+01   7.0724000e+00   2.8080100e+01  -1.0000000e+00
   2.2200000e+02  -1.3645400e+01   1.1831100e+01   6.3478700e+01  -1.0000000e+00
   2.2300000e+02  -5.6416800e+00   1.2177400e+01   1.3564800e+01  -3.0000000e+00
   2.2400000e+02   4.0460100e+00  -8.6832700e+00   5.1938300e+01   1.0000000e+00
   2.2500000e+02   1.5266700e+01  -7.7727400e+00   6.6545600e+01  -2.0000000e+00
   2.2600000e+02   7.0191200e+00  -1.3266500e+01   5.2354300e+01   1.0000000e+00
   2.2700000e+02   6.8169700e+00  -1.7438900e+00   3.6179900e+01  -3.0000000e+00
   2.2800000e+02   1.1196300e+01  -9.5883200e+00   5.2360700e+01   1.0000000e+00
   2.2900000e+02   8.3541800e+00  -1.6609400e+01   5.2178300e+01  -1.0000000e+00
   2.3000000e+02   1.3276700e+01  -8.6287800e+00   5.3713100e+01  -2.0000000e+00
   2.3100000e+02   3.5084700e+00   5.8227100e+00   2.7615600e+01   2.0000000e+00
   2.3200000e+02   1.3780200e+01   1.7399200e+00   8.7180500e+00  -3.0000000e+00
   2.3300000e+02   8.4919000e+00  -2.3724800e-01   2.7807200e+01  -3.0000000e+00
   2.3400000e+02  -1.0279000e+01   1.5055900e+00   4.9317000e+01   1.0000000e+00
   2.3500000e+02   1.4986600e+00  -1.3561000e+01   5.1524000e+01   1.0000000e+00
   2.3600000e+02  -1.2535800e+01  -9.0790500e+00   5.0886700e+01   1.0000000e+00
   2.3700000e+02  -1.0244200e+01  -6.3327900e+00   4.9820800e+01   1.0000000e+00
   2.3800000e+02  -1.7504800e+00  -1.0976900e+01   5.1904800e+01   1.0000000e+00
   2.3900000e+02   6.4848300e+00   2.7467500e-01   9.2910600e+00  -3.0000000e+00
   2.4000000e+02  -1.3801500e+01  -5.7134100e+00   4.9413500e+01   1.0000000e+00
   2.4100000e+02   1.1667700e+01   1.8724600e+00   3.8648900e+01  -3.0000000e+00
   2.4200000e+02  -3.7302500e+00   1.1358600e+01   3.6715600e+01  -3.0000000e+00
   2.4300000e+02  -1.4776600e+01  -1.1930100e+01   3.4883100e+01  -1.0000000e+00
   2.4400000e+02  -1.6143800e+00   1.8498800e+01   3.2644600e+01  -1.0000000e+00
   2.4500000e+02  -9.8895700e+00  -1.5986900e+01   3.5980200e+01  -1.0000000e+00
   2.4600000e+02   3.0097600e+00  -3.3220700e+00   5.1575100e+01   1.0000000e+00
   2.4700000e+02  -7.9305100e+00  -3.5906500e+00   4.9806300e+01   1.0000000e+00
   2.4800000e+02   8.9642800e+00   1.4719700e+01   2.8734500e+01  -2.0000000e+00
   2.4900000e+02   1.0314200e+01  -2.0491600e+00   5.3281700e+01   1.0000000e+00
   2.5000000e+02   1.7581200e+01  -2.6776400e+00   7.0542000e+01  -1.0000000e+00
   2.5100000e+02   9.7635000e+00   5.5522300e+00   2.8065300e+01   2.0000000e+00
   2.5200000e+02  -1.2628600e+01  -1.2730800e+00   4.5670200e+01  -3.0000000e+00
   2.5300000e+02  -7.5388600e-01  -1.6390000e+01   5.0337500e+01  -2.0000000e+00
   2.5400000e+02   1.5393600e+01  -5.6348800e+00   5.5424700e+01  -2.0000000e+00
   2.5500000e+02  -1.4170400e+01   9.8402800e+00   6.0170900e+01  -2.0000000e+00
   2.5600000e+02   7.5562700e+00   2.0577700e+00   2.6483200e+01  -3.0000000e+00
   2.5700000e+02  -1.1685400e+01   1.2534700e+01   4.8445900e+01  -2.0000000e+00
   2.5800000e+02   4.7926000e+00  -1.6103000e+01   5.2405800e+01  -2.0000000e+00
   2.5900000e+02   7.7979600e+00   9.2780600e+00   2.8202900e+01   2.0000000e+00
   2.6000000e+02  -5.1316600e-01  -2.7753100e+00   5.0446100e+01   1.0000000e+00
   2.6100000e+02   1.0813200e+00  -4.0930200e+00   5.1873300e+01   1.0000000e+00
   2.6200000e+02  -1.6140400e+01   9.0974300e+00   5.0623400e+01  -1.0000000e+00
   2.6300000e+02   1.7293000e+01  -4.7973000e+00   6.9309100e+01  -1.0000000e+00
   2.6400000e+02  -2.8230200e+00   2.3374300e+00   3.6851600e+01  -3.0000000e+00
   2.6500000e+02  -1.1871800e+01   2.8537400e+00   4.9397200e+01   1.0000000e+00
   2.6600000e+02   1.6159600e+01   8.9457300e+00   1.2467300e+01  -1.0000000e+00
   2.6700000e+02  -5.9613700e+00  -2.8941500e+00   4.9840600e+01   1.0000000e+00
   2.6800000e+02   1.5004800e+01   7.1578200e+00   2.7941700e+01  -2.0000000e+00
   2.6900000e+02  -1.3278500e+01   1.3941900e+01   4.8905300e+01  -1.0000000e+00
   2.7000000e+02   4.6311000e+00   7.5620800e+00   2.8208400e+01   2.0000000e+00
   2.7100000e+02  -5.6614000e+00   1.4229100e+01   2.4170800e+01  -2.0000000e+00
   2.7200000e+02   1.3121700e+01   1.4471800e+01   2.8155900e+01  -1.0000000e+00
   2.7300000e+02   8.6500300e+00  -1.4551000e+01   5.2491200e+01  -2.0000000e+00
   2.7400000e+02   2.6814900e+00   1.8512500e+01   3.0417600e+01  -1.0000000e+00
   2.7500000e+02   6.6930100e+00   7.5230600e+00   2.8398700e+01   2.0000000e+00
   2.7600000e+02   1.2015600e+01   1.2700700e+01   2.8225800e+01  -2.0000000e+00
   2.7700000e+02  -4.7811900e+00   1.5849500e+00   4.4713000e+01  -3.0000000e+00
   2.7800000e+02   1.7647400e+01  -5.9052400e-01   6.7867300e+01  -1.0000000e+00
   2.7900000e+02   2.3873800e+00   4.0639900e+00   2.7879600e+01   2.0000000e+00
   2.8000000e+02   1.1831600e+01  -5.4172600e+00   5.4015900e+01   1.0000000e+00
   2.8100000e+02   1.0822200e+01   7.3338300e+00   2.7562700e+01   2.0000000e+00
   2.8200000e+02   8.4574600e+00  -2.9733500e+00   4.2527600e+01   1.0000000e+00
   2.8300000e+02  -2.6816600e+00   9.5959400e+00   2.9478200e+01  -3.0000000e+00
   2.8400000e+02  -4.3302400e+00  -1.5839300e+01   3.8903300e+01  -2.0000000e+00
   2.8500000e+02  -1.4879800e+01   5.6949900e+00   4.9383000e+01  -2.0000000e+00
   2.8600000e+02   7.6052600e+00  -9.1395600e+00   5.2204300e+01   1.0000000e+00
   2.8700000e+02  -1.5762500e+01   1.4844300e+00   4.8426100e+01  -2.0000000e+00
   2.8800000e+02  -1.1423300e+01  -2.9493400e+00   4.5949000e+01  -3.0000000e+00
   2.8900000e+02   8.8361600e+00   1.1066400e+01   2.7953500e+01   2.0000000e+00
   2.9000000e+02  -3.4064800e+00  -9.6691000e+00   5.1504600e+01   1.0000000e+00
   2.9100000e+02   5.7991300e+00   1.6624300e+01   2.9279000e+01  -1.0000000e+00
   2.9200000e+02   1.3528800e+01  -6.5603100e+00   5.5249600e+01   1.0000000e+00
   2.9300000e+02  -5.5406100e+00   6.9126900e+00   4.9961800e+01  -3.0000000e+00
   2.9400000e+02  -1.3788400e+01   2.1428500e+00   4.9320000e+01   1.0000000e+00
   2.9500000e+02  -6.7588000e+00   8.6247300e-01   4.6027900e+01  -3.0000000e+00
   2.9600000e+02   2.4316700e+00  -7.3993700e+00   5.1692700e+01   1.0000000e+00
   2.9700000e+02   1.2949100e+01   7.2349800e+00   2.7819100e+01   2.0000000e+00
   2.9800000e+02  -8.2539700e+00  -5.6291900e+00   4.9778800e+01   1.0000000e+00
   2.9900000e+02   1.4695900e+01  -1.1976400e+01   6.7405000e+01  -1.0000000e+00
