   0.0000000e+00  -1.2126200e+01   1.1830800e+01   1.0000000e+00
   1.0000000e+00   3.7330600e+00  -7.1760100e+00  -1.0000000e+00
   2.0000000e+00   4.2757000e+00   2.3125800e-01  -1.0000000e+00
   3.0000000e+00   1.0115900e+01  -1.8831400e+00  -1.0000000e+00
   4.0000000e+00  -9.8694900e+00  -2.4194900e+00   1.0000000e+00
   5.0000000e+00   1.4866300e+01   1.1683700e+01  -1.0000000e+00
   6.0000000e+00  -1.1011100e+01   4.7081200e+00   1.0000000e+00
   7.0000000e+00  -4.3664300e+00  -3.7210100e+00  -1.0000000e+00
   8.0000000e+00   5.1196600e+00   5.6366500e+00  -1.0000000e+00
   9.0000000e+00   5.3637800e+00  -5.8560700e+00  -1.0000000e+00
   1.0000000e+01   1.4127000e+01   6.2437600e+00  -1.0000000e+00
   1.1000000e+01  -1.2476300e+01   8.1703900e-01   1.0000000e+00
   1.2000000e+01  -1.3056800e+01   4.3797700e+00   1.0000000e+00
   1.3000000e+01  -2.9749900e+00   1.8365100e+01   1.0000000e+00
   1.4000000e+01  -6.3360200e+00   1.8885500e+00   1.0000000e+00
   1.5000000e+01   3.3850400e+00  -5.1368700e+00  -1.0000000e+00
   1.6000000e+01   1.3778200e+01   8.2843800e+00  -1.0000000e+00
   1.7000000e+01  -7.5475300e+00  -1.6296100e+01  -1.0000000e+00
   1.8000000e+01   9.0040500e+00  -1.6819700e+01  -1.0000000e+00
   1.9000000e+01  -2.3950100e+00  -1.4497100e+01  -1.0000000e+00
   2.0000000e+01   1.5338900e+01   9.6714500e+00  -1.0000000e+00
   2.1000000e+01  -7.2572600e+00  -6.6867200e+00   1.0000000e+00
   2.2000000e+01   1.0339800e+01  -1.3474300e+01  -1.0000000e+00
   2.3000000e+01  -3.1899800e+00   1.5318700e+01   1.0000000e+00
   2.4000000e+01   7.0298800e+00   1.4514700e+01  -1.0000000e+00
   2.5000000e+01  -1.9630100e+00   1.3673600e+01   1.0000000e+00
   2.6000000e+01  -1.3863600e+01  -1.2736800e+01   1.0000000e+00
   2.7000000e+01   1.2437900e+01  -4.6583600e+00  -1.0000000e+00
   2.8000000e+01  -6.7132900e+00   1.0864300e+01   1.0000000e+00
   2.9000000e+01   1.7653900e+01  -2.6524200e+00  -1.0000000e+00
   3.0000000e+01   8.2229600e+00   8.3302800e+00  -1.0000000e+00
   3.1000000e+01   5.0371700e+00   1.5161200e+01  -1.0000000e+00
   3.2000000e+01   2.3841700e+00   1.0375800e+01  -1.0000000e+00
   3.3000000e+01  -8.8335200e+00  -8.0380000e+00   1.0000000e+00
   3.4000000e+01   1.5598900e+01  -1.9777600e+00  -1.0000000e+00
   3.5000000e+01  -7.1230900e+00  -1.0862800e-01   1.0000000e+00
   3.6000000e+01   1.0981300e+01   3.5879900e+00  -1.0000000e+00
   3.7000000e+01   1.0636300e+01  -1.5552400e+01  -1.0000000e+00
   3.8000000e+01   1.1341900e+01   1.1037900e+01  -1.0000000e+00
   3.9000000e+01   8.6992900e+00  -1.4752700e+01  -1.0000000e+00
   4.0000000e+01   3.1319900e+00  -1.4658600e+01  -1.0000000e+00
   4.1000000e+01   5.8645100e+00   1.5707900e+00  -1.0000000e+00
   4.2000000e+01  -1.6581400e+01   1.5436200e-01   1.0000000e+00
   4.3000000e+01  -9.6991200e+00   3.1200900e+00   1.0000000e+00
   4.4000000e+01  -3.9803600e+00  -1.5825200e+01  -1.0000000e+00
   4.5000000e+01   6.6007500e+00  -2.5178500e+00  -1.0000000e+00
   4.6000000e+01   1.3953800e+01  -1.2817300e+01  -1.0000000e+00
   4.7000000e+01   1.0557900e+01   5.6104200e+00  -1.0000000e+00
   4.8000000e+01   3.5343800e+00   4.2989400e+00  -1.0000000e+00
   4.9000000e+01  -7.6601000e+00   3.4600000e+00   1.0000000e+00
   5.0000000e+01   1.8156700e+01   4.6563200e+00  -1.0000000e+00
   5.1000000e+01   1.4801600e+01  -7.4309700e+00  -1.0000000e+00
   5.2000000e+01  -5.0654300e+00   2.5490900e-01   1.0000000e+00
   5.3000000e+01   1.4479000e+01   4.1644300e+00  -1.0000000e+00
   5.4000000e+01  -2.4991200e+00   1.1665600e+01   1.0000000e+00
   5.5000000e+01   8.6113000e+00   6.3068600e+00  -1.0000000e+00
   5.6000000e+01  -5.2690800e+00  -7.5702400e+00  -1.0000000e+00
   5.7000000e+01  -2.0223400e+00  -1.6565900e+01  -1.0000000e+00
   5.8000000e+01  -1.0144700e+01  -1.1421500e+01   1.0000000e+00
   5.9000000e+01   1.2558800e+01   4.9046900e+00  -1.0000000e+00
   6.0000000e+01  -1.1574700e+01   8.3162800e+00   1.0000000e+00
   6.1000000e+01  -1.4106500e+01  -8.6362000e+00   1.0000000e+00
   6.2000000e+01   2.6627400e+00  -1.0632100e+00  -1.0000000e+00
   6.3000000e+01  -1.7181600e+00  -7.0272200e+00  -1.0000000e+00
   6.4000000e+01  -1.7896000e+01   1.7624500e+00   1.0000000e+00
   6.5000000e+01  -1.5855800e+01   7.6974500e+00   1.0000000e+00
   6.6000000e+01  -1.0419200e+01  -9.3627300e+00   1.0000000e+00
   6.7000000e+01   1.1885800e+00  -1.3904900e+01  -1.0000000e+00
   6.8000000e+01   6.6524600e+00   1.6600800e+01  -1.0000000e+00
   6.9000000e+01  -1.4381300e+01   6.0336800e+00   1.0000000e+00
   7.0000000e+01   6.7096800e+00  -1.4047100e+01  -1.0000000e+00
   7.1000000e+01   1.5997300e+01  -4.0489500e+00  -1.0000000e+00
   7.2000000e+01  -1.0587700e+01  -4.3318700e+00   1.0000000e+00
   7.3000000e+01   1.5309400e+00  -1.5962800e+01  -1.0000000e+00
   7.4000000e+01  -8.4968200e+00  -1.0107800e+01   1.0000000e+00
   7.5000000e+01   1.6444000e+01   3.4403000e+00  -1.0000000e+00
   7.6000000e+01  -4.5116300e+00   1.6914600e+01   1.0000000e+00
   7.7000000e+01  -1.3493900e+00  -9.0831600e+00  -1.0000000e+00
   7.8000000e+01  -2.9899400e+00   6.0081000e-01  -1.0000000e+00
   7.9000000e+01  -1.6731000e+01  -5.3343100e+00   1.0000000e+00
   8.0000000e+01   8.7215200e-01  -1.1872100e+01  -1.0000000e+00
   8.1000000e+01   1.2924200e+01   1.2394500e+01  -1.0000000e+00
   8.2000000e+01  -8.2282500e+00  -1.2143500e+01  -1.0000000e+00
   8.3000000e+01   6.6693900e+00   6.9928100e+00  -1.0000000e+00
   8.4000000e+01   1.0986700e+01   1.3072100e+01  -1.0000000e+00
   8.5000000e+01   1.7770600e+01   6.6844200e+00  -1.0000000e+00
   8.6000000e+01   1.5417100e+00   1.4429900e+01  -1.0000000e+00
   8.7000000e+01  -2.0489600e+00   7.9808400e+00   1.0000000e+00
   8.8000000e+01  -1.0586700e+01   1.5752000e+01   1.0000000e+00
   8.9000000e+01   4.9796800e+00  -3.8186600e+00  -1.0000000e+00
   9.0000000e+01  -7.2759900e+00   1.4430600e+01   1.0000000e+00
   9.1000000e+01  -1.5098200e+01   4.0973200e+00   1.0000000e+00
   9.2000000e+01  -1.0823300e+01   1.0241400e+01   1.0000000e+00
   9.3000000e+01  -1.4370200e-01   2.8004400e+00  -1.0000000e+00
   9.4000000e+01   1.4571000e+00  -4.4034100e+00  -1.0000000e+00
   9.5000000e+01   1.1945700e+01  -1.2157500e+01  -1.0000000e+00
   9.6000000e+01   8.3549200e+00  -1.2712600e+01  -1.0000000e+00
   9.7000000e+01  -3.6797100e-03   1.3055800e+01   1.0000000e+00
   9.8000000e+01   9.4055700e+00   2.2435300e+00  -1.0000000e+00
   9.9000000e+01   1.4466700e+01   1.3783400e+01  -1.0000000e+00
   1.0000000e+02   8.9150500e+00  -5.2699300e+00  -1.0000000e+00
   1.0100000e+02   7.0629000e+00   4.9457800e+00  -1.0000000e+00
   1.0200000e+02  -1.1343200e+01   1.3815000e+01   1.0000000e+00
   1.0300000e+02   2.2341300e-01  -7.7719700e+00  -1.0000000e+00
   1.0400000e+02   7.6509700e+00  -8.6057600e+00  -1.0000000e+00
   1.0500000e+02  -4.4140200e-01   1.5050600e+01   1.0000000e+00
   1.0600000e+02  -4.1085300e+00   7.6740600e+00   1.0000000e+00
   1.0700000e+02  -7.2719200e+00  -1.8355700e+01  -1.0000000e+00
   1.0800000e+02   4.6606000e+00  -1.7879200e+00  -1.0000000e+00
   1.0900000e+02   3.4791000e+00   1.3794600e+01  -1.0000000e+00
   1.1000000e+02  -1.6459900e+01   5.6818400e+00   1.0000000e+00
   1.1100000e+02  -3.3335000e+00  -8.3159700e+00  -1.0000000e+00
   1.1200000e+02   1.3282800e+01   7.7192700e-01  -1.0000000e+00
   1.1300000e+02   7.9831200e+00  -1.0646000e+01  -1.0000000e+00
   1.1400000e+02   1.3168100e+01  -8.7382100e+00  -1.0000000e+00
   1.1500000e+02   1.2896200e+01   2.8538300e+00  -1.0000000e+00
   1.1600000e+02  -1.7117500e+01   3.6962600e+00   1.0000000e+00
   1.1700000e+02   4.9246400e-01   8.8920200e+00  -1.0000000e+00
   1.1800000e+02  -1.1797000e+01  -1.2680200e+01   1.0000000e+00
   1.1900000e+02  -1.5454800e+01  -7.0106800e+00   1.0000000e+00
   1.2000000e+02  -2.9732300e+00  -1.0375700e+01  -1.0000000e+00
   1.2100000e+02   9.2440200e+00  -7.3192400e+00  -1.0000000e+00
   1.2200000e+02   4.2291200e-01   1.0987700e+01  -1.0000000e+00
   1.2300000e+02  -1.1480700e+01  -1.4806100e+01   1.0000000e+00
   1.2400000e+02  -1.2895700e+01   9.8972900e+00   1.0000000e+00
   1.2500000e+02  -1.1192700e+01  -7.7959100e-01   1.0000000e+00
   1.2600000e+02   5.6898900e+00  -7.9034400e+00  -1.0000000e+00
   1.2700000e+02   1.8624300e+01   2.6313700e+00  -1.0000000e+00
   1.2800000e+02   4.3389300e+00   9.7335100e+00  -1.0000000e+00
   1.2900000e+02  -5.9495600e+00  -1.4996100e+01  -1.0000000e+00
   1.3000000e+02  -5.1899900e+00   1.4819700e+01   1.0000000e+00
   1.3100000e+02  -1.3394200e+00   9.9288300e+00   1.0000000e+00
   1.3200000e+02   1.0494000e+01  -3.9697800e+00  -1.0000000e+00
   1.3300000e+02   1.4406600e+01  -5.3534600e+00  -1.0000000e+00
   1.3400000e+02  -9.5284600e+00   8.5867500e+00   1.0000000e+00
   1.3500000e+02  -3.3734700e+00   9.5965200e+00   1.0000000e+00
   1.3600000e+02  -6.5830000e+00  -1.0883300e+01  -1.0000000e+00
   1.3700000e+02   1.6430200e+01  -6.1252800e+00  -1.0000000e+00
   1.3800000e+02  -7.5725100e-01  -1.3195100e+01  -1.0000000e+00
   1.3900000e+02   1.0553800e+01   1.5131200e+01  -1.0000000e+00
   1.4000000e+02  -6.4969600e+00  -3.6650400e+00   1.0000000e+00
   1.4100000e+02  -1.7392700e+00  -1.8659400e+01  -1.0000000e+00
   1.4200000e+02   8.5370700e+00  -3.2215600e+00  -1.0000000e+00
   1.4300000e+02  -1.0084400e+01   1.2175700e+01   1.0000000e+00
   1.4400000e+02  -4.5965000e+00  -1.1654100e+01  -1.0000000e+00
   1.4500000e+02   1.5121100e+01  -9.4826900e+00  -1.0000000e+00
   1.4600000e+02  -1.3619800e+01   7.9722300e+00   1.0000000e+00
   1.4700000e+02   6.2766500e+00   9.0427200e+00  -1.0000000e+00
   1.4800000e+02  -8.7953400e+00   1.0571900e+01   1.0000000e+00
   1.4900000e+02   5.4394700e+00  -1.7432800e+01  -1.0000000e+00
   1.5000000e+02   4.7291300e+00   7.7018700e+00  -1.0000000e+00
   1.5100000e+02   2.4811500e+00  -1.0578000e+01  -1.0000000e+00
   1.5200000e+02   4.7577100e+00  -1.3351700e+01  -1.0000000e+00
   1.5300000e+02  -1.0286500e+01   6.6472200e+00   1.0000000e+00
   1.5400000e+02   5.6580700e-01  -9.8295500e+00  -1.0000000e+00
   1.5500000e+02  -1.5276900e+01  -1.4542900e+00   1.0000000e+00
   1.5600000e+02  -3.6523600e+00  -1.7875800e+01  -1.0000000e+00
   1.5700000e+02   1.7214900e+01  -6.4641700e-01  -1.0000000e+00
   1.5800000e+02  -8.0285300e+00   1.2459600e+01   1.0000000e+00
   1.5900000e+02  -1.4680500e+01  -4.9816800e+00   1.0000000e+00
   1.6000000e+02  -1.5836100e+01   2.0731200e+00   1.0000000e+00
   1.6100000e+02   1.4859800e+01   2.1261400e+00  -1.0000000e+00
   1.6200000e+02   6.9470100e+00  -4.5496300e+00  -1.0000000e+00
   1.6300000e+02   6.0355900e+00  -9.9363600e+00  -1.0000000e+00
   1.6400000e+02   7.2951700e+00  -6.5892400e+00  -1.0000000e+00
   1.6500000e+02   1.9101700e+00   3.0278400e+00  -1.0000000e+00
   1.6600000e+02   1.8011200e+00  -6.4509600e+00  -1.0000000e+00
   1.6700000e+02   1.2335800e+00   6.9547700e+00  -1.0000000e+00
   1.6800000e+02  -2.6716300e+00  -1.2437400e+01  -1.0000000e+00
   1.6900000e+02  -1.5879500e-02   1.8255100e+01   1.0000000e+00
   1.7000000e+02   8.9729300e+00   1.3801600e+01  -1.0000000e+00
   1.7100000e+02  -1.2844800e+00  -1.2396400e+00  -1.0000000e+00
   1.7200000e+02  -1.3405900e+01  -6.5999200e+00   1.0000000e+00
   1.7300000e+02   1.1709300e+01  -5.6654900e-01  -1.0000000e+00
   1.7400000e+02  -8.5360700e-02  -1.7331300e+01  -1.0000000e+00
   1.7500000e+02   3.5130900e+00  -1.6693500e+01  -1.0000000e+00
   1.7600000e+02  -1.2647400e+01  -4.6521700e+00   1.0000000e+00
   1.7700000e+02  -1.6002200e+01  -3.3925100e+00   1.0000000e+00
   1.7800000e+02   1.2153800e+01   6.9224200e+00  -1.0000000e+00
   1.7900000e+02  -4.3057900e+00  -1.3700700e+01  -1.0000000e+00
   1.8000000e+02   1.0190800e+01   7.6412600e+00  -1.0000000e+00
   1.8100000e+02  -2.4097500e+00  -2.9506900e+00  -1.0000000e+00
   1.8200000e+02   1.1723400e+01   8.9935100e+00  -1.0000000e+00
   1.8300000e+02   1.2106500e+01  -2.6202400e+00  -1.0000000e+00
   1.8400000e+02  -3.6563000e+00  -6.2869300e+00  -1.0000000e+00
   1.8500000e+02   1.2330500e+01  -1.4187000e+01  -1.0000000e+00
   1.8600000e+02  -1.4956600e+01   9.6082200e+00   1.0000000e+00
   1.8700000e+02   7.8424000e+00   1.0377400e+01  -1.0000000e+00
   1.8800000e+02  -7.4696500e+00   8.9362400e+00   1.0000000e+00
   1.8900000e+02  -6.2648900e+00  -1.2947500e+01  -1.0000000e+00
   1.9000000e+02   9.4064500e+00   1.1738200e+01  -1.0000000e+00
   1.9100000e+02   1.5254700e+01   7.6894400e-02  -1.0000000e+00
   1.9200000e+02  -1.1339200e+01  -6.2445500e+00   1.0000000e+00
   1.9300000e+02   2.7669500e+00   8.3543400e+00  -1.0000000e+00
   1.9400000e+02  -1.0422700e+01   1.1929400e+00   1.0000000e+00
   1.9500000e+02   9.6205000e+00  -9.3442500e+00  -1.0000000e+00
   1.9600000e+02   7.4326000e+00   2.9065800e+00  -1.0000000e+00
   1.9700000e+02  -7.8817300e+00  -1.4240700e+01  -1.0000000e+00
   1.9800000e+02   9.9525800e+00  -1.1374400e+01  -1.0000000e+00
   1.9900000e+02  -1.0722100e+00  -1.1151200e+01  -1.0000000e+00
   2.0000000e+02   7.4677000e+00   1.2408000e+01  -1.0000000e+00
   2.0100000e+02  -1.2087100e+01  -8.1736400e+00   1.0000000e+00
   2.0200000e+02  -7.8351500e+00  -2.0785300e+00   1.0000000e+00
   2.0300000e+02  -1.5565300e+00   1.6808900e+01   1.0000000e+00
   2.0400000e+02   2.6722700e+00   1.7876200e+01   1.0000000e+00
   2.0500000e+02  -1.3974000e+01  -3.0493200e+00   1.0000000e+00
   2.0600000e+02   1.0880700e+01  -5.9970600e+00  -1.0000000e+00
   2.0700000e+02   9.7530800e+00   1.3706700e-01  -1.0000000e+00
   2.0800000e+02   4.1010100e+00  -9.2341600e+00  -1.0000000e+00
   2.0900000e+02  -2.7889200e+00   6.0644600e+00   1.0000000e+00
   2.1000000e+02  -3.6950800e+00  -1.3541200e+00  -1.0000000e+00
   2.1100000e+02  -6.5208000e+00   1.6444700e+01   1.0000000e+00
   2.1200000e+02  -1.3812900e+01   2.4737300e+00   1.0000000e+00
   2.1300000e+02   2.7951800e+00  -1.2619000e+01  -1.0000000e+00
   2.1400000e+02   1.9447600e+00   1.2399300e+01  -1.0000000e+00
   2.1500000e+02   1.3644500e+01  -1.2591700e+00  -1.0000000e+00
   2.1600000e+02  -1.6176500e+01  -9.0480700e+00   1.0000000e+00
   2.1700000e+02  -6.9006200e+00  -8.8138800e+00  -1.0000000e+00
   2.1800000e+02  -3.5059500e+00   4.1324400e+00   1.0000000e+00
   2.1900000e+02  -5.8059500e+00  -1.7065200e+00   1.0000000e+00
   2.2000000e+02   2.2291700e+00   1.0002100e+00  -1.0000000e+00
   2.2100000e+02   3.1846000e+00   6.3204600e+00  -1.0000000e+00
   2.2200000e+02   3.0441400e+00  -3.1095000e+00  -1.0000000e+00
   2.2300000e+02   1.9167700e+00  -1.8004800e+01  -1.0000000e+00
   2.2400000e+02  -8.5280200e+00  -4.0341300e+00   1.0000000e+00
   2.2500000e+02   1.6856400e+01   1.4003400e+00  -1.0000000e+00
   2.2600000e+02   5.1258200e+00  -1.5384000e+01  -1.0000000e+00
   2.2700000e+02   7.9853700e-01   4.8190500e+00  -1.0000000e+00
   2.2800000e+02  -1.1902400e+01  -2.7312600e+00   1.0000000e+00
   2.2900000e+02  -5.6002500e+00   3.8047000e+00   1.0000000e+00
   2.3000000e+02   6.4115700e+00  -1.2007100e+01  -1.0000000e+00
   2.3100000e+02   5.5306300e+00   1.3111700e+01  -1.0000000e+00
   2.3200000e+02   9.7759800e+00   9.6696200e+00  -1.0000000e+00
   2.3300000e+02   1.0898300e+00  -2.3748300e+00  -1.0000000e+00
   2.3400000e+02  -8.9751900e+00   5.0480500e+00   1.0000000e+00
   2.3500000e+02   8.6177800e+00   1.5828600e+01  -1.0000000e+00
   2.3600000e+02  -1.3411000e+01   1.3474100e+01   1.0000000e+00
   2.3700000e+02  -1.4207600e+01  -1.0699500e+01   1.0000000e+00
   2.3800000e+02  -1.2348300e+01   6.3406400e+00   1.0000000e+00
   2.3900000e+02  -4.8808200e-01  -3.6851600e+00  -1.0000000e+00
   2.4000000e+02   2.1453000e+00  -8.4934800e+00  -1.0000000e+00
   2.4100000e+02  -9.1454400e+00  -4.7795100e-01   1.0000000e+00
   2.4200000e+02  -4.2740700e+00   2.2073300e+00   1.0000000e+00
   2.4300000e+02  -7.4269500e-01   6.3998500e+00  -1.0000000e+00
   2.4400000e+02  -1.7351400e+01  -1.7920400e+00   1.0000000e+00
   2.4500000e+02   1.4044500e+01  -3.3398300e+00  -1.0000000e+00
   2.4600000e+02   1.1560800e+01  -1.0063700e+01  -1.0000000e+00
   2.4700000e+02  -1.8102200e+01  -3.7307400e+00   1.0000000e+00
   2.4800000e+02   9.0187900e+00   4.2529200e+00  -1.0000000e+00
   2.4900000e+02   1.2822100e+01  -6.7125200e+00  -1.0000000e+00
   2.5000000e+02  -5.9758000e+00   1.2800700e+01   1.0000000e+00
   2.5100000e+02   8.1710200e+00  -1.1909500e+00  -1.0000000e+00
   2.5200000e+02  -1.4620700e+00   4.4474700e+00  -1.0000000e+00
   2.5300000e+02   6.8898500e-01  -3.6224100e-01  -1.0000000e+00
   2.5400000e+02   3.0237100e+00   1.5851200e+01  -1.0000000e+00
   2.5500000e+02  -8.2374100e+00   6.9714400e+00   1.0000000e+00
   2.5600000e+02   1.0731900e+00   1.6503200e+01   1.0000000e+00
   2.5700000e+02  -9.5012200e+00  -1.5617400e+01  -1.0000000e+00
   2.5800000e+02  -6.8912800e+00   5.4126300e+00   1.0000000e+00
   2.5900000e+02   1.5809600e+01   7.6359900e+00  -1.0000000e+00
   2.6000000e+02  -1.3242800e+01  -1.1061700e+00   1.0000000e+00
   2.6100000e+02   6.2497200e+00  -4.6860100e-01  -1.0000000e+00
   2.6200000e+02  -1.8693900e+01  -2.0398400e-01   1.0000000e+00
   2.6300000e+02   4.6301800e+00   1.7213300e+01  -1.0000000e+00
   2.6400000e+02  -1.7716600e+01  -7.3127700e+00   1.0000000e+00
   2.6500000e+02   1.6067800e+01   5.4943300e+00  -1.0000000e+00
   2.6600000e+02   1.3301800e+01   1.0315900e+01  -1.0000000e+00
   2.6700000e+02  -9.5788300e-01   8.7211000e-01  -1.0000000e+00
   2.6800000e+02  -4.1966100e-01  -1.5265500e+01  -1.0000000e+00
   2.6900000e+02   1.6772100e+01  -8.2302000e+00  -1.0000000e+00
   2.7000000e+02  -5.5622300e+00  -5.5204600e+00  -1.0000000e+00
   2.7100000e+02   1.2525600e+01   1.4466900e+01  -1.0000000e+00
   2.7200000e+02  -1.4191300e+01   1.1566400e+01   1.0000000e+00
   2.7300000e+02  -8.5536300e+00   1.6147200e+01   1.0000000e+00
   2.7400000e+02  -9.2328500e+00  -6.0134800e+00   1.0000000e+00
   2.7500000e+02  -5.6034700e+00  -1.7121500e+01  -1.0000000e+00
   2.7600000e+02  -8.3947700e+00   1.5114100e+00   1.0000000e+00
   2.7700000e+02  -3.9517800e+00   1.3150700e+01   1.0000000e+00
   2.7800000e+02  -9.3059600e+00   1.4082700e+01   1.0000000e+00
   2.7900000e+02   4.4441300e+00  -1.1290300e+01  -1.0000000e+00
   2.8000000e+02  -1.1763900e+01   2.7872700e+00   1.0000000e+00
   2.8100000e+02   1.1304600e+01   1.4878100e+00  -1.0000000e+00
   2.8200000e+02  -4.9206200e+00  -9.6221200e+00  -1.0000000e+00
   2.8300000e+02  -6.1491300e+00   7.3632200e+00   1.0000000e+00
   2.8400000e+02  -1.2108100e+01  -1.0535500e+01   1.0000000e+00
   2.8500000e+02  -2.0719200e+00  -4.9772300e+00  -1.0000000e+00
   2.8600000e+02   7.8261400e+00   8.6960900e-01  -1.0000000e+00
   2.8700000e+02  -4.8608900e+00   5.7459600e+00   1.0000000e+00
   2.8800000e+02   5.4614600e+00   3.5932600e+00  -1.0000000e+00
   2.8900000e+02   1.1238300e+01  -8.0296900e+00  -1.0000000e+00
   2.9000000e+02   7.0766900e+00  -1.6070900e+01  -1.0000000e+00
   2.9100000e+02   1.3503000e+01  -1.0787700e+01  -1.0000000e+00
   2.9200000e+02  -2.2174900e+00   2.5305400e+00  -1.0000000e+00
   2.9300000e+02   3.8827000e+00   2.2499600e+00  -1.0000000e+00
   2.9400000e+02  -1.4524500e+01   4.9517800e-01   1.0000000e+00
   2.9500000e+02  -4.6840900e+00   1.1180800e+01   1.0000000e+00
   2.9600000e+02  -1.2704400e-01  -5.7167500e+00  -1.0000000e+00
   2.9700000e+02   5.9007200e+00   1.1066500e+01  -1.0000000e+00
   2.9800000e+02   3.9517400e+00   1.1783200e+01  -1.0000000e+00
   2.9900000e+02  -9.8244900e+00  -1.3555100e+01   1.0000000e+00
