   0.0000000e+00  -6.7569000e+00   2.7079200e+00   1.0000000e+00
   1.0000000e+00  -1.0505900e+01   9.9255800e+00  -1.0000000e+00
   2.0000000e+00   5.9656400e+00   1.1266600e+01  -1.0000000e+00
   3.0000000e+00  -8.6474700e+00  -3.8431200e-01   1.0000000e+00
   4.0000000e+00  -3.9695000e+00   7.3451300e+00  -1.0000000e+00
   5.0000000e+00  -1.5189200e+01   6.7173000e+00   1.0000000e+00
   6.0000000e+00   1.0697500e+01  -1.4901100e+01   1.0000000e+00
   7.0000000e+00   3.9179900e+00  -4.1353200e+00   1.0000000e+00
   8.0000000e+00  -1.4661200e+01   9.3960500e+00  -1.0000000e+00
   9.0000000e+00  -1.3741800e+00  -8.2001800e-01   1.0000000e+00
   1.0000000e+01   3.5269300e+00  -1.2494400e+01   1.0000000e+00
   1.1000000e+01  -1.4346200e+01  -7.4050400e+00   1.0000000e+00
   1.2000000e+01   8.8796200e+00  -1.3745800e+01   1.0000000e+00
   1.3000000e+01  -2.0527300e+00  -1.5312600e+01   1.0000000e+00
   1.4000000e+01  -1.0921700e+01  -1.1776300e+01   1.0000000e+00
   1.5000000e+01  -1.7592400e+00  -9.1235200e+00   1.0000000e+00
   1.6000000e+01  -7.2270200e+00  -9.8483900e+00   1.0000000e+00
   1.7000000e+01   1.8168300e+00  -9.2576400e+00   1.0000000e+00
   1.8000000e+01  -1.3910400e+01   5.0822600e+00   1.0000000e+00
   1.9000000e+01   9.9457600e-01   8.9978900e+00  -1.0000000e+00
   2.0000000e+01   9.5841700e+00   2.8794000e+00   1.0000000e+00
   2.1000000e+01  -3.9140200e+00  -1.6262300e+01   1.0000000e+00
   2.2000000e+01   1.6356800e+01  -7.8018200e+00   1.0000000e+00
   2.3000000e+01   3.9367100e-01  -1.9025700e+00   1.0000000e+00
   2.4000000e+01   1.2486900e+01  -1.3806700e+01   1.0000000e+00
   2.5000000e+01   6.6269100e+00   1.6892600e+01  -1.0000000e+00
   2.6000000e+01  -1.2607800e+01  -8.5710900e+00   1.0000000e+00
   2.7000000e+01   1.2927000e+01  -3.4539600e+00   1.0000000e+00
   2.8000000e+01   1.4500700e+01  -8.7463300e+00   1.0000000e+00
   2.9000000e+01  -1.9017200e+00   7.3312500e+00  -1.0000000e+00
   3.0000000e+01   1.1019600e+01  -6.5173700e+00   1.0000000e+00
   3.1000000e+01   1.6574100e+01  -3.5372800e+00   1.0000000e+00
   3.2000000e+01   5.4912000e+00  -9.4428200e+00   1.0000000e+00
   3.3000000e+01  -9.2915700e+00   8.1922600e+00  -1.0000000e+00
   3.4000000e+01   1.0115900e+01   1.1659600e+01  -1.0000000e+00
   3.5000000e+01  -2.6757000e+00   1.4621000e+01  -1.0000000e+00
   3.6000000e+01   7.1453600e+00  -1.2646100e+01   1.0000000e+00
   3.7000000e+01  -2.9259900e-01  -1.6464300e+01   1.0000000e+00
   3.8000000e+01  -1.2258700e+01   1.5391100e+01  -1.0000000e+00
   3.9000000e+01   9.1468100e+00  -7.5204500e+00   1.0000000e+00
   4.0000000e+01  -8.8994400e+00  -6.6131200e+00   1.0000000e+00
   4.1000000e+01  -1.2052600e+01   3.9815400e+00   1.0000000e+00
   4.2000000e+01  -1.7655700e+01   1.0741900e+00   1.0000000e+00
   4.3000000e+01  -1.0684600e+01  -5.4918200e+00   1.0000000e+00
   4.4000000e+01   9.2484500e+00   9.7459100e+00  -1.0000000e+00
   4.5000000e+01  -1.6104200e+01  -6.3287000e+00   1.0000000e+00
   4.6000000e+01  -1.3914600e+01   3.0164800e+00   1.0000000e+00
   4.7000000e+01  -3.5920900e+00  -1.0073000e+01   1.0000000e+00
   4.8000000e+01   1.4827500e+00  -1.7596000e+01   1.0000000e+00
   4.9000000e+01   9.7663900e+00   1.5297600e+01  -1.0000000e+00
   5.0000000e+01   9.6293600e+00   5.8644300e+00  -1.0000000e+00
   5.1000000e+01   1.1314000e+01   1.7386400e+00   1.0000000e+00
   5.2000000e+01  -7.4366500e+00  -1.4061900e+01   1.0000000e+00
   5.3000000e+01  -8.7231300e+00  -2.4506900e+00   1.0000000e+00
   5.4000000e+01  -1.7080000e+01   5.8492800e+00   1.0000000e+00
   5.5000000e+01  -6.0694800e+00   7.1013700e+00  -1.0000000e+00
   5.6000000e+01   3.0499700e+00   9.1953800e+00  -1.0000000e+00
   5.7000000e+01   1.5057600e+00   1.4898000e+01  -1.0000000e+00
   5.8000000e+01   6.2975900e+00   7.6944700e+00  -1.0000000e+00
   5.9000000e+01   5.6486100e+00  -5.2563300e+00   1.0000000e+00
   6.0000000e+01  -1.2820800e+01  -1.4872200e+01   1.0000000e+00
   6.1000000e+01   1.4640000e+01  -6.6716600e+00   1.0000000e+00
   6.2000000e+01  -8.8069200e+00  -4.5597300e+00   1.0000000e+00
   6.3000000e+01   6.5640100e-01   4.2807200e+00   1.0000000e+00
   6.4000000e+01  -1.4000200e+01   9.3062600e-01   1.0000000e+00
   6.5000000e+01  -1.2497300e+01  -6.5094000e+00   1.0000000e+00
   6.6000000e+01  -7.6518400e+00   1.2346900e+01  -1.0000000e+00
   6.7000000e+01   1.2496600e+01   8.2783100e+00  -1.0000000e+00
   6.8000000e+01   7.7179900e+00   1.9214900e+00   1.0000000e+00
   6.9000000e+01  -6.8914600e+00  -1.4964000e+00   1.0000000e+00
   7.0000000e+01  -1.2570600e+01   9.7234000e+00  -1.0000000e+00
   7.1000000e+01  -9.2903400e+00  -1.4977700e+01   1.0000000e+00
   7.2000000e+01  -1.7983200e+01  -7.3200100e+00   1.0000000e+00
   7.3000000e+01  -5.5972300e-01   1.4811500e+01  -1.0000000e+00
   7.4000000e+01  -1.0549000e+01  -3.4348700e+00   1.0000000e+00
   7.5000000e+01   7.2455800e+00  -1.0534500e+01   1.0000000e+00
   7.6000000e+01  -1.4159500e+01  -3.2224900e+00   1.0000000e+00
   7.7000000e+01  -6.7404300e+00   4.7593800e+00   1.0000000e+00
   7.8000000e+01   1.4895300e+01   1.6943300e+00   1.0000000e+00
   7.9000000e+01   5.2141100e+00  -1.5638000e+01   1.0000000e+00
   8.0000000e+01  -1.0728200e+01  -7.5542100e+00   1.0000000e+00
   8.1000000e+01  -3.5809600e-01  -1.8531300e+01   1.0000000e+00
   8.2000000e+01  -1.5902300e+01  -1.5551000e-02   1.0000000e+00
   8.3000000e+01   3.7129400e-01   1.6643900e+01  -1.0000000e+00
   8.4000000e+01   7.4822900e+00   5.9909000e+00  -1.0000000e+00
   8.5000000e+01   7.7115300e+00   1.5039400e+01  -1.0000000e+00
   8.6000000e+01   1.9330300e+00  -7.1897000e+00   1.0000000e+00
   8.7000000e+01   1.0843700e+01  -1.0688700e+01   1.0000000e+00
   8.8000000e+01  -5.5826000e+00  -1.3095100e+01   1.0000000e+00
   8.9000000e+01   1.3131200e+01   2.7503400e+00   1.0000000e+00
   9.0000000e+01   2.3221900e+00   1.1276700e+00   1.0000000e+00
   9.1000000e+01   9.0861200e+00  -9.5828000e+00   1.0000000e+00
   9.2000000e+01  -1.2405300e+00   1.2521100e+00   1.0000000e+00
   9.3000000e+01  -5.1182200e+00  -2.7325200e+00   1.0000000e+00
   9.4000000e+01  -8.8244600e+00   1.4048900e+01  -1.0000000e+00
   9.5000000e+01   1.3080500e+01   6.7280000e-01   1.0000000e+00
   9.6000000e+01   1.8506300e+01   1.6565400e+00   1.0000000e+00
   9.7000000e+01   8.3771400e+00   7.8724300e+00  -1.0000000e+00
   9.8000000e+01  -1.7773700e+01  -1.0188200e+00   1.0000000e+00
   9.9000000e+01   8.8243500e+00  -1.5827200e+01   1.0000000e+00
   1.0000000e+02   1.2640900e+01  -9.6765000e+00   1.0000000e+00
   1.0100000e+02   3.7933500e+00  -6.2408100e+00   1.0000000e+00
   1.0200000e+02  -3.4417100e+00  -5.9228800e+00   1.0000000e+00
   1.0300000e+02  -1.5719100e+00  -4.9812400e+00   1.0000000e+00
   1.0400000e+02  -1.5779100e+01   4.1790300e+00   1.0000000e+00
   1.0500000e+02  -3.7388800e+00  -1.2142000e+01   1.0000000e+00
   1.0600000e+02   1.7740200e+01   5.9983000e+00  -1.0000000e+00
   1.0700000e+02  -9.1010100e+00  -1.0804200e+01   1.0000000e+00
   1.0800000e+02   1.4320200e+01   1.2085500e+01  -1.0000000e+00
   1.0900000e+02  -1.2257700e+01  -1.9660000e-01   1.0000000e+00
   1.1000000e+02  -1.0284700e+01   2.9129200e+00   1.0000000e+00
   1.1100000e+02  -1.6459900e+01   8.3875100e+00  -1.0000000e+00
   1.1200000e+02   1.4448000e+01  -1.0814100e+01   1.0000000e+00
   1.1300000e+02   4.0009000e+00  -2.0713900e+00   1.0000000e+00
   1.1400000e+02  -5.5014400e+00  -1.0986600e+01   1.0000000e+00
   1.1500000e+02  -4.8202500e+00   3.4304900e+00   1.0000000e+00
   1.1600000e+02  -1.7419000e+00   1.6537500e+01  -1.0000000e+00
   1.1700000e+02   2.1771100e+00   7.3175500e+00  -1.0000000e+00
   1.1800000e+02   4.9983500e-01   1.6218300e-01   1.0000000e+00
   1.1900000e+02   1.6466000e+01  -5.6267700e+00   1.0000000e+00
   1.2000000e+02   5.8263000e+00  -1.1177900e+00   1.0000000e+00
   1.2100000e+02  -3.8126400e+00  -1.4202700e+01   1.0000000e+00
   1.2200000e+02   1.8416000e+01  -2.4889300e+00   1.0000000e+00
   1.2300000e+02   9.3300000e+00  -3.3595400e+00   1.0000000e+00
   1.2400000e+02  -1.7848600e+01  -5.2286800e+00   1.0000000e+00
   1.2500000e+02  -1.4520700e+00   1.2963900e+01  -1.0000000e+00
   1.2600000e+02   1.5690600e+01   5.7155000e+00  -1.0000000e+00
   1.2700000e+02  -3.3240900e+00  -3.8592500e+00   1.0000000e+00
   1.2800000e+02   1.4872900e+01  -3.6518300e-01   1.0000000e+00
   1.2900000e+02   4.0639500e+00   1.0567300e-02   1.0000000e+00
   1.3000000e+02   5.5743800e+00  -7.3283500e+00   1.0000000e+00
   1.3100000e+02  -1.0392300e+01   7.3700300e-01   1.0000000e+00
   1.3200000e+02   9.2814500e+00  -5.4162400e+00   1.0000000e+00
   1.3300000e+02   6.8277200e+00   1.3140800e+01  -1.0000000e+00
   1.3400000e+02  -4.7229700e+00   1.4483400e+01  -1.0000000e+00
   1.3500000e+02   7.5830700e+00  -2.2295500e+00   1.0000000e+00
   1.3600000e+02  -1.3400700e+01   7.7739300e+00  -1.0000000e+00
   1.3700000e+02  -1.9560100e+00  -1.3245700e+01   1.0000000e+00
   1.3800000e+02  -7.3127500e+00  -1.1994100e+01   1.0000000e+00
   1.3900000e+02  -1.4531000e+01  -1.1623200e+01   1.0000000e+00
   1.4000000e+02   4.2308600e+00   7.5052900e+00  -1.0000000e+00
   1.4100000e+02   5.0903200e+00   9.3880600e+00  -1.0000000e+00
   1.4200000e+02   1.8455300e+00   1.0901200e+01  -1.0000000e+00
   1.4300000e+02  -1.3870500e+01   1.1348200e+01  -1.0000000e+00
   1.4400000e+02  -8.7718800e+00   4.3467000e+00   1.0000000e+00
   1.4500000e+02  -1.5929700e+01  -2.1059400e+00   1.0000000e+00
   1.4600000e+02  -1.0206000e+01   1.5699300e+01  -1.0000000e+00
   1.4700000e+02   9.4080100e+00  -1.2552500e+00   1.0000000e+00
   1.4800000e+02  -1.4248200e+01  -5.3425300e+00   1.0000000e+00
   1.4900000e+02   2.1222100e+00  -3.0199800e+00   1.0000000e+00
   1.5000000e+02   1.1287200e+01   9.9562600e+00  -1.0000000e+00
   1.5100000e+02  -1.2408300e+01  -4.3743700e+00   1.0000000e+00
   1.5200000e+02   1.1246500e+01  -3.0721900e-01   1.0000000e+00
   1.5300000e+02   1.3782800e+00   1.8554400e+01  -1.0000000e+00
   1.5400000e+02  -7.0272600e+00  -5.7283100e+00   1.0000000e+00
   1.5500000e+02   6.9480400e+00  -1.6831900e+01   1.0000000e+00
   1.5600000e+02   7.4167200e+00  -6.3745400e+00   1.0000000e+00
   1.5700000e+02  -1.6212600e+01  -8.4741400e+00   1.0000000e+00
   1.5800000e+02  -5.7952300e+00  -1.7235800e+01   1.0000000e+00
   1.5900000e+02  -1.7816300e+01  -3.0999500e+00   1.0000000e+00
   1.6000000e+02  -3.0631700e+00   2.3757000e+00   1.0000000e+00
   1.6100000e+02  -1.7033100e+00  -7.0347800e+00   1.0000000e+00
   1.6200000e+02   5.4330000e+00   5.8284600e+00   1.0000000e+00
   1.6300000e+02   1.3799600e-01   7.0784500e+00  -1.0000000e+00
   1.6400000e+02  -8.0234200e+00   1.6124800e+01  -1.0000000e+00
   1.6500000e+02   1.3032300e+01   1.3721300e+01  -1.0000000e+00
   1.6600000e+02   3.6471200e+00  -1.0408600e+01   1.0000000e+00
   1.6700000e+02   1.6684300e+01   6.3494300e-01   1.0000000e+00
   1.6800000e+02  -3.1377900e+00   9.2170900e+00  -1.0000000e+00
   1.6900000e+02   9.4782100e+00   8.0728300e-01   1.0000000e+00
   1.7000000e+02  -5.9246500e+00   1.6415000e+01  -1.0000000e+00
   1.7100000e+02   5.7582400e+00  -3.1927000e+00   1.0000000e+00
   1.7200000e+02  -6.7723600e+00   6.2729700e-01   1.0000000e+00
   1.7300000e+02   1.4792700e-01  -6.0953100e+00   1.0000000e+00
   1.7400000e+02   1.3882700e+01   6.6941100e+00  -1.0000000e+00
   1.7500000e+02   1.6280300e+01  -9.8468200e+00   1.0000000e+00
   1.7600000e+02   1.5933700e+00  -1.5528100e+01   1.0000000e+00
   1.7700000e+02  -3.1008900e+00   3.1594400e-01   1.0000000e+00
   1.7800000e+02   1.1111000e+01  -4.4220900e+00   1.0000000e+00
   1.7900000e+02   4.5265000e+00   1.6706600e+01  -1.0000000e+00
   1.8000000e+02  -1.2658500e+01  -1.0676600e+01   1.0000000e+00
   1.8100000e+02   2.4569400e+00   1.6717100e+01  -1.0000000e+00
   1.8200000e+02   5.4148000e+00  -1.1503300e+01   1.0000000e+00
   1.8300000e+02   7.3079000e+00  -8.4808200e+00   1.0000000e+00
   1.8400000e+02   6.2760000e-02  -8.1635500e+00   1.0000000e+00
   1.8500000e+02  -1.8515400e+00  -1.1177800e+01   1.0000000e+00
   1.8600000e+02   1.4919300e+01   3.7883000e+00   1.0000000e+00
   1.8700000e+02  -1.0955600e+01   1.3755900e+01  -1.0000000e+00
   1.8800000e+02   1.1153700e+01  -2.3572000e+00   1.0000000e+00
   1.8900000e+02   1.6702800e+01   7.9855400e+00  -1.0000000e+00
   1.9000000e+02   3.5970400e+00   1.4802400e+01  -1.0000000e+00
   1.9100000e+02  -4.3722500e+00   1.0872300e+01  -1.0000000e+00
   1.9200000e+02  -7.1419000e+00  -7.7829200e+00   1.0000000e+00
   1.9300000e+02   1.3423700e+01   1.0221600e+01  -1.0000000e+00
   1.9400000e+02  -5.2787300e+00  -6.8491900e+00   1.0000000e+00
   1.9500000e+02   8.9828000e+00  -1.1648400e+01   1.0000000e+00
   1.9600000e+02  -1.0798400e+00   9.2147500e+00  -1.0000000e+00
   1.9700000e+02  -1.1000200e+01  -1.3834200e+01   1.0000000e+00
   1.9800000e+02  -3.5362100e+00  -7.9965400e+00   1.0000000e+00
   1.9900000e+02   1.2609200e+01  -1.1736300e+01   1.0000000e+00
   2.0000000e+02  -5.6488800e+00  -1.5144700e+01   1.0000000e+00
   2.0100000e+02   5.8959300e+00   9.4024200e-01   1.0000000e+00
   2.0200000e+02   1.2153500e+01   1.1831400e+01  -1.0000000e+00
   2.0300000e+02  -1.2107000e+01   6.0750600e+00   1.0000000e+00
   2.0400000e+02   1.4782900e+01  -2.4684100e+00   1.0000000e+00
   2.0500000e+02   1.0451400e+01   7.9826900e+00  -1.0000000e+00
   2.0600000e+02   7.8535200e+00   3.9753600e+00   1.0000000e+00
   2.0700000e+02   4.1858700e+00   2.0959900e+00   1.0000000e+00
   2.0800000e+02   4.7492400e+00   1.2995100e+01  -1.0000000e+00
   2.0900000e+02   5.9000000e-01   2.2203900e+00   1.0000000e+00
   2.1000000e+02   1.1718500e+01   6.3448500e+00  -1.0000000e+00
   2.1100000e+02  -5.2501800e+00   8.9762000e+00  -1.0000000e+00
   2.1200000e+02   3.8998700e+00   1.1119300e+01  -1.0000000e+00
   2.1300000e+02  -2.6249300e-01   1.1154400e+01  -1.0000000e+00
   2.1400000e+02  -2.3185800e+00   1.1105600e+01  -1.0000000e+00
   2.1500000e+02  -2.9761300e+00   4.4743500e+00   1.0000000e+00
   2.1600000e+02   2.8770300e-01  -3.9730400e+00   1.0000000e+00
   2.1700000e+02  -6.9466000e+00  -3.6724400e+00   1.0000000e+00
   2.1800000e+02  -1.4940500e+00  -2.9155500e+00   1.0000000e+00
   2.1900000e+02  -3.5370100e+00   1.2754500e+01  -1.0000000e+00
   2.2000000e+02  -1.2761300e+01  -1.2742600e+01   1.0000000e+00
   2.2100000e+02   1.2990500e+01  -1.3893400e+00   1.0000000e+00
   2.2200000e+02   1.6689100e+01   2.7090800e+00   1.0000000e+00
   2.2300000e+02  -1.2949100e+01   1.3250600e+01  -1.0000000e+00
   2.2400000e+02  -1.1342800e+01   8.0439800e+00  -1.0000000e+00
   2.2500000e+02   5.2865900e+00  -1.3560500e+01   1.0000000e+00
   2.2600000e+02   1.2870100e+01  -5.5372700e+00   1.0000000e+00
   2.2700000e+02   2.5127300e+00   5.2850500e+00   1.0000000e+00
   2.2800000e+02  -6.4535600e+00   1.0658400e+01  -1.0000000e+00
   2.2900000e+02   1.1042600e+01   4.3273300e+00   1.0000000e+00
   2.3000000e+02   5.1092400e+00  -1.7742300e+01   1.0000000e+00
   2.3100000e+02  -5.5963300e+00   1.2566200e+01  -1.0000000e+00
   2.3200000e+02  -4.8037100e+00   5.4753200e+00   1.0000000e+00
   2.3300000e+02   1.7858200e+00  -1.1335300e+01   1.0000000e+00
   2.3400000e+02  -8.0172700e+00   6.4141700e+00   1.0000000e+00
   2.3500000e+02  -9.0105600e+00  -8.7337000e+00   1.0000000e+00
   2.3600000e+02   3.7181500e+00  -8.3446600e+00   1.0000000e+00
   2.3700000e+02  -1.1229000e-01  -1.2332300e+01   1.0000000e+00
   2.3800000e+02   4.2489600e+00   4.1600600e+00   1.0000000e+00
   2.3900000e+02   2.4229300e+00   3.1913900e+00   1.0000000e+00
   2.4000000e+02  -7.2980800e+00   8.7782300e+00  -1.0000000e+00
   2.4100000e+02  -9.1717400e+00  -1.2899400e+01   1.0000000e+00
   2.4200000e+02  -9.3217500e-03  -1.0244200e+01   1.0000000e+00
   2.4300000e+02   7.6370500e+00  -1.6349000e-01   1.0000000e+00
   2.4400000e+02   1.1856600e+01   1.5455600e+01  -1.0000000e+00
   2.4500000e+02  -2.9771300e+00   1.8267700e+01  -1.0000000e+00
   2.4600000e+02  -1.1710700e+01   1.1610300e+01  -1.0000000e+00
   2.4700000e+02   3.4458800e+00  -1.4554800e+01   1.0000000e+00
   2.4800000e+02  -1.4444700e+01  -9.5698500e+00   1.0000000e+00
   2.4900000e+02   1.6804400e+00  -1.3429500e+01   1.0000000e+00
   2.5000000e+02  -1.2324700e+01  -2.2719200e+00   1.0000000e+00
   2.5100000e+02  -6.8041400e+00   1.4427600e+01  -1.0000000e+00
   2.5200000e+02   1.5726400e+01   1.0383300e+01  -1.0000000e+00
   2.5300000e+02  -1.2146100e+01   1.9248600e+00   1.0000000e+00
   2.5400000e+02   5.6551000e+00   1.4845300e+01  -1.0000000e+00
   2.5500000e+02   1.8482000e+01  -3.9609100e-01   1.0000000e+00
   2.5600000e+02  -5.1609700e+00  -4.7877400e+00   1.0000000e+00
   2.5700000e+02   1.0903400e+01  -8.5819300e+00   1.0000000e+00
   2.5800000e+02   7.4929600e+00  -4.3140900e+00   1.0000000e+00
   2.5900000e+02   7.1754000e+00   9.5646700e+00  -1.0000000e+00
   2.6000000e+02  -1.5772700e+01   2.0986300e+00   1.0000000e+00
   2.6100000e+02   1.4364600e+01  -1.2913800e+01   1.0000000e+00
   2.6200000e+02  -1.1995100e+00   3.3338500e+00   1.0000000e+00
   2.6300000e+02   6.1653800e-01   1.3025400e+01  -1.0000000e+00
   2.6400000e+02  -8.5163800e+00   1.0428600e+01  -1.0000000e+00
   2.6500000e+02  -8.0075100e-01   1.8404800e+01  -1.0000000e+00
   2.6600000e+02  -1.0852400e+01  -9.6523000e+00   1.0000000e+00
   2.6700000e+02  -1.4555000e-01  -1.4406900e+01   1.0000000e+00
   2.6800000e+02  -1.4085500e+01  -1.1365500e+00   1.0000000e+00
   2.6900000e+02   2.0382100e+00  -5.1174900e+00   1.0000000e+00
   2.7000000e+02   1.4681200e+01   8.5771800e+00  -1.0000000e+00
   2.7100000e+02  -5.3849000e+00  -8.9087600e+00   1.0000000e+00
   2.7200000e+02   7.0584100e+00  -1.4702600e+01   1.0000000e+00
   2.7300000e+02   6.0098500e+00   3.0697400e+00   1.0000000e+00
   2.7400000e+02  -3.2026700e+00  -1.7830600e+00   1.0000000e+00
   2.7500000e+02  -9.6929700e+00   1.2139400e+01  -1.0000000e+00
   2.7600000e+02  -4.8618800e+00   1.3765700e+00   1.0000000e+00
   2.7700000e+02  -1.1392900e+00   5.3990500e+00   1.0000000e+00
   2.7800000e+02  -4.0219600e+00  -1.8340100e+01   1.0000000e+00
   2.7900000e+02   2.2393000e+00  -9.5018600e-01   1.0000000e+00
   2.8000000e+02   1.6627100e+01  -1.4722800e+00   1.0000000e+00
   2.8100000e+02   1.3067200e+01   4.8034200e+00   1.0000000e+00
   2.8200000e+02  -1.7578300e+01   3.1524800e+00   1.0000000e+00
   2.8300000e+02   1.0716300e+01  -1.2773100e+01   1.0000000e+00
   2.8400000e+02  -7.5476800e+00  -1.6143600e+01   1.0000000e+00
   2.8500000e+02   3.3541200e+00  -1.6614800e+01   1.0000000e+00
   2.8600000e+02  -1.0031900e+01   5.9837300e+00   1.0000000e+00
   2.8700000e+02  -3.8201900e+00   1.6363900e+01  -1.0000000e+00
   2.8800000e+02  -1.0481600e+01  -1.3516200e+00   1.0000000e+00
   2.8900000e+02  -2.1310500e+00  -1.7429300e+01   1.0000000e+00
   2.9000000e+02   1.0941700e+01   1.3580400e+01  -1.0000000e+00
   2.9100000e+02  -8.5825100e+00   1.7585300e+00   1.0000000e+00
   2.9200000e+02   1.4703400e+01  -4.5487900e+00   1.0000000e+00
   2.9300000e+02   1.8520000e+01   3.8653500e+00   1.0000000e+00
   2.9400000e+02   2.6882400e+00   1.2820800e+01  -1.0000000e+00
   2.9500000e+02   8.8979800e+00   1.3342800e+01  -1.0000000e+00
   2.9600000e+02   1.2777200e+01  -7.6057800e+00   1.0000000e+00
   2.9700000e+02   8.0676800e+00   1.1451300e+01  -1.0000000e+00
   2.9800000e+02  -1.6055100e+01  -4.1920000e+00   1.0000000e+00
   2.9900000e+02  -4.9692000e+00  -6.8160100e-01   1.0000000e+00
