   0.0000000e+00  -6.5318400e+00   1.6314400e+01  -1.0000000e+00
   1.0000000e+00   1.4331600e+01   9.9411600e+00  -1.0000000e+00
   2.0000000e+00  -7.1857800e+00  -5.3594200e+00   1.0000000e+00
   3.0000000e+00   6.0526400e+00   5.0767500e+00  -1.0000000e+00
   4.0000000e+00   1.6600900e+01   3.0277900e+00  -1.0000000e+00
   5.0000000e+00   1.2699500e+01   1.1190700e+01  -1.0000000e+00
   6.0000000e+00  -3.3517400e+00   3.7945200e+00  -1.0000000e+00
   7.0000000e+00  -5.5651300e+00  -1.2645300e+01   1.0000000e+00
   8.0000000e+00  -6.5143400e+00   6.6430600e+00  -1.0000000e+00
   9.0000000e+00  -1.0627200e+01  -1.0516300e+01   1.0000000e+00
   1.0000000e+01  -8.4936700e-01  -1.8867300e+01   1.0000000e+00
   1.1000000e+01   3.3260000e+00   9.9173700e+00  -1.0000000e+00
   1.2000000e+01   1.3473700e+01   1.5265600e+01  -1.0000000e+00
   1.3000000e+01   2.3450800e+00  -4.3620700e+00  -1.0000000e+00
   1.4000000e+01  -1.2474700e+01  -6.7865100e+00   1.0000000e+00
   1.5000000e+01   7.2236400e+00   1.1206100e+01  -1.0000000e+00
   1.6000000e+01   1.6445600e+01  -8.6024600e+00   1.0000000e+00
   1.7000000e+01   8.4414000e+00   1.7346200e+01  -1.0000000e+00
   1.8000000e+01  -2.3728000e+00  -1.1055200e+01   1.0000000e+00
   1.9000000e+01   1.5476000e+01   6.5024800e+00  -1.0000000e+00
   2.0000000e+01   6.1533700e+00  -1.6796300e+01   1.0000000e+00
   2.1000000e+01   3.5988300e+00  -9.8566400e+00   1.0000000e+00
   2.2000000e+01  -1.4102100e+00  -1.2885400e+01   1.0000000e+00
   2.3000000e+01   5.3272900e+00   8.2321100e-01  -1.0000000e+00
   2.4000000e+01   6.1075000e-01   5.1584900e+00  -1.0000000e+00
   2.5000000e+01   6.5676500e+00  -1.4504600e+01   1.0000000e+00
   2.6000000e+01  -7.2506300e+00   1.2116300e+01  -1.0000000e+00
   2.7000000e+01  -1.0797400e+01   1.2788200e+01  -1.0000000e+00
   2.8000000e+01   2.1104300e+00   1.3350600e+01  -1.0000000e+00
   2.9000000e+01  -1.4703600e+01   1.9229900e+00  -1.0000000e+00
   3.0000000e+01  -1.4798400e+01  -1.0273800e+01   1.0000000e+00
   3.1000000e+01   1.0651100e+01  -1.0936500e+01   1.0000000e+00
   3.2000000e+01   7.6500300e+00   3.7253600e+00  -1.0000000e+00
   3.3000000e+01   4.3311300e+00  -3.6744400e+00  -1.0000000e+00
   3.4000000e+01   1.0064900e+01  -1.5258300e+01   1.0000000e+00
   3.5000000e+01  -2.9391800e+00   5.8213800e+00  -1.0000000e+00
   3.6000000e+01  -6.0463600e+00  -3.6497300e+00  -1.0000000e+00
   3.7000000e+01  -7.2880900e+00   2.5767400e+00  -1.0000000e+00
   3.8000000e+01   2.9617900e+00   1.7596800e+01  -1.0000000e+00
   3.9000000e+01   1.7035300e+01  -4.4672200e+00  -1.0000000e+00
   4.0000000e+01  -1.2384800e+01   4.6426000e+00  -1.0000000e+00
   4.1000000e+01   9.3146000e+00  -7.4882400e+00   1.0000000e+00
   4.2000000e+01   4.6227800e+00  -1.4358600e+00  -1.0000000e+00
   4.3000000e+01  -8.5574200e+00  -1.0660300e+01   1.0000000e+00
   4.4000000e+01   6.2577100e+00  -2.8434500e+00  -1.0000000e+00
   4.5000000e+01  -6.8476400e+00   1.4137100e+01  -1.0000000e+00
   4.6000000e+01  -1.3184400e+01   1.0065200e+01  -1.0000000e+00
   4.7000000e+01   8.7415900e+00  -1.1710800e+01   1.0000000e+00
   4.8000000e+01   8.0053000e+00   1.5328700e+01  -1.0000000e+00
   4.9000000e+01   1.7108900e+01   5.1354600e+00  -1.0000000e+00
   5.0000000e+01   1.2300300e+01   9.1703700e+00  -1.0000000e+00
   5.1000000e+01   4.0887900e+00  -5.7276200e+00   1.0000000e+00
   5.2000000e+01   1.1536800e+01   1.4578000e+01  -1.0000000e+00
   5.3000000e+01  -1.4433900e+01   1.3603500e+01  -1.0000000e+00
   5.4000000e+01  -1.3908500e+00   4.4425800e+00  -1.0000000e+00
   5.5000000e+01  -1.0037700e+01   7.3175500e+00  -1.0000000e+00
   5.6000000e+01  -2.1826400e+00   9.9378500e+00  -1.0000000e+00
   5.7000000e+01  -1.3146800e+01   5.8100800e-01  -1.0000000e+00
   5.8000000e+01  -9.7096000e+00  -1.2415300e+01   1.0000000e+00
   5.9000000e+01  -1.2943100e-01  -8.9162500e+00   1.0000000e+00
   6.0000000e+01   5.2072400e+00  -1.1179800e+01   1.0000000e+00
   6.1000000e+01   1.6105900e+01  -1.0657800e+01   1.0000000e+00
   6.2000000e+01   6.8531700e+00   9.1845700e+00  -1.0000000e+00
   6.3000000e+01   5.5109900e+00  -9.0896500e+00   1.0000000e+00
   6.4000000e+01  -1.3577000e+01   8.0375700e+00  -1.0000000e+00
   6.5000000e+01  -2.9114700e+00   1.5385600e+01  -1.0000000e+00
   6.6000000e+01  -4.4329800e+00  -1.0911000e+01   1.0000000e+00
   6.7000000e+01  -1.7058800e+01  -8.2543100e-01  -1.0000000e+00
   6.8000000e+01  -2.1774600e+00   3.5205500e-01  -1.0000000e+00
   6.9000000e+01  -5.6810000e+00   1.0891800e+00  -1.0000000e+00
   7.0000000e+01   1.3171200e+01   1.3209700e+01  -1.0000000e+00
   7.1000000e+01  -9.7826900e-01   1.6136700e+01  -1.0000000e+00
   7.2000000e+01   8.0233200e+00   5.7458500e+00  -1.0000000e+00
   7.3000000e+01   1.4201700e+01  -1.1436000e+01   1.0000000e+00
   7.4000000e+01   1.0379700e+01  -1.2984900e+01   1.0000000e+00
   7.5000000e+01   1.1871400e+01  -2.6326500e+00  -1.0000000e+00
   7.6000000e+01  -8.4882900e+00   5.9586000e+00  -1.0000000e+00
   7.7000000e+01   3.7909500e+00   2.2720100e+00  -1.0000000e+00
   7.8000000e+01  -8.0704400e+00  -1.4489100e+00  -1.0000000e+00
   7.9000000e+01   1.5984200e+01   8.5078100e+00  -1.0000000e+00
   8.0000000e+01   1.7992300e+01  -3.0424100e-01  -1.0000000e+00
   8.1000000e+01  -3.9620600e+00  -7.2423600e+00   1.0000000e+00
   8.2000000e+01  -2.8167000e+00  -1.8262200e+01   1.0000000e+00
   8.3000000e+01   2.0375000e+00  -6.4582500e+00   1.0000000e+00
   8.4000000e+01   1.6840000e+01  -6.5152200e+00  -1.0000000e+00
   8.5000000e+01   2.0628100e+00  -1.8433200e+01   1.0000000e+00
   8.6000000e+01  -9.2263900e+00   1.1422600e+01  -1.0000000e+00
   8.7000000e+01  -1.8494400e+01  -2.3170700e+00   1.0000000e+00
   8.8000000e+01   1.3876400e+01   7.8550800e+00  -1.0000000e+00
   8.9000000e+01   1.1132500e+01   3.0129000e+00  -1.0000000e+00
   9.0000000e+01   3.3388900e+00   2.6259700e-01  -1.0000000e+00
   9.1000000e+01   5.2824300e+00   1.0559300e+01  -1.0000000e+00
   9.2000000e+01  -1.4351100e+01   3.9569700e+00  -1.0000000e+00
   9.3000000e+01  -4.5097100e+00   1.6854000e+01  -1.0000000e+00
   9.4000000e+01  -3.7380200e+00   1.1299800e+01  -1.0000000e+00
   9.5000000e+01  -1.8288400e+01   2.7596200e+00  -1.0000000e+00
   9.6000000e+01  -8.0941000e+00  -3.5199000e+00  -1.0000000e+00
   9.7000000e+01   3.3029500e+00  -1.1959700e+01   1.0000000e+00
   9.8000000e+01   1.4805300e+01  -7.2712300e+00   1.0000000e+00
   9.9000000e+01  -1.1266200e+01  -5.0365300e+00   1.0000000e+00
   1.0000000e+02  -1.2182100e+01  -3.1899700e+00   1.0000000e+00
   1.0100000e+02  -9.4723300e+00  -8.8108200e+00   1.0000000e+00
   1.0200000e+02  -9.0844300e-03  -6.7843600e+00   1.0000000e+00
   1.0300000e+02   1.5105900e+01   4.4628300e+00  -1.0000000e+00
   1.0400000e+02  -8.8233000e+00   1.3482500e+01  -1.0000000e+00
   1.0500000e+02   8.2525600e+00  -2.0834500e+00  -1.0000000e+00
   1.0600000e+02  -3.3227500e+00   1.3358400e+01  -1.0000000e+00
   1.0700000e+02  -1.2762200e+01   2.6216900e+00  -1.0000000e+00
   1.0800000e+02   1.7770200e+00   1.1291600e+01  -1.0000000e+00
   1.0900000e+02   3.0168500e+00  -1.4020600e+01   1.0000000e+00
   1.1000000e+02  -7.4086600e+00  -8.9299700e+00   1.0000000e+00
   1.1100000e+02   1.0006200e+01   1.6006600e+01  -1.0000000e+00
   1.1200000e+02  -9.8349400e-01   6.5118800e+00  -1.0000000e+00
   1.1300000e+02  -1.1195300e+01   1.0762300e+01  -1.0000000e+00
   1.1400000e+02   1.5117900e+01  -5.2125100e+00  -1.0000000e+00
   1.1500000e+02   2.5256500e+00   1.5426900e+01  -1.0000000e+00
   1.1600000e+02   8.4155000e+00   7.8184800e+00  -1.0000000e+00
   1.1700000e+02   1.0950600e+01  -8.7716300e+00   1.0000000e+00
   1.1800000e+02  -6.0420600e+00  -1.1513500e+00  -1.0000000e+00
   1.1900000e+02   6.4442100e+00   7.1672200e+00  -1.0000000e+00
   1.2000000e+02   1.4585100e+00  -1.5351600e+01   1.0000000e+00
   1.2100000e+02   4.9213200e+00  -1.3247500e+01   1.0000000e+00
   1.2200000e+02  -1.6851500e+01  -1.0106600e+01   1.0000000e+00
   1.2300000e+02   7.9540700e+00  -4.1528300e+00  -1.0000000e+00
   1.2400000e+02   5.7220800e+00  -6.9824300e+00   1.0000000e+00
   1.2500000e+02  -3.7402100e+00  -1.6395500e+01   1.0000000e+00
   1.2600000e+02   1.1220700e+01  -6.7184600e+00   1.0000000e+00
   1.2700000e+02   8.0404800e+00  -1.5974400e+01   1.0000000e+00
   1.2800000e+02  -5.8663800e-01   1.8398700e+01  -1.0000000e+00
   1.2900000e+02  -1.6502500e+01  -2.8256000e+00   1.0000000e+00
   1.3000000e+02   1.5410100e+01  -3.1446100e+00  -1.0000000e+00
   1.3100000e+02   2.1439300e+00   3.7647000e+00  -1.0000000e+00
   1.3200000e+02  -1.1604900e+01   8.7341900e+00  -1.0000000e+00
   1.3300000e+02  -6.8706800e+00   4.5929500e+00  -1.0000000e+00
   1.3400000e+02  -6.1341300e+00   8.6715500e+00  -1.0000000e+00
   1.3500000e+02   6.8215900e+00  -1.2457100e+01   1.0000000e+00
   1.3600000e+02   4.0712900e+00   1.4005600e+01  -1.0000000e+00
   1.3700000e+02  -1.6893400e+01  -6.5766000e+00   1.0000000e+00
   1.3800000e+02  -1.8669800e+01   5.3158400e-01  -1.0000000e+00
   1.3900000e+02  -7.8641600e+00  -1.6126600e+01   1.0000000e+00
   1.4000000e+02  -1.7933300e+00   2.4058400e+00  -1.0000000e+00
   1.4100000e+02  -1.0393700e+01  -6.9574700e+00   1.0000000e+00
   1.4200000e+02   9.0623600e+00  -9.5801100e+00   1.0000000e+00
   1.4300000e+02   1.4467200e+01  -9.3553600e+00   1.0000000e+00
   1.4400000e+02  -8.8291400e+00  -1.4310400e+01   1.0000000e+00
   1.4500000e+02  -5.3571000e+00  -9.0559000e+00   1.0000000e+00
   1.4600000e+02  -1.5758200e+01  -8.2896900e+00   1.0000000e+00
   1.4700000e+02  -4.5313100e+00   7.1976300e+00  -1.0000000e+00
   1.4800000e+02  -1.7787200e+00   1.1963500e+01  -1.0000000e+00
   1.4900000e+02  -2.0541300e-01   1.0620400e+01  -1.0000000e+00
   1.5000000e+02  -1.5293300e+01   9.4060100e+00  -1.0000000e+00
   1.5100000e+02   9.9576000e+00   6.4500000e+00  -1.0000000e+00
   1.5200000e+02   3.8123100e+00  -7.7776700e+00   1.0000000e+00
   1.5300000e+02  -6.2683500e+00  -7.2064300e+00   1.0000000e+00
   1.5400000e+02  -1.3823200e+01  -1.2118900e+01   1.0000000e+00
   1.5500000e+02   4.5113700e+00   1.6033700e+01  -1.0000000e+00
   1.5600000e+02  -4.4118300e+00  -2.4181800e+00  -1.0000000e+00
   1.5700000e+02   7.4127000e+00  -8.2768600e+00   1.0000000e+00
   1.5800000e+02  -1.4747900e+01   1.1387100e+01  -1.0000000e+00
   1.5900000e+02  -4.9087100e+00  -1.8109600e+01   1.0000000e+00
   1.6000000e+02  -1.5523200e+01   7.3545500e+00  -1.0000000e+00
   1.6100000e+02   4.6593700e+00  -1.5293600e+01   1.0000000e+00
   1.6200000e+02   1.7472000e+01  -2.4118800e+00  -1.0000000e+00
   1.6300000e+02   9.1828500e+00   2.3570600e+00  -1.0000000e+00
   1.6400000e+02   9.5604300e+00   1.3997700e+01  -1.0000000e+00
   1.6500000e+02   2.5610500e+00   5.8116000e+00  -1.0000000e+00
   1.6600000e+02   6.7983400e-01  -2.6923500e+00  -1.0000000e+00
   1.6700000e+02   1.9055300e+00  -8.5327800e+00   1.0000000e+00
   1.6800000e+02  -5.7074800e+00   1.0684200e+01  -1.0000000e+00
   1.6900000e+02  -4.6434900e+00  -1.4523100e+01   1.0000000e+00
   1.7000000e+02  -1.2698800e+00  -3.3783600e+00  -1.0000000e+00
   1.7100000e+02   1.2543900e+01  -1.0080200e+01   1.0000000e+00
   1.7200000e+02  -4.1575100e+00  -3.1044700e-01  -1.0000000e+00
   1.7300000e+02  -1.4458200e+01  -3.1848600e+00   1.0000000e+00
   1.7400000e+02  -8.3361600e+00  -7.0924300e+00   1.0000000e+00
   1.7500000e+02  -7.6622300e+00   5.5500700e-01  -1.0000000e+00
   1.7600000e+02   1.3779400e+01  -1.8231900e+00  -1.0000000e+00
   1.7700000e+02  -1.0884700e+01  -1.4133600e+01   1.0000000e+00
   1.7800000e+02  -7.6672400e+00   1.0050500e+01  -1.0000000e+00
   1.7900000e+02   2.9275300e+00   7.8632500e+00  -1.0000000e+00
   1.8000000e+02   5.7390900e+00   2.9876600e+00  -1.0000000e+00
   1.8100000e+02   8.8015000e+00   9.8658200e+00  -1.0000000e+00
   1.8200000e+02   1.2073800e+01  -1.4284400e+01   1.0000000e+00
   1.8300000e+02   1.7154100e-01   1.2658800e+01  -1.0000000e+00
   1.8400000e+02  -3.2881300e+00  -9.1703500e+00   1.0000000e+00
   1.8500000e+02   1.1916600e+01   7.1205300e+00  -1.0000000e+00
   1.8600000e+02   1.2297100e+01  -1.2213000e+01   1.0000000e+00
   1.8700000e+02   1.3463700e+01  -3.9305100e+00  -1.0000000e+00
   1.8800000e+02  -9.2528300e+00   1.9197700e+00  -1.0000000e+00
   1.8900000e+02   4.8735300e+00   8.5265300e+00  -1.0000000e+00
   1.9000000e+02   1.0744700e+01   1.0534000e+01  -1.0000000e+00
   1.9100000e+02  -9.6334100e+00  -1.0858200e-01  -1.0000000e+00
   1.9200000e+02  -2.5519800e+00   1.7462000e+01  -1.0000000e+00
   1.9300000e+02  -1.3361200e+01  -1.4538900e+00  -1.0000000e+00
   1.9400000e+02   9.5817200e+00  -5.4144700e+00  -1.0000000e+00
   1.9500000e+02  -1.1311100e+01  -1.3157200e+00  -1.0000000e+00
   1.9600000e+02  -1.2719400e+01  -1.0379400e+01   1.0000000e+00
   1.9700000e+02   2.6275000e-01  -4.7551300e+00  -1.0000000e+00
   1.9800000e+02  -2.5711900e+00   7.8358000e+00  -1.0000000e+00
   1.9900000e+02  -8.8560800e+00   3.9335100e+00  -1.0000000e+00
   2.0000000e+02   2.7024900e+00  -2.3298500e+00  -1.0000000e+00
   2.0100000e+02  -1.0818700e+01   3.2712600e+00  -1.0000000e+00
   2.0200000e+02  -1.3962400e+01   6.0060300e+00  -1.0000000e+00
   2.0300000e+02   1.3499200e+01   5.7592000e+00  -1.0000000e+00
   2.0400000e+02  -6.7414300e+00  -1.4377200e+01   1.0000000e+00
   2.0500000e+02   8.5210000e+00  -1.3878100e+01   1.0000000e+00
   2.0600000e+02   1.4668600e+01   2.2130800e+00  -1.0000000e+00
   2.0700000e+02  -1.3336000e+01  -4.9215400e+00   1.0000000e+00
   2.0800000e+02   6.6282400e+00  -8.0294800e-01  -1.0000000e+00
   2.0900000e+02  -5.7891900e+00  -1.6234000e+01   1.0000000e+00
   2.1000000e+02   9.7751800e-01   1.6775900e+01  -1.0000000e+00
   2.1100000e+02  -5.4375600e-01  -9.8613500e-01  -1.0000000e+00
   2.1200000e+02   7.1233000e+00  -1.0407400e+01   1.0000000e+00
   2.1300000e+02  -1.6723100e+00  -5.5459300e+00   1.0000000e+00
   2.1400000e+02  -8.4733600e+00   1.5612200e+01  -1.0000000e+00
   2.1500000e+02  -2.5536400e+00  -1.4640900e+01   1.0000000e+00
   2.1600000e+02  -1.2441400e+01   1.4150900e+01  -1.0000000e+00
   2.1700000e+02   1.2166300e+01  -5.3097600e-01  -1.0000000e+00
   2.1800000e+02   7.6203600e+00  -6.2079000e+00   1.0000000e+00
   2.1900000e+02   4.5153200e+00   6.4543000e+00  -1.0000000e+00
   2.2000000e+02   1.2861700e+01  -7.9954900e+00   1.0000000e+00
   2.2100000e+02  -5.0433800e+00  -5.4844600e+00   1.0000000e+00
   2.2200000e+02  -9.9497100e+00  -1.6265600e+01   1.0000000e+00
   2.2300000e+02  -9.2310100e+00  -5.2380100e+00   1.0000000e+00
   2.2400000e+02  -1.0435000e+01   5.3084100e+00  -1.0000000e+00
   2.2500000e+02   3.7327400e+00   1.1956800e+01  -1.0000000e+00
   2.2600000e+02  -1.6289300e+01   3.2657600e+00  -1.0000000e+00
   2.2700000e+02   1.0499900e+01   7.4080900e-01  -1.0000000e+00
   2.2800000e+02   1.7804000e+00   1.6590900e+00  -1.0000000e+00
   2.2900000e+02   6.4447000e+00   1.6754200e+01  -1.0000000e+00
   2.3000000e+02   4.3835800e+00  -1.8229200e+01   1.0000000e+00
   2.3100000e+02   3.0844700e+00  -1.6603500e+01   1.0000000e+00
   2.3200000e+02   5.6974100e+00   1.2606700e+01  -1.0000000e+00
   2.3300000e+02  -1.6147400e+00  -1.6504800e+01   1.0000000e+00
   2.3400000e+02   4.1020400e+00   4.3807400e+00  -1.0000000e+00
   2.3500000e+02   9.1587100e+00   1.1889000e+01  -1.0000000e+00
   2.3600000e+02   1.4250300e+01   1.7756200e-01  -1.0000000e+00
   2.3700000e+02   1.3524500e+00   9.2425300e+00  -1.0000000e+00
   2.3800000e+02   1.5003000e+00  -6.6606800e-01  -1.0000000e+00
   2.3900000e+02  -5.2739700e+00   1.2738200e+01  -1.0000000e+00
   2.4000000e+02  -1.1750700e+01  -1.2238400e+01   1.0000000e+00
   2.4100000e+02   1.1524500e+01  -4.6625900e+00  -1.0000000e+00
   2.4200000e+02   1.3175400e+01   3.6769500e+00  -1.0000000e+00
   2.4300000e+02  -1.7871100e+01  -4.3612600e+00   1.0000000e+00
   2.4400000e+02  -1.0104900e+01  -3.1217900e+00  -1.0000000e+00
   2.4500000e+02  -2.4822000e+00  -1.6781900e+00  -1.0000000e+00
   2.4600000e+02   8.5557800e+00  -3.1306400e-02  -1.0000000e+00
   2.4700000e+02   1.0364200e+01   8.4981500e+00  -1.0000000e+00
   2.4800000e+02   1.8770600e-01   3.1022200e+00  -1.0000000e+00
   2.4900000e+02   1.1544500e+01   5.0532700e+00  -1.0000000e+00
   2.5000000e+02  -1.3658000e+01  -8.4953400e+00   1.0000000e+00
   2.5100000e+02   3.9584300e-01  -1.7206700e+01   1.0000000e+00
   2.5200000e+02  -7.6358700e+00  -1.2526800e+01   1.0000000e+00
   2.5300000e+02   4.9316600e+00   1.8222100e+01  -1.0000000e+00
   2.5400000e+02   5.8010900e-01   1.4733100e+01  -1.0000000e+00
   2.5500000e+02   1.6315500e+01   9.4635600e-01  -1.0000000e+00
   2.5600000e+02   9.7521900e-01   7.1818300e+00  -1.0000000e+00
   2.5700000e+02  -1.5895500e+01   5.3024200e+00  -1.0000000e+00
   2.5800000e+02  -1.5727300e+01  -1.2933000e+01   1.0000000e+00
   2.5900000e+02   1.2686500e+01   1.5853400e+00  -1.0000000e+00
   2.6000000e+02   7.2534900e+00   1.5493400e+00  -1.0000000e+00
   2.6100000e+02  -1.3035400e+01  -1.4062000e+01   1.0000000e+00
   2.6200000e+02  -4.9619300e-01  -1.4724800e+01   1.0000000e+00
   2.6300000e+02  -1.1194000e+01   1.2382300e+00  -1.0000000e+00
   2.6400000e+02  -4.9018000e+00   1.4780600e+01  -1.0000000e+00
   2.6500000e+02  -1.4556200e+01  -6.5940400e+00   1.0000000e+00
   2.6600000e+02  -1.2003900e+01   6.7015700e+00  -1.0000000e+00
   2.6700000e+02   1.0572800e+00  -1.3272700e+01   1.0000000e+00
   2.6800000e+02   1.3141300e+01  -5.9573000e+00  -1.0000000e+00
   2.6900000e+02  -6.4378000e-01   8.5516800e+00  -1.0000000e+00
   2.7000000e+02   6.0370900e+00   1.4649500e+01  -1.0000000e+00
   2.7100000e+02  -1.1559700e+01  -8.6569800e+00   1.0000000e+00
   2.7200000e+02  -9.6138100e+00   9.3831800e+00  -1.0000000e+00
   2.7300000e+02  -1.3548500e+00   1.4034700e+01  -1.0000000e+00
   2.7400000e+02   5.9980300e+00  -4.8995500e+00  -1.0000000e+00
   2.7500000e+02   9.9061600e+00  -3.3779500e+00  -1.0000000e+00
   2.7600000e+02  -1.0411700e+01   1.4842400e+01  -1.0000000e+00
   2.7700000e+02   1.8380000e+01   1.7476500e+00  -1.0000000e+00
   2.7800000e+02  -1.5676800e+01  -4.8673000e+00   1.0000000e+00
   2.7900000e+02  -3.7432800e+00   1.7799600e+00  -1.0000000e+00
   2.8000000e+02  -4.1192800e+00   9.2157500e+00  -1.0000000e+00
   2.8100000e+02  -4.8868000e+00   5.1730400e+00  -1.0000000e+00
   2.8200000e+02  -5.2944200e+00   3.1411700e+00  -1.0000000e+00
   2.8300000e+02   7.6212000e+00   1.3313700e+01  -1.0000000e+00
   2.8400000e+02  -1.6722500e+01   1.2238700e+00  -1.0000000e+00
   2.8500000e+02  -3.2583500e+00  -4.1820200e+00  -1.0000000e+00
   2.8600000e+02   1.6918000e+00  -1.0620900e+01   1.0000000e+00
   2.8700000e+02  -1.5113600e+01  -9.3970500e-02  -1.0000000e+00
   2.8800000e+02   1.5848400e+01  -1.1304800e+00  -1.0000000e+00
   2.8900000e+02  -1.8862800e+00  -7.6398900e+00   1.0000000e+00
   2.9000000e+02   1.0169500e+01  -1.3173500e+00  -1.0000000e+00
   2.9100000e+02  -1.8114300e-01   1.0572500e+00  -1.0000000e+00
   2.9200000e+02  -1.2787200e+01   1.2090100e+01  -1.0000000e+00
   2.9300000e+02   9.5796000e+00   4.4016800e+00  -1.0000000e+00
   2.9400000e+02  -2.9976500e-01  -1.1139200e+01   1.0000000e+00
   2.9500000e+02   1.1095300e+01   1.2577600e+01  -1.0000000e+00
   2.9600000e+02   1.4836200e+01   1.1959500e+01  -1.0000000e+00
   2.9700000e+02  -6.4879700e+00  -1.0818600e+01   1.0000000e+00
   2.9800000e+02  -3.5018600e+00  -1.2804800e+01   1.0000000e+00
   2.9900000e+02  -8.0861700e+00   8.0193700e+00  -1.0000000e+00
