   0.0000000e+00  -4.3728000e+00   1.8306600e+01   4.3835300e+01  -1.0000000e+00
   1.0000000e+00   1.6361900e+01  -2.1332800e+00   1.1952100e+01  -2.0000000e+00
   2.0000000e+00   1.3453400e+00  -2.6248400e+00   1.8130200e+01   1.0000000e+00
   3.0000000e+00   1.4280600e+01   3.2777900e+00   3.7596000e+01  -3.0000000e+00
   4.0000000e+00   9.6413400e+00   1.4079800e+00   6.5895900e+00  -3.0000000e+00
   5.0000000e+00  -9.6941000e+00   7.1671200e+00   3.2905300e+01   1.0000000e+00
   6.0000000e+00   4.3833800e+00   1.7164600e+01   3.2034000e+01  -1.0000000e+00
   7.0000000e+00   4.0135700e+00  -5.0207400e+00   1.8909200e+01   1.0000000e+00
   8.0000000e+00  -6.0824400e+00  -8.9018000e+00   4.5381600e+01  -2.0000000e+00
   9.0000000e+00  -9.2196700e+00  -7.2448300e+00   3.2690400e+01   1.0000000e+00
   1.0000000e+01   2.8726800e+00   1.8565000e+01   4.6832900e+01  -1.0000000e+00
   1.1000000e+01  -1.7976600e+01   3.2634200e+00   3.1426100e+01  -1.0000000e+00
   1.2000000e+01   6.7742400e+00  -1.2910700e+01   1.8513600e+01   1.0000000e+00
   1.3000000e+01  -1.0824900e+01   8.8721200e+00   3.3408000e+01   1.0000000e+00
   1.4000000e+01   1.9207700e+00   1.4434700e+01   4.7383000e+01   2.0000000e+00
   1.5000000e+01  -1.2526600e+01  -1.9266400e+00   3.1814500e+01   1.0000000e+00
   1.6000000e+01   8.7876400e+00  -1.3348800e+01   1.8695600e+01   1.0000000e+00
   1.7000000e+01  -1.5948100e+01   6.8880800e+00   3.1199300e+01  -2.0000000e+00
   1.8000000e+01  -1.3609800e+01  -1.7882600e-01   3.2005300e+01   1.0000000e+00
   1.9000000e+01   1.2334100e+01   2.6330600e+00   4.4267000e+01  -3.0000000e+00
   2.0000000e+01  -1.2401000e+01  -5.5232900e+00   3.1799200e+01   1.0000000e+00
   2.1000000e+01   5.8172900e-01  -6.1218800e+00   1.8378700e+01   1.0000000e+00
   2.2000000e+01  -1.5588800e+01  -3.8247900e+00   3.2006400e+01  -2.0000000e+00
   2.3000000e+01   4.0995400e+00   5.0934300e-01   1.8155000e+01   1.0000000e+00
   2.4000000e+01   7.5307000e+00   1.6580200e+00   3.2505400e+01  -3.0000000e+00
   2.5000000e+01   1.2866300e+01  -1.4139900e+01   3.4044300e+01  -1.0000000e+00
   2.6000000e+01  -4.2801800e+00  -1.4283000e+01   2.2336500e+01  -2.0000000e+00
   2.7000000e+01  -4.9147200e+00  -6.9678700e+00   2.6228800e+01  -3.0000000e+00
   2.8000000e+01  -1.6441400e+01  -9.3748700e+00   3.5297800e+01  -1.0000000e+00
   2.9000000e+01  -6.5241000e+00   9.3341200e+00   2.6795400e+01  -3.0000000e+00
   3.0000000e+01   9.4832600e+00  -1.5344200e+01   3.0823800e+01  -2.0000000e+00
   3.1000000e+01  -9.5274600e+00   3.6150600e+00   3.2659900e+01   1.0000000e+00
   3.2000000e+01  -1.2644100e+01   1.6539300e+00   3.2123900e+01   1.0000000e+00
   3.3000000e+01  -1.4473500e+01  -5.5578500e+00   3.1338500e+01  -2.0000000e+00
   3.4000000e+01   1.7130600e+01  -4.0577200e+00   1.9804600e+01  -1.0000000e+00
   3.5000000e+01  -9.4892500e+00  -3.7274500e-02   3.2059500e+01   1.0000000e+00
   3.6000000e+01  -1.1647500e+01   3.4654700e+00   3.2584800e+01   1.0000000e+00
   3.7000000e+01  -7.6514800e+00  -1.2630300e+01   3.3149700e+01  -2.0000000e+00
   3.8000000e+01   9.4941800e+00  -4.2945000e+00   1.8777000e+01   1.0000000e+00
   3.9000000e+01   1.4302900e+01   1.2748600e+01   4.8219300e+01  -2.0000000e+00
   4.0000000e+01   1.1512400e+01  -1.5745100e+01   1.9399000e+01  -1.0000000e+00
   4.1000000e+01   4.7654600e+00  -1.4814700e+00   1.8488000e+01   1.0000000e+00
   4.2000000e+01   7.0827500e-01  -6.7280100e-01   1.8253200e+01   1.0000000e+00
   4.3000000e+01   9.4855700e+00  -9.7786700e+00   1.8470900e+01   1.0000000e+00
   4.4000000e+01   5.3728700e+00   1.3622700e+01   4.6899500e+01  -2.0000000e+00
   4.5000000e+01   3.4899500e+00   5.4916900e+00   3.3980400e+01  -3.0000000e+00
   4.6000000e+01  -1.4729300e+01   1.5819000e+00   3.2101100e+01   1.0000000e+00
   4.7000000e+01  -1.6851400e+01   1.4810100e+00   3.1249200e+01  -2.0000000e+00
   4.8000000e+01  -3.4592700e-02  -4.1612100e+00   1.8224700e+01   1.0000000e+00
   4.9000000e+01   5.8613300e-01  -1.7267500e+01   3.0794800e+01  -2.0000000e+00
   5.0000000e+01   1.4595900e+01   5.3401900e+00   4.9157000e+01   2.0000000e+00
   5.1000000e+01   2.6662000e+00  -6.5785900e+00   1.8929500e+01   1.0000000e+00
   5.2000000e+01   7.9367200e+00   8.7844900e+00   4.7790300e+01   2.0000000e+00
   5.3000000e+01   2.0694000e+00   8.9146900e-01   1.9140000e+01   1.0000000e+00
   5.4000000e+01   8.8215200e+00   1.2868800e+01   4.8056800e+01  -2.0000000e+00
   5.5000000e+01  -1.0426600e+01  -1.8729800e+00   3.1879700e+01   1.0000000e+00
   5.6000000e+01   1.0155400e+01  -6.2519700e+00   1.8649000e+01   1.0000000e+00
   5.7000000e+01   1.7112100e+01   8.0354600e+00   4.8481600e+01  -1.0000000e+00
   5.8000000e+01   1.6233800e+01   3.9818800e+00   4.8313200e+01  -2.0000000e+00
   5.9000000e+01   1.5682900e+01  -1.0933500e+01   1.9447000e+01  -1.0000000e+00
   6.0000000e+01  -3.6582000e+00  -5.2978200e+00   2.0050900e+01   1.0000000e+00
   6.1000000e+01  -2.0103700e+00  -9.3355800e+00   1.9103700e+01   1.0000000e+00
   6.2000000e+01   1.5920000e+01   1.1448900e+01   4.9306700e+01  -1.0000000e+00
   6.3000000e+01   6.8603700e+00   1.2205500e+01   4.7626400e+01   2.0000000e+00
   6.4000000e+01  -8.6456000e+00   9.0753700e+00   3.4452600e+01  -3.0000000e+00
   6.5000000e+01   1.5182700e+00   4.9150600e+00   6.3385600e+01  -3.0000000e+00
   6.6000000e+01  -1.2265700e+01  -9.1288800e+00   3.3030600e+01  -3.0000000e+00
   6.7000000e+01   4.0664800e+00  -1.0523500e+01   1.9170400e+01   1.0000000e+00
   6.8000000e+01   1.5849500e+01   1.9075900e+00   5.2650500e+01  -2.0000000e+00
   6.9000000e+01  -2.0806300e+00  -1.4787500e+01   1.7692500e+01   1.0000000e+00
   7.0000000e+01  -2.9549800e+00  -1.8416600e+01   1.6272600e+01  -1.0000000e+00
   7.1000000e+01   6.4083300e+00   1.0172300e+01   4.7801200e+01   2.0000000e+00
   7.2000000e+01   7.4618700e+00  -3.8984400e+00   1.8297400e+01   1.0000000e+00
   7.3000000e+01   6.7879200e+00  -1.8817900e+00   1.8139000e+01   1.0000000e+00
   7.4000000e+01   3.9886900e+00  -1.6067700e+01   1.8834100e+01  -2.0000000e+00
   7.5000000e+01  -1.3493300e+01  -3.7462400e+00   3.1974300e+01   1.0000000e+00
   7.6000000e+01   1.2186300e+01  -6.6705600e+00   1.8640100e+01   1.0000000e+00
   7.7000000e+01  -7.6319800e+00   7.2783400e+00   3.2952900e+01  -3.0000000e+00
   7.8000000e+01   1.1586200e+01   7.2130200e-01   3.3772600e+01  -3.0000000e+00
   7.9000000e+01  -9.3237400e+00  -3.6257600e+00   3.1289100e+01   1.0000000e+00
   8.0000000e+01   1.9945100e+00  -4.5996400e+00   1.8124200e+01   1.0000000e+00
   8.1000000e+01   6.0695800e+00  -5.3987300e+00   1.8609200e+01   1.0000000e+00
   8.2000000e+01   1.5480200e+01   9.4171400e+00   4.9310500e+01  -2.0000000e+00
   8.3000000e+01  -4.0085300e+00   1.2570600e+01   4.7061000e+01   2.0000000e+00
   8.4000000e+01  -5.8798300e+00  -2.0059700e+00   3.6230100e+01  -3.0000000e+00
   8.5000000e+01  -7.5299500e+00   1.3366800e+01   4.8198200e+01   2.0000000e+00
   8.6000000e+01   2.0068900e+00   6.9048200e+00   4.6662300e+01   2.0000000e+00
   8.7000000e+01   7.4401500e+00  -1.4908400e+01   1.8116000e+01  -2.0000000e+00
   8.8000000e+01   1.5720400e+01  -1.7058600e-01   4.2059500e+01  -2.0000000e+00
   8.9000000e+01   1.2646100e+01   4.6661300e+00   5.0238500e+01   2.0000000e+00
   9.0000000e+01  -3.5778600e+00   1.4652700e+01   4.6941900e+01   2.0000000e+00
   9.1000000e+01  -3.4959700e+00   7.1619400e+00   5.2722200e+01  -3.0000000e+00
   9.2000000e+01  -8.1365800e+00  -9.0000800e+00   3.4810700e+01  -3.0000000e+00
   9.3000000e+01  -6.3959000e+00   5.4840900e+00   3.0536500e+01  -3.0000000e+00
   9.4000000e+01  -5.4095800e-01   1.1773600e+01   4.6883500e+01   2.0000000e+00
   9.5000000e+01  -1.3669700e+01   1.2620500e+01   5.6998700e+01  -1.0000000e+00
   9.6000000e+01  -6.7141800e-01  -1.3275800e+01   1.7956900e+01   1.0000000e+00
   9.7000000e+01   1.1881100e+01   1.0062400e+01   4.8332400e+01   2.0000000e+00
   9.8000000e+01   1.3442100e+00  -1.3691600e+01   1.8109400e+01   1.0000000e+00
   9.9000000e+01   2.0349200e+00  -1.0151900e+01   1.9529400e+01   1.0000000e+00
   1.0000000e+02   1.0189800e+01  -8.0272700e-01   1.7340300e+01   1.0000000e+00
   1.0100000e+02  -1.4927000e+01   8.7218100e+00   3.1761000e+01  -2.0000000e+00
   1.0200000e+02   1.3682000e+01   4.5561700e-01   1.7979700e+01  -3.0000000e+00
   1.0300000e+02   1.2313900e+01   1.2140600e+01   4.8648000e+01  -2.0000000e+00
   1.0400000e+02  -8.8679600e+00  -1.0926800e+01   3.5200500e+01  -2.0000000e+00
   1.0500000e+02  -1.4015300e+01   1.0578600e+01   4.7914700e+01  -2.0000000e+00
   1.0600000e+02   1.0819200e+01  -1.3789100e+01   1.9251000e+01  -2.0000000e+00
   1.0700000e+02  -1.3227000e+00  -2.3111100e-01   1.7736100e+01   1.0000000e+00
   1.0800000e+02  -1.1875500e+01  -1.2944600e+01   3.3246900e+01  -2.0000000e+00
   1.0900000e+02  -1.7742900e+01  -3.8973600e+00   3.1795900e+01  -1.0000000e+00
   1.1000000e+02  -1.1281500e+01  -7.3175300e+00   3.1801700e+01   1.0000000e+00
   1.1100000e+02  -8.4509500e+00   1.8538900e+00   3.1002500e+01   1.0000000e+00
   1.1200000e+02   5.3951900e+00  -3.4269500e+00   1.8368800e+01   1.0000000e+00
   1.1300000e+02  -9.8848500e-01   9.7496200e+00   4.6799500e+01   2.0000000e+00
   1.1400000e+02   1.4262800e+00   2.8575100e+00   3.6479200e+01  -3.0000000e+00
   1.1500000e+02   4.7403300e+00  -1.2493400e+01   1.9124700e+01   1.0000000e+00
   1.1600000e+02   4.6422400e+00  -1.8048900e+01   1.9004800e+01  -1.0000000e+00
   1.1700000e+02  -5.9873000e+00   1.1977600e+01   3.6720700e+01  -3.0000000e+00
   1.1800000e+02   7.5174800e+00   6.7714500e+00   4.7911900e+01   2.0000000e+00
   1.1900000e+02  -5.5798500e+00   1.4020200e+01   4.7434100e+01   2.0000000e+00
   1.2000000e+02   2.6069600e+00  -1.7671000e+01   1.8897600e+01  -1.0000000e+00
   1.2100000e+02  -8.7165300e+00   1.6840300e+01   4.9045700e+01  -1.0000000e+00
   1.2200000e+02   1.4964300e+01  -3.6406500e+00   1.8417100e+01  -2.0000000e+00
   1.2300000e+02   1.0719000e+01   3.9251300e+00   3.8320100e+01  -3.0000000e+00
   1.2400000e+02   1.0768500e+01   1.3532300e+01   3.7494500e+01  -2.0000000e+00
   1.2500000e+02  -1.5757800e+01  -2.5777200e-01   3.1856500e+01  -2.0000000e+00
   1.2600000e+02  -1.4871100e+01   5.1146600e+00   3.1774600e+01  -2.0000000e+00
   1.2700000e+02  -1.5877900e+00   1.5223900e+01   4.6837300e+01  -2.0000000e+00
   1.2800000e+02   9.5125500e+00   7.3582900e+00   4.7865300e+01   2.0000000e+00
   1.2900000e+02   5.5737100e+00   6.0600000e+00   4.6712500e+01   2.0000000e+00
   1.3000000e+02  -1.5851300e+01   3.3028300e+00   3.1854700e+01  -2.0000000e+00
   1.3100000e+02   1.3547000e+01  -1.0559700e+01   1.9351200e+01  -2.0000000e+00
   1.3200000e+02   1.7836100e+01   2.4718700e+00   6.4828100e+01  -1.0000000e+00
   1.3300000e+02  -4.1827500e+00  -3.2555100e+00   2.3369000e+01  -3.0000000e+00
   1.3400000e+02   3.4134000e+00   1.3010500e+01   4.6790400e+01   2.0000000e+00
   1.3500000e+02   9.3014200e+00   1.4994900e+01   4.7526200e+01  -1.0000000e+00
   1.3600000e+02  -7.4609000e+00   3.6900900e+00   3.0702700e+01   1.0000000e+00
   1.3700000e+02  -1.1958500e+01   1.0616800e+01   3.6973100e+01  -3.0000000e+00
   1.3800000e+02   1.7747400e+01   3.9320000e-01   2.7936300e+01  -1.0000000e+00
   1.3900000e+02   5.4868400e+00   2.0352600e+00   4.3606700e+00  -3.0000000e+00
   1.4000000e+02   4.4515000e+00   9.5170900e+00   4.7341400e+01   2.0000000e+00
   1.4100000e+02   8.1944800e+00  -3.3464500e-01   1.8173700e+01   1.0000000e+00
   1.4200000e+02   1.2223700e+01  -1.2136800e+01   1.9324200e+01  -2.0000000e+00
   1.4300000e+02   4.0889800e-01   1.5817900e+01   4.7274600e+01  -2.0000000e+00
   1.4400000e+02   5.8705600e+00   1.5730800e+01   3.1532600e+01  -1.0000000e+00
   1.4500000e+02   4.9980700e+00   4.0644900e+00   3.2413000e+01  -3.0000000e+00
   1.4600000e+02   1.1515600e+01  -4.6979800e+00   1.8385000e+01   1.0000000e+00
   1.4700000e+02   2.9389600e+00   1.0979900e+01   4.6771600e+01   2.0000000e+00
   1.4800000e+02  -1.0535900e+01   1.7326600e+00   3.1985300e+01   1.0000000e+00
   1.4900000e+02   9.7545600e-01   1.0368600e+01   4.6977400e+01   2.0000000e+00
   1.5000000e+02   8.8019400e+00  -2.3456500e+00   1.8233300e+01   1.0000000e+00
   1.5100000e+02  -1.3176800e+01   1.4624800e+01   3.8523500e+01  -1.0000000e+00
   1.5200000e+02  -1.0685000e+01   5.2935900e+00   3.3002400e+01   1.0000000e+00
   1.5300000e+02  -2.6977400e+00  -1.7715400e+00   1.6520300e+01  -3.0000000e+00
   1.5400000e+02  -5.3538300e+00  -2.1471500e-02   4.5109600e+01  -3.0000000e+00
   1.5500000e+02  -6.6036300e+00   1.7451500e+01   4.8045400e+01  -1.0000000e+00
   1.5600000e+02  -1.7048700e+01   8.6787000e+00   3.1640200e+01  -1.0000000e+00
   1.5700000e+02  -5.0655700e+00   1.6080700e+01   4.6182200e+01  -2.0000000e+00
   1.5800000e+02   8.4050500e+00   1.0820000e+01   4.7875300e+01   2.0000000e+00
   1.5900000e+02  -8.5574500e+00   5.4391100e+00   3.2635400e+01   1.0000000e+00
   1.6000000e+02   2.4672600e+00   8.9418600e+00   4.6905600e+01   2.0000000e+00
   1.6100000e+02  -1.4355800e+00  -5.7022000e+00   1.8857600e+01   1.0000000e+00
   1.6200000e+02  -5.3899300e+00   3.6316300e+00   3.0453900e+01  -3.0000000e+00
   1.6300000e+02  -9.0229700e+00   1.4784600e+01   5.7035600e+01  -2.0000000e+00
   1.6400000e+02  -7.4518300e-01  -1.8849900e+01   1.9277100e+01  -1.0000000e+00
   1.6500000e+02  -2.7330900e+00  -1.2818600e+01   1.7599200e+01   1.0000000e+00
   1.6600000e+02  -7.1856400e-02  -1.5256100e+01   1.7833000e+01   1.0000000e+00
   1.6700000e+02  -1.1078400e+01   1.4657300e+01   3.7236900e+01  -1.0000000e+00
   1.6800000e+02  -2.0260400e+00   1.3220200e+01   4.6971200e+01   2.0000000e+00
   1.6900000e+02   1.4458600e+00   1.2396900e+01   4.6986900e+01   2.0000000e+00
   1.7000000e+02  -2.5134000e+00   1.1170500e+01   4.7327300e+01   2.0000000e+00
   1.7100000e+02   4.9018900e-01   8.3199800e+00   4.6642600e+01   2.0000000e+00
   1.7200000e+02   6.1230500e+00   6.8359500e-02   1.8450700e+01   1.0000000e+00
   1.7300000e+02   8.1242300e+00  -5.8396300e+00   1.8626800e+01   1.0000000e+00
   1.7400000e+02  -1.9382700e+00   1.8028400e+00   1.8960700e+01  -3.0000000e+00
   1.7500000e+02  -7.1969700e+00  -3.5891000e+00   3.1245500e+01  -3.0000000e+00
   1.7600000e+02   1.4223300e+01  -7.0875100e+00   1.8285900e+01  -2.0000000e+00
   1.7700000e+02  -1.1608900e+01   1.2653600e+01   4.0145700e+01  -2.0000000e+00
   1.7800000e+02   1.8228800e+01   4.5306900e+00   4.6938800e+01  -1.0000000e+00
   1.7900000e+02   3.4867000e+00   2.6440900e+00   2.9487000e+01  -3.0000000e+00
   1.8000000e+02  -2.9709400e+00   9.1589700e+00   4.7313200e+01  -3.0000000e+00
   1.8100000e+02   9.0356200e+00   5.3481400e+00   4.8937900e+01   2.0000000e+00
   1.8200000e+02  -6.7645200e-01  -2.2063800e+00   1.7753000e+01   1.0000000e+00
   1.8300000e+02  -4.6659500e-01   3.7773000e+00   3.1020900e+01  -3.0000000e+00
   1.8400000e+02  -1.4349100e+01  -9.2007600e+00   3.4336700e+01  -2.0000000e+00
   1.8500000e+02   5.1717900e-03   6.3181100e+00   4.6969200e+01   2.0000000e+00
   1.8600000e+02   1.2899700e+01  -3.1783700e+00   1.7733800e+01   1.0000000e+00
   1.8700000e+02   1.1028300e+01   5.9699900e+00   4.9243500e+01   2.0000000e+00
   1.8800000e+02  -1.6625800e+01  -5.6185200e+00   1.6911900e+01  -1.0000000e+00
   1.8900000e+02  -1.6965400e+01   5.0841700e+00   4.6097100e+01  -1.0000000e+00
   1.9000000e+02  -1.0666000e+01  -1.4642500e+01   2.0622700e+01  -2.0000000e+00
   1.9100000e+02  -1.3722100e+00  -1.1288500e+01   1.8451200e+01   1.0000000e+00
   1.9200000e+02  -5.5110900e+00  -1.6322800e+01   2.8901400e+01  -1.0000000e+00
   1.9300000e+02  -1.3413700e+01  -7.3652300e+00   3.1493000e+01   1.0000000e+00
   1.9400000e+02  -2.1936300e+00  -3.7851000e+00   1.7150800e+01   1.0000000e+00
   1.9500000e+02  -1.1091100e+00   1.7331800e+01   4.7046500e+01  -1.0000000e+00
   1.9600000e+02  -7.5606600e+00  -1.6425600e+01   3.1712700e+01  -1.0000000e+00
   1.9700000e+02  -5.0105900e+00  -1.2342600e+01   2.4653200e+01  -2.0000000e+00
   1.9800000e+02  -1.3884900e+01   6.9485600e+00   3.1488800e+01   1.0000000e+00
   1.9900000e+02  -1.1533100e+01  -9.2327200e-02   3.1859200e+01   1.0000000e+00
   2.0000000e+02  -5.7853800e+00  -5.0818600e+00   2.9267800e+01  -3.0000000e+00
   2.0100000e+02   1.0842900e+01  -8.2378700e+00   1.8737500e+01   1.0000000e+00
   2.0200000e+02  -1.3755300e+01   3.3804500e+00   3.2230700e+01   1.0000000e+00
   2.0300000e+02  -1.2779900e+01   5.2048600e+00   3.2263900e+01   1.0000000e+00
   2.0400000e+02   1.6663800e+01   6.0296900e+00   4.8030700e+01  -2.0000000e+00
   2.0500000e+02  -9.8797400e+00   1.0735700e+01   3.9000800e+01  -3.0000000e+00
   2.0600000e+02   8.1191200e+00  -1.6901400e+01   1.8430500e+01  -1.0000000e+00
   2.0700000e+02   2.7476200e+00  -1.0818100e+00   1.8562600e+01   1.0000000e+00
   2.0800000e+02  -7.3571200e-01  -7.7046300e+00   1.9357200e+01   1.0000000e+00
   2.0900000e+02   1.2953500e+00  -8.1292800e+00   1.9437100e+01   1.0000000e+00
   2.1000000e+02   1.8361800e+01  -1.5878200e+00   1.2431100e+00  -1.0000000e+00
   2.1100000e+02  -1.4614600e+01  -1.9981800e+00   3.2276400e+01   1.0000000e+00
   2.1200000e+02  -1.2741200e+01  -1.4835400e+01   3.4633700e+01  -1.0000000e+00
   2.1300000e+02  -8.5786700e+00  -1.4639200e+01   3.2483000e+01  -2.0000000e+00
   2.1400000e+02   6.7766200e+00  -7.3971000e+00   1.9074600e+01   1.0000000e+00
   2.1500000e+02  -1.0193300e+01  -9.1620100e+00   3.3797300e+01  -3.0000000e+00
   2.1600000e+02   1.3431800e+01   8.7214100e+00   4.9122700e+01   2.0000000e+00
   2.1700000e+02   4.9021800e+00   1.1582600e+01   4.7081500e+01   2.0000000e+00
   2.1800000e+02   8.7671600e+00   3.2895000e+00   4.0224500e+01  -3.0000000e+00
   2.1900000e+02   3.5420800e-03  -9.7459400e+00   1.9345100e+01   1.0000000e+00
   2.2000000e+02   3.3723700e+00  -1.4117500e+01   1.8792900e+01   1.0000000e+00
   2.2100000e+02   7.4611300e+00  -9.3439000e+00   1.8946100e+01   1.0000000e+00
   2.2200000e+02   1.5751400e+01  -5.6186700e+00   1.8553400e+01  -2.0000000e+00
   2.2300000e+02   1.0121900e+01  -1.1760900e+01   1.8888400e+01   1.0000000e+00
   2.2400000e+02  -9.7371200e+00  -1.2795600e+01   3.4032800e+01   1.0000000e+00
   2.2500000e+02   1.1459700e+01   8.0474100e+00   4.8840600e+01   2.0000000e+00
   2.2600000e+02  -3.4361200e+00  -1.0865100e+01   1.6965600e+01  -3.0000000e+00
   2.2700000e+02  -1.2872000e+01   8.7660400e+00   3.2120600e+01   1.0000000e+00
   2.2800000e+02  -3.0908000e+00   1.6655200e+01   3.3124700e+01  -2.0000000e+00
   2.2900000e+02  -8.3245600e+00  -1.8067700e+00   3.1378500e+01  -3.0000000e+00
   2.3000000e+02   7.3182700e+00   1.4264800e+01   3.5539800e+01  -2.0000000e+00
   2.3100000e+02   1.4619800e+01   1.4791800e+01   7.5065400e+01  -1.0000000e+00
   2.3200000e+02  -3.4598700e+00  -1.6399300e+01   8.0050300e+00  -2.0000000e+00
   2.3300000e+02   1.1501700e+01  -1.0182900e+01   1.9125800e+01   1.0000000e+00
   2.3400000e+02  -1.5487300e+01  -7.3664100e+00   3.2049500e+01  -2.0000000e+00
   2.3500000e+02   3.8991100e+00   1.5062500e+01   4.7076200e+01  -2.0000000e+00
   2.3600000e+02  -2.5842200e+00   3.7462300e+00   3.1351000e+01  -3.0000000e+00
   2.3700000e+02  -7.4237000e+00   5.9437000e-02   3.1555600e+01  -3.0000000e+00
   2.3800000e+02   8.7930900e+00  -7.7891800e+00   1.8773700e+01   1.0000000e+00
   2.3900000e+02  -1.7955200e+01  -2.7566500e-01   3.0794300e+01  -1.0000000e+00
   2.4000000e+02   1.3030000e+01   6.6912800e+00   4.9072600e+01   2.0000000e+00
   2.4100000e+02   8.7001200e-01   1.7938800e+01   4.7089400e+01  -1.0000000e+00
   2.4200000e+02   1.5078500e+01   7.3629500e+00   4.8730000e+01  -2.0000000e+00
   2.4300000e+02   1.4326200e+01  -1.6807200e+00   1.7213500e+01   1.0000000e+00
   2.4400000e+02   1.2591900e+01   1.4472500e+01   4.8552600e+01  -1.0000000e+00
   2.4500000e+02  -1.3028000e+01  -1.1065300e+01   3.3483600e+01  -2.0000000e+00
   2.4600000e+02  -6.4531300e+00  -1.4389400e+01   3.1005200e+01  -2.0000000e+00
   2.4700000e+02   2.7167400e+00  -1.2108600e+01   1.9058400e+01   1.0000000e+00
   2.4800000e+02   1.0345800e+01   1.1492800e+01   4.8086600e+01   2.0000000e+00
   2.4900000e+02   1.2269000e+01  -1.2178300e+00   1.8445700e+01   1.0000000e+00
   2.5000000e+02   6.9705700e-01  -1.1722300e+01   1.8842600e+01   1.0000000e+00
   2.5100000e+02   1.9583300e+00  -1.5693300e+01   1.8271600e+01  -2.0000000e+00
   2.5200000e+02  -1.5102900e+01  -1.1180600e+01   2.0350900e+01  -1.0000000e+00
   2.5300000e+02  -4.0474600e+00   5.1830800e+00   4.7385700e+01  -3.0000000e+00
   2.5400000e+02   7.0383900e+00   4.6039900e+00   3.6140900e+01  -3.0000000e+00
   2.5500000e+02  -4.0176100e+00  -8.8941600e+00   1.0927400e+01  -3.0000000e+00
   2.5600000e+02   5.4088800e+00  -1.4439600e+01   1.8525600e+01   1.0000000e+00
   2.5700000e+02  -7.0261500e+00  -7.0454100e+00   3.1465500e+01  -3.0000000e+00
   2.5800000e+02  -3.9780100e+00   2.1523000e+00   2.7933000e+01  -3.0000000e+00
   2.5900000e+02   1.0864800e+01  -2.7551700e+00   1.8420900e+01   1.0000000e+00
   2.6000000e+02   6.0969800e+00  -1.0912100e+01   1.8958400e+01   1.0000000e+00
   2.6100000e+02  -8.2586900e+00  -5.3759400e+00   3.2956700e+01   1.0000000e+00
   2.6200000e+02   3.3676300e+00  -3.0400800e+00   1.8329300e+01   1.0000000e+00
   2.6300000e+02   5.4204100e+00  -8.9732300e+00   1.9148000e+01   1.0000000e+00
   2.6400000e+02   6.0234300e+00  -1.6444400e+01   3.0168600e+01  -2.0000000e+00
   2.6500000e+02  -1.6723500e+01  -2.0976900e+00   3.2568600e+01  -2.0000000e+00
   2.6600000e+02  -2.8493800e+00  -7.1995900e+00   2.1117900e+01   1.0000000e+00
   2.6700000e+02   4.0168200e+00   7.5117700e+00   4.6974900e+01   2.0000000e+00
   2.6800000e+02   1.3570800e+01  -5.1414700e+00   1.7975300e+01   1.0000000e+00
   2.6900000e+02  -1.1427200e+01  -3.6798300e+00   3.1790900e+01   1.0000000e+00
   2.7000000e+02   8.1196600e+00  -1.1331900e+01   1.8511500e+01   1.0000000e+00
   2.7100000e+02  -6.5064800e+00  -1.0919900e+01   3.8254400e+01  -1.0000000e+00
   2.7200000e+02   4.6957800e+00  -6.9613800e+00   1.9287200e+01   1.0000000e+00
   2.7300000e+02   1.5011200e+01  -8.9963100e+00   1.8457200e+01  -2.0000000e+00
   2.7400000e+02  -7.8257200e+00   1.1023100e+01   4.4540900e+01  -3.0000000e+00
   2.7500000e+02  -1.4339900e+00  -1.6849300e+01   1.7920700e+01  -2.0000000e+00
   2.7600000e+02  -1.0334900e+01  -5.4169000e+00   3.1950900e+01   1.0000000e+00
   2.7700000e+02   1.6504800e+01  -7.5805700e+00   1.7426200e+01  -1.0000000e+00
   2.7800000e+02  -9.5532100e+00   1.2796900e+01   4.3227800e+01  -2.0000000e+00
   2.7900000e+02  -4.5748900e+00   1.0450600e+01   3.7603800e+01  -3.0000000e+00
   2.8000000e+02   9.8990300e+00   9.4021000e+00   4.8110300e+01   2.0000000e+00
   2.8100000e+02  -1.6084800e+01   1.0505300e+01   3.2398800e+01  -1.0000000e+00
   2.8200000e+02  -9.6230400e+00  -1.6528100e+01   3.0950600e+01  -1.0000000e+00
   2.8300000e+02  -5.1263800e-02   1.3799800e+01   4.6968000e+01   2.0000000e+00
   2.8400000e+02  -5.5445900e+00   7.4856800e+00   3.0392800e+01  -3.0000000e+00
   2.8500000e+02  -1.0943600e+01  -1.1083900e+01   3.4189400e+01  -3.0000000e+00
   2.8600000e+02   1.4277000e+01  -1.2558800e+01   3.3961700e+01  -1.0000000e+00
   2.8700000e+02   5.9833400e+00   8.1354900e+00   4.8222700e+01   2.0000000e+00
   2.8800000e+02   3.3881500e+00  -8.5405900e+00   1.9383300e+01   1.0000000e+00
   2.8900000e+02  -1.1791900e+01   7.0161500e+00   3.2373700e+01   1.0000000e+00
   2.9000000e+02  -3.3216700e+00   2.1215300e-01   9.8385000e+00  -3.0000000e+00
   2.9100000e+02   5.9859500e-02   1.3036900e+00   1.6869800e+01  -3.0000000e+00
   2.9200000e+02  -6.3393600e+00   1.8009500e+00   3.1134500e+01   1.0000000e+00
   2.9300000e+02   1.3834900e+01   1.0734100e+01   4.8676200e+01  -2.0000000e+00
   2.9400000e+02  -7.0762900e+00   1.5438500e+01   4.7788800e+01  -2.0000000e+00
   2.9500000e+02  -1.4824500e+00   7.7397300e+00   4.6209100e+01   2.0000000e+00
   2.9600000e+02   2.3592900e+00   1.6511200e+01   4.7409700e+01  -2.0000000e+00
   2.9700000e+02  -1.3984900e+01  -1.2934100e+01   1.7078000e+01  -1.0000000e+00
   2.9800000e+02  -1.9804500e+00   5.7428700e+00   4.4161200e+01   2.0000000e+00
   2.9900000e+02   1.2863300e+01  -8.6326400e+00   1.9209300e+01   1.0000000e+00
