   0.0000000e+00  -9.2913000e+00   1.3698500e+01   3.3330800e+01  -2.0000000e+00
   1.0000000e+00  -8.7037000e+00  -7.3354700e+00   1.4355400e+01   1.0000000e+00
   2.0000000e+00  -7.1908400e+00   1.3823500e+01   3.2527900e+01  -2.0000000e+00
   3.0000000e+00  -1.6366700e+00   5.0570600e+00   3.2457800e+01   1.0000000e+00
   4.0000000e+00  -1.0883500e+01   2.8619700e+00   3.2935400e+01   1.0000000e+00
   5.0000000e+00   1.2440300e+01   4.4940700e+00   3.1454800e+01  -3.0000000e+00
   6.0000000e+00   1.0560900e+01  -9.9159000e+00   3.1373900e+01   2.0000000e+00
   7.0000000e+00   1.7586200e+01   3.2508500e+00   3.5497000e+01  -2.0000000e+00
   8.0000000e+00   9.3005900e+00   2.6532700e+00   4.2417800e+01  -3.0000000e+00
   9.0000000e+00  -6.0990200e+00   1.2073300e+01   3.3084500e+01   1.0000000e+00
   1.0000000e+01   8.6973700e+00   1.0001900e+01   3.0679700e+01   1.0000000e+00
   1.1000000e+01   5.2165900e+00  -4.5850000e+00   3.1456800e+01   2.0000000e+00
   1.2000000e+01  -3.6314100e+00  -1.2507000e+01   1.4901400e+01   1.0000000e+00
   1.3000000e+01   1.4200600e+01   1.0800500e+01   2.8708400e+01  -2.0000000e+00
   1.4000000e+01  -3.5407000e+00   1.2256500e+00   3.7544400e+01  -3.0000000e+00
   1.5000000e+01   8.3248600e+00  -2.7586400e+00   3.1018600e+01   2.0000000e+00
   1.6000000e+01   8.6125500e+00  -1.3577700e+01   3.0720100e+01  -2.0000000e+00
   1.7000000e+01  -5.7117700e+00  -4.4955100e+00   1.4046000e+01   1.0000000e+00
   1.8000000e+01   1.4682500e+01  -6.1955800e+00   3.1021700e+01  -2.0000000e+00
   1.9000000e+01  -1.4251100e+01  -7.6899300e+00   1.5026700e+01  -2.0000000e+00
   2.0000000e+01  -3.6972800e+00   4.9363300e+00   3.2309600e+01   1.0000000e+00
   2.1000000e+01  -1.2453600e+01   1.5316800e+01   3.3143700e+01  -1.0000000e+00
   2.2000000e+01  -1.6342500e+01   7.9058800e+00   4.7900100e+01  -1.0000000e+00
   2.3000000e+01  -8.8043700e+00   2.9566300e+00   3.3230200e+01   1.0000000e+00
   2.4000000e+01  -3.7205200e+00  -5.0369000e+00   1.4630000e+01   1.0000000e+00
   2.5000000e+01  -6.8318300e-01   6.9137700e+00   3.2845800e+01   1.0000000e+00
   2.6000000e+01   1.2650300e+01  -9.8216800e+00   3.2147300e+01   2.0000000e+00
   2.7000000e+01  -1.4096400e+01   4.3572200e+00   3.4193300e+01   1.0000000e+00
   2.8000000e+01   6.3624800e+00  -6.3957200e+00   3.1476700e+01   2.0000000e+00
   2.9000000e+01   9.6215100e+00  -1.5407900e+01   3.0309200e+01  -1.0000000e+00
   3.0000000e+01   1.3576000e+01  -4.4367700e+00   3.0461600e+01   2.0000000e+00
   3.1000000e+01   3.0286700e+00  -1.0725200e+00   2.5607000e+01  -3.0000000e+00
   3.2000000e+01   1.5447600e+01   6.9083900e+00   3.6468800e+01  -2.0000000e+00
   3.3000000e+01   7.4658000e+00  -1.5514500e+01   4.1163000e+01  -2.0000000e+00
   3.4000000e+01   1.1646000e+01  -1.1692800e+01   3.2094300e+01   2.0000000e+00
   3.5000000e+01  -1.3312500e+01  -4.2032900e+00   1.6629700e+01   1.0000000e+00
   3.6000000e+01  -3.8700800e+00   8.5396900e+00   3.2241300e+01   1.0000000e+00
   3.7000000e+01  -8.3315900e+00   1.5773800e+01   3.3241200e+01  -1.0000000e+00
   3.8000000e+01  -1.0898900e+00   1.7830800e+01   3.2303200e+01  -1.0000000e+00
   3.9000000e+01   9.6694700e-01  -6.8620600e-01   1.9839700e+01  -3.0000000e+00
   4.0000000e+01  -3.1896000e+00  -7.0228500e+00   1.5937400e+01   1.0000000e+00
   4.1000000e+01  -1.1273500e+01  -4.7791300e+00   1.4684400e+01   1.0000000e+00
   4.2000000e+01  -7.6657400e+00  -1.1353900e+01   1.4070500e+01   1.0000000e+00
   4.3000000e+01  -1.0181600e+01  -8.7694100e+00   1.4393100e+01   1.0000000e+00
   4.4000000e+01   1.0509500e+01   1.3103300e+01   2.9857600e+01  -2.0000000e+00
   4.5000000e+01   6.5469300e+00  -1.3619000e+01   3.0134000e+01   2.0000000e+00
   4.6000000e+01   5.3361200e+00  -8.2646600e+00   3.1198300e+01   2.0000000e+00
   4.7000000e+01   6.2544400e+00  -2.7923300e+00   3.1181100e+01   2.0000000e+00
   4.8000000e+01  -7.8294000e+00   4.8053100e+00   3.2352400e+01   1.0000000e+00
   4.9000000e+01  -8.3137700e+00  -1.8991100e+00   2.5787700e+01  -3.0000000e+00
   5.0000000e+01  -6.8781200e+00   6.6478100e+00   3.2600600e+01   1.0000000e+00
   5.1000000e+01   1.5594600e+01   2.7248200e+00   3.4202800e+01  -3.0000000e+00
   5.2000000e+01   9.4769600e+00  -8.1174400e+00   3.1240800e+01   2.0000000e+00
   5.3000000e+01   2.9329400e-01   8.7479500e+00   3.2113700e+01  -3.0000000e+00
   5.4000000e+01  -1.4645400e+01   1.5165400e+01   3.3532200e+01  -1.0000000e+00
   5.5000000e+01   1.8710300e+01   1.4940100e+00   3.8756400e+01  -1.0000000e+00
   5.6000000e+01   1.7508100e+01   6.9791100e+00   1.6499300e+01  -1.0000000e+00
   5.7000000e+01   5.2840600e+00   5.6747200e+00   8.7508000e-01  -3.0000000e+00
   5.8000000e+01  -2.1058500e+00  -3.4743200e+00   1.5023200e+01  -3.0000000e+00
   5.9000000e+01  -1.6553400e+01   1.0184700e+00   3.0492700e+01  -2.0000000e+00
   6.0000000e+01  -2.5272700e+00  -1.6589300e+01   1.6216400e+01  -2.0000000e+00
   6.1000000e+01   1.0861700e+01   6.4892200e+00   2.5250900e+01  -3.0000000e+00
   6.2000000e+01  -6.6127000e+00  -4.9610700e-01   2.2385100e+01  -3.0000000e+00
   6.3000000e+01   4.2996900e+00  -1.0076200e+01   2.9638800e+01  -2.0000000e+00
   6.4000000e+01  -1.0213600e+01   1.1859600e+01   3.2906600e+01   1.0000000e+00
   6.5000000e+01   6.8535700e+00   1.0980300e+01   3.1106600e+01   1.0000000e+00
   6.6000000e+01   1.3721200e+01  -1.1576300e+01   3.2335100e+01  -2.0000000e+00
   6.7000000e+01   5.1740700e+00   7.7946000e+00   2.9963600e+00  -3.0000000e+00
   6.8000000e+01  -1.7205400e+01  -5.2104800e+00   1.1716900e+00  -1.0000000e+00
   6.9000000e+01   5.1235200e+00   1.4019800e+01   3.3265400e+01  -3.0000000e+00
   7.0000000e+01  -1.3169600e+01  -1.1688400e+01   1.9410500e+00  -2.0000000e+00
   7.1000000e+01   4.3093800e+00  -6.4484000e+00   3.1839300e+01   2.0000000e+00
   7.2000000e+01  -1.0203000e+00   1.4097600e+01   3.1796400e+01   1.0000000e+00
   7.3000000e+01  -5.7605100e+00   4.8696000e+00   3.2079000e+01   1.0000000e+00
   7.4000000e+01   4.1213000e+00  -2.8516900e+00   2.9893200e+01   2.0000000e+00
   7.5000000e+01  -1.5230500e+01   6.1713200e+00   3.3091500e+01  -2.0000000e+00
   7.6000000e+01   8.4751300e+00  -9.9309700e+00   3.1578900e+01   2.0000000e+00
   7.7000000e+01   1.6323800e+01   8.8238600e+00   1.1015900e+01  -1.0000000e+00
   7.8000000e+01  -5.6622600e+00  -1.1957100e+01   1.4004000e+01   1.0000000e+00
   7.9000000e+01   4.2582400e+00   1.6019700e+01   2.0938200e+01  -2.0000000e+00
   8.0000000e+01   7.3112200e+00  -4.5605800e+00   3.1188200e+01   2.0000000e+00
   8.1000000e+01  -9.8040800e+00  -3.3432100e+00   1.4907800e+01   1.0000000e+00
   8.2000000e+01  -1.1332700e+01   1.3585600e+01   3.3068400e+01  -2.0000000e+00
   8.3000000e+01  -6.6043000e+00  -1.5348200e+01   1.4773600e+01  -2.0000000e+00
   8.4000000e+01   1.5724400e+01  -4.4139700e+00   3.1415200e+01  -2.0000000e+00
   8.5000000e+01   1.0516400e+01   1.1034200e+01   2.9961600e+01   1.0000000e+00
   8.6000000e+01   1.4552400e+01   9.4749300e-01   3.0318700e+01   2.0000000e+00
   8.7000000e+01  -5.6175900e-01   3.3080800e+00   1.6058000e+01  -3.0000000e+00
   8.8000000e+01  -1.5298700e+01  -6.2981200e-01   1.6108700e+01  -1.0000000e+00
   8.9000000e+01   4.1759800e+00   8.3019800e-01   1.2556500e+01  -3.0000000e+00
   9.0000000e+01   8.6675300e-02   1.2355600e+01   3.2887500e+01   1.0000000e+00
   9.1000000e+01  -8.1736200e+00  -9.3589600e+00   1.4034900e+01   1.0000000e+00
   9.2000000e+01  -9.8983300e+00   4.6927900e+00   3.2938000e+01   1.0000000e+00
   9.3000000e+01  -2.1081700e+00   1.5952900e+01   3.2213600e+01  -2.0000000e+00
   9.4000000e+01  -1.0610800e+01  -1.4256800e+01   2.6760900e+01  -2.0000000e+00
   9.5000000e+01   1.1536800e+01  -8.0811000e+00   3.1550800e+01   2.0000000e+00
   9.6000000e+01  -1.7335800e+01  -9.1640400e-01   8.4042300e+01  -1.0000000e+00
   9.7000000e+01   1.1837500e+01  -1.5416800e+01   3.3007200e+01  -1.0000000e+00
   9.8000000e+01   1.4652100e+01  -2.6707300e+00   3.0949400e+01   2.0000000e+00
   9.9000000e+01  -9.2370600e+00  -5.3530900e+00   1.4619300e+01   1.0000000e+00
   1.0000000e+02  -1.7266500e+00  -5.5198900e+00   1.5004300e+01  -3.0000000e+00
   1.0100000e+02   3.1252100e+00  -8.3724300e+00   2.6590100e+01  -3.0000000e+00
   1.0200000e+02   7.5041000e+00  -1.1773100e+01   3.1885900e+01   2.0000000e+00
   1.0300000e+02  -1.1070100e+01   6.3850600e+00   3.2768900e+01   1.0000000e+00
   1.0400000e+02   1.6497100e+01   5.1071700e+00   3.4811200e+01  -2.0000000e+00
   1.0500000e+02   1.3519100e+01  -8.3666400e-01   3.0906200e+01   2.0000000e+00
   1.0600000e+02  -3.0486900e+00  -1.4498500e+01   1.5097400e+01   1.0000000e+00
   1.0700000e+02  -4.0236300e+00   1.2223700e+01   3.2502400e+01   1.0000000e+00
   1.0800000e+02  -8.6320200e+00  -1.4814500e+01   2.6586200e+00  -2.0000000e+00
   1.0900000e+02   1.0362100e+01   8.6998700e-01   3.0745000e+01   2.0000000e+00
   1.1000000e+02   1.0480600e+01  -6.2890800e+00   3.1196700e+01   2.0000000e+00
   1.1100000e+02   1.8574000e+01   5.1106800e+00   3.0609400e+01  -1.0000000e+00
   1.1200000e+02  -2.6171600e+00   3.1324700e+00   4.4647900e+01  -3.0000000e+00
   1.1300000e+02  -1.0713000e+01  -6.7718400e+00   1.4642600e+01   1.0000000e+00
   1.1400000e+02   8.7382300e+00   1.2053300e+01   3.0128200e+01   1.0000000e+00
   1.1500000e+02   8.7514800e+00   7.9236800e+00   7.1348000e-01   1.0000000e+00
   1.1600000e+02  -4.1934300e+00   1.5848400e+01   3.3312900e+01  -2.0000000e+00
   1.1700000e+02   3.2177300e+00   1.7892400e+01   2.9172800e+01  -1.0000000e+00
   1.1800000e+02   3.5822800e-01  -1.3561800e+01   6.7204200e+00   0.0000000e+00
   1.1900000e+02   1.6856300e+01  -6.1686000e+00   4.6533700e+01  -1.0000000e+00
   1.2000000e+02   3.3114800e+00  -1.5553100e+01   2.6915500e+01  -2.0000000e+00
   1.2100000e+02   3.2791600e+00   1.0760500e+01   3.6444700e+01  -3.0000000e+00
   1.2200000e+02   1.0504100e+01   8.9763100e+00   3.1535800e+01   1.0000000e+00
   1.2300000e+02   9.3390100e+00  -9.1459200e-01   3.0924000e+01   2.0000000e+00
   1.2400000e+02   9.3947000e+00  -4.5391700e+00   3.1318700e+01   2.0000000e+00
   1.2500000e+02  -2.0577500e+00  -1.0971100e+01   1.4476400e+01   1.0000000e+00
   1.2600000e+02   1.2153900e+00   1.0618000e+01   3.4483200e+01  -3.0000000e+00
   1.2700000e+02   2.8973500e+00   4.7643100e+00   4.2917800e+01  -3.0000000e+00
   1.2800000e+02  -1.2928600e+01   2.6626700e+00   3.5096300e+01   1.0000000e+00
   1.2900000e+02   9.2313000e-01  -8.0828000e+00   1.7571800e+01   1.0000000e+00
   1.3000000e+02   1.4732200e+01  -9.7364000e+00   3.1917600e+01  -2.0000000e+00
   1.3100000e+02   1.2407300e+01   1.4176500e+01   4.3661200e+01  -1.0000000e+00
   1.3200000e+02   4.1798900e+00  -1.7418700e+01   2.7903100e+01  -1.0000000e+00
   1.3300000e+02   8.8607200e+00   5.8664700e+00   8.4288300e+00  -3.0000000e+00
   1.3400000e+02  -1.5748300e+01   1.3144000e+01   3.7133900e+01  -1.0000000e+00
   1.3500000e+02   4.4891300e+00  -1.3641400e+01   3.1018000e+01   0.0000000e+00
   1.3600000e+02  -6.2419400e+00   1.5717800e+01   4.4845200e+01  -2.0000000e+00
   1.3700000e+02   5.8755000e-02   1.6047100e+01   3.1163000e+01  -2.0000000e+00
   1.3800000e+02   2.1399200e+00   1.6117800e+01   2.9260200e+01  -2.0000000e+00
   1.3900000e+02   1.0579000e+01   1.5194300e+01   4.4931200e+01  -1.0000000e+00
   1.4000000e+02  -6.7478200e+00   3.0377600e+00   3.2077200e+01   1.0000000e+00
   1.4100000e+02  -2.9117200e+00   1.0421500e+01   3.2227200e+01   1.0000000e+00
   1.4200000e+02  -7.7093400e+00  -3.8792500e+00   1.4172400e+01  -3.0000000e+00
   1.4300000e+02  -1.0280600e+00  -1.5086300e+01   1.7959900e+01   0.0000000e+00
   1.4400000e+02   1.3633500e+00   6.9735300e+00   4.1153500e+01  -3.0000000e+00
   1.4500000e+02   1.2766700e+01  -1.3443800e+01   3.3251600e+01  -2.0000000e+00
   1.4600000e+02  -1.3680700e+01  -9.6764500e+00   1.5090100e+01  -2.0000000e+00
   1.4700000e+02   1.5013900e+00   3.2243200e+00   2.1850300e+01   1.0000000e+00
   1.4800000e+02   2.2538300e+00  -6.5130500e+00   3.8404600e+01  -3.0000000e+00
   1.4900000e+02  -8.0782700e+00  -1.6849600e+01   1.5591300e+01  -1.0000000e+00
   1.5000000e+02   1.6721700e+01  -2.5842200e+00   3.1580300e+01  -2.0000000e+00
   1.5100000e+02  -1.2177600e+01   8.1351900e+00   3.2257400e+01   1.0000000e+00
   1.5200000e+02  -1.1813200e+01  -2.7957800e+00   1.6403400e+01  -3.0000000e+00
   1.5300000e+02   7.1291200e+00   4.7651500e+00   3.1160600e+00  -3.0000000e+00
   1.5400000e+02   8.3059200e+00   8.5392600e-01   3.0778300e+01   2.0000000e+00
   1.5500000e+02   6.9507400e+00   1.3058500e+01   3.0407200e+01   1.0000000e+00
   1.5600000e+02  -8.6357300e-01   1.0503400e+01   3.2787700e+01   1.0000000e+00
   1.5700000e+02   1.3920100e+01  -1.5210200e+01   3.4270000e+01  -1.0000000e+00
   1.5800000e+02  -4.5259800e+00  -1.5954400e+01   1.3928000e+01  -2.0000000e+00
   1.5900000e+02  -1.3439500e+01   1.3459900e+01   3.4263800e+01  -2.0000000e+00
   1.6000000e+02  -9.1249000e+00   1.0121000e+01   3.2957100e+01   1.0000000e+00
   1.6100000e+02   2.9544600e+00  -1.1626500e+01   3.3925700e+01  -1.0000000e+00
   1.6200000e+02  -2.6053500e+00  -8.9933400e+00   1.5636900e+01   1.0000000e+00
   1.6300000e+02  -5.1000100e+00  -1.3955300e+01   1.4713500e+01   1.0000000e+00
   1.6400000e+02   2.7308200e-01  -5.9826200e+00   3.2324900e+00  -3.0000000e+00
   1.6500000e+02   9.0318200e-02   1.3362000e+00   1.8350000e+01  -3.0000000e+00
   1.6600000e+02  -2.6863600e+00  -1.4953900e+00   2.8695300e+01  -3.0000000e+00
   1.6700000e+02  -4.9641400e+00   1.0364800e+01   3.2649200e+01   1.0000000e+00
   1.6800000e+02   1.7836300e+01  -4.3264900e+00   3.2322500e+01  -1.0000000e+00
   1.6900000e+02  -6.1927000e+00  -2.5038900e+00   1.4774600e+01  -3.0000000e+00
   1.7000000e+02  -8.9434200e+00   6.5291400e+00   3.3248600e+01   1.0000000e+00
   1.7100000e+02   1.1787800e+00  -1.5454200e+01   2.3547500e+01  -2.0000000e+00
   1.7200000e+02   1.3476600e+01   2.6973500e+00   3.0393200e+01   2.0000000e+00
   1.7300000e+02  -1.2606600e+01  -8.9395500e-01   2.5199600e+01  -3.0000000e+00
   1.7400000e+02   1.0920500e+00   1.7902300e+01   3.0729100e+01  -1.0000000e+00
   1.7500000e+02  -7.0447300e+00   1.0226300e+01   3.2870300e+01   1.0000000e+00
   1.7600000e+02   9.5568200e+00  -1.1710100e+01   3.1478700e+01   2.0000000e+00
   1.7700000e+02   1.0276700e+00   1.4212800e+01   3.1334000e+01   1.0000000e+00
   1.7800000e+02   5.4209300e+00  -1.1818300e+01   3.0955500e+01  -2.0000000e+00
   1.7900000e+02  -1.2186100e+01  -8.2133500e+00   1.4955800e+01   1.0000000e+00
   1.8000000e+02   1.4826100e+01  -1.3352400e+01   4.7031100e+01  -1.0000000e+00
   1.8100000e+02   6.2833500e+00  -1.7395000e+01   2.7952400e+01  -1.0000000e+00
   1.8200000e+02  -4.0909600e+00  -1.0504400e+01   1.4589200e+01   1.0000000e+00
   1.8300000e+02   4.9858800e+00   1.1956900e+01   3.7307700e+01  -3.0000000e+00
   1.8400000e+02  -1.2742800e+01  -6.2153600e+00   1.4950900e+01   1.0000000e+00
   1.8500000e+02  -1.5706400e+01  -9.1765200e+00   1.8569200e-01  -1.0000000e+00
   1.8600000e+02  -1.5188300e+01  -1.1169500e+01   1.4960800e+01  -1.0000000e+00
   1.8700000e+02  -1.1684000e-01  -1.7073400e+01   3.1694000e+01  -2.0000000e+00
   1.8800000e+02   3.5384600e+00   2.7742400e+00   1.3290600e+01  -3.0000000e+00
   1.8900000e+02   1.2292600e+01   7.9535700e+00   4.4102100e+01  -3.0000000e+00
   1.9000000e+02  -1.6181400e+01   4.1757400e+00   2.8853200e+01  -2.0000000e+00
   1.9100000e+02  -5.6374200e-01  -9.5253700e+00   1.4822700e+01   1.0000000e+00
   1.9200000e+02   2.9479600e+00  -4.5645800e+00   3.2952600e+01  -3.0000000e+00
   1.9300000e+02  -1.1129300e+01  -1.2249400e+01   1.4002900e+01  -2.0000000e+00
   1.9400000e+02  -5.1348500e+00   1.3957200e+01   3.2958600e+01   1.0000000e+00
   1.9500000e+02   1.2305000e+01   1.0004800e+01   5.7862000e+01  -3.0000000e+00
   1.9600000e+02   1.1526100e+01  -4.4517900e+00   3.1099800e+01   2.0000000e+00
   1.9700000e+02   1.0359600e+01   4.4668500e+00   3.6611800e+01  -3.0000000e+00
   1.9800000e+02  -1.4371800e+01   1.1627500e+01   3.4407600e+01  -2.0000000e+00
   1.9900000e+02  -9.1389000e+00  -1.2804200e+01   1.4427300e+01   1.0000000e+00
   2.0000000e+02   1.2443600e+01   9.1086200e-01   3.0954500e+01   2.0000000e+00
   2.0100000e+02  -1.3805000e+01   7.8262400e-01   3.0946100e+01  -2.0000000e+00
   2.0200000e+02   8.7104900e+00   1.4134500e+01   3.0378700e+01  -2.0000000e+00
   2.0300000e+02  -1.2764900e+01  -1.3699300e+01  -6.0916700e-01  -1.0000000e+00
   2.0400000e+02   1.5847900e+01  -7.9589200e+00   4.5764200e+01  -1.0000000e+00
   2.0500000e+02  -6.0333900e+00  -1.7358500e+01   1.4225600e+01  -1.0000000e+00
   2.0600000e+02   1.4256900e+01   8.6573800e+00   1.6208300e+01  -2.0000000e+00
   2.0700000e+02  -1.1643300e+01  -1.0221700e+01   1.4475200e+01   1.0000000e+00
   2.0800000e+02  -1.5005300e+01   2.4798100e+00   3.0511700e+01  -2.0000000e+00
   2.0900000e+02   2.1551500e+00   1.2072800e+00   2.1872300e+01   1.0000000e+00
   2.1000000e+02  -1.0338200e+01  -1.3287500e+00   3.3117700e+01  -3.0000000e+00
   2.1100000e+02   1.5267600e+00  -1.0037200e+01   2.0986900e+01  -2.0000000e+00
   2.1200000e+02  -3.2475700e+00   1.7716800e+01   3.2868900e+01  -1.0000000e+00
   2.1300000e+02  -1.1743600e+01   9.8106700e-01   4.4436000e+01   1.0000000e+00
   2.1400000e+02  -6.4436600e-02  -1.1543400e+01   1.3177000e+01   0.0000000e+00
   2.1500000e+02   2.1311600e+00   1.2468000e+01   3.3003000e+01  -3.0000000e+00
   2.1600000e+02   8.4119200e+00  -6.3423900e+00   3.1344600e+01   2.0000000e+00
   2.1700000e+02   1.4217700e+01   1.2983600e+01   5.7215900e+01  -1.0000000e+00
   2.1800000e+02   6.0902400e+00   1.7019900e+01   1.0796400e+01  -1.0000000e+00
   2.1900000e+02  -9.6618600e+00  -1.0797000e+01   1.4320400e+01   1.0000000e+00
   2.2000000e+02  -5.6185600e+00   1.3021400e+00   3.0950900e+01   1.0000000e+00
   2.2100000e+02  -2.7697600e+00   6.7887600e+00   3.2912800e+01   1.0000000e+00
   2.2200000e+02  -1.0379300e+01   1.5449700e+01   3.4355800e+01  -1.0000000e+00
   2.2300000e+02   1.5609000e+01  -8.5761400e-01   3.1000000e+01  -2.0000000e+00
   2.2400000e+02   1.1375500e+01   2.6764300e+00   3.0383400e+01   2.0000000e+00
   2.2500000e+02   1.2321100e+01   1.2079700e+01   5.8176100e+01  -2.0000000e+00
   2.2600000e+02   1.7436600e+00  -2.7411400e+00   1.9890100e+01  -3.0000000e+00
   2.2700000e+02  -1.6234100e+01  -7.1250300e+00   2.5316800e+00  -1.0000000e+00
   2.2800000e+02   7.2122100e+00   2.6568700e+00   7.4261800e+00  -3.0000000e+00
   2.2900000e+02  -4.6686600e+00   3.1223300e+00   3.1604300e+01   1.0000000e+00
   2.3000000e+02  -4.5556400e+00  -6.2776100e-01   1.9969000e+01  -3.0000000e+00
   2.3100000e+02   1.1435200e+01  -8.9826100e-01   3.1159000e+01   2.0000000e+00
   2.3200000e+02   1.3475200e+01   6.2801200e+00   3.5135300e+01  -3.0000000e+00
   2.3300000e+02  -1.1067800e+00  -7.5281000e+00   1.6006800e+01   1.0000000e+00
   2.3400000e+02   1.4536100e+01   4.4977600e+00   3.4629400e+01  -3.0000000e+00
   2.3500000e+02  -1.6759600e+00   3.0152300e-01   2.9754200e+01  -3.0000000e+00
   2.3600000e+02   8.7559000e+00   1.6197900e+01   6.0037000e+01  -1.0000000e+00
   2.3700000e+02  -1.1193600e+01   9.9619100e+00   3.2488700e+01   1.0000000e+00
   2.3800000e+02  -1.6297400e+00  -1.2990500e+01   1.4644400e+01   1.0000000e+00
   2.3900000e+02  -1.7324300e+01   6.0446400e+00   3.2365800e+01  -1.0000000e+00
   2.4000000e+02   5.3900900e+00  -1.5511300e+01   2.8054900e+01  -2.0000000e+00
   2.4100000e+02  -1.2050000e+01   4.5665200e+00   3.3733500e+01   1.0000000e+00
   2.4200000e+02  -8.0132300e+00   8.3867700e+00   3.3047600e+01   1.0000000e+00
   2.4300000e+02  -4.1769400e+00  -2.9295900e+00   1.4062200e+01  -3.0000000e+00
   2.4400000e+02   6.4094400e+00  -1.0018300e+01   3.1745000e+01   2.0000000e+00
   2.4500000e+02  -7.2288700e+00  -5.8985900e+00   1.3973500e+01   1.0000000e+00
   2.4600000e+02  -1.9756600e+00   1.2256000e+01   3.2139700e+01   1.0000000e+00
   2.4700000e+02   1.7796100e+01  -8.1764700e-01   4.7971100e+01  -1.0000000e+00
   2.4800000e+02  -1.5421600e+01   9.7371100e+00   4.8204400e+01  -1.0000000e+00
   2.4900000e+02  -6.5810900e-01  -1.9458200e+00   1.5844900e+01  -3.0000000e+00
   2.5000000e+02   2.7473300e+00   8.7508100e+00   3.1226100e+01  -3.0000000e+00
   2.5100000e+02   5.1191700e+00   9.8691100e+00   1.6300200e+00  -3.0000000e+00
   2.5200000e+02   3.3988300e+00   6.7623700e+00   2.9664700e+01  -3.0000000e+00
   2.5300000e+02  -1.3130600e+01   6.3021500e+00   3.2820400e+01   1.0000000e+00
   2.5400000e+02   7.2785800e+00  -9.8189700e-01   3.0945900e+01   2.0000000e+00
   2.5500000e+02  -1.4765600e+01  -5.6717700e+00   1.6765100e+01  -2.0000000e+00
   2.5600000e+02  -9.7128100e+00   6.5203700e-01   4.7095500e+01  -3.0000000e+00
   2.5700000e+02  -1.0074500e+01   8.2361400e+00   3.3067300e+01   1.0000000e+00
   2.5800000e+02  -1.7788200e+01   2.8939400e+00   2.0970800e+01  -1.0000000e+00
   2.5900000e+02  -1.2066800e+01  -1.5710500e+01   1.7047600e+01  -1.0000000e+00
   2.6000000e+02  -5.9304500e+00   8.4841400e+00   3.2367100e+01   1.0000000e+00
   2.6100000e+02  -6.6684400e+00  -7.9316300e+00   1.4049600e+01   1.0000000e+00
   2.6200000e+02  -4.1809500e-02  -3.9353300e+00   1.2076900e+01  -3.0000000e+00
   2.6300000e+02   1.0430200e+01  -2.6904600e+00   3.1359000e+01   2.0000000e+00
   2.6400000e+02   1.6274200e+01   1.0943800e+01  -1.2352400e+01  -1.0000000e+00
   2.6500000e+02  -3.0678000e+00   1.4057400e+01   3.2148800e+01   1.0000000e+00
   2.6600000e+02  -4.0176400e+00  -1.8011300e+01   1.4559500e+01  -1.0000000e+00
   2.6700000e+02   1.2566200e+01  -6.2245300e+00   3.0822000e+01   2.0000000e+00
   2.6800000e+02   1.2522800e+01  -2.6401700e+00   3.0863300e+01   2.0000000e+00
   2.6900000e+02   3.0939700e+00   1.4276900e+01   4.0036600e+01  -3.0000000e+00
   2.7000000e+02   1.6631000e+01   9.2775600e-01   3.4374700e+01  -2.0000000e+00
   2.7100000e+02  -7.1528400e+00  -1.3365700e+01   1.4290900e+01   1.0000000e+00
   2.7200000e+02   5.4126200e+00   3.6219400e+00   1.5845500e+01  -3.0000000e+00
   2.7300000e+02   2.0249300e+00  -1.7358400e+01   2.4824700e+01  -1.0000000e+00
   2.7400000e+02   6.8969200e+00   1.5115800e+01   5.5921500e+00  -2.0000000e+00
   2.7500000e+02   6.9460700e+00   8.9209200e+00   1.9927100e+00   1.0000000e+00
   2.7600000e+02  -7.7308700e+00   1.2131000e+00   2.2943900e+01  -3.0000000e+00
   2.7700000e+02   1.3610700e+01  -8.0019800e+00   3.1351200e+01  -2.0000000e+00
   2.7800000e+02  -1.2274100e+01   1.1735200e+01   3.2805200e+01   1.0000000e+00
   2.7900000e+02   6.2344500e+00   8.2306100e-01   4.2379200e+01  -3.0000000e+00
   2.8000000e+02  -1.7484500e+01  -3.1185600e+00   2.5119100e+01  -1.0000000e+00
   2.8100000e+02   5.5640500e-01   5.0877100e+00   2.9781400e+01  -3.0000000e+00
   2.8200000e+02   1.0692200e+01  -1.3570500e+01   3.1623100e+01  -2.0000000e+00
   2.8300000e+02  -1.4254800e+01   8.0316600e+00   3.2958800e+01  -2.0000000e+00
   2.8400000e+02  -1.7052500e+00  -1.8475600e+01   1.7877000e+01  -1.0000000e+00
   2.8500000e+02   7.3870300e+00  -8.1930600e+00   3.1442600e+01   2.0000000e+00
   2.8600000e+02   2.4338900e+00  -1.3683400e+01   4.2686000e+01  -2.0000000e+00
   2.8700000e+02  -5.1810900e+00  -6.5158300e+00   1.4735200e+01   1.0000000e+00
   2.8800000e+02   1.5940600e+01  -1.1445500e+01   3.2777700e+01  -1.0000000e+00
   2.8900000e+02  -1.4096000e+01  -2.3004800e+00   2.0944800e+01  -2.0000000e+00
   2.9000000e+02   7.0044200e+00   6.8369300e+00   2.6255700e+00   1.0000000e+00
   2.9100000e+02  -6.1709200e+00  -9.9289400e+00   1.3771600e+01   1.0000000e+00
   2.9200000e+02  -5.4152100e+00   1.7624400e+01   3.4508900e+01  -1.0000000e+00
   2.9300000e+02   5.1162900e+00  -1.0570700e+00   3.0402300e+01   2.0000000e+00
   2.9400000e+02  -4.6154000e+00  -8.5142400e+00   1.4982000e+01   1.0000000e+00
   2.9500000e+02  -4.8252000e+00   6.7064100e+00   3.2300100e+01   1.0000000e+00
   2.9600000e+02  -1.8171800e+00   8.6589300e+00   3.2710400e+01   1.0000000e+00
   2.9700000e+02  -1.5537000e+01  -3.7656300e+00   2.7778400e+01  -2.0000000e+00
   2.9800000e+02  -8.1643000e+00   1.1964100e+01   3.2765300e+01   1.0000000e+00
   2.9900000e+02  -1.3252200e+01   9.8957100e+00   3.2338000e+01  -2.0000000e+00
