   0.0000000e+00   1.4116900e+01   9.5138800e+00  -1.0000000e+00
   1.0000000e+00   8.3196600e+00  -5.9357100e+00  -1.0000000e+00
   2.0000000e+00   4.2356100e+00   1.4664000e+01   1.0000000e+00
   3.0000000e+00   1.7849500e+01  -5.7448100e+00  -1.0000000e+00
   4.0000000e+00  -1.2697900e+01   1.3759800e+01   1.0000000e+00
   5.0000000e+00  -3.0215700e+00  -1.9068500e+00   1.0000000e+00
   6.0000000e+00  -8.0268800e+00   9.6370800e+00   1.0000000e+00
   7.0000000e+00  -9.9265300e+00  -8.3366400e+00   1.0000000e+00
   8.0000000e+00  -9.6817500e+00   1.6911000e+01   1.0000000e+00
   9.0000000e+00  -1.4791300e+01   3.6012200e+00   1.0000000e+00
   1.0000000e+01  -5.8049500e-01   1.0323400e+01   1.0000000e+00
   1.1000000e+01  -7.2646000e+00  -1.6251400e+01  -1.0000000e+00
   1.2000000e+01  -2.5367700e+00   9.6395600e+00   1.0000000e+00
   1.3000000e+01  -1.7224100e+00   1.3697800e+01   1.0000000e+00
   1.4000000e+01   6.5568300e+00   8.9030500e+00  -1.0000000e+00
   1.5000000e+01  -1.8455100e+00  -9.8839700e+00  -1.0000000e+00
   1.6000000e+01   6.7855900e+00   3.4508400e+00  -1.0000000e+00
   1.7000000e+01   1.7763300e+01  -2.8920100e-01  -1.0000000e+00
   1.8000000e+01  -6.5561500e+00  -1.2339300e+00   1.0000000e+00
   1.9000000e+01   1.1255700e-01  -4.6326600e+00  -1.0000000e+00
   2.0000000e+01  -1.5614700e+01  -4.9446900e-01   1.0000000e+00
   2.1000000e+01  -1.3898100e+01  -1.4172400e+01   1.0000000e+00
   2.2000000e+01  -9.2690900e+00  -1.0283100e+01   1.0000000e+00
   2.3000000e+01  -1.0644900e+00  -1.2424800e+00  -1.0000000e+00
   2.4000000e+01  -1.5320400e+01  -1.0224200e+01   1.0000000e+00
   2.5000000e+01  -1.2837500e+01  -5.3000500e+00   1.0000000e+00
   2.6000000e+01   3.1794800e+00  -1.7941900e+01  -1.0000000e+00
   2.7000000e+01   1.8368900e+00   1.2987000e+01   1.0000000e+00
   2.8000000e+01   7.8697200e+00   1.0498300e+01  -1.0000000e+00
   2.9000000e+01   1.6483600e+01  -7.3670700e+00  -1.0000000e+00
   3.0000000e+01  -8.7482400e+00   1.5053100e+01   1.0000000e+00
   3.1000000e+01   2.2226400e+00   1.5052700e+01   1.0000000e+00
   3.2000000e+01   3.7095600e-01  -1.5686300e+01  -1.0000000e+00
   3.3000000e+01   3.0184600e+00  -1.2418400e+01  -1.0000000e+00
   3.4000000e+01  -5.2529700e+00   1.4449100e+01   1.0000000e+00
   3.5000000e+01   1.4336700e+01  -1.4824800e+00  -1.0000000e+00
   3.6000000e+01   7.3350000e+00   6.9757900e+00  -1.0000000e+00
   3.7000000e+01  -1.0893400e+01  -4.6471700e+00   1.0000000e+00
   3.8000000e+01  -1.6376700e+01  -4.6254700e+00   1.0000000e+00
   3.9000000e+01  -1.1117500e+01   1.2438500e+01   1.0000000e+00
   4.0000000e+01   9.0077900e+00  -7.8909800e+00  -1.0000000e+00
   4.1000000e+01  -2.9401800e+00   7.6036500e+00   1.0000000e+00
   4.2000000e+01  -1.5280600e+01   1.5817000e+00   1.0000000e+00
   4.3000000e+01  -1.1149900e+01  -6.6789900e+00   1.0000000e+00
   4.4000000e+01  -1.7271700e+00  -1.5388000e+01  -1.0000000e+00
   4.5000000e+01   1.4178000e+00   1.4065700e+00  -1.0000000e+00
   4.6000000e+01  -8.9818900e+00  -6.4374700e+00   1.0000000e+00
   4.7000000e+01   7.1087900e+00   1.2426600e+01   1.0000000e+00
   4.8000000e+01   3.3865000e+00   2.1389600e+00  -1.0000000e+00
   4.9000000e+01   1.0967100e+01  -2.7243100e+00  -1.0000000e+00
   5.0000000e+01  -4.2722400e-01  -1.3770500e+01  -1.0000000e+00
   5.1000000e+01   5.4230600e+00   1.8803200e+00  -1.0000000e+00
   5.2000000e+01   4.9465000e+00  -7.2176300e+00  -1.0000000e+00
   5.3000000e+01  -1.3090800e+01  -7.3655500e+00   1.0000000e+00
   5.4000000e+01   1.2908100e+01   2.4280800e+00  -1.0000000e+00
   5.5000000e+01   3.6006700e+00  -8.8584700e+00  -1.0000000e+00
   5.6000000e+01  -1.5533500e+01   9.0498900e+00   1.0000000e+00
   5.7000000e+01   3.4671900e+00  -3.3649700e+00  -1.0000000e+00
   5.8000000e+01   9.7089700e+00   1.5621800e+01   1.0000000e+00
   5.9000000e+01  -1.5112900e+01  -8.1153700e+00   1.0000000e+00
   6.0000000e+01  -8.0644700e-01   1.7963500e+01   1.0000000e+00
   6.1000000e+01  -4.1446400e+00   1.4908300e+00   1.0000000e+00
   6.2000000e+01   4.5875400e+00   8.2585000e+00   1.0000000e+00
   6.3000000e+01   6.2419500e-01   6.9083100e+00   1.0000000e+00
   6.4000000e+01   4.3144300e+00  -1.0787900e+01  -1.0000000e+00
   6.5000000e+01   4.0932200e+00   2.0697900e-01  -1.0000000e+00
   6.6000000e+01  -8.4275800e+00   7.5963700e+00   1.0000000e+00
   6.7000000e+01   6.3621300e+00   1.4357900e+01   1.0000000e+00
   6.8000000e+01  -1.1521900e+01   1.0371100e+01   1.0000000e+00
   6.9000000e+01  -1.4635400e+01  -1.2192000e+01   1.0000000e+00
   7.0000000e+01  -6.0511000e+00   1.0333100e+01   1.0000000e+00
   7.1000000e+01   7.6836600e+00  -9.4641600e+00  -1.0000000e+00
   7.2000000e+01  -1.4582300e+00  -3.2803400e+00  -1.0000000e+00
   7.3000000e+01  -5.1520600e+00  -5.2193600e+00  -1.0000000e+00
   7.4000000e+01   1.6728700e+00  -1.4031200e+01  -1.0000000e+00
   7.5000000e+01  -1.2083800e+01  -1.1929400e+00   1.0000000e+00
   7.6000000e+01  -2.4492400e+00  -1.3417400e+01  -1.0000000e+00
   7.7000000e+01   6.9775000e+00  -7.5298700e+00  -1.0000000e+00
   7.8000000e+01   4.7896900e+00   1.8360400e+01   1.0000000e+00
   7.9000000e+01   6.4708400e+00  -1.6685900e+01  -1.0000000e+00
   8.0000000e+01   1.3968300e+00   1.0967700e+01   1.0000000e+00
   8.1000000e+01  -1.6909300e+01   2.9252300e+00   1.0000000e+00
   8.2000000e+01   1.5062900e+01  -3.4753200e+00  -1.0000000e+00
   8.3000000e+01  -1.0741100e+01   1.4484100e+01   1.0000000e+00
   8.4000000e+01   6.4619600e-01   1.6459200e+01   1.0000000e+00
   8.5000000e+01  -3.8677800e+00  -9.4878600e+00  -1.0000000e+00
   8.6000000e+01   1.4959800e+01   2.0517900e+00  -1.0000000e+00
   8.7000000e+01  -3.7644400e+00  -1.4993600e+01  -1.0000000e+00
   8.8000000e+01   2.1744100e+00  -4.9583500e+00  -1.0000000e+00
   8.9000000e+01   1.5174700e+01  -8.9443400e+00  -1.0000000e+00
   9.0000000e+01  -1.4712800e+01   1.3176000e+01   1.0000000e+00
   9.1000000e+01   6.3491900e+00  -1.1115200e+01  -1.0000000e+00
   9.2000000e+01  -2.4985800e+00  -7.8803100e+00  -1.0000000e+00
   9.3000000e+01  -9.4545900e-01  -1.7295900e+01  -1.0000000e+00
   9.4000000e+01  -7.9152600e+00  -8.7287600e+00  -1.0000000e+00
   9.5000000e+01   1.0442100e+01  -1.1773400e+01  -1.0000000e+00
   9.6000000e+01  -2.1466000e+00   2.1620200e+00   1.0000000e+00
   9.7000000e+01   1.1529400e+01   8.2461900e-01  -1.0000000e+00
   9.8000000e+01  -1.1967400e+01   8.3581400e+00   1.0000000e+00
   9.9000000e+01   9.6367200e+00  -4.3155400e+00  -1.0000000e+00
   1.0000000e+02  -8.5790100e+00  -1.2265500e+01  -1.0000000e+00
   1.0100000e+02  -1.2395200e+01   6.3284500e+00   1.0000000e+00
   1.0200000e+02   1.9431200e+00   1.8151300e+01   1.0000000e+00
   1.0300000e+02  -5.7318800e+00   2.8522600e+00   1.0000000e+00
   1.0400000e+02  -3.6760300e+00   1.3013300e+01   1.0000000e+00
   1.0500000e+02  -1.7978900e+01  -3.2442400e+00   1.0000000e+00
   1.0600000e+02  -5.6388900e+00   1.2360600e+01   1.0000000e+00
   1.0700000e+02  -1.1184800e+00  -1.1812500e+01  -1.0000000e+00
   1.0800000e+02   4.8536200e+00  -1.7006200e+00  -1.0000000e+00
   1.0900000e+02   1.1838000e+01   1.5447800e+01  -1.0000000e+00
   1.1000000e+02  -9.9745200e+00   8.9684900e+00   1.0000000e+00
   1.1100000e+02  -4.0929700e+00   1.0981200e+01   1.0000000e+00
   1.1200000e+02  -1.1711200e+00  -6.2474000e+00  -1.0000000e+00
   1.1300000e+02   1.1650600e+01  -4.6862200e+00  -1.0000000e+00
   1.1400000e+02   1.3715200e+01  -5.0403100e+00  -1.0000000e+00
   1.1500000e+02  -4.8801000e+00   6.8998600e+00   1.0000000e+00
   1.1600000e+02   1.3619700e+01   4.8471000e-01  -1.0000000e+00
   1.1700000e+02  -9.5669300e+00   1.0993600e+01   1.0000000e+00
   1.1800000e+02  -1.0089500e+01  -5.8010200e-01   1.0000000e+00
   1.1900000e+02  -4.7261500e-01  -8.2308000e+00  -1.0000000e+00
   1.2000000e+02   1.7188900e+01   6.9231700e+00  -1.0000000e+00
   1.2100000e+02   1.1846300e+01  -1.5811600e+01  -1.0000000e+00
   1.2200000e+02   7.6856200e+00   1.5967000e+01   1.0000000e+00
   1.2300000e+02   1.0044900e+00   8.9411800e+00   1.0000000e+00
   1.2400000e+02  -4.4763300e+00   1.8542100e+01   1.0000000e+00
   1.2500000e+02  -1.0882300e+01   4.9122000e+00   1.0000000e+00
   1.2600000e+02   9.9161800e+00   1.0189300e+01  -1.0000000e+00
   1.2700000e+02  -1.0412300e+01   6.9595200e+00   1.0000000e+00
   1.2800000e+02  -4.6086300e+00  -5.2500300e-01   1.0000000e+00
   1.2900000e+02  -2.1219100e+00   1.1677900e+01   1.0000000e+00
   1.3000000e+02   1.1423700e+01   6.3433100e+00  -1.0000000e+00
   1.3100000e+02  -1.8460000e+01   4.3726100e+00   1.0000000e+00
   1.3200000e+02   2.4142200e+00  -1.5950100e+01  -1.0000000e+00
   1.3300000e+02  -6.4576600e+00   8.2476600e+00   1.0000000e+00
   1.3400000e+02   1.8445500e+00   3.4956100e+00  -1.0000000e+00
   1.3500000e+02  -8.8803300e+00   5.5710800e+00   1.0000000e+00
   1.3600000e+02  -2.8896100e+00   1.7172700e+01   1.0000000e+00
   1.3700000e+02  -3.2210500e+00  -5.9489500e+00  -1.0000000e+00
   1.3800000e+02   1.2521300e+01   1.3440100e+01  -1.0000000e+00
   1.3900000e+02   8.1935500e+00  -4.2983000e-01  -1.0000000e+00
   1.4000000e+02   9.7431900e+00  -9.8219800e+00  -1.0000000e+00
   1.4100000e+02   1.1552400e+00  -2.7212100e+00  -1.0000000e+00
   1.4200000e+02   3.7173000e+00  -1.4357200e+01  -1.0000000e+00
   1.4300000e+02  -1.2001600e+01  -1.3399600e+01   1.0000000e+00
   1.4400000e+02  -1.3418900e+01  -9.4198300e+00   1.0000000e+00
   1.4500000e+02  -1.1364500e+01  -9.8104200e+00   1.0000000e+00
   1.4600000e+02   8.4213900e+00   1.4017900e+01   1.0000000e+00
   1.4700000e+02   2.5648800e+00   7.5818100e+00   1.0000000e+00
   1.4800000e+02   1.3114400e+01  -8.6179700e+00  -1.0000000e+00
   1.4900000e+02   2.5696500e-01   4.8488200e+00   1.0000000e+00
   1.5000000e+02   1.2166000e+01   4.4292200e+00  -1.0000000e+00
   1.5100000e+02   8.5740900e+00  -1.7104700e+01  -1.0000000e+00
   1.5200000e+02   3.8691400e+00   4.1798600e+00  -1.0000000e+00
   1.5300000e+02  -1.6025300e+01  -2.5877200e+00   1.0000000e+00
   1.5400000e+02  -2.5805400e+00   1.5304300e-01   1.0000000e+00
   1.5500000e+02   1.4239300e+01   3.9974200e+00  -1.0000000e+00
   1.5600000e+02  -4.4879000e+00  -1.3072000e+01  -1.0000000e+00
   1.5700000e+02  -1.3948900e+01   7.6867600e+00   1.0000000e+00
   1.5800000e+02  -1.0520600e+01  -2.5861100e+00   1.0000000e+00
   1.5900000e+02   4.4564900e+00  -1.6275300e+01  -1.0000000e+00
   1.6000000e+02   6.1577500e+00  -1.0516600e-01  -1.0000000e+00
   1.6100000e+02   1.0230600e+01  -7.9932200e-01  -1.0000000e+00
   1.6200000e+02  -4.5025400e+00   8.9491000e+00   1.0000000e+00
   1.6300000e+02  -3.4536100e+00  -3.9094800e+00  -1.0000000e+00
   1.6400000e+02   1.7105700e+01  -3.7961300e+00  -1.0000000e+00
   1.6500000e+02  -9.7217600e+00   1.4743000e+00   1.0000000e+00
   1.6600000e+02  -8.9389700e+00  -3.9176900e+00   1.0000000e+00
   1.6700000e+02  -1.3635500e+01   1.5079000e-01   1.0000000e+00
   1.6800000e+02  -5.1727800e+00  -1.1099800e+01  -1.0000000e+00
   1.6900000e+02  -1.6766300e+01  -6.7000000e+00   1.0000000e+00
   1.7000000e+02  -3.1509300e+00  -1.1473500e+01  -1.0000000e+00
   1.7100000e+02   5.0593700e+00   1.2757500e+01   1.0000000e+00
   1.7200000e+02  -1.1368600e+01  -1.5373300e+01  -1.0000000e+00
   1.7300000e+02  -5.8925300e+00  -9.1055600e+00  -1.0000000e+00
   1.7400000e+02  -1.3241100e+00   1.5788500e+01   1.0000000e+00
   1.7500000e+02   2.1940600e+00   5.5666000e+00   1.0000000e+00
   1.7600000e+02  -5.2519300e+00   4.8735200e+00   1.0000000e+00
   1.7700000e+02   1.4925700e+01   7.5374600e+00  -1.0000000e+00
   1.7800000e+02   1.7308200e+01  -9.2606300e+00  -1.0000000e+00
   1.7900000e+02   2.9615500e+00   9.5915900e+00   1.0000000e+00
   1.8000000e+02   9.1115800e-01  -6.2681300e-01  -1.0000000e+00
   1.8100000e+02   9.4910600e+00   1.1708100e+00  -1.0000000e+00
   1.8200000e+02   1.6351500e+01   3.5862900e+00  -1.0000000e+00
   1.8300000e+02   2.2249000e+00  -1.0499500e+01  -1.0000000e+00
   1.8400000e+02  -1.4411900e+01  -3.9125000e+00   1.0000000e+00
   1.8500000e+02   1.0694100e+01   8.2610500e+00  -1.0000000e+00
   1.8600000e+02  -6.9334000e+00  -3.2463700e+00   1.0000000e+00
   1.8700000e+02   1.2033200e+01   9.9172000e+00  -1.0000000e+00
   1.8800000e+02   1.5945400e+01  -1.0862000e+01  -1.0000000e+00
   1.8900000e+02  -1.7205300e+01   8.3618300e-01   1.0000000e+00
   1.9000000e+02  -7.1752600e+00   1.3727800e+01   1.0000000e+00
   1.9100000e+02  -5.8735500e+00  -1.4625100e+01  -1.0000000e+00
   1.9200000e+02  -1.7053700e+01  -8.8382800e+00   1.0000000e+00
   1.9300000e+02  -4.8645400e+00   1.6492900e+01   1.0000000e+00
   1.9400000e+02  -1.3685100e-01   1.2356800e+01   1.0000000e+00
   1.9500000e+02  -9.2866900e+00   3.5494800e+00   1.0000000e+00
   1.9600000e+02   1.1186700e+01  -1.3685200e+01  -1.0000000e+00
   1.9700000e+02  -7.3047200e+00   4.1857100e+00   1.0000000e+00
   1.9800000e+02  -6.5567600e+00  -1.2692700e+01  -1.0000000e+00
   1.9900000e+02  -6.9033100e+00   6.2157800e+00   1.0000000e+00
   2.0000000e+02   7.4592600e+00   1.5107800e+00  -1.0000000e+00
   2.0100000e+02   1.0472800e+01   1.3712100e+01  -1.0000000e+00
   2.0200000e+02  -8.5116100e+00  -1.9109800e+00   1.0000000e+00
   2.0300000e+02   3.4509900e+00   1.6724800e+01   1.0000000e+00
   2.0400000e+02   1.3245900e+01  -1.4145800e+01  -1.0000000e+00
   2.0500000e+02   3.3642200e+00   1.1613700e+01   1.0000000e+00
   2.0600000e+02   1.5640100e+01   1.0789300e-01  -1.0000000e+00
   2.0700000e+02   1.6155400e+01   9.1914100e+00  -1.0000000e+00
   2.0800000e+02   1.1102400e+00  -1.7731100e+01  -1.0000000e+00
   2.0900000e+02   9.3727600e+00   6.6541900e+00  -1.0000000e+00
   2.1000000e+02  -3.3078000e+00   1.5106300e+01   1.0000000e+00
   2.1100000e+02   1.2759400e+01   7.9270500e+00  -1.0000000e+00
   2.1200000e+02   9.1188800e+00  -1.3362800e+01  -1.0000000e+00
   2.1300000e+02  -3.6954900e+00   3.5369600e+00   1.0000000e+00
   2.1400000e+02   1.4434300e+01  -6.9797100e+00  -1.0000000e+00
   2.1500000e+02  -4.9948400e+00  -2.5648900e+00   1.0000000e+00
   2.1600000e+02   1.5583000e+01   5.5761900e+00  -1.0000000e+00
   2.1700000e+02   1.1079400e+01  -8.2522600e+00  -1.0000000e+00
   2.1800000e+02  -1.3263600e+01   2.2188500e+00   1.0000000e+00
   2.1900000e+02   8.8078600e+00   3.1014700e+00  -1.0000000e+00
   2.2000000e+02  -1.2703900e+01  -1.1405100e+01   1.0000000e+00
   2.2100000e+02   9.1651700e+00   1.2110200e+01  -1.0000000e+00
   2.2200000e+02  -1.4372400e+01   5.6472800e+00   1.0000000e+00
   2.2300000e+02  -3.0416700e+00  -1.7074100e+01  -1.0000000e+00
   2.2400000e+02   1.7080600e+01   1.6503700e+00  -1.0000000e+00
   2.2500000e+02   2.8057500e+00  -1.4187700e+00  -1.0000000e+00
   2.2600000e+02  -4.5360100e+00  -7.5320400e+00  -1.0000000e+00
   2.2700000e+02  -6.5673600e+00  -7.1688200e+00  -1.0000000e+00
   2.2800000e+02  -1.5155400e+01   1.1123500e+01   1.0000000e+00
   2.2900000e+02  -5.1040800e+00  -1.6640000e+01  -1.0000000e+00
   2.3000000e+02   1.0837400e+01   2.7553400e+00  -1.0000000e+00
   2.3100000e+02  -1.7548400e+01  -1.2151200e+00   1.0000000e+00
   2.3200000e+02   7.5984800e+00  -3.9912700e+00  -1.0000000e+00
   2.3300000e+02  -9.5487500e-01   8.2675800e+00   1.0000000e+00
   2.3400000e+02   5.5446800e+00  -3.6727500e+00  -1.0000000e+00
   2.3500000e+02  -1.6245600e-01   2.7794800e+00   1.0000000e+00
   2.3600000e+02  -1.4757100e+01  -6.0234000e+00   1.0000000e+00
   2.3700000e+02   1.3019400e+01  -3.0802600e+00  -1.0000000e+00
   2.3800000e+02   1.3391900e+01   1.1509500e+01  -1.0000000e+00
   2.3900000e+02   1.2526600e+01  -1.2124400e+01  -1.0000000e+00
   2.4000000e+02  -9.3216700e+00  -1.5897000e+01  -1.0000000e+00
   2.4100000e+02  -7.5985000e+00   1.1686900e+01   1.0000000e+00
   2.4200000e+02   2.9072600e+00  -6.9204500e+00  -1.0000000e+00
   2.4300000e+02  -1.0624800e+01  -1.1848400e+01   1.0000000e+00
   2.4400000e+02   6.2932900e+00  -5.5863500e+00  -1.0000000e+00
   2.4500000e+02   8.6333400e+00   8.5831500e+00  -1.0000000e+00
   2.4600000e+02   5.0485500e+00  -1.2740600e+01  -1.0000000e+00
   2.4700000e+02   6.8930300e+00  -2.0536100e+00  -1.0000000e+00
   2.4800000e+02   1.2292000e+01  -1.1335200e+00  -1.0000000e+00
   2.4900000e+02   5.7545500e+00  -1.4673300e+01  -1.0000000e+00
   2.5000000e+02   1.4576000e+01  -1.2520600e+01  -1.0000000e+00
   2.5100000e+02   8.4168700e+00  -1.1399700e+01  -1.0000000e+00
   2.5200000e+02  -1.6406000e+01   4.9650800e+00   1.0000000e+00
   2.5300000e+02   9.4001200e-01  -1.2105800e+01  -1.0000000e+00
   2.5400000e+02  -3.3014300e+00   5.5759300e+00   1.0000000e+00
   2.5500000e+02  -1.5943200e+01   6.9779300e+00   1.0000000e+00
   2.5600000e+02   5.8124300e+00   1.0824600e+01   1.0000000e+00
   2.5700000e+02   9.8326800e+00  -1.5318000e+01  -1.0000000e+00
   2.5800000e+02   7.7848700e+00  -1.5035800e+01  -1.0000000e+00
   2.5900000e+02   1.5778600e+01  -5.4226700e+00  -1.0000000e+00
   2.6000000e+02  -1.2462800e+01  -3.2610100e+00   1.0000000e+00
   2.6100000e+02   8.9202300e+00  -2.3913100e+00  -1.0000000e+00
   2.6200000e+02   8.6483300e-01  -6.6049800e+00  -1.0000000e+00
   2.6300000e+02  -7.3120700e+00  -5.2606700e+00   1.0000000e+00
   2.6400000e+02  -6.0771900e-01   7.6557600e-01  -1.0000000e+00
   2.6500000e+02  -1.3065900e+01   1.1715400e+01   1.0000000e+00
   2.6600000e+02   1.0112200e+01   4.7056700e+00  -1.0000000e+00
   2.6700000e+02   1.5422700e+01   1.1130800e+01  -1.0000000e+00
   2.6800000e+02  -7.7505100e+00   2.1612400e+00   1.0000000e+00
   2.6900000e+02  -1.3190200e+00   6.2311300e+00   1.0000000e+00
   2.7000000e+02   8.0862600e+00   5.0383700e+00  -1.0000000e+00
   2.7100000e+02   5.6448100e+00  -9.1658900e+00  -1.0000000e+00
   2.7200000e+02  -1.2837300e+01   4.2485000e+00   1.0000000e+00
   2.7300000e+02  -6.1712800e+00   8.0250600e-01   1.0000000e+00
   2.7400000e+02   2.6416900e-01   1.4414200e+01   1.0000000e+00
   2.7500000e+02   1.8025700e-01  -1.0188200e+01  -1.0000000e+00
   2.7600000e+02   6.0102500e+00   5.3526500e+00  -1.0000000e+00
   2.7700000e+02   4.1490100e+00   6.2564500e+00  -1.0000000e+00
   2.7800000e+02  -8.1574200e+00   1.3363200e-01   1.0000000e+00
   2.7900000e+02   1.5657000e+00  -8.5415600e+00  -1.0000000e+00
   2.8000000e+02   1.6394900e+01  -1.8243200e+00  -1.0000000e+00
   2.8100000e+02  -1.4067100e+01  -1.8783100e+00   1.0000000e+00
   2.8200000e+02   1.2407600e+01  -6.6625200e+00  -1.0000000e+00
   2.8300000e+02   4.2214600e+00  -5.2896000e+00  -1.0000000e+00
   2.8400000e+02   1.3542900e+01   5.9934200e+00  -1.0000000e+00
   2.8500000e+02  -1.7005500e+00   4.1953900e+00   1.0000000e+00
   2.8600000e+02  -9.1615200e+00   1.3043700e+01   1.0000000e+00
   2.8700000e+02   7.0783400e+00  -1.3050600e+01  -1.0000000e+00
   2.8800000e+02   1.1221800e+01   1.1803600e+01  -1.0000000e+00
   2.8900000e+02   1.1763100e+01  -1.0202500e+01  -1.0000000e+00
   2.9000000e+02  -1.1309000e+01   2.8620900e+00   1.0000000e+00
   2.9100000e+02  -7.9648600e+00  -1.4282100e+01  -1.0000000e+00
   2.9200000e+02  -6.8001800e+00   1.5818700e+01   1.0000000e+00
   2.9300000e+02   1.0348100e+01  -6.2865800e+00  -1.0000000e+00
   2.9400000e+02  -1.3567700e+01   9.7188800e+00   1.0000000e+00
   2.9500000e+02  -7.2193500e+00  -1.0680300e+01  -1.0000000e+00
   2.9600000e+02  -1.1678900e+01   8.3029400e-01   1.0000000e+00
   2.9700000e+02   5.4921400e+00   1.6368500e+01   1.0000000e+00
   2.9800000e+02  -9.9696000e+00  -1.3810300e+01  -1.0000000e+00
   2.9900000e+02   1.3876600e+01  -1.0575200e+01  -1.0000000e+00
