   0.0000000e+00   5.1004700e+00  -1.5731900e+01   1.0000000e+00
   1.0000000e+00   1.2112400e+01  -1.2501700e+01   1.0000000e+00
   2.0000000e+00   5.6576900e+00   4.6734600e-01  -1.0000000e+00
   3.0000000e+00   1.3183500e+01   5.3675300e-01  -1.0000000e+00
   4.0000000e+00  -1.0755100e+01   1.8200200e+00  -1.0000000e+00
   5.0000000e+00   1.2980800e+01  -6.9410600e+00  -1.0000000e+00
   6.0000000e+00  -6.4134500e+00  -2.6260200e+00  -1.0000000e+00
   7.0000000e+00  -4.5219300e+00   1.0886100e+01  -1.0000000e+00
   8.0000000e+00  -1.0068400e+01  -1.3407200e+01   1.0000000e+00
   9.0000000e+00   1.4655600e+01  -9.1239200e-01  -1.0000000e+00
   1.0000000e+01  -1.3358600e+01  -7.3206900e-01  -1.0000000e+00
   1.1000000e+01   1.0076100e+01  -1.1912200e+01   1.0000000e+00
   1.2000000e+01  -5.9558100e+00   1.2351800e+01  -1.0000000e+00
   1.3000000e+01  -1.7816800e-01  -6.7394600e+00  -1.0000000e+00
   1.4000000e+01   7.9121600e+00  -4.5439100e+00  -1.0000000e+00
   1.5000000e+01   1.3018200e+01  -9.0070000e+00  -1.0000000e+00
   1.6000000e+01   5.2356700e-01  -4.6277500e+00  -1.0000000e+00
   1.7000000e+01  -1.1113300e+01   7.2742300e+00  -1.0000000e+00
   1.8000000e+01   7.1570400e+00  -1.6225200e+01   1.0000000e+00
   1.9000000e+01   5.7177000e+00  -1.7770600e+01   1.0000000e+00
   2.0000000e+01  -2.3700000e+00  -1.6069100e+00  -1.0000000e+00
   2.1000000e+01   1.8926200e+00   6.9446400e+00  -1.0000000e+00
   2.2000000e+01  -4.7103100e+00   3.3931900e+00  -1.0000000e+00
   2.3000000e+01   6.1254800e+00   1.5454900e+01  -1.0000000e+00
   2.4000000e+01   9.1460200e+00  -4.6891000e-01  -1.0000000e+00
   2.5000000e+01  -1.8126800e+00   4.0597300e-01  -1.0000000e+00
   2.6000000e+01  -9.3175000e+00   3.4441300e-01  -1.0000000e+00
   2.7000000e+01  -6.3766000e+00  -1.5341100e+01   1.0000000e+00
   2.8000000e+01  -1.3781200e+00   1.5384300e+01  -1.0000000e+00
   2.9000000e+01   1.6562900e+00  -5.7741600e-01  -1.0000000e+00
   3.0000000e+01   1.3709500e+01  -1.1064800e+01  -1.0000000e+00
   3.1000000e+01   9.9343400e+00   8.9968900e+00  -1.0000000e+00
   3.2000000e+01   4.9772000e+00   1.1429000e+01  -1.0000000e+00
   3.3000000e+01   1.2525900e+01  -1.4545900e+01   1.0000000e+00
   3.4000000e+01  -9.6922900e+00   5.7894300e+00  -1.0000000e+00
   3.5000000e+01   1.7869500e+01   3.5546400e+00  -1.0000000e+00
   3.6000000e+01  -5.4864800e+00   1.4355700e+01  -1.0000000e+00
   3.7000000e+01   9.4434800e+00  -5.9886900e+00  -1.0000000e+00
   3.8000000e+01  -7.4800000e+00   1.3805600e+01  -1.0000000e+00
   3.9000000e+01   1.3397100e+01   8.0478100e+00  -1.0000000e+00
   4.0000000e+01   7.3480700e+00  -6.5705500e+00  -1.0000000e+00
   4.1000000e+01  -2.7052800e+00   3.8848000e+00  -1.0000000e+00
   4.2000000e+01  -8.6811300e+00  -5.8997700e+00   1.0000000e+00
   4.3000000e+01  -1.5362400e+01  -1.3640500e+00  -1.0000000e+00
   4.4000000e+01  -6.5901800e+00  -1.1135600e+01   1.0000000e+00
   4.5000000e+01   8.8394300e+00  -7.9840000e+00  -1.0000000e+00
   4.6000000e+01   1.4847000e+01   6.5353200e+00  -1.0000000e+00
   4.7000000e+01  -6.4504700e+00  -1.3200700e+01   1.0000000e+00
   4.8000000e+01   1.0851000e+01   5.5043100e+00  -1.0000000e+00
   4.9000000e+01   8.7917300e+00   4.9863200e+00  -1.0000000e+00
   5.0000000e+01  -1.7517900e+01  -7.0423500e+00   1.0000000e+00
   5.1000000e+01   2.9743600e+00   1.0942800e+01  -1.0000000e+00
   5.2000000e+01   8.5437400e+00  -2.5002500e+00  -1.0000000e+00
   5.3000000e+01  -1.1823500e+01  -1.4592900e+01   1.0000000e+00
   5.4000000e+01  -1.3154300e+01   6.7438500e+00  -1.0000000e+00
   5.5000000e+01  -6.1517200e+00  -1.7450000e+01   1.0000000e+00
   5.6000000e+01   9.7121600e+00   1.5197900e+00  -1.0000000e+00
   5.7000000e+01  -1.5156300e+01   1.3417000e+01  -1.0000000e+00
   5.8000000e+01  -1.1875500e+01  -1.2379900e+01   1.0000000e+00
   5.9000000e+01   4.7024500e+00  -1.3669600e+01   1.0000000e+00
   6.0000000e+01   7.3556000e+00   6.4860500e+00  -1.0000000e+00
   6.1000000e+01   7.5472300e+00   1.3962300e+01  -1.0000000e+00
   6.2000000e+01  -4.1426300e+00   5.3968300e+00  -1.0000000e+00
   6.3000000e+01   1.4066000e+01  -2.9061800e+00  -1.0000000e+00
   6.4000000e+01  -6.6689000e-01   4.4210600e+00  -1.0000000e+00
   6.5000000e+01  -8.7388900e+00   2.3215500e+00  -1.0000000e+00
   6.6000000e+01   1.4289800e+01   4.5309900e+00  -1.0000000e+00
   6.7000000e+01  -1.4027300e+01   1.0236200e+01  -1.0000000e+00
   6.8000000e+01   1.5742900e+01  -1.0423500e+01  -1.0000000e+00
   6.9000000e+01  -2.5020900e+00  -1.7241300e+01   1.0000000e+00
   7.0000000e+01  -7.0018900e+00  -4.7182400e+00  -1.0000000e+00
   7.1000000e+01   1.4516900e+01   1.2026100e+01  -1.0000000e+00
   7.2000000e+01  -6.7201300e+00  -8.9574300e+00   1.0000000e+00
   7.3000000e+01  -3.8072000e+00  -1.0922400e-01  -1.0000000e+00
   7.4000000e+01  -1.1831800e+01  -2.1434200e+00  -1.0000000e+00
   7.5000000e+01  -1.0744600e+00   9.9247500e+00  -1.0000000e+00
   7.6000000e+01   6.4290400e+00   9.9421000e+00  -1.0000000e+00
   7.7000000e+01   1.5111900e+00   1.2432100e+01  -1.0000000e+00
   7.8000000e+01   7.7617700e-01   2.9544900e+00  -1.0000000e+00
   7.9000000e+01   3.3262200e+00  -7.6575600e+00  -1.0000000e+00
   8.0000000e+01  -5.6531800e+00   6.8822600e+00  -1.0000000e+00
   8.1000000e+01  -1.1443600e+01   1.2758800e+01  -1.0000000e+00
   8.2000000e+01   4.6387500e+00   1.6972100e+01  -1.0000000e+00
   8.3000000e+01   6.8521200e+00  -8.5591000e+00  -1.0000000e+00
   8.4000000e+01   5.8872500e+00  -5.1225700e+00  -1.0000000e+00
   8.5000000e+01  -1.0020700e+01   1.1275500e+01  -1.0000000e+00
   8.6000000e+01  -8.9771600e+00   1.5383800e+01  -1.0000000e+00
   8.7000000e+01  -1.2385000e+00   2.4281400e+00  -1.0000000e+00
   8.8000000e+01   1.0254700e+01   3.5135300e+00  -1.0000000e+00
   8.9000000e+01   3.8994000e+00  -5.6560900e+00  -1.0000000e+00
   9.0000000e+01   7.7002400e+00   9.9707500e-01  -1.0000000e+00
   9.1000000e+01   1.0589400e+01  -1.9916100e+00  -1.0000000e+00
   9.2000000e+01   1.1933700e+01   9.5433600e+00  -1.0000000e+00
   9.3000000e+01   5.3394100e+00   5.9445300e+00  -1.0000000e+00
   9.4000000e+01   1.2600300e+01  -1.4526600e+00  -1.0000000e+00
   9.5000000e+01  -1.2006500e+01  -1.0324000e+01   1.0000000e+00
   9.6000000e+01   1.7065200e+00  -1.6739700e+01   1.0000000e+00
   9.7000000e+01   1.6290600e+01   5.0425100e+00  -1.0000000e+00
   9.8000000e+01  -2.1203400e+00   5.9259800e+00  -1.0000000e+00
   9.9000000e+01   1.5520600e+01   8.6090200e+00  -1.0000000e+00
   1.0000000e+02  -1.9575200e+00   1.3365700e+01  -1.0000000e+00
   1.0100000e+02   3.8862200e+00   7.4470400e+00  -1.0000000e+00
   1.0200000e+02  -1.2559200e+01   8.7453100e+00  -1.0000000e+00
   1.0300000e+02  -4.8837700e+00  -9.9488900e+00   1.0000000e+00
   1.0400000e+02  -1.2808400e+01   1.2882500e+00  -1.0000000e+00
   1.0500000e+02  -1.3455700e+01   1.2229300e+01  -1.0000000e+00
   1.0600000e+02   5.5770900e+00  -1.0197200e+01   1.0000000e+00
   1.0700000e+02   1.0452700e+01   1.0988500e+01  -1.0000000e+00
   1.0800000e+02  -6.7836100e+00  -6.7673200e+00   1.0000000e+00
   1.0900000e+02  -5.8288900e+00  -6.1575200e-01  -1.0000000e+00
   1.1000000e+02  -1.3756500e+01  -1.3621500e+01   1.0000000e+00
   1.1100000e+02  -8.0006700e+00   1.1808700e+01  -1.0000000e+00
   1.1200000e+02  -3.4288100e+00   1.4865600e+01  -1.0000000e+00
   1.1300000e+02  -1.5947400e+01  -5.7188400e+00   1.0000000e+00
   1.1400000e+02   4.7990500e+00   3.9530300e+00  -1.0000000e+00
   1.1500000e+02  -1.7692400e+01  -4.1464000e+00   1.0000000e+00
   1.1600000e+02  -2.9259900e+00  -3.6254400e+00  -1.0000000e+00
   1.1700000e+02   3.2381400e+00   1.8500700e+01  -1.0000000e+00
   1.1800000e+02   1.2851500e+01   6.0318500e+00  -1.0000000e+00
   1.1900000e+02  -1.5627300e+01  -1.0548300e+01   1.0000000e+00
   1.2000000e+02   3.3331500e+00   5.4446400e+00  -1.0000000e+00
   1.2100000e+02   4.5347200e+00  -3.5222300e+00  -1.0000000e+00
   1.2200000e+02   9.6597400e+00  -9.8735400e+00  -1.0000000e+00
   1.2300000e+02   8.4355000e+00   1.0476800e+01  -1.0000000e+00
   1.2400000e+02   2.0850800e+00   1.4417800e+01  -1.0000000e+00
   1.2500000e+02   8.1205900e+00   1.5944700e+01  -1.0000000e+00
   1.2600000e+02   1.6066400e+01  -2.4228400e+00  -1.0000000e+00
   1.2700000e+02  -4.9665000e+00  -4.1129300e+00  -1.0000000e+00
   1.2800000e+02  -1.4830600e+01   7.4119200e-01  -1.0000000e+00
   1.2900000e+02   1.7577200e+01  -3.8911400e+00  -1.0000000e+00
   1.3000000e+02  -1.6237900e+01   1.0076900e+01  -1.0000000e+00
   1.3100000e+02   1.3740600e+01   2.5354200e+00  -1.0000000e+00
   1.3200000e+02   3.0823000e+00  -1.5207000e+01   1.0000000e+00
   1.3300000e+02   1.6905700e+01   7.0749200e+00  -1.0000000e+00
   1.3400000e+02   2.6419300e+00   1.6440800e+01  -1.0000000e+00
   1.3500000e+02  -2.9305800e+00   1.6904400e+01  -1.0000000e+00
   1.3600000e+02  -5.0988100e+00   8.8866000e+00  -1.0000000e+00
   1.3700000e+02   8.6861500e+00  -1.4827000e+01   1.0000000e+00
   1.3800000e+02   3.0961500e+00  -2.0520100e+00  -1.0000000e+00
   1.3900000e+02   4.1325700e+00  -1.1698400e+01   1.0000000e+00
   1.4000000e+02   6.2238800e+00   2.4689500e+00  -1.0000000e+00
   1.4100000e+02  -3.0057800e+00  -1.0949100e+01   1.0000000e+00
   1.4200000e+02   1.0746300e+00  -2.5986500e+00  -1.0000000e+00
   1.4300000e+02  -7.6627600e+00   6.3102700e+00  -1.0000000e+00
   1.4400000e+02   2.2639300e+00  -1.8716000e+01   1.0000000e+00
   1.4500000e+02  -9.9969500e+00  -1.5569500e+01   1.0000000e+00
   1.4600000e+02  -6.9717100e+00   1.5831100e+01  -1.0000000e+00
   1.4700000e+02   1.1390100e+01   7.5369400e+00  -1.0000000e+00
   1.4800000e+02   1.4985100e+01  -6.4036100e+00  -1.0000000e+00
   1.4900000e+02   8.2315900e+00   2.9999500e+00  -1.0000000e+00
   1.5000000e+02  -1.3683300e+01   4.7489100e+00  -1.0000000e+00
   1.5100000e+02  -1.7790000e+01   3.6617600e+00  -1.0000000e+00
   1.5200000e+02   1.0029000e+01  -3.9781700e+00  -1.0000000e+00
   1.5300000e+02  -4.3709900e+00  -2.1218400e+00  -1.0000000e+00
   1.5400000e+02  -1.4008700e+01  -9.2572000e+00   1.0000000e+00
   1.5500000e+02   2.7869700e+00   3.4498700e+00  -1.0000000e+00
   1.5600000e+02  -1.0943900e+01   1.4779500e+01  -1.0000000e+00
   1.5700000e+02  -1.4059800e+01  -4.8444700e+00   1.0000000e+00
   1.5800000e+02   1.1484500e+01  -5.5337000e+00  -1.0000000e+00
   1.5900000e+02  -1.0298100e+01  -9.1643500e+00   1.0000000e+00
   1.6000000e+02  -1.0444500e+01  -6.9640100e+00   1.0000000e+00
   1.6100000e+02   1.2040300e+01  -3.4435100e+00  -1.0000000e+00
   1.6200000e+02  -8.5664400e+00   9.8086200e+00  -1.0000000e+00
   1.6300000e+02  -1.0561600e+01   9.2656800e+00  -1.0000000e+00
   1.6400000e+02   5.9036500e+00   7.9366400e+00  -1.0000000e+00
   1.6500000e+02   9.0154200e+00   1.2476600e+01  -1.0000000e+00
   1.6600000e+02  -1.5212900e+01   6.2746100e+00  -1.0000000e+00
   1.6700000e+02  -4.8077200e-01   1.1900600e+01  -1.0000000e+00
   1.6800000e+02   1.1582100e+01   1.5064400e+01  -1.0000000e+00
   1.6900000e+02   1.3057600e+00  -8.1681500e+00  -1.0000000e+00
   1.7000000e+02  -8.2943200e-01   1.7440800e+01  -1.0000000e+00
   1.7100000e+02  -1.5711900e+01  -3.5655500e+00  -1.0000000e+00
   1.7200000e+02  -8.2089200e+00  -1.4316400e+01   1.0000000e+00
   1.7300000e+02   1.5742200e+01   3.0466100e+00  -1.0000000e+00
   1.7400000e+02   1.7044500e+01  -5.8727500e+00  -1.0000000e+00
   1.7500000e+02  -9.8364700e+00  -1.6490700e+00  -1.0000000e+00
   1.7600000e+02   3.7740500e-01   8.4666200e+00  -1.0000000e+00
   1.7700000e+02  -1.2944300e+01   1.4221900e+01  -1.0000000e+00
   1.7800000e+02   1.7005000e+01  -7.9795100e+00  -1.0000000e+00
   1.7900000e+02   5.1052400e+00  -1.5074800e+00  -1.0000000e+00
   1.8000000e+02   1.2253600e+01   4.0096300e+00  -1.0000000e+00
   1.8100000e+02  -1.4835900e+00  -5.1070200e+00  -1.0000000e+00
   1.8200000e+02  -7.2896100e+00   8.6252300e-01  -1.0000000e+00
   1.8300000e+02   1.0524200e+01  -1.3918800e+01   1.0000000e+00
   1.8400000e+02   1.3206100e+00   4.9701000e+00  -1.0000000e+00
   1.8500000e+02   1.2186600e+00   1.7935300e+01  -1.0000000e+00
   1.8600000e+02   4.1255200e+00   1.4964000e+01  -1.0000000e+00
   1.8700000e+02   6.5379000e+00  -2.9961700e+00  -1.0000000e+00
   1.8800000e+02   3.7130900e+00  -1.7234300e+01   1.0000000e+00
   1.8900000e+02  -1.8329200e+01   1.5190100e+00  -1.0000000e+00
   1.9000000e+02   7.8449300e-02   1.3918900e+01  -1.0000000e+00
   1.9100000e+02  -1.0060800e+01  -4.3408700e+00  -1.0000000e+00
   1.9200000e+02  -4.4491300e+00  -1.6279800e+01   1.0000000e+00
   1.9300000e+02  -3.9725400e+00   1.2876000e+01  -1.0000000e+00
   1.9400000e+02   6.6769500e+00  -1.4211800e+01   1.0000000e+00
   1.9500000e+02  -8.1160800e+00  -1.6484500e+01   1.0000000e+00
   1.9600000e+02   3.5839700e+00  -9.6958400e+00   1.0000000e+00
   1.9700000e+02   1.2507400e+01   1.1522400e+01  -1.0000000e+00
   1.9800000e+02  -3.6703900e+00   7.4082700e+00  -1.0000000e+00
   1.9900000e+02  -1.4246300e+01   2.7424400e+00  -1.0000000e+00
   2.0000000e+02   2.3845200e+00   8.9473000e+00  -1.0000000e+00
   2.0100000e+02   9.6197300e-01   1.0447700e+01  -1.0000000e+00
   2.0200000e+02  -9.1058800e+00   7.8093700e+00  -1.0000000e+00
   2.0300000e+02  -1.6347300e+01   2.1744500e+00  -1.0000000e+00
   2.0400000e+02  -9.3933900e-01  -3.1028100e+00  -1.0000000e+00
   2.0500000e+02  -1.1311200e+01  -1.5530000e-01  -1.0000000e+00
   2.0600000e+02  -1.3771200e+01  -1.1447900e+01   1.0000000e+00
   2.0700000e+02   1.8198800e+01  -1.8927500e+00  -1.0000000e+00
   2.0800000e+02   1.3047700e+01   1.3506600e+01  -1.0000000e+00
   2.0900000e+02  -6.7398600e+00   2.8546100e+00  -1.0000000e+00
   2.1000000e+02  -1.0159000e+01  -1.1257100e+01   1.0000000e+00
   2.1100000e+02   7.9251900e+00   8.4686100e+00  -1.0000000e+00
   2.1200000e+02  -1.1552700e+00  -1.1846500e+01   1.0000000e+00
   2.1300000e+02  -8.3062500e+00  -1.2258400e+01   1.0000000e+00
   2.1400000e+02  -8.4220200e+00  -1.0120900e+01   1.0000000e+00
   2.1500000e+02  -3.2472900e+00   1.9018200e+00  -1.0000000e+00
   2.1600000e+02  -7.1130300e+00   8.3475800e+00  -1.0000000e+00
   2.1700000e+02  -2.2426100e+00  -7.0095300e+00  -1.0000000e+00
   2.1800000e+02   2.5277400e+00  -4.1017100e+00  -1.0000000e+00
   2.1900000e+02  -4.9585800e+00   1.6374500e+01  -1.0000000e+00
   2.2000000e+02  -1.0613400e-01   6.4442200e+00  -1.0000000e+00
   2.2100000e+02   5.3272600e+00  -7.1667700e+00  -1.0000000e+00
   2.2200000e+02  -4.7414600e+00  -1.2045900e+01   1.0000000e+00
   2.2300000e+02   1.6728200e+01  -4.2451100e-01  -1.0000000e+00
   2.2400000e+02   6.1802600e+00  -1.2175800e+01   1.0000000e+00
   2.2500000e+02   7.6687300e+00  -1.0547600e+01   1.0000000e+00
   2.2600000e+02   2.2205400e+00   1.4437000e+00  -1.0000000e+00
   2.2700000e+02  -9.6374600e-01  -8.6558800e+00   1.0000000e+00
   2.2800000e+02  -9.4548000e+00   1.3262400e+01  -1.0000000e+00
   2.2900000e+02  -1.0196300e+01   3.7999000e+00  -1.0000000e+00
   2.3000000e+02  -8.1900000e+00   4.3119300e+00  -1.0000000e+00
   2.3100000e+02  -1.2405800e+01  -6.2323300e+00   1.0000000e+00
   2.3200000e+02   9.1267100e+00  -1.6872100e+01   1.0000000e+00
   2.3300000e+02  -1.5917300e+01  -8.3836900e+00   1.0000000e+00
   2.3400000e+02   6.3641900e-01   1.5900000e+01  -1.0000000e+00
   2.3500000e+02  -1.7374600e+01   5.7661300e+00  -1.0000000e+00
   2.3600000e+02   1.5532000e+01  -4.4201800e+00  -1.0000000e+00
   2.3700000e+02  -7.8217900e+00  -1.1216800e+00  -1.0000000e+00
   2.3800000e+02   8.1914700e+00  -1.2773100e+01   1.0000000e+00
   2.3900000e+02  -1.4599100e+01   8.2343600e+00  -1.0000000e+00
   2.4000000e+02   9.3793200e+00   6.9801400e+00  -1.0000000e+00
   2.4100000e+02   1.1148700e+01   3.9207300e-02  -1.0000000e+00
   2.4200000e+02   1.5003100e+01  -8.4712500e+00  -1.0000000e+00
   2.4300000e+02   2.6359100e-01  -1.0301800e+01   1.0000000e+00
   2.4400000e+02   5.5417500e+00   1.3479300e+01  -1.0000000e+00
   2.4500000e+02   9.5605700e+00   1.4466200e+01  -1.0000000e+00
   2.4600000e+02   2.1101300e+00  -1.1214700e+01   1.0000000e+00
   2.4700000e+02  -9.9419300e-01  -1.3912600e+01   1.0000000e+00
   2.4800000e+02   1.5211500e+01   1.0629900e+00  -1.0000000e+00
   2.4900000e+02  -3.1092200e+00   9.4028600e+00  -1.0000000e+00
   2.5000000e+02  -5.0052600e+00  -7.8281200e+00   1.0000000e+00
   2.5100000e+02   2.7030500e+00  -1.3181300e+01   1.0000000e+00
   2.5200000e+02  -1.2028400e+01   1.0749100e+01  -1.0000000e+00
   2.5300000e+02  -1.7415400e+01  -2.1049400e+00  -1.0000000e+00
   2.5400000e+02   1.3506100e+01  -4.9007200e+00  -1.0000000e+00
   2.5500000e+02  -1.5708400e+01   4.2753900e+00  -1.0000000e+00
   2.5600000e+02  -8.3903800e+00  -3.1439400e+00  -1.0000000e+00
   2.5700000e+02   1.1721800e+01   2.0204900e+00  -1.0000000e+00
   2.5800000e+02   6.7971500e+00   4.4684600e+00  -1.0000000e+00
   2.5900000e+02  -2.5234800e+00   1.1388300e+01  -1.0000000e+00
   2.6000000e+02   6.7281800e+00   1.7543600e+01  -1.0000000e+00
   2.6100000e+02  -1.3795700e+01  -2.7862300e+00  -1.0000000e+00
   2.6200000e+02  -3.1021100e+00  -8.8752300e+00   1.0000000e+00
   2.6300000e+02  -7.2688500e-01  -1.5964700e+01   1.0000000e+00
   2.6400000e+02   1.1034700e+01  -7.6553100e+00  -1.0000000e+00
   2.6500000e+02   3.6459600e+00  -6.0916100e-02  -1.0000000e+00
   2.6600000e+02  -3.9945200e+00  -5.9435100e+00  -1.0000000e+00
   2.6700000e+02   1.8839500e+01   1.9125600e-01  -1.0000000e+00
   2.6800000e+02  -1.6888100e+01   2.5966400e-02  -1.0000000e+00
   2.6900000e+02  -4.5856700e+00  -1.4196300e+01   1.0000000e+00
   2.7000000e+02   1.0961400e+01  -1.5932200e+01   1.0000000e+00
   2.7100000e+02  -2.6776300e+00  -1.5154800e+01   1.0000000e+00
   2.7200000e+02   1.4001300e+01   1.0037900e+01  -1.0000000e+00
   2.7300000e+02  -1.4257700e+01  -7.1129900e+00   1.0000000e+00
   2.7400000e+02   1.4091600e+01  -1.3098800e+01   1.0000000e+00
   2.7500000e+02   4.2196100e+00   1.9384400e+00  -1.0000000e+00
   2.7600000e+02   7.0175100e+00   1.1977800e+01  -1.0000000e+00
   2.7700000e+02  -3.4464500e-01  -1.1175700e+00  -1.0000000e+00
   2.7800000e+02  -8.6255300e+00  -7.9718400e+00   1.0000000e+00
   2.7900000e+02   7.1321200e+00  -9.9520200e-01  -1.0000000e+00
   2.8000000e+02   1.7256600e+01   1.5667500e+00  -1.0000000e+00
   2.8100000e+02  -1.2117300e+01  -4.1791000e+00  -1.0000000e+00
   2.8200000e+02   1.0044900e+00  -1.4781200e+01   1.0000000e+00
   2.8300000e+02  -5.2591800e+00   1.3609400e+00  -1.0000000e+00
   2.8400000e+02   1.1039400e+01   1.3014400e+01  -1.0000000e+00
   2.8500000e+02   4.4282300e+00   9.4397900e+00  -1.0000000e+00
   2.8600000e+02  -2.8630700e+00  -1.3041100e+01   1.0000000e+00
   2.8700000e+02  -1.2153500e+01  -8.2717500e+00   1.0000000e+00
   2.8800000e+02  -1.6689200e+01   7.7170400e+00  -1.0000000e+00
   2.8900000e+02  -1.6506300e+00   7.9417700e+00  -1.0000000e+00
   2.9000000e+02   1.1615000e+01  -1.0502800e+01  -1.0000000e+00
   2.9100000e+02   2.1271100e-01   9.6421300e-01  -1.0000000e+00
   2.9200000e+02   1.8999200e+00  -6.1770600e+00  -1.0000000e+00
   2.9300000e+02  -6.1801700e+00   4.8764900e+00  -1.0000000e+00
   2.9400000e+02   3.5160200e+00   1.2929000e+01  -1.0000000e+00
   2.9500000e+02  -6.5471700e+00   1.0368900e+01  -1.0000000e+00
   2.9600000e+02  -1.2220500e+01   3.2662800e+00  -1.0000000e+00
   2.9700000e+02   9.0919100e-03  -1.7910500e+01   1.0000000e+00
   2.9800000e+02  -1.1684400e+01   5.2614000e+00  -1.0000000e+00
   2.9900000e+02   7.0386500e-01  -1.2722600e+01   1.0000000e+00
