   0.0000000e+00  -8.8893000e+00   7.2850300e+00   1.0000000e+00
   1.0000000e+00  -1.6323500e+01  -8.8707700e+00   1.0000000e+00
   2.0000000e+00  -1.0236700e+01  -7.6214200e+00   1.0000000e+00
   3.0000000e+00   4.8957300e+00  -6.3177200e-01  -1.0000000e+00
   4.0000000e+00   2.5918000e+00  -3.4847000e+00   1.0000000e+00
   5.0000000e+00   1.7372300e-02   1.4171700e+01  -1.0000000e+00
   6.0000000e+00   1.3843400e+01   5.5932300e+00  -1.0000000e+00
   7.0000000e+00   9.1042200e+00  -1.0374500e+01  -1.0000000e+00
   8.0000000e+00  -1.3492600e+01   1.0250100e+01   1.0000000e+00
   9.0000000e+00   1.2928000e+01  -8.5251400e+00  -1.0000000e+00
   1.0000000e+01  -1.1633600e+01  -6.0469400e+00   1.0000000e+00
   1.1000000e+01   1.1724800e-01  -1.0736600e+01   1.0000000e+00
   1.2000000e+01  -1.3659500e+01  -9.5460500e-01   1.0000000e+00
   1.3000000e+01  -1.0847200e+01  -9.6192000e+00   1.0000000e+00
   1.4000000e+01   1.0879100e+01   7.8022600e+00  -1.0000000e+00
   1.5000000e+01   1.1512800e+01   1.4985400e+01  -1.0000000e+00
   1.6000000e+01   4.7208900e+00  -1.6388300e+01   1.0000000e+00
   1.7000000e+01  -4.1094300e+00   1.4564700e+01  -1.0000000e+00
   1.8000000e+01   1.6657600e+01  -8.7797300e+00  -1.0000000e+00
   1.9000000e+01  -1.0628500e+01   1.4629800e+01  -1.0000000e+00
   2.0000000e+01  -1.2178800e+01  -1.3545300e+01   1.0000000e+00
   2.1000000e+01   1.0422000e+01  -1.5725000e+01   1.0000000e+00
   2.2000000e+01   8.5807400e+00  -1.6667400e+01   1.0000000e+00
   2.3000000e+01   9.4680300e+00   1.5187800e+01  -1.0000000e+00
   2.4000000e+01   1.1781900e+01   5.8527100e+00  -1.0000000e+00
   2.5000000e+01  -8.3219700e+00   1.4809400e+01  -1.0000000e+00
   2.6000000e+01  -1.5026300e+01  -4.8925100e+00   1.0000000e+00
   2.7000000e+01   1.2399600e+01   1.3074700e+01  -1.0000000e+00
   2.8000000e+01   1.4222900e+01  -1.3996600e+01  -1.0000000e+00
   2.9000000e+01  -1.5042900e+01   6.8251300e-01   1.0000000e+00
   3.0000000e+01  -3.2394300e+00   1.2641500e+01  -1.0000000e+00
   3.1000000e+01   7.8566000e+00  -4.9641200e+00  -1.0000000e+00
   3.2000000e+01   8.2682100e+00   1.3504600e+01  -1.0000000e+00
   3.3000000e+01   1.5145600e+01  -1.8353500e+00  -1.0000000e+00
   3.4000000e+01  -9.6018700e+00  -5.6401600e+00   1.0000000e+00
   3.5000000e+01  -1.5691000e+01  -1.3651900e+00   1.0000000e+00
   3.6000000e+01   4.0222600e+00  -6.8061700e+00   1.0000000e+00
   3.7000000e+01  -2.3697600e+00   1.0781200e+01  -1.0000000e+00
   3.8000000e+01   3.4305700e+00  -1.3181500e+01   1.0000000e+00
   3.9000000e+01  -4.1892800e+00  -6.3490200e+00   1.0000000e+00
   4.0000000e+01  -1.5723100e+01   4.3163500e+00   1.0000000e+00
   4.1000000e+01  -7.5729500e+00   2.9119900e-01   1.0000000e+00
   4.2000000e+01   1.2637900e+01   3.9329300e+00  -1.0000000e+00
   4.3000000e+01   1.3045000e+01  -1.6395100e+00  -1.0000000e+00
   4.4000000e+01  -5.5429500e+00   7.0263900e-01   1.0000000e+00
   4.5000000e+01  -3.0201400e-01   1.0589000e+01  -1.0000000e+00
   4.6000000e+01  -3.5647200e+00   9.0866400e+00  -1.0000000e+00
   4.7000000e+01   8.8712500e+00  -1.2461100e+01   1.0000000e+00
   4.8000000e+01  -4.9137700e+00  -1.5861300e+01   1.0000000e+00
   4.9000000e+01   6.7268800e+00  -1.7602200e+01   1.0000000e+00
   5.0000000e+01   9.1195900e+00   1.1553300e+01  -1.0000000e+00
   5.1000000e+01  -4.8747600e+00  -2.8274900e+00   1.0000000e+00
   5.2000000e+01  -8.8766200e-01   1.6062600e+01  -1.0000000e+00
   5.3000000e+01   1.1404700e+01   2.2528300e+00  -1.0000000e+00
   5.4000000e+01  -3.5204200e-01  -1.2740800e+01   1.0000000e+00
   5.5000000e+01  -9.6176100e+00   5.3725200e+00   1.0000000e+00
   5.6000000e+01  -7.2607100e+00   1.6573400e+01  -1.0000000e+00
   5.7000000e+01  -1.8947700e+00  -1.1358200e+01   1.0000000e+00
   5.8000000e+01   7.9405700e+00  -2.8859400e+00  -1.0000000e+00
   5.9000000e+01  -1.7782700e+01   3.8178400e+00   1.0000000e+00
   6.0000000e+01   9.4885800e+00  -6.2322100e+00  -1.0000000e+00
   6.1000000e+01   6.0951400e+00   1.0414500e+00  -1.0000000e+00
   6.2000000e+01   5.7030500e+00  -8.0029600e+00   1.0000000e+00
   6.3000000e+01   5.3274700e+00   1.5535500e+01  -1.0000000e+00
   6.4000000e+01   4.4632200e+00  -2.6314200e+00  -1.0000000e+00
   6.5000000e+01   1.4280100e+01   3.9750000e-02  -1.0000000e+00
   6.6000000e+01  -1.1379400e+00  -1.6863700e+01   1.0000000e+00
   6.7000000e+01   7.0925200e-02  -7.8896400e+00   1.0000000e+00
   6.8000000e+01  -6.8713100e+00  -1.6489300e+01   1.0000000e+00
   6.9000000e+01   9.3551200e+00   2.4816900e+00  -1.0000000e+00
   7.0000000e+01  -1.6385000e+01   8.0534300e+00   1.0000000e+00
   7.1000000e+01  -1.2325900e+01  -2.5105000e+00   1.0000000e+00
   7.2000000e+01  -5.7592800e+00   4.5358600e+00   1.0000000e+00
   7.3000000e+01   1.2786700e+01  -1.0616900e+01  -1.0000000e+00
   7.4000000e+01   3.6153200e+00  -1.0942600e+01   1.0000000e+00
   7.5000000e+01  -1.7053400e+01   2.5070000e-01   1.0000000e+00
   7.6000000e+01  -7.3302700e+00   1.2989200e+01  -1.0000000e+00
   7.7000000e+01  -1.0266600e+01  -2.1161800e+00   1.0000000e+00
   7.8000000e+01   1.5009700e+01   7.2823900e+00  -1.0000000e+00
   7.9000000e+01   5.5021100e+00  -1.0064600e+01   1.0000000e+00
   8.0000000e+01  -1.2745000e+00   1.4156400e+00  -1.0000000e+00
   8.1000000e+01   1.3605800e+00  -1.4024400e+01   1.0000000e+00
   8.2000000e+01  -1.1648300e+01  -5.2923800e-01   1.0000000e+00
   8.3000000e+01  -4.1809500e+00  -8.6016100e-01   1.0000000e+00
   8.4000000e+01  -1.0323100e+01   3.3929000e+00   1.0000000e+00
   8.5000000e+01  -6.2231700e+00  -1.2764100e+00   1.0000000e+00
   8.6000000e+01  -1.5012100e+00  -4.0213800e+00   1.0000000e+00
   8.7000000e+01  -1.3681500e+01   4.6936700e+00   1.0000000e+00
   8.8000000e+01   6.7492900e+00   8.1697400e+00  -1.0000000e+00
   8.9000000e+01   1.9309500e+00  -9.7091400e+00   1.0000000e+00
   9.0000000e+01  -1.2998000e+01   6.6505500e+00   1.0000000e+00
   9.1000000e+01   8.8014300e+00   7.9800700e+00  -1.0000000e+00
   9.2000000e+01  -1.4318800e+01   8.3017800e+00   1.0000000e+00
   9.3000000e+01   3.0343000e+00  -1.5217700e+01   1.0000000e+00
   9.4000000e+01  -1.3582600e+01   1.2377400e+01   1.0000000e+00
   9.5000000e+01  -6.9194100e+00   2.2529800e+00   1.0000000e+00
   9.6000000e+01   4.5900400e+00  -1.8448900e+01   1.0000000e+00
   9.7000000e+01   2.6270000e+00   8.5414400e+00  -1.0000000e+00
   9.8000000e+01   7.6148300e+00   6.2984400e+00  -1.0000000e+00
   9.9000000e+01   9.6915300e+00  -4.0044600e+00  -1.0000000e+00
   1.0000000e+02   1.7959300e+01  -4.4120100e+00  -1.0000000e+00
   1.0100000e+02  -4.4921200e+00  -1.3817900e+01   1.0000000e+00
   1.0200000e+02   5.6062800e-01  -3.7805800e+00   1.0000000e+00
   1.0300000e+02   7.3637800e+00  -9.2022400e+00   1.0000000e+00
   1.0400000e+02   1.5514300e+01   1.7393800e+00  -1.0000000e+00
   1.0500000e+02  -1.7080300e+01   5.8808000e+00   1.0000000e+00
   1.0600000e+02   1.1003800e+01  -1.3657700e+00  -1.0000000e+00
   1.0700000e+02   1.6278800e+01   8.8933500e+00  -1.0000000e+00
   1.0800000e+02  -6.4457600e+00  -1.4468800e+01   1.0000000e+00
   1.0900000e+02   1.3055000e+01  -6.4673700e+00  -1.0000000e+00
   1.1000000e+02  -8.9300700e+00  -3.6682000e+00   1.0000000e+00
   1.1100000e+02   4.6865800e+00   8.3569300e+00  -1.0000000e+00
   1.1200000e+02   1.3446700e+01   1.9660900e+00  -1.0000000e+00
   1.1300000e+02  -1.5032900e+01   6.2569300e+00   1.0000000e+00
   1.1400000e+02   1.5995300e+01  -3.7387100e+00  -1.0000000e+00
   1.1500000e+02   1.7817900e+00  -1.1953200e+01   1.0000000e+00
   1.1600000e+02   7.3948800e+00   1.5424500e+01  -1.0000000e+00
   1.1700000e+02   2.3361900e+00  -5.5286500e+00   1.0000000e+00
   1.1800000e+02  -8.0697300e+00  -1.2680500e+01   1.0000000e+00
   1.1900000e+02   7.0497000e+00   1.1790100e+01  -1.0000000e+00
   1.2000000e+02   2.9366900e+00   1.2104100e+01  -1.0000000e+00
   1.2100000e+02  -8.2235200e+00  -7.1807100e+00   1.0000000e+00
   1.2200000e+02   3.3359000e-01   1.7849800e+01  -1.0000000e+00
   1.2300000e+02   8.1496000e+00   8.0808600e-01  -1.0000000e+00
   1.2400000e+02   1.0541100e+01   4.1575600e+00  -1.0000000e+00
   1.2500000e+02   1.7648300e+01   1.5809800e+00  -1.0000000e+00
   1.2600000e+02   9.8183700e-01  -1.8280000e+01   1.0000000e+00
   1.2700000e+02  -1.0949400e+01  -4.0784600e+00   1.0000000e+00
   1.2800000e+02   1.3078100e+00  -1.8344200e+00   1.0000000e+00
   1.2900000e+02   1.8487200e+00   1.3663300e+00  -1.0000000e+00
   1.3000000e+02  -7.5581100e+00   5.7103000e+00   1.0000000e+00
   1.3100000e+02   7.3050600e+00   2.7098300e+00  -1.0000000e+00
   1.3200000e+02   3.1442500e+00   3.1001200e+00  -1.0000000e+00
   1.3300000e+02   5.2460800e+00   2.9142700e+00  -1.0000000e+00
   1.3400000e+02   1.4749000e+01   3.6399700e+00  -1.0000000e+00
   1.3500000e+02   1.7577100e+00   1.0421100e+01  -1.0000000e+00
   1.3600000e+02  -5.2774700e+00   1.2859000e+01  -1.0000000e+00
   1.3700000e+02  -1.2270400e+01  -8.0809400e+00   1.0000000e+00
   1.3800000e+02  -2.9341300e+00   1.6274400e+01  -1.0000000e+00
   1.3900000e+02  -6.8475100e+00   7.6313700e+00  -1.0000000e+00
   1.4000000e+02  -1.1493100e+01  -1.1584400e+01   1.0000000e+00
   1.4100000e+02  -1.4904300e+00   8.8979100e+00  -1.0000000e+00
   1.4200000e+02  -8.0022000e-01  -1.4740100e+01   1.0000000e+00
   1.4300000e+02  -8.9552000e+00   1.8283700e+00   1.0000000e+00
   1.4400000e+02   9.9908500e+00   9.6655400e+00  -1.0000000e+00
   1.4500000e+02  -6.8286900e+00  -8.7403200e+00   1.0000000e+00
   1.4600000e+02  -2.8220000e+00  -2.4204600e+00   1.0000000e+00
   1.4700000e+02  -6.0137700e+00  -1.2314700e+01   1.0000000e+00
   1.4800000e+02   1.2047000e+01   9.5249400e+00  -1.0000000e+00
   1.4900000e+02  -1.1648500e+01   4.9665900e+00   1.0000000e+00
   1.5000000e+02  -1.3944600e+00  -9.3544900e+00   1.0000000e+00
   1.5100000e+02  -8.5157400e+00  -1.4702600e+01   1.0000000e+00
   1.5200000e+02   7.1746600e+00  -1.1266200e+01   1.0000000e+00
   1.5300000e+02   1.2495200e+01  -1.2694900e+01  -1.0000000e+00
   1.5400000e+02  -1.0111800e+01  -1.3103900e+01   1.0000000e+00
   1.5500000e+02  -1.1472500e+01   1.0566900e+01   1.0000000e+00
   1.5600000e+02  -6.9153500e+00  -3.2361700e+00   1.0000000e+00
   1.5700000e+02   6.9071800e+00  -1.0718900e+00  -1.0000000e+00
   1.5800000e+02   4.0353200e+00   1.2230600e+00  -1.0000000e+00
   1.5900000e+02  -1.3578300e+01  -1.1977000e+01   1.0000000e+00
   1.6000000e+02  -4.8543600e+00   2.6493700e+00   1.0000000e+00
   1.6100000e+02   1.7414100e+01  -2.2082000e+00  -1.0000000e+00
   1.6200000e+02   9.2839800e+00  -8.3285100e+00  -1.0000000e+00
   1.6300000e+02   1.4246300e+00   6.8677700e+00  -1.0000000e+00
   1.6400000e+02   8.4905800e+00   4.3901600e+00  -1.0000000e+00
   1.6500000e+02   1.6803600e+01   3.5166400e+00  -1.0000000e+00
   1.6600000e+02  -3.7791400e+00   1.8168100e+01  -1.0000000e+00
   1.6700000e+02  -1.4981100e+01  -1.0449700e+01   1.0000000e+00
   1.6800000e+02   3.2671800e+00   1.5711200e+01  -1.0000000e+00
   1.6900000e+02  -2.3609100e+00  -1.3393600e+01   1.0000000e+00
   1.7000000e+02  -1.2877700e+01  -1.0046900e+01   1.0000000e+00
   1.7100000e+02   1.5446500e+01   1.0838900e+01  -1.0000000e+00
   1.7200000e+02  -1.4295800e+01  -8.4481300e+00   1.0000000e+00
   1.7300000e+02  -1.7825800e+00  -6.0752700e+00   1.0000000e+00
   1.7400000e+02  -8.3048200e+00   3.7785800e+00   1.0000000e+00
   1.7500000e+02   6.4393800e+00   4.5872600e+00  -1.0000000e+00
   1.7600000e+02  -1.5668400e+01  -6.8936700e+00   1.0000000e+00
   1.7700000e+02  -1.1757500e+00   1.2456000e+01  -1.0000000e+00
   1.7800000e+02  -1.1485000e+01   1.2674400e+01   1.0000000e+00
   1.7900000e+02  -8.8396300e+00  -9.1578600e+00   1.0000000e+00
   1.8000000e+02  -3.8878900e+00  -1.1852700e+01   1.0000000e+00
   1.8100000e+02   2.7543300e-01  -5.8191400e+00   1.0000000e+00
   1.8200000e+02   1.0584000e+01  -1.3612200e+01   1.0000000e+00
   1.8300000e+02   1.0800900e+01  -1.1540000e+01  -1.0000000e+00
   1.8400000e+02  -2.0528300e+00   1.4356000e+01  -1.0000000e+00
   1.8500000e+02  -1.7200900e+00   1.7979100e+01  -1.0000000e+00
   1.8600000e+02   1.1167900e+01   1.1391000e+01  -1.0000000e+00
   1.8700000e+02  -4.7619200e+00   7.3537200e+00  -1.0000000e+00
   1.8800000e+02  -1.2677400e+01   1.4381500e+01  -1.0000000e+00
   1.8900000e+02   5.7006700e-01   8.7353200e+00  -1.0000000e+00
   1.9000000e+02  -1.2976400e+01  -4.4857200e+00   1.0000000e+00
   1.9100000e+02  -1.5620800e+01  -1.2418500e+01   1.0000000e+00
   1.9200000e+02   2.4125900e+00   1.7623000e+01  -1.0000000e+00
   1.9300000e+02   3.8135200e+00  -8.8714600e+00   1.0000000e+00
   1.9400000e+02  -8.0854000e+00   9.2740400e+00  -1.0000000e+00
   1.9500000e+02   1.4629400e+01  -9.6697600e+00  -1.0000000e+00
   1.9600000e+02  -1.3022100e+01   1.0297700e+00   1.0000000e+00
   1.9700000e+02  -7.5708700e+00  -5.2313500e+00   1.0000000e+00
   1.9800000e+02  -1.6371000e+01  -3.3105300e+00   1.0000000e+00
   1.9900000e+02   5.1108100e+00  -1.4355000e+01   1.0000000e+00
   2.0000000e+02  -7.4346000e+00  -1.0717400e+01   1.0000000e+00
   2.0100000e+02   8.7232600e+00  -1.4536100e+01   1.0000000e+00
   2.0200000e+02  -2.8030500e+00  -7.8603300e+00   1.0000000e+00
   2.0300000e+02   4.9928400e+00   1.1948200e+01  -1.0000000e+00
   2.0400000e+02  -1.0970900e+01   6.9535600e+00   1.0000000e+00
   2.0500000e+02   8.3939500e-01  -1.6076600e+01   1.0000000e+00
   2.0600000e+02  -9.6227600e+00  -1.3443700e-01   1.0000000e+00
   2.0700000e+02  -1.0709600e+01  -1.5081600e+01   1.0000000e+00
   2.0800000e+02  -1.2270100e+01   8.5970400e+00   1.0000000e+00
   2.0900000e+02   1.8453300e+01  -3.7644900e-01  -1.0000000e+00
   2.1000000e+02   2.1182200e+00  -7.6323500e+00   1.0000000e+00
   2.1100000e+02   1.1332200e+01  -5.3170700e+00  -1.0000000e+00
   2.1200000e+02  -9.0813500e+00  -1.6747300e+01   1.0000000e+00
   2.1300000e+02   5.5624200e+00   6.4653100e+00  -1.0000000e+00
   2.1400000e+02  -7.4460000e-01  -2.1012100e+00   1.0000000e+00
   2.1500000e+02   5.2803000e+00  -1.2144000e+01   1.0000000e+00
   2.1600000e+02   1.2296900e+01  -1.4767600e+01   1.0000000e+00
   2.1700000e+02   1.4806000e+01  -7.5905800e+00  -1.0000000e+00
   2.1800000e+02   4.3740200e+00   4.7817200e+00  -1.0000000e+00
   2.1900000e+02  -9.3995500e+00   1.0849000e+01  -1.0000000e+00
   2.2000000e+02  -5.0942600e+00   1.6440500e+01  -1.0000000e+00
   2.2100000e+02   8.9676300e+00  -1.0966200e+00  -1.0000000e+00
   2.2200000e+02   1.4122500e+01   9.2682900e+00  -1.0000000e+00
   2.2300000e+02   1.5895300e+01   5.3598600e+00  -1.0000000e+00
   2.2400000e+02  -9.4482700e+00  -1.1145400e+01   1.0000000e+00
   2.2500000e+02  -1.6449300e+01   2.2268200e+00   1.0000000e+00
   2.2600000e+02   1.2925100e+01   7.5905500e+00  -1.0000000e+00
   2.2700000e+02  -5.6295600e+00   9.2859400e+00  -1.0000000e+00
   2.2800000e+02  -1.4346500e+01  -2.9411000e+00   1.0000000e+00
   2.2900000e+02  -6.2040900e+00  -6.7660600e+00   1.0000000e+00
   2.3000000e+02  -4.4423800e+00   1.0959100e+01  -1.0000000e+00
   2.3100000e+02   1.0196600e+01   5.8582100e-01  -1.0000000e+00
   2.3200000e+02  -3.0204700e+00   3.6076700e+00  -1.0000000e+00
   2.3300000e+02   1.6408600e+01  -1.5929700e-01  -1.0000000e+00
   2.3400000e+02   1.4545100e+01   1.2812800e+01  -1.0000000e+00
   2.3500000e+02   1.7125500e+01   7.0129500e+00  -1.0000000e+00
   2.3600000e+02   5.9272400e+00  -5.9241800e+00  -1.0000000e+00
   2.3700000e+02  -2.1171700e+00  -4.6540200e-01   1.0000000e+00
   2.3800000e+02   3.8194300e+00   1.0225100e+01  -1.0000000e+00
   2.3900000e+02   1.1193900e+01  -7.3729900e+00  -1.0000000e+00
   2.4000000e+02  -1.0204300e+01   8.9162300e+00   1.0000000e+00
   2.4100000e+02   1.0987700e+00   3.2804100e+00  -1.0000000e+00
   2.4200000e+02  -3.3599000e+00   1.1874400e+00   1.0000000e+00
   2.4300000e+02  -3.1526300e+00  -1.7476000e+01   1.0000000e+00
   2.4400000e+02   4.5506500e+00   1.7505300e+01  -1.0000000e+00
   2.4500000e+02   1.1055600e+01  -9.4978600e+00  -1.0000000e+00
   2.4600000e+02   2.0735700e+00   1.3986400e+01  -1.0000000e+00
   2.4700000e+02   1.6830300e+01  -6.2499600e+00  -1.0000000e+00
   2.4800000e+02  -6.4343200e-01   7.0201600e+00  -1.0000000e+00
   2.4900000e+02  -2.7094800e+00   7.2134100e+00  -1.0000000e+00
   2.5000000e+02  -1.3643500e+01  -6.4707800e+00   1.0000000e+00
   2.5100000e+02  -8.2449800e+00  -1.6593100e+00   1.0000000e+00
   2.5200000e+02   7.5848600e+00  -7.1366000e+00  -1.0000000e+00
   2.5300000e+02   2.8057700e+00  -1.7286400e+01   1.0000000e+00
   2.5400000e+02   4.1308500e+00   1.3842000e+01  -1.0000000e+00
   2.5500000e+02   6.9885700e+00  -1.3388900e+01   1.0000000e+00
   2.5600000e+02  -5.5421000e+00  -4.8091000e+00   1.0000000e+00
   2.5700000e+02  -1.8431200e+01  -3.7102000e+00   1.0000000e+00
   2.5800000e+02   4.2445900e+00  -4.7334500e+00  -1.0000000e+00
   2.5900000e+02   6.1031900e+00  -3.8646600e+00  -1.0000000e+00
   2.6000000e+02   1.2045800e+00   1.5904400e+01  -1.0000000e+00
   2.6100000e+02  -5.3962300e+00  -1.0299000e+01   1.0000000e+00
   2.6200000e+02   3.4870000e+00   6.6492400e+00  -1.0000000e+00
   2.6300000e+02  -9.7523500e-01   3.4551400e+00  -1.0000000e+00
   2.6400000e+02   1.2239800e+01   2.8436700e-01  -1.0000000e+00
   2.6500000e+02  -1.0999400e+01   1.4308700e+00   1.0000000e+00
   2.6600000e+02  -1.4412500e+01   2.6401000e+00   1.0000000e+00
   2.6700000e+02   1.1791100e+01  -3.3067300e+00  -1.0000000e+00
   2.6800000e+02   2.8518100e+00  -4.5835800e-01  -1.0000000e+00
   2.6900000e+02  -9.4809300e+00   1.6517800e+01  -1.0000000e+00
   2.7000000e+02   2.2794100e+00   4.9912000e+00  -1.0000000e+00
   2.7100000e+02  -1.2356100e+01   3.0010300e+00   1.0000000e+00
   2.7200000e+02  -1.5524500e+01   9.9711900e+00   1.0000000e+00
   2.7300000e+02   1.4420800e+01  -1.1884300e+01  -1.0000000e+00
   2.7400000e+02   6.1799900e+00   1.3663100e+01  -1.0000000e+00
   2.7500000e+02  -1.7054600e+01  -5.2708100e+00   1.0000000e+00
   2.7600000e+02   1.4862700e+01  -5.4740200e+00  -1.0000000e+00
   2.7700000e+02   1.3913600e+01  -3.5115100e+00  -1.0000000e+00
   2.7800000e+02  -1.7738600e+01  -1.7572300e+00   1.0000000e+00
   2.7900000e+02   8.7912900e-01   1.2288500e+01  -1.0000000e+00
   2.8000000e+02   1.3287200e+01   1.1169700e+01  -1.0000000e+00
   2.8100000e+02   1.3557200e+01   1.4777000e+01  -1.0000000e+00
   2.8200000e+02  -4.7966800e+00  -8.3369800e+00   1.0000000e+00
   2.8300000e+02  -5.1590600e+00  -1.7970300e+01   1.0000000e+00
   2.8400000e+02  -1.8491400e+00   5.3445400e+00  -1.0000000e+00
   2.8500000e+02   9.7042400e+00   6.0557600e+00  -1.0000000e+00
   2.8600000e+02  -3.9248700e+00   5.4627300e+00  -1.0000000e+00
   2.8700000e+02   2.2625800e-01   5.1427500e+00  -1.0000000e+00
   2.8800000e+02   2.1429000e-01  -7.1646700e-02  -1.0000000e+00
   2.8900000e+02   1.0314800e+01   1.3269700e+01  -1.0000000e+00
   2.9000000e+02  -3.5176600e+00  -4.3715000e+00   1.0000000e+00
   2.9100000e+02  -6.2613900e+00   1.4741800e+01  -1.0000000e+00
   2.9200000e+02  -3.3950100e+00  -9.8550300e+00   1.0000000e+00
   2.9300000e+02  -9.3798600e+00   1.2971900e+01  -1.0000000e+00
   2.9400000e+02   7.9207800e+00   9.8813500e+00  -1.0000000e+00
   2.9500000e+02  -6.8566200e+00   1.0979800e+01  -1.0000000e+00
   2.9600000e+02  -2.9071900e+00  -1.5422300e+01   1.0000000e+00
   2.9700000e+02  -1.7741600e+01  -7.3622300e+00   1.0000000e+00
   2.9800000e+02   6.8413300e+00  -1.5510100e+01   1.0000000e+00
   2.9900000e+02   5.8788500e+00   1.0060100e+01  -1.0000000e+00
