   0.0000000e+00   1.4340400e+01   3.9775500e+00   5.1990100e+01   2.0000000e+00
   1.0000000e+00  -9.6637300e+00  -6.9219200e-01   1.2123600e+01   1.0000000e+00
   2.0000000e+00   7.5758300e+00  -4.4992300e+00   5.1627400e+01   2.0000000e+00
   3.0000000e+00   8.8581800e-01  -1.5376700e+01   1.8309700e+01  -3.0000000e+00
   4.0000000e+00  -6.3031700e-01  -1.6767800e+01   1.9781000e+01  -2.0000000e+00
   5.0000000e+00  -1.5252700e+00  -1.2724500e+01   1.2076900e+01   1.0000000e+00
   6.0000000e+00  -1.0741800e+01   1.2841700e+01  -8.3150000e-02  -2.0000000e+00
   7.0000000e+00  -1.7899900e+01  -5.5462800e+00   9.7006900e+00  -1.0000000e+00
   8.0000000e+00  -1.6496000e+01   5.2147000e+00   1.3355000e+01  -2.0000000e+00
   9.0000000e+00  -1.8077500e+01   3.8808300e+00   1.1654900e+01  -1.0000000e+00
   1.0000000e+01   7.2661100e+00  -6.5469100e+00   5.1488100e+01   2.0000000e+00
   1.1000000e+01  -1.3182100e+01  -1.4886500e+00   1.2453100e+01   1.0000000e+00
   1.2000000e+01  -8.3325300e+00   1.0157700e+01  -8.2058400e-01  -3.0000000e+00
   1.3000000e+01  -4.1496400e+00   1.5527200e+01   3.9383800e+01  -2.0000000e+00
   1.4000000e+01  -1.3866100e+01  -6.9196000e+00   1.2252700e+01   1.0000000e+00
   1.5000000e+01  -3.5569500e+00  -1.2108800e+01   1.2339300e+01   1.0000000e+00
   1.6000000e+01  -8.3919300e-01  -7.5671000e-02   5.2566700e+01  -3.0000000e+00
   1.7000000e+01  -1.6260000e+01  -4.3036600e+00   1.1690000e+01  -2.0000000e+00
   1.8000000e+01   1.2940000e+01   7.2993900e+00   5.5398900e+01  -3.0000000e+00
   1.9000000e+01   1.7862400e+01   3.4534900e+00   6.7173200e+01  -1.0000000e+00
   2.0000000e+01  -8.5522000e+00   1.4521300e+01   4.3570300e+01  -2.0000000e+00
   2.1000000e+01  -1.5656000e+00   1.2271600e+01   3.9420100e+01   1.0000000e+00
   2.2000000e+01   3.0174700e+00   9.4240100e+00   3.9958700e+01   1.0000000e+00
   2.3000000e+01   3.9703100e-01   6.4174400e+00   3.9347500e+01  -3.0000000e+00
   2.4000000e+01  -1.1191700e+01   1.4872200e+01   3.2497700e+01  -1.0000000e+00
   2.5000000e+01  -1.7116200e+01   7.1705400e+00   1.5171600e+01  -1.0000000e+00
   2.6000000e+01  -3.0654400e+00  -1.4124000e+01   1.2835100e+01   1.0000000e+00
   2.7000000e+01   1.4590200e+01   6.0330400e+00   5.3070400e+01  -2.0000000e+00
   2.8000000e+01  -1.2720900e+01  -3.5084100e+00   1.2527600e+01   1.0000000e+00
   2.9000000e+01   1.4036900e+01   1.9100800e+00   5.1492200e+01   2.0000000e+00
   3.0000000e+01  -3.3054800e+00  -3.2428200e+00   1.4800000e+01  -3.0000000e+00
   3.1000000e+01   1.2671500e+01   5.2523600e+00   5.1970000e+01   2.0000000e+00
   3.2000000e+01   5.9521700e+00  -3.2104000e+00   5.1470800e+01   2.0000000e+00
   3.3000000e+01   1.5662200e+01   5.9488700e-01   5.1430900e+01  -2.0000000e+00
   3.4000000e+01   7.8891400e+00  -2.4255500e+00   5.1421200e+01   2.0000000e+00
   3.5000000e+01  -1.2064400e+01   1.9428800e+00   1.2343600e+01   1.0000000e+00
   3.6000000e+01   1.7620200e+01   1.3618600e+00   6.6957400e+01  -1.0000000e+00
   3.7000000e+01  -1.0296200e+01   1.0831300e+01   1.1547900e+01   1.0000000e+00
   3.8000000e+01  -8.9610500e-01  -7.3075200e+00   3.1629400e+01  -3.0000000e+00
   3.9000000e+01   2.0332200e+00  -4.6965500e+00   5.2464600e+01   2.0000000e+00
   4.0000000e+01  -7.5977100e+00   1.6711400e+01   3.9764800e+01  -1.0000000e+00
   4.1000000e+01   1.0741000e+01   1.4167400e+01   3.8180200e+01  -2.0000000e+00
   4.2000000e+01   3.9447400e+00  -1.5405500e+01   3.2780400e+01  -2.0000000e+00
   4.3000000e+01   1.2944300e+01   9.3447000e+00   5.1655500e+01  -2.0000000e+00
   4.4000000e+01  -2.0070500e+00  -1.8302800e+01   1.4888600e+01  -1.0000000e+00
   4.5000000e+01  -6.7998300e+00  -5.3621900e+00   1.2420600e+01   1.0000000e+00
   4.6000000e+01   6.3457500e+00  -1.2677300e+01   5.0256700e+01   2.0000000e+00
   4.7000000e+01   4.3147200e+00  -1.8794400e+00   5.1252200e+01   2.0000000e+00
   4.8000000e+01   1.0295600e+00   8.8659300e+00   4.0686100e+01  -3.0000000e+00
   4.9000000e+01   1.0527800e+01  -9.0861300e+00   5.1346900e+01   2.0000000e+00
   5.0000000e+01   2.4302600e+00  -1.4017500e+01   1.2594900e+01  -3.0000000e+00
   5.1000000e+01   9.2467300e+00   1.0026400e+01   4.0885200e+01  -3.0000000e+00
   5.2000000e+01   2.3057700e+00  -1.6910700e+01   2.0534000e+01  -2.0000000e+00
   5.3000000e+01  -1.1640800e+01  -7.0468900e-02   1.2359400e+01   1.0000000e+00
   5.4000000e+01   8.5946600e+00  -9.8835900e+00   5.1694200e+01   2.0000000e+00
   5.5000000e+01  -1.4251900e+01  -4.8919000e+00   1.2281900e+01   1.0000000e+00
   5.6000000e+01  -6.2513600e+00   1.5149300e+01   4.1021300e+01  -2.0000000e+00
   5.7000000e+01  -4.3502100e+00  -8.0436300e+00   1.1934900e+01   1.0000000e+00
   5.8000000e+01  -4.3629100e+00   9.9665900e+00   4.0389000e+01   1.0000000e+00
   5.9000000e+01   1.2785000e+01  -6.2939900e+00   5.1483900e+01   2.0000000e+00
   6.0000000e+01   6.5825300e+00   9.0852200e-01   5.1118200e+01   2.0000000e+00
   6.1000000e+01   2.3727100e-01  -1.1292900e+01   4.0176600e-01  -3.0000000e+00
   6.2000000e+01   7.9011600e+00   1.1903800e+01   3.7060100e+01   1.0000000e+00
   6.3000000e+01  -2.9347900e-01   1.0660900e+01   3.9266900e+01   1.0000000e+00
   6.4000000e+01   6.6603400e+00  -1.0627700e+01   5.1274900e+01   2.0000000e+00
   6.5000000e+01   3.0239300e+00   1.4570500e+00   5.1030500e+01   2.0000000e+00
   6.6000000e+01  -2.3425500e+00   4.6989600e+00   5.3291600e+01  -3.0000000e+00
   6.7000000e+01  -1.4714500e+01  -2.8761500e+00   1.2770000e+01   1.0000000e+00
   6.8000000e+01   3.2530800e+00   1.4884600e+01   3.8174000e+01  -2.0000000e+00
   6.9000000e+01  -5.4954000e+00   1.7145700e+01   4.0047000e+01  -1.0000000e+00
   7.0000000e+01  -2.6007100e+00  -1.6170400e+01   1.3054600e+01  -2.0000000e+00
   7.1000000e+01  -1.0110500e+01   1.3166500e+00   1.2152900e+01   1.0000000e+00
   7.2000000e+01  -1.4444400e+01  -1.2408700e+01   1.2933900e+01  -1.0000000e+00
   7.3000000e+01  -1.0018300e+00   8.6099000e+00   3.7930300e+01  -3.0000000e+00
   7.4000000e+01   4.6664000e-01   1.2670100e+01   3.9227800e+01   1.0000000e+00
   7.5000000e+01  -1.3413700e+01  -8.9718100e+00   1.2914800e+01  -2.0000000e+00
   7.6000000e+01   1.3698700e+01  -1.5627100e-01   5.1343500e+01   2.0000000e+00
   7.7000000e+01   5.8516200e+00   1.1627800e+01   3.8161400e+01   1.0000000e+00
   7.8000000e+01   1.6525500e+01   6.8970200e+00   3.7884900e+01  -1.0000000e+00
   7.9000000e+01   1.4090000e+01  -9.6395800e+00   5.1538400e+01  -2.0000000e+00
   8.0000000e+01  -2.7920600e+00   6.0108100e-01   5.3133700e+01  -3.0000000e+00
   8.1000000e+01  -2.3972200e+00  -8.7155200e+00   1.1688900e+01   1.0000000e+00
   8.2000000e+01  -1.4922600e+01  -1.0404900e+01  -1.6495800e+00  -1.0000000e+00
   8.3000000e+01   1.2139500e+01  -1.0392100e+01   5.1199700e+01   2.0000000e+00
   8.4000000e+01   1.0856500e+01  -7.0582000e+00   5.1329100e+01   2.0000000e+00
   8.5000000e+01   8.9029200e+00  -7.8195800e+00   5.1551700e+01   2.0000000e+00
   8.6000000e+01  -3.7955800e+00  -1.2165800e+00   2.0967800e+01  -3.0000000e+00
   8.7000000e+01  -2.8299100e+00  -6.6004800e+00   2.7938000e+01  -3.0000000e+00
   8.8000000e+01   3.4415100e+00  -8.0363000e+00   5.1589900e+01  -3.0000000e+00
   8.9000000e+01   5.0960200e+00   9.7216800e+00   3.8747200e+01   1.0000000e+00
   9.0000000e+01   1.5233500e+00  -8.7884900e+00   5.0355200e+01  -3.0000000e+00
   9.1000000e+01  -1.5882100e+01   1.0764900e+01   1.0612300e+01  -1.0000000e+00
   9.2000000e+01   4.4146200e+00  -1.3397900e+01   4.9978500e+01  -3.0000000e+00
   9.3000000e+01  -1.3457600e+00   1.7923700e+01   3.9233800e+01  -1.0000000e+00
   9.4000000e+01   1.6384600e+01  -6.8070400e+00   6.7339700e+01  -1.0000000e+00
   9.5000000e+01   8.4511600e-01  -1.8368900e+01   2.3603200e+01  -1.0000000e+00
   9.6000000e+01  -1.4485400e+01   4.6202400e+00   1.2726600e+01   1.0000000e+00
   9.7000000e+01  -1.7126700e+01  -2.5235300e-01   1.1969000e+01  -2.0000000e+00
   9.8000000e+01  -1.1868900e+01  -7.5590600e+00   1.2201200e+01   1.0000000e+00
   9.9000000e+01  -3.0583400e-01   4.2802500e+00   5.3680500e+01  -3.0000000e+00
   1.0000000e+02   8.7190700e+00   1.3790100e+01   3.8176000e+01   1.0000000e+00
   1.0100000e+02   6.6715000e+00   7.9944600e+00   4.8394400e+01  -3.0000000e+00
   1.0200000e+02   1.3661500e+01   1.1274500e+01   4.6696700e+01  -2.0000000e+00
   1.0300000e+02  -1.1004500e+01   5.4107600e+00   1.2179800e+01   1.0000000e+00
   1.0400000e+02  -1.6040200e+01   3.1939400e+00   1.2373700e+01  -2.0000000e+00
   1.0500000e+02   1.0170000e+01   3.9548200e-01   5.1506500e+01   2.0000000e+00
   1.0600000e+02   6.6287200e+00   1.3563100e+01   3.7980400e+01   1.0000000e+00
   1.0700000e+02   1.1120300e-01  -5.4708000e+00   1.6834800e+01  -3.0000000e+00
   1.0800000e+02   1.3622600e+00   2.8060100e+00   5.0982300e+01   2.0000000e+00
   1.0900000e+02   1.0757900e+01   8.5653600e+00   2.2577400e+01  -3.0000000e+00
   1.1000000e+02  -6.5419100e+00   2.0612500e+00   3.2277700e+00  -3.0000000e+00
   1.1100000e+02   5.9560500e+00  -1.4791500e+01   3.7518100e+01  -2.0000000e+00
   1.1200000e+02  -4.2833700e+00   3.7727600e+00   3.5433200e+01  -3.0000000e+00
   1.1300000e+02   4.9738400e+00   2.1886600e+00   5.0737300e+01   2.0000000e+00
   1.1400000e+02  -3.6704100e+00   6.3823800e+00   3.4102700e+01  -3.0000000e+00
   1.1500000e+02   6.0862900e+00   1.7096700e+01   3.8395200e+01  -1.0000000e+00
   1.1600000e+02   1.1817700e+01  -1.2457500e+01   5.1562400e+01  -2.0000000e+00
   1.1700000e+02   5.3344700e+00   1.5162300e+01   3.8459000e+01  -2.0000000e+00
   1.1800000e+02  -5.4988700e+00   5.4508200e+00   4.6593800e+01  -3.0000000e+00
   1.1900000e+02  -5.5185400e-02   1.6256600e+01   3.8322200e+01  -2.0000000e+00
   1.2000000e+02  -9.4380300e+00   6.7406300e+00   1.1840700e+01   1.0000000e+00
   1.2100000e+02  -1.6346500e+00  -1.9873500e+00   4.1525700e+01  -3.0000000e+00
   1.2200000e+02  -1.5444800e+01   8.6600000e+00   1.2173200e+01  -2.0000000e+00
   1.2300000e+02   1.2092600e+00   1.4582800e+01   3.8373400e+01   1.0000000e+00
   1.2400000e+02  -1.5857600e+01  -6.3296300e+00   1.1643900e+01  -2.0000000e+00
   1.2500000e+02  -1.4956000e+01   6.6405600e+00   1.3568200e+01  -2.0000000e+00
   1.2600000e+02   1.4413700e+01  -7.6151300e+00   5.1685800e+01  -2.0000000e+00
   1.2700000e+02   4.0166900e+00   1.6820800e+01   3.8066200e+01  -1.0000000e+00
   1.2800000e+02  -8.5632300e+00   2.6949200e+00   1.2228500e+01   1.0000000e+00
   1.2900000e+02  -4.9054400e+00   1.3528600e+01   3.9102700e+01   1.0000000e+00
   1.3000000e+02   9.5497600e+00  -3.7275000e+00   5.1586900e+01   2.0000000e+00
   1.3100000e+02   6.2648100e+00  -1.1254800e+00   5.1253600e+01   2.0000000e+00
   1.3200000e+02   1.1614900e+01   1.6077600e+01   3.6590300e+01  -1.0000000e+00
   1.3300000e+02   7.1453300e+00   9.9925700e+00   3.8469500e+01  -3.0000000e+00
   1.3400000e+02   1.7117700e+01  -2.7089800e+00   6.7110200e+01  -1.0000000e+00
   1.3500000e+02  -1.4250400e+01   1.2106400e+01   2.6357900e+01  -1.0000000e+00
   1.3600000e+02  -9.8980500e+00  -8.1793900e+00   1.2355700e+01   1.0000000e+00
   1.3700000e+02  -1.5399100e+01  -8.3597700e+00   7.4888300e-01  -2.0000000e+00
   1.3800000e+02  -7.2560700e+00  -3.3569100e+00   1.2268500e+01   1.0000000e+00
   1.3900000e+02   3.3484400e+00   3.5520300e+00   5.0624900e+01   2.0000000e+00
   1.4000000e+02  -7.6750000e+00  -1.3402200e+00   1.1504500e+01   1.0000000e+00
   1.4100000e+02  -1.2275700e+01  -5.5196500e+00   1.2030300e+01   1.0000000e+00
   1.4200000e+02   4.7364500e+00  -1.1368000e+01   4.9850100e+01  -3.0000000e+00
   1.4300000e+02   1.9727400e+00   1.6543500e+01   2.5870900e+01  -2.0000000e+00
   1.4400000e+02   5.6622500e+00  -5.2533500e+00   5.1411600e+01   2.0000000e+00
   1.4500000e+02   1.0204700e+01  -1.1149700e+01   5.1572400e+01   2.0000000e+00
   1.4600000e+02   6.9206700e+00   2.9247900e+00   5.1274700e+01   2.0000000e+00
   1.4700000e+02   1.7508600e+00   1.1052300e+01   3.9313300e+01   1.0000000e+00
   1.4800000e+02  -8.1167800e+00  -1.6339800e+01   1.2922700e+01  -1.0000000e+00
   1.4900000e+02   1.2465300e+01  -8.3530600e+00   5.1060000e+01   2.0000000e+00
   1.5000000e+02  -1.0533000e+01  -1.3670400e+01   9.9071500e-02  -2.0000000e+00
   1.5100000e+02   1.1195000e+01  -1.6526000e+01   5.2126300e+01  -1.0000000e+00
   1.5200000e+02  -5.9093200e+00  -9.4280700e+00   1.1855000e+01   1.0000000e+00
   1.5300000e+02   7.6062600e-01  -1.3999200e+00   4.8327200e+01  -3.0000000e+00
   1.5400000e+02  -6.5795000e+00  -1.4901200e+01   1.2524300e+01  -2.0000000e+00
   1.5500000e+02  -3.0626300e+00   8.3665000e+00   4.1067100e+01   1.0000000e+00
   1.5600000e+02  -8.3224500e-01   1.4273700e+01   3.9208700e+01   1.0000000e+00
   1.5700000e+02   1.1042300e+01   6.5292500e+00   3.0476900e+01  -3.0000000e+00
   1.5800000e+02  -1.0539100e+01   3.3547300e+00   1.2246000e+01   1.0000000e+00
   1.5900000e+02   6.3519300e+00  -1.7715800e+01   5.2220700e+01  -1.0000000e+00
   1.6000000e+02  -1.4035900e+01   2.5691800e+00   1.2337500e+01   1.0000000e+00
   1.6100000e+02   4.3024800e+00  -1.7426200e+01   1.6656300e+01  -1.0000000e+00
   1.6200000e+02   5.0498700e+00  -9.3355000e+00   5.1331800e+01   2.0000000e+00
   1.6300000e+02  -4.8085700e+00  -5.9927200e+00   6.0883100e-01  -3.0000000e+00
   1.6400000e+02  -1.2732300e+01   1.3510100e+01   2.6960400e+01  -1.0000000e+00
   1.6500000e+02  -1.1868400e+01   9.4546800e+00   1.1782300e+01   1.0000000e+00
   1.6600000e+02   3.1128400e+00  -1.0088400e+01   4.7920500e+01  -3.0000000e+00
   1.6700000e+02  -1.5151400e+01  -8.6245700e-01   1.2397700e+01   1.0000000e+00
   1.6800000e+02   8.1361300e+00   1.7399600e+01   3.8519100e+01  -1.0000000e+00
   1.6900000e+02   1.0725500e+01   4.5039900e+00   5.1678000e+01   2.0000000e+00
   1.7000000e+02  -5.0706500e+00  -1.3508800e+01   1.2689600e+01   1.0000000e+00
   1.7100000e+02   1.1280200e+01   1.0558800e+01   4.4935400e+01  -3.0000000e+00
   1.7200000e+02   1.3513700e+01  -1.3803700e+01   5.0966300e+01  -1.0000000e+00
   1.7300000e+02   1.3407100e+01  -2.1987100e+00   5.1243500e+01   2.0000000e+00
   1.7400000e+02  -5.3847600e+00   7.5873500e+00   4.4007100e+01  -3.0000000e+00
   1.7500000e+02  -1.8701900e+01  -1.6222200e+00   4.0949200e+01  -1.0000000e+00
   1.7600000e+02  -7.4473700e+00   6.1182300e+00   1.0935600e+01  -3.0000000e+00
   1.7700000e+02  -1.1197900e+01  -2.1024200e+00   1.2487900e+01   1.0000000e+00
   1.7800000e+02   2.3000200e+00   7.2163200e+00   4.4209500e+01  -3.0000000e+00
   1.7900000e+02  -1.7405100e+01  -7.7010800e+00   1.2101800e+01  -1.0000000e+00
   1.8000000e+02   4.2800700e+00   7.8028500e+00   4.0111500e+01  -3.0000000e+00
   1.8100000e+02   1.8172000e+01   5.6091600e+00   5.2532800e+01  -1.0000000e+00
   1.8200000e+02  -1.6435900e+00   6.6450200e+00   4.8534900e+01  -3.0000000e+00
   1.8300000e+02  -2.3395000e+00   1.0305900e+01   3.8903100e+01   1.0000000e+00
   1.8400000e+02   4.6426000e+00   1.5044400e-01   5.1115300e+01   2.0000000e+00
   1.8500000e+02   1.3062600e-02  -3.4121200e+00   2.3458200e+01  -3.0000000e+00
   1.8600000e+02   3.6609700e+00   5.6090300e+00   4.7477200e+01  -3.0000000e+00
   1.8700000e+02   9.1009600e+00   5.8486500e+00   3.1377900e+01  -3.0000000e+00
   1.8800000e+02   1.7298200e+01  -6.6377400e-01   6.7536200e+01  -1.0000000e+00
   1.8900000e+02   1.7130700e+00   4.8393600e+00   4.7499600e+01  -3.0000000e+00
   1.9000000e+02  -1.1424800e+01  -9.5826200e+00   1.2680800e+01   1.0000000e+00
   1.9100000e+02  -6.1580100e+00  -1.6966100e+01   1.2359800e+01  -1.0000000e+00
   1.9200000e+02  -1.7574300e+01   1.7768900e+00  -2.1102600e+00  -1.0000000e+00
   1.9300000e+02  -9.0093600e+00   4.7326000e+00   1.1782300e+01   1.0000000e+00
   1.9400000e+02   1.3809100e+01  -1.1712100e+01   6.3862500e+01  -2.0000000e+00
   1.9500000e+02  -4.5905500e+00  -1.5544000e+01   1.2483100e+01  -2.0000000e+00
   1.9600000e+02  -5.9242300e+00   1.0716200e-01   1.0883800e+01  -3.0000000e+00
   1.9700000e+02  -1.3457400e+01   8.0370000e+00   1.2531700e+01   1.0000000e+00
   1.9800000e+02   1.2013300e+01   1.2531600e+01   4.1990700e+01  -2.0000000e+00
   1.9900000e+02  -2.1025700e+00   1.5904200e+01   3.9317300e+01  -2.0000000e+00
   2.0000000e+02   8.5291200e+00   1.6549400e+00   5.1504400e+01   2.0000000e+00
   2.0100000e+02   1.6253000e+01   4.7626900e+00   5.2378000e+01  -2.0000000e+00
   2.0200000e+02  -1.9957000e+00  -1.0730700e+01   1.2564100e+01   1.0000000e+00
   2.0300000e+02  -9.2196800e+00  -2.7415600e+00   1.2235500e+01   1.0000000e+00
   2.0400000e+02   8.8434600e+00   3.7004600e+00   5.2187400e+01   2.0000000e+00
   2.0500000e+02  -1.2523600e+01   3.9799700e+00   1.2649800e+01   1.0000000e+00
   2.0600000e+02   4.5579700e+00   1.3259700e+01   3.8175900e+01   1.0000000e+00
   2.0700000e+02  -7.9251000e+00   8.1287600e+00   1.2853700e+01  -3.0000000e+00
   2.0800000e+02  -9.0174100e+00  -1.2261500e+01   1.2559100e+01   1.0000000e+00
   2.0900000e+02   1.6126800e+01  -8.8765700e+00   6.6580500e+01  -1.0000000e+00
   2.1000000e+02  -1.0110900e+01  -1.5776200e+01   1.3031400e+01  -1.0000000e+00
   2.1100000e+02  -1.3854000e+01   1.0053700e+01   1.1613900e+01  -2.0000000e+00
   2.1200000e+02  -1.2934500e+01  -1.0999800e+01   1.2922900e+01  -2.0000000e+00
   2.1300000e+02   9.5293600e+00  -1.5317200e+01   3.9932200e+01  -2.0000000e+00
   2.1400000e+02  -3.3917600e+00   1.7498200e+01   3.9798700e+01  -1.0000000e+00
   2.1500000e+02  -7.0314100e+00   4.0700200e+00   1.2117500e+01  -3.0000000e+00
   2.1600000e+02  -1.6747200e+01  -2.2995900e+00   2.4414800e-01  -2.0000000e+00
   2.1700000e+02  -7.0352500e+00  -1.2880800e+01   1.2748300e+01   1.0000000e+00
   2.1800000e+02  -1.5602500e+01   1.1717800e+00   1.2500300e+01  -2.0000000e+00
   2.1900000e+02   7.9077600e+00  -1.4043800e+01   5.0707500e+01  -2.0000000e+00
   2.2000000e+02  -1.2295200e+01   1.1483100e+01   1.2000100e+01  -2.0000000e+00
   2.2100000e+02  -4.5210500e+00   1.7185000e+00   5.3028900e+01  -3.0000000e+00
   2.2200000e+02   1.4721400e+01  -5.5373900e+00   5.1860000e+01  -2.0000000e+00
   2.2300000e+02  -1.1463500e+01   7.4381600e+00   1.2013500e+01   1.0000000e+00
   2.2400000e+02   7.2315000e+00   4.9614700e+00   4.0293600e+01  -3.0000000e+00
   2.2500000e+02  -6.9350700e+00   1.3170200e+01   3.2571200e+01  -3.0000000e+00
   2.2600000e+02   1.3070700e+01  -4.2417100e+00   5.1469500e+01   2.0000000e+00
   2.2700000e+02   2.4897700e+00   1.2982000e+01   3.8407100e+01   1.0000000e+00
   2.2800000e+02   2.2426600e+00  -1.1953000e+01   2.6572800e+01  -3.0000000e+00
   2.2900000e+02  -2.5562400e+00   2.6470100e+00   5.8343600e+01  -3.0000000e+00
   2.3000000e+02   1.6690300e+01  -4.7559900e+00   6.6167800e+01  -1.0000000e+00
   2.3100000e+02   7.0696300e-01   1.8211700e+01   3.7958900e+01  -1.0000000e+00
   2.3200000e+02   1.5743500e+01  -1.0895900e+01   5.1634600e+01  -1.0000000e+00
   2.3300000e+02  -3.5968200e+00   1.1931000e+01   3.9504000e+01   1.0000000e+00
   2.3400000e+02  -5.5110300e+00  -1.1468200e+01   1.2091800e+01   1.0000000e+00
   2.3500000e+02  -1.0964300e+01  -1.1634400e+01   1.2471200e+01  -2.0000000e+00
   2.3600000e+02   2.9385400e+00  -1.9001000e+01   1.6381300e+01  -1.0000000e+00
   2.3700000e+02  -1.0745600e+00  -1.4757500e+01   1.2554600e+01   1.0000000e+00
   2.3800000e+02   7.3781200e+00   1.5491200e+01   3.8540800e+01  -2.0000000e+00
   2.3900000e+02  -8.7494800e+00   1.2193800e+01   4.1675800e+01  -3.0000000e+00
   2.4000000e+02  -5.7967300e+00   1.1449800e+01   4.0175600e+01  -3.0000000e+00
   2.4100000e+02  -5.7124500e+00  -1.9775100e+00   6.7179200e+00  -3.0000000e+00
   2.4200000e+02   8.2952200e+00  -1.1946200e+01   5.0983000e+01   2.0000000e+00
   2.4300000e+02  -4.1683800e+00  -1.7558500e+01   1.1944100e+01  -1.0000000e+00
   2.4400000e+02  -5.3761700e-01   1.9926900e+00   5.6608700e+01  -3.0000000e+00
   2.4500000e+02  -3.9562500e+00  -1.0081000e+01   1.1369600e+01   1.0000000e+00
   2.4600000e+02   7.6115900e+00  -1.6075100e+01   5.9491500e+01  -1.0000000e+00
   2.4700000e+02  -9.4515700e+00  -1.0210200e+01   1.2422000e+01   1.0000000e+00
   2.4800000e+02   5.6160800e+00   6.2370000e+00   4.4018400e+01  -3.0000000e+00
   2.4900000e+02   1.7575800e+00  -6.7497300e+00   5.2374900e+01  -3.0000000e+00
   2.5000000e+02   1.2367700e+01   3.2001300e+00   5.1915900e+01   2.0000000e+00
   2.5100000e+02   1.1544700e+01  -1.4496300e+01   6.3517500e+01  -2.0000000e+00
   2.5200000e+02   1.2083500e+01   1.1234100e+00   5.1544900e+01   2.0000000e+00
   2.5300000e+02   5.3513300e+00  -7.2976100e+00   5.1334200e+01   2.0000000e+00
   2.5400000e+02   1.5954800e+01   2.6594800e+00   5.1774900e+01  -2.0000000e+00
   2.5500000e+02   1.5333900e+01  -1.4492000e+00   5.1873800e+01  -2.0000000e+00
   2.5600000e+02  -6.3587100e+00   9.4603300e+00   3.9368500e+01  -3.0000000e+00
   2.5700000e+02   1.4816100e+01   8.1950000e+00   5.2816800e+01  -2.0000000e+00
   2.5800000e+02   1.5408300e+01   1.0168900e+01   4.9821000e+01  -1.0000000e+00
   2.5900000e+02   1.0464400e+01   2.4176600e+00   5.1907500e+01   2.0000000e+00
   2.6000000e+02   1.4475000e+01   1.3173300e+01   4.4672700e+01  -1.0000000e+00
   2.6100000e+02   1.1464700e+01  -2.9523700e+00   5.1571800e+01   2.0000000e+00
   2.6200000e+02   9.4401000e+00   1.5778600e+01   2.6713100e+01  -2.0000000e+00
   2.6300000e+02  -8.3612100e+00  -6.7735500e+00   1.2250900e+01   1.0000000e+00
   2.6400000e+02   1.1774000e+01  -9.0542100e-01   5.1432400e+01   2.0000000e+00
   2.6500000e+02  -9.6414300e+00   1.6344500e+01   2.8185900e+01  -1.0000000e+00
   2.6600000e+02  -1.0752300e+01  -4.1251600e+00   1.2311400e+01   1.0000000e+00
   2.6700000e+02  -1.2975200e+01   6.0236100e+00   1.2892200e+01   1.0000000e+00
   2.6800000e+02   2.7220700e+00  -5.8102800e-01   5.1428900e+01   2.0000000e+00
   2.6900000e+02   9.2294800e+00  -5.7664500e+00   5.1520300e+01   2.0000000e+00
   2.7000000e+02   1.2840000e+01   1.4423500e+01   2.5619600e+01  -1.0000000e+00
   2.7100000e+02  -5.2708600e+00  -3.9955600e+00   8.0581000e+00  -3.0000000e+00
   2.7200000e+02  -1.2482000e+01  -1.3032600e+01   1.2361600e+01  -1.0000000e+00
   2.7300000e+02   9.9782300e+00   1.2144000e+01   3.9079300e+01  -3.0000000e+00
   2.7400000e+02   8.7788500e+00   7.9705100e+00   2.2164500e+01  -3.0000000e+00
   2.7500000e+02  -7.5042000e+00  -1.0855400e+01   1.2355900e+01   1.0000000e+00
   2.7600000e+02  -9.8911000e+00   8.7854800e+00   1.1413200e+01   1.0000000e+00
   2.7700000e+02   9.8460500e+00  -1.6848900e+00   5.1556000e+01   2.0000000e+00
   2.7800000e+02  -1.7747700e+00  -4.6344800e+00   3.7487100e+01  -3.0000000e+00
   2.7900000e+02  -8.5547600e+00  -1.4297600e+01   1.2809200e+01  -2.0000000e+00
   2.8000000e+02  -4.5542700e-01  -9.3498900e+00   8.2838500e+00  -3.0000000e+00
   2.8100000e+02   9.8888400e+00  -1.3268700e+01   5.1584600e+01   2.0000000e+00
   2.8200000e+02   1.5004800e+01  -3.4994700e+00   5.1436000e+01  -2.0000000e+00
   2.8300000e+02  -6.3565400e+00  -7.3893800e+00   1.2241200e+01   1.0000000e+00
   2.8400000e+02  -2.8691500e+00   1.3869200e+01   3.9399800e+01   1.0000000e+00
   2.8500000e+02  -8.0860800e+00   6.7406900e-01   1.2557100e+01   1.0000000e+00
   2.8600000e+02   5.2994800e+00   4.2164400e+00   5.0493000e+01   2.0000000e+00
   2.8700000e+02  -1.0319000e+01  -6.1473200e+00   1.2127900e+01   1.0000000e+00
   2.8800000e+02   4.4152500e-01  -1.3355900e+01   1.0421000e+01   1.0000000e+00
   2.8900000e+02  -8.7837600e+00  -4.7571200e+00   1.2324800e+01   1.0000000e+00
   2.9000000e+02   1.0861600e+00   7.1990300e-01   5.1737400e+01   2.0000000e+00
   2.9100000e+02  -7.9333000e+00  -8.8001200e+00   1.2275000e+01   1.0000000e+00
   2.9200000e+02   8.2073500e+00  -3.9342800e-01   5.1295600e+01   2.0000000e+00
   2.9300000e+02   4.0042600e+00  -3.9550000e+00   5.1360000e+01   2.0000000e+00
   2.9400000e+02   6.9508300e+00  -8.5827000e+00   5.1488400e+01   2.0000000e+00
   2.9500000e+02   3.7846400e+00   1.1335600e+01   3.8248600e+01   1.0000000e+00
   2.9600000e+02  -1.3611200e+01   5.4600900e-01   1.2245600e+01   1.0000000e+00
   2.9700000e+02   2.3979000e+00  -2.6675900e+00   5.0701600e+01   2.0000000e+00
   2.9800000e+02   1.1160400e+01  -5.0129000e+00   5.1600100e+01   2.0000000e+00
   2.9900000e+02   3.7152800e+00  -5.9866100e+00   5.1672900e+01   2.0000000e+00
