   0.0000000e+00   4.9279700e+00  -1.4498800e+01  -1.0000000e+00
   1.0000000e+00   1.1175800e+01  -1.4589000e+01  -1.0000000e+00
   2.0000000e+00  -3.2723600e+00  -1.0453000e+01  -1.0000000e+00
   3.0000000e+00  -1.6396500e+00  -4.6476100e-01   1.0000000e+00
   4.0000000e+00  -1.3275400e+01  -1.3748400e+01  -1.0000000e+00
   5.0000000e+00   1.2460400e+01   1.3966500e+00   1.0000000e+00
   6.0000000e+00   5.9710200e+00  -1.7413100e+00   1.0000000e+00
   7.0000000e+00   4.0178300e+00  -9.0966200e+00  -1.0000000e+00
   8.0000000e+00  -7.0738300e+00  -3.5228600e-01   1.0000000e+00
   9.0000000e+00   2.2615000e+00   9.5699600e+00   1.0000000e+00
   1.0000000e+01  -5.3024300e+00  -1.0164000e+01  -1.0000000e+00
   1.1000000e+01  -9.8892200e+00  -5.0694600e+00   1.0000000e+00
   1.2000000e+01   1.2456500e+01  -1.2592300e+00  -1.0000000e+00
   1.3000000e+01   7.3090900e+00  -3.7004600e+00  -1.0000000e+00
   1.4000000e+01   7.1831500e+00   1.3407700e+01   1.0000000e+00
   1.5000000e+01   1.2600500e+00   4.2379300e+00   1.0000000e+00
   1.6000000e+01  -1.9904300e+00   1.6190900e+00   1.0000000e+00
   1.7000000e+01   1.2586600e+00   1.5759000e+01   1.0000000e+00
   1.8000000e+01   6.1520000e+00  -9.1232100e+00  -1.0000000e+00
   1.9000000e+01   8.8260000e+00   1.4659900e+01   1.0000000e+00
   2.0000000e+01   1.4706600e+01   1.2280000e+01   1.0000000e+00
   2.1000000e+01  -5.1422100e+00  -1.0566300e+00   1.0000000e+00
   2.2000000e+01  -1.1836900e+01  -4.3749800e+00   1.0000000e+00
   2.3000000e+01  -8.2800900e+00  -3.7521800e+00   1.0000000e+00
   2.4000000e+01   1.1403700e+01   9.7106100e+00   1.0000000e+00
   2.5000000e+01   1.0038700e+01   6.4381000e+00   1.0000000e+00
   2.6000000e+01  -1.2559300e+01  -2.6593300e-01   1.0000000e+00
   2.7000000e+01   5.0356500e+00  -1.0888300e+01  -1.0000000e+00
   2.8000000e+01   1.6608800e+01  -8.9825300e+00  -1.0000000e+00
   2.9000000e+01   1.2268700e+01  -1.2783400e+01  -1.0000000e+00
   3.0000000e+01   1.5655800e+01  -7.0984500e+00  -1.0000000e+00
   3.1000000e+01  -3.9684900e-01   2.9291800e+00   1.0000000e+00
   3.2000000e+01  -1.6557800e+01   1.1056900e+00   1.0000000e+00
   3.3000000e+01   1.5887200e+00   1.3712500e+01   1.0000000e+00
   3.4000000e+01  -7.7183800e+00  -1.3550900e+01  -1.0000000e+00
   3.5000000e+01  -5.4938100e+00   1.2595700e+01   1.0000000e+00
   3.6000000e+01   1.4409800e+01  -1.2756000e+01  -1.0000000e+00
   3.7000000e+01   1.0373400e+01   1.6028500e+01   1.0000000e+00
   3.8000000e+01  -1.5261900e+01   4.5232800e+00   1.0000000e+00
   3.9000000e+01   9.3629900e-01   6.2705800e+00   1.0000000e+00
   4.0000000e+01   9.4465100e+00   1.0545300e+01   1.0000000e+00
   4.1000000e+01   3.8680800e+00   1.0900900e+01   1.0000000e+00
   4.2000000e+01  -4.4859800e+00  -1.2115500e+01  -1.0000000e+00
   4.3000000e+01   4.0309300e-01  -1.7921600e+01  -1.0000000e+00
   4.4000000e+01   8.2363800e+00  -9.1681700e+00  -1.0000000e+00
   4.5000000e+01  -7.5104900e+00   1.3372400e+01   1.0000000e+00
   4.6000000e+01   6.5085900e+00   5.9608800e+00   1.0000000e+00
   4.7000000e+01   1.4535400e+01  -1.6825700e+00  -1.0000000e+00
   4.8000000e+01  -1.6395100e+00   1.1100900e+01   1.0000000e+00
   4.9000000e+01  -1.7061800e+01  -6.3607000e+00   1.0000000e+00
   5.0000000e+01  -1.2974100e+01   1.7969500e+00   1.0000000e+00
   5.1000000e+01  -4.5946000e+00   6.4308800e+00   1.0000000e+00
   5.2000000e+01   1.1452300e+01  -3.7556900e+00  -1.0000000e+00
   5.3000000e+01  -3.7394200e-01  -5.0256500e+00   1.0000000e+00
   5.4000000e+01   5.1892100e+00  -7.2906500e+00  -1.0000000e+00
   5.5000000e+01   1.5789800e+01   3.8966800e+00   1.0000000e+00
   5.6000000e+01   8.3927800e+00  -1.9256400e+00  -1.0000000e+00
   5.7000000e+01   1.7644300e+01   2.9687700e+00   1.0000000e+00
   5.8000000e+01   1.6017400e+00   2.1983900e+00   1.0000000e+00
   5.9000000e+01  -1.7290800e+01   5.2754900e+00   1.0000000e+00
   6.0000000e+01   4.8784700e+00   1.6340400e+01   1.0000000e+00
   6.1000000e+01  -6.5146900e+00   7.1585900e+00   1.0000000e+00
   6.2000000e+01   1.3902200e+01   4.7969400e+00   1.0000000e+00
   6.3000000e+01  -6.8303600e+00   9.2333200e+00   1.0000000e+00
   6.4000000e+01   8.3032900e+00  -5.5312600e+00  -1.0000000e+00
   6.5000000e+01  -3.8784200e+00   1.3884500e+01   1.0000000e+00
   6.6000000e+01  -1.1116200e+01   1.2793100e+01   1.0000000e+00
   6.7000000e+01   6.7845300e+00   3.9240400e+00   1.0000000e+00
   6.8000000e+01   1.3076100e+01   1.0966500e+01   1.0000000e+00
   6.9000000e+01   3.2822900e+00   1.5000300e+01   1.0000000e+00
   7.0000000e+01  -7.3309800e+00  -9.8923000e+00  -1.0000000e+00
   7.1000000e+01   9.7608500e+00   8.4948400e+00   1.0000000e+00
   7.2000000e+01   2.5649500e+00   7.5391600e+00   1.0000000e+00
   7.3000000e+01   1.7323000e+01   7.1979200e+00   1.0000000e+00
   7.4000000e+01  -1.5378700e+01  -5.0049000e+00   1.0000000e+00
   7.5000000e+01   3.6023700e+00   1.2970700e+01   1.0000000e+00
   7.6000000e+01   5.2638300e+00   1.4257400e+01   1.0000000e+00
   7.7000000e+01  -2.3402700e+00  -1.2367700e+01  -1.0000000e+00
   7.8000000e+01   1.3487200e+01  -3.4763400e+00  -1.0000000e+00
   7.9000000e+01   7.2415400e+00  -7.2990300e+00  -1.0000000e+00
   8.0000000e+01  -5.8687100e+00   1.4639000e+01   1.0000000e+00
   8.1000000e+01   1.8642100e+00   1.4178800e-01   1.0000000e+00
   8.2000000e+01  -7.1220200e+00  -1.5518800e+01  -1.0000000e+00
   8.3000000e+01   2.2394200e+00  -1.8805800e+00   1.0000000e+00
   8.4000000e+01   8.9957200e+00   1.0060100e+00   1.0000000e+00
   8.5000000e+01  -1.4719000e+01  -9.1018700e+00   1.0000000e+00
   8.6000000e+01   4.1974300e+00   8.8154600e+00   1.0000000e+00
   8.7000000e+01   1.5039600e+01   1.0132000e+01   1.0000000e+00
   8.8000000e+01   1.0322600e+01   4.3594600e+00   1.0000000e+00
   8.9000000e+01  -1.7331900e+01  -4.3061700e+00   1.0000000e+00
   9.0000000e+01   9.8627500e-01   1.7900900e+01   1.0000000e+00
   9.1000000e+01   8.0561900e+00  -1.2790900e+01  -1.0000000e+00
   9.2000000e+01   1.1948400e+01   5.6017900e+00   1.0000000e+00
   9.3000000e+01  -6.7128200e+00  -2.4085600e+00   1.0000000e+00
   9.4000000e+01   1.0413200e+01  -5.5463200e+00  -1.0000000e+00
   9.5000000e+01   1.5590500e+01  -3.4843300e+00  -1.0000000e+00
   9.6000000e+01  -1.0381100e+01   8.5880700e+00   1.0000000e+00
   9.7000000e+01   1.4540800e+01  -9.1096700e+00  -1.0000000e+00
   9.8000000e+01  -1.2222700e+01  -2.3445400e+00   1.0000000e+00
   9.9000000e+01   1.0447200e+01  -1.9250200e+00  -1.0000000e+00
   1.0000000e+02  -8.4543700e+00   7.9020700e+00   1.0000000e+00
   1.0100000e+02   1.3603600e+01  -7.2809000e+00  -1.0000000e+00
   1.0200000e+02   7.6124600e-01  -3.3111100e+00   1.0000000e+00
   1.0300000e+02   2.9213900e+00  -1.0835500e+01  -1.0000000e+00
   1.0400000e+02   1.0137000e+01  -1.2824800e+01  -1.0000000e+00
   1.0500000e+02  -1.4028200e+01   7.9419700e+00   1.0000000e+00
   1.0600000e+02  -1.2666600e+01   1.1320600e+01   1.0000000e+00
   1.0700000e+02  -6.1683000e+00  -1.7369700e+01  -1.0000000e+00
   1.0800000e+02  -7.9459700e+00  -5.7988800e+00   1.0000000e+00
   1.0900000e+02   1.7689900e+01  -3.3562700e+00  -1.0000000e+00
   1.1000000e+02  -6.5758800e+00  -1.1820000e+01  -1.0000000e+00
   1.1100000e+02  -5.1173500e-01  -1.6057200e+01  -1.0000000e+00
   1.1200000e+02  -1.5570500e+01  -1.1035300e+01   1.0000000e+00
   1.1300000e+02  -6.6890500e-01   4.9866100e+00   1.0000000e+00
   1.1400000e+02  -2.6391000e+00   1.7223100e+01   1.0000000e+00
   1.1500000e+02  -1.2431700e+00  -2.7079700e+00   1.0000000e+00
   1.1600000e+02  -1.3310400e+01   3.8430400e+00   1.0000000e+00
   1.1700000e+02   6.5488600e+00   1.7568500e+01   1.0000000e+00
   1.1800000e+02  -9.0259700e+00   3.4674800e-01   1.0000000e+00
   1.1900000e+02   7.3120700e+00  -1.7057400e-01   1.0000000e+00
   1.2000000e+02  -3.2246300e-02   1.2430400e+01   1.0000000e+00
   1.2100000e+02   1.8041700e+01  -1.2971100e+00  -1.0000000e+00
   1.2200000e+02  -5.7983400e-02   8.6929200e-01   1.0000000e+00
   1.2300000e+02  -4.7191100e+00  -8.1521500e+00  -1.0000000e+00
   1.2400000e+02   7.4759500e+00   1.1316900e+01   1.0000000e+00
   1.2500000e+02  -9.4623500e+00   1.4081700e+01   1.0000000e+00
   1.2600000e+02  -9.5350500e+00  -7.1068200e+00   1.0000000e+00
   1.2700000e+02   1.7386200e+00  -1.6192100e+01  -1.0000000e+00
   1.2800000e+02  -1.5763200e+01  -2.9527300e+00   1.0000000e+00
   1.2900000e+02  -5.8443300e+00   3.0594800e+00   1.0000000e+00
   1.3000000e+02   4.5069100e+00   6.7644900e+00   1.0000000e+00
   1.3100000e+02   1.7868700e+00  -1.2561900e+01  -1.0000000e+00
   1.3200000e+02   8.4197800e+00   5.1681700e+00   1.0000000e+00
   1.3300000e+02   1.2778200e+01   1.3027300e+01   1.0000000e+00
   1.3400000e+02   1.1727900e+01   7.6571400e+00   1.0000000e+00
   1.3500000e+02   8.0274300e-01  -1.4360200e+01  -1.0000000e+00
   1.3600000e+02  -3.5901500e+00   1.1814900e+01   1.0000000e+00
   1.3700000e+02  -1.1675600e+01  -1.2391100e+01  -1.0000000e+00
   1.3800000e+02   7.0893400e+00  -1.0952900e+01  -1.0000000e+00
   1.3900000e+02  -1.2236600e+00  -1.0634800e+01  -1.0000000e+00
   1.4000000e+02  -1.1292000e+01  -1.4480500e+01  -1.0000000e+00
   1.4100000e+02  -3.1454500e+00  -1.8675200e+00   1.0000000e+00
   1.4200000e+02   7.0504500e+00   1.8725800e+00   1.0000000e+00
   1.4300000e+02  -7.4393600e+00   1.6904500e+00   1.0000000e+00
   1.4400000e+02  -1.2761700e+01  -9.7913200e+00   1.0000000e+00
   1.4500000e+02   4.8452300e+00   4.7352000e+00   1.0000000e+00
   1.4600000e+02   6.9117400e+00   1.5525300e+01   1.0000000e+00
   1.4700000e+02  -9.1678000e+00  -1.5235000e+01  -1.0000000e+00
   1.4800000e+02   1.3373400e+01   8.9331300e+00   1.0000000e+00
   1.4900000e+02  -9.7441700e+00   1.6191500e+01   1.0000000e+00
   1.5000000e+02   1.5503200e+01  -1.0968100e+01  -1.0000000e+00
   1.5100000e+02  -1.4527800e+01   4.5677200e-01   1.0000000e+00
   1.5200000e+02   1.5990800e+01   1.6816500e+00  -1.0000000e+00
   1.5300000e+02   3.1713600e+00  -3.7162400e+00   1.0000000e+00
   1.5400000e+02  -4.7790600e+00  -3.1291600e+00   1.0000000e+00
   1.5500000e+02   1.3620600e+01   6.8463800e+00   1.0000000e+00
   1.5600000e+02  -1.1185900e+01  -8.4311100e+00   1.0000000e+00
   1.5700000e+02   5.9529900e+00  -1.2723200e+01  -1.0000000e+00
   1.5800000e+02  -4.4063200e+00  -5.1719700e+00   1.0000000e+00
   1.5900000e+02  -1.6098900e+01  -9.0413200e-01   1.0000000e+00
   1.6000000e+02   5.1357200e+00   2.6979800e+00   1.0000000e+00
   1.6100000e+02  -1.0074500e+01   6.5258400e+00   1.0000000e+00
   1.6200000e+02   8.6950500e+00   3.0971200e+00   1.0000000e+00
   1.6300000e+02   2.8733600e+00  -1.4455800e+01  -1.0000000e+00
   1.6400000e+02  -1.0729500e+01   1.0637200e+01   1.0000000e+00
   1.6500000e+02  -8.9039600e+00  -1.1229400e+01  -1.0000000e+00
   1.6600000e+02   1.2391600e+01   1.5078600e+01   1.0000000e+00
   1.6700000e+02  -1.3637100e+01   5.8724900e+00   1.0000000e+00
   1.6800000e+02  -2.9398400e+00   7.7360300e+00   1.0000000e+00
   1.6900000e+02   4.1995400e+00  -5.4855800e+00  -1.0000000e+00
   1.7000000e+02   1.5290900e+01   8.0633900e+00   1.0000000e+00
   1.7100000e+02  -8.6622000e+00  -1.6991900e+00   1.0000000e+00
   1.7200000e+02   6.1206500e-01   8.3012400e+00   1.0000000e+00
   1.7300000e+02  -3.5286700e+00  -1.4049100e+01  -1.0000000e+00
   1.7400000e+02   9.2961000e+00  -7.3314300e+00  -1.0000000e+00
   1.7500000e+02  -5.9953900e+00  -6.5425000e+00   1.0000000e+00
   1.7600000e+02  -9.3900400e+00   2.4265800e+00   1.0000000e+00
   1.7700000e+02  -7.1513200e+00   1.1282400e+01   1.0000000e+00
   1.7800000e+02  -2.4398100e+00  -4.6008800e+00   1.0000000e+00
   1.7900000e+02   1.0727400e+01   1.3848600e+01   1.0000000e+00
   1.8000000e+02  -6.2058000e+00   1.6700600e+01   1.0000000e+00
   1.8100000e+02  -3.5571800e+00   2.8637800e-01   1.0000000e+00
   1.8200000e+02  -9.1293800e+00   1.1979000e+01   1.0000000e+00
   1.8300000e+02  -1.1359800e+01   3.0911600e+00   1.0000000e+00
   1.8400000e+02   1.2479400e+01  -5.5498700e+00  -1.0000000e+00
   1.8500000e+02  -6.6515500e-01   1.6557600e+01   1.0000000e+00
   1.8600000e+02  -1.9642400e+00   1.3138200e+01   1.0000000e+00
   1.8700000e+02   1.3349600e+01  -1.4541400e+01  -1.0000000e+00
   1.8800000e+02   7.8300900e+00   9.2598800e+00   1.0000000e+00
   1.8900000e+02  -1.6892600e+00  -1.7827300e+01  -1.0000000e+00
   1.9000000e+02   8.1259100e+00   7.2364100e+00   1.0000000e+00
   1.9100000e+02   1.3417100e+01  -1.0939600e+01  -1.0000000e+00
   1.9200000e+02   1.0526400e+00  -7.1010400e+00  -1.0000000e+00
   1.9300000e+02  -2.9949800e+00  -1.9440800e+01  -1.0000000e+00
   1.9400000e+02   1.0836700e+01   1.2064600e-01   1.0000000e+00
   1.9500000e+02   9.3823100e+00  -3.7404300e+00  -1.0000000e+00
   1.9600000e+02   1.4274700e+01   3.6843200e-01  -1.0000000e+00
   1.9700000e+02  -7.7858200e+00   3.7266100e+00   1.0000000e+00
   1.9800000e+02  -2.1600600e+00  -8.6897200e+00  -1.0000000e+00
   1.9900000e+02  -9.7274100e+00  -1.3119600e+01  -1.0000000e+00
   2.0000000e+02   1.6652700e+01  -5.2523800e+00  -1.0000000e+00
   2.0100000e+02   3.2197100e+00   3.4798300e+00   1.0000000e+00
   2.0200000e+02  -7.8231300e+00   1.5410200e+01   1.0000000e+00
   2.0300000e+02   1.7536100e+01   5.0518100e+00   1.0000000e+00
   2.0400000e+02  -1.4266800e+01   1.0005000e+01   1.0000000e+00
   2.0500000e+02   2.5655200e+00  -1.8076300e+01  -1.0000000e+00
   2.0600000e+02  -1.2331600e+01   9.2762100e+00   1.0000000e+00
   2.0700000e+02  -5.4959700e+00   9.8961000e-01   1.0000000e+00
   2.0800000e+02  -1.0123100e+00   7.0095600e+00   1.0000000e+00
   2.0900000e+02   1.4099300e+01   2.6543300e+00   1.0000000e+00
   2.1000000e+02  -1.0981100e+01   1.0597100e+00   1.0000000e+00
   2.1100000e+02   1.7902400e+01   8.0440400e-01  -1.0000000e+00
   2.1200000e+02   1.9548600e+00   1.1657900e+01   1.0000000e+00
   2.1300000e+02  -1.0590900e+01  -9.9044100e-01   1.0000000e+00
   2.1400000e+02  -7.5973100e+00  -7.8315500e+00   1.0000000e+00
   2.1500000e+02  -1.4587800e+00  -1.4231600e+01  -1.0000000e+00
   2.1600000e+02   6.2022900e+00   7.9988400e+00   1.0000000e+00
   2.1700000e+02   8.0030700e+00  -1.6391800e+01  -1.0000000e+00
   2.1800000e+02   1.7003800e+00  -5.1534500e+00  -1.0000000e+00
   2.1900000e+02  -2.3230900e+00   3.6497600e+00   1.0000000e+00
   2.2000000e+02  -4.2330500e+00   1.5923600e+01   1.0000000e+00
   2.2100000e+02  -1.2030600e+01   7.2401500e+00   1.0000000e+00
   2.2200000e+02   3.0963100e+00  -7.2274200e+00  -1.0000000e+00
   2.2300000e+02  -1.1434800e+01   1.4849500e+01   1.0000000e+00
   2.2400000e+02   9.2605600e+00  -1.0952400e+01  -1.0000000e+00
   2.2500000e+02  -8.7784500e+00   9.9366000e+00   1.0000000e+00
   2.2600000e+02  -1.6686900e+01  -8.4324700e+00   1.0000000e+00
   2.2700000e+02   3.5019400e+00   1.3893700e+00   1.0000000e+00
   2.2800000e+02   1.1116100e+01   1.1784900e+01   1.0000000e+00
   2.2900000e+02  -1.4912200e+01   2.4832200e+00   1.0000000e+00
   2.3000000e+02   5.4182600e+00   6.1763300e-01   1.0000000e+00
   2.3100000e+02  -1.0260800e+00  -6.9730500e+00  -1.0000000e+00
   2.3200000e+02   1.2235400e+01   3.5426600e+00   1.0000000e+00
   2.3300000e+02  -1.8847900e+01   3.8823900e+00   1.0000000e+00
   2.3400000e+02   7.0227900e+00  -1.4574500e+01  -1.0000000e+00
   2.3500000e+02   1.1310800e+01  -1.0953900e+01  -1.0000000e+00
   2.3600000e+02  -1.4173100e+01  -1.5995100e+00   1.0000000e+00
   2.3700000e+02   1.6196800e+01  -3.7367400e-01  -1.0000000e+00
   2.3800000e+02   5.5787800e+00   1.2131500e+01   1.0000000e+00
   2.3900000e+02  -5.6826500e+00  -1.3821900e+01  -1.0000000e+00
   2.4000000e+02  -1.5960100e+01   8.8343200e+00   1.0000000e+00
   2.4100000e+02  -2.7000800e-01  -1.2545600e+01  -1.0000000e+00
   2.4200000e+02  -3.8936500e+00  -1.7558400e+01  -1.0000000e+00
   2.4300000e+02  -3.9211500e+00   2.3403500e+00   1.0000000e+00
   2.4400000e+02  -1.3819300e+01  -3.6497000e+00   1.0000000e+00
   2.4500000e+02  -2.2801700e+00   1.5192900e+01   1.0000000e+00
   2.4600000e+02  -1.7705100e+01  -2.2300900e+00   1.0000000e+00
   2.4700000e+02   2.8711800e+00   5.4982400e+00   1.0000000e+00
   2.4800000e+02  -1.8177600e+01  -1.9839200e-01   1.0000000e+00
   2.4900000e+02   1.0349900e+01  -9.1294200e+00  -1.0000000e+00
   2.5000000e+02   5.2171800e+00  -3.7020900e+00  -1.0000000e+00
   2.5100000e+02   3.8896900e+00  -1.2653100e+01  -1.0000000e+00
   2.5200000e+02  -1.8566300e+01   1.8239100e+00   1.0000000e+00
   2.5300000e+02  -5.2331500e+00   1.0535300e+01   1.0000000e+00
   2.5400000e+02  -3.4301000e-01   1.4460600e+01   1.0000000e+00
   2.5500000e+02  -4.8044900e+00  -1.5722600e+01  -1.0000000e+00
   2.5600000e+02  -1.5608400e+01   6.6245900e+00   1.0000000e+00
   2.5700000e+02  -8.1337100e+00   5.8453200e+00   1.0000000e+00
   2.5800000e+02  -1.3127000e+01  -7.7453800e+00   1.0000000e+00
   2.5900000e+02   3.0150300e-01   1.0370400e+01   1.0000000e+00
   2.6000000e+02   5.8302200e+00   1.0063800e+01   1.0000000e+00
   2.6100000e+02  -4.2469300e+00   4.3860200e+00   1.0000000e+00
   2.6200000e+02   9.0890000e+00   1.2608800e+01   1.0000000e+00
   2.6300000e+02  -1.1705300e+01   5.1687300e+00   1.0000000e+00
   2.6400000e+02  -9.2560900e+00  -9.1599000e+00   1.0000000e+00
   2.6500000e+02   4.0501800e+00  -9.0721900e-01   1.0000000e+00
   2.6600000e+02  -1.3609900e+01  -1.1684300e+01  -1.0000000e+00
   2.6700000e+02  -1.1494200e+01  -6.4001900e+00   1.0000000e+00
   2.6800000e+02  -1.3246000e+01   1.3330200e+01   1.0000000e+00
   2.6900000e+02  -2.6301500e+00  -1.5914300e+01  -1.0000000e+00
   2.7000000e+02  -1.0232700e+01  -3.0290100e+00   1.0000000e+00
   2.7100000e+02  -1.3427900e+01  -5.7150200e+00   1.0000000e+00
   2.7200000e+02  -9.4286300e-02  -8.8322800e+00  -1.0000000e+00
   2.7300000e+02  -3.2866500e+00   9.7814300e+00   1.0000000e+00
   2.7400000e+02   2.8927900e+00   1.7017900e+01   1.0000000e+00
   2.7500000e+02  -4.8966700e+00   8.4691800e+00   1.0000000e+00
   2.7600000e+02   4.7052200e+00  -1.8186400e+01  -1.0000000e+00
   2.7700000e+02   2.7960500e-01  -1.2324600e+00   1.0000000e+00
   2.7800000e+02   1.1389400e+01  -7.3593900e+00  -1.0000000e+00
   2.7900000e+02  -6.3432300e+00  -4.4719300e+00   1.0000000e+00
   2.8000000e+02  -1.5127500e+01  -7.0498200e+00   1.0000000e+00
   2.8100000e+02  -4.5870300e+00   1.8006300e+01   1.0000000e+00
   2.8200000e+02   8.5600800e-01  -1.0708200e+01  -1.0000000e+00
   2.8300000e+02  -1.6862800e+01   3.1831000e+00   1.0000000e+00
   2.8400000e+02   1.0598600e+01   2.2973800e+00   1.0000000e+00
   2.8500000e+02   1.5639100e+01   6.0085700e+00   1.0000000e+00
   2.8600000e+02   1.2417600e+01  -9.1369400e+00  -1.0000000e+00
   2.8700000e+02  -1.0831900e+01  -1.0507800e+01  -1.0000000e+00
   2.8800000e+02   1.9629000e+00  -8.9414800e+00  -1.0000000e+00
   2.8900000e+02   5.9354000e+00  -1.6367200e+01  -1.0000000e+00
   2.9000000e+02   6.2474700e+00  -5.5008100e+00  -1.0000000e+00
   2.9100000e+02  -2.6063000e+00   5.6996800e+00   1.0000000e+00
   2.9200000e+02  -9.7565200e+00   4.4468000e+00   1.0000000e+00
   2.9300000e+02  -3.1115900e+00  -6.8408700e+00  -1.0000000e+00
   2.9400000e+02   4.5094800e+00   1.8380100e+01   1.0000000e+00
   2.9500000e+02  -6.2091500e+00   5.1331100e+00   1.0000000e+00
   2.9600000e+02   3.8124000e+00  -1.6287900e+01  -1.0000000e+00
   2.9700000e+02  -1.3404600e+00   9.0551100e+00   1.0000000e+00
   2.9800000e+02   1.4571300e+01  -5.3436800e+00  -1.0000000e+00
   2.9900000e+02   9.0980900e+00  -1.4605500e+01  -1.0000000e+00
