   0.0000000e+00   1.3671200e+01   2.3128300e+00  -1.0000000e+00
   1.0000000e+00  -1.4806900e+01   5.6149700e+00   1.0000000e+00
   2.0000000e+00   2.1734200e+00  -4.9622900e+00  -1.0000000e+00
   3.0000000e+00   1.2851800e+01   9.8203700e+00  -1.0000000e+00
   4.0000000e+00   1.6245700e+01   1.0992800e+01  -1.0000000e+00
   5.0000000e+00   1.0155400e+01   6.5776100e+00  -1.0000000e+00
   6.0000000e+00  -5.7737000e-01   3.8073400e+00   1.0000000e+00
   7.0000000e+00   2.8018000e-01  -3.5969100e+00   1.0000000e+00
   8.0000000e+00  -7.2858300e+00  -6.8740400e+00   1.0000000e+00
   9.0000000e+00  -6.8045400e+00  -2.7475400e+00   1.0000000e+00
   1.0000000e+01   1.3548600e+01  -1.4270200e+01  -1.0000000e+00
   1.1000000e+01  -1.8725200e+01   3.9909400e+00   1.0000000e+00
   1.2000000e+01  -1.0694000e+01   9.2816800e+00   1.0000000e+00
   1.3000000e+01  -1.7058000e+01   2.7029100e+00   1.0000000e+00
   1.4000000e+01   2.6208800e+00   1.1639300e+01  -1.0000000e+00
   1.5000000e+01  -9.6663200e+00  -1.3938200e+01   1.0000000e+00
   1.6000000e+01  -9.3541300e+00   5.9638200e+00   1.0000000e+00
   1.7000000e+01   2.2107700e+00  -2.8623600e+00  -1.0000000e+00
   1.8000000e+01   1.4971600e+01  -7.1960500e+00  -1.0000000e+00
   1.9000000e+01   1.2283600e+01  -4.8139700e+00  -1.0000000e+00
   2.0000000e+01  -3.0154900e+00  -1.1151300e+00   1.0000000e+00
   2.1000000e+01  -3.4980300e+00  -5.2148600e+00   1.0000000e+00
   2.2000000e+01  -1.4307600e+01   9.7514500e+00   1.0000000e+00
   2.3000000e+01  -5.8479500e+00  -1.2269300e+01   1.0000000e+00
   2.4000000e+01   1.5800700e+01  -3.5908500e+00  -1.0000000e+00
   2.5000000e+01  -5.4920400e+00  -1.6388400e+01   1.0000000e+00
   2.6000000e+01  -1.5859200e+01  -2.7398700e+00   1.0000000e+00
   2.7000000e+01   1.1683700e+01  -2.8174000e+00  -1.0000000e+00
   2.8000000e+01  -4.9220700e+00  -1.9196500e+00   1.0000000e+00
   2.9000000e+01   2.0304300e+00   8.0580400e+00  -1.0000000e+00
   3.0000000e+01  -1.2247700e+00  -1.8585700e+01  -1.0000000e+00
   3.1000000e+01  -4.6509600e+00   1.2199100e-01   1.0000000e+00
   3.2000000e+01  -4.1087800e+00   1.7912900e+01   1.0000000e+00
   3.3000000e+01   4.2491800e-01  -1.7098000e+01  -1.0000000e+00
   3.4000000e+01  -5.2341100e+00   9.6195900e+00   1.0000000e+00
   3.5000000e+01  -7.0615400e+00  -4.8261600e+00   1.0000000e+00
   3.6000000e+01   9.6525300e+00  -2.4461100e+00  -1.0000000e+00
   3.7000000e+01   8.2571500e+00  -4.0301000e+00  -1.0000000e+00
   3.8000000e+01  -1.3736100e+01   1.6465300e-01   1.0000000e+00
   3.9000000e+01   7.9015500e+00  -1.5078800e+01  -1.0000000e+00
   4.0000000e+01   8.7029100e+00  -1.1532400e+01  -1.0000000e+00
   4.1000000e+01   1.7130400e+01  -2.0043700e+00  -1.0000000e+00
   4.2000000e+01   4.7678900e+00  -1.8139600e+01  -1.0000000e+00
   4.3000000e+01  -1.3484600e+00   1.1189800e+01   1.0000000e+00
   4.4000000e+01   4.7688900e+00   5.7311500e+00  -1.0000000e+00
   4.5000000e+01   5.5435900e+00  -1.6601000e+00  -1.0000000e+00
   4.6000000e+01  -8.6945600e+00  -3.5598500e+00   1.0000000e+00
   4.7000000e+01   6.2694400e+00  -1.6733600e+01  -1.0000000e+00
   4.8000000e+01   1.5087600e+01  -1.5999200e+00  -1.0000000e+00
   4.9000000e+01  -3.6164400e+00   8.3660000e+00   1.0000000e+00
   5.0000000e+01  -3.8891100e+00  -9.3091200e+00   1.0000000e+00
   5.1000000e+01   7.5105300e+00  -7.5715400e+00  -1.0000000e+00
   5.2000000e+01  -1.1934100e+01   1.4893900e+01   1.0000000e+00
   5.3000000e+01  -9.8686500e+00   1.8056700e+00   1.0000000e+00
   5.4000000e+01   1.8772300e+00   1.3559100e+01   1.0000000e+00
   5.5000000e+01   6.8556000e+00  -5.5646700e+00  -1.0000000e+00
   5.6000000e+01   1.2765300e+01  -1.2343800e+01  -1.0000000e+00
   5.7000000e+01  -1.0983700e+01   7.2187200e+00   1.0000000e+00
   5.8000000e+01  -1.1455900e+01  -1.2655700e+01   1.0000000e+00
   5.9000000e+01  -1.4171500e+00  -1.0565200e+01   1.0000000e+00
   6.0000000e+01   2.8957300e+00   1.8110500e+01   1.0000000e+00
   6.1000000e+01   5.6431900e-01   1.2000700e+01   1.0000000e+00
   6.2000000e+01  -1.7364300e+01   6.7397100e-01   1.0000000e+00
   6.3000000e+01   4.4704600e+00   1.6768700e+01  -1.0000000e+00
   6.4000000e+01   1.8447500e+01  -4.0527300e-01  -1.0000000e+00
   6.5000000e+01  -7.1513900e+00   8.8389600e+00   1.0000000e+00
   6.6000000e+01  -7.7264700e+00   4.7054100e+00   1.0000000e+00
   6.7000000e+01  -1.0409500e+01   1.1412700e+01   1.0000000e+00
   6.8000000e+01  -3.6187400e+00  -7.2588900e+00   1.0000000e+00
   6.9000000e+01   6.2092300e-01  -1.5326600e+00   1.0000000e+00
   7.0000000e+01   1.6372000e+01  -5.5653300e+00  -1.0000000e+00
   7.1000000e+01   2.8548500e+00   6.5353200e-01  -1.0000000e+00
   7.2000000e+01  -8.5781400e-01   1.7553900e+00   1.0000000e+00
   7.3000000e+01   3.3763700e+00  -6.6460300e+00  -1.0000000e+00
   7.4000000e+01  -3.3092000e+00   1.0429900e+01   1.0000000e+00
   7.5000000e+01   1.1566300e+01  -8.4112000e+00  -1.0000000e+00
   7.6000000e+01   1.7815800e+01   1.6154200e+00  -1.0000000e+00
   7.7000000e+01   1.6033300e+00   1.6464300e+01   1.0000000e+00
   7.8000000e+01   1.4195300e+01   1.1398600e+01  -1.0000000e+00
   7.9000000e+01  -1.1537500e+01   3.0250200e+00   1.0000000e+00
   8.0000000e+01  -5.5699300e+00  -8.0893000e+00   1.0000000e+00
   8.1000000e+01  -1.7576000e+01  -1.4730700e+00   1.0000000e+00
   8.2000000e+01   1.1375400e+01   1.3665100e+01  -1.0000000e+00
   8.3000000e+01  -1.3978600e+01  -1.9081800e+00   1.0000000e+00
   8.4000000e+01  -1.7866200e+01  -3.5577000e+00   1.0000000e+00
   8.5000000e+01  -6.3164900e+00   1.5004400e+01   1.0000000e+00
   8.6000000e+01   3.1897800e+00  -1.2126400e+01  -1.0000000e+00
   8.7000000e+01  -7.8119100e+00  -1.3054000e+01   1.0000000e+00
   8.8000000e+01   1.3587000e+01  -8.8624200e+00  -1.0000000e+00
   8.9000000e+01   6.0727400e+00  -9.1134200e+00  -1.0000000e+00
   9.0000000e+01   8.2270800e+00   1.4500300e+00  -1.0000000e+00
   9.1000000e+01  -1.3960700e+01   1.1808100e+01   1.0000000e+00
   9.2000000e+01   1.6231900e+01  -1.1272900e+01  -1.0000000e+00
   9.3000000e+01  -1.2270700e+01  -3.1584700e+00   1.0000000e+00
   9.4000000e+01  -9.6065200e+00   3.8428300e+00   1.0000000e+00
   9.5000000e+01  -1.1260300e+01  -1.0588000e+01   1.0000000e+00
   9.6000000e+01   1.6428700e+01   5.5768300e-03  -1.0000000e+00
   9.7000000e+01   8.7508500e+00   1.0492700e+01  -1.0000000e+00
   9.8000000e+01   1.7063300e+01   3.5873500e+00  -1.0000000e+00
   9.9000000e+01   3.2030900e+00   1.5144200e+01  -1.0000000e+00
   1.0000000e+02  -9.9236100e+00   1.5556800e+01   1.0000000e+00
   1.0100000e+02  -1.1807500e+01   9.7712900e-01   1.0000000e+00
   1.0200000e+02   5.3721800e+00   9.3131800e+00  -1.0000000e+00
   1.0300000e+02  -1.6153100e+01  -4.7814200e+00   1.0000000e+00
   1.0400000e+02  -9.0574600e+00   8.0324900e+00   1.0000000e+00
   1.0500000e+02  -1.2508300e+01  -5.2240000e+00   1.0000000e+00
   1.0600000e+02  -7.9570600e+00   1.6314800e+01   1.0000000e+00
   1.0700000e+02   9.9119600e+00  -1.5563000e+01  -1.0000000e+00
   1.0800000e+02   1.3769800e+01  -3.2317800e+00  -1.0000000e+00
   1.0900000e+02  -1.1260300e+01   5.1247300e+00   1.0000000e+00
   1.1000000e+02  -8.7857300e+00   1.0150800e+01   1.0000000e+00
   1.1100000e+02   1.3603800e+01   7.8191800e+00  -1.0000000e+00
   1.1200000e+02  -1.0733300e+00   1.3230900e+01   1.0000000e+00
   1.1300000e+02   4.0710600e+00  -8.6326900e+00  -1.0000000e+00
   1.1400000e+02   4.2285900e+00  -3.2283600e+00  -1.0000000e+00
   1.1500000e+02   1.1681700e+00  -1.1620600e+01  -1.0000000e+00
   1.1600000e+02  -1.2883200e+01   6.4103800e+00   1.0000000e+00
   1.1700000e+02  -8.2273400e+00   5.7269400e-01   1.0000000e+00
   1.1800000e+02  -7.4330700e+00   6.7834300e+00   1.0000000e+00
   1.1900000e+02  -8.4873600e+00  -1.5182500e+00   1.0000000e+00
   1.2000000e+02  -2.2761600e-02   7.9153500e+00   1.0000000e+00
   1.2100000e+02  -1.2756700e+01  -7.3061300e+00   1.0000000e+00
   1.2200000e+02  -5.5244800e+00   7.5796200e+00   1.0000000e+00
   1.2300000e+02  -1.9588900e+00  -8.5750300e+00   1.0000000e+00
   1.2400000e+02   2.2002900e+00  -1.5623000e+01  -1.0000000e+00
   1.2500000e+02  -1.6353200e+00  -1.6551900e+01   1.0000000e+00
   1.2600000e+02   2.3509000e-01   1.4846900e+01   1.0000000e+00
   1.2700000e+02   8.1274200e+00   6.9960500e+00  -1.0000000e+00
   1.2800000e+02  -1.3433300e+01   2.2406100e+00   1.0000000e+00
   1.2900000e+02  -2.7586500e+00   9.3437100e-01   1.0000000e+00
   1.3000000e+02   9.3114000e+00   1.4116200e+01  -1.0000000e+00
   1.3100000e+02  -4.0083500e+00  -1.1362400e+01   1.0000000e+00
   1.3200000e+02  -1.3165700e+01  -1.1429000e+01   1.0000000e+00
   1.3300000e+02  -1.4916400e+01  -1.0212200e+01   1.0000000e+00
   1.3400000e+02   6.0881100e+00   7.3028900e+00  -1.0000000e+00
   1.3500000e+02  -1.5905000e+01   1.1085800e+01   1.0000000e+00
   1.3600000e+02  -1.2995200e+01  -9.3665900e+00   1.0000000e+00
   1.3700000e+02   1.5714800e+01   7.5368600e+00  -1.0000000e+00
   1.3800000e+02  -3.7949600e+00  -1.7634100e+01   1.0000000e+00
   1.3900000e+02  -7.4065800e+00  -1.7150400e+01   1.0000000e+00
   1.4000000e+02  -9.1593900e+00  -7.7145400e+00   1.0000000e+00
   1.4100000e+02   1.8076100e+00   2.4424000e+00  -1.0000000e+00
   1.4200000e+02  -1.3147000e+01   4.3044000e+00   1.0000000e+00
   1.4300000e+02   1.0147300e+01  -9.9543200e+00  -1.0000000e+00
   1.4400000e+02   6.2060400e+00   1.8459800e+00  -1.0000000e+00
   1.4500000e+02   1.8495600e+01   5.1477400e+00  -1.0000000e+00
   1.4600000e+02  -8.2587000e+00   1.4283000e+01   1.0000000e+00
   1.4700000e+02  -1.0849000e+01  -6.4747600e+00   1.0000000e+00
   1.4800000e+02  -5.7732300e+00  -1.0145200e+01   1.0000000e+00
   1.4900000e+02   1.4196800e+01  -1.0843400e+01  -1.0000000e+00
   1.5000000e+02   1.2295100e+01   6.2166000e+00  -1.0000000e+00
   1.5100000e+02   1.9148000e-01  -5.6629200e+00  -1.0000000e+00
   1.5200000e+02  -3.0105400e+00   1.2473100e+01   1.0000000e+00
   1.5300000e+02  -1.6449600e+01   6.8475600e+00   1.0000000e+00
   1.5400000e+02   1.0299500e+01   1.0817000e+00  -1.0000000e+00
   1.5500000e+02   1.5021600e+01   3.9241300e+00  -1.0000000e+00
   1.5600000e+02   1.2117300e+01   1.1747900e+01  -1.0000000e+00
   1.5700000e+02   7.7915100e-01   9.9171600e+00   1.0000000e+00
   1.5800000e+02   4.6148200e+00  -1.0636500e+01  -1.0000000e+00
   1.5900000e+02  -4.6649100e+00   1.3729400e+01   1.0000000e+00
   1.6000000e+02   9.5492600e+00  -7.9679700e+00  -1.0000000e+00
   1.6100000e+02   2.6800100e+00   6.0662500e+00  -1.0000000e+00
   1.6200000e+02  -4.9434200e+00   1.1679600e+01   1.0000000e+00
   1.6300000e+02  -4.4026000e+00   1.5801300e+01   1.0000000e+00
   1.6400000e+02   4.8769500e+00   2.8246900e-01  -1.0000000e+00
   1.6500000e+02  -5.3817700e+00  -6.0482200e+00   1.0000000e+00
   1.6600000e+02   9.5864100e+00   3.0133200e+00  -1.0000000e+00
   1.6700000e+02  -4.4000700e+00   2.1778100e+00   1.0000000e+00
   1.6800000e+02   1.4893600e+01   9.4273100e+00  -1.0000000e+00
   1.6900000e+02  -1.0627800e+01  -4.3993900e+00   1.0000000e+00
   1.7000000e+02   3.4155900e+00   4.1415100e+00  -1.0000000e+00
   1.7100000e+02  -5.7929100e+00   5.4996300e+00   1.0000000e+00
   1.7200000e+02   1.7114300e+00  -1.3602000e+01  -1.0000000e+00
   1.7300000e+02  -2.4992800e+00   3.0067500e+00   1.0000000e+00
   1.7400000e+02  -1.2302000e+01   1.0562900e+01   1.0000000e+00
   1.7500000e+02   1.3502000e+01   1.3347600e+01  -1.0000000e+00
   1.7600000e+02   1.1646400e+01   2.6795700e+00  -1.0000000e+00
   1.7700000e+02  -4.6196400e-01   1.6803200e+01   1.0000000e+00
   1.7800000e+02  -1.0164300e+01   1.3475200e+01   1.0000000e+00
   1.7900000e+02   4.8283000e+00  -5.1888100e+00  -1.0000000e+00
   1.8000000e+02  -5.1660800e+00  -4.0050600e+00   1.0000000e+00
   1.8100000e+02  -1.0864300e+00  -2.8935200e-01   1.0000000e+00
   1.8200000e+02  -3.2949200e+00  -3.1743100e+00   1.0000000e+00
   1.8300000e+02  -1.4547300e+01   7.6886700e+00   1.0000000e+00
   1.8400000e+02   1.0674200e+01   1.5665300e+01  -1.0000000e+00
   1.8500000e+02   5.5373500e+00   3.7933300e+00  -1.0000000e+00
   1.8600000e+02  -8.9670600e+00  -5.6498900e+00   1.0000000e+00
   1.8700000e+02   9.5020200e+00   8.5401300e+00  -1.0000000e+00
   1.8800000e+02  -1.6985800e+00  -6.4848500e+00   1.0000000e+00
   1.8900000e+02   1.2687900e+01   1.5246500e+01  -1.0000000e+00
   1.9000000e+02   4.1644300e+00   2.2408600e+00  -1.0000000e+00
   1.9100000e+02   5.2532400e+00   1.4844700e+01  -1.0000000e+00
   1.9200000e+02   8.0598500e+00   1.2464800e+01  -1.0000000e+00
   1.9300000e+02   1.3682200e+00   4.4651600e+00   1.0000000e+00
   1.9400000e+02   7.7321000e-01   1.8471800e+01   1.0000000e+00
   1.9500000e+02   1.0941000e+01   4.6421400e+00  -1.0000000e+00
   1.9600000e+02   8.6069900e+00   1.6064100e+01  -1.0000000e+00
   1.9700000e+02  -1.4688300e+01  -8.1481100e+00   1.0000000e+00
   1.9800000e+02  -7.9448500e+00   2.6371600e+00   1.0000000e+00
   1.9900000e+02  -6.5701200e+00   1.2960700e+01   1.0000000e+00
   2.0000000e+02  -1.4409600e+01  -6.0568000e+00   1.0000000e+00
   2.0100000e+02   6.6784600e+00  -1.1134200e+01  -1.0000000e+00
   2.0200000e+02   1.2012700e+01  -1.5942500e+01  -1.0000000e+00
   2.0300000e+02  -9.3707500e+00  -9.7757300e+00   1.0000000e+00
   2.0400000e+02   1.0081500e+01   1.2072300e+01  -1.0000000e+00
   2.0500000e+02   5.8591600e+00  -1.4606900e+01  -1.0000000e+00
   2.0600000e+02  -1.5107800e+01   3.5608900e+00   1.0000000e+00
   2.0700000e+02   5.6982100e-01  -9.6568400e+00  -1.0000000e+00
   2.0800000e+02  -1.1059100e+01  -8.5153500e+00   1.0000000e+00
   2.0900000e+02   4.1899900e+00  -1.6164400e+01  -1.0000000e+00
   2.1000000e+02  -1.0382000e+01  -2.3169700e+00   1.0000000e+00
   2.1100000e+02   8.3546100e-01  -1.9186600e+01  -1.0000000e+00
   2.1200000e+02  -1.1573700e+01  -1.4815600e+01   1.0000000e+00
   2.1300000e+02  -1.6796600e+01   4.7572400e+00   1.0000000e+00
   2.1400000e+02   1.0820500e+01   1.0141500e+01  -1.0000000e+00
   2.1500000e+02   1.2976000e+01   4.2534200e+00  -1.0000000e+00
   2.1600000e+02  -1.2107800e+01   1.2713600e+01   1.0000000e+00
   2.1700000e+02   8.9075700e+00   4.9489100e+00  -1.0000000e+00
   2.1800000e+02  -6.3265700e+00   1.3549600e+00   1.0000000e+00
   2.1900000e+02   8.0560000e-01   5.1816800e-01   1.0000000e+00
   2.2000000e+02   3.7419600e+00  -1.4118300e+01  -1.0000000e+00
   2.2100000e+02  -1.5621500e+01  -6.6033200e-01   1.0000000e+00
   2.2200000e+02   4.0586400e+00   7.6800400e+00  -1.0000000e+00
   2.2300000e+02   2.7119800e+00  -1.7618900e+01  -1.0000000e+00
   2.2400000e+02   7.2877900e+00   1.4485600e+01  -1.0000000e+00
   2.2500000e+02  -9.5701300e+00  -1.1822200e+01   1.0000000e+00
   2.2600000e+02   2.5992100e+00  -1.0143300e+01  -1.0000000e+00
   2.2700000e+02   7.5613900e+00   3.3978300e+00  -1.0000000e+00
   2.2800000e+02   1.5709800e+01   1.9433500e+00  -1.0000000e+00
   2.2900000e+02   7.2634100e+00  -1.3109100e+01  -1.0000000e+00
   2.3000000e+02   8.8548000e+00  -6.0117400e+00  -1.0000000e+00
   2.3100000e+02  -1.7985700e+00  -1.4470500e+01   1.0000000e+00
   2.3200000e+02   1.0991000e+01  -8.7324300e-01  -1.0000000e+00
   2.3300000e+02  -5.9350300e+00  -1.4372800e+01   1.0000000e+00
   2.3400000e+02   1.7790600e-01  -1.5053300e+01  -1.0000000e+00
   2.3500000e+02  -1.2659200e+01   8.5463000e+00   1.0000000e+00
   2.3600000e+02   5.4895800e+00  -7.1298400e+00  -1.0000000e+00
   2.3700000e+02  -7.9961800e+00  -1.5127100e+01   1.0000000e+00
   2.3800000e+02  -7.6699900e+00  -1.0994700e+01   1.0000000e+00
   2.3900000e+02  -1.6840700e+00   9.1655200e+00   1.0000000e+00
   2.4000000e+02  -2.9647500e-01  -1.3066300e+01  -1.0000000e+00
   2.4100000e+02   1.2934900e+01  -6.8184600e+00  -1.0000000e+00
   2.4200000e+02   5.2161500e+00  -1.2622600e+01  -1.0000000e+00
   2.4300000e+02   1.7224900e+01  -7.5961800e+00  -1.0000000e+00
   2.4400000e+02   1.6443200e+01   5.5890700e+00  -1.0000000e+00
   2.4500000e+02  -2.5070900e+00   1.6611600e+01   1.0000000e+00
   2.4600000e+02  -6.0551300e+00   3.4479800e+00   1.0000000e+00
   2.4700000e+02  -2.3279100e-01   5.8379200e+00   1.0000000e+00
   2.4800000e+02  -1.5141100e+01  -1.2267000e+01   1.0000000e+00
   2.4900000e+02   1.2156300e+01  -1.0379600e+01  -1.0000000e+00
   2.5000000e+02  -1.4200500e+01  -3.9876100e+00   1.0000000e+00
   2.5100000e+02   1.5728700e+01  -9.1540000e+00  -1.0000000e+00
   2.5200000e+02  -2.2684600e+00  -1.2450400e+01   1.0000000e+00
   2.5300000e+02  -1.6330500e+01  -6.8878900e+00   1.0000000e+00
   2.5400000e+02  -7.4700100e+00  -8.9397800e+00   1.0000000e+00
   2.5500000e+02  -1.2048800e+01  -1.1049700e+00   1.0000000e+00
   2.5600000e+02   3.9602500e+00   1.3225700e+01  -1.0000000e+00
   2.5700000e+02  -6.5942600e+00  -6.9726600e-01   1.0000000e+00
   2.5800000e+02   8.0963300e+00  -9.5608700e+00  -1.0000000e+00
   2.5900000e+02   1.4391400e+01   3.4190200e-01  -1.0000000e+00
   2.6000000e+02   6.8786100e+00   5.3628400e+00  -1.0000000e+00
   2.6100000e+02  -4.9763300e-02  -7.7043100e+00  -1.0000000e+00
   2.6200000e+02   6.7176100e+00   1.0871400e+01  -1.0000000e+00
   2.6300000e+02   1.2338900e+01   6.7539300e-01  -1.0000000e+00
   2.6400000e+02  -4.0780600e+00  -1.3483000e+01   1.0000000e+00
   2.6500000e+02  -2.2341400e+00   5.0405600e+00   1.0000000e+00
   2.6600000e+02  -3.5698300e+00  -1.5581100e+01   1.0000000e+00
   2.6700000e+02   5.9857200e+00   1.2858800e+01  -1.0000000e+00
   2.6800000e+02   1.9810300e+00  -8.1617800e+00  -1.0000000e+00
   2.6900000e+02   1.3043500e+01  -1.2750800e+00  -1.0000000e+00
   2.7000000e+02   9.2647700e+00  -1.3545600e+01  -1.0000000e+00
   2.7100000e+02   1.1547400e+01   8.1898900e+00  -1.0000000e+00
   2.7200000e+02  -2.6906700e+00   1.4547100e+01   1.0000000e+00
   2.7300000e+02   8.9588800e+00  -5.0604300e-01  -1.0000000e+00
   2.7400000e+02   1.0910000e+01  -6.3882800e+00  -1.0000000e+00
   2.7500000e+02   6.5784000e+00   1.6426600e+01  -1.0000000e+00
   2.7600000e+02  -1.5373800e+01   1.4206500e+00   1.0000000e+00
   2.7700000e+02   3.3365700e+00   9.6431800e+00  -1.0000000e+00
   2.7800000e+02  -6.8680600e+00   1.0903100e+01   1.0000000e+00
   2.7900000e+02   6.8971800e+00  -1.1888800e-01  -1.0000000e+00
   2.8000000e+02   6.2447300e+00  -3.6046100e+00  -1.0000000e+00
   2.8100000e+02  -1.6191100e+00  -4.3993100e+00   1.0000000e+00
   2.8200000e+02  -6.0329500e+00   1.7072400e+01   1.0000000e+00
   2.8300000e+02   1.0271500e+01  -4.4262200e+00  -1.0000000e+00
   2.8400000e+02   7.4062600e+00   8.9217900e+00  -1.0000000e+00
   2.8500000e+02  -1.3355600e+01  -1.3553000e+01   1.0000000e+00
   2.8600000e+02   4.6779600e+00   1.1261700e+01  -1.0000000e+00
   2.8700000e+02   1.0708100e+01  -1.2006000e+01  -1.0000000e+00
   2.8800000e+02   7.5971700e+00  -2.0440300e+00  -1.0000000e+00
   2.8900000e+02   3.5314200e+00  -1.2803800e+00  -1.0000000e+00
   2.9000000e+02   1.4302000e+01  -5.2434400e+00  -1.0000000e+00
   2.9100000e+02  -1.9423000e+00   7.1045300e+00   1.0000000e+00
   2.9200000e+02  -4.1540300e+00   4.2382000e+00   1.0000000e+00
   2.9300000e+02  -8.4889700e+00   1.2197400e+01   1.0000000e+00
   2.9400000e+02  -1.3586700e+00  -2.3481800e+00   1.0000000e+00
   2.9500000e+02  -1.6206600e+01   8.9765000e+00   1.0000000e+00
   2.9600000e+02   1.1278400e+01  -1.3992600e+01  -1.0000000e+00
   2.9700000e+02  -1.0120200e+01  -2.4321400e-01   1.0000000e+00
   2.9800000e+02   1.4344700e+01   5.8783800e+00  -1.0000000e+00
   2.9900000e+02  -3.8810400e+00   6.3201600e+00   1.0000000e+00
