   0.0000000e+00   1.4528700e+01  -1.2565900e+01  -1.0000000e+00
   1.0000000e+00   1.1802600e+01   9.3114400e+00  -1.0000000e+00
   2.0000000e+00   6.6751800e+00   1.8672400e+00  -1.0000000e+00
   3.0000000e+00   1.3478800e+01  -9.1436800e+00  -1.0000000e+00
   4.0000000e+00   1.0651700e+01   3.1225800e+00  -1.0000000e+00
   5.0000000e+00   3.8322200e+00  -2.8003400e+00  -1.0000000e+00
   6.0000000e+00  -5.2125900e+00  -1.2506200e+01   1.0000000e+00
   7.0000000e+00  -7.7174100e+00   9.1646100e-01   1.0000000e+00
   8.0000000e+00  -1.0870200e+00  -7.8978400e+00   1.0000000e+00
   9.0000000e+00  -1.5061100e+01   1.1647900e+01   1.0000000e+00
   1.0000000e+01  -2.9060500e+00   3.5717600e+00   1.0000000e+00
   1.1000000e+01   8.8944100e-01  -1.3757600e+01  -1.0000000e+00
   1.2000000e+01  -1.0898800e+01   1.0832300e+01   1.0000000e+00
   1.3000000e+01   1.5323100e+01  -1.0379200e+00  -1.0000000e+00
   1.4000000e+01  -1.1801500e+00  -1.3375300e+01   1.0000000e+00
   1.5000000e+01   1.3015100e+01   5.8151700e+00  -1.0000000e+00
   1.6000000e+01  -9.2462100e+00  -1.1623400e+01   1.0000000e+00
   1.7000000e+01  -1.8377500e+00  -1.1401700e+01   1.0000000e+00
   1.8000000e+01  -2.3537700e+00  -3.8839800e+00   1.0000000e+00
   1.9000000e+01   8.4536300e+00  -1.4521600e+01  -1.0000000e+00
   2.0000000e+01   1.4782000e+01  -3.0560600e+00  -1.0000000e+00
   2.1000000e+01   9.7834600e+00  -9.1535100e-01  -1.0000000e+00
   2.2000000e+01  -9.8568700e+00  -4.0661400e+00   1.0000000e+00
   2.3000000e+01  -3.9033300e+00   1.8694500e+01   1.0000000e+00
   2.4000000e+01   1.3730700e+01   3.5131600e-01  -1.0000000e+00
   2.5000000e+01  -4.3122300e+00   2.0415400e+00   1.0000000e+00
   2.6000000e+01   4.9684800e+00  -1.3661900e+01  -1.0000000e+00
   2.7000000e+01   1.1422400e+01   7.2664300e+00  -1.0000000e+00
   2.8000000e+01   4.2915500e+00   1.0999400e+01   1.0000000e+00
   2.9000000e+01  -5.4042700e+00   1.1512800e+01   1.0000000e+00
   3.0000000e+01  -3.6911300e+00   7.3085400e-02   1.0000000e+00
   3.1000000e+01  -1.7302000e+01   1.1136200e+00   1.0000000e+00
   3.2000000e+01  -6.0260800e+00   1.3506300e+01   1.0000000e+00
   3.3000000e+01  -3.1035200e+00  -7.4358400e+00   1.0000000e+00
   3.4000000e+01   1.4564500e+01   4.4286100e+00  -1.0000000e+00
   3.5000000e+01  -5.6990900e+00   4.9919300e-01   1.0000000e+00
   3.6000000e+01   1.0209600e+01   1.1167900e+00  -1.0000000e+00
   3.7000000e+01   1.0396500e+01  -6.3721900e+00  -1.0000000e+00
   3.8000000e+01  -1.3234000e+01   2.8041800e-01   1.0000000e+00
   3.9000000e+01  -1.1525800e+01   1.2826600e+01   1.0000000e+00
   4.0000000e+01  -4.4927900e+00  -8.9910300e+00   1.0000000e+00
   4.1000000e+01   8.6860100e+00   2.5024500e+00  -1.0000000e+00
   4.2000000e+01  -8.3771700e+00   2.9227300e+00   1.0000000e+00
   4.3000000e+01  -6.8291500e+00   9.9186400e+00   1.0000000e+00
   4.4000000e+01  -1.7085900e+00   1.8147100e+01   1.0000000e+00
   4.5000000e+01   1.2371000e+01  -5.7643100e+00  -1.0000000e+00
   4.6000000e+01  -3.2036200e+00  -1.3001800e+01   1.0000000e+00
   4.7000000e+01   1.3282600e+01  -1.6613500e+00  -1.0000000e+00
   4.8000000e+01   5.1438100e+00   3.2337600e+00  -1.0000000e+00
   4.9000000e+01   1.2436200e+01  -1.3271800e+01  -1.0000000e+00
   5.0000000e+01   5.5087600e-01   4.6675300e+00   1.0000000e+00
   5.1000000e+01  -1.1226800e+01  -5.6608000e+00   1.0000000e+00
   5.2000000e+01   7.9488700e+00  -1.6604900e+01  -1.0000000e+00
   5.3000000e+01  -1.1158300e+01  -1.4798200e-01   1.0000000e+00
   5.4000000e+01   7.9331200e+00  -9.0422700e+00  -1.0000000e+00
   5.5000000e+01   2.4434900e+00   1.7430500e+01   1.0000000e+00
   5.6000000e+01   9.3061200e+00  -2.9591500e+00  -1.0000000e+00
   5.7000000e+01  -3.4016000e+00   1.1085600e+01   1.0000000e+00
   5.8000000e+01  -1.0418600e+01   3.3475300e+00   1.0000000e+00
   5.9000000e+01   1.6828300e+01  -2.5182100e+00  -1.0000000e+00
   6.0000000e+01   1.4156200e+01   1.4157300e+01  -1.0000000e+00
   6.1000000e+01   3.4561100e+00  -1.2253500e+01  -1.0000000e+00
   6.2000000e+01   6.4621700e+00  -1.5100900e+01  -1.0000000e+00
   6.3000000e+01  -8.8023100e+00   1.6033300e+01   1.0000000e+00
   6.4000000e+01  -1.5859000e+01   8.3050800e+00   1.0000000e+00
   6.5000000e+01   8.9228600e+00   1.6281000e+01  -1.0000000e+00
   6.6000000e+01   4.4724300e+00  -1.5702800e+01  -1.0000000e+00
   6.7000000e+01  -7.4310600e+00   1.1920100e+01   1.0000000e+00
   6.8000000e+01   8.2168400e+00   4.8907300e-01  -1.0000000e+00
   6.9000000e+01   5.3393400e+00  -4.1913400e+00  -1.0000000e+00
   7.0000000e+01  -6.3595400e+00   2.4833000e+00   1.0000000e+00
   7.1000000e+01  -1.2683600e+01  -1.2682900e+01   1.0000000e+00
   7.2000000e+01  -3.9797600e+00   1.3061700e+01   1.0000000e+00
   7.3000000e+01   1.1283500e+01  -2.3362500e+00  -1.0000000e+00
   7.4000000e+01  -1.5350500e+01  -4.8483700e+00   1.0000000e+00
   7.5000000e+01   3.5287800e-01  -8.0607000e-01   1.0000000e+00
   7.6000000e+01  -2.5141000e+00  -1.4948800e+01   1.0000000e+00
   7.7000000e+01   1.4149700e+01   2.3873400e+00  -1.0000000e+00
   7.8000000e+01   5.5588500e+00   5.2415000e+00  -1.0000000e+00
   7.9000000e+01   1.5910700e+01  -6.5291900e+00  -1.0000000e+00
   8.0000000e+01   2.4654200e+00  -8.8050200e+00  -1.0000000e+00
   8.1000000e+01  -1.1305700e+00   1.6147300e+01   1.0000000e+00
   8.2000000e+01  -1.6664000e+01  -8.8281300e-01   1.0000000e+00
   8.3000000e+01  -6.6648200e+00   1.5467700e+01   1.0000000e+00
   8.4000000e+01   1.4114400e+01   1.2067900e+01  -1.0000000e+00
   8.5000000e+01   9.0826700e+00   4.5209300e+00  -1.0000000e+00
   8.6000000e+01  -8.8619200e+00   1.0360600e+01   1.0000000e+00
   8.7000000e+01  -1.2439500e+01   3.7644300e+00   1.0000000e+00
   8.8000000e+01  -1.3557800e+01   1.3223700e+01   1.0000000e+00
   8.9000000e+01  -3.5514200e+00   5.5662800e+00   1.0000000e+00
   9.0000000e+01   2.0062400e+00   6.7285300e-01   1.0000000e+00
   9.1000000e+01  -1.1287700e+01  -1.1176500e+01   1.0000000e+00
   9.2000000e+01  -7.1465600e+00  -6.5233100e+00   1.0000000e+00
   9.3000000e+01  -9.6339700e+00   6.8690100e+00   1.0000000e+00
   9.4000000e+01   1.1746100e+01  -2.8604000e-01  -1.0000000e+00
   9.5000000e+01   5.9586400e+00  -9.6302000e+00  -1.0000000e+00
   9.6000000e+01   1.1243500e+00   2.6823100e+00   1.0000000e+00
   9.7000000e+01  -5.1027600e+00  -7.0087200e+00   1.0000000e+00
   9.8000000e+01   8.2350800e+00   1.0014900e+01  -1.0000000e+00
   9.9000000e+01  -3.1696300e+00  -1.8557600e+01   1.0000000e+00
   1.0000000e+02   1.6534100e+01   5.0538100e+00  -1.0000000e+00
   1.0100000e+02  -4.9334000e+00   4.0004900e+00   1.0000000e+00
   1.0200000e+02   2.9661300e+00  -1.4274000e+01  -1.0000000e+00
   1.0300000e+02  -5.0507600e+00  -1.4722100e+00   1.0000000e+00
   1.0400000e+02  -1.3384200e+01  -1.0743400e+01   1.0000000e+00
   1.0500000e+02  -1.5436200e+01  -1.0285500e+01   1.0000000e+00
   1.0600000e+02  -4.6153400e+00  -1.4512100e+01   1.0000000e+00
   1.0700000e+02  -1.5273900e+01   6.9538000e-01   1.0000000e+00
   1.0800000e+02  -1.1958700e+01  -9.2157000e+00   1.0000000e+00
   1.0900000e+02  -1.0277900e+01   8.8744300e+00   1.0000000e+00
   1.1000000e+02   7.5110000e+00   5.9027400e+00  -1.0000000e+00
   1.1100000e+02  -1.3902200e+00   1.0604900e+01   1.0000000e+00
   1.1200000e+02  -1.4789800e+01  -1.2281400e+01   1.0000000e+00
   1.1300000e+02   1.4366100e+01  -5.1004600e+00  -1.0000000e+00
   1.1400000e+02  -3.8446400e+00  -1.6509200e+01   1.0000000e+00
   1.1500000e+02  -9.0998000e+00  -6.2627100e-01   1.0000000e+00
   1.1600000e+02   6.3316800e+00   1.1346600e+01  -1.0000000e+00
   1.1700000e+02  -4.8680100e-01   1.4175000e+01   1.0000000e+00
   1.1800000e+02  -1.9660000e+00   1.2616900e+01   1.0000000e+00
   1.1900000e+02   1.3388300e+01   7.8721100e+00  -1.0000000e+00
   1.2000000e+02  -8.2443000e+00   8.3862600e+00   1.0000000e+00
   1.2100000e+02  -8.5467100e+00  -8.0661600e+00   1.0000000e+00
   1.2200000e+02   5.9261400e+00   7.2612800e+00  -1.0000000e+00
   1.2300000e+02  -1.7452700e+01  -4.4136200e+00   1.0000000e+00
   1.2400000e+02  -6.4172500e+00  -3.0108800e+00   1.0000000e+00
   1.2500000e+02   1.0438800e+01  -1.3892300e+01  -1.0000000e+00
   1.2600000e+02  -1.4660600e+01  -1.3014200e+00   1.0000000e+00
   1.2700000e+02   4.7360200e+00   1.2094800e+00  -1.0000000e+00
   1.2800000e+02  -1.0535000e+01  -2.1237100e+00   1.0000000e+00
   1.2900000e+02  -4.3913700e+00  -3.4867000e+00   1.0000000e+00
   1.3000000e+02  -1.7719000e+00  -1.6922500e+01   1.0000000e+00
   1.3100000e+02   5.9178200e+00  -1.7160600e+01  -1.0000000e+00
   1.3200000e+02   1.3928800e+01  -7.1126200e+00  -1.0000000e+00
   1.3300000e+02  -1.3972800e+01  -3.2809000e+00   1.0000000e+00
   1.3400000e+02  -1.8181300e+01  -2.4305800e+00   1.0000000e+00
   1.3500000e+02  -7.8707000e+00  -1.0049100e+01   1.0000000e+00
   1.3600000e+02   3.3590100e-01  -9.4504300e+00  -1.0000000e+00
   1.3700000e+02  -8.7634400e-01   3.1604400e+00   1.0000000e+00
   1.3800000e+02   2.9296300e-01  -1.7411600e+01  -1.0000000e+00
   1.3900000e+02   1.6915500e+01   7.1529700e+00  -1.0000000e+00
   1.4000000e+02  -1.0601000e+01  -7.6636400e+00   1.0000000e+00
   1.4100000e+02  -1.2618300e+01  -1.7114700e+00   1.0000000e+00
   1.4200000e+02  -9.1913800e+00  -6.0746400e+00   1.0000000e+00
   1.4300000e+02  -1.1990000e+01  -1.4720000e+01   1.0000000e+00
   1.4400000e+02   6.8855200e+00  -5.5951500e+00  -1.0000000e+00
   1.4500000e+02  -1.3095000e+01   5.7367100e+00   1.0000000e+00
   1.4600000e+02  -3.8443100e+00  -1.0957500e+01   1.0000000e+00
   1.4700000e+02  -8.4382800e+00  -2.5887900e+00   1.0000000e+00
   1.4800000e+02   1.2185200e+01   1.1340500e+01  -1.0000000e+00
   1.4900000e+02  -2.4620200e+00  -9.4290000e+00   1.0000000e+00
   1.5000000e+02   8.5078100e+00   1.4202700e+01  -1.0000000e+00
   1.5100000e+02  -3.1365100e+00   1.6587900e+01   1.0000000e+00
   1.5200000e+02   2.9010000e+00  -6.7983500e+00  -1.0000000e+00
   1.5300000e+02   3.7445100e+00   1.2976100e+01   1.0000000e+00
   1.5400000e+02   1.0634300e+01   1.4902700e+01  -1.0000000e+00
   1.5500000e+02  -3.8145500e-01  -1.5377300e+01  -1.0000000e+00
   1.5600000e+02   1.7313100e+01  -4.2944200e-01  -1.0000000e+00
   1.5700000e+02   3.1643400e+00  -1.7318300e+01  -1.0000000e+00
   1.5800000e+02   1.5512300e+01  -8.5429400e+00  -1.0000000e+00
   1.5900000e+02   1.2603600e+01   3.7966300e+00  -1.0000000e+00
   1.6000000e+02  -1.2280100e+01   9.3137700e+00   1.0000000e+00
   1.6100000e+02  -1.2638100e+01  -7.2544900e+00   1.0000000e+00
   1.6200000e+02  -8.9978500e+00   4.8867000e+00   1.0000000e+00
   1.6300000e+02   8.2608700e+00   1.2080100e+01  -1.0000000e+00
   1.6400000e+02   9.9414500e+00  -1.5931700e+01  -1.0000000e+00
   1.6500000e+02  -1.6073700e+01  -8.3236300e+00   1.0000000e+00
   1.6600000e+02  -1.3285600e+01  -5.2499100e+00   1.0000000e+00
   1.6700000e+02   7.2084500e-02   1.2182800e+01   1.0000000e+00
   1.6800000e+02  -7.7732600e+00  -4.5541800e+00   1.0000000e+00
   1.6900000e+02   3.4080400e-01   1.7865600e+01   1.0000000e+00
   1.7000000e+02  -9.7678800e+00   1.3712900e+00   1.0000000e+00
   1.7100000e+02   4.9076500e+00  -6.2199600e+00  -1.0000000e+00
   1.7200000e+02  -1.1788200e+01   1.8101400e+00   1.0000000e+00
   1.7300000e+02  -1.2929900e+01   1.1272500e+01   1.0000000e+00
   1.7400000e+02  -1.4505000e+01   4.2232800e+00   1.0000000e+00
   1.7500000e+02   1.9308800e+00   6.2530400e+00   1.0000000e+00
   1.7600000e+02  -6.6228300e+00  -1.4059600e+01   1.0000000e+00
   1.7700000e+02   1.1985500e+01  -1.5292500e+01  -1.0000000e+00
   1.7800000e+02  -8.6392100e+00  -1.3631300e+01   1.0000000e+00
   1.7900000e+02   9.1828900e-01  -7.4490600e+00  -1.0000000e+00
   1.8000000e+02   8.4111800e+00  -6.9838400e+00  -1.0000000e+00
   1.8100000e+02   3.2555800e+00   4.6306100e+00   1.0000000e+00
   1.8200000e+02  -1.5994900e+01  -2.8679800e+00   1.0000000e+00
   1.8300000e+02  -2.2943200e+00   1.6036500e+00   1.0000000e+00
   1.8400000e+02  -1.0165600e+00  -2.3317400e+00   1.0000000e+00
   1.8500000e+02   7.4531700e+00  -1.1072400e+01  -1.0000000e+00
   1.8600000e+02  -8.0818200e+00   1.3929900e+01   1.0000000e+00
   1.8700000e+02   6.2318800e-01   1.0173400e+01   1.0000000e+00
   1.8800000e+02   9.4568800e+00  -1.0420300e+01  -1.0000000e+00
   1.8900000e+02  -1.3852900e+01   2.2605300e+00   1.0000000e+00
   1.9000000e+02  -1.0645800e+01  -1.3150100e+01   1.0000000e+00
   1.9100000e+02  -6.5142300e+00  -8.5057200e+00   1.0000000e+00
   1.9200000e+02   4.7753700e+00   1.6793700e+01   1.0000000e+00
   1.9300000e+02  -1.1895600e+01  -3.6672400e+00   1.0000000e+00
   1.9400000e+02  -2.7924700e+00   9.0930900e+00   1.0000000e+00
   1.9500000e+02  -1.7285800e+01   6.6530100e+00   1.0000000e+00
   1.9600000e+02   1.8235600e+01   3.8552900e+00  -1.0000000e+00
   1.9700000e+02   1.0986700e+01  -1.1809600e+01  -1.0000000e+00
   1.9800000e+02  -9.5115000e+00   1.2365600e+01   1.0000000e+00
   1.9900000e+02   9.0863300e-01   1.5749900e+01   1.0000000e+00
   2.0000000e+02  -2.5557200e+00   1.4596100e+01   1.0000000e+00
   2.0100000e+02   4.3614700e+00   8.5992100e+00   1.0000000e+00
   2.0200000e+02  -1.7946600e+01   3.2048700e+00   1.0000000e+00
   2.0300000e+02  -9.9809000e+00  -1.5171600e+01   1.0000000e+00
   2.0400000e+02  -3.4020900e-01  -4.2764500e+00   1.0000000e+00
   2.0500000e+02   1.2175800e+01   1.7412900e+00  -1.0000000e+00
   2.0600000e+02   7.3515300e+00  -3.5563700e+00  -1.0000000e+00
   2.0700000e+02   7.8035900e+00  -1.5476900e+00  -1.0000000e+00
   2.0800000e+02  -1.4311700e+01   9.6648400e+00   1.0000000e+00
   2.0900000e+02   3.9596300e+00  -1.0237000e+01  -1.0000000e+00
   2.1000000e+02   3.9772800e+00   6.5523400e+00  -1.0000000e+00
   2.1100000e+02   1.7506500e+01  -8.0076800e+00  -1.0000000e+00
   2.1200000e+02   6.4598800e+00  -7.6107300e+00  -1.0000000e+00
   2.1300000e+02   2.1014500e+00   1.1737200e+01   1.0000000e+00
   2.1400000e+02   1.7705900e+01   1.7148500e+00  -1.0000000e+00
   2.1500000e+02  -5.9625100e+00  -1.6063300e+01   1.0000000e+00
   2.1600000e+02  -2.1459800e+00   7.1139900e+00   1.0000000e+00
   2.1700000e+02   2.9814400e+00   1.5405900e+01   1.0000000e+00
   2.1800000e+02  -4.8196000e+00   9.5000500e+00   1.0000000e+00
   2.1900000e+02   1.6536500e+00  -1.5843400e+01  -1.0000000e+00
   2.2000000e+02  -1.3685300e+01   7.7054800e+00   1.0000000e+00
   2.2100000e+02   1.8113000e-01  -1.1798000e+01  -1.0000000e+00
   2.2200000e+02   5.4506800e+00  -1.1668700e+01  -1.0000000e+00
   2.2300000e+02  -1.6799700e+00  -3.5046000e-01   1.0000000e+00
   2.2400000e+02   7.0946200e+00   3.8774000e+00  -1.0000000e+00
   2.2500000e+02  -1.6510800e+01   4.6878600e+00   1.0000000e+00
   2.2600000e+02   1.1060000e+01   5.1461500e+00  -1.0000000e+00
   2.2700000e+02  -5.8562600e+00  -1.0530600e+01   1.0000000e+00
   2.2800000e+02  -7.2398600e+00  -1.2074900e+01   1.0000000e+00
   2.2900000e+02   1.3759000e+00  -5.4159200e+00  -1.0000000e+00
   2.3000000e+02   1.9886800e+00  -1.0802000e+01  -1.0000000e+00
   2.3100000e+02   4.4363400e+00  -8.2349300e+00  -1.0000000e+00
   2.3200000e+02   9.4884800e+00   6.5558200e+00  -1.0000000e+00
   2.3300000e+02   1.2826000e+01  -3.7099900e+00  -1.0000000e+00
   2.3400000e+02   1.6410400e+01  -4.5272500e+00  -1.0000000e+00
   2.3500000e+02  -7.2939400e+00  -1.7633400e+01   1.0000000e+00
   2.3600000e+02   1.5917000e+00  -3.3567900e+00   1.0000000e+00
   2.3700000e+02  -5.2432300e+00   1.7025200e+01   1.0000000e+00
   2.3800000e+02  -5.5681800e+00   5.9585700e+00   1.0000000e+00
   2.3900000e+02   1.0815500e+01  -4.3562800e+00  -1.0000000e+00
   2.4000000e+02  -7.7804300e-01   8.6385700e+00   1.0000000e+00
   2.4100000e+02   1.1426400e+01  -9.8119700e+00  -1.0000000e+00
   2.4200000e+02  -1.3008800e-01   6.6492800e+00   1.0000000e+00
   2.4300000e+02  -1.0138800e+01   1.4401300e+01   1.0000000e+00
   2.4400000e+02   1.5805900e+01   1.0589000e+01  -1.0000000e+00
   2.4500000e+02   4.9219300e+00   1.4658000e+01   1.0000000e+00
   2.4600000e+02   1.4045700e+01  -1.4579100e+01  -1.0000000e+00
   2.4700000e+02  -6.9651400e+00   4.4532600e+00   1.0000000e+00
   2.4800000e+02   1.2367900e+00   8.2074800e+00   1.0000000e+00
   2.4900000e+02  -7.5780600e+00   6.4324900e+00   1.0000000e+00
   2.5000000e+02  -7.0573600e+00  -1.0451300e+00   1.0000000e+00
   2.5100000e+02   1.1880100e+01  -7.7995700e+00  -1.0000000e+00
   2.5200000e+02   6.9509700e+00  -1.3065900e+01  -1.0000000e+00
   2.5300000e+02   5.8148500e+00  -2.1919600e+00  -1.0000000e+00
   2.5400000e+02  -1.1667700e+01   7.2883200e+00   1.0000000e+00
   2.5500000e+02  -1.6845600e+00  -5.8822000e+00   1.0000000e+00
   2.5600000e+02   1.3781800e+01   9.9191300e+00  -1.0000000e+00
   2.5700000e+02   9.8640200e+00   8.6042900e+00  -1.0000000e+00
   2.5800000e+02   1.0207300e+01   1.0756600e+01  -1.0000000e+00
   2.5900000e+02   1.5768400e+01   9.9108500e-01  -1.0000000e+00
   2.6000000e+02   3.1773800e+00   2.5600800e+00  -1.0000000e+00
   2.6100000e+02   2.3211700e+00  -1.4219200e+00  -1.0000000e+00
   2.6200000e+02   1.6107100e+01   3.0262500e+00  -1.0000000e+00
   2.6300000e+02  -1.5108600e+01   6.2121700e+00   1.0000000e+00
   2.6400000e+02  -4.1920200e+00   7.5246100e+00   1.0000000e+00
   2.6500000e+02  -1.1065000e+01   5.3240000e+00   1.0000000e+00
   2.6600000e+02  -1.6751300e+01  -6.3657400e+00   1.0000000e+00
   2.6700000e+02  -4.5790500e+00   1.5019800e+01   1.0000000e+00
   2.6800000e+02  -1.4024600e+01  -1.4355200e+01   1.0000000e+00
   2.6900000e+02  -7.2711000e+00   1.7461100e+01   1.0000000e+00
   2.7000000e+02   8.9694900e+00  -1.2452000e+01  -1.0000000e+00
   2.7100000e+02   9.8867800e+00  -8.4079400e+00  -1.0000000e+00
   2.7200000e+02  -1.5907900e+01   2.6970400e+00   1.0000000e+00
   2.7300000e+02  -1.5288400e+00   5.1128000e+00   1.0000000e+00
   2.7400000e+02   7.9040300e+00   7.9324800e+00  -1.0000000e+00
   2.7500000e+02  -5.7451100e+00  -5.0229300e+00   1.0000000e+00
   2.7600000e+02  -2.8790100e-01   1.1672800e+00   1.0000000e+00
   2.7700000e+02  -6.1981000e+00   7.9604800e+00   1.0000000e+00
   2.7800000e+02   4.2833300e+00  -7.9800900e-01  -1.0000000e+00
   2.7900000e+02   1.4963500e+01   6.5220200e+00  -1.0000000e+00
   2.8000000e+02  -1.4059200e+01  -8.7669100e+00   1.0000000e+00
   2.8100000e+02   2.6474300e+00   9.7509600e+00   1.0000000e+00
   2.8200000e+02   1.5062500e+01  -1.0570100e+01  -1.0000000e+00
   2.8300000e+02  -3.7262500e+00  -5.4526800e+00   1.0000000e+00
   2.8400000e+02   6.5720600e+00   1.3424200e+01  -1.0000000e+00
   2.8500000e+02   3.3519300e+00  -4.7976200e+00  -1.0000000e+00
   2.8600000e+02   1.0184600e+01   1.2828700e+01  -1.0000000e+00
   2.8700000e+02   1.2221500e+01   1.3415600e+01  -1.0000000e+00
   2.8800000e+02   6.2717000e+00  -1.7862300e-01  -1.0000000e+00
   2.8900000e+02  -3.0448000e+00  -1.9400900e+00   1.0000000e+00
   2.9000000e+02   1.8384100e+01  -3.8974700e+00  -1.0000000e+00
   2.9100000e+02   6.2997200e+00   9.2925400e+00  -1.0000000e+00
   2.9200000e+02  -9.8940100e+00  -9.6211500e+00   1.0000000e+00
   2.9300000e+02   6.8236300e+00   1.5464300e+01  -1.0000000e+00
   2.9400000e+02   1.3021300e+01  -1.1165300e+01  -1.0000000e+00
   2.9500000e+02   1.5358600e+01   8.5648900e+00  -1.0000000e+00
   2.9600000e+02   1.6804500e+00   1.3777400e+01   1.0000000e+00
   2.9700000e+02   8.8510900e+00  -4.9716400e+00  -1.0000000e+00
   2.9800000e+02  -7.9865800e+00  -1.5671800e+01   1.0000000e+00
   2.9900000e+02  -1.4661900e+01  -6.7939900e+00   1.0000000e+00
