   0.0000000e+00   4.0262200e-01  -5.5243000e+00   1.0000000e+00
   1.0000000e+00   1.2117800e+01  -3.1678900e+00  -1.0000000e+00
   2.0000000e+00   6.0237300e+00  -4.4144800e+00  -1.0000000e+00
   3.0000000e+00  -1.4993800e+01   4.5771500e+00   1.0000000e+00
   4.0000000e+00  -2.9694000e+00   8.4690200e+00   1.0000000e+00
   5.0000000e+00   2.5294800e+00   2.2069300e+00   1.0000000e+00
   6.0000000e+00   2.0307000e+00   1.0642100e+01  -1.0000000e+00
   7.0000000e+00  -1.5822200e+00  -4.9941600e+00   1.0000000e+00
   8.0000000e+00   1.3547400e+01  -1.0231600e+01  -1.0000000e+00
   9.0000000e+00   1.3870500e+00  -1.7044600e+01   1.0000000e+00
   1.0000000e+01   5.0041700e+00  -6.6347800e+00  -1.0000000e+00
   1.1000000e+01   8.1185700e+00  -9.4553000e+00  -1.0000000e+00
   1.2000000e+01  -1.1419800e+01   1.2888600e+01   1.0000000e+00
   1.3000000e+01  -1.1516000e+01  -9.5501200e+00   1.0000000e+00
   1.4000000e+01   4.4257400e-01  -1.4873100e+00   1.0000000e+00
   1.5000000e+01   4.5036500e+00   8.0649200e+00  -1.0000000e+00
   1.6000000e+01   2.5406300e+00   8.6485000e+00  -1.0000000e+00
   1.7000000e+01   2.5454700e+00  -1.9105200e+00   1.0000000e+00
   1.8000000e+01   7.4146400e+00  -5.9490600e+00  -1.0000000e+00
   1.9000000e+01   1.1401700e+01   3.6241600e-01  -1.0000000e+00
   2.0000000e+01  -3.6537600e-01   1.3314200e+01   1.0000000e+00
   2.1000000e+01  -3.5964600e+00  -4.4192200e+00   1.0000000e+00
   2.2000000e+01  -1.1377300e-01  -1.1022700e+01   1.0000000e+00
   2.3000000e+01   1.0727700e+01  -1.5939400e+00  -1.0000000e+00
   2.4000000e+01  -8.5550500e+00   7.8679300e-01   1.0000000e+00
   2.5000000e+01   1.2064700e+01   2.3346200e+00  -1.0000000e+00
   2.6000000e+01  -1.6116500e+01  -6.3962000e+00   1.0000000e+00
   2.7000000e+01   7.3930100e+00  -1.1392400e+01  -1.0000000e+00
   2.8000000e+01  -4.4157800e+00   1.4560300e+01   1.0000000e+00
   2.9000000e+01   8.9455500e-01  -7.5537200e+00   1.0000000e+00
   3.0000000e+01  -5.5390500e+00  -1.1312900e+01   1.0000000e+00
   3.1000000e+01   7.8919200e+00   6.9946600e+00  -1.0000000e+00
   3.2000000e+01  -6.3882600e+00   1.5166400e+01   1.0000000e+00
   3.3000000e+01  -5.0794000e+00  -5.8607600e+00   1.0000000e+00
   3.4000000e+01  -9.0220600e+00   2.8059000e+00   1.0000000e+00
   3.5000000e+01  -6.0289800e+00  -9.2828300e+00   1.0000000e+00
   3.6000000e+01   1.1974300e+01   7.8024900e+00  -1.0000000e+00
   3.7000000e+01  -4.2065400e-02  -1.8532000e+01   1.0000000e+00
   3.8000000e+01  -8.9539400e+00   1.0289300e+01   1.0000000e+00
   3.9000000e+01   3.9772600e+00  -4.8353700e+00  -1.0000000e+00
   4.0000000e+01   3.9339500e+00  -1.2202200e+01   1.0000000e+00
   4.1000000e+01  -7.2768000e-01   1.8707000e+01   1.0000000e+00
   4.2000000e+01   1.1447900e+01  -5.1319400e+00  -1.0000000e+00
   4.3000000e+01  -1.0942100e+01   1.0871700e+01   1.0000000e+00
   4.4000000e+01  -3.1136400e+00  -1.3931800e+01   1.0000000e+00
   4.5000000e+01   1.0269900e+00   7.2492200e+00   1.0000000e+00
   4.6000000e+01  -1.7056100e+01   5.1054300e+00   1.0000000e+00
   4.7000000e+01  -1.3967200e+01   8.0335600e+00   1.0000000e+00
   4.8000000e+01   1.0089200e+01  -3.5666700e+00  -1.0000000e+00
   4.9000000e+01   5.1894300e-01   9.2498700e+00   1.0000000e+00
   5.0000000e+01   1.0799400e+01  -1.2634000e+01  -1.0000000e+00
   5.1000000e+01  -5.0829900e+00  -1.3325200e+01   1.0000000e+00
   5.2000000e+01   1.8202800e+01   3.5779300e+00  -1.0000000e+00
   5.3000000e+01   3.8011600e-01  -1.3024200e+01   1.0000000e+00
   5.4000000e+01  -3.5774800e-03   3.8189100e+00   1.0000000e+00
   5.5000000e+01   9.2045900e+00   1.0893400e+01  -1.0000000e+00
   5.6000000e+01   7.9427100e+00   1.4948300e+00  -1.0000000e+00
   5.7000000e+01  -1.3590100e+01  -1.5224600e+00   1.0000000e+00
   5.8000000e+01  -1.7141900e+01  -2.3451600e+00   1.0000000e+00
   5.9000000e+01  -1.3050100e+01  -3.5071000e+00   1.0000000e+00
   6.0000000e+01   5.8885200e+00   6.5525300e+00  -1.0000000e+00
   6.1000000e+01  -6.5708900e+00  -1.4756800e+01   1.0000000e+00
   6.2000000e+01  -1.0521200e+01  -1.3567900e+01   1.0000000e+00
   6.3000000e+01   1.0810400e+01  -7.0882100e+00  -1.0000000e+00
   6.4000000e+01  -1.6008900e+01   8.6617200e+00   1.0000000e+00
   6.5000000e+01   5.6327800e-03  -3.5096200e+00   1.0000000e+00
   6.6000000e+01  -1.6586000e+01   3.0942800e+00   1.0000000e+00
   6.7000000e+01   4.4258900e+00   1.3728900e+01  -1.0000000e+00
   6.8000000e+01   1.0603500e+01   1.4851700e+01  -1.0000000e+00
   6.9000000e+01   1.7310200e+00   1.3929200e-01   1.0000000e+00
   7.0000000e+01  -3.8869600e+00   1.2559100e+01   1.0000000e+00
   7.1000000e+01  -3.5426000e+00   3.0229900e+00   1.0000000e+00
   7.2000000e+01  -1.6030100e+00  -1.2479200e+01   1.0000000e+00
   7.3000000e+01  -9.0269000e+00  -1.2129000e+01   1.0000000e+00
   7.4000000e+01  -3.5682800e+00  -1.1910800e+01   1.0000000e+00
   7.5000000e+01  -5.7324600e-01  -8.9880800e+00   1.0000000e+00
   7.6000000e+01  -1.1922600e+01   1.4907400e+01   1.0000000e+00
   7.7000000e+01  -5.0471100e-01   5.8363100e+00   1.0000000e+00
   7.8000000e+01   1.0652800e+01   3.8821300e+00  -1.0000000e+00
   7.9000000e+01  -1.2047300e+01  -7.5302800e+00   1.0000000e+00
   8.0000000e+01   6.5409200e+00   8.5540900e+00  -1.0000000e+00
   8.1000000e+01   1.1956600e+01   1.3279400e+01  -1.0000000e+00
   8.2000000e+01  -9.9289500e+00   1.4356300e+01   1.0000000e+00
   8.3000000e+01   7.3284300e+00  -5.0156500e-01  -1.0000000e+00
   8.4000000e+01  -1.2046900e+01  -1.4968600e+01   1.0000000e+00
   8.5000000e+01  -9.8552000e-01   7.8423800e+00   1.0000000e+00
   8.6000000e+01  -1.5015100e+01   1.2046000e+01   1.0000000e+00
   8.7000000e+01  -2.0929700e+00  -1.0448700e+01   1.0000000e+00
   8.8000000e+01  -1.9056800e+00   1.1953800e+01   1.0000000e+00
   8.9000000e+01   1.0594100e+01   9.3625600e+00  -1.0000000e+00
   9.0000000e+01  -1.4023900e+01   5.5870800e-01   1.0000000e+00
   9.1000000e+01   6.4768600e+00   1.4039500e+01  -1.0000000e+00
   9.2000000e+01   1.4196700e+01  -8.2426300e+00  -1.0000000e+00
   9.3000000e+01  -1.0044200e+01  -8.0888900e+00   1.0000000e+00
   9.4000000e+01  -4.0555900e+00  -9.8501900e+00   1.0000000e+00
   9.5000000e+01   1.1275900e+01   1.1307700e+01  -1.0000000e+00
   9.6000000e+01  -5.9327300e+00   1.3144500e+01   1.0000000e+00
   9.7000000e+01   8.5574100e+00   1.4466900e+01  -1.0000000e+00
   9.8000000e+01  -6.0931800e+00  -1.6825300e+01   1.0000000e+00
   9.9000000e+01  -7.5251600e+00   4.2510200e+00   1.0000000e+00
   1.0000000e+02  -6.5698900e+00  -7.2845900e+00   1.0000000e+00
   1.0100000e+02  -7.9119800e+00   1.3745200e+01   1.0000000e+00
   1.0200000e+02   1.3504300e+01  -4.7076900e+00  -1.0000000e+00
   1.0300000e+02  -1.1993500e+01   7.4027900e+00   1.0000000e+00
   1.0400000e+02  -1.2034000e+01  -4.3865800e-02   1.0000000e+00
   1.0500000e+02  -1.2574900e+01  -5.5400100e+00   1.0000000e+00
   1.0600000e+02   1.3381000e+01   1.1713500e+01  -1.0000000e+00
   1.0700000e+02  -4.5559400e+00  -7.8436900e+00   1.0000000e+00
   1.0800000e+02   1.2643800e+01   9.7628600e+00  -1.0000000e+00
   1.0900000e+02   1.7654600e+01  -3.9089700e+00  -1.0000000e+00
   1.1000000e+02  -1.4045300e+01  -1.4425200e+01   1.0000000e+00
   1.1100000e+02  -4.4775900e+00   7.0569800e+00   1.0000000e+00
   1.1200000e+02  -1.3025800e+01  -1.0966300e+01   1.0000000e+00
   1.1300000e+02   4.3961200e+00  -1.4221000e+01   1.0000000e+00
   1.1400000e+02  -7.0438500e+00  -1.2713300e+01   1.0000000e+00
   1.1500000e+02   1.2765300e+01  -1.1699400e+00  -1.0000000e+00
   1.1600000e+02   1.2190200e+01  -8.6904400e+00  -1.0000000e+00
   1.1700000e+02   4.8725700e+00  -8.7098200e+00  -1.0000000e+00
   1.1800000e+02   9.2992600e+00   5.4564000e+00  -1.0000000e+00
   1.1900000e+02  -7.0697400e+00  -5.2580600e+00   1.0000000e+00
   1.2000000e+02  -2.9559300e+00   1.8063400e+01   1.0000000e+00
   1.2100000e+02  -1.7565600e+01   7.1470000e+00   1.0000000e+00
   1.2200000e+02   1.3993000e+01   1.3691900e+01  -1.0000000e+00
   1.2300000e+02  -1.3002200e+01   3.9969200e+00   1.0000000e+00
   1.2400000e+02  -7.5451100e+00  -3.2471900e+00   1.0000000e+00
   1.2500000e+02   1.6196200e+01  -2.3432600e+00  -1.0000000e+00
   1.2600000e+02   2.1735100e+00  -1.8977700e+01   1.0000000e+00
   1.2700000e+02   5.9208600e+00   1.0414900e+00  -1.0000000e+00
   1.2800000e+02  -1.0061800e+01  -6.3065300e-01   1.0000000e+00
   1.2900000e+02   2.8778000e+00  -1.5615000e+01   1.0000000e+00
   1.3000000e+02  -1.1058300e+01  -4.0633100e+00   1.0000000e+00
   1.3100000e+02  -5.5767700e+00  -3.8290200e+00   1.0000000e+00
   1.3200000e+02  -1.2541100e+01  -1.2970100e+01   1.0000000e+00
   1.3300000e+02   7.1878500e+00  -1.4492700e+01  -1.0000000e+00
   1.3400000e+02   3.4041200e+00  -1.0153400e+01   1.0000000e+00
   1.3500000e+02   6.7693600e+00  -7.9068200e+00  -1.0000000e+00
   1.3600000e+02   5.6207800e+00  -1.5973300e+01  -1.0000000e+00
   1.3700000e+02   1.4925600e+01  -1.1842900e+01  -1.0000000e+00
   1.3800000e+02  -1.4442600e+01   1.0052900e+01   1.0000000e+00
   1.3900000e+02  -1.3495800e+01   6.0158700e+00   1.0000000e+00
   1.4000000e+02  -6.4896100e+00   7.7081700e+00   1.0000000e+00
   1.4100000e+02  -6.0164500e+00   5.6769100e+00   1.0000000e+00
   1.4200000e+02  -1.5104100e+01  -1.0399200e+01   1.0000000e+00
   1.4300000e+02   9.3685900e+00  -2.8495900e-02  -1.0000000e+00
   1.4400000e+02  -4.0447600e+00   5.0478700e+00   1.0000000e+00
   1.4500000e+02   1.3424700e+01   7.9195900e-01  -1.0000000e+00
   1.4600000e+02  -6.5644700e+00   1.9458600e-01   1.0000000e+00
   1.4700000e+02  -1.1011800e+01   3.4095800e+00   1.0000000e+00
   1.4800000e+02  -1.3543000e+01  -8.9416000e+00   1.0000000e+00
   1.4900000e+02  -1.7565600e+01  -2.5795200e-01   1.0000000e+00
   1.5000000e+02  -2.0771400e+00  -1.8050300e+01   1.0000000e+00
   1.5100000e+02   3.8640400e+00   6.4405000e-01  -1.0000000e+00
   1.5200000e+02  -1.0083100e+01  -1.5632900e+01   1.0000000e+00
   1.5300000e+02   1.5593100e+01  -9.7901000e+00  -1.0000000e+00
   1.5400000e+02   5.4006400e+00  -1.0749400e+01  -1.0000000e+00
   1.5500000e+02  -6.9698700e+00   9.6987300e+00   1.0000000e+00
   1.5600000e+02  -1.1567000e+01  -2.0634600e+00   1.0000000e+00
   1.5700000e+02   5.3442900e-01   1.5195700e+01   1.0000000e+00
   1.5800000e+02   1.4090600e+01   8.3021000e+00  -1.0000000e+00
   1.5900000e+02  -1.0104100e+00   1.6660000e+01   1.0000000e+00
   1.6000000e+02   1.4096400e+01   2.7362400e+00  -1.0000000e+00
   1.6100000e+02  -8.4505600e+00   1.5788800e+01   1.0000000e+00
   1.6200000e+02   1.4166800e+01  -2.7553200e+00  -1.0000000e+00
   1.6300000e+02  -8.0679600e+00  -1.6179800e+01   1.0000000e+00
   1.6400000e+02   5.0554900e+00   1.0073700e+01  -1.0000000e+00
   1.6500000e+02   1.8996300e+01  -5.4970100e+00  -1.0000000e+00
   1.6600000e+02  -8.0739500e+00  -1.2167300e+00   1.0000000e+00
   1.6700000e+02  -1.4559600e+01  -4.9444100e+00   1.0000000e+00
   1.6800000e+02  -6.9226000e+00   1.7167900e+01   1.0000000e+00
   1.6900000e+02   9.0517400e-01   1.7420600e+01  -1.0000000e+00
   1.7000000e+02  -1.5586200e+01  -8.9229500e-01   1.0000000e+00
   1.7100000e+02  -2.5896700e+00  -1.5953300e+01   1.0000000e+00
   1.7200000e+02   5.0973300e-01   1.8122700e+00   1.0000000e+00
   1.7300000e+02   9.9041900e+00   1.2914000e+01  -1.0000000e+00
   1.7400000e+02   1.4787300e+01  -7.7437900e-01  -1.0000000e+00
   1.7500000e+02   1.1182500e+01  -1.4681600e+01  -1.0000000e+00
   1.7600000e+02   9.4427900e+00  -5.5305500e+00  -1.0000000e+00
   1.7700000e+02  -1.4525100e+01  -1.2395200e+01   1.0000000e+00
   1.7800000e+02   1.4943600e+01   1.0325500e+01  -1.0000000e+00
   1.7900000e+02   8.5569100e+00   8.9394300e+00  -1.0000000e+00
   1.8000000e+02   3.1202100e+00   1.6555700e+01  -1.0000000e+00
   1.8100000e+02   1.6136000e+01   3.1499700e+00  -1.0000000e+00
   1.8200000e+02   1.8785800e+00  -1.1610200e+01   1.0000000e+00
   1.8300000e+02   4.5698800e+00   2.5956400e+00  -1.0000000e+00
   1.8400000e+02   9.9305700e+00   7.4150800e+00  -1.0000000e+00
   1.8500000e+02  -8.0633000e+00  -8.6963800e+00   1.0000000e+00
   1.8600000e+02  -1.5577000e+01  -8.3802000e+00   1.0000000e+00
   1.8700000e+02  -1.0998700e+00  -6.9853800e+00   1.0000000e+00
   1.8800000e+02  -1.6763100e+01  -4.4326000e+00   1.0000000e+00
   1.8900000e+02  -9.4467300e+00   1.2279200e+01   1.0000000e+00
   1.9000000e+02   1.1321800e+01   5.8216000e+00  -1.0000000e+00
   1.9100000e+02  -4.5711300e+00  -3.8281000e-01   1.0000000e+00
   1.9200000e+02  -5.5436900e+00   3.6474000e+00   1.0000000e+00
   1.9300000e+02  -1.2433700e+01   9.4318300e+00   1.0000000e+00
   1.9400000e+02  -1.6022500e+01   1.1108000e+00   1.0000000e+00
   1.9500000e+02  -2.9462500e+00   1.5990600e+01   1.0000000e+00
   1.9600000e+02  -2.5532500e+00  -8.4247500e+00   1.0000000e+00
   1.9700000e+02  -3.4842000e+00   1.0537300e+01   1.0000000e+00
   1.9800000e+02  -1.9980600e+00  -2.9597300e+00   1.0000000e+00
   1.9900000e+02   6.6012600e+00   3.0412000e+00  -1.0000000e+00
   2.0000000e+02   1.4787600e+01   4.7117900e+00  -1.0000000e+00
   2.0100000e+02   3.2051000e+00   4.1525700e+00  -1.0000000e+00
   2.0200000e+02   1.8241000e+01  -1.8813500e+00  -1.0000000e+00
   2.0300000e+02   1.5435600e+01   1.1687500e+00  -1.0000000e+00
   2.0400000e+02   2.5074800e+00   1.4571500e+01  -1.0000000e+00
   2.0500000e+02   1.2756700e+01   4.3069500e+00  -1.0000000e+00
   2.0600000e+02   1.0137300e+01  -9.0760800e+00  -1.0000000e+00
   2.0700000e+02   1.5550700e+01  -4.3138400e+00  -1.0000000e+00
   2.0800000e+02  -5.0525200e+00   1.6214400e+00   1.0000000e+00
   2.0900000e+02   5.8005600e+00   1.2060700e+01  -1.0000000e+00
   2.1000000e+02   9.2078400e+00   1.6434200e+01  -1.0000000e+00
   2.1100000e+02   1.6912200e+01  -5.8721700e+00  -1.0000000e+00
   2.1200000e+02   2.0497900e+00  -4.0403700e+00   1.0000000e+00
   2.1300000e+02   3.2878200e+00   6.3221200e+00  -1.0000000e+00
   2.1400000e+02   7.2708800e+00   4.9894700e+00  -1.0000000e+00
   2.1500000e+02   6.4362900e-02   1.1262600e+01   1.0000000e+00
   2.1600000e+02  -2.5016900e+00   6.4512000e+00   1.0000000e+00
   2.1700000e+02  -1.1011100e+01  -1.1565500e+01   1.0000000e+00
   2.1800000e+02  -3.0261900e+00   1.0197200e+00   1.0000000e+00
   2.1900000e+02   9.4656400e+00  -1.1033300e+01  -1.0000000e+00
   2.2000000e+02  -1.1482000e+01   5.4130100e+00   1.0000000e+00
   2.2100000e+02  -1.5117300e+01  -2.9328400e+00   1.0000000e+00
   2.2200000e+02   8.7042600e+00  -2.0267200e+00  -1.0000000e+00
   2.2300000e+02  -1.5281300e+00   2.4226600e+00   1.0000000e+00
   2.2400000e+02   5.0624000e+00   1.5696400e+01  -1.0000000e+00
   2.2500000e+02   1.6820200e+01  -3.7129900e-01  -1.0000000e+00
   2.2600000e+02  -1.5560200e+01   6.6300400e+00   1.0000000e+00
   2.2700000e+02   2.3752900e+00  -6.1169000e+00   1.0000000e+00
   2.2800000e+02   1.5462600e+01   6.7371100e+00  -1.0000000e+00
   2.2900000e+02  -1.3422100e+01   1.3449400e+01   1.0000000e+00
   2.3000000e+02  -8.5447600e+00  -6.6918200e+00   1.0000000e+00
   2.3100000e+02  -1.4528800e+01   2.5657700e+00   1.0000000e+00
   2.3200000e+02  -2.5761900e+00  -9.8488400e-01   1.0000000e+00
   2.3300000e+02  -9.5495000e+00  -2.6655600e+00   1.0000000e+00
   2.3400000e+02   5.9001300e+00  -1.2827000e+01  -1.0000000e+00
   2.3500000e+02   1.6820800e+01   5.0962700e+00  -1.0000000e+00
   2.3600000e+02   4.0361600e+00  -1.7305000e+01   1.0000000e+00
   2.3700000e+02   1.4350300e+00  -9.5887900e+00   1.0000000e+00
   2.3800000e+02  -7.0252200e+00   2.2287600e+00   1.0000000e+00
   2.3900000e+02   6.2223200e+00  -1.8070700e+01  -1.0000000e+00
   2.4000000e+02  -6.0797600e-01  -1.6519600e+01   1.0000000e+00
   2.4100000e+02  -3.0724100e+00  -6.4181200e+00   1.0000000e+00
   2.4200000e+02   8.0428300e+00  -3.9829000e+00  -1.0000000e+00
   2.4300000e+02  -1.5046500e+00   9.9091900e+00   1.0000000e+00
   2.4400000e+02   1.8244800e+01  -7.4428600e+00  -1.0000000e+00
   2.4500000e+02  -7.4587800e+00   1.1720200e+01   1.0000000e+00
   2.4600000e+02  -2.3549400e+00   1.3977200e+01   1.0000000e+00
   2.4700000e+02   1.2830300e+01  -6.7113500e+00  -1.0000000e+00
   2.4800000e+02   8.7830000e+00  -7.4872800e+00  -1.0000000e+00
   2.4900000e+02  -7.5878100e-01   1.7503900e-01   1.0000000e+00
   2.5000000e+02  -7.5135200e+00  -1.0713000e+01   1.0000000e+00
   2.5100000e+02  -1.0572300e+01  -6.0862500e+00   1.0000000e+00
   2.5200000e+02  -4.0797900e+00  -1.7419300e+01   1.0000000e+00
   2.5300000e+02   4.4099400e+00  -2.8104400e+00  -1.0000000e+00
   2.5400000e+02   1.1500700e+01  -1.0649500e+01  -1.0000000e+00
   2.5500000e+02   1.3412800e+01   6.2563700e+00  -1.0000000e+00
   2.5600000e+02   7.1649000e+00   1.6004300e+01  -1.0000000e+00
   2.5700000e+02   1.4656900e+00   5.2509100e+00   1.0000000e+00
   2.5800000e+02   3.7379600e+00   1.1796100e+01  -1.0000000e+00
   2.5900000e+02  -9.5388000e+00  -1.0118300e+01   1.0000000e+00
   2.6000000e+02   5.2160800e+00   4.5837100e+00  -1.0000000e+00
   2.6100000e+02   7.8215100e+00   1.2486100e+01  -1.0000000e+00
   2.6200000e+02   5.2182200e+00  -9.1636800e-01  -1.0000000e+00
   2.6300000e+02  -1.2500500e+01   1.9858700e+00   1.0000000e+00
   2.6400000e+02   1.6202300e+01   8.6514200e+00  -1.0000000e+00
   2.6500000e+02  -4.9026300e+00   1.6606200e+01   1.0000000e+00
   2.6600000e+02  -9.9652300e+00   6.8554300e+00   1.0000000e+00
   2.6700000e+02   8.6425200e+00   3.4594300e+00  -1.0000000e+00
   2.6800000e+02   1.5975800e+00   1.2676300e+01  -1.0000000e+00
   2.6900000e+02  -8.4683900e+00   8.2817600e+00   1.0000000e+00
   2.7000000e+02  -4.5823300e+00  -1.5382400e+01   1.0000000e+00
   2.7100000e+02  -1.0452800e+01   8.8623600e+00   1.0000000e+00
   2.7200000e+02   1.4858300e+01  -6.2530500e+00  -1.0000000e+00
   2.7300000e+02  -8.5484200e+00  -1.4154100e+01   1.0000000e+00
   2.7400000e+02  -1.4092200e+01  -6.9558700e+00   1.0000000e+00
   2.7500000e+02  -9.0621500e+00  -4.6654500e+00   1.0000000e+00
   2.7600000e+02   9.1742100e+00  -1.5145300e+01  -1.0000000e+00
   2.7700000e+02   7.1563100e+00   1.0505500e+01  -1.0000000e+00
   2.7800000e+02   2.4031900e+00  -1.3616600e+01   1.0000000e+00
   2.7900000e+02   1.7573100e+01   1.6140800e+00  -1.0000000e+00
   2.8000000e+02  -1.0538400e+01   1.3782500e+00   1.0000000e+00
   2.8100000e+02  -9.5145500e+00   4.8342600e+00   1.0000000e+00
   2.8200000e+02  -4.9789500e+00   9.1074600e+00   1.0000000e+00
   2.8300000e+02   2.8016800e+00   1.8608300e+01  -1.0000000e+00
   2.8400000e+02  -5.4901900e+00   1.1136100e+01   1.0000000e+00
   2.8500000e+02   1.2873400e+01  -1.2175000e+01  -1.0000000e+00
   2.8600000e+02  -6.0494500e+00  -1.8025400e+00   1.0000000e+00
   2.8700000e+02   1.0034600e+01   1.9311000e+00  -1.0000000e+00
   2.8800000e+02  -4.0947000e+00  -2.4004800e+00   1.0000000e+00
   2.8900000e+02  -1.1308100e+00  -1.4516100e+01   1.0000000e+00
   2.9000000e+02   7.6142700e+00  -1.6531300e+01  -1.0000000e+00
   2.9100000e+02  -1.2922700e+01   1.1456700e+01   1.0000000e+00
   2.9200000e+02   8.6968800e+00  -1.3010400e+01  -1.0000000e+00
   2.9300000e+02  -2.0389000e+00   4.4352500e+00   1.0000000e+00
   2.9400000e+02   4.9924900e+00   1.7774700e+01  -1.0000000e+00
   2.9500000e+02   1.6227800e+01  -7.8373200e+00  -1.0000000e+00
   2.9600000e+02  -7.9901700e+00   6.2712200e+00   1.0000000e+00
   2.9700000e+02   2.8921400e+00  -8.1095200e+00   1.0000000e+00
   2.9800000e+02   8.9250200e-01  -1.5018200e+01   1.0000000e+00
   2.9900000e+02   6.6678400e+00  -2.4453100e+00  -1.0000000e+00
