   0.0000000e+00   5.2071200e+00  -1.7537200e+01  -1.0000000e+00
   1.0000000e+00  -1.2588300e+01   1.3409900e+01   1.0000000e+00
   2.0000000e+00   1.2113200e+01  -8.8340100e+00  -1.0000000e+00
   3.0000000e+00  -7.0413500e+00   1.9399800e+00   1.0000000e+00
   4.0000000e+00   5.1093200e+00   9.9521600e+00  -1.0000000e+00
   5.0000000e+00  -4.0037300e+00   4.8086000e+00   1.0000000e+00
   6.0000000e+00  -1.2543700e+01   1.7256000e+00   1.0000000e+00
   7.0000000e+00   1.6206500e+01  -7.9910900e+00  -1.0000000e+00
   8.0000000e+00  -2.0151900e+00   4.2324200e+00  -1.0000000e+00
   9.0000000e+00   1.1368100e+01   2.0117600e-01  -1.0000000e+00
   1.0000000e+01   9.1502800e+00   1.6390000e+01  -1.0000000e+00
   1.1000000e+01  -1.8635600e+01   3.6445000e+00   1.0000000e+00
   1.2000000e+01   2.0382500e+00  -1.6993600e+01  -1.0000000e+00
   1.3000000e+01   7.1193000e+00   1.0374500e+01  -1.0000000e+00
   1.4000000e+01  -3.6236600e+00  -1.2124700e+01   1.0000000e+00
   1.5000000e+01   7.2830400e+00  -6.4524700e-01  -1.0000000e+00
   1.6000000e+01  -4.0866800e+00  -2.6628800e+00   1.0000000e+00
   1.7000000e+01  -1.2417100e+01   9.2671300e+00   1.0000000e+00
   1.8000000e+01   1.6156500e+01  -2.5149800e+00  -1.0000000e+00
   1.9000000e+01   7.2195800e-01  -1.3184500e+01  -1.0000000e+00
   2.0000000e+01   1.4661900e+01   1.0034800e+01  -1.0000000e+00
   2.1000000e+01   1.7122000e+00   1.1056100e+01  -1.0000000e+00
   2.2000000e+01   9.1635900e-01   1.4536900e+01  -1.0000000e+00
   2.3000000e+01  -1.1932900e+01   7.2305800e+00   1.0000000e+00
   2.4000000e+01   8.6592600e+00  -2.1918100e+00  -1.0000000e+00
   2.5000000e+01   6.3869600e+00   1.3901500e+01  -1.0000000e+00
   2.6000000e+01  -9.9594500e+00   6.6197800e+00   1.0000000e+00
   2.7000000e+01   5.7428600e+00   1.7467700e+01  -1.0000000e+00
   2.8000000e+01  -9.5666600e+00  -1.0379100e+01   1.0000000e+00
   2.9000000e+01  -1.7505300e+01  -2.5614300e+00   1.0000000e+00
   3.0000000e+01   7.3721900e+00  -1.1590400e+01  -1.0000000e+00
   3.1000000e+01  -5.0492500e+00   1.4929900e+01   1.0000000e+00
   3.2000000e+01   3.7379100e+00   1.1487200e+01  -1.0000000e+00
   3.3000000e+01   1.3398500e+01  -4.9051300e+00  -1.0000000e+00
   3.4000000e+01  -1.5279200e+00   2.1164700e+00  -1.0000000e+00
   3.5000000e+01  -1.3570900e+01  -1.7074500e+00   1.0000000e+00
   3.6000000e+01   7.9493100e+00   1.3167600e+00  -1.0000000e+00
   3.7000000e+01   1.5263300e+01   1.2009900e+01  -1.0000000e+00
   3.8000000e+01   3.2404600e+00  -1.2412300e+01  -1.0000000e+00
   3.9000000e+01  -8.0627500e+00  -1.4755500e+00   1.0000000e+00
   4.0000000e+01  -1.1094600e+01  -1.1775500e+01   1.0000000e+00
   4.1000000e+01  -1.6561600e+00  -1.2717500e+01   1.0000000e+00
   4.2000000e+01  -3.6182400e+00  -4.6885100e+00   1.0000000e+00
   4.3000000e+01  -1.0597500e+01  -6.3540100e+00   1.0000000e+00
   4.4000000e+01   3.8586500e+00  -1.5959400e+01  -1.0000000e+00
   4.5000000e+01   3.9133800e+00  -4.9818300e+00  -1.0000000e+00
   4.6000000e+01   1.2201700e+01  -1.4357300e+01  -1.0000000e+00
   4.7000000e+01  -1.0997900e+01   3.1481600e+00   1.0000000e+00
   4.8000000e+01   1.3236500e+01   1.1612300e+01  -1.0000000e+00
   4.9000000e+01   9.2853700e+00   5.2474100e+00  -1.0000000e+00
   5.0000000e+01   1.0554000e+01   9.1724200e+00  -1.0000000e+00
   5.1000000e+01   1.7864700e-01   1.8077500e+01  -1.0000000e+00
   5.2000000e+01  -8.1119100e+00  -8.9318600e+00   1.0000000e+00
   5.3000000e+01  -2.0319900e-01   5.2072700e+00  -1.0000000e+00
   5.4000000e+01   7.7920600e-01  -1.5371300e+01  -1.0000000e+00
   5.5000000e+01  -1.5670600e+01  -8.7112500e+00   1.0000000e+00
   5.6000000e+01  -1.2120500e+01  -1.5278100e+01   1.0000000e+00
   5.7000000e+01   1.1222100e+01   1.1239600e+01  -1.0000000e+00
   5.8000000e+01   5.9330100e+00  -1.5561300e+01  -1.0000000e+00
   5.9000000e+01  -2.4649100e+00   1.5665400e+01  -1.0000000e+00
   6.0000000e+01   1.3361600e+01   6.1012300e+00  -1.0000000e+00
   6.1000000e+01   4.3190200e-01   7.1613900e+00  -1.0000000e+00
   6.2000000e+01   1.7570600e+01  -4.0255200e+00  -1.0000000e+00
   6.3000000e+01   5.7540700e+00   1.1922800e+01  -1.0000000e+00
   6.4000000e+01  -4.0920400e+00  -1.7634300e+01   1.0000000e+00
   6.5000000e+01   5.9192400e+00   9.0787700e-01  -1.0000000e+00
   6.6000000e+01   7.9706600e+00  -1.5123000e+01  -1.0000000e+00
   6.7000000e+01  -3.0988500e+00   7.5417900e-01   1.0000000e+00
   6.8000000e+01  -8.1555200e+00  -1.6448400e+01   1.0000000e+00
   6.9000000e+01  -2.6441500e+00  -1.6140200e+01   1.0000000e+00
   7.0000000e+01   9.3265600e+00  -2.2167100e-01  -1.0000000e+00
   7.1000000e+01  -5.6188500e+00  -1.1561900e+01   1.0000000e+00
   7.2000000e+01  -5.6199100e+00  -4.0796000e+00   1.0000000e+00
   7.3000000e+01   1.3453500e+01  -1.0433600e+01  -1.0000000e+00
   7.4000000e+01  -9.0095200e+00   2.5440200e+00   1.0000000e+00
   7.5000000e+01  -6.5715800e+00   1.1457200e+01   1.0000000e+00
   7.6000000e+01   1.7488100e+01   1.4610300e+00  -1.0000000e+00
   7.7000000e+01  -1.1472000e+01   5.1677300e+00   1.0000000e+00
   7.8000000e+01   6.6055900e+00  -2.6169600e+00  -1.0000000e+00
   7.9000000e+01  -1.6988900e+01   4.9432000e+00   1.0000000e+00
   8.0000000e+01   4.6036500e+00  -8.4995500e+00  -1.0000000e+00
   8.1000000e+01   3.9090300e+00  -1.0461300e+01  -1.0000000e+00
   8.2000000e+01   1.2084300e+00  -7.3507100e+00  -1.0000000e+00
   8.3000000e+01   3.2475000e+00  -6.9480400e+00  -1.0000000e+00
   8.4000000e+01   1.1971700e+01   7.6473900e+00  -1.0000000e+00
   8.5000000e+01   5.2484900e-01  -3.8412300e+00  -1.0000000e+00
   8.6000000e+01  -6.5449700e+00  -5.3721600e-02   1.0000000e+00
   8.7000000e+01  -1.2052400e+01  -2.9684200e-01   1.0000000e+00
   8.8000000e+01   1.6193600e+01   8.4688800e+00  -1.0000000e+00
   8.9000000e+01  -2.0155000e+00   1.7670400e+01  -1.0000000e+00
   9.0000000e+01   1.2567500e+01   9.6332200e+00  -1.0000000e+00
   9.1000000e+01   1.0522100e+01   1.4768800e+01  -1.0000000e+00
   9.2000000e+01   5.2082000e+00   4.4474500e+00  -1.0000000e+00
   9.3000000e+01  -3.5494400e+00   2.7835300e+00   1.0000000e+00
   9.4000000e+01   1.0689400e+01  -7.2741100e+00  -1.0000000e+00
   9.5000000e+01   5.0312600e+00   1.5448400e+01  -1.0000000e+00
   9.6000000e+01   5.1521600e-01   1.6693800e+00  -1.0000000e+00
   9.7000000e+01  -8.6177400e+00  -6.8992000e+00   1.0000000e+00
   9.8000000e+01  -1.6673300e+01  -4.5581200e+00   1.0000000e+00
   9.9000000e+01  -4.9775600e+00   8.8352500e+00   1.0000000e+00
   1.0000000e+02  -4.5245500e+00   6.8273700e+00   1.0000000e+00
   1.0100000e+02   1.0013200e+01  -3.7838700e+00  -1.0000000e+00
   1.0200000e+02  -8.0612600e-01  -7.7527400e+00   1.0000000e+00
   1.0300000e+02   8.7303400e+00  -1.3199600e+01  -1.0000000e+00
   1.0400000e+02   3.2145000e+00  -1.4621000e+00  -1.0000000e+00
   1.0500000e+02   5.2726600e+00  -6.5213500e+00  -1.0000000e+00
   1.0600000e+02   1.5928000e+00   1.6515400e+01  -1.0000000e+00
   1.0700000e+02  -1.1592600e+01  -2.3134200e+00   1.0000000e+00
   1.0800000e+02   4.5817500e+00  -3.0134000e+00  -1.0000000e+00
   1.0900000e+02   7.9869800e+00  -9.6106300e+00  -1.0000000e+00
   1.1000000e+02   1.5478300e+01  -4.4866600e+00  -1.0000000e+00
   1.1100000e+02   9.8854700e+00   1.2799100e+01  -1.0000000e+00
   1.1200000e+02   2.2237600e+00   1.8538000e+01  -1.0000000e+00
   1.1300000e+02   1.1694800e+00  -1.8586100e+00  -1.0000000e+00
   1.1400000e+02   1.8848000e+00  -5.3750100e+00  -1.0000000e+00
   1.1500000e+02  -1.1642700e+01  -9.7789100e+00   1.0000000e+00
   1.1600000e+02   1.1946600e+01   1.3226500e+01  -1.0000000e+00
   1.1700000e+02   5.9885000e+00  -1.0069400e+01  -1.0000000e+00
   1.1800000e+02  -9.4986000e+00   4.5773800e+00   1.0000000e+00
   1.1900000e+02  -4.6204400e+00  -8.1112500e+00   1.0000000e+00
   1.2000000e+02   2.5680500e+00  -1.4352100e+01  -1.0000000e+00
   1.2100000e+02   9.3344000e+00  -5.7176300e+00  -1.0000000e+00
   1.2200000e+02   6.5801800e+00   2.8868800e+00  -1.0000000e+00
   1.2300000e+02   1.0748600e+01  -1.2719300e+01  -1.0000000e+00
   1.2400000e+02   4.4789400e+00   7.9769900e+00  -1.0000000e+00
   1.2500000e+02   3.5935700e+00   1.6952300e+01  -1.0000000e+00
   1.2600000e+02   1.4802800e+01  -6.4295500e+00  -1.0000000e+00
   1.2700000e+02   3.1943200e+00   4.0469300e+00  -1.0000000e+00
   1.2800000e+02  -9.1261000e+00  -4.9143400e+00   1.0000000e+00
   1.2900000e+02   8.6091700e+00   3.2772600e+00  -1.0000000e+00
   1.3000000e+02   4.2461600e+00   1.8914100e+01  -1.0000000e+00
   1.3100000e+02   1.5438400e+01   1.0468600e+00  -1.0000000e+00
   1.3200000e+02   1.4854000e+01  -1.1937600e+01  -1.0000000e+00
   1.3300000e+02   1.5378300e+01   6.5503000e+00  -1.0000000e+00
   1.3400000e+02  -1.2808800e+01   1.1368800e+01   1.0000000e+00
   1.3500000e+02   1.8131000e+00   5.6130300e+00  -1.0000000e+00
   1.3600000e+02   4.5891800e+00  -1.3976800e+01  -1.0000000e+00
   1.3700000e+02  -1.6068300e+01   9.1838400e-01   1.0000000e+00
   1.3800000e+02  -1.7939400e+00   6.5286400e+00  -1.0000000e+00
   1.3900000e+02   1.8786100e+00  -1.0873800e+01  -1.0000000e+00
   1.4000000e+02  -1.4617000e+01  -5.1716400e+00   1.0000000e+00
   1.4100000e+02  -8.9040200e+00   1.4225900e+01   1.0000000e+00
   1.4200000e+02  -1.5437700e+01   6.3988300e+00   1.0000000e+00
   1.4300000e+02   1.3972000e+01   1.3610900e+01  -1.0000000e+00
   1.4400000e+02  -2.1047100e+00  -1.0687500e+01   1.0000000e+00
   1.4500000e+02  -1.4591300e+01  -1.2739600e+01   1.0000000e+00
   1.4600000e+02  -4.4747400e+00   1.0830500e+01   1.0000000e+00
   1.4700000e+02   5.9695600e-01  -1.8486800e+01  -1.0000000e+00
   1.4800000e+02  -1.0057700e+01  -9.1259700e-01   1.0000000e+00
   1.4900000e+02   1.1386900e+01  -5.3272100e+00  -1.0000000e+00
   1.5000000e+02  -1.4522700e+01   2.3182600e+00   1.0000000e+00
   1.5100000e+02  -1.0423500e+01   8.6398100e+00   1.0000000e+00
   1.5200000e+02  -9.1290500e+00  -1.2397200e+01   1.0000000e+00
   1.5300000e+02  -7.1174700e-01  -1.6832800e+01   1.0000000e+00
   1.5400000e+02   7.9707800e+00  -4.1705200e+00  -1.0000000e+00
   1.5500000e+02   9.3521900e+00  -1.6668200e+01  -1.0000000e+00
   1.5600000e+02   1.4068800e+01   2.5825400e+00  -1.0000000e+00
   1.5700000e+02   1.0652100e+01   3.7057200e+00  -1.0000000e+00
   1.5800000e+02   9.1443600e+00   1.0745500e+01  -1.0000000e+00
   1.5900000e+02   3.3722900e+00  -1.8614400e+01  -1.0000000e+00
   1.6000000e+02  -1.6120200e+01  -6.5715200e+00   1.0000000e+00
   1.6100000e+02  -5.1265900e+00  -6.0987900e+00   1.0000000e+00
   1.6200000e+02   9.8921900e+00   7.2189000e+00  -1.0000000e+00
   1.6300000e+02  -4.5695200e+00  -6.6378300e-01   1.0000000e+00
   1.6400000e+02  -1.6495000e+01   2.9405400e+00   1.0000000e+00
   1.6500000e+02  -5.0153400e+00   1.2855500e+01   1.0000000e+00
   1.6600000e+02  -1.4034400e+01   2.9058800e-01   1.0000000e+00
   1.6700000e+02   1.1743000e+00   3.6528500e+00  -1.0000000e+00
   1.6800000e+02   1.6096800e+01   3.0028600e+00  -1.0000000e+00
   1.6900000e+02   7.3061400e+00  -6.1188100e+00  -1.0000000e+00
   1.7000000e+02  -7.1149500e+00  -5.4954700e+00   1.0000000e+00
   1.7100000e+02  -1.1089000e+01  -4.3094400e+00   1.0000000e+00
   1.7200000e+02  -1.0979000e+00   1.4106500e+01  -1.0000000e+00
   1.7300000e+02  -6.6199700e+00  -1.5047400e+01   1.0000000e+00
   1.7400000e+02  -1.6164300e+00  -4.2487300e+00   1.0000000e+00
   1.7500000e+02  -2.6449400e+00  -8.6725500e+00   1.0000000e+00
   1.7600000e+02  -4.2032300e-01   1.0633200e+01  -1.0000000e+00
   1.7700000e+02   2.8242600e-01   1.2554400e+01  -1.0000000e+00
   1.7800000e+02   5.2349700e+00  -1.0493200e+00  -1.0000000e+00
   1.7900000e+02  -1.5688400e+01  -1.1613700e+00   1.0000000e+00
   1.8000000e+02  -1.3895500e+01   7.8321600e+00   1.0000000e+00
   1.8100000e+02   2.4503500e+00   7.5682100e+00  -1.0000000e+00
   1.8200000e+02  -1.3425100e+01   5.8065400e+00   1.0000000e+00
   1.8300000e+02  -1.0082100e+00   8.6658500e+00  -1.0000000e+00
   1.8400000e+02  -9.5790400e+00  -2.9083500e+00   1.0000000e+00
   1.8500000e+02   1.2031700e+01   2.1741600e+00  -1.0000000e+00
   1.8600000e+02  -5.1231200e+00  -1.3565400e+01   1.0000000e+00
   1.8700000e+02  -1.5125000e+01  -1.0696600e+01   1.0000000e+00
   1.8800000e+02   9.3773000e+00  -1.1181200e+01  -1.0000000e+00
   1.8900000e+02   3.9053000e+00   5.4216300e-01  -1.0000000e+00
   1.9000000e+02  -4.4843200e-01   1.6102300e+01  -1.0000000e+00
   1.9100000e+02  -7.5989800e+00  -3.4912900e+00   1.0000000e+00
   1.9200000e+02  -1.5942100e+01   8.4168000e+00   1.0000000e+00
   1.9300000e+02  -1.2622500e+01  -5.7242800e+00   1.0000000e+00
   1.9400000e+02   1.0708400e+01  -1.7531900e+00  -1.0000000e+00
   1.9500000e+02  -2.6000700e+00  -1.2402000e+00   1.0000000e+00
   1.9600000e+02   5.2589300e+00  -1.2016500e+01  -1.0000000e+00
   1.9700000e+02  -1.0552100e+01   1.2734600e+01   1.0000000e+00
   1.9800000e+02   1.2733800e+01  -1.3602800e+00  -1.0000000e+00
   1.9900000e+02  -3.0105600e+00   8.2132600e+00   1.0000000e+00
   2.0000000e+02   7.2424600e+00   4.8365600e+00  -1.0000000e+00
   2.0100000e+02  -4.2211600e+00   1.6907100e+01   1.0000000e+00
   2.0200000e+02   7.8584100e+00   6.8214400e+00  -1.0000000e+00
   2.0300000e+02  -6.0916000e+00  -2.0668000e+00   1.0000000e+00
   2.0400000e+02  -1.1589200e+00  -1.4715100e+01   1.0000000e+00
   2.0500000e+02  -6.1335900e+00  -1.7153200e+01   1.0000000e+00
   2.0600000e+02  -1.8102200e+01   1.5762200e+00   1.0000000e+00
   2.0700000e+02  -1.3121700e+01  -1.1242600e+01   1.0000000e+00
   2.0800000e+02  -1.2095900e+01  -7.7614500e+00   1.0000000e+00
   2.0900000e+02  -1.7654500e+01  -4.5395800e-01   1.0000000e+00
   2.1000000e+02   9.9989900e+00   1.7398100e+00  -1.0000000e+00
   2.1100000e+02  -3.1375400e+00  -1.4131800e+01   1.0000000e+00
   2.1200000e+02  -1.3129500e+01  -3.7239800e+00   1.0000000e+00
   2.1300000e+02   1.4727600e+01   4.5455900e+00  -1.0000000e+00
   2.1400000e+02   4.5552000e+00   2.4944200e+00  -1.0000000e+00
   2.1500000e+02  -7.1452500e+00   1.5541700e+01   1.0000000e+00
   2.1600000e+02  -1.5111600e+01  -3.1618300e+00   1.0000000e+00
   2.1700000e+02  -8.9165300e+00   1.0040700e+01   1.0000000e+00
   2.1800000e+02  -1.0095800e+01  -8.3682500e+00   1.0000000e+00
   2.1900000e+02   1.0085800e+01  -1.4735000e+01  -1.0000000e+00
   2.2000000e+02  -7.5201200e+00   3.9954600e+00   1.0000000e+00
   2.2100000e+02   6.6374500e+00  -1.3540600e+01  -1.0000000e+00
   2.2200000e+02  -3.1510600e+00   1.3730400e+01  -1.0000000e+00
   2.2300000e+02   7.0957800e+00   1.5848600e+01  -1.0000000e+00
   2.2400000e+02  -1.4979600e+01   4.3541800e+00   1.0000000e+00
   2.2500000e+02  -5.5477800e+00   3.3860100e+00   1.0000000e+00
   2.2600000e+02  -1.3622900e+01  -9.1944800e+00   1.0000000e+00
   2.2700000e+02   1.4747400e+01  -9.6125500e-01  -1.0000000e+00
   2.2800000e+02  -6.6217200e+00  -7.5194800e+00   1.0000000e+00
   2.2900000e+02   1.8195700e+01  -2.0391000e+00  -1.0000000e+00
   2.3000000e+02  -1.0875700e+01   1.0663000e+01   1.0000000e+00
   2.3100000e+02  -1.4078600e+01  -7.1727700e+00   1.0000000e+00
   2.3200000e+02   2.9559500e+00   1.4986600e+01  -1.0000000e+00
   2.3300000e+02   8.4422000e+00   1.4288900e+01  -1.0000000e+00
   2.3400000e+02  -8.3760300e-01  -2.3129500e+00  -1.0000000e+00
   2.3500000e+02  -5.0653000e+00   1.3843900e+00   1.0000000e+00
   2.3600000e+02   2.5393500e+00  -3.4160900e+00  -1.0000000e+00
   2.3700000e+02  -1.7494500e+01   7.0542500e+00   1.0000000e+00
   2.3800000e+02   5.8508000e+00   6.3893800e+00  -1.0000000e+00
   2.3900000e+02  -6.9493100e+00   9.4459500e+00   1.0000000e+00
   2.4000000e+02   1.1316300e+01   5.7030600e+00  -1.0000000e+00
   2.4100000e+02   4.3762400e+00   1.3483400e+01  -1.0000000e+00
   2.4200000e+02   2.3582800e+00   1.3015500e+01  -1.0000000e+00
   2.4300000e+02  -6.4917700e+00   7.4244200e+00   1.0000000e+00
   2.4400000e+02  -1.4549000e+01   1.2474300e+01   1.0000000e+00
   2.4500000e+02  -2.7199000e+00  -6.5649000e+00   1.0000000e+00
   2.4600000e+02  -8.5918600e+00  -1.4425800e+01   1.0000000e+00
   2.4700000e+02  -2.4800300e+00   1.0193300e+01  -1.0000000e+00
   2.4800000e+02   2.5229200e+00   2.0911400e+00  -1.0000000e+00
   2.4900000e+02   1.4077000e+01  -2.9367900e+00  -1.0000000e+00
   2.5000000e+02   5.3450000e-01  -9.3191500e+00  -1.0000000e+00
   2.5100000e+02  -7.9937400e+00   6.0205500e+00   1.0000000e+00
   2.5200000e+02   1.6803300e+01   4.9809200e+00  -1.0000000e+00
   2.5300000e+02   1.3410200e+01   6.4050300e-01  -1.0000000e+00
   2.5400000e+02  -5.7364400e-01  -2.3568300e-01  -1.0000000e+00
   2.5500000e+02   1.5568400e+01  -9.9841700e+00  -1.0000000e+00
   2.5600000e+02  -4.1293300e+00  -1.0123300e+01   1.0000000e+00
   2.5700000e+02  -1.0594600e+01  -1.3867600e+01   1.0000000e+00
   2.5800000e+02   6.6198200e+00  -8.0685400e+00  -1.0000000e+00
   2.5900000e+02   1.4138000e+01  -8.4289700e+00  -1.0000000e+00
   2.6000000e+02  -6.1318500e+00  -9.5139300e+00   1.0000000e+00
   2.6100000e+02  -8.5502600e+00   5.1988300e-01   1.0000000e+00
   2.6200000e+02   1.6893000e+01  -6.0233000e+00  -1.0000000e+00
   2.6300000e+02  -6.2083200e+00   1.7405800e+01   1.0000000e+00
   2.6400000e+02  -4.6471900e+00  -1.5634000e+01   1.0000000e+00
   2.6500000e+02  -1.0886000e+01   1.4769800e+01   1.0000000e+00
   2.6600000e+02   1.2050000e+01  -3.3121600e+00  -1.0000000e+00
   2.6700000e+02   2.5518500e+00  -8.9046400e+00  -1.0000000e+00
   2.6800000e+02  -1.4340800e-01  -1.1300900e+01  -1.0000000e+00
   2.6900000e+02  -1.3010600e+01   3.7460600e+00   1.0000000e+00
   2.7000000e+02   1.2711300e+01   4.1299100e+00  -1.0000000e+00
   2.7100000e+02   7.2687000e+00  -1.7158000e+01  -1.0000000e+00
   2.7200000e+02   1.2808700e+01  -1.2378300e+01  -1.0000000e+00
   2.7300000e+02   8.6766900e+00  -7.6673900e+00  -1.0000000e+00
   2.7400000e+02   7.7703500e+00   1.2332500e+01  -1.0000000e+00
   2.7500000e+02   1.0041400e+00   9.1352800e+00  -1.0000000e+00
   2.7600000e+02  -1.2558900e+01  -1.3246600e+01   1.0000000e+00
   2.7700000e+02  -7.1166500e+00  -1.2985100e+01   1.0000000e+00
   2.7800000e+02  -7.6063700e+00  -1.0992300e+01   1.0000000e+00
   2.7900000e+02   1.1407500e+01  -1.0769300e+01  -1.0000000e+00
   2.8000000e+02   1.3992000e+01   8.0741200e+00  -1.0000000e+00
   2.8100000e+02  -8.4491600e+00   8.0349100e+00   1.0000000e+00
   2.8200000e+02  -1.8246100e+00   1.2147900e+01  -1.0000000e+00
   2.8300000e+02   3.1054200e+00   9.5151700e+00  -1.0000000e+00
   2.8400000e+02  -1.0531700e+01   1.1095100e+00   1.0000000e+00
   2.8500000e+02  -1.7173800e-01  -5.7802000e+00  -1.0000000e+00
   2.8600000e+02   1.2765800e+01  -6.8697700e+00  -1.0000000e+00
   2.8700000e+02  -6.0221300e+00   5.4139600e+00   1.0000000e+00
   2.8800000e+02  -1.6339000e+01   1.0553200e+01   1.0000000e+00
   2.8900000e+02  -6.9640700e+00   1.3499500e+01   1.0000000e+00
   2.9000000e+02  -8.5546500e+00   1.2086300e+01   1.0000000e+00
   2.9100000e+02   8.5338500e+00   8.7767400e+00  -1.0000000e+00
   2.9200000e+02   3.8283500e+00   6.0339300e+00  -1.0000000e+00
   2.9300000e+02   6.4921300e+00   8.3644000e+00  -1.0000000e+00
   2.9400000e+02   5.9412800e+00  -4.5662100e+00  -1.0000000e+00
   2.9500000e+02  -1.4347500e+01   1.0003500e+01   1.0000000e+00
   2.9600000e+02   1.0035900e+01  -9.2272800e+00  -1.0000000e+00
   2.9700000e+02   1.8773000e+00   1.2237200e-01  -1.0000000e+00
   2.9800000e+02   1.6793100e+01  -5.3978100e-01  -1.0000000e+00
   2.9900000e+02   1.8174300e+01   3.4314900e+00  -1.0000000e+00
