   0.0000000e+00  -1.2523400e+01   4.9390400e-01   4.5477000e+01   1.0000000e+00
   1.0000000e+00  -1.5075400e+01  -2.1213100e+00   4.5499700e+01  -2.0000000e+00
   2.0000000e+00   4.4153300e+00   1.3963700e+00   4.5881800e+01   1.0000000e+00
   3.0000000e+00   4.1388500e+00   1.8017000e+01   1.2116900e+01  -1.0000000e+00
   4.0000000e+00   7.6170000e+00  -1.6448500e+01   4.9065900e+01  -1.0000000e+00
   5.0000000e+00  -1.4549900e+01  -5.6555900e-02   4.5835700e+01   1.0000000e+00
   6.0000000e+00   2.9826700e+00  -1.2178800e+01   4.6088500e+01   1.0000000e+00
   7.0000000e+00   9.7801600e+00   5.8885600e+00   8.1306900e+00   1.0000000e+00
   8.0000000e+00  -4.5205600e+00   2.6611200e+00   3.1926400e+01  -3.0000000e+00
   9.0000000e+00  -1.0001800e+00  -1.3301000e+01   4.5515100e+01   1.0000000e+00
   1.0000000e+01  -1.2567900e+01  -7.0585500e+00   4.5751600e+01   1.0000000e+00
   1.1000000e+01   1.6602700e+01  -9.8197000e+00   4.6891300e+01  -1.0000000e+00
   1.2000000e+01  -1.6525800e+01  -8.2303800e+00   4.6641600e+01  -1.0000000e+00
   1.3000000e+01  -1.4744800e+01   1.0729200e+01   5.6130000e+01  -1.0000000e+00
   1.4000000e+01  -6.5808900e+00  -5.4176000e+00   4.5360500e+01   1.0000000e+00
   1.5000000e+01  -9.0249000e+00  -1.5520000e+01   3.3390000e+01  -2.0000000e+00
   1.6000000e+01  -9.9531900e+00   3.0859100e+00   4.5385800e+01   1.0000000e+00
   1.7000000e+01  -9.5476300e+00  -9.9850600e+00   4.6281000e+01   1.0000000e+00
   1.8000000e+01  -1.2507200e+01  -1.4533800e+01   3.4108200e+01  -2.0000000e+00
   1.9000000e+01   9.0294700e-01   2.2725600e+00   4.5393200e+01   1.0000000e+00
   2.0000000e+01  -5.0759600e+00  -6.9192900e+00   4.5832000e+01   1.0000000e+00
   2.1000000e+01  -9.6785100e+00   1.2916500e+01   1.2632800e+01  -2.0000000e+00
   2.2000000e+01  -1.4488800e+01  -1.5149200e+01   7.8070200e+01  -1.0000000e+00
   2.3000000e+01   1.1596600e+01  -1.5186100e+01   4.7425800e+01  -1.0000000e+00
   2.4000000e+01   9.6077400e+00  -1.5768100e+01   4.8166900e+01  -1.0000000e+00
   2.5000000e+01  -4.7881200e+00   7.6814400e+00   1.3006700e+01   2.0000000e+00
   2.6000000e+01  -1.4048500e+01   2.0404800e+00   4.5190000e+01   1.0000000e+00
   2.7000000e+01  -6.0869800e+00  -3.3794700e+00   4.5273200e+01   1.0000000e+00
   2.8000000e+01   8.3933900e+00  -4.9120000e+00   4.7036800e+01   1.0000000e+00
   2.9000000e+01  -2.0075500e+00   5.1595000e+00   2.4902500e+01  -3.0000000e+00
   3.0000000e+01  -5.7664700e-01   1.3870000e+01   1.1277200e+01   2.0000000e+00
   3.1000000e+01  -3.0361600e+00  -1.3871100e+01   4.5440700e+01   1.0000000e+00
   3.2000000e+01  -8.0151400e+00  -1.1461900e+01   4.5465500e+01   1.0000000e+00
   3.3000000e+01  -7.5435800e+00  -9.4484700e+00   4.5858600e+01   1.0000000e+00
   3.4000000e+01  -1.0931100e+00  -5.7423600e+00   4.6498600e+01   1.0000000e+00
   3.5000000e+01  -7.5859700e+00  -1.8588100e+00   4.5200400e+01   1.0000000e+00
   3.6000000e+01   2.5817500e+00   1.6681200e+01   2.3395300e+01  -2.0000000e+00
   3.7000000e+01  -7.9474700e-02  -1.6795100e+01   3.2985900e+01  -2.0000000e+00
   3.8000000e+01   1.4653100e+01   2.2096600e+00   2.2839000e+01  -2.0000000e+00
   3.9000000e+01   6.9966400e+00  -1.0946100e+01   4.6851800e+01   1.0000000e+00
   4.0000000e+01  -1.1695400e+01   1.3591100e+01   2.6969200e+01  -1.0000000e+00
   4.1000000e+01   1.0250900e+01   1.5735800e+01   1.1022000e+01  -1.0000000e+00
   4.2000000e+01   1.4545000e+01  -1.0463800e+01   5.9033300e+01  -2.0000000e+00
   4.3000000e+01   8.3176600e+00   1.6493900e+01   7.8807100e+00  -1.0000000e+00
   4.4000000e+01   1.5061200e+01   7.5512500e+00   7.9308200e+00  -2.0000000e+00
   4.5000000e+01  -8.1508300e+00   1.4342200e+01   1.2703400e+01  -2.0000000e+00
   4.6000000e+01   1.1145000e+01   9.1400000e+00   4.4486600e+00  -3.0000000e+00
   4.7000000e+01  -8.5832000e+00  -5.9505700e+00   4.5408200e+01   1.0000000e+00
   4.8000000e+01  -3.7053000e+00   1.1096000e+01   1.1946800e+01   2.0000000e+00
   4.9000000e+01   5.9234500e+00  -7.4882300e+00   4.7169100e+01   1.0000000e+00
   5.0000000e+01  -5.6624300e+00   1.1724100e+01   1.1984500e+01   2.0000000e+00
   5.1000000e+01   1.5598800e+01  -6.3917500e+00   4.8153300e+01  -2.0000000e+00
   5.2000000e+01   2.9281300e+00   2.8307400e+00   4.5808200e+01   1.0000000e+00
   5.3000000e+01   3.5173400e+00  -1.0123200e+01   4.6688400e+01   1.0000000e+00
   5.4000000e+01   1.8808400e+00  -1.1823600e+00   4.6162300e+01   1.0000000e+00
   5.5000000e+01  -1.2583200e+00   8.4271100e+00   2.3715600e+01  -3.0000000e+00
   5.6000000e+01  -1.1257600e+01   1.1516000e+01   1.2632000e+01  -2.0000000e+00
   5.7000000e+01  -8.7924100e+00   8.8327200e+00   1.4133500e+01   2.0000000e+00
   5.8000000e+01   1.3458500e+01  -7.0323600e+00   4.7024500e+01   1.0000000e+00
   5.9000000e+01   9.9327800e-01  -1.2733900e+01   4.5613200e+01   1.0000000e+00
   6.0000000e+01   3.4143100e+00  -2.6224700e+00   4.6339500e+01   1.0000000e+00
   6.1000000e+01   1.6123700e+01  -1.8189800e+00   5.1516900e+01  -2.0000000e+00
   6.2000000e+01  -6.5233400e+00   2.1540600e+00   4.4222800e+01   1.0000000e+00
   6.3000000e+01   1.5932900e+01  -4.3403900e+00   5.1308200e+01  -2.0000000e+00
   6.4000000e+01   2.3806400e+00   8.1908400e-01   4.5633900e+01   1.0000000e+00
   6.5000000e+01   1.4319900e+00   1.3268000e+01   1.1131400e+01   2.0000000e+00
   6.6000000e+01   1.7130800e+01  -7.8184800e+00   6.1710300e+01  -1.0000000e+00
   6.7000000e+01  -5.0811100e+00   6.7199600e-01   4.4667400e+01   1.0000000e+00
   6.8000000e+01  -1.2800800e+01   1.0025300e+01   1.5424300e+00  -2.0000000e+00
   6.9000000e+01  -4.5260700e+00   1.5136700e+01   1.1819100e+01  -2.0000000e+00
   7.0000000e+01   1.6319400e+01   1.0986800e+01   9.2876200e+00  -1.0000000e+00
   7.1000000e+01   6.5954400e+00   1.5274200e+01   8.4124700e+00  -2.0000000e+00
   7.2000000e+01   4.5104600e+00  -1.3570400e+01   4.6297300e+01   1.0000000e+00
   7.3000000e+01   1.1310300e+01  -2.2438700e-01   3.6050000e+01  -3.0000000e+00
   7.4000000e+01   7.8073900e+00   9.1376600e+00   5.0390600e+00  -3.0000000e+00
   7.5000000e+01  -3.2583600e+00   9.0725300e+00   1.2235600e+01   2.0000000e+00
   7.6000000e+01  -1.4535000e+01  -7.6345000e+00   4.6250400e+01  -2.0000000e+00
   7.7000000e+01  -8.5067100e+00   1.6371800e+01   1.2145300e+01  -1.0000000e+00
   7.8000000e+01   6.2957100e+00   1.7311800e+01   9.2132300e+00  -1.0000000e+00
   7.9000000e+01  -2.0485200e+00  -1.7361900e+01   4.5689000e+01  -1.0000000e+00
   8.0000000e+01  -4.2318600e+00   5.4229500e+00   2.5972100e+01  -3.0000000e+00
   8.1000000e+01  -5.9984100e+00  -1.0983900e+01   4.5676600e+01   1.0000000e+00
   8.2000000e+01  -1.5488400e+01   3.5079600e+00   4.5736600e+01  -2.0000000e+00
   8.3000000e+01   1.7030600e+01   6.7559900e+00  -2.2137500e+00  -1.0000000e+00
   8.4000000e+01  -1.0073600e+01  -4.4304300e+00   4.5876000e+01   1.0000000e+00
   8.5000000e+01  -3.6047000e+00  -8.0374100e-01   4.5013500e+01   1.0000000e+00
   8.6000000e+01   7.4018700e+00   1.1188000e+01   9.3979600e+00   2.0000000e+00
   8.7000000e+01   1.6152600e+01   3.6060800e+00   2.4129600e+01  -2.0000000e+00
   8.8000000e+01  -1.3574200e+00   1.8033100e+01   1.1386200e+01  -1.0000000e+00
   8.9000000e+01  -1.5680600e+00  -7.7685400e+00   4.6543500e+01   1.0000000e+00
   9.0000000e+01  -2.1029500e+00   1.2481700e+01   1.1399700e+01   2.0000000e+00
   9.1000000e+01   7.9347700e+00  -6.9138700e+00   4.7057600e+01   1.0000000e+00
   9.2000000e+01  -1.0802000e+00   1.7378900e+00   4.5385900e+01   1.0000000e+00
   9.3000000e+01  -1.5440800e+00  -1.5333200e+01   4.5465300e+01  -2.0000000e+00
   9.4000000e+01  -1.5287800e-01   1.1812900e+01   1.1932700e+01   2.0000000e+00
   9.5000000e+01   1.7570500e+01  -5.6880100e+00   6.5406500e+01  -1.0000000e+00
   9.6000000e+01   1.8030800e+01   2.6580700e+00  -8.4931700e+00  -1.0000000e+00
   9.7000000e+01  -9.4220700e-01   1.5956700e+01   1.1252800e+01  -2.0000000e+00
   9.8000000e+01   3.9433000e-01   2.6434700e-01   4.5747500e+01   1.0000000e+00
   9.9000000e+01   1.8007300e+01   4.8016900e+00  -1.0003200e+01  -1.0000000e+00
   1.0000000e+02   1.1077500e+01   1.1638500e+01   5.2710000e+00  -3.0000000e+00
   1.0100000e+02  -8.5231900e+00  -1.3457700e+01   4.5376700e+01   1.0000000e+00
   1.0200000e+02   1.0764100e+01   1.3689400e+01   1.0423400e+01  -2.0000000e+00
   1.0300000e+02   1.0991600e+01  -9.6992200e+00   4.6927200e+01   1.0000000e+00
   1.0400000e+02  -7.5003400e+00  -1.6996800e+01   4.5594400e+01  -1.0000000e+00
   1.0500000e+02   2.8980300e+00  -4.6406500e+00   4.5999400e+01   1.0000000e+00
   1.0600000e+02   2.4809900e+00   6.7230500e+00   1.7836400e+01  -3.0000000e+00
   1.0700000e+02  -1.7297500e+01  -2.6068900e+00   6.0705800e+01  -1.0000000e+00
   1.0800000e+02  -1.4085100e+01  -1.3094100e+01   4.6843200e+01  -2.0000000e+00
   1.0900000e+02  -3.0565700e+00   1.1731700e+00   4.4778900e+01   1.0000000e+00
   1.1000000e+02  -1.6618600e+01  -6.5706800e-01   4.5010400e+01  -2.0000000e+00
   1.1100000e+02  -8.2707700e+00   6.8055300e+00   3.0281100e+01  -3.0000000e+00
   1.1200000e+02   3.3774100e+00   1.2519500e+01   1.1174700e+01   2.0000000e+00
   1.1300000e+02   7.8219800e+00   6.6057500e+00   5.6943400e+00  -3.0000000e+00
   1.1400000e+02   1.3996100e+01  -5.0440700e+00   4.8156800e+01   1.0000000e+00
   1.1500000e+02  -1.5956100e+01   9.0343900e+00   5.8847300e+01  -1.0000000e+00
   1.1600000e+02  -5.5500900e+00  -8.9324900e+00   4.6183300e+01   1.0000000e+00
   1.1700000e+02   9.3505900e+00  -9.0381200e-01   3.4947400e+01  -3.0000000e+00
   1.1800000e+02   4.6502200e-01  -1.4758200e+01   4.5702600e+01   1.0000000e+00
   1.1900000e+02   8.4610800e+00   2.5086600e+00   3.3333600e+01  -3.0000000e+00
   1.2000000e+02   6.0508400e-01   1.7358800e+01   1.1674700e+01  -1.0000000e+00
   1.2100000e+02  -1.6095500e+00  -3.2071800e-01   4.5530700e+01   1.0000000e+00
   1.2200000e+02  -1.3529200e+01  -1.1079000e+01   4.5427800e+01  -2.0000000e+00
   1.2300000e+02  -2.5955400e+00  -4.3185000e+00   4.6011000e+01   1.0000000e+00
   1.2400000e+02   8.5125400e+00  -1.2360200e+01   4.7219400e+01   1.0000000e+00
   1.2500000e+02  -4.5964900e+00  -4.8631300e+00   4.5684200e+01   1.0000000e+00
   1.2600000e+02  -1.6924500e+01   5.0032700e+00   6.1917100e+01  -1.0000000e+00
   1.2700000e+02  -1.8159400e+01   7.2977400e-01   4.5833900e+01  -1.0000000e+00
   1.2800000e+02  -6.0613000e+00   1.3765000e+01   1.1902200e+01   2.0000000e+00
   1.2900000e+02   1.4743000e+01   9.6337500e+00   8.7112800e+00  -2.0000000e+00
   1.3000000e+02  -1.1049200e+01  -9.5311100e-01   4.5702000e+01   1.0000000e+00
   1.3100000e+02  -5.6064600e+00  -1.3399200e+00   4.5256400e+01   1.0000000e+00
   1.3200000e+02  -1.0267700e-01  -1.7321500e+00   4.6191100e+01   1.0000000e+00
   1.3300000e+02  -1.3258700e+01   1.2156700e+01   2.7689200e+01  -1.0000000e+00
   1.3400000e+02   4.6384000e+00   1.5988100e+01   1.0480900e+01  -2.0000000e+00
   1.3500000e+02   4.2113400e+00   8.4844500e+00   1.2280700e+01   2.0000000e+00
   1.3600000e+02  -4.9516800e-01  -1.1298700e+01   4.6081800e+01   1.0000000e+00
   1.3700000e+02   3.8335200e+00   1.0509200e+01   1.1833900e+01   2.0000000e+00
   1.3800000e+02   4.4165200e+00  -6.0683000e+00   4.6602100e+01   1.0000000e+00
   1.3900000e+02  -4.8894400e+00   1.7191600e+01   2.6943900e+01  -1.0000000e+00
   1.4000000e+02   1.2022000e+01   2.9101000e+00   1.0716900e+01  -3.0000000e+00
   1.4100000e+02   1.2786800e+01   1.0416200e+01   5.1932100e+00  -2.0000000e+00
   1.4200000e+02   1.9622800e+00  -8.6961700e+00   4.6475000e+01   1.0000000e+00
   1.4300000e+02  -1.4307000e+01   7.6251300e+00   3.2090600e+01  -2.0000000e+00
   1.4400000e+02   7.8778600e+00   5.3507400e-01   4.5332700e+01  -3.0000000e+00
   1.4500000e+02   1.4500400e+01  -4.3203300e-01   4.4957700e+01  -2.0000000e+00
   1.4600000e+02   1.2965700e+01  -9.0912000e+00   4.7294100e+01   1.0000000e+00
   1.4700000e+02  -8.5140200e+00   1.6039300e+00   4.4807400e+01   1.0000000e+00
   1.4800000e+02  -1.0354400e+01   7.0846000e+00   3.5220100e+00  -3.0000000e+00
   1.4900000e+02   6.5220700e+00  -1.2990900e+01   4.6807500e+01   1.0000000e+00
   1.5000000e+02   1.4267700e+00  -3.1870000e+00   4.5821700e+01   1.0000000e+00
   1.5100000e+02   1.0320700e+01   1.6027800e+00  -3.5123400e+00  -3.0000000e+00
   1.5200000e+02   6.3947600e+00   1.9803700e+00   3.3598700e+01  -3.0000000e+00
   1.5300000e+02   5.8843900e+00  -3.2830000e-02   4.5967600e+01   1.0000000e+00
   1.5400000e+02   1.2306500e+01   1.5051100e+01   1.1197100e+01  -1.0000000e+00
   1.5500000e+02   6.9470400e+00   1.3242600e+01   9.3103300e+00   2.0000000e+00
   1.5600000e+02   7.3723800e+00  -1.4654700e+00   4.6066700e+01   1.0000000e+00
   1.5700000e+02  -6.7937400e+00   8.2779200e+00   1.3548100e+01   2.0000000e+00
   1.5800000e+02   1.5049600e+01  -8.4250800e+00   4.6973200e+01  -2.0000000e+00
   1.5900000e+02   1.1942800e+01  -5.6512600e+00   4.7161600e+01   1.0000000e+00
   1.6000000e+02  -1.6581200e+01   7.0381600e+00   6.1659900e+01  -1.0000000e+00
   1.6100000e+02   1.0019600e+01  -1.3738600e+01   4.7457900e+01  -2.0000000e+00
   1.6200000e+02  -1.5579300e+01  -4.1679400e+00   4.6292500e+01  -2.0000000e+00
   1.6300000e+02   1.2695800e+01   1.2966300e+01  -6.7729500e+00  -2.0000000e+00
   1.6400000e+02   2.4518600e+00  -1.4191800e+01   4.6762400e+01   1.0000000e+00
   1.6500000e+02   1.1766200e+01   5.0257600e+00   7.0953300e+00   1.0000000e+00
   1.6600000e+02   5.5068200e+00  -9.5260300e+00   4.7189200e+01   1.0000000e+00
   1.6700000e+02  -7.0418800e+00  -1.4951500e+01   4.5467800e+01  -2.0000000e+00
   1.6800000e+02  -5.0325000e+00  -1.4418400e+01   4.5820600e+01  -2.0000000e+00
   1.6900000e+02   4.9051500e+00  -4.0622900e+00   4.6188400e+01   1.0000000e+00
   1.7000000e+02  -6.2653500e+00   6.2586900e+00   1.8463600e-01  -3.0000000e+00
   1.7100000e+02   2.4359400e+00  -6.6406300e+00   4.6589400e+01   1.0000000e+00
   1.7200000e+02  -6.4543200e+00   1.5867000e+01   2.3645000e+01  -2.0000000e+00
   1.7300000e+02   9.4723200e+00  -8.3190300e+00   4.7331100e+01   1.0000000e+00
   1.7400000e+02  -1.0167600e+01   1.4962800e+01   2.7141700e+01  -1.0000000e+00
   1.7500000e+02   4.5057300e-01  -7.2303800e+00   4.6348800e+01   1.0000000e+00
   1.7600000e+02   6.0588600e+00  -1.5104400e+01   4.7412900e+01  -2.0000000e+00
   1.7700000e+02   1.4296200e+00   4.3026400e+00   4.3738500e+01  -3.0000000e+00
   1.7800000e+02  -1.6013700e+01   1.3913400e+00   4.5830300e+01  -2.0000000e+00
   1.7900000e+02   5.6732100e+00  -1.7139700e+01   4.7528500e+01  -1.0000000e+00
   1.8000000e+02   1.8254900e+00   1.1180100e+01   1.1549900e+01   2.0000000e+00
   1.8100000e+02  -3.5604400e+00  -8.3694600e+00   4.6568700e+01   1.0000000e+00
   1.8200000e+02  -8.0869400e+00  -3.8829200e+00   4.5267800e+01   1.0000000e+00
   1.8300000e+02   1.0488100e+01  -1.1738100e+01   4.6831700e+01   1.0000000e+00
   1.8400000e+02   1.2481100e+01  -1.1120400e+01   4.7008100e+01  -2.0000000e+00
   1.8500000e+02   1.4392000e+01  -2.9599900e+00   5.2958800e+01  -3.0000000e+00
   1.8600000e+02   1.4391900e+01   1.1764200e+01   5.5220000e+00  -1.0000000e+00
   1.8700000e+02   3.0278900e-01   9.8063200e+00   1.1728600e+01   2.0000000e+00
   1.8800000e+02  -1.3026200e+01  -1.5257500e+00   4.5965200e+01   1.0000000e+00
   1.8900000e+02   6.1978700e+00   7.8467600e+00   1.9212000e+01  -3.0000000e+00
   1.9000000e+02  -2.8047100e+00   7.0561700e+00   1.5677800e+01  -3.0000000e+00
   1.9100000e+02   1.3703700e+01   4.1380800e+00   1.2158500e+01  -3.0000000e+00
   1.9200000e+02   2.2596300e+00   9.1348400e+00   1.0395600e+01   2.0000000e+00
   1.9300000e+02   5.3600900e+00   1.1912400e+01   1.1506800e+01   2.0000000e+00
   1.9400000e+02   6.4095200e+00  -5.4974100e+00   4.6437000e+01   1.0000000e+00
   1.9500000e+02   1.0870900e+01  -2.2786000e+00   4.7760700e+01   1.0000000e+00
   1.9600000e+02  -9.5716200e+00  -2.3985900e+00   4.5724600e+01   1.0000000e+00
   1.9700000e+02   7.4831000e+00  -8.9085100e+00   4.7044900e+01   1.0000000e+00
   1.9800000e+02  -2.5425900e-02  -9.2391600e+00   4.6203400e+01   1.0000000e+00
   1.9900000e+02   1.6201200e+01   8.0228100e-01   5.4007900e+01  -1.0000000e+00
   2.0000000e+02   5.3835700e+00  -2.0277700e+00   4.6282700e+01   1.0000000e+00
   2.0100000e+02  -1.7477600e+01   2.8735000e+00   6.0033100e+01  -1.0000000e+00
   2.0200000e+02   8.0309000e+00  -1.4395300e+01   4.8224900e+01  -2.0000000e+00
   2.0300000e+02   5.0320100e+00  -1.1530200e+01   4.6521800e+01   1.0000000e+00
   2.0400000e+02   8.1861100e+00   4.5423100e+00  -2.2233100e+00  -3.0000000e+00
   2.0500000e+02  -1.0510300e+01   1.0671300e+00   4.5273000e+01   1.0000000e+00
   2.0600000e+02  -1.1542200e+01  -2.9967300e+00   4.6145300e+01   1.0000000e+00
   2.0700000e+02   3.4093600e+00   4.8448300e+00   3.7516600e+01  -3.0000000e+00
   2.0800000e+02  -1.4963900e+01   5.6387400e+00   4.5073300e+01  -2.0000000e+00
   2.0900000e+02   3.8789200e+00  -6.2111200e-01   4.6189900e+01   1.0000000e+00
   2.1000000e+02  -3.3022500e+00   1.8693700e+01   1.1730400e+01  -1.0000000e+00
   2.1100000e+02   1.1451300e+01  -7.6694500e+00   4.7396800e+01   1.0000000e+00
   2.1200000e+02   2.0608000e+00  -1.6258300e+01   4.6521600e+01  -2.0000000e+00
   2.1300000e+02   5.8013500e+00   9.8852700e+00   1.0963500e+01   2.0000000e+00
   2.1400000e+02  -1.6063900e+01  -6.2120600e+00   4.6494200e+01  -2.0000000e+00
   2.1500000e+02   1.5072100e+00  -1.0706300e+01   4.6164400e+01   1.0000000e+00
   2.1600000e+02  -5.4973200e+00  -1.6515700e+01   4.5955100e+01  -1.0000000e+00
   2.1700000e+02   8.9843100e+00  -1.0312400e+01   4.6897900e+01   1.0000000e+00
   2.1800000e+02  -4.0258300e+00  -1.0392600e+01   4.6578600e+01   1.0000000e+00
   2.1900000e+02  -1.0766200e+01   9.4944400e+00   1.2849200e+01   2.0000000e+00
   2.2000000e+02  -1.5712500e+01  -1.1593700e+01   4.3825200e+01  -1.0000000e+00
   2.2100000e+02  -4.5243400e+00  -1.2415100e+01   4.5704600e+01   1.0000000e+00
   2.2200000e+02   3.6673300e+00  -1.7657300e+01   4.7149600e+01  -1.0000000e+00
   2.2300000e+02   1.2818800e+01  -1.6259200e+00   4.0014200e+01  -3.0000000e+00
   2.2400000e+02   4.9174400e+00   3.4220200e+00   4.1530000e+01  -3.0000000e+00
   2.2500000e+02  -1.4035500e+01  -5.6258900e+00   4.6207800e+01   1.0000000e+00
   2.2600000e+02  -7.9506700e+00   3.6679000e+00   3.2964700e+01  -3.0000000e+00
   2.2700000e+02   8.8621600e+00  -2.8954800e+00   4.6852200e+01   1.0000000e+00
   2.2800000e+02  -7.0647100e+00   1.3157600e-01   4.4987800e+01   1.0000000e+00
   2.2900000e+02  -2.9184800e+00   1.6629400e+01   1.2039400e+01  -2.0000000e+00
   2.3000000e+02  -1.1541700e+01  -1.0533700e+01   4.5988100e+01   1.0000000e+00
   2.3100000e+02   6.2141100e+00   5.1211900e+00   3.9486500e+01  -3.0000000e+00
   2.3200000e+02   1.2436500e+01  -3.6616000e+00   4.8230700e+01   1.0000000e+00
   2.3300000e+02  -1.6994900e+00   1.0455400e+01   1.1784600e+01   2.0000000e+00
   2.3400000e+02  -9.4559400e+00   5.1163000e+00   3.7555600e+01  -3.0000000e+00
   2.3500000e+02  -1.5041100e+01  -9.6565000e+00   4.5241300e+01  -2.0000000e+00
   2.3600000e+02  -3.5367500e+00  -1.5872100e+01   3.4010100e+01  -2.0000000e+00
   2.3700000e+02  -1.1080600e+01  -1.6021000e+01   4.3938500e+01  -1.0000000e+00
   2.3800000e+02  -1.2230000e+01   8.0490300e+00   3.5498700e+01  -3.0000000e+00
   2.3900000e+02  -1.2853500e+01   6.0805700e+00   4.2584000e+01  -3.0000000e+00
   2.4000000e+02   9.4883300e+00   7.9365100e+00   4.0423700e+00  -3.0000000e+00
   2.4100000e+02   1.8283200e+01   5.3301600e-01  -2.9984100e+01  -1.0000000e+00
   2.4200000e+02   1.3096200e+01   8.3711100e+00   8.0839300e+00   1.0000000e+00
   2.4300000e+02  -1.1427100e+01   4.5527700e+00   3.2196200e+01  -3.0000000e+00
   2.4400000e+02  -6.0866700e-01  -3.7413900e+00   4.5919200e+01   1.0000000e+00
   2.4500000e+02   9.9120600e+00  -6.2951000e+00   4.7525000e+01   1.0000000e+00
   2.4600000e+02  -5.5296600e-01   3.7211600e+00   4.5430700e+01  -3.0000000e+00
   2.4700000e+02  -9.2444700e+00   1.0877100e+01   1.2827200e+01   2.0000000e+00
   2.4800000e+02  -9.0557100e+00  -4.0410200e-01   4.5137500e+01   1.0000000e+00
   2.4900000e+02   3.0092700e+00   1.4631700e+01   1.0656500e+01   2.0000000e+00
   2.5000000e+02  -1.3539100e+01  -3.6010900e+00   4.6097300e+01   1.0000000e+00
   2.5100000e+02  -1.2061600e+01  -1.2521400e+01   4.5540700e+01   1.0000000e+00
   2.5200000e+02  -1.0520100e+01  -1.4025800e+01   4.5079500e+01  -2.0000000e+00
   2.5300000e+02   4.6538200e+00   6.4805500e+00   2.3851900e+01  -3.0000000e+00
   2.5400000e+02  -1.3071500e+01  -9.0740400e+00   4.6210100e+01   1.0000000e+00
   2.5500000e+02   1.2007600e+01  -1.3164100e+01   5.9282300e+01  -2.0000000e+00
   2.5600000e+02   1.3996100e+01  -1.2517600e+01   4.6787100e+01  -1.0000000e+00
   2.5700000e+02   1.6664600e+01   8.8536700e+00  -5.9792200e+00  -1.0000000e+00
   2.5800000e+02  -3.0702200e+00  -6.3659800e+00   4.6422200e+01   1.0000000e+00
   2.5900000e+02   1.1453300e+01   7.0892200e+00   7.5605200e+00   1.0000000e+00
   2.6000000e+02  -2.8380600e-03   5.8238600e+00   5.9255200e+01  -3.0000000e+00
   2.6100000e+02  -1.3486000e+01   4.0896100e+00   4.3727000e+01   1.0000000e+00
   2.6200000e+02  -1.1094600e+01  -8.5124400e+00   4.5939900e+01   1.0000000e+00
   2.6300000e+02  -1.2060200e+01  -5.0392800e+00   4.6052500e+01   1.0000000e+00
   2.6400000e+02   1.0570400e+00   1.5302900e+01   1.1520700e+01  -2.0000000e+00
   2.6500000e+02  -1.2010000e+01   2.4961500e+00   4.4598000e+01   1.0000000e+00
   2.6600000e+02  -2.5025000e+00   1.4600500e+01   1.1722900e+01   2.0000000e+00
   2.6700000e+02  -7.0962900e+00  -7.4464500e+00   4.5576900e+01   1.0000000e+00
   2.6800000e+02  -7.2216800e+00   1.0335400e+01   1.2798000e+01   2.0000000e+00
   2.6900000e+02  -6.5171100e+00  -1.2966900e+01   4.5044700e+01   1.0000000e+00
   2.7000000e+02   1.0391000e+01  -4.2959500e+00   4.7315100e+01   1.0000000e+00
   2.7100000e+02   9.4710700e+00   1.0345200e+01   4.5145600e+00  -3.0000000e+00
   2.7200000e+02   1.3410800e+01   6.2939700e+00   7.6910600e+00   1.0000000e+00
   2.7300000e+02   4.9747300e+00   1.3940200e+01   1.0388700e+01   2.0000000e+00
   2.7400000e+02   1.2951700e+01   1.0422400e+00   2.1245900e+01  -3.0000000e+00
   2.7500000e+02  -9.0880200e+00  -7.9697400e+00   4.5791400e+01   1.0000000e+00
   2.7600000e+02  -1.7594700e+01  -4.7084700e+00   4.7493000e+01  -1.0000000e+00
   2.7700000e+02  -2.4766800e+00  -1.1852700e+01   4.5872600e+01   1.0000000e+00
   2.7800000e+02   9.1167200e+00   1.2400800e+01   8.8506400e+00   2.0000000e+00
   2.7900000e+02  -7.6588300e+00   1.2346500e+01   1.2910500e+01   2.0000000e+00
   2.8000000e+02  -5.9042200e+00   4.1958700e+00   2.9166800e+01  -3.0000000e+00
   2.8100000e+02   6.9912800e-01   7.7597300e+00   2.6679600e+01  -3.0000000e+00
   2.8200000e+02  -2.0201100e+00  -9.7923800e+00   4.6615900e+01   1.0000000e+00
   2.8300000e+02   4.0195800e+00  -1.5586700e+01   4.7338800e+01  -2.0000000e+00
   2.8400000e+02  -4.0895000e+00  -2.8566000e+00   4.5478900e+01   1.0000000e+00
   2.8500000e+02   1.8306400e+01  -1.5290800e+00   2.8303700e+01  -1.0000000e+00
   2.8600000e+02   1.0097700e+01   3.7447200e+00   7.1419900e+00  -3.0000000e+00
   2.8700000e+02   8.6707500e+00   1.4417300e+01   9.1051200e+00  -2.0000000e+00
   2.8800000e+02  -4.1047800e+00   1.3122600e+01   1.1940200e+01   2.0000000e+00
   2.8900000e+02   1.7830100e+01  -3.5441300e+00   6.4313100e+01  -1.0000000e+00
   2.9000000e+02  -2.0790900e+00  -2.3162200e+00   4.5824600e+01   1.0000000e+00
   2.9100000e+02   1.5320600e+01   5.4821900e+00   1.0890200e+01  -2.0000000e+00
   2.9200000e+02   1.3747900e+00  -1.8264400e+01   4.3552600e+01  -1.0000000e+00
   2.9300000e+02   8.8435500e-01  -5.1866200e+00   4.6083200e+01   1.0000000e+00
   2.9400000e+02  -5.2188900e+00   9.6979700e+00   1.2304500e+01   2.0000000e+00
   2.9500000e+02  -2.5462100e+00   3.1750900e+00   5.7198400e+01  -3.0000000e+00
   2.9600000e+02   3.9699400e+00  -8.1219300e+00   4.7084800e+01   1.0000000e+00
   2.9700000e+02  -1.0571300e+01  -6.5137300e+00   4.5630300e+01   1.0000000e+00
   2.9800000e+02   6.8891600e+00  -3.5071700e+00   4.6408500e+01   1.0000000e+00
   2.9900000e+02  -9.9937400e+00  -1.2029100e+01   4.5687500e+01   1.0000000e+00
