   0.0000000e+00   1.3118400e+00   5.0546500e+00   3.6218900e+01  -3.0000000e+00
   1.0000000e+00  -6.8136000e+00   1.0443100e+00   3.3188600e+01   1.0000000e+00
   2.0000000e+00  -1.7684000e+01   3.8944400e+00   3.4792600e+01  -1.0000000e+00
   3.0000000e+00  -1.1502800e+01  -8.1605700e+00   3.3241200e+01   1.0000000e+00
   4.0000000e+00  -1.3614400e+01  -8.2842000e+00   3.3889900e+01  -2.0000000e+00
   5.0000000e+00  -1.5362500e+01   4.1484100e+00   3.3488800e+01  -2.0000000e+00
   6.0000000e+00   7.2353300e+00   1.5818900e+01   3.6992200e+01  -2.0000000e+00
   7.0000000e+00   2.0900700e+00   1.0459300e+01   3.3656500e+01  -3.0000000e+00
   8.0000000e+00  -9.2414100e+00  -1.1663700e+01   3.3775600e+01   1.0000000e+00
   9.0000000e+00  -3.3634500e+00   1.5663400e+01   3.2751300e+01  -2.0000000e+00
   1.0000000e+01   1.2464300e+01   1.3999300e+01   3.6520200e+01  -1.0000000e+00
   1.1000000e+01   1.0727500e+01  -5.6620900e+00   1.0443500e+01   2.0000000e+00
   1.2000000e+01  -2.4656100e+00  -2.2903900e+00   3.6579600e+01  -3.0000000e+00
   1.3000000e+01   4.7589800e+00  -1.3079100e+01   9.8721600e+00   2.0000000e+00
   1.4000000e+01   9.4767500e+00  -9.0749600e+00   9.8315000e+00   2.0000000e+00
   1.5000000e+01  -1.0572900e+01  -6.3256800e+00   3.3309100e+01   1.0000000e+00
   1.6000000e+01   2.0848000e+00  -8.3149700e+00   1.0060300e+01   2.0000000e+00
   1.7000000e+01  -8.5758600e-01  -3.6037200e+00   1.4507300e+01  -3.0000000e+00
   1.8000000e+01  -2.0682600e+00   1.0300200e+01   3.2724100e+01   1.0000000e+00
   1.9000000e+01  -1.0372500e+01  -9.9197600e+00   3.3061300e+01   1.0000000e+00
   2.0000000e+01  -1.2893500e+01  -2.9052200e+00   3.2817100e+01   1.0000000e+00
   2.1000000e+01   5.6051700e+00  -7.6898400e+00   1.0383400e+01   2.0000000e+00
   2.2000000e+01  -5.8731400e-01   1.4638100e+00   3.0693700e+01  -3.0000000e+00
   2.3000000e+01  -2.6792500e+00  -1.5055500e+01   3.5736700e+01  -2.0000000e+00
   2.4000000e+01  -1.5030700e+01  -2.9682700e+00   3.0976700e+01  -2.0000000e+00
   2.5000000e+01  -5.6797800e+00  -6.8883500e-01   3.3104700e+01   1.0000000e+00
   2.6000000e+01   3.0263400e+00   1.2316200e+01   2.5959700e+01  -3.0000000e+00
   2.7000000e+01   3.1034900e+00  -1.4443900e+01   1.0348500e+01   2.0000000e+00
   2.8000000e+01  -1.1288100e+01  -1.1806700e+01   3.3589700e+01   1.0000000e+00
   2.9000000e+01  -1.3169200e+01  -1.5527200e+01   3.2363500e+01  -1.0000000e+00
   3.0000000e+01   5.6483600e+00   1.7902300e+00   1.4158500e+01  -3.0000000e+00
   3.1000000e+01   1.0569500e+01  -1.5254200e+01   2.2002700e+01  -2.0000000e+00
   3.2000000e+01   3.6686500e+00  -6.9989700e+00   1.0422800e+01   2.0000000e+00
   3.3000000e+01   5.3766900e+00  -1.7285300e+01   8.6268200e+00  -1.0000000e+00
   3.4000000e+01   1.4265200e+01   1.2671500e+01   5.1317200e+01  -1.0000000e+00
   3.5000000e+01  -1.0221100e+01   6.2405600e+00   3.2726500e+01   1.0000000e+00
   3.6000000e+01  -3.8132400e+00   3.0035500e+00   3.3632700e+01   1.0000000e+00
   3.7000000e+01   1.0221400e+01  -1.3169500e+01   1.0069400e+01   2.0000000e+00
   3.8000000e+01  -1.0357800e+01   9.8518500e+00   3.3391000e+01   1.0000000e+00
   3.9000000e+01  -1.3418900e+01   7.8611200e+00   3.3102300e+01   1.0000000e+00
   4.0000000e+01   1.1303600e+01   5.7553100e+00   4.7555600e+01  -3.0000000e+00
   4.1000000e+01   8.2353600e+00   1.0475000e+01   5.2756900e+01   1.0000000e+00
   4.2000000e+01  -1.0107900e+01  -1.3559000e+01   3.3747300e+01  -2.0000000e+00
   4.3000000e+01   1.1160400e+00   8.6408300e+00   3.2536500e+01   1.0000000e+00
   4.4000000e+01  -8.5033500e+00   1.3621700e+01   3.3401700e+01  -2.0000000e+00
   4.5000000e+01   5.7780500e+00   1.7282400e+01   3.3821500e+01  -1.0000000e+00
   4.6000000e+01   6.3399800e+00  -1.1755500e+01   1.0158900e+01   2.0000000e+00
   4.7000000e+01  -1.4980200e+01  -6.4516900e+00   3.3215500e+01  -2.0000000e+00
   4.8000000e+01   6.4284200e+00  -2.2641400e+00   1.0716400e+01   2.0000000e+00
   4.9000000e+01  -9.8816000e+00  -9.2942200e-01   3.3197800e+01   1.0000000e+00
   5.0000000e+01   8.6350400e-01   2.9974000e+00   3.2428500e+01  -3.0000000e+00
   5.1000000e+01   1.4610300e+01  -7.0625300e+00   1.0365400e+01  -2.0000000e+00
   5.2000000e+01   7.0031500e+00  -1.5881800e+01   2.1734700e+01  -2.0000000e+00
   5.3000000e+01   1.4119100e+01  -1.4597000e+01   9.5107500e+00  -1.0000000e+00
   5.4000000e+01   9.0902600e+00   2.5219700e+00   9.7031600e+00  -3.0000000e+00
   5.5000000e+01   8.0118600e+00  -9.0033100e-01   1.0634100e+01   2.0000000e+00
   5.6000000e+01  -6.9934200e+00   4.6045000e+00   3.3183100e+01   1.0000000e+00
   5.7000000e+01  -7.7382800e+00  -7.8981300e-01   3.3374000e+01   1.0000000e+00
   5.8000000e+01  -4.5583300e+00  -2.4080200e+00   3.3114900e+01   1.0000000e+00
   5.9000000e+01   6.2189000e+00   9.7161300e+00   5.5774700e+01  -3.0000000e+00
   6.0000000e+01  -8.9536500e+00  -1.5309700e+01   2.0629000e+01  -2.0000000e+00
   6.1000000e+01   5.8712400e+00   5.5911600e+00   4.2659800e+01  -3.0000000e+00
   6.2000000e+01  -9.6531800e+00  -4.4720300e+00   3.3312300e+01   1.0000000e+00
   6.3000000e+01   2.2179800e+00   6.9110000e+00   3.1797300e+01   1.0000000e+00
   6.4000000e+01  -6.2428900e+00  -9.7259800e+00   3.2754400e+01   1.0000000e+00
   6.5000000e+01   5.1724000e+00   1.5242900e+01   5.2916300e+01  -2.0000000e+00
   6.6000000e+01  -8.2707700e+00   1.0016900e+01   3.3274900e+01   1.0000000e+00
   6.7000000e+01  -6.2082100e+00   1.0128300e+01   3.2432100e+01   1.0000000e+00
   6.8000000e+01  -4.1723800e+00  -9.6224100e+00   3.2580600e+01  -3.0000000e+00
   6.9000000e+01   1.3599200e+01   8.5240000e+00   4.9555700e+01  -2.0000000e+00
   7.0000000e+01   1.8733700e+01   1.2383800e+00  -2.7336700e+00  -1.0000000e+00
   7.1000000e+01   1.2119400e+01   1.1908300e+01   5.1502300e+01  -2.0000000e+00
   7.2000000e+01   6.8256400e+00  -4.3098100e+00   1.0320200e+01   2.0000000e+00
   7.3000000e+01   1.1177600e+01   1.7736800e+00  -1.0083000e+00  -3.0000000e+00
   7.4000000e+01   1.6805200e+01   5.6692600e+00   4.6748700e+01  -1.0000000e+00
   7.5000000e+01   4.8410100e+00  -3.5938300e+00   1.0691600e+01   2.0000000e+00
   7.6000000e+01  -4.7323700e+00   1.1547600e+00   3.3334200e+01   1.0000000e+00
   7.7000000e+01  -1.2809500e+00   1.5737700e+01   3.2548800e+01  -2.0000000e+00
   7.8000000e+01  -7.1947900e+00  -1.1559600e+01   3.3249800e+01   1.0000000e+00
   7.9000000e+01  -6.4310700e+00   1.3768700e+01   3.2245900e+01  -2.0000000e+00
   8.0000000e+01   8.6447500e+00  -1.4517100e+01   9.6875600e+00  -2.0000000e+00
   8.1000000e+01  -1.5487600e+01   7.7193800e+00   3.3704400e+01  -2.0000000e+00
   8.2000000e+01  -5.3185500e+00  -7.8722000e+00   3.3111100e+01   1.0000000e+00
   8.3000000e+01  -9.4399600e+00  -8.0759600e+00   3.2943500e+01   1.0000000e+00
   8.4000000e+01  -1.5797100e+01  -8.3528600e+00   3.4724600e+01  -1.0000000e+00
   8.5000000e+01  -5.6242500e+00  -1.7105000e+01   3.3173100e+01  -1.0000000e+00
   8.6000000e+01  -1.6154800e+01  -1.2171900e+00   3.1574400e+01  -2.0000000e+00
   8.7000000e+01   1.4669700e+01   4.9685000e+00   4.8152800e+01  -2.0000000e+00
   8.8000000e+01  -1.1187500e+01   4.3996100e+00   3.3088900e+01   1.0000000e+00
   8.9000000e+01  -1.3883200e+01  -4.7070300e+00   3.1738600e+01  -2.0000000e+00
   9.0000000e+01   3.3639900e+00   5.0824800e+00   3.9491800e+01  -3.0000000e+00
   9.1000000e+01   7.7453000e-01   1.5813100e+01   3.2740100e+01  -2.0000000e+00
   9.2000000e+01  -5.9385200e+00  -1.3457300e+01   3.3394000e+01  -3.0000000e+00
   9.3000000e+01   1.9347700e+00   1.4084200e+01   3.2481500e+01  -3.0000000e+00
   9.4000000e+01   1.3869000e+01  -3.0042600e+00   1.0258300e+01   2.0000000e+00
   9.5000000e+01  -7.4997100e+00   1.5578300e+01   3.2103000e+01  -1.0000000e+00
   9.6000000e+01  -1.1509900e+01   1.1575500e+01   3.3212900e+01   1.0000000e+00
   9.7000000e+01  -5.4890000e+00  -4.2851400e+00   3.2801600e+01   1.0000000e+00
   9.8000000e+01  -4.1407700e+00   1.0167800e+01   3.2501400e+01   1.0000000e+00
   9.9000000e+01   8.8326600e+00   4.5718200e+00  -3.1859200e+00  -3.0000000e+00
   1.0000000e+02  -3.0084000e+00   8.4449400e+00   3.2530300e+01   1.0000000e+00
   1.0100000e+02   3.2827300e+00  -4.9768200e+00   1.0664600e+01   2.0000000e+00
   1.0200000e+02   6.6434000e-02  -7.6009800e+00   1.0059400e+01  -3.0000000e+00
   1.0300000e+02  -5.2624400e+00   1.1957000e+01   3.2510200e+01   1.0000000e+00
   1.0400000e+02   4.2740400e+00   6.9253600e+00   2.6256500e+01  -3.0000000e+00
   1.0500000e+02   1.1103600e+01  -7.7339300e+00   1.0109000e+01   2.0000000e+00
   1.0600000e+02  -4.3288700e+00   1.3801600e+01   3.2476000e+01   1.0000000e+00
   1.0700000e+02  -3.9846500e+00   6.6187200e+00   3.2658200e+01   1.0000000e+00
   1.0800000e+02   6.1948600e+00   7.6409600e+00   6.4721400e+01  -3.0000000e+00
   1.0900000e+02   9.6176000e+00   4.2673900e-01   1.0824700e+01   2.0000000e+00
   1.1000000e+02   1.5021600e+01  -9.0837100e+00   1.0167700e+01  -2.0000000e+00
   1.1100000e+02  -9.5891500e-01   8.5545400e+00   3.2425900e+01   1.0000000e+00
   1.1200000e+02  -1.2305000e+01   6.1191500e+00   3.3059200e+01   1.0000000e+00
   1.1300000e+02   7.9082500e+00  -1.0412000e+01   1.0387400e+01   2.0000000e+00
   1.1400000e+02  -6.0537500e+00   6.4727300e+00   3.3331100e+01   1.0000000e+00
   1.1500000e+02   8.1146600e+00   8.3986500e+00   5.2811100e+01   1.0000000e+00
   1.1600000e+02   1.5832200e+01  -3.7429900e+00   9.7847500e+00  -2.0000000e+00
   1.1700000e+02  -1.2223600e+01  -1.3690600e+01   3.3001800e+01  -2.0000000e+00
   1.1800000e+02   6.6861800e+00  -1.3806500e+01   9.5091700e+00   2.0000000e+00
   1.1900000e+02  -1.6148200e+01  -4.7394900e+00   1.6839900e+01  -1.0000000e+00
   1.2000000e+02   1.7494000e+00   1.7658000e+01   3.3452100e+01  -1.0000000e+00
   1.2100000e+02   4.0218300e+00  -9.0345300e+00   1.0110000e+01   2.0000000e+00
   1.2200000e+02   1.0175000e+01   1.1217500e+01   5.2013000e+01   1.0000000e+00
   1.2300000e+02   1.1975700e+01   9.8520500e+00   5.1842600e+01   1.0000000e+00
   1.2400000e+02   1.7084600e+01  -3.7755700e-01   1.0653900e+01  -2.0000000e+00
   1.2500000e+02  -2.6423300e+00   1.2887600e+00   3.3909700e+01   1.0000000e+00
   1.2600000e+02  -6.4469200e+00  -6.1372000e+00   3.2767600e+01   1.0000000e+00
   1.2700000e+02   1.5545400e+01   9.1968700e+00   3.4891900e+01  -1.0000000e+00
   1.2800000e+02  -1.4269400e-01   1.3964200e+01   3.2560100e+01   1.0000000e+00
   1.2900000e+02  -1.7684100e+00  -1.3055200e+01   3.7792200e+01  -3.0000000e+00
   1.3000000e+02   9.9604400e+00  -1.6097700e+00   1.0228400e+01   2.0000000e+00
   1.3100000e+02  -3.2574700e+00  -7.7670300e+00   3.7595100e+01  -3.0000000e+00
   1.3200000e+02   5.3922300e-01  -2.6519400e-01   7.8775200e+00  -3.0000000e+00
   1.3300000e+02   1.7131800e+01   7.8440400e+00   5.1246900e+01  -1.0000000e+00
   1.3400000e+02  -1.0549900e+01   1.3485800e+01   3.3282800e+01  -2.0000000e+00
   1.3500000e+02   9.1592500e+00  -7.0392900e+00   1.0256800e+01   2.0000000e+00
   1.3600000e+02  -3.5849900e+00  -5.6398900e-01   3.3064100e+01   1.0000000e+00
   1.3700000e+02   1.0842400e+01   1.5330400e+01   3.6727800e+01  -1.0000000e+00
   1.3800000e+02   1.0055200e+01   9.1412000e+00   5.2249400e+01   1.0000000e+00
   1.3900000e+02   1.1605800e+00  -1.3745900e+01   7.6446000e+00  -3.0000000e+00
   1.4000000e+02  -1.7386100e+01  -2.9372900e+00   2.9378900e+01  -1.0000000e+00
   1.4100000e+02   5.2245800e+00  -5.6355200e+00   1.0548600e+01   2.0000000e+00
   1.4200000e+02  -6.8866300e+00  -1.5293900e+01   3.2347200e+01  -2.0000000e+00
   1.4300000e+02  -1.1113900e+00   1.2147500e+01   3.2476100e+01   1.0000000e+00
   1.4400000e+02   2.9826200e+00   3.0228300e+00   5.2790600e+01  -3.0000000e+00
   1.4500000e+02  -1.1095000e+01  -1.5463100e+01   3.2738500e+01  -1.0000000e+00
   1.4600000e+02  -3.1844900e+00   1.2043900e+01   3.2990100e+01   1.0000000e+00
   1.4700000e+02  -1.4378300e+01   5.9929600e+00   3.3100300e+01  -2.0000000e+00
   1.4800000e+02  -1.5097400e+00  -4.5222600e-01   4.5632300e+01  -3.0000000e+00
   1.4900000e+02  -8.9203300e+00   9.2645100e-01   3.3125600e+01   1.0000000e+00
   1.5000000e+02  -3.4088200e+00  -4.1769500e+00   3.4536200e+01  -3.0000000e+00
   1.5100000e+02  -9.2328800e+00   8.1351400e+00   3.2698100e+01   1.0000000e+00
   1.5200000e+02  -1.3239800e+01   4.2626000e+00   3.2955300e+01   1.0000000e+00
   1.5300000e+02   6.0339900e+00  -2.3246200e-01   1.0699400e+01   2.0000000e+00
   1.5400000e+02   9.8390800e+00  -1.1105200e+01   1.0372700e+01   2.0000000e+00
   1.5500000e+02  -3.4203500e-01   1.7713800e+01   3.2503600e+01  -1.0000000e+00
   1.5600000e+02   1.3222300e+01   6.4841700e+00   4.7730000e+01   1.0000000e+00
   1.5700000e+02  -7.4951800e-01   4.9721400e+00   3.3964900e+01   1.0000000e+00
   1.5800000e+02  -5.4285400e+00   1.5562000e+01   4.4837500e+01  -2.0000000e+00
   1.5900000e+02   1.3506000e+01  -9.7730200e-01   1.0566000e+01   2.0000000e+00
   1.6000000e+02  -1.3814300e+01   1.5009000e+01   3.4675200e+01  -1.0000000e+00
   1.6100000e+02   4.3929500e+00  -1.1052300e+01   1.0286700e+01   2.0000000e+00
   1.6200000e+02   8.2813000e+00  -1.2455100e+01   1.0248300e+01   2.0000000e+00
   1.6300000e+02  -2.8853000e+00   4.8684900e+00   3.2977500e+01   1.0000000e+00
   1.6400000e+02  -1.4288300e+01  -1.3774800e+01   1.7886400e+01  -1.0000000e+00
   1.6500000e+02   1.6197200e-01   6.8167800e+00   3.3027900e+01   1.0000000e+00
   1.6600000e+02   6.9008000e+00   1.3796900e+01   5.0475900e+01   1.0000000e+00
   1.6700000e+02  -9.4325600e+00   1.1726200e+01   3.3791200e+01   1.0000000e+00
   1.6800000e+02  -5.9268600e-01  -1.4810700e+01   3.3843700e+01  -2.0000000e+00
   1.6900000e+02  -4.3779600e+00  -6.0379900e+00   3.2806500e+01  -3.0000000e+00
   1.7000000e+02  -1.4525400e+01  -1.0127500e+01   3.3645000e+01  -2.0000000e+00
   1.7100000e+02   7.5976800e+00   1.1174900e+00   1.1815600e+01   2.0000000e+00
   1.7200000e+02   1.1664200e+01   7.8200200e+00   5.0329100e+01   1.0000000e+00
   1.7300000e+02   8.8666500e+00   1.4548200e+01   5.1567700e+01  -2.0000000e+00
   1.7400000e+02   1.3772900e+01  -1.2541000e+01   9.8340900e+00  -2.0000000e+00
   1.7500000e+02  -1.1671900e+01   1.5261700e+01   3.3979400e+01  -1.0000000e+00
   1.7600000e+02  -1.1948200e+01  -1.0143000e+00   3.3014700e+01   1.0000000e+00
   1.7700000e+02   8.3507000e-01  -1.1714900e+01  -2.5272200e+00  -3.0000000e+00
   1.7800000e+02  -7.8369700e+00  -1.7152500e+01   3.1787800e+01  -1.0000000e+00
   1.7900000e+02   1.1426600e+01  -9.7844100e+00   1.0383800e+01   2.0000000e+00
   1.8000000e+02   1.1916500e+01  -2.3045600e+00   1.0356100e+01   2.0000000e+00
   1.8100000e+02   6.5458100e+00   1.1741700e+01   5.1776100e+01   1.0000000e+00
   1.8200000e+02  -1.2633300e+01   1.3316700e+01   3.3875100e+01  -2.0000000e+00
   1.8300000e+02   1.7824900e+01  -4.4630000e+00   9.7097700e+00  -1.0000000e+00
   1.8400000e+02  -5.1418100e+00  -1.1483400e+01   3.3339600e+01  -3.0000000e+00
   1.8500000e+02  -1.0954700e+00  -1.0960500e+01   3.5292400e+01  -3.0000000e+00
   1.8600000e+02  -1.0826500e+01  -2.7701400e+00   3.3562900e+01   1.0000000e+00
   1.8700000e+02  -1.5334100e+00  -8.9414300e+00   7.2990100e+00  -3.0000000e+00
   1.8800000e+02   2.8944700e+00  -2.9156900e+00   1.1416500e+01   2.0000000e+00
   1.8900000e+02  -7.5716800e+00  -4.3793200e+00   3.2504800e+01   1.0000000e+00
   1.9000000e+02   7.5430500e+00  -8.3732700e+00   1.0180400e+01   2.0000000e+00
   1.9100000e+02   1.5199000e+01   7.0340400e+00   4.8582200e+01  -2.0000000e+00
   1.9200000e+02  -9.0705800e+00   4.4948400e+00   3.2759700e+01   1.0000000e+00
   1.9300000e+02  -7.3352400e+00   1.1886400e+01   3.3447700e+01   1.0000000e+00
   1.9400000e+02   8.5425200e+00   1.2505100e+01   5.1222400e+01   1.0000000e+00
   1.9500000e+02   9.7815200e-01   1.2204000e+01   3.2549100e+01   1.0000000e+00
   1.9600000e+02  -2.2972600e+00  -5.9130100e+00   3.4530800e+01  -3.0000000e+00
   1.9700000e+02  -1.6403400e+01   2.2693700e+00   3.3944200e+01  -2.0000000e+00
   1.9800000e+02   1.6265100e+01   3.6770400e+00   2.7075900e+01  -2.0000000e+00
   1.9900000e+02  -1.2462100e+01   9.7470500e+00   3.3020800e+01   1.0000000e+00
   2.0000000e+02  -1.3104800e+01   6.9515600e-01   3.3050100e+01   1.0000000e+00
   2.0100000e+02   1.5083200e+01   3.8840100e-01   1.0988700e+01   2.0000000e+00
   2.0200000e+02   2.5134000e+00  -8.8443900e-01   1.0931100e+01   2.0000000e+00
   2.0300000e+02   1.0521000e+01   1.3244500e+01   5.0855700e+01  -2.0000000e+00
   2.0400000e+02  -1.6809100e+01   9.3569800e+00   3.5095400e+01  -1.0000000e+00
   2.0500000e+02   1.2164100e+01  -1.3872100e+01   9.8932400e+00  -2.0000000e+00
   2.0600000e+02   5.0785900e+00  -1.5114800e+01   9.2861000e+00  -2.0000000e+00
   2.0700000e+02   1.4305900e+01   2.8000800e+00   3.8910000e+01  -3.0000000e+00
   2.0800000e+02  -2.3868500e+00   1.7479900e+01   3.2427600e+01  -1.0000000e+00
   2.0900000e+02  -1.5449100e+01  -1.1974600e+01   3.2514700e+01  -1.0000000e+00
   2.1000000e+02  -8.1305800e+00   6.3296900e+00   3.2846300e+01   1.0000000e+00
   2.1100000e+02   1.1843800e+01  -1.1807100e+01   1.0240400e+01   2.0000000e+00
   2.1200000e+02   9.1506200e+00   1.6584700e+01   5.2433800e+01  -1.0000000e+00
   2.1300000e+02   4.0654700e+00   4.8475100e-01   2.2465400e+01  -3.0000000e+00
   2.1400000e+02  -7.9600700e+00   2.7640300e+00   3.2840200e+01   1.0000000e+00
   2.1500000e+02   1.3042600e+01  -8.4109300e+00   1.0671600e+01   2.0000000e+00
   2.1600000e+02   1.3407200e+01  -1.0444500e+01   1.0637800e+01  -2.0000000e+00
   2.1700000e+02  -2.2720400e+00   1.3915000e+01   3.2535300e+01   1.0000000e+00
   2.1800000e+02   2.7708300e+00  -1.2406600e+01   1.0003900e+01   2.0000000e+00
   2.1900000e+02  -8.5192500e+00  -6.2108500e+00   3.2954200e+01   1.0000000e+00
   2.2000000e+02   1.5399000e+01  -1.1130400e+01   1.0796100e+01  -1.0000000e+00
   2.2100000e+02   1.6684500e+01  -7.8061100e+00   1.0226100e+01  -1.0000000e+00
   2.2200000e+02   2.6127200e-02   1.0369200e+01   3.2218300e+01   1.0000000e+00
   2.2300000e+02  -5.1093800e+00   8.3562500e+00   3.2698400e+01   1.0000000e+00
   2.2400000e+02  -6.6082400e+00  -2.5347100e+00   3.2891000e+01   1.0000000e+00
   2.2500000e+02  -1.7415900e+01   4.8118000e-01   3.3441700e+01  -1.0000000e+00
   2.2600000e+02   1.2301900e+01  -4.3441500e+00   1.0175700e+01   2.0000000e+00
   2.2700000e+02  -1.2130800e+01   2.5238700e+00   3.3084700e+01   1.0000000e+00
   2.2800000e+02  -7.3670300e+00  -7.9845100e+00   3.2994400e+01   1.0000000e+00
   2.2900000e+02  -1.5754700e+01   1.1232900e+01   4.9276300e+01  -1.0000000e+00
   2.3000000e+02   9.7375900e+00   7.0957700e+00   3.8686400e+01  -3.0000000e+00
   2.3100000e+02  -1.4021500e+01  -1.1438100e+00   3.2752600e+01   1.0000000e+00
   2.3200000e+02   1.3467600e+00  -4.2748300e+00   1.1696100e+01   2.0000000e+00
   2.3300000e+02  -1.3564100e+01   1.1477500e+01   3.3943900e+01  -2.0000000e+00
   2.3400000e+02   3.8117400e-01  -1.7860500e+01   3.6095000e+01  -1.0000000e+00
   2.3500000e+02   7.3865200e-01  -2.3126200e+00   1.0989100e+01  -3.0000000e+00
   2.3600000e+02  -4.6793100e+00   1.7518200e+01   3.4480400e+01  -1.0000000e+00
   2.3700000e+02   1.6225300e+01  -5.7958600e+00   1.0206500e+01  -2.0000000e+00
   2.3800000e+02  -8.0372900e+00  -1.3431000e+01   3.3091900e+01   1.0000000e+00
   2.3900000e+02   3.0070200e+00   1.5980100e+01   4.2087100e+01  -2.0000000e+00
   2.4000000e+02   4.4483700e+00  -1.5766000e+00   1.0624600e+01   2.0000000e+00
   2.4100000e+02   3.3391400e+00   8.7920000e+00   3.1502500e+01  -3.0000000e+00
   2.4200000e+02  -1.6563000e+01   5.8279400e+00   4.7537800e+01  -1.0000000e+00
   2.4300000e+02  -5.8655800e+00   2.8861100e+00   3.3221500e+01   1.0000000e+00
   2.4400000e+02  -4.9392600e+00   4.7415900e+00   3.3263200e+01   1.0000000e+00
   2.4500000e+02  -1.9366200e+00   6.6883600e+00   3.2721200e+01   1.0000000e+00
   2.4600000e+02   1.3921700e+01   1.0556900e+01   5.0971500e+01  -2.0000000e+00
   2.4700000e+02   2.0832500e+00   1.1714900e+00   2.0695900e+01  -3.0000000e+00
   2.4800000e+02  -1.7538600e+00   3.1527900e+00   3.2399700e+01   1.0000000e+00
   2.4900000e+02   7.8006200e+00   6.3532100e+00   3.5031300e+01  -3.0000000e+00
   2.5000000e+02  -1.3380800e+01  -1.1927600e+01   3.2956700e+01  -2.0000000e+00
   2.5100000e+02  -1.0041000e+01   2.6684400e+00   3.3007100e+01   1.0000000e+00
   2.5200000e+02   1.9063200e+01  -1.0485500e+00   1.0116000e+01  -1.0000000e+00
   2.5300000e+02   1.5448900e+01  -1.6293900e+00   9.9319900e+00   2.0000000e+00
   2.5400000e+02  -1.2689400e+01  -6.4319800e+00   3.3032900e+01   1.0000000e+00
   2.5500000e+02   5.9625600e+00  -9.7245300e+00   1.0369300e+01   2.0000000e+00
   2.5600000e+02  -2.5250500e-01  -5.5732100e+00   4.7956400e+00  -3.0000000e+00
   2.5700000e+02   2.4199400e+00  -1.8268500e+01   2.3502100e+01  -1.0000000e+00
   2.5800000e+02   2.4304600e+00  -1.0370100e+01   9.8432000e+00   2.0000000e+00
   2.5900000e+02  -1.0980700e+01   8.1082000e-01   3.2953400e+01   1.0000000e+00
   2.6000000e+02   7.1768500e+00  -6.3445500e+00   1.0240600e+01   2.0000000e+00
   2.6100000e+02  -1.4233600e+01   2.4180600e+00   3.2820000e+01   1.0000000e+00
   2.6200000e+02   4.9296200e+00   3.7405300e+00   2.2910900e+01  -3.0000000e+00
   2.6300000e+02  -1.4519700e+01   9.5863600e+00   3.4231900e+01  -2.0000000e+00
   2.6400000e+02  -1.1732100e+01  -4.6153900e+00   3.3461200e+01   1.0000000e+00
   2.6500000e+02  -8.6754000e+00  -2.6273500e+00   3.3169500e+01   1.0000000e+00
   2.6600000e+02   8.3937800e+00  -2.9492500e+00   1.0637700e+01   2.0000000e+00
   2.6700000e+02   1.3118500e+01   1.1094900e+00   2.5581200e+01  -3.0000000e+00
   2.6800000e+02  -1.2431100e+01  -1.0017100e+01   3.3270400e+01   1.0000000e+00
   2.6900000e+02  -3.0959700e+00  -1.1443700e+01   2.4517300e+01  -3.0000000e+00
   2.7000000e+02  -1.4778300e+01   1.3165900e+01   4.8832600e+01  -1.0000000e+00
   2.7100000e+02   1.7492400e+01  -2.4083000e+00   9.8720400e+00  -2.0000000e+00
   2.7200000e+02   1.2656600e+01  -6.3924500e+00   1.0366700e+01   2.0000000e+00
   2.7300000e+02   1.4235700e+01  -5.0486600e+00   9.9633400e+00   2.0000000e+00
   2.7400000e+02   8.9579600e+00  -1.6547700e+01   9.5696900e+00  -1.0000000e+00
   2.7500000e+02   3.4649300e+00  -1.6484400e+01   2.6276100e+01  -2.0000000e+00
   2.7600000e+02   4.3756800e+00   1.0660200e+01   4.5203000e+01  -3.0000000e+00
   2.7700000e+02  -1.4618300e+00  -1.6734700e+01   2.7107400e+01  -1.0000000e+00
   2.7800000e+02   1.0728300e+01   3.7757200e+00   3.4959500e+01  -3.0000000e+00
   2.7900000e+02  -4.7422600e+00  -1.5239600e+01   3.3983300e+01  -2.0000000e+00
   2.8000000e+02   1.2530400e+01  -1.5898100e+01   1.0462600e+01  -1.0000000e+00
   2.8100000e+02   1.6841000e+00  -6.2990300e+00   9.8587700e+00   2.0000000e+00
   2.8200000e+02   4.9579500e+00   1.3118600e+01   6.2357200e+01  -3.0000000e+00
   2.8300000e+02   7.0577300e+00   3.4284600e+00   1.5267500e+01  -3.0000000e+00
   2.8400000e+02  -9.5956400e+00   1.5378100e+01   3.3446200e+01  -1.0000000e+00
   2.8500000e+02   1.6710700e+01   1.6601200e+00  -2.7291600e+00  -2.0000000e+00
   2.8600000e+02  -3.8724900e+00  -1.3349300e+01   3.5544200e+01  -3.0000000e+00
   2.8700000e+02  -1.1335400e+01   7.9936600e+00   3.2925900e+01   1.0000000e+00
   2.8800000e+02   1.2727100e+01   4.2631500e+00   3.4384300e+01  -3.0000000e+00
   2.8900000e+02   1.0351400e+01  -3.6374400e+00   1.0558300e+01   2.0000000e+00
   2.9000000e+02   1.4596400e+00  -1.5913200e+01   1.4784300e+01  -2.0000000e+00
   2.9100000e+02  -1.5193000e+01   6.0742100e-01   3.3298300e+01  -2.0000000e+00
   2.9200000e+02   4.9992900e-01  -9.6312000e+00   1.0169600e+01  -3.0000000e+00
   2.9300000e+02   1.1544700e+01  -2.8365600e-01   1.0379400e+01   2.0000000e+00
   2.9400000e+02   3.7921800e+00   1.7884800e+01   4.9019800e+01  -1.0000000e+00
   2.9500000e+02   8.7697000e+00  -5.0018400e+00   1.0647200e+01   2.0000000e+00
   2.9600000e+02  -8.3066500e+00  -9.8228700e+00   3.2830100e+01   1.0000000e+00
   2.9700000e+02  -7.1690700e+00   8.2188900e+00   3.2752900e+01   1.0000000e+00
   2.9800000e+02  -3.5530100e+00  -1.7036600e+01   3.4950400e+01  -1.0000000e+00
   2.9900000e+02   1.8365500e+01   3.7858700e+00  -1.3056700e+01  -1.0000000e+00
