   0.0000000e+00  -1.5866500e+00  -9.9732800e+00   4.1936600e+01  -3.0000000e+00
   1.0000000e+00   7.1733400e+00   8.9868200e+00   3.7452900e+01   1.0000000e+00
   2.0000000e+00   3.5185600e+00   4.9308200e+00   2.4011600e+01  -3.0000000e+00
   3.0000000e+00   7.6773300e+00  -1.6499400e+01   2.2323600e+01  -1.0000000e+00
   4.0000000e+00  -2.6052100e+00  -1.4029200e+01   4.2664100e+01  -3.0000000e+00
   5.0000000e+00  -1.3086500e+01   1.0799400e+01   1.6695100e+01  -2.0000000e+00
   6.0000000e+00   1.6227100e+01  -1.0550900e+01   4.7170500e+00  -1.0000000e+00
   7.0000000e+00   4.5546800e+00   1.0203400e+00   4.3574200e+00   2.0000000e+00
   8.0000000e+00   2.8576800e+00  -1.4013900e-01   7.4902600e+00   2.0000000e+00
   9.0000000e+00   1.0961600e+01  -1.2049100e+01   4.7899700e+00   2.0000000e+00
   1.0000000e+01  -3.5828900e+00   1.1301000e+01   3.5657900e+01  -3.0000000e+00
   1.1000000e+01  -1.2142100e+01   1.4344600e+01   2.9113100e+01  -1.0000000e+00
   1.2000000e+01   4.7302700e+00  -1.0337500e+00   4.4370100e+00   2.0000000e+00
   1.3000000e+01  -1.0468800e+01   8.3300900e+00   1.0191500e+00  -3.0000000e+00
   1.4000000e+01  -6.7818800e+00   1.6841500e+01   1.2324800e+01  -1.0000000e+00
   1.5000000e+01   3.1634400e+00  -4.2555900e+00   4.1558800e+00  -3.0000000e+00
   1.6000000e+01   1.3909800e+01  -3.4123700e+00   3.5908400e+00   2.0000000e+00
   1.7000000e+01   1.4030200e+01  -5.5440200e+00   3.6481400e+00   2.0000000e+00
   1.8000000e+01  -1.0558600e+01  -8.6603000e+00   4.5499400e+01   1.0000000e+00
   1.9000000e+01   1.5509200e+01   9.9399800e+00   2.9650900e+01  -1.0000000e+00
   2.0000000e+01   2.1383300e-01   2.4258600e+00   6.9626400e+00  -3.0000000e+00
   2.1000000e+01   4.6344600e+00   1.2273300e+01   3.7123400e+01   1.0000000e+00
   2.2000000e+01  -1.0431200e+01  -1.1999400e+00   4.4537600e+01   1.0000000e+00
   2.3000000e+01   9.2278900e+00   9.2393300e+00   3.7181900e+01   1.0000000e+00
   2.4000000e+01   1.1360100e+01   5.7454500e+00   1.3156900e+01  -3.0000000e+00
   2.5000000e+01   1.1737800e+01   1.6071900e+00   4.4399400e+00   2.0000000e+00
   2.6000000e+01   2.4073700e+00   2.1064300e+00   1.1706500e+01  -3.0000000e+00
   2.7000000e+01   1.5681000e-01  -1.7223400e+01   4.1144500e+01  -2.0000000e+00
   2.8000000e+01  -3.4321600e+00  -1.6279700e+01   4.2535000e+01  -2.0000000e+00
   2.9000000e+01  -9.0255500e+00  -1.0161900e+01   4.5434300e+01   1.0000000e+00
   3.0000000e+01   3.0828100e+00   8.4645800e+00   3.7069500e+01   1.0000000e+00
   3.1000000e+01  -7.3274400e-01   1.3456300e+01   4.2423900e+01  -3.0000000e+00
   3.2000000e+01  -1.7934700e+01  -1.2669300e+00   6.0627700e+01  -1.0000000e+00
   3.3000000e+01   1.0480000e+01  -5.7883400e+00   4.0927700e+00   2.0000000e+00
   3.4000000e+01   5.4360900e+00   1.4187700e+01   5.2745500e+01  -2.0000000e+00
   3.5000000e+01   1.4975500e+01   6.0235400e+00   6.3613500e+00  -3.0000000e+00
   3.6000000e+01  -9.5642400e+00   1.1769000e+01   1.4694400e+01   1.0000000e+00
   3.7000000e+01  -1.6244300e+01   4.7399300e+00   5.9126300e+01  -1.0000000e+00
   3.8000000e+01   1.0050500e+01   1.1160600e+01   3.6609700e+01   1.0000000e+00
   3.9000000e+01  -5.9369700e+00   1.2742700e+01   1.5024900e+01  -3.0000000e+00
   4.0000000e+01   3.4502700e+00  -8.4018100e+00   3.6174700e+00  -3.0000000e+00
   4.1000000e+01   1.4177900e+01  -7.6138800e+00   4.5511800e+00  -2.0000000e+00
   4.2000000e+01   1.4734300e+00  -5.4454000e+00   5.6377700e+00  -3.0000000e+00
   4.3000000e+01   1.4556000e+01  -1.1739800e+01   5.3960400e+00  -2.0000000e+00
   4.4000000e+01   1.3651200e+01   7.3589000e-01   4.1383900e+00   2.0000000e+00
   4.5000000e+01   5.1799000e+00  -7.2405700e+00   4.4088400e+00   2.0000000e+00
   4.6000000e+01  -1.2012600e+01  -7.2028700e+00   4.5470900e+01   1.0000000e+00
   4.7000000e+01   1.6571500e+01   7.3378900e+00   2.5315800e+01  -2.0000000e+00
   4.8000000e+01  -9.8722400e+00   7.8543200e-01   4.3964300e+01   1.0000000e+00
   4.9000000e+01  -1.0715600e+01   4.2660700e+00   4.4613000e+01   1.0000000e+00
   5.0000000e+01  -1.2258500e+01   5.8990800e+00   3.4105300e+01  -3.0000000e+00
   5.1000000e+01   8.7408800e+00  -6.9552300e+00   4.3095500e+00   2.0000000e+00
   5.2000000e+01   1.4227800e+01   1.1580900e+01   2.0548800e+01  -1.0000000e+00
   5.3000000e+01   1.3309700e+01   9.6641600e+00   3.6087800e+01  -2.0000000e+00
   5.4000000e+01   1.0478300e+01   7.5974800e+00   2.2365300e+01  -3.0000000e+00
   5.5000000e+01   1.0010500e+01   4.8805300e-01   4.7159100e+00   2.0000000e+00
   5.6000000e+01   1.5516400e+01  -2.4964100e-01   3.6947100e+00  -2.0000000e+00
   5.7000000e+01  -5.2281800e+00   3.8415200e+00   4.4759800e+01   1.0000000e+00
   5.8000000e+01  -1.2174400e+00   7.8897900e+00   4.1607100e+01   1.0000000e+00
   5.9000000e+01  -5.5475900e+00  -1.1079900e+01   4.5288400e+01   1.0000000e+00
   6.0000000e+01  -8.0463900e+00  -6.1516600e+00   4.4634500e+01   1.0000000e+00
   6.1000000e+01   4.3228200e+00   6.8235500e+00   3.6080000e+01   1.0000000e+00
   6.2000000e+01   1.7226200e+01   9.7625300e-01  -1.0723600e+01  -1.0000000e+00
   6.3000000e+01  -1.4375000e+00  -1.5783300e+01   4.3420200e+01  -2.0000000e+00
   6.4000000e+01  -1.2479100e+01   8.8089300e+00   2.9334500e+01  -2.0000000e+00
   6.5000000e+01  -6.0731200e+00  -1.3066900e+01   4.4847600e+01   1.0000000e+00
   6.6000000e+01  -3.2776400e+00   7.4102800e+00   3.9342500e+01  -3.0000000e+00
   6.7000000e+01  -5.8787200e-01  -1.3431400e+01   4.2583100e+01  -3.0000000e+00
   6.8000000e+01  -6.1540900e-01   1.5541800e+01   4.2638300e+01  -3.0000000e+00
   6.9000000e+01  -6.3910800e+00  -1.5677200e-01   4.4550100e+01   1.0000000e+00
   7.0000000e+01  -1.3874200e+01  -1.9637000e-01   4.4074700e+01   1.0000000e+00
   7.1000000e+01  -1.0570400e+01   1.5791700e+01   2.8716300e+01  -1.0000000e+00
   7.2000000e+01  -1.0054600e+01  -1.4209300e+01   4.5384700e+01  -2.0000000e+00
   7.3000000e+01  -1.5389300e+01   1.2617300e+00   4.4567900e+01  -2.0000000e+00
   7.4000000e+01  -2.2892200e+00   8.7595500e-01   4.4934400e+01  -3.0000000e+00
   7.5000000e+01   9.0798700e+00  -1.1130100e+01   4.6171900e+00   2.0000000e+00
   7.6000000e+01   1.1703100e+01   1.4994400e+01   2.5523900e+01  -1.0000000e+00
   7.7000000e+01   2.0929400e+00  -1.3753400e+01   6.9944200e+00  -3.0000000e+00
   7.8000000e+01   1.1153100e+01  -1.4109700e+01   3.9536200e+00  -2.0000000e+00
   7.9000000e+01  -9.5502600e+00  -1.2147100e+01   4.5456000e+01   1.0000000e+00
   8.0000000e+01  -1.8440500e+00  -4.5942700e+00   4.5411700e+01  -3.0000000e+00
   8.1000000e+01  -1.1511100e+01  -5.1755300e+00   4.4900500e+01   1.0000000e+00
   8.2000000e+01  -7.4641500e+00  -4.1348800e+00   4.4363600e+01   1.0000000e+00
   8.3000000e+01   7.6172800e+00   1.6588700e+01   6.3560900e+01  -1.0000000e+00
   8.4000000e+01  -1.0042200e+01  -6.6435600e+00   4.4849600e+01   1.0000000e+00
   8.5000000e+01   5.2074500e-01   1.1814600e+01   3.6996800e+01   1.0000000e+00
   8.6000000e+01   1.7385800e+01  -1.1344500e+00  -1.0779300e+01  -1.0000000e+00
   8.7000000e+01   4.3875600e+00   3.0641200e+00   1.0899600e+01  -3.0000000e+00
   8.8000000e+01   1.0341300e+01  -3.7201300e+00   4.4408500e+00   2.0000000e+00
   8.9000000e+01   8.2969100e+00  -7.6207400e-01   4.8927200e+00   2.0000000e+00
   9.0000000e+01   6.7408500e+00  -4.0018000e+00   4.1994700e+00   2.0000000e+00
   9.1000000e+01   1.5885100e+01  -6.4444000e+00   3.9097000e+00  -2.0000000e+00
   9.2000000e+01   1.0910400e+01   1.3045800e+01   3.7410600e+01  -2.0000000e+00
   9.3000000e+01   7.3728000e+00  -1.2297900e+01   4.1575600e+00   2.0000000e+00
   9.4000000e+01  -3.4198400e+00  -3.1269300e+00   4.4887500e+01   1.0000000e+00
   9.5000000e+01  -3.9212100e+00  -1.8272300e+01   4.4647600e+01  -1.0000000e+00
   9.6000000e+01   1.0762800e+01  -9.9309200e+00   4.2973300e+00   2.0000000e+00
   9.7000000e+01   2.5819200e+00   1.2044200e+01   3.6898700e+01   1.0000000e+00
   9.8000000e+01   6.2469400e+00   2.1991300e+00   6.6760000e+00   2.0000000e+00
   9.9000000e+01  -1.0046700e+01   1.3778600e+01   1.4353500e+01  -2.0000000e+00
   1.0000000e+02   1.7093400e+01   3.0379100e+00  -1.0681100e+01  -1.0000000e+00
   1.0100000e+02  -8.9934800e+00   9.7766500e+00   1.5156300e+01   1.0000000e+00
   1.0200000e+02  -1.8455300e+01  -3.4003900e+00   4.5489600e+01  -1.0000000e+00
   1.0300000e+02  -1.7437500e+01   7.5401700e-01   6.0476000e+01  -1.0000000e+00
   1.0400000e+02  -1.2720900e+01   3.7849600e+00   4.5023500e+01   1.0000000e+00
   1.0500000e+02  -8.0613700e+00  -1.3603300e+01   4.5645000e+01  -2.0000000e+00
   1.0600000e+02  -6.5332800e+00  -7.6201500e+00   4.5360800e+01   1.0000000e+00
   1.0700000e+02   1.3752500e+01  -1.3420500e+00   3.4639500e+00   2.0000000e+00
   1.0800000e+02  -5.9916300e+00  -5.6387100e+00   4.4589700e+01   1.0000000e+00
   1.0900000e+02   5.6386700e+00  -1.3503200e+01   3.9409300e+00   2.0000000e+00
   1.1000000e+02  -8.9333700e+00  -2.6857000e+00   4.4849900e+01   1.0000000e+00
   1.1100000e+02   1.4350400e+01  -9.6692600e+00   4.9521400e+00  -2.0000000e+00
   1.1200000e+02   5.0120100e+00  -5.1560500e+00   4.0696500e+00   2.0000000e+00
   1.1300000e+02  -4.0592600e+00  -1.2551400e+01   4.5195100e+01   1.0000000e+00
   1.1400000e+02  -4.7058300e+00   5.9459100e+00   4.0026800e+01  -3.0000000e+00
   1.1500000e+02   3.5689800e+00  -1.0473200e+01   5.5846600e+00  -3.0000000e+00
   1.1600000e+02  -1.1275200e+01   2.2843800e+00   4.3834400e+01   1.0000000e+00
   1.1700000e+02   4.3023800e+00   1.8142300e+01   3.7689600e+01  -1.0000000e+00
   1.1800000e+02  -4.5180200e+00  -7.0878000e+00   4.5200600e+01   1.0000000e+00
   1.1900000e+02  -9.4750000e+00  -4.6722400e+00   4.4332400e+01   1.0000000e+00
   1.2000000e+02   1.3255100e+01   4.8678400e+00   1.6485700e+01  -3.0000000e+00
   1.2100000e+02  -5.4158700e+00  -1.6831500e+01   2.6454400e+01  -1.0000000e+00
   1.2200000e+02   1.0630100e+01  -7.8751000e+00   3.9062900e+00   2.0000000e+00
   1.2300000e+02  -4.3761000e+00   3.4171500e-01   4.4600900e+01   1.0000000e+00
   1.2400000e+02   1.4621800e+00   1.5845600e+01   5.3094800e+01  -2.0000000e+00
   1.2500000e+02   4.8916800e+00  -3.1001700e+00   4.1042400e+00   2.0000000e+00
   1.2600000e+02   1.9226900e+00  -1.1701900e+01  -1.1428900e+00  -3.0000000e+00
   1.2700000e+02  -1.4016800e+01  -7.7395200e+00   4.5367300e+01  -2.0000000e+00
   1.2800000e+02  -1.3287900e+00  -2.6068200e+00   4.9594200e+01  -3.0000000e+00
   1.2900000e+02  -8.5857300e+00  -1.5678000e+01   4.5499300e+01  -1.0000000e+00
   1.3000000e+02  -1.3829100e+01   7.2477600e+00   3.5713400e+01  -2.0000000e+00
   1.3100000e+02   6.5804200e+00  -1.9268500e+00   4.3813300e+00   2.0000000e+00
   1.3200000e+02  -6.7371100e+00   5.3204600e+00   5.8034800e+01   1.0000000e+00
   1.3300000e+02   1.7767800e-01   6.3714300e+00   5.1878700e+01  -3.0000000e+00
   1.3400000e+02   3.5069900e+00   1.6101300e+01   5.2529300e+01  -2.0000000e+00
   1.3500000e+02   8.4310100e+00   7.3495000e+00   4.9277700e+01  -3.0000000e+00
   1.3600000e+02  -1.2064000e+01  -1.4747300e+01   3.3008500e+01  -2.0000000e+00
   1.3700000e+02  -1.1058400e+01   1.0298900e+01   1.5832000e+01   1.0000000e+00
   1.3800000e+02  -1.2529100e+01  -9.2254200e+00   4.5458000e+01   1.0000000e+00
   1.3900000e+02  -1.3672200e+01   1.2845000e+01   3.1102500e+01  -1.0000000e+00
   1.4000000e+02  -1.0591500e+01  -1.6197400e+01   4.4947000e+01  -1.0000000e+00
   1.4100000e+02   1.5164700e+00  -7.5151700e+00   2.8671700e+01  -3.0000000e+00
   1.4200000e+02  -2.7641600e+00   1.3177700e+01   4.5161600e+01  -3.0000000e+00
   1.4300000e+02  -1.5360200e+00   1.1538700e+01   3.5399400e+01  -3.0000000e+00
   1.4400000e+02  -1.4495700e+01   9.2527200e+00   2.5834000e+00  -1.0000000e+00
   1.4500000e+02   9.0999000e-01   4.9450700e-01   1.0689000e+01  -3.0000000e+00
   1.4600000e+02  -5.5754200e+00   1.0711800e+01   9.8866200e+00  -3.0000000e+00
   1.4700000e+02   3.3775000e+00   1.3966800e+01   5.2583400e+01  -3.0000000e+00
   1.4800000e+02   7.9349500e+00   3.3937400e+00   6.9495600e+00   2.0000000e+00
   1.4900000e+02   5.5190300e+00  -1.1398000e+01   4.0378800e+00   2.0000000e+00
   1.5000000e+02   5.5746900e+00   1.6251400e+01   4.0905900e+01  -1.0000000e+00
   1.5100000e+02  -4.7192900e+00   1.6357900e+01   2.5110700e+01  -2.0000000e+00
   1.5200000e+02  -1.5015700e+01  -4.2584700e+00   4.5986700e+01  -2.0000000e+00
   1.5300000e+02  -1.6467800e+01  -2.7382200e+00   4.5525500e+01  -2.0000000e+00
   1.5400000e+02   2.2343400e+00   6.5552800e+00   3.8210200e+01  -3.0000000e+00
   1.5500000e+02   9.5805800e+00   1.4678900e+01   5.3011200e+01  -2.0000000e+00
   1.5600000e+02  -8.7188700e+00   4.7891300e+00   3.3138600e+01   1.0000000e+00
   1.5700000e+02   1.2164100e+01   1.1385900e+01   3.5542000e+01  -2.0000000e+00
   1.5800000e+02   6.4277600e+00   1.1436500e-01   4.7388600e+00   2.0000000e+00
   1.5900000e+02   6.7032800e+00   1.2543800e+01   3.7195900e+01   1.0000000e+00
   1.6000000e+02  -1.3040200e+01  -1.1221400e+01   4.5910700e+01  -2.0000000e+00
   1.6100000e+02   1.7956100e+00   1.0144800e+01   3.7527600e+01   1.0000000e+00
   1.6200000e+02   6.3714900e+00   7.0697500e+00   3.7965700e+01   1.0000000e+00
   1.6300000e+02   2.2876200e+00   1.7771700e+01   3.7702400e+01  -1.0000000e+00
   1.6400000e+02  -7.0180500e+00   9.2370000e+00   1.7388200e+01   1.0000000e+00
   1.6500000e+02   1.0188600e+01  -1.6179500e+00   4.5523200e+00   2.0000000e+00
   1.6600000e+02  -4.8822900e+00  -1.6666800e+00   4.4789400e+01   1.0000000e+00
   1.6700000e+02  -1.4469100e+01  -2.1823300e+00   4.4470000e+01   1.0000000e+00
   1.6800000e+02   1.1546900e+01   3.6961500e+00   4.3552200e+00   2.0000000e+00
   1.6900000e+02  -3.0343800e+00  -8.5307400e+00   4.3682800e+01   1.0000000e+00
   1.7000000e+02  -1.0238700e+01   6.2724600e+00   2.9242400e+01  -3.0000000e+00
   1.7100000e+02  -1.5094700e+01   1.1250500e+01   1.7430700e+01  -1.0000000e+00
   1.7200000e+02   1.8432500e+01   6.4512600e+00   3.8063100e+01  -1.0000000e+00
   1.7300000e+02  -6.2536100e+00   7.3305500e+00   3.0726200e+01  -3.0000000e+00
   1.7400000e+02   1.2035400e+01  -2.5290000e+00   4.5168800e+00   2.0000000e+00
   1.7500000e+02  -4.5368300e+00   1.4302200e+01   1.9119300e+01  -3.0000000e+00
   1.7600000e+02  -4.6010200e-01  -8.2352700e+00   1.6093200e+01  -3.0000000e+00
   1.7700000e+02  -8.6543900e-01  -6.0640500e-01   3.9903400e+01  -3.0000000e+00
   1.7800000e+02   6.8661900e+00  -6.0670200e+00   4.2917900e+00   2.0000000e+00
   1.7900000e+02   3.3129300e+00  -6.3400700e+00   4.0478900e+00   2.0000000e+00
   1.8000000e+02   3.8366700e+00   1.0379100e+01   3.7362000e+01   1.0000000e+00
   1.8100000e+02   9.2520200e+00  -1.3213700e+01   4.2521100e+00   2.0000000e+00
   1.8200000e+02  -1.0939800e+01  -3.1791500e+00   4.4747400e+01   1.0000000e+00
   1.8300000e+02   1.6086800e+01  -8.4847100e+00  -1.0172500e+01  -1.0000000e+00
   1.8400000e+02  -5.0314800e+00  -9.0739300e+00   4.5435200e+01   1.0000000e+00
   1.8500000e+02   1.7527600e+01  -3.2187600e+00  -1.0740100e+01  -1.0000000e+00
   1.8600000e+02  -7.5503600e+00   1.1243800e+01   1.4458200e+01   1.0000000e+00
   1.8700000e+02  -1.2978100e+01  -3.7119200e+00   4.4933300e+01   1.0000000e+00
   1.8800000e+02  -1.5938900e+01  -7.2720100e-01   4.4997800e+01  -2.0000000e+00
   1.8900000e+02  -1.1544500e+01  -1.2680500e+01   4.5594700e+01   1.0000000e+00
   1.9000000e+02   2.0832500e-01   1.7499600e+01   2.6099100e+01  -2.0000000e+00
   1.9100000e+02   2.4249000e+00  -1.6067200e+01   3.1241800e+01  -2.0000000e+00
   1.9200000e+02   6.1472200e+00  -1.8036300e+01   1.0609500e+01  -1.0000000e+00
   1.9300000e+02   1.1250400e+01  -1.6191600e+01  -2.6956600e+01  -1.0000000e+00
   1.9400000e+02   1.3845900e+00  -9.6496800e+00   3.5669600e+01  -3.0000000e+00
   1.9500000e+02   1.6565700e+00   4.0521400e+00   4.4457300e+01  -3.0000000e+00
   1.9600000e+02   8.7787000e+00   1.2791000e+01   3.7088900e+01   1.0000000e+00
   1.9700000e+02   9.8273600e+00   2.5711600e+00   5.1866200e+00   2.0000000e+00
   1.9800000e+02  -1.6945200e+01   2.8002000e+00   5.8391300e+01  -1.0000000e+00
   1.9900000e+02   1.2214900e+01  -4.5901400e+00   4.1200100e+00   2.0000000e+00
   2.0000000e+02   7.5082700e+00  -1.4385900e+01   4.4539300e+00  -2.0000000e+00
   2.0100000e+02   3.9355300e+00  -1.4660200e+01   5.4792700e+00  -3.0000000e+00
   2.0200000e+02  -1.1032100e+01  -1.0684400e+01   4.5518800e+01   1.0000000e+00
   2.0300000e+02   7.2317900e+00  -1.0246600e+01   4.6527100e+00   2.0000000e+00
   2.0400000e+02  -1.6130700e+01  -8.2798000e+00   6.0885600e+01  -1.0000000e+00
   2.0500000e+02  -4.6055600e+00  -1.4597600e+01   4.2228400e+01  -2.0000000e+00
   2.0600000e+02  -4.0164800e-01   4.3966400e+00   2.8401000e+01  -3.0000000e+00
   2.0700000e+02   7.5152300e+00   1.4426000e+01   5.3035400e+01  -2.0000000e+00
   2.0800000e+02   1.3175100e+00   1.3744500e+01   4.1917500e+01  -3.0000000e+00
   2.0900000e+02   1.3019500e+01   1.3345300e+01   2.1875300e+01  -1.0000000e+00
   2.1000000e+02   1.2323500e+01  -6.7003400e+00   3.9287900e+00   2.0000000e+00
   2.1100000e+02  -8.8449100e+00   1.7387100e+01   1.1745300e+01  -1.0000000e+00
   2.1200000e+02  -1.8757600e+00  -1.7849400e+01   4.5394100e+01  -1.0000000e+00
   2.1300000e+02   1.5653000e+01  -2.3030700e+00   3.2996500e+00  -2.0000000e+00
   2.1400000e+02   8.1207200e+00   1.3470900e+00   5.4623300e+00   2.0000000e+00
   2.1500000e+02   5.3507200e+00  -9.3192000e+00   4.2019400e+00   2.0000000e+00
   2.1600000e+02   1.3427200e+01   2.8056200e+00   5.0372000e+00   2.0000000e+00
   2.1700000e+02   1.4747500e+01  -1.3808400e+01  -2.4741800e+01  -1.0000000e+00
   2.1800000e+02   1.7747300e+01  -5.3104500e+00   4.2187300e+00  -1.0000000e+00
   2.1900000e+02  -8.0219800e+00   1.3251300e+01   1.4906800e+01   1.0000000e+00
   2.2000000e+02  -8.4379300e+00   7.6310000e+00   2.6648200e+01  -3.0000000e+00
   2.2100000e+02  -3.9836500e+00  -5.1152800e+00   4.4773800e+01   1.0000000e+00
   2.2200000e+02  -2.4806400e+00  -6.5501900e+00   4.4742500e+01   1.0000000e+00
   2.2300000e+02   5.7991800e+00  -1.5570400e+01   6.7055000e+00  -2.0000000e+00
   2.2400000e+02  -1.3506200e+01  -1.3285200e+01   4.5502600e+01  -2.0000000e+00
   2.2500000e+02  -1.5860900e+01   6.8102000e+00   4.5822200e+01  -1.0000000e+00
   2.2600000e+02  -3.2428800e+00   4.3803500e+00   3.8841300e+01  -3.0000000e+00
   2.2700000e+02  -6.6014000e+00  -1.5084100e+01   3.0886900e+01  -2.0000000e+00
   2.2800000e+02  -5.4369200e+00  -3.6623900e+00   4.4324000e+01   1.0000000e+00
   2.2900000e+02   8.5989300e+00  -4.8885900e+00   4.2517400e+00   2.0000000e+00
   2.3000000e+02  -4.6916200e-01  -6.1656900e+00   1.6799200e+00  -3.0000000e+00
   2.3100000e+02   1.5739800e+01  -4.3880300e+00   3.4891200e+00  -2.0000000e+00
   2.3200000e+02   5.6326900e-01  -1.5178300e+01   4.1282100e+01  -3.0000000e+00
   2.3300000e+02   1.1269500e+01   9.4977900e+00   3.6047100e+01   1.0000000e+00
   2.3400000e+02  -1.7052900e+01  -4.9713800e+00   3.1368900e+01  -1.0000000e+00
   2.3500000e+02  -8.3981400e+00  -6.9080200e-01   4.4852200e+01   1.0000000e+00
   2.3600000e+02   2.0460800e+00  -1.8107400e+01   5.5540800e+01  -1.0000000e+00
   2.3700000e+02  -6.9093500e+00  -2.1460900e+00   4.4642600e+01   1.0000000e+00
   2.3800000e+02   9.3889400e+00  -1.5259800e+01   1.6266200e+01  -2.0000000e+00
   2.3900000e+02   4.1397500e+00  -1.7252300e+01   1.5225200e+01  -2.0000000e+00
   2.4000000e+02   8.4322900e+00  -2.8138900e+00   4.4520000e+00   2.0000000e+00
   2.4100000e+02   1.2674500e+01  -1.0853900e+01   5.0322900e+00   2.0000000e+00
   2.4200000e+02  -8.5392400e+00  -8.1569700e+00   4.5354500e+01   1.0000000e+00
   2.4300000e+02   3.8076700e+00  -1.2539400e+01   4.5538100e+00   2.0000000e+00
   2.4400000e+02  -9.2527600e+00   2.8170900e+00   4.4226000e+01   1.0000000e+00
   2.4500000e+02  -1.8225900e+00   5.9218600e+00   3.8048100e+01  -3.0000000e+00
   2.4600000e+02  -1.7973700e+00   2.8713400e+00   4.6029900e+01  -3.0000000e+00
   2.4700000e+02  -1.1871800e+01   2.9843300e-01   4.3668700e+01   1.0000000e+00
   2.4800000e+02   9.5466300e+00   4.6975700e+00   1.7817300e+01  -3.0000000e+00
   2.4900000e+02  -2.8532600e+00  -1.1197400e+00   4.4985100e+01   1.0000000e+00
   2.5000000e+02   7.6197800e+00   5.4308100e+00   1.6285500e+01  -3.0000000e+00
   2.5100000e+02  -8.5717100e+00   1.5252100e+01   1.3200000e+01  -2.0000000e+00
   2.5200000e+02  -1.4795100e+01   3.2429400e+00   4.3838400e+01  -2.0000000e+00
   2.5300000e+02   8.9045500e+00  -9.0036500e+00   4.6191100e+00   2.0000000e+00
   2.5400000e+02  -2.6604300e+00   1.5233900e+01   4.9828800e+01  -3.0000000e+00
   2.5500000e+02  -1.0747100e-01  -1.1419100e+01   4.8114800e+01  -3.0000000e+00
   2.5600000e+02   1.1894600e+01  -4.3780800e-01   4.0899200e+00   2.0000000e+00
   2.5700000e+02  -1.3290100e+01   1.7931300e+00   4.4194300e+01   1.0000000e+00
   2.5800000e+02   3.0292800e+00  -2.2017100e+00  -5.9501000e+00  -3.0000000e+00
   2.5900000e+02   1.0338600e+00   8.2406400e+00   3.7589200e+01   1.0000000e+00
   2.6000000e+02   7.0379900e+00  -8.1393000e+00   4.8518200e+00   2.0000000e+00
   2.6100000e+02  -1.1071900e+00   1.9077600e+01   3.8801100e+01  -1.0000000e+00
   2.6200000e+02   1.5360500e+01   1.9082500e+00   4.4452500e+00  -2.0000000e+00
   2.6300000e+02   1.6891000e+01   5.0826500e+00   6.3282700e+00  -2.0000000e+00
   2.6400000e+02   5.5990200e+00   4.7314300e+00   3.0844700e+01  -3.0000000e+00
   2.6500000e+02  -7.2339300e+00   3.3276900e+00   4.4518000e+01   1.0000000e+00
   2.6600000e+02  -7.0359600e+00  -9.6193800e+00   4.5500900e+01   1.0000000e+00
   2.6700000e+02   1.2480900e+01  -8.7916600e+00   4.4143700e+00   2.0000000e+00
   2.6800000e+02   5.9117700e+00   1.0632300e+01   3.7527000e+01   1.0000000e+00
   2.6900000e+02   1.5128900e+01   3.9607800e+00   4.3916900e+00  -2.0000000e+00
   2.7000000e+02  -3.7263000e-01   9.8364900e+00   3.7666100e+01  -3.0000000e+00
   2.7100000e+02   1.2881900e+01  -1.2947400e+01   1.7106100e+01  -2.0000000e+00
   2.7200000e+02   1.0102500e+00  -1.5856900e+00   3.0969600e+01  -3.0000000e+00
   2.7300000e+02   1.4602100e+01   8.0685000e+00   1.4274300e+01  -2.0000000e+00
   2.7400000e+02   1.2531100e+01   7.7688900e+00   4.7346100e+01  -3.0000000e+00
   2.7500000e+02  -7.8433300e+00   1.3182600e+00   4.4099900e+01   1.0000000e+00
   2.7600000e+02  -1.4207300e+01   5.2025100e+00   4.6242000e+01  -2.0000000e+00
   2.7700000e+02  -6.5699100e+00   1.4718600e+01   1.3966700e+01  -2.0000000e+00
   2.7800000e+02  -1.6509400e+01  -1.0321400e+01   4.6901600e+01  -1.0000000e+00
   2.7900000e+02  -1.1619000e+01   1.2323500e+01   1.4916900e+01  -2.0000000e+00
   2.8000000e+02  -3.7984500e+00   2.3285100e+00   4.4488200e+01   1.0000000e+00
   2.8100000e+02  -2.7785200e+00   9.4154800e+00   3.8594700e+01  -3.0000000e+00
   2.8200000e+02  -1.4523900e+01  -9.7473400e+00   4.6010600e+01  -2.0000000e+00
   2.8300000e+02   5.1328700e+00   8.7199700e+00   3.7358400e+01   1.0000000e+00
   2.8400000e+02  -1.2456200e+01  -1.7121800e+00   4.4258300e+01   1.0000000e+00
   2.8500000e+02  -1.3508100e+01  -5.7217600e+00   4.5696500e+01   1.0000000e+00
   2.8600000e+02  -3.6705100e+00   1.8232600e+01   4.5038800e+01  -1.0000000e+00
   2.8700000e+02  -4.7882800e+00   8.7935200e+00   1.8146300e+01  -3.0000000e+00
   2.8800000e+02  -1.4117500e+01  -1.5263900e+01   7.3475600e+01  -1.0000000e+00
   2.8900000e+02   9.8165400e+00   1.6742800e+01   4.4887500e+01  -1.0000000e+00
   2.9000000e+02   1.7448700e+01   9.2081700e+00   5.2099600e+01  -1.0000000e+00
   2.9100000e+02  -2.0847100e+00  -1.2001700e+01   4.5883700e+01   1.0000000e+00
   2.9200000e+02   7.9481400e+00   1.0899900e+01   3.7258300e+01   1.0000000e+00
   2.9300000e+02  -3.5678400e+00  -1.0529100e+01   4.5497600e+01   1.0000000e+00
   2.9400000e+02  -7.5554100e+00  -1.1601400e+01   4.5319800e+01   1.0000000e+00
   2.9500000e+02  -1.5013400e+01  -1.1812800e+01   3.1027700e+01  -1.0000000e+00
   2.9600000e+02  -1.8851600e+00   1.7172600e+01   4.2414700e+01  -2.0000000e+00
   2.9700000e+02  -5.8017300e+00   1.8424600e+00   4.3848800e+01   1.0000000e+00
   2.9800000e+02  -1.5497800e+01  -6.3177300e+00   4.6180600e+01  -2.0000000e+00
   2.9900000e+02   5.0952300e-01  -3.5893100e+00   3.2103000e+01  -3.0000000e+00
