   0.0000000e+00   1.6824000e+01   1.0530000e+00   1.0000000e+00
   1.0000000e+00  -7.2870600e+00  -1.4063400e+01   1.0000000e+00
   2.0000000e+00   1.0543400e+01  -8.1002700e+00   1.0000000e+00
   3.0000000e+00  -1.0093300e+00  -4.1014800e+00   1.0000000e+00
   4.0000000e+00   1.5938000e+01   8.6482700e+00  -1.0000000e+00
   5.0000000e+00  -1.7589600e+01  -4.1556000e+00   1.0000000e+00
   6.0000000e+00   8.8714500e+00   6.3653200e+00  -1.0000000e+00
   7.0000000e+00  -1.2378400e+01  -6.0624300e+00   1.0000000e+00
   8.0000000e+00   8.2932900e+00   4.3932800e+00   1.0000000e+00
   9.0000000e+00   1.2985900e+00  -1.6965300e+01   1.0000000e+00
   1.0000000e+01   5.1163700e+00   1.2792800e+01  -1.0000000e+00
   1.1000000e+01  -4.0345000e+00  -7.2559800e+00   1.0000000e+00
   1.2000000e+01   1.1268200e+01   1.4901300e+00   1.0000000e+00
   1.3000000e+01   1.3213800e+01   1.1039700e+01  -1.0000000e+00
   1.4000000e+01   3.3007200e+00  -1.6355000e+01   1.0000000e+00
   1.5000000e+01   7.1265000e+00   1.2368500e+01  -1.0000000e+00
   1.6000000e+01   7.3384700e-01   4.0611900e+00   1.0000000e+00
   1.7000000e+01   3.6836500e+00  -1.4255300e+01   1.0000000e+00
   1.8000000e+01  -1.5098400e+01   8.1276300e+00   1.0000000e+00
   1.9000000e+01   4.5357700e+00  -1.0038500e+01   1.0000000e+00
   2.0000000e+01   1.5551400e+01  -1.0358500e+01   1.0000000e+00
   2.1000000e+01  -1.3922500e+01  -4.7239500e+00   1.0000000e+00
   2.2000000e+01  -1.3138000e+01   8.7630400e+00   1.0000000e+00
   2.3000000e+01   9.6598800e+00  -4.6281700e+00   1.0000000e+00
   2.4000000e+01   5.0010400e+00   7.2783500e+00  -1.0000000e+00
   2.5000000e+01  -1.2339200e+01   3.3878900e+00   1.0000000e+00
   2.6000000e+01   3.3498600e+00  -7.5836600e-01   1.0000000e+00
   2.7000000e+01  -9.5347400e-01   1.4035600e+01  -1.0000000e+00
   2.8000000e+01   5.7618100e+00   1.0799600e+01  -1.0000000e+00
   2.9000000e+01  -1.1085400e+01   1.6203200e+01  -1.0000000e+00
   3.0000000e+01  -2.1166500e+00  -6.3955900e-01   1.0000000e+00
   3.1000000e+01   4.8573000e+00  -2.1921300e+00   1.0000000e+00
   3.2000000e+01   3.8386100e+00   1.6797800e+01  -1.0000000e+00
   3.3000000e+01   6.3933400e+00   8.8211200e+00  -1.0000000e+00
   3.4000000e+01  -1.3924400e+01   4.6982400e+00   1.0000000e+00
   3.5000000e+01   4.2889200e+00   3.2296100e+00   1.0000000e+00
   3.6000000e+01  -1.4324900e+01  -6.7464400e+00   1.0000000e+00
   3.7000000e+01  -1.0814700e+01  -7.4357700e+00   1.0000000e+00
   3.8000000e+01  -1.3923900e+01   1.2537600e+01  -1.0000000e+00
   3.9000000e+01   8.4005600e+00   8.3784000e+00  -1.0000000e+00
   4.0000000e+01   1.4783900e+01   5.9423300e-01   1.0000000e+00
   4.1000000e+01   1.4669000e+01  -6.9572400e+00   1.0000000e+00
   4.2000000e+01   1.3083500e+01  -1.2973900e+01   1.0000000e+00
   4.3000000e+01  -2.9605500e+00  -4.7617200e+00   1.0000000e+00
   4.4000000e+01  -1.7467900e+01   5.3889800e+00   1.0000000e+00
   4.5000000e+01   1.1947200e+00   6.0563300e+00   1.0000000e+00
   4.6000000e+01  -1.3557200e+01   6.7376600e+00   1.0000000e+00
   4.7000000e+01   7.5506800e+00  -5.2608000e+00   1.0000000e+00
   4.8000000e+01   1.7352000e+01   3.0434700e+00   1.0000000e+00
   4.9000000e+01   1.3875400e+01   9.0876800e+00  -1.0000000e+00
   5.0000000e+01   4.9853300e+00  -7.9884100e+00   1.0000000e+00
   5.1000000e+01  -1.4825800e-01   9.2817200e-03   1.0000000e+00
   5.2000000e+01  -6.8693600e+00  -1.2041600e+01   1.0000000e+00
   5.3000000e+01  -2.5301600e+00  -8.6720200e+00   1.0000000e+00
   5.4000000e+01   2.1378400e+00  -1.2843800e+01   1.0000000e+00
   5.5000000e+01  -1.7217500e+01  -2.0474100e+00   1.0000000e+00
   5.6000000e+01  -1.3546800e+01  -2.6825200e+00   1.0000000e+00
   5.7000000e+01   1.0685400e+01  -1.5616600e+01   1.0000000e+00
   5.8000000e+01   6.9464700e+00  -7.3234600e+00   1.0000000e+00
   5.9000000e+01  -1.3920800e+01  -1.0630000e+01   1.0000000e+00
   6.0000000e+01  -1.2533800e+01   1.4562300e+01  -1.0000000e+00
   6.1000000e+01   1.3640800e+01  -3.4946800e+00   1.0000000e+00
   6.2000000e+01   7.1719600e+00  -1.4869300e+01   1.0000000e+00
   6.3000000e+01  -1.0788500e+01   2.0321600e+00   1.0000000e+00
   6.4000000e+01  -5.7579100e+00   1.1308600e+01  -1.0000000e+00
   6.5000000e+01  -8.0074500e+00  -2.6927400e+00   1.0000000e+00
   6.6000000e+01  -6.0333700e+00   7.4971500e+00   1.0000000e+00
   6.7000000e+01   6.3107300e+00   3.8118600e+00   1.0000000e+00
   6.8000000e+01  -6.6218900e-01  -1.7580200e+01   1.0000000e+00
   6.9000000e+01   1.5310800e+01   2.5836900e+00   1.0000000e+00
   7.0000000e+01   8.8239800e+00  -1.0761700e+00   1.0000000e+00
   7.1000000e+01   5.8023000e+00   1.8059000e+00   1.0000000e+00
   7.2000000e+01   9.4025600e-01   8.1084300e+00  -1.0000000e+00
   7.3000000e+01   2.8999800e+00   7.4035400e+00  -1.0000000e+00
   7.4000000e+01   6.7530900e+00   6.1259800e+00   1.0000000e+00
   7.5000000e+01  -4.4906900e+00  -9.2874900e+00   1.0000000e+00
   7.6000000e+01  -5.6959200e+00   1.6836200e+01  -1.0000000e+00
   7.7000000e+01   6.0714700e+00  -1.1401800e+01   1.0000000e+00
   7.8000000e+01  -2.2292600e+00  -1.6199400e+01   1.0000000e+00
   7.9000000e+01  -1.4292500e+01  -1.2645300e+01   1.0000000e+00
   8.0000000e+01  -5.5388100e-01  -8.0265000e+00   1.0000000e+00
   8.1000000e+01  -1.3531600e+00  -1.2108100e+01   1.0000000e+00
   8.2000000e+01  -1.4750700e+01  -8.7540500e+00   1.0000000e+00
   8.3000000e+01   1.4216700e+01   6.4265800e+00  -1.0000000e+00
   8.4000000e+01  -9.9980400e+00  -3.3576900e+00   1.0000000e+00
   8.5000000e+01   9.1579400e+00   1.1926200e+01  -1.0000000e+00
   8.6000000e+01  -5.7544000e+00  -1.5611100e+01   1.0000000e+00
   8.7000000e+01  -7.6898500e+00   1.7331000e+01  -1.0000000e+00
   8.8000000e+01   1.0407300e+01   7.8143100e+00  -1.0000000e+00
   8.9000000e+01  -4.7474800e+00   4.1641700e+00   1.0000000e+00
   9.0000000e+01  -7.7952300e+00   1.1695600e+01  -1.0000000e+00
   9.1000000e+01   1.3285200e+01   2.0168200e+00   1.0000000e+00
   9.2000000e+01   1.2593600e+01   1.2995900e+01  -1.0000000e+00
   9.3000000e+01  -3.6783100e+00   1.6448200e+01  -1.0000000e+00
   9.4000000e+01  -1.5498300e+01   6.0486200e+00   1.0000000e+00
   9.5000000e+01   9.9282300e+00   1.5489500e+01  -1.0000000e+00
   9.6000000e+01  -7.3324500e+00   9.1210100e+00   1.0000000e+00
   9.7000000e+01  -9.9678100e+00  -9.3235300e+00   1.0000000e+00
   9.8000000e+01   1.7209500e+00  -1.4857800e+01   1.0000000e+00
   9.9000000e+01  -4.9287500e+00  -5.4126600e+00   1.0000000e+00
   1.0000000e+02  -1.0396500e+01  -1.1331200e+01   1.0000000e+00
   1.0100000e+02  -9.5251200e-01  -1.0087100e+01   1.0000000e+00
   1.0200000e+02   1.8537700e+00  -5.2633900e+00   1.0000000e+00
   1.0300000e+02   1.0592400e+01   1.3432200e+01  -1.0000000e+00
   1.0400000e+02  -1.2598200e+00   3.4894800e+00   1.0000000e+00
   1.0500000e+02  -6.4296300e+00  -9.9953800e+00   1.0000000e+00
   1.0600000e+02   1.0647500e+00   1.3595200e+01  -1.0000000e+00
   1.0700000e+02  -1.4758700e+01   1.0202000e+01   1.0000000e+00
   1.0800000e+02  -1.5885500e+01  -5.3887300e+00   1.0000000e+00
   1.0900000e+02  -7.9962000e+00  -8.6569300e+00   1.0000000e+00
   1.1000000e+02   1.1580600e+01  -1.1539300e+01   1.0000000e+00
   1.1100000e+02  -1.0434800e+01   1.4146500e+01  -1.0000000e+00
   1.1200000e+02  -9.9731200e+00   6.0639900e+00   1.0000000e+00
   1.1300000e+02   5.3505000e+00  -1.9952500e-01   1.0000000e+00
   1.1400000e+02  -6.3781300e+00   5.4707700e+00   1.0000000e+00
   1.1500000e+02  -9.1308600e+00   1.0116100e+01  -1.0000000e+00
   1.1600000e+02  -8.3669400e+00   4.7733100e+00   1.0000000e+00
   1.1700000e+02   1.8231800e+00   6.6435300e-01   1.0000000e+00
   1.1800000e+02  -1.1573700e+01  -2.0115900e+00   1.0000000e+00
   1.1900000e+02  -1.1175700e+01   9.5050200e+00   1.0000000e+00
   1.2000000e+02  -1.6094800e+00   1.6033300e+01  -1.0000000e+00
   1.2100000e+02  -2.9782500e+00   1.4448100e+01  -1.0000000e+00
   1.2200000e+02   1.2793400e+01  -1.6658000e-02   1.0000000e+00
   1.2300000e+02   7.7758300e+00   1.0347300e+01  -1.0000000e+00
   1.2400000e+02  -1.2798700e+01   1.0796700e+01  -1.0000000e+00
   1.2500000e+02  -1.1241700e+01  -1.5437400e+01   1.0000000e+00
   1.2600000e+02   1.7857100e+01   5.0673300e+00  -1.0000000e+00
   1.2700000e+02  -1.1939200e+01  -9.9740900e+00   1.0000000e+00
   1.2800000e+02   6.7839900e+00  -1.6973700e+01   1.0000000e+00
   1.2900000e+02   1.0354200e+01   4.9263100e+00   1.0000000e+00
   1.3000000e+02  -9.0763600e+00   1.5758900e+01  -1.0000000e+00
   1.3100000e+02  -8.8535400e+00  -1.2730200e+01   1.0000000e+00
   1.3200000e+02  -1.7867000e+00  -1.4146800e+01   1.0000000e+00
   1.3300000e+02  -1.1926200e+01   5.4003500e+00   1.0000000e+00
   1.3400000e+02  -7.0656400e+00   1.5277100e+01  -1.0000000e+00
   1.3500000e+02  -5.0393400e+00   1.4856900e+01  -1.0000000e+00
   1.3600000e+02   6.0092700e+00  -3.9028300e+00   1.0000000e+00
   1.3700000e+02   1.2589200e+01  -7.5152200e+00   1.0000000e+00
   1.3800000e+02   1.7154400e+00   1.1639200e+01  -1.0000000e+00
   1.3900000e+02  -4.4828200e+00  -3.3685400e+00   1.0000000e+00
   1.4000000e+02   1.5239400e+01   1.0640600e+01  -1.0000000e+00
   1.4100000e+02   3.8354800e+00   1.2339700e+00   1.0000000e+00
   1.4200000e+02   1.1840300e+01   9.5072100e+00  -1.0000000e+00
   1.4300000e+02   4.4927500e+00   1.4791900e+01  -1.0000000e+00
   1.4400000e+02   3.8317500e+00  -4.6294200e+00   1.0000000e+00
   1.4500000e+02   7.5610800e+00  -1.2830400e+01   1.0000000e+00
   1.4600000e+02   9.1389400e+00  -1.4166900e+01   1.0000000e+00
   1.4700000e+02  -1.1546800e+01   7.4394800e+00   1.0000000e+00
   1.4800000e+02  -1.0817000e+01  -1.3353000e+01   1.0000000e+00
   1.4900000e+02  -5.3288300e+00  -1.3421900e+01   1.0000000e+00
   1.5000000e+02   1.8138800e+00   1.7132900e+01  -1.0000000e+00
   1.5100000e+02   1.7237000e+01  -4.3588800e+00   1.0000000e+00
   1.5200000e+02   1.4207000e+01  -1.5214300e+00   1.0000000e+00
   1.5300000e+02  -3.7372900e+00   1.0933500e+01  -1.0000000e+00
   1.5400000e+02   5.6170500e+00  -1.3486500e+01   1.0000000e+00
   1.5500000e+02  -1.7079400e+00   1.0519900e+01  -1.0000000e+00
   1.5600000e+02   1.4045700e+01  -8.9611300e+00   1.0000000e+00
   1.5700000e+02   1.3551700e+01  -1.0965800e+01   1.0000000e+00
   1.5800000e+02   6.5576200e+00  -9.3731500e+00   1.0000000e+00
   1.5900000e+02  -1.5564100e+01  -3.3592400e+00   1.0000000e+00
   1.6000000e+02  -9.0046100e-02  -5.9731500e+00   1.0000000e+00
   1.6100000e+02  -2.8018900e+00   4.9187000e+00   1.0000000e+00
   1.6200000e+02   1.6197900e+01  -9.2910700e-01   1.0000000e+00
   1.6300000e+02  -9.1729300e+00   6.9894800e-01   1.0000000e+00
   1.6400000e+02   6.1503500e-01  -1.1453800e+01   1.0000000e+00
   1.6500000e+02  -1.6406800e+01   2.0103800e+00   1.0000000e+00
   1.6600000e+02   2.4443600e+00   1.5141500e+01  -1.0000000e+00
   1.6700000e+02   1.3812900e+01   4.0086400e+00   1.0000000e+00
   1.6800000e+02   1.0001700e+00  -9.3995600e+00   1.0000000e+00
   1.6900000e+02  -2.1692400e-01   1.7745700e+01  -1.0000000e+00
   1.7000000e+02   9.2951300e+00   9.2529800e-01   1.0000000e+00
   1.7100000e+02   8.7158600e+00  -1.6217400e+01   1.0000000e+00
   1.7200000e+02   4.1747000e-01   1.5577900e+01  -1.0000000e+00
   1.7300000e+02  -1.5151900e+01  -1.3493900e+00   1.0000000e+00
   1.7400000e+02   4.8417700e+00  -1.7734100e+01   1.0000000e+00
   1.7500000e+02   1.6660800e+01  -6.3737900e+00   1.0000000e+00
   1.7600000e+02  -6.0360800e+00  -1.9768300e+00   1.0000000e+00
   1.7700000e+02   2.7161800e+00  -1.8595500e+01   1.0000000e+00
   1.7800000e+02   1.5072800e+01  -1.2390200e+01   1.0000000e+00
   1.7900000e+02   9.5921600e+00  -1.2167500e+01   1.0000000e+00
   1.8000000e+02   8.1426300e+00  -3.2380400e+00   1.0000000e+00
   1.8100000e+02   1.2457000e+01   7.5196700e+00  -1.0000000e+00
   1.8200000e+02  -3.0822000e+00   8.9316700e+00  -1.0000000e+00
   1.8300000e+02   7.8035700e+00   2.3831900e+00   1.0000000e+00
   1.8400000e+02   1.4649500e+01   1.2731400e+01  -1.0000000e+00
   1.8500000e+02  -6.7751700e+00   3.4653500e+00   1.0000000e+00
   1.8600000e+02   1.3742200e+00  -1.4019600e+00   1.0000000e+00
   1.8700000e+02   9.8048700e+00   9.9167500e+00  -1.0000000e+00
   1.8800000e+02   7.9073800e+00   1.5898900e+01  -1.0000000e+00
   1.8900000e+02   1.0072400e+01  -1.0127400e+01   1.0000000e+00
   1.9000000e+02   3.1804000e+00   1.8782700e+01  -1.0000000e+00
   1.9100000e+02   1.5685300e+01  -2.9625200e+00   1.0000000e+00
   1.9200000e+02   1.4262300e+00  -7.3622300e+00   1.0000000e+00
   1.9300000e+02   1.5799600e+01   4.5780800e+00   1.0000000e+00
   1.9400000e+02   1.0797000e+01  -5.0561600e-01   1.0000000e+00
   1.9500000e+02  -1.0354900e+01   4.0437700e+00   1.0000000e+00
   1.9600000e+02   8.5719500e+00   1.3942400e+01  -1.0000000e+00
   1.9700000e+02  -2.9930500e-01   1.2065200e+01  -1.0000000e+00
   1.9800000e+02  -2.9167700e+00  -1.0733200e+01   1.0000000e+00
   1.9900000e+02  -3.6277900e+00   7.7521100e-01   1.0000000e+00
   2.0000000e+02  -1.2339700e+01  -1.1989700e+01   1.0000000e+00
   2.0100000e+02   1.2195100e+01  -2.0329300e+00   1.0000000e+00
   2.0200000e+02   3.3739500e+00  -6.6808100e+00   1.0000000e+00
   2.0300000e+02  -7.9678200e-01   5.5509300e+00   1.0000000e+00
   2.0400000e+02   1.1071800e+01  -6.1137100e+00   1.0000000e+00
   2.0500000e+02  -5.1239500e+00   9.3373300e+00  -1.0000000e+00
   2.0600000e+02  -1.6799200e+01  -3.3210000e-02   1.0000000e+00
   2.0700000e+02  -6.8881800e+00  -6.0797800e+00   1.0000000e+00
   2.0800000e+02  -8.8436600e+00  -6.7775600e+00   1.0000000e+00
   2.0900000e+02  -4.3532900e+00   1.8408900e+01  -1.0000000e+00
   2.1000000e+02   2.8415000e-01   2.0557300e+00   1.0000000e+00
   2.1100000e+02  -4.3610500e+00   1.2912200e+01  -1.0000000e+00
   2.1200000e+02  -3.2022500e+00   2.7909300e+00   1.0000000e+00
   2.1300000e+02  -6.4599100e+00  -4.0511400e+00   1.0000000e+00
   2.1400000e+02  -9.2575400e+00  -1.4753300e+01   1.0000000e+00
   2.1500000e+02   9.3191400e-01  -3.4384600e+00   1.0000000e+00
   2.1600000e+02   1.1111400e+01  -1.3597300e+01   1.0000000e+00
   2.1700000e+02  -9.6029100e+00   8.1158700e+00   1.0000000e+00
   2.1800000e+02  -3.3620100e+00  -1.2792100e+01   1.0000000e+00
   2.1900000e+02   2.5583800e+00  -1.0732900e+01   1.0000000e+00
   2.2000000e+02  -1.1965000e+01  -4.0331000e+00   1.0000000e+00
   2.2100000e+02  -1.1821200e+01   1.2611300e+01  -1.0000000e+00
   2.2200000e+02  -4.1635500e+00  -1.6968400e+01   1.0000000e+00
   2.2300000e+02   2.9550000e+00  -8.7220600e+00   1.0000000e+00
   2.2400000e+02  -1.2769700e+01  -1.4065500e+01   1.0000000e+00
   2.2500000e+02   4.3672000e+00   9.2253400e+00  -1.0000000e+00
   2.2600000e+02   1.3133500e+01  -5.5168200e+00   1.0000000e+00
   2.2700000e+02  -6.3898800e+00   1.3306000e+01  -1.0000000e+00
   2.2800000e+02   1.6411600e+01   6.5560800e+00  -1.0000000e+00
   2.2900000e+02  -1.6735200e+01  -9.4344600e+00   1.0000000e+00
   2.3000000e+02   9.0132300e+00  -6.7264400e+00   1.0000000e+00
   2.3100000e+02   3.7506200e+00   1.1222800e+01  -1.0000000e+00
   2.3200000e+02  -8.7590900e+00   2.7434800e+00   1.0000000e+00
   2.3300000e+02   1.1823000e+01   3.4712600e+00   1.0000000e+00
   2.3400000e+02   1.0171900e+01  -2.6131200e+00   1.0000000e+00
   2.3500000e+02  -1.5919900e+01   4.0226900e+00   1.0000000e+00
   2.3600000e+02  -4.4147700e+00   6.1973300e+00   1.0000000e+00
   2.3700000e+02   2.3339800e+00   9.6361700e+00  -1.0000000e+00
   2.3800000e+02  -1.3133400e+01  -6.6203200e-01   1.0000000e+00
   2.3900000e+02   1.7711800e+01  -2.3405900e+00   1.0000000e+00
   2.4000000e+02  -1.2787900e+01  -8.0953100e+00   1.0000000e+00
   2.4100000e+02  -4.8785800e+00  -1.1356600e+01   1.0000000e+00
   2.4200000e+02   2.8971900e+00  -2.7926600e+00   1.0000000e+00
   2.4300000e+02   1.2671700e+01  -1.5032300e+01   1.0000000e+00
   2.4400000e+02  -2.2698200e+00   1.8061400e+01  -1.0000000e+00
   2.4500000e+02   5.4574800e+00  -5.9095400e+00   1.0000000e+00
   2.4600000e+02  -2.4521500e+00   6.9612100e+00   1.0000000e+00
   2.4700000e+02   1.8340800e+01  -3.7509300e-01   1.0000000e+00
   2.4800000e+02   4.1070400e+00  -1.2084000e+01   1.0000000e+00
   2.4900000e+02  -2.5585100e+00  -2.6616000e+00   1.0000000e+00
   2.5000000e+02  -1.2737700e+01   1.3716200e+00   1.0000000e+00
   2.5100000e+02  -1.0725000e+00   8.4920400e+00  -1.0000000e+00
   2.5200000e+02  -5.9486400e-01  -2.0097000e+00   1.0000000e+00
   2.5300000e+02   5.8934900e+00   1.6341000e+01  -1.0000000e+00
   2.5400000e+02  -8.4043500e+00  -1.0679400e+01   1.0000000e+00
   2.5500000e+02  -1.8106000e+01   3.2356500e+00   1.0000000e+00
   2.5600000e+02  -1.4332400e+01   2.6697300e+00   1.0000000e+00
   2.5700000e+02   6.8362800e+00  -1.6597700e+00   1.0000000e+00
   2.5800000e+02   1.6194900e+01  -8.3984900e+00   1.0000000e+00
   2.5900000e+02  -6.1636100e+00  -1.7668600e+01   1.0000000e+00
   2.6000000e+02  -2.1200600e-01  -1.5546700e+01   1.0000000e+00
   2.6100000e+02   6.5306600e+00   1.4333000e+01  -1.0000000e+00
   2.6200000e+02   9.7845300e+00   2.9384300e+00   1.0000000e+00
   2.6300000e+02  -2.3437100e+00   1.2479000e+01  -1.0000000e+00
   2.6400000e+02   1.2346200e+01   5.4598600e+00   1.0000000e+00
   2.6500000e+02   1.6727800e-01  -1.3501000e+01   1.0000000e+00
   2.6600000e+02  -7.9731300e+00   6.7984100e+00   1.0000000e+00
   2.6700000e+02  -7.7809500e+00  -1.6336600e+01   1.0000000e+00
   2.6800000e+02   1.2040700e+01  -9.5200800e+00   1.0000000e+00
   2.6900000e+02  -7.5707800e+00  -6.0691200e-01   1.0000000e+00
   2.7000000e+02   3.0004000e-01   1.0062300e+01  -1.0000000e+00
   2.7100000e+02  -8.4191100e+00   1.3702200e+01  -1.0000000e+00
   2.7200000e+02   2.7545200e+00   4.7052400e+00   1.0000000e+00
   2.7300000e+02   1.5109800e+01  -4.9458800e+00   1.0000000e+00
   2.7400000e+02   1.1995000e+01   1.4977700e+01  -1.0000000e+00
   2.7500000e+02   8.5142500e+00  -8.7086300e+00   1.0000000e+00
   2.7600000e+02  -5.1807100e+00   2.1225700e+00   1.0000000e+00
   2.7700000e+02  -1.4753000e+01   6.6291800e-01   1.0000000e+00
   2.7800000e+02  -2.0723600e+00  -6.6333700e+00   1.0000000e+00
   2.7900000e+02  -9.8213700e+00   1.2071700e+01  -1.0000000e+00
   2.8000000e+02  -3.8160700e+00  -1.4847100e+01   1.0000000e+00
   2.8100000e+02  -8.4428200e+00  -4.7218500e+00   1.0000000e+00
   2.8200000e+02   4.7825400e+00   5.2339700e+00   1.0000000e+00
   2.8300000e+02   1.1632100e+01  -4.0649500e+00   1.0000000e+00
   2.8400000e+02  -1.6728200e+01   9.4622300e+00   1.0000000e+00
   2.8500000e+02  -9.5980500e+00  -1.3387500e+00   1.0000000e+00
   2.8600000e+02   1.1194500e+01   1.1465500e+01  -1.0000000e+00
   2.8700000e+02   8.0745200e+00  -1.0781800e+01   1.0000000e+00
   2.8800000e+02  -4.0830000e+00  -1.2668600e+00   1.0000000e+00
   2.8900000e+02   3.0975000e+00   1.3180300e+01  -1.0000000e+00
   2.9000000e+02   2.2790100e+00   2.6810400e+00   1.0000000e+00
   2.9100000e+02   5.2519100e+00  -1.5600000e+01   1.0000000e+00
   2.9200000e+02  -1.6640100e+00   1.3987500e+00   1.0000000e+00
   2.9300000e+02  -1.7085600e+01   7.4124500e+00   1.0000000e+00
   2.9400000e+02  -1.0421100e+01  -5.4218300e+00   1.0000000e+00
   2.9500000e+02  -6.0495000e+00  -7.9644000e+00   1.0000000e+00
   2.9600000e+02  -1.6334700e+01  -7.4108200e+00   1.0000000e+00
   2.9700000e+02  -1.1149600e+01   1.4473800e-03   1.0000000e+00
   2.9800000e+02  -7.1511500e+00   1.4312700e+00   1.0000000e+00
   2.9900000e+02   7.3149400e+00   3.6384800e-01   1.0000000e+00
