   0.0000000e+00   1.2067900e+01   1.0271900e+01  -1.0000000e+00
   1.0000000e+00  -8.9140400e+00  -5.2700700e+00   1.0000000e+00
   2.0000000e+00  -5.5122900e+00  -2.9260600e+00   1.0000000e+00
   3.0000000e+00   6.5258200e+00   2.5257800e+00  -1.0000000e+00
   4.0000000e+00  -5.2954500e-01  -1.7075300e+01   1.0000000e+00
   5.0000000e+00  -4.5216100e+00   8.6577000e+00  -1.0000000e+00
   6.0000000e+00  -9.7127400e+00  -1.6827200e+01   1.0000000e+00
   7.0000000e+00  -6.2330400e+00   4.8928000e+00  -1.0000000e+00
   8.0000000e+00   1.6371800e+01  -5.7615000e+00  -1.0000000e+00
   9.0000000e+00   9.9261100e+00   1.0088300e+01  -1.0000000e+00
   1.0000000e+01  -1.9520700e+00   1.4372100e+01  -1.0000000e+00
   1.1000000e+01   9.7317600e+00   1.0395800e+00  -1.0000000e+00
   1.2000000e+01  -1.8112300e+01  -2.8015300e+00   1.0000000e+00
   1.3000000e+01   4.5500500e+00  -1.3468400e+01   1.0000000e+00
   1.4000000e+01   8.5625300e+00   2.7362900e+00  -1.0000000e+00
   1.5000000e+01   3.0825000e+00  -1.6744700e+01   1.0000000e+00
   1.6000000e+01  -1.0267200e+01   1.3568800e+01  -1.0000000e+00
   1.7000000e+01  -1.2018500e+01   9.6515900e+00  -1.0000000e+00
   1.8000000e+01   7.3716200e+00   4.4165300e+00  -1.0000000e+00
   1.9000000e+01   6.4807900e+00  -1.4253900e+01   1.0000000e+00
   2.0000000e+01  -1.6538500e+01   2.7583900e+00   1.0000000e+00
   2.1000000e+01   1.1167200e+01   8.3926800e+00  -1.0000000e+00
   2.2000000e+01   2.8878500e+00   7.6599900e+00  -1.0000000e+00
   2.3000000e+01  -7.3459900e+00  -1.9835500e+00   1.0000000e+00
   2.4000000e+01   2.0113400e+00  -6.3771300e+00   1.0000000e+00
   2.5000000e+01  -1.3978600e+00  -8.8368200e+00   1.0000000e+00
   2.6000000e+01   8.3905600e+00  -1.5070700e+01   1.0000000e+00
   2.7000000e+01  -3.6646100e+00   1.0572500e+01  -1.0000000e+00
   2.8000000e+01  -1.3675900e+01  -1.2879700e+01   1.0000000e+00
   2.9000000e+01  -1.2925100e+01   7.3200300e-01   1.0000000e+00
   3.0000000e+01  -1.1830200e+01  -1.3816000e+01   1.0000000e+00
   3.1000000e+01   2.6994400e+00  -1.3831500e+00  -1.0000000e+00
   3.2000000e+01  -1.2809900e+01  -1.3259600e+00   1.0000000e+00
   3.3000000e+01   1.5345100e+01  -3.8817600e+00  -1.0000000e+00
   3.4000000e+01  -1.2317400e+01   1.3381200e+01  -1.0000000e+00
   3.5000000e+01  -1.7681600e+00  -4.6940800e+00   1.0000000e+00
   3.6000000e+01  -1.1067700e+01  -1.5874200e-01   1.0000000e+00
   3.7000000e+01   1.3550000e+01   4.9740200e+00  -1.0000000e+00
   3.8000000e+01   1.1676600e+01   1.3887600e+01  -1.0000000e+00
   3.9000000e+01   1.5010300e+01   1.2450600e+01  -1.0000000e+00
   4.0000000e+01   6.0064900e+00  -1.0106800e+01   1.0000000e+00
   4.1000000e+01  -9.3546400e+00   1.0058200e+00   1.0000000e+00
   4.2000000e+01  -1.7586700e+00  -2.1833600e+00   1.0000000e+00
   4.3000000e+01   7.8818700e+00   9.8690300e+00  -1.0000000e+00
   4.4000000e+01  -9.9556100e+00  -1.4683500e+01   1.0000000e+00
   4.5000000e+01  -1.1707800e+01  -1.5899400e+01   1.0000000e+00
   4.6000000e+01   5.5689400e+00  -5.9758500e+00   1.0000000e+00
   4.7000000e+01  -1.4058400e+01   9.3064200e+00  -1.0000000e+00
   4.8000000e+01   1.8515900e+01  -5.6800900e+00  -1.0000000e+00
   4.9000000e+01  -4.8771100e+00   1.2234300e+01  -1.0000000e+00
   5.0000000e+01  -1.8397900e+01   1.8602500e+00   1.0000000e+00
   5.1000000e+01   5.9920500e+00  -3.0016800e+00  -1.0000000e+00
   5.2000000e+01   3.8445600e+00  -3.0904500e+00  -1.0000000e+00
   5.3000000e+01  -2.6979000e+00  -1.4151700e+01   1.0000000e+00
   5.4000000e+01  -3.6588100e+00  -3.8186800e+00   1.0000000e+00
   5.5000000e+01   1.1810900e+00  -1.5920600e+01   1.0000000e+00
   5.6000000e+01  -8.3957100e+00  -1.1425900e+01   1.0000000e+00
   5.7000000e+01  -5.6380000e+00  -8.2061600e-01   1.0000000e+00
   5.8000000e+01  -1.7662900e+01   4.4793500e+00   1.0000000e+00
   5.9000000e+01   3.5756300e+00   4.8667300e-01  -1.0000000e+00
   6.0000000e+01   1.3013100e-01  -5.5361400e+00   1.0000000e+00
   6.1000000e+01   1.1703200e+01  -1.2520000e+01   1.0000000e+00
   6.2000000e+01   9.2449500e+00  -5.0527400e+00  -1.0000000e+00
   6.3000000e+01   1.0599000e+01   2.8900700e+00  -1.0000000e+00
   6.4000000e+01  -1.3884900e+01  -1.0780500e+01   1.0000000e+00
   6.5000000e+01   1.6956600e+01   3.5952800e+00  -1.0000000e+00
   6.6000000e+01   3.8970100e+00  -7.2010200e+00   1.0000000e+00
   6.7000000e+01   4.3356200e+00  -1.1358900e+01   1.0000000e+00
   6.8000000e+01  -5.7400700e+00   1.0364100e+01  -1.0000000e+00
   6.9000000e+01   1.6188000e+01   1.0671400e+01  -1.0000000e+00
   7.0000000e+01   9.5838900e+00  -9.6597300e+00   1.0000000e+00
   7.1000000e+01  -6.5112500e+00  -1.2347000e+01   1.0000000e+00
   7.2000000e+01  -3.2997200e+00  -7.9214900e+00   1.0000000e+00
   7.3000000e+01   7.1852300e+00  -4.6776300e+00  -1.0000000e+00
   7.4000000e+01  -1.1209800e+01   1.8948300e+00   1.0000000e+00
   7.5000000e+01   1.3080300e+01  -4.4777000e-01  -1.0000000e+00
   7.6000000e+01  -8.1720200e+00   1.3789500e+01  -1.0000000e+00
   7.7000000e+01  -1.4345900e+01   1.3125100e+01  -1.0000000e+00
   7.8000000e+01  -1.4507700e+01  -2.4734400e+00   1.0000000e+00
   7.9000000e+01  -6.6077600e+00   8.4821700e+00  -1.0000000e+00
   8.0000000e+01  -8.8432900e-01   3.6523900e+00  -1.0000000e+00
   8.1000000e+01   7.7193400e+00  -8.7676300e+00   1.0000000e+00
   8.2000000e+01  -1.2490800e+01  -5.4709200e+00   1.0000000e+00
   8.3000000e+01   1.3096900e+00   1.2923600e+01  -1.0000000e+00
   8.4000000e+01  -4.8071000e+00  -1.1158800e+01   1.0000000e+00
   8.5000000e+01  -3.1764800e+00   1.6021900e+01  -1.0000000e+00
   8.6000000e+01   1.4127600e+01   1.0497200e+01  -1.0000000e+00
   8.7000000e+01  -7.9797800e+00  -1.5709000e+01   1.0000000e+00
   8.8000000e+01  -9.3883500e+00   1.5452800e+01  -1.0000000e+00
   8.9000000e+01   5.3214000e+00   4.2352600e+00  -1.0000000e+00
   9.0000000e+01  -8.5719600e+00  -9.3833100e+00   1.0000000e+00
   9.1000000e+01   2.8849800e+00  -1.4666600e+01   1.0000000e+00
   9.2000000e+01  -1.4032200e+01  -8.7139500e+00   1.0000000e+00
   9.3000000e+01  -1.1108000e+01   1.1696900e+01  -1.0000000e+00
   9.4000000e+01   2.5058600e+00   1.1244400e+01  -1.0000000e+00
   9.5000000e+01   1.1484100e+01  -1.0452700e+01   1.0000000e+00
   9.6000000e+01  -2.2720800e+00   1.7964100e+01  -1.0000000e+00
   9.7000000e+01   1.2700500e+01   3.0951500e+00  -1.0000000e+00
   9.8000000e+01   8.0338500e+00  -2.8072600e+00  -1.0000000e+00
   9.9000000e+01   2.6562200e+00  -1.2614100e+01   1.0000000e+00
   1.0000000e+02  -6.3295100e+00  -1.4450800e+01   1.0000000e+00
   1.0100000e+02   3.3940400e+00   1.3106500e+01  -1.0000000e+00
   1.0200000e+02  -8.7695600e+00  -7.3089700e+00   1.0000000e+00
   1.0300000e+02  -4.2551200e+00  -1.7463700e+01   1.0000000e+00
   1.0400000e+02   1.1335600e+01  -6.3477100e+00  -1.0000000e+00
   1.0500000e+02  -5.3930500e+00   6.7697400e+00  -1.0000000e+00
   1.0600000e+02   5.0060100e+00   7.8249500e+00  -1.0000000e+00
   1.0700000e+02  -1.3155600e+01   1.1400700e+01  -1.0000000e+00
   1.0800000e+02  -4.9998300e+00  -9.1024600e+00   1.0000000e+00
   1.0900000e+02   1.9522200e+00  -3.9658800e+00   1.0000000e+00
   1.1000000e+02  -1.1945500e+01  -1.1707200e+01   1.0000000e+00
   1.1100000e+02   1.2366300e+01   6.6848700e+00  -1.0000000e+00
   1.1200000e+02   1.0318800e+01   6.4998600e+00  -1.0000000e+00
   1.1300000e+02  -1.4755000e+01   1.6651800e+00   1.0000000e+00
   1.1400000e+02  -1.0895600e+01  -2.2746400e+00   1.0000000e+00
   1.1500000e+02   4.1148100e+00   5.9409500e+00  -1.0000000e+00
   1.1600000e+02  -5.8935100e+00   1.3474400e+00  -1.0000000e+00
   1.1700000e+02   1.4793500e+01   3.3041200e+00  -1.0000000e+00
   1.1800000e+02  -1.2603900e+01  -3.4160600e+00   1.0000000e+00
   1.1900000e+02  -1.8217800e+01  -5.6729900e-01   1.0000000e+00
   1.2000000e+02   9.1197900e+00   8.1977700e+00  -1.0000000e+00
   1.2100000e+02  -9.6405700e-01  -1.2944800e+01   1.0000000e+00
   1.2200000e+02   4.2918700e+00   1.4967300e+01  -1.0000000e+00
   1.2300000e+02  -1.1014100e+00   1.6253200e+01  -1.0000000e+00
   1.2400000e+02   7.4841700e+00  -6.7205200e+00   1.0000000e+00
   1.2500000e+02  -7.8204700e+00   1.0171400e+01  -1.0000000e+00
   1.2600000e+02  -1.3565400e+01   5.6080800e+00  -1.0000000e+00
   1.2700000e+02  -8.2273300e+00  -1.3566700e+01   1.0000000e+00
   1.2800000e+02  -8.6559500e+00   8.2958000e+00  -1.0000000e+00
   1.2900000e+02   8.7338700e+00   1.1780600e+01  -1.0000000e+00
   1.3000000e+02   2.4028200e+00   2.1809200e+00  -1.0000000e+00
   1.3100000e+02  -1.2764100e+01   7.6826200e+00  -1.0000000e+00
   1.3200000e+02  -7.4319700e+00   6.6003800e+00  -1.0000000e+00
   1.3300000e+02   1.0803800e+01   1.1945800e+01  -1.0000000e+00
   1.3400000e+02  -6.5125300e+00   1.7558200e+01  -1.0000000e+00
   1.3500000e+02  -1.1527300e+01   6.0105400e+00  -1.0000000e+00
   1.3600000e+02  -1.5770100e+01  -9.9123600e+00   1.0000000e+00
   1.3700000e+02  -1.1471600e+01   1.5317200e+01  -1.0000000e+00
   1.3800000e+02   5.7888100e+00  -8.0206200e+00   1.0000000e+00
   1.3900000e+02  -6.6751700e+00  -1.0303900e+01   1.0000000e+00
   1.4000000e+02   8.8881100e+00  -8.7603900e-01  -1.0000000e+00
   1.4100000e+02   1.1493800e+01   4.7758100e+00  -1.0000000e+00
   1.4200000e+02  -1.5556300e+01  -1.2034200e+01   1.0000000e+00
   1.4300000e+02  -7.0590900e+00  -6.1627000e+00   1.0000000e+00
   1.4400000e+02  -1.2329300e+01  -7.5539900e+00   1.0000000e+00
   1.4500000e+02   7.8955600e+00  -1.0928000e+01   1.0000000e+00
   1.4600000e+02  -2.0950500e+00   5.3348700e+00  -1.0000000e+00
   1.4700000e+02  -6.0982000e+00   1.3930000e+01  -1.0000000e+00
   1.4800000e+02  -3.4866000e+00  -5.8656000e+00   1.0000000e+00
   1.4900000e+02  -5.4960900e-01   1.0769000e-01  -1.0000000e+00
   1.5000000e+02  -1.7426100e+00   1.7736600e+00  -1.0000000e+00
   1.5100000e+02  -6.8739500e+00  -8.2267300e+00   1.0000000e+00
   1.5200000e+02  -1.6126700e+00   1.0797500e+01  -1.0000000e+00
   1.5300000e+02   2.4304900e+00  -1.0495600e+01   1.0000000e+00
   1.5400000e+02   1.5325100e+01   8.6966700e+00  -1.0000000e+00
   1.5500000e+02  -2.6176100e+00  -9.0985100e-02  -1.0000000e+00
   1.5600000e+02  -2.1452700e-01   1.8221700e+01  -1.0000000e+00
   1.5700000e+02   1.7371200e+01  -1.4267100e-01  -1.0000000e+00
   1.5800000e+02   1.6291400e+01  -1.9869600e+00  -1.0000000e+00
   1.5900000e+02   1.0324000e+01  -1.5829000e+01   1.0000000e+00
   1.6000000e+02   8.1313900e+00  -1.2983200e+01   1.0000000e+00
   1.6100000e+02   1.3090600e+01  -7.4973300e+00  -1.0000000e+00
   1.6200000e+02   9.4104500e+00   4.6109800e+00  -1.0000000e+00
   1.6300000e+02   1.7400400e+01  -3.8071600e+00  -1.0000000e+00
   1.6400000e+02   4.8504300e+00  -1.5498100e+01   1.0000000e+00
   1.6500000e+02  -1.4647800e+01  -4.0352500e-01   1.0000000e+00
   1.6600000e+02   6.8240600e+00  -1.0968600e+00  -1.0000000e+00
   1.6700000e+02   1.4283800e+01  -5.8161200e+00  -1.0000000e+00
   1.6800000e+02   5.6267900e+00   6.4405600e-01  -1.0000000e+00
   1.6900000e+02   3.0727500e+00   1.6649900e+01  -1.0000000e+00
   1.7000000e+02  -7.3939200e-01   1.2693600e+01  -1.0000000e+00
   1.7100000e+02   1.6194200e+01  -9.4540700e+00   1.0000000e+00
   1.7200000e+02   1.5646700e+01   5.1939200e+00  -1.0000000e+00
   1.7300000e+02  -9.5010900e+00   6.3731300e+00  -1.0000000e+00
   1.7400000e+02   9.4851500e+00  -7.2575500e+00   1.0000000e+00
   1.7500000e+02   2.1827700e+00  -8.4418000e+00   1.0000000e+00
   1.7600000e+02   9.2484200e-02   1.4574900e+01  -1.0000000e+00
   1.7700000e+02  -7.9404900e-01  -1.4991500e+01   1.0000000e+00
   1.7800000e+02   1.3277500e+01  -4.0308400e+00  -1.0000000e+00
   1.7900000e+02  -1.5266500e+01   1.1033300e+01  -1.0000000e+00
   1.8000000e+02  -9.9541100e+00   9.9537900e+00  -1.0000000e+00
   1.8100000e+02   2.1550600e+00   1.4802400e+01  -1.0000000e+00
   1.8200000e+02  -8.2829700e+00   4.7167800e+00  -1.0000000e+00
   1.8300000e+02  -4.4109600e+00  -1.5343500e+01   1.0000000e+00
   1.8400000e+02  -4.5788900e+00  -1.3280100e+01   1.0000000e+00
   1.8500000e+02  -1.0754600e+01  -4.3199100e+00   1.0000000e+00
   1.8600000e+02   1.0020800e+01  -1.3780600e+01   1.0000000e+00
   1.8700000e+02   1.4413100e+01   6.8508500e+00  -1.0000000e+00
   1.8800000e+02  -1.5959600e+01  -7.8492200e+00   1.0000000e+00
   1.8900000e+02   5.4845200e+00   1.3289300e+01  -1.0000000e+00
   1.9000000e+02  -1.3058300e+01   2.8174100e+00   1.0000000e+00
   1.9100000e+02  -1.0717500e+01   8.0340000e+00  -1.0000000e+00
   1.9200000e+02   1.2013900e+01  -1.4575800e+01   1.0000000e+00
   1.9300000e+02   7.2261500e+00   1.7103500e+01  -1.0000000e+00
   1.9400000e+02   1.4094600e+01  -9.3534800e+00   1.0000000e+00
   1.9500000e+02  -9.0437300e+00  -3.1694300e+00   1.0000000e+00
   1.9600000e+02   2.9827200e-01   1.9684100e+00  -1.0000000e+00
   1.9700000e+02   1.3937500e+01   1.4269300e+00  -1.0000000e+00
   1.9800000e+02  -2.9393200e+00   3.4432700e+00  -1.0000000e+00
   1.9900000e+02   6.2385900e+00  -1.2164500e+01   1.0000000e+00
   2.0000000e+02  -3.2996100e+00   6.9994000e+00  -1.0000000e+00
   2.0100000e+02   1.5133100e+01  -2.6341900e-01  -1.0000000e+00
   2.0200000e+02   7.0538400e+00   7.9873400e+00  -1.0000000e+00
   2.0300000e+02  -7.3302200e+00   1.5663800e+01  -1.0000000e+00
   2.0400000e+02   7.6895200e+00   7.9991900e-01  -1.0000000e+00
   2.0500000e+02  -4.1530100e+00   5.1166200e+00  -1.0000000e+00
   2.0600000e+02   9.6258400e+00   1.3685000e+01  -1.0000000e+00
   2.0700000e+02   2.0661300e+00   5.7282300e+00  -1.0000000e+00
   2.0800000e+02  -2.5057200e+00  -1.6210300e+01   1.0000000e+00
   2.0900000e+02  -7.2124000e+00  -4.0929400e+00   1.0000000e+00
   2.1000000e+02   1.8081500e+01   1.8415500e+00  -1.0000000e+00
   2.1100000e+02  -1.2140800e+01  -9.6623000e+00   1.0000000e+00
   2.1200000e+02  -4.3280100e+00   1.7744000e+01  -1.0000000e+00
   2.1300000e+02   1.6632500e+00   9.3158300e+00  -1.0000000e+00
   2.1400000e+02  -1.0477500e+01  -8.4436400e+00   1.0000000e+00
   2.1500000e+02  -1.0095700e+01  -1.2612100e+01   1.0000000e+00
   2.1600000e+02  -7.4138000e+00   2.8066900e+00  -1.0000000e+00
   2.1700000e+02   7.4333400e-01  -1.1742400e+01   1.0000000e+00
   2.1800000e+02   3.0244700e-01  -7.6193200e+00   1.0000000e+00
   2.1900000e+02  -9.4980500e+00   3.0516800e+00  -1.0000000e+00
   2.2000000e+02   1.3251700e+01   8.5922400e+00  -1.0000000e+00
   2.2100000e+02  -1.5795800e+00  -6.7761400e+00   1.0000000e+00
   2.2200000e+02   4.0706300e+00  -9.2554900e+00   1.0000000e+00
   2.2300000e+02   4.6094900e-01   1.1001500e+01  -1.0000000e+00
   2.2400000e+02  -1.1349200e+01   3.9559300e+00  -1.0000000e+00
   2.2500000e+02  -2.9010000e+00  -1.2041900e+01   1.0000000e+00
   2.2600000e+02  -3.1026600e+00  -9.9916000e+00   1.0000000e+00
   2.2700000e+02   3.2556900e+00   4.0519100e+00  -1.0000000e+00
   2.2800000e+02   1.8393700e+01  -1.9816700e+00  -1.0000000e+00
   2.2900000e+02   4.5715200e+00   1.1420600e+01  -1.0000000e+00
   2.3000000e+02   6.6931400e+00   1.1613300e+01  -1.0000000e+00
   2.3100000e+02   4.9284600e+00  -1.7632900e+01   1.0000000e+00
   2.3200000e+02  -7.5106400e+00   6.0399700e-02   1.0000000e+00
   2.3300000e+02   1.6635400e+01   7.0802500e+00  -1.0000000e+00
   2.3400000e+02   4.7654500e+00  -1.2332200e+00  -1.0000000e+00
   2.3500000e+02   9.3796200e-01   1.6522100e+01  -1.0000000e+00
   2.3600000e+02  -9.2225000e+00  -1.0780500e+00   1.0000000e+00
   2.3700000e+02  -9.4678900e-04   5.5525700e+00  -1.0000000e+00
   2.3800000e+02  -5.2339200e+00   1.5826200e+01  -1.0000000e+00
   2.3900000e+02   5.0952100e+00   1.7067500e+01  -1.0000000e+00
   2.4000000e+02  -2.2164500e+00  -1.8287000e+01   1.0000000e+00
   2.4100000e+02  -9.0244300e+00   1.1894600e+01  -1.0000000e+00
   2.4200000e+02   7.5357300e+00   1.3472000e+01  -1.0000000e+00
   2.4300000e+02   4.4562300e+00   2.3657200e+00  -1.0000000e+00
   2.4400000e+02   8.2317100e+00   6.3123900e+00  -1.0000000e+00
   2.4500000e+02   1.5247700e+01  -7.6282600e+00  -1.0000000e+00
   2.4600000e+02  -1.5951200e+01   5.6309000e+00   1.0000000e+00
   2.4700000e+02  -1.6477400e+01   5.4443700e-01   1.0000000e+00
   2.4800000e+02   5.7935700e+00   9.7388400e+00  -1.0000000e+00
   2.4900000e+02   1.3711100e+01  -1.3349300e+01   1.0000000e+00
   2.5000000e+02   6.1681900e+00   6.1181600e+00  -1.0000000e+00
   2.5100000e+02   4.9694300e-01  -9.6810700e+00   1.0000000e+00
   2.5200000e+02   1.3389300e+01  -1.1305200e+01   1.0000000e+00
   2.5300000e+02   1.1249300e+01  -8.4085000e+00   1.0000000e+00
   2.5400000e+02  -1.1680900e+00  -1.0900000e+01   1.0000000e+00
   2.5500000e+02  -1.6205700e+01  -3.6378900e+00   1.0000000e+00
   2.5600000e+02   6.3451100e+00   1.5167400e+01  -1.0000000e+00
   2.5700000e+02  -3.8316000e+00   1.5761000e+00  -1.0000000e+00
   2.5800000e+02  -2.7917700e+00   1.2478400e+01  -1.0000000e+00
   2.5900000e+02  -1.0264800e+01  -1.0535300e+01   1.0000000e+00
   2.6000000e+02  -4.0367400e+00   1.4129500e+01  -1.0000000e+00
   2.6100000e+02   6.5300800e-01  -1.5622300e+00  -1.0000000e+00
   2.6200000e+02   1.5472900e+01  -1.1392100e+01   1.0000000e+00
   2.6300000e+02   1.1864300e+01   1.2143300e+00  -1.0000000e+00
   2.6400000e+02   9.7912900e+00  -1.1720800e+01   1.0000000e+00
   2.6500000e+02   1.0455000e+01   1.5628400e+01  -1.0000000e+00
   2.6600000e+02   8.5003500e-01   7.4275800e+00  -1.0000000e+00
   2.6700000e+02   1.7391900e+01  -7.6152900e+00  -1.0000000e+00
   2.6800000e+02   1.2111300e+01  -2.3250500e+00  -1.0000000e+00
   2.6900000e+02   1.1226900e+01  -4.2676100e+00  -1.0000000e+00
   2.7000000e+02  -2.4697600e+00   8.8989000e+00  -1.0000000e+00
   2.7100000e+02  -5.0287500e+00   3.2396300e+00  -1.0000000e+00
   2.7200000e+02   1.6024800e+01   1.6234000e+00  -1.0000000e+00
   2.7300000e+02  -5.1769000e+00  -7.0606600e+00   1.0000000e+00
   2.7400000e+02  -6.9525900e+00   1.2061100e+01  -1.0000000e+00
   2.7500000e+02   6.7285700e+00  -1.6383200e+01   1.0000000e+00
   2.7600000e+02   1.0928800e+01  -6.4623200e-01  -1.0000000e+00
   2.7700000e+02  -1.6374800e+01  -1.5861700e+00   1.0000000e+00
   2.7800000e+02  -1.0636700e+01  -6.3963400e+00   1.0000000e+00
   2.7900000e+02  -1.4359600e+01  -4.5885700e+00   1.0000000e+00
   2.8000000e+02  -1.4798500e+01   7.3372700e+00  -1.0000000e+00
   2.8100000e+02  -1.4789100e+01   3.9212000e+00   1.0000000e+00
   2.8200000e+02   1.1705100e+00   3.8446000e+00  -1.0000000e+00
   2.8300000e+02  -1.2257200e+00   7.2052500e+00  -1.0000000e+00
   2.8400000e+02  -1.4235400e+01  -6.6666600e+00   1.0000000e+00
   2.8500000e+02   1.5271900e+00   3.1190400e-01  -1.0000000e+00
   2.8600000e+02   1.4125500e+00  -1.8190700e+01   1.0000000e+00
   2.8700000e+02   3.6666700e+00  -5.1353900e+00   1.0000000e+00
   2.8800000e+02   1.2854000e+01   1.2164900e+01  -1.0000000e+00
   2.8900000e+02   3.7108700e+00   9.5647700e+00  -1.0000000e+00
   2.9000000e+02  -3.7908800e+00  -1.7745300e+00   1.0000000e+00
   2.9100000e+02   1.0070600e+01  -2.5468800e+00  -1.0000000e+00
   2.9200000e+02   8.3967400e+00   1.5394300e+01  -1.0000000e+00
   2.9300000e+02   1.4202900e+01  -2.1864500e+00  -1.0000000e+00
   2.9400000e+02  -9.1310500e-02  -3.4752500e+00   1.0000000e+00
   2.9500000e+02  -6.1300800e+00  -1.6612000e+01   1.0000000e+00
   2.9600000e+02  -1.6111200e+01  -5.7082500e+00   1.0000000e+00
   2.9700000e+02  -4.2788200e-01   9.1085900e+00  -1.0000000e+00
   2.9800000e+02   9.8307300e-01  -1.3841300e+01   1.0000000e+00
   2.9900000e+02  -5.3466900e+00  -4.9969200e+00   1.0000000e+00
