   0.0000000e+00   2.4117800e-01  -1.4721600e+01   4.8746600e+01   1.0000000e+00
   1.0000000e+00   2.4213600e+00   1.4735300e+01   1.3518400e+01  -2.0000000e+00
   2.0000000e+00  -9.0272200e+00   3.0296500e+00   3.2388500e+01  -2.0000000e+00
   3.0000000e+00  -1.5491000e+01   1.1876700e+01   1.6149400e+01  -1.0000000e+00
   4.0000000e+00   1.3420700e+01   2.8311400e-01   1.3306000e+01   2.0000000e+00
   5.0000000e+00  -1.1856000e+01  -1.7446100e+00   5.0524300e+01   1.0000000e+00
   6.0000000e+00   9.4310900e+00   1.4923800e+00   1.2946300e+01   2.0000000e+00
   7.0000000e+00  -1.1398000e+01  -9.1675700e+00   4.9106700e+01   1.0000000e+00
   8.0000000e+00   1.3321100e+01  -1.4257000e+01   4.5589300e+01  -1.0000000e+00
   9.0000000e+00  -1.4204600e+01  -1.3986700e+01   4.9649700e+01  -1.0000000e+00
   1.0000000e+01   2.5022600e+00   7.2366200e+00   1.4372300e+01   2.0000000e+00
   1.1000000e+01  -5.0713300e+00   1.4882200e+01   1.4896500e+01  -2.0000000e+00
   1.2000000e+01  -8.5143900e+00   1.3909700e+01   1.4198100e+01  -2.0000000e+00
   1.3000000e+01  -1.0925100e+01   8.9266400e+00   1.5877200e+01   2.0000000e+00
   1.4000000e+01   1.2960300e+01   2.3189700e+00   1.3841300e+01   2.0000000e+00
   1.5000000e+01  -1.3800900e+01  -2.4667300e+00   5.0661200e+01   1.0000000e+00
   1.6000000e+01  -1.5405800e+00   1.5900800e+01   1.5053400e+01  -2.0000000e+00
   1.7000000e+01  -1.7016200e+01   2.5942600e-01   6.3973300e+01  -1.0000000e+00
   1.8000000e+01  -1.4663800e+01   2.9344500e+00   3.3198900e+01   0.0000000e+00
   1.9000000e+01   9.3699200e+00   1.6505400e+01   1.4419100e+01  -1.0000000e+00
   2.0000000e+01  -3.9883000e+00   1.0845400e+01   1.5057900e+01   2.0000000e+00
   2.1000000e+01  -6.6552900e+00  -3.7612800e+00   4.9125900e+01   1.0000000e+00
   2.2000000e+01   6.2212100e+00  -1.2738500e+01   4.8560800e+01   1.0000000e+00
   2.3000000e+01   1.5890700e+01   5.2057200e+00   2.8301000e+00  -2.0000000e+00
   2.4000000e+01  -1.3464100e+01   1.1404800e+01   1.5825600e+01  -2.0000000e+00
   2.5000000e+01  -3.1960600e+00  -1.4040100e+01   4.8339200e+01   1.0000000e+00
   2.6000000e+01  -7.4340200e+00  -7.8325000e+00   4.8972500e+01   1.0000000e+00
   2.7000000e+01  -1.7420500e+01  -1.8428300e+00   6.4427100e+01  -1.0000000e+00
   2.8000000e+01   6.9739300e+00   4.0767500e+00   1.4197300e+01   2.0000000e+00
   2.9000000e+01  -1.0711600e+00   1.3792400e+01   1.4629600e+01   2.0000000e+00
   3.0000000e+01  -1.1810300e+01  -1.1208800e+01   4.9991100e+01   1.0000000e+00
   3.1000000e+01   1.3915700e+01  -1.7340800e+00   1.3076400e+01   2.0000000e+00
   3.2000000e+01   1.2553100e+01  -8.6391000e+00   3.7350100e+01   0.0000000e+00
   3.3000000e+01   1.5395400e+01  -2.9929900e-01   1.3139900e+01   2.0000000e+00
   3.4000000e+01   8.9813700e+00   1.0950200e+01   1.3625700e+01   2.0000000e+00
   3.5000000e+01   7.4471000e+00   9.5100000e+00   1.3410700e+01   2.0000000e+00
   3.6000000e+01  -1.6614000e+01  -7.3040600e+00   5.0700700e+01  -1.0000000e+00
   3.7000000e+01  -5.0980100e+00  -5.0984100e+00   4.8885700e+01   1.0000000e+00
   3.8000000e+01   1.1151600e+00  -1.0603500e+01   4.7924800e+01   1.0000000e+00
   3.9000000e+01   9.9290000e+00   1.4481000e+01   4.3554600e+00  -2.0000000e+00
   4.0000000e+01  -8.4729900e-01  -1.1242400e+01   4.8418200e+01   1.0000000e+00
   4.1000000e+01   1.0552200e+01   1.2459100e+01   1.5214700e+01  -2.0000000e+00
   4.2000000e+01   8.8722400e+00  -3.9577700e+00   1.8659800e+00  -3.0000000e+00
   4.3000000e+01   7.4055700e+00  -6.5829900e+00   3.6826400e+01  -3.0000000e+00
   4.4000000e+01   8.5906700e+00  -1.0050900e+01   4.8590200e+01   1.0000000e+00
   4.5000000e+01   5.3399100e+00  -1.6831100e+01   4.7552000e+01  -1.0000000e+00
   4.6000000e+01  -6.5250800e+00   1.3383900e+01   1.5273900e+01   2.0000000e+00
   4.7000000e+01  -9.8371500e+00  -1.0547300e+01   4.8664100e+01   1.0000000e+00
   4.8000000e+01   9.3713900e+00  -5.9787700e+00   3.5405100e+01  -3.0000000e+00
   4.9000000e+01  -2.6812100e+00  -2.3693300e+00   4.8584500e+01   1.0000000e+00
   5.0000000e+01  -1.6170200e+01   6.7016700e+00  -6.7950800e+00  -1.0000000e+00
   5.1000000e+01   7.8843200e+00   4.1209400e-02   1.3820100e+01   2.0000000e+00
   5.2000000e+01  -4.9323000e+00   7.3761600e+00   1.4150500e+01   0.0000000e+00
   5.3000000e+01   1.5864600e+01  -2.3713200e+00   1.2519600e+01   2.0000000e+00
   5.4000000e+01  -2.0836900e+00  -1.7532700e+01   3.3992300e+01  -1.0000000e+00
   5.5000000e+01  -1.2164000e+01  -1.3241600e+01   4.9677200e+01  -2.0000000e+00
   5.6000000e+01  -1.0445400e+01   1.4625100e+01   2.7945200e+01  -2.0000000e+00
   5.7000000e+01  -2.5383100e+00   1.2343200e+01   1.5234200e+01   2.0000000e+00
   5.8000000e+01  -6.7067000e+00  -1.3306400e+01   4.8104700e+01   1.0000000e+00
   5.9000000e+01   1.4419300e+01   3.7761900e+00   1.4363100e+01   2.0000000e+00
   6.0000000e+01  -1.6918300e+00  -1.5468300e+01   4.8762000e+01  -2.0000000e+00
   6.1000000e+01   1.4538400e+01   1.1260400e+01   1.3489000e+01  -1.0000000e+00
   6.2000000e+01   1.9439000e+00  -6.5303300e+00   4.7985100e+01   1.0000000e+00
   6.3000000e+01  -2.0669700e+00   1.7898900e+01   1.5478400e+01  -1.0000000e+00
   6.4000000e+01  -6.3621400e+00   5.8523000e+00   2.9124600e+01  -2.0000000e+00
   6.5000000e+01  -1.4139500e+01  -4.5175000e+00   4.9705200e+01   1.0000000e+00
   6.6000000e+01  -1.3937300e+01   5.7004300e+00   1.4836700e+01  -2.0000000e+00
   6.7000000e+01   6.4759700e+00   1.3598900e+01   1.4523800e+01   2.0000000e+00
   6.8000000e+01  -8.2437600e+00  -1.1911400e+01   4.8660100e+01   1.0000000e+00
   6.9000000e+01  -5.9952900e+00   1.1402200e+01   1.5159900e+01   2.0000000e+00
   7.0000000e+01  -5.8876200e+00  -9.2065400e+00   4.8946300e+01   1.0000000e+00
   7.1000000e+01  -1.6705500e+01   8.7421100e+00   7.6892300e+00  -1.0000000e+00
   7.2000000e+01  -1.0946300e+01  -7.1548000e+00   4.9418600e+01   1.0000000e+00
   7.3000000e+01   1.2152400e+01  -1.0695600e+01   5.0076100e+01   1.0000000e+00
   7.4000000e+01   5.9449000e+00   8.0918700e+00   1.3760400e+01   2.0000000e+00
   7.5000000e+01   3.8098100e+00   1.0748400e+00   4.4349800e+00  -3.0000000e+00
   7.6000000e+01   4.7828800e+00  -3.4277300e+00   2.7343600e+01  -3.0000000e+00
   7.7000000e+01   1.1015900e+01   1.0435200e+01   1.3360300e+01   2.0000000e+00
   7.8000000e+01   7.9078200e+00   1.5067100e+01   1.4953800e+01  -2.0000000e+00
   7.9000000e+01   1.3486900e+01   7.8012700e+00   1.3431100e+01  -2.0000000e+00
   8.0000000e+01   2.9161900e+00   1.2725600e+01   1.4511300e+01   2.0000000e+00
   8.1000000e+01  -4.7574900e+00  -1.2657700e+01   4.8540300e+01   1.0000000e+00
   8.2000000e+01   3.9637000e+00   8.6831000e+00   1.3885800e+01   2.0000000e+00
   8.3000000e+01  -1.5466900e+01  -1.1319400e+00   4.9569300e+01  -2.0000000e+00
   8.4000000e+01   3.9376300e+00   1.6161300e+01   2.6070000e+01  -2.0000000e+00
   8.5000000e+01   1.5812800e+01  -1.1258600e+01   5.3185000e+01  -1.0000000e+00
   8.6000000e+01  -8.9224500e+00   8.4283000e+00   1.5578800e+01   2.0000000e+00
   8.7000000e+01   1.5003900e+01   9.2496000e+00  -8.4611900e-01  -1.0000000e+00
   8.8000000e+01   1.0165300e+01  -1.1399900e+01   4.9652400e+01   1.0000000e+00
   8.9000000e+01  -1.4946600e+01   9.8378800e+00   1.3196600e+01  -2.0000000e+00
   9.0000000e+01  -6.3008100e+00  -1.1247900e+01   4.8558900e+01   1.0000000e+00
   9.1000000e+01   1.6292600e+01  -4.4851600e+00   1.1164300e+01  -2.0000000e+00
   9.2000000e+01   5.0053300e+00   1.2153900e+01   1.4025300e+01   2.0000000e+00
   9.3000000e+01   9.4750900e+00   8.9611600e+00   1.3977000e+01   2.0000000e+00
   9.4000000e+01   1.1954600e+01   6.3892100e+00   1.3270000e+01   2.0000000e+00
   9.5000000e+01   8.1774000e+00  -1.2103700e+01   4.8723000e+01   1.0000000e+00
   9.6000000e+01  -1.9994900e+00  -7.8558100e+00   4.8291800e+01   1.0000000e+00
   9.7000000e+01   1.1407900e+01   8.8018100e-01   1.3024700e+01   2.0000000e+00
   9.8000000e+01  -8.6602000e+00  -1.3957400e+01   4.7914400e+01  -2.0000000e+00
   9.9000000e+01   7.9464900e+00   7.5086400e+00   1.3978900e+01   2.0000000e+00
   1.0000000e+02  -1.4400500e+01   7.7372500e+00   1.2345200e+01  -2.0000000e+00
   1.0100000e+02  -1.2362900e+01   7.4167400e+00   1.7276200e+01   2.0000000e+00
   1.0200000e+02  -1.1465800e+01   1.0901500e+01   1.5567200e+01   2.0000000e+00
   1.0300000e+02  -7.1311200e+00   3.8680800e+00   6.3734300e+01  -1.0000000e+00
   1.0400000e+02   4.2669600e+00  -1.3413900e+01   4.8346000e+01   1.0000000e+00
   1.0500000e+02   8.9669200e+00   3.4857100e+00   1.3598300e+01   2.0000000e+00
   1.0600000e+02   1.5477500e+00  -8.5998900e+00   4.8125300e+01   1.0000000e+00
   1.0700000e+02  -1.0604500e+01  -1.4615400e+01   3.5915200e+01  -2.0000000e+00
   1.0800000e+02   4.4899400e-01   1.5347700e+01   1.3830400e+01  -2.0000000e+00
   1.0900000e+02   1.1942600e+01   1.4058000e+01   1.7371400e+01  -1.0000000e+00
   1.1000000e+02  -3.5208600e+00  -6.4679700e+00   4.8512100e+01   1.0000000e+00
   1.1100000e+02   6.4569800e+00   6.0799900e+00   1.4300400e+01   2.0000000e+00
   1.1200000e+02   1.6034600e+01  -9.2081000e+00   5.3932500e+01  -2.0000000e+00
   1.1300000e+02   4.4723500e+00   6.6462500e+00   1.4246300e+01   2.0000000e+00
   1.1400000e+02  -1.2688700e+01   3.5886900e+00   4.3417500e+01   0.0000000e+00
   1.1500000e+02   1.8427200e+01   2.7211900e+00  -7.8314600e-01  -1.0000000e+00
   1.1600000e+02   6.8765700e+00  -3.4374900e+00   3.2771500e+01  -3.0000000e+00
   1.1700000e+02  -1.1004100e+01   2.3825800e+00   3.8208700e+01   0.0000000e+00
   1.1800000e+02  -5.6282000e+00  -1.6818000e+01   4.8153300e+01  -1.0000000e+00
   1.1900000e+02  -1.2177200e+01  -3.7851400e+00   5.0243700e+01   1.0000000e+00
   1.2000000e+02  -1.5000300e+01  -8.6022500e+00   5.0034700e+01  -2.0000000e+00
   1.2100000e+02  -7.0442600e+00  -5.7981000e+00   4.9080300e+01   1.0000000e+00
   1.2200000e+02  -2.7957000e+00  -1.1942700e+01   4.9042800e+01   1.0000000e+00
   1.2300000e+02  -9.3851600e+00  -8.5103400e+00   4.8616200e+01   1.0000000e+00
   1.2400000e+02   1.7894000e+00  -1.6093300e+01   4.8928700e+01  -2.0000000e+00
   1.2500000e+02  -3.8712800e+00   1.0144500e+00   4.8950700e+01   1.0000000e+00
   1.2600000e+02   4.9504800e-01   7.7670500e+00   1.4732600e+01   2.0000000e+00
   1.2700000e+02   1.6953400e+01   1.2103600e+00   1.3737800e+01  -2.0000000e+00
   1.2800000e+02   1.4693300e+00   1.1261100e+01   1.4980200e+01   2.0000000e+00
   1.2900000e+02  -1.2576700e+01  -1.5304800e+01   4.9652800e+01  -1.0000000e+00
   1.3000000e+02  -7.0783200e+00   1.5440500e+01   2.6443300e+01  -2.0000000e+00
   1.3100000e+02  -2.2895600e+00  -3.1699200e-01   4.8663200e+01   1.0000000e+00
   1.3200000e+02   9.7696800e+00  -1.3458300e+01   4.9079500e+01  -2.0000000e+00
   1.3300000e+02  -3.0801200e+00   1.4341000e+01   1.5119600e+01   2.0000000e+00
   1.3400000e+02  -4.6732200e+00  -3.0726700e+00   4.9100600e+01   1.0000000e+00
   1.3500000e+02   7.3880300e+00  -1.6173000e+01   4.8688000e+01  -1.0000000e+00
   1.3600000e+02  -7.9869400e+00   1.1896500e+01   1.5222100e+01   2.0000000e+00
   1.3700000e+02  -5.3429800e-01   1.1799900e+01   1.4954300e+01   2.0000000e+00
   1.3800000e+02   1.0893200e+01  -4.5688400e+00   8.3913900e+00  -2.0000000e+00
   1.3900000e+02   6.6183700e+00  -1.0704200e+01   4.8474800e+01   1.0000000e+00
   1.4000000e+02  -9.9770900e+00   1.2436200e+01   1.4906400e+01   2.0000000e+00
   1.4100000e+02  -1.3439700e+01  -9.9419200e+00   5.0297900e+01  -2.0000000e+00
   1.4200000e+02   1.4352300e+01  -3.7859400e+00  -7.0101000e-01   0.0000000e+00
   1.4300000e+02  -1.5808500e+01  -3.1764100e+00   4.9955800e+01  -2.0000000e+00
   1.4400000e+02   1.4329500e+00  -1.8185500e+01   4.9971900e+01  -1.0000000e+00
   1.4500000e+02  -7.4583500e+00   9.8904700e+00   1.5372800e+01   2.0000000e+00
   1.4600000e+02   1.5067000e+00   3.7459300e+00   2.5676200e+01   2.0000000e+00
   1.4700000e+02   4.9867300e+00   4.5905400e+00   1.4352000e+01   2.0000000e+00
   1.4800000e+02   3.4583800e+00   3.1137400e+00   7.1419600e-01   2.0000000e+00
   1.4900000e+02   5.8182500e+00  -1.4783400e+01   4.8230900e+01  -2.0000000e+00
   1.5000000e+02   8.4558600e+00   5.4992800e+00   1.4287400e+01   2.0000000e+00
   1.5100000e+02   1.9803400e+00   9.2501800e+00   1.4560700e+01   2.0000000e+00
   1.5200000e+02   1.2420300e+01   4.3141000e+00   1.3801900e+01   2.0000000e+00
   1.5300000e+02  -1.0188000e+01  -3.0550100e+00   4.9837800e+01   1.0000000e+00
   1.5400000e+02   1.8268100e+01  -5.0639400e+00   1.2092700e+01  -1.0000000e+00
   1.5500000e+02  -9.4439100e+00   1.0413700e+01   1.5295600e+01   2.0000000e+00
   1.5600000e+02   1.3857500e+01  -1.2057300e+01   6.2173700e+01  -2.0000000e+00
   1.5700000e+02  -4.5016100e-02   1.7432200e+01   1.4645000e+01  -1.0000000e+00
   1.5800000e+02   2.4046500e+00  -4.4940600e+00   4.8133500e+01  -3.0000000e+00
   1.5900000e+02  -1.3772100e+01  -1.1971300e+01   5.0368800e+01  -2.0000000e+00
   1.6000000e+02  -5.5838900e+00   1.6960600e+01   1.4129500e+01  -1.0000000e+00
   1.6100000e+02  -1.4789900e+00   8.3390700e+00   1.4673500e+01   2.0000000e+00
   1.6200000e+02   1.6396000e+01   3.2061300e+00   1.5694800e+01  -2.0000000e+00
   1.6300000e+02  -1.2939000e+01   9.4094100e+00   1.6591700e+01   2.0000000e+00
   1.6400000e+02   3.9158400e+00  -5.9196200e+00   4.6901800e+01  -3.0000000e+00
   1.6500000e+02  -7.8396300e+00  -9.8732700e+00   4.8644400e+01   1.0000000e+00
   1.6600000e+02   1.0374100e+01  -2.5413800e+00   1.3538400e+01   2.0000000e+00
   1.6700000e+02  -9.8379800e+00  -1.0055100e+00   4.9436200e+01   1.0000000e+00
   1.6800000e+02   2.6487500e+00  -1.2009000e+01   4.8508700e+01   1.0000000e+00
   1.6900000e+02   3.4811800e+00   1.0721000e+01   1.4153300e+01   2.0000000e+00
   1.7000000e+02   1.8921200e+01   5.1094800e-01  -2.8613500e+00  -1.0000000e+00
   1.7100000e+02  -1.1808500e+01   5.4413600e+00   3.3294600e+01  -2.0000000e+00
   1.7200000e+02   2.9282700e+00  -2.4986700e+00   4.3183200e+01  -3.0000000e+00
   1.7300000e+02   9.0000200e+00  -8.0115500e+00   4.9161800e+01   1.0000000e+00
   1.7400000e+02  -9.6093300e-01   6.2867100e+00   1.4702000e+01   2.0000000e+00
   1.7500000e+02  -3.6212300e+00   1.6362300e+01   2.7157000e+01  -2.0000000e+00
   1.7600000e+02   7.0453400e+00  -8.6443100e+00   4.8815700e+01   1.0000000e+00
   1.7700000e+02  -2.9442700e+00   6.8217800e+00   1.5592700e+01   0.0000000e+00
   1.7800000e+02  -2.4614200e+00   4.8076500e+00   3.2061500e+01  -2.0000000e+00
   1.7900000e+02  -7.1665500e+00  -1.5368900e+01   3.6030200e+01  -2.0000000e+00
   1.8000000e+02   1.5549900e+01   7.2679200e+00  -1.8554800e+00  -1.0000000e+00
   1.8100000e+02  -1.4502300e+01   1.5446800e+01  -1.5917600e+01  -1.0000000e+00
   1.8200000e+02   1.1808000e+01  -1.2715200e+01   4.8560000e+01  -2.0000000e+00
   1.8300000e+02  -3.5170900e+00   3.0507400e+00   4.0541300e+01  -2.0000000e+00
   1.8400000e+02  -1.1987900e+01   1.2912100e+01   1.5854800e+01  -2.0000000e+00
   1.8500000e+02   9.3424900e+00  -1.5501600e+01   4.8724600e+01  -1.0000000e+00
   1.8600000e+02  -8.3305700e+00   6.4311600e+00   2.7476700e+01  -2.0000000e+00
   1.8700000e+02   7.7662100e+00  -1.4133600e+01   4.8680500e+01  -2.0000000e+00
   1.8800000e+02   8.5266100e+00   1.2964300e+01   1.4532000e+01   2.0000000e+00
   1.8900000e+02   7.3750400e+00   1.7104300e+01   1.4841200e+01  -1.0000000e+00
   1.9000000e+02   6.3454600e+00  -1.4280600e+00   1.6329700e+01  -3.0000000e+00
   1.9100000e+02   1.6597900e+01  -6.5137000e+00   1.3689600e+01  -2.0000000e+00
   1.9200000e+02   1.1023700e+01  -7.1967200e+00   2.5859500e+01  -2.0000000e+00
   1.9300000e+02  -9.1675800e+00  -1.6118400e+01   4.7010900e+01  -1.0000000e+00
   1.9400000e+02   1.4458500e+01  -7.8734900e+00   6.5737900e+01   0.0000000e+00
   1.9500000e+02  -1.3490000e+01  -4.3861400e-01   4.9840700e+01   1.0000000e+00
   1.9600000e+02   1.7841400e+01  -2.9945300e+00   1.3100300e+01  -2.0000000e+00
   1.9700000e+02   7.0630000e-01  -1.2691700e+01   4.8278200e+01   1.0000000e+00
   1.9800000e+02  -3.6710400e+00  -1.6121600e+01   3.5988900e+01  -2.0000000e+00
   1.9900000e+02  -3.4690900e+00   8.8638200e+00   1.4972100e+01   2.0000000e+00
   2.0000000e+02   3.3707700e+00  -1.7464800e+01   4.8742200e+01  -1.0000000e+00
   2.0100000e+02  -1.9322900e+00   1.7190900e+00   3.7195500e+01  -3.0000000e+00
   2.0200000e+02  -1.4018200e+01   1.3434300e+01   1.5029100e+01  -2.0000000e+00
   2.0300000e+02  -1.5038100e+01   9.2207400e-01   4.8747900e+01  -2.0000000e+00
   2.0400000e+02  -9.0552200e+00   1.6144900e+01   1.3846800e+01  -1.0000000e+00
   2.0500000e+02  -8.2589700e-03  -7.2147900e+00   4.8146700e+01   1.0000000e+00
   2.0600000e+02   3.0122300e+00   5.1581500e+00   1.3585900e+01   2.0000000e+00
   2.0700000e+02   1.7594900e+00   1.0758200e+00   4.7540700e+01  -3.0000000e+00
   2.0800000e+02  -4.5615000e+00   4.8708900e+00   2.0915300e+01  -1.0000000e+00
   2.0900000e+02  -1.0363000e+01   6.9522300e+00   1.6158900e+01  -2.0000000e+00
   2.1000000e+02   3.4939800e+00  -7.9553900e+00   4.8314600e+01   1.0000000e+00
   2.1100000e+02   1.2539300e+01   1.1829600e+01   1.3441300e+00  -2.0000000e+00
   2.1200000e+02   9.2584800e-01   1.3261800e+01   1.4621300e+01   2.0000000e+00
   2.1300000e+02   1.2389200e+01  -3.1562100e+00   2.5091600e+01   0.0000000e+00
   2.1400000e+02   9.9296400e+00   6.9601600e+00   1.4109400e+01   2.0000000e+00
   2.1500000e+02   6.9965200e+00   1.1585200e+01   1.3122000e+01   2.0000000e+00
   2.1600000e+02  -1.7853600e+01  -3.9157400e+00   4.9527800e+01  -1.0000000e+00
   2.1700000e+02  -1.1530800e+00  -3.7540700e+00   4.8436900e+01   1.0000000e+00
   2.1800000e+02  -1.2509900e+01   1.4899500e+01   1.6488400e+01  -1.0000000e+00
   2.1900000e+02   1.5067000e+00  -1.0102400e+00   4.8426100e+01  -3.0000000e+00
   2.2000000e+02  -1.4609500e+01  -6.5243300e+00   4.9530300e+01  -2.0000000e+00
   2.2100000e+02  -3.1045500e+00  -4.4513000e+00   4.8783000e+01   1.0000000e+00
   2.2200000e+02  -9.4220600e+00   1.0042000e+00   4.9237700e+01   1.0000000e+00
   2.2300000e+02  -8.5987800e+00  -4.4254700e+00   4.9143000e+01   1.0000000e+00
   2.2400000e+02   5.8434700e+00  -5.2075300e+00   4.1789800e+01  -3.0000000e+00
   2.2500000e+02  -2.0891100e-01   2.5641900e-01   5.0094600e+01  -3.0000000e+00
   2.2600000e+02  -1.0622200e+01  -5.1293500e+00   4.9740400e+01   1.0000000e+00
   2.2700000e+02  -4.2713100e-01  -9.2218600e+00   4.8281400e+01   1.0000000e+00
   2.2800000e+02  -1.3073500e+01   1.5756500e+00   4.9847400e+01   1.0000000e+00
   2.2900000e+02   5.3725300e+00   1.7625800e+01   1.5519500e+01  -1.0000000e+00
   2.3000000e+02  -5.5343700e+00   2.5565300e+00   4.7473000e+01  -2.0000000e+00
   2.3100000e+02  -1.2574500e+00  -1.3312200e+01   4.8432700e+01   1.0000000e+00
   2.3200000e+02   4.3252800e+00  -9.6586100e-01   1.5047000e+01  -3.0000000e+00
   2.3300000e+02  -1.7727300e+01   4.1168000e+00   8.4167400e+00  -1.0000000e+00
   2.3400000e+02   5.4553800e+00   2.5939900e+00   1.3521200e+01   2.0000000e+00
   2.3500000e+02  -1.5370600e+01  -1.0645300e+01   5.0023000e+01  -1.0000000e+00
   2.3600000e+02  -4.5342400e+00   1.2852800e+01   1.5206200e+01   2.0000000e+00
   2.3700000e+02  -1.3028500e+01  -7.8628000e+00   4.9319100e+01   1.0000000e+00
   2.3800000e+02   4.5767700e-02   2.2982600e+00   3.6653700e+01  -3.0000000e+00
   2.3900000e+02  -2.3932900e+00  -9.8828300e+00   4.8876300e+01   1.0000000e+00
   2.4000000e+02  -1.9933000e+00   1.0330000e+01   1.4936000e+01   2.0000000e+00
   2.4100000e+02   4.4719100e+00   1.4152700e+01   1.4331700e+01   2.0000000e+00
   2.4200000e+02  -4.7718100e-01   4.2746200e+00   2.6690600e+00  -3.0000000e+00
   2.4300000e+02   1.2569200e+01  -5.7957400e+00   3.1886700e+01  -1.0000000e+00
   2.4400000e+02   1.0460900e+01   4.9575700e+00   1.3820700e+01   2.0000000e+00
   2.4500000e+02   8.3911500e+00  -1.9645400e+00   1.4203700e+01   2.0000000e+00
   2.4600000e+02  -1.2552500e+01  -5.8514700e+00   4.9318300e+01   1.0000000e+00
   2.4700000e+02   1.1475600e+01   8.4250600e+00   1.3264900e+01   2.0000000e+00
   2.4800000e+02   1.4945100e+01   1.7196500e+00   1.4146100e+01   2.0000000e+00
   2.4900000e+02   1.0938000e+01   2.8922700e+00   1.3378000e+01   2.0000000e+00
   2.5000000e+02   5.8099300e+00   5.5884000e-01   1.4164500e+01   2.0000000e+00
   2.5100000e+02   3.8131900e+00  -1.5442200e+01   4.7666700e+01  -2.0000000e+00
   2.5200000e+02   5.4638000e+00   1.0123700e+01   1.3260900e+01   2.0000000e+00
   2.5300000e+02   5.0666600e+00  -9.3307400e+00   4.8826900e+01   1.0000000e+00
   2.5400000e+02  -1.5444000e+00  -5.7828000e+00   4.8393000e+01   1.0000000e+00
   2.5500000e+02   5.9339100e+00   1.5611100e+01   1.5129400e+01  -2.0000000e+00
   2.5600000e+02   4.6643100e+00  -1.1365800e+01   4.8669100e+01   1.0000000e+00
   2.5700000e+02   1.2996500e+01   9.8061400e+00   1.3154900e+01  -2.0000000e+00
   2.5800000e+02   1.3923300e+01   5.7885200e+00   1.3224500e+01  -2.0000000e+00
   2.5900000e+02   1.7954200e+01   4.9491300e+00   1.7701200e+01  -1.0000000e+00
   2.6000000e+02  -1.6659500e+01   2.3212900e+00   4.3216700e+01  -2.0000000e+00
   2.6100000e+02   1.9361800e+01  -1.5080500e+00   1.3682200e+01  -1.0000000e+00
   2.6200000e+02   1.7830700e+01  -8.1719900e+00   1.8304000e+01  -1.0000000e+00
   2.6300000e+02   1.9604800e+00   1.6802300e+01   1.2767900e+01  -1.0000000e+00
   2.6400000e+02  -9.7729700e+00   4.9669400e+00   2.4791600e+00  -1.0000000e+00
   2.6500000e+02   4.2593200e-01  -5.1423300e+00   4.8038600e+01   1.0000000e+00
   2.6600000e+02   5.4564300e+00  -7.2994700e+00   4.9204300e+01   1.0000000e+00
   2.6700000e+02  -6.6726400e-03   9.7769600e+00   1.4618400e+01   2.0000000e+00
   2.6800000e+02  -1.0218500e+01  -1.2576700e+01   4.8984600e+01   1.0000000e+00
   2.6900000e+02   3.0805700e+00  -9.9975000e+00   4.8158000e+01   1.0000000e+00
   2.7000000e+02   1.7366000e+01  -9.5012300e-01   1.2774900e+01  -2.0000000e+00
   2.7100000e+02   1.1891200e+01  -1.1411500e+00   1.3291900e+01   2.0000000e+00
   2.7200000e+02  -1.2803200e-01  -1.6835500e+01   4.9653900e+01  -2.0000000e+00
   2.7300000e+02   8.7577100e-01  -3.0829700e+00   4.7008600e+01   1.0000000e+00
   2.7400000e+02   1.1337500e+01  -1.4826200e+01   4.7761400e+01  -1.0000000e+00
   2.7500000e+02  -8.2429800e+00  -2.3734000e+00   4.8761900e+01   1.0000000e+00
   2.7600000e+02  -9.0004300e+00  -6.4658600e+00   4.9326000e+01   1.0000000e+00
   2.7700000e+02   2.2783700e+00  -1.4022000e+01   4.8205500e+01   1.0000000e+00
   2.7800000e+02   1.4104600e+01  -9.9950200e+00   5.1329800e+01  -2.0000000e+00
   2.7900000e+02   1.0253400e+00   5.7752700e+00   1.4369900e+01   2.0000000e+00
   2.8000000e+02  -1.5744700e+01   4.6888400e+00   2.5555600e+01  -2.0000000e+00
   2.8100000e+02  -3.9562300e+00  -8.5157700e+00   4.8841700e+01   1.0000000e+00
   2.8200000e+02   1.0555900e+01  -9.3802100e+00   4.9223400e+01   1.0000000e+00
   2.8300000e+02  -5.4953600e+00  -7.1463600e+00   4.8998700e+01   1.0000000e+00
   2.8400000e+02  -5.8355900e+00   3.9862700e-01   4.9607200e+01   1.0000000e+00
   2.8500000e+02  -7.7821100e+00  -3.3514900e-01   4.9036400e+01   1.0000000e+00
   2.8600000e+02   9.8706600e+00  -5.2655300e-01   1.3347900e+01   2.0000000e+00
   2.8700000e+02   1.4672500e+01  -5.8077200e+00   3.4369800e+01  -2.0000000e+00
   2.8800000e+02  -6.9477700e-01  -1.7564700e+00   4.7854100e+01   1.0000000e+00
   2.8900000e+02  -6.2769400e+00  -1.7493200e+00   4.8771700e+01   1.0000000e+00
   2.9000000e+02  -4.2612800e+00  -1.0147200e+00   4.9131600e+01   1.0000000e+00
   2.9100000e+02  -4.3323600e+00  -1.0559200e+01   4.8936200e+01   1.0000000e+00
   2.9200000e+02  -5.1825100e+00  -1.4691400e+01   4.7947500e+01  -2.0000000e+00
   2.9300000e+02  -6.9122800e+00   7.9107700e+00   1.5457500e+01   2.0000000e+00
   2.9400000e+02  -5.2662800e-01  -1.8899100e+01   4.9268900e+01  -1.0000000e+00
   2.9500000e+02  -7.4484300e+00   1.7020900e+00   5.1148300e+01  -2.0000000e+00
   2.9600000e+02  -1.1433500e+01   3.1245200e-01   4.9759000e+01   1.0000000e+00
   2.9700000e+02  -1.6238700e+01  -5.2466000e+00   4.9895500e+01  -2.0000000e+00
   2.9800000e+02  -5.4675900e+00   9.3910400e+00   1.5154800e+01   2.0000000e+00
   2.9900000e+02   7.4563900e+00   2.0799800e+00   1.3356100e+01   2.0000000e+00
