   0.0000000e+00  -1.6488000e+01  -6.7263500e+00   6.3298500e+01  -1.0000000e+00
   1.0000000e+00   9.1475500e+00  -9.8254000e+00   4.7549800e+01   1.0000000e+00
   2.0000000e+00   7.2972500e+00   1.1745000e+01   1.4479900e+01   2.0000000e+00
   3.0000000e+00   1.0207700e+01  -1.3338500e+01   4.7798200e+01  -2.0000000e+00
   4.0000000e+00  -2.3236300e+00  -1.1427500e+01   4.6923200e+01   1.0000000e+00
   5.0000000e+00   6.6549300e-01  -6.8073100e+00   4.6800300e+01   1.0000000e+00
   6.0000000e+00  -2.9475200e-02   4.4381000e+00   1.5517100e+01   2.0000000e+00
   7.0000000e+00  -1.5991900e+01  -4.7165900e+00   3.6164200e+01  -2.0000000e+00
   8.0000000e+00   1.4065100e+01   2.9414900e+00   2.9466900e+01  -3.0000000e+00
   9.0000000e+00   1.0290200e+01   1.4711300e+01   1.1524900e+00  -2.0000000e+00
   1.0000000e+01  -1.4553700e+01   2.5205300e+00   1.6491900e+01   2.0000000e+00
   1.1000000e+01  -6.4772600e+00   5.7425800e-01   2.1918900e+01  -3.0000000e+00
   1.2000000e+01  -7.5254100e+00   4.5472200e+00   1.4944000e+01   2.0000000e+00
   1.3000000e+01  -3.2268800e+00   1.6478800e+01   1.4429200e+01  -1.0000000e+00
   1.4000000e+01  -2.2573400e+00  -1.8923800e+01   4.4934300e+01  -1.0000000e+00
   1.5000000e+01   1.3052000e+01  -1.0681500e+00   4.7052500e+01   1.0000000e+00
   1.6000000e+01  -1.2544600e+01   9.6297800e+00   1.5052700e+01   2.0000000e+00
   1.7000000e+01  -3.1243000e+00   9.0090000e+00   1.5770700e+01   0.0000000e+00
   1.8000000e+01   1.6071100e+01   3.5572900e+00   5.8556700e+01  -2.0000000e+00
   1.9000000e+01   8.0071400e+00   2.2543300e+00   2.6847200e+01  -3.0000000e+00
   2.0000000e+01  -1.2050200e+01   7.6106700e+00   1.4615400e+01   2.0000000e+00
   2.1000000e+01  -1.1850900e+01  -1.2286000e+01   4.3762100e+01  -2.0000000e+00
   2.2000000e+01   4.2237400e+00   1.6445100e+01   1.4065700e+01  -1.0000000e+00
   2.3000000e+01  -6.0404000e+00   6.0186400e+00   1.5020700e+01   2.0000000e+00
   2.4000000e+01   9.8776300e+00   9.2155300e+00   1.4874200e+01   2.0000000e+00
   2.5000000e+01   5.1719500e-01   2.4464000e+00   1.6096800e+01   2.0000000e+00
   2.6000000e+01  -1.3530500e+01   6.1466300e+00   1.5512600e+01   2.0000000e+00
   2.7000000e+01  -9.8547200e+00  -1.1750300e+01   4.5628200e+01   1.0000000e+00
   2.8000000e+01   1.1537700e+01   3.5299300e-01   4.7796800e+01   1.0000000e+00
   2.9000000e+01  -5.6517400e+00   1.1504700e+01   1.4827400e+01   2.0000000e+00
   3.0000000e+01  -7.3008700e+00  -1.6655500e+01   3.1658300e+01  -1.0000000e+00
   3.1000000e+01  -1.4557200e+01   1.0141500e+01   1.6508100e+01  -2.0000000e+00
   3.2000000e+01  -2.8995100e+00   1.4886400e+00   3.2236300e+01  -3.0000000e+00
   3.3000000e+01  -1.1104900e+01   1.1110000e+01   1.5424300e+01   2.0000000e+00
   3.4000000e+01  -3.8502900e+00  -2.5504800e+00   4.6513800e+01   1.0000000e+00
   3.5000000e+01  -1.4041300e+01   8.1293300e+00   1.5733500e+01   2.0000000e+00
   3.6000000e+01   1.7659100e+01  -5.2617000e+00   4.7507700e+01  -1.0000000e+00
   3.7000000e+01   3.1070500e+00  -4.1725000e+00   4.7087600e+01   1.0000000e+00
   3.8000000e+01  -8.4746300e+00   1.0777500e+00   2.7257800e+01  -3.0000000e+00
   3.9000000e+01   8.9858200e-01   7.9254300e+00   1.4811000e+01   0.0000000e+00
   4.0000000e+01   7.0562300e+00  -2.8890800e+00   4.5811400e+01  -3.0000000e+00
   4.1000000e+01  -9.5170700e+00   5.0793700e+00   1.4797100e+01   2.0000000e+00
   4.2000000e+01  -1.6547600e+01   3.0163100e+00   1.5581200e+01  -2.0000000e+00
   4.3000000e+01  -3.5082300e+00   3.4870400e+00   1.5701500e+01   2.0000000e+00
   4.4000000e+01  -4.1944500e+00   1.2975500e+01   1.5104300e+01   2.0000000e+00
   4.5000000e+01   1.2662400e+01  -1.0557600e+01   4.7703700e+01   1.0000000e+00
   4.6000000e+01  -5.7093300e+00  -1.8135100e+01   4.7786200e+01  -1.0000000e+00
   4.7000000e+01  -5.1299000e+00   9.4769500e+00   1.5393500e+01   2.0000000e+00
   4.8000000e+01   1.6122000e+01  -3.8861600e+00   4.6907700e+01  -2.0000000e+00
   4.9000000e+01  -2.5366800e+00   7.0304800e+00   3.6658500e+00   0.0000000e+00
   5.0000000e+01   2.8859400e+00   7.4063800e+00   1.4727900e+01   2.0000000e+00
   5.1000000e+01   6.4917000e+00   8.5707900e-01   2.1215900e+01  -3.0000000e+00
   5.2000000e+01  -1.6012500e+01   9.3944200e-01   1.7249800e+01  -2.0000000e+00
   5.3000000e+01   3.9687600e+00   3.3909100e+00   1.5014100e+01   2.0000000e+00
   5.4000000e+01  -1.7764500e+01   6.9934000e+00   1.7023500e+01  -1.0000000e+00
   5.5000000e+01   1.4883500e+01   1.1509000e+01  -7.3873900e-01  -1.0000000e+00
   5.6000000e+01  -1.8085800e+01  -4.2453100e+00   4.7416700e+01  -1.0000000e+00
   5.7000000e+01   2.6554400e+00  -6.1956000e+00   4.7064300e+01   1.0000000e+00
   5.8000000e+01  -3.8558800e+00  -1.0012500e+01   4.6320000e+01   1.0000000e+00
   5.9000000e+01   5.9805900e+00   2.8511400e+00   1.4763900e+01   2.0000000e+00
   6.0000000e+01  -1.0760400e+01  -1.5927400e+01   4.9142100e+01  -1.0000000e+00
   6.1000000e+01  -6.3418600e+00  -5.1627500e+00   4.5586400e+01   1.0000000e+00
   6.2000000e+01   1.8138500e+01   4.1587600e+00   4.6384500e+01  -1.0000000e+00
   6.3000000e+01  -7.6472600e+00   1.2079700e+01   1.5047300e+01   2.0000000e+00
   6.4000000e+01   7.8500200e+00   9.7456400e+00   1.4964700e+01   2.0000000e+00
   6.5000000e+01   3.0038000e+00  -1.0447400e-01  -4.4398100e-01  -3.0000000e+00
   6.6000000e+01   1.7206600e+01  -7.2822600e+00   6.1746600e+01  -1.0000000e+00
   6.7000000e+01   7.5808100e+00  -9.0882100e-01   2.9245800e+01  -3.0000000e+00
   6.8000000e+01   8.4013900e+00   7.7538000e+00   1.4832200e+01   2.0000000e+00
   6.9000000e+01   6.1536900e+00  -7.0204700e+00   4.7147000e+01   1.0000000e+00
   7.0000000e+01  -1.3104900e+01   1.1622700e+01   1.6318700e+01  -2.0000000e+00
   7.1000000e+01   6.2692700e+00  -1.4580400e+01   4.6382300e+01  -2.0000000e+00
   7.2000000e+01   9.4398700e+00   3.7456200e+00   1.3780700e+01  -3.0000000e+00
   7.3000000e+01  -1.1520000e+01   5.6107000e+00   1.4719200e+01   2.0000000e+00
   7.4000000e+01  -9.3374900e+00  -2.3499100e+00   2.1875100e+01  -3.0000000e+00
   7.5000000e+01   1.5941900e+01   7.5140600e+00   1.4553900e+00  -1.0000000e+00
   7.6000000e+01   1.7198400e+01   1.3472700e-01   4.6080000e+01  -2.0000000e+00
   7.7000000e+01   1.6611900e+01  -1.8435400e+00   5.7493300e+01  -2.0000000e+00
   7.8000000e+01  -1.0303900e+01  -4.1861300e+00   3.7367200e+01  -3.0000000e+00
   7.9000000e+01  -1.2442500e+01  -1.4287300e+01   2.9416300e+01  -1.0000000e+00
   8.0000000e+01   9.7728600e+00  -1.5346800e+01   4.7628700e+01  -1.0000000e+00
   8.1000000e+01   5.2187000e+00  -1.1099200e+01   4.6326900e+01   1.0000000e+00
   8.2000000e+01  -4.7384100e+00   1.4994400e+01   1.4551300e+01  -2.0000000e+00
   8.3000000e+01  -1.7422800e+01  -6.4474900e-01   3.4916900e+00  -1.0000000e+00
   8.4000000e+01  -1.3589400e+00  -7.4175000e+00   4.6813600e+01   1.0000000e+00
   8.5000000e+01  -1.8021100e+01   1.4087000e+00   1.6862400e+01  -1.0000000e+00
   8.6000000e+01   1.1348500e+01   1.0696900e+01   1.4886100e+01   2.0000000e+00
   8.7000000e+01   1.2212400e+01  -1.2648200e+01   4.8485300e+01  -2.0000000e+00
   8.8000000e+01  -1.2430100e+01  -6.5220100e+00   3.1647100e+01  -3.0000000e+00
   8.9000000e+01  -1.5413800e+01  -1.1139900e+01   4.4700600e+01  -1.0000000e+00
   9.0000000e+01  -6.8684500e+00  -1.4627700e+01   4.6512500e+01  -2.0000000e+00
   9.1000000e+01   1.6215500e+01  -1.1362900e+01   4.7892600e+01  -1.0000000e+00
   9.2000000e+01   1.6248500e+00  -2.7500500e+00   3.5412200e+01  -3.0000000e+00
   9.3000000e+01   1.3372900e+01   1.0111000e+01   1.4127800e+01  -2.0000000e+00
   9.4000000e+01   3.5816200e+00  -2.1027800e+00   3.1460900e+01  -3.0000000e+00
   9.5000000e+01  -8.5731500e+00   8.5760700e+00   1.4889600e+01   2.0000000e+00
   9.6000000e+01   9.6308400e+00  -7.7631400e+00   4.7207000e+01   1.0000000e+00
   9.7000000e+01  -2.7324200e+00   1.4458900e+01   1.5255600e+01  -2.0000000e+00
   9.8000000e+01   2.1517200e+00  -8.2294900e+00   4.7007200e+01   1.0000000e+00
   9.9000000e+01  -5.3406900e+00  -1.1358500e+00   3.0372900e+01  -3.0000000e+00
   1.0000000e+02   6.8149000e+00   1.3794500e+01   1.4696200e+01   2.0000000e+00
   1.0100000e+02  -7.0987300e-01   1.3932100e+01   1.5678200e+01   2.0000000e+00
   1.0200000e+02   1.3503500e+01   9.6125600e-01   4.5931700e+01   1.0000000e+00
   1.0300000e+02  -1.1675500e+01   1.3112700e+01   1.5494500e+01  -2.0000000e+00
   1.0400000e+02   1.1461000e+00  -4.7712100e+00   4.7076300e+01   1.0000000e+00
   1.0500000e+02   1.2282200e+01   1.4104000e+01   1.4565500e+01  -1.0000000e+00
   1.0600000e+02   1.2562600e+01  -3.1059900e+00   4.6939800e+01   1.0000000e+00
   1.0700000e+02   3.2437300e+00  -1.1658600e+01   4.6713300e+01   1.0000000e+00
   1.0800000e+02   1.4536100e+01   5.9229200e+00   2.6953400e+01  -2.0000000e+00
   1.0900000e+02  -1.2503600e+01   2.1112100e+00   1.6175000e+01   2.0000000e+00
   1.1000000e+02  -2.3647300e+00  -3.9966900e+00   4.6475300e+01   1.0000000e+00
   1.1100000e+02  -1.7057500e+01   5.0286600e+00   1.4678000e+00  -1.0000000e+00
   1.1200000e+02   9.0984100e+00  -2.2818600e+00   4.6761900e+01   1.0000000e+00
   1.1300000e+02   1.2408400e+00  -1.2278900e+01   4.6426800e+01   1.0000000e+00
   1.1400000e+02   1.0934200e+01   5.1912200e+00   1.5535100e+01  -3.0000000e+00
   1.1500000e+02   1.8645300e+01  -1.3791700e+00   1.3283100e+01  -1.0000000e+00
   1.1600000e+02  -7.8117000e+00  -3.7122400e+00   4.5782400e+01  -3.0000000e+00
   1.1700000e+02  -8.3832700e+00  -5.6917900e+00   4.6432100e+01   1.0000000e+00
   1.1800000e+02   1.5626900e+01  -5.8819000e+00   4.7224900e+01  -2.0000000e+00
   1.1900000e+02   1.1623000e+01  -7.1388500e+00   4.7142600e+01   1.0000000e+00
   1.2000000e+02   1.6583700e+01   5.5438800e+00   1.7847600e+01  -1.0000000e+00
   1.2100000e+02   1.0328900e+00   4.5685200e-01   3.2465500e+01  -3.0000000e+00
   1.2200000e+02   5.0719200e+00  -3.5537000e+00   4.7950000e+01  -3.0000000e+00
   1.2300000e+02  -1.3992300e+01  -1.2683700e+01   2.8003700e+01  -1.0000000e+00
   1.2400000e+02   1.5092700e+01  -4.5013400e-01   4.6871200e+01   1.0000000e+00
   1.2500000e+02  -1.0064000e+01   7.0704900e+00   1.4904200e+01   2.0000000e+00
   1.2600000e+02   1.9715200e+00   3.9396200e+00   1.5319300e+01   2.0000000e+00
   1.2700000e+02   5.8461000e+00   1.0288000e+01   1.4497000e+01   2.0000000e+00
   1.2800000e+02   1.6905700e+00  -1.0260300e+01   4.7176300e+01   1.0000000e+00
   1.2900000e+02   9.5282900e+00  -2.3326300e-01   5.9480700e+01  -3.0000000e+00
   1.3000000e+02   3.8672700e+00   1.0859500e+01   1.4482100e+01   2.0000000e+00
   1.3100000e+02  -1.3980900e+01   5.3565400e-01   1.7444100e+01   2.0000000e+00
   1.3200000e+02   4.2791700e+00  -1.5124700e+01   4.6582800e+01  -2.0000000e+00
   1.3300000e+02   1.3495300e+00   1.3427100e+01   1.5278400e+01   2.0000000e+00
   1.3400000e+02   8.5637800e+00  -4.2784500e+00   4.6684600e+01   1.0000000e+00
   1.3500000e+02   1.2838400e+01   1.2110600e+01   1.4533600e+01  -2.0000000e+00
   1.3600000e+02   6.6099800e+00  -4.9520000e+00   4.7716900e+01   1.0000000e+00
   1.3700000e+02  -8.0690800e+00   6.5427800e+00   1.5032000e+01   2.0000000e+00
   1.3800000e+02  -7.1188100e+00   1.0019800e+01   1.4703400e+01   2.0000000e+00
   1.3900000e+02  -1.4924000e+01  -9.1020900e+00   6.0321300e+01  -1.0000000e+00
   1.4000000e+02   2.5232600e+00   1.9130000e+00   1.4717000e+01   2.0000000e+00
   1.4100000e+02   3.7742700e+00  -1.7156700e+01   4.6270400e+01  -1.0000000e+00
   1.4200000e+02  -1.0291700e+00   5.8519900e-01   1.4385500e+01  -3.0000000e+00
   1.4300000e+02  -3.7330000e-01  -3.3872900e+00   4.7023600e+01   1.0000000e+00
   1.4400000e+02   4.3862000e+00   8.8377300e+00   1.4316900e+01   2.0000000e+00
   1.4500000e+02  -8.8579700e+00  -7.7025800e+00   4.5698400e+01   1.0000000e+00
   1.4600000e+02  -1.6439300e+00   1.0416200e+01   2.6705000e+01   0.0000000e+00
   1.4700000e+02   2.3776400e+00   9.3951000e+00   1.4347900e+01   2.0000000e+00
   1.4800000e+02   7.2797300e-01  -1.4277200e+01   4.6033800e+01   1.0000000e+00
   1.4900000e+02  -6.7233300e+00   1.5578100e+01   2.7104900e+01  -2.0000000e+00
   1.5000000e+02   7.9894900e-01   1.5427700e+01   1.6186600e+01  -2.0000000e+00
   1.5100000e+02  -3.2726500e+00  -1.5496000e+01   4.7453600e+01   1.0000000e+00
   1.5200000e+02   9.3318200e+00   1.1193700e+01   1.5164100e+01   2.0000000e+00
   1.5300000e+02   9.3091300e-02  -1.3813000e+00   4.0793600e+01  -3.0000000e+00
   1.5400000e+02  -8.7550100e+00   1.6077900e+01   1.6037100e+01  -1.0000000e+00
   1.5500000e+02   8.7006600e+00  -1.1906100e+01   4.7620900e+01   1.0000000e+00
   1.5600000e+02   3.6981300e+00  -9.5995400e+00   4.6994700e+01   1.0000000e+00
   1.5700000e+02  -1.3374100e+01  -1.4822600e+00   1.9995400e+01   2.0000000e+00
   1.5800000e+02   4.7854800e+00   1.4351700e+01   1.5040800e+01  -2.0000000e+00
   1.5900000e+02  -9.9289300e+00  -3.7274300e-01   1.6225500e+01  -3.0000000e+00
   1.6000000e+02   1.1076300e+01  -1.6504500e+00   4.6740600e+01   1.0000000e+00
   1.6100000e+02   1.7448000e-01  -8.8242700e+00   4.6598800e+01   1.0000000e+00
   1.6200000e+02  -5.3451900e+00  -8.5851600e+00   4.6154500e+01   1.0000000e+00
   1.6300000e+02   1.0655300e+01  -1.1221300e+01   4.7978600e+01   1.0000000e+00
   1.6400000e+02  -5.8325500e+00  -3.1480100e+00   4.5570700e+01   1.0000000e+00
   1.6500000e+02   1.4312400e+01   1.3600900e+01   1.5556100e+01  -1.0000000e+00
   1.6600000e+02   2.7305500e+00  -1.3737600e+01   4.6600800e+01   1.0000000e+00
   1.6700000e+02  -2.3048100e-01  -1.8441100e+01   4.6047500e+01  -1.0000000e+00
   1.6800000e+02   2.7991900e+00   1.4906000e+01   1.5286100e+01  -2.0000000e+00
   1.6900000e+02   1.6624200e+01  -9.3342500e+00   6.1738900e+01  -1.0000000e+00
   1.7000000e+02  -1.3947000e+01  -5.0718600e+00   2.8549200e+01  -3.0000000e+00
   1.7100000e+02   1.5429700e+01   9.5237100e+00  -7.2679800e-01  -1.0000000e+00
   1.7200000e+02   1.2098000e+01  -5.1228600e+00   4.7200000e+01   1.0000000e+00
   1.7300000e+02  -6.5953800e+00   8.0179600e+00   1.4888000e+01   2.0000000e+00
   1.7400000e+02  -4.0181300e+00   5.4861400e+00   1.4962100e+01   2.0000000e+00
   1.7500000e+02   6.7219100e+00  -1.2541100e+01   4.6925900e+01   1.0000000e+00
   1.7600000e+02   1.4228900e+01  -1.1978500e+01   5.9716600e+01  -2.0000000e+00
   1.7700000e+02   1.1104900e+01  -9.1934400e+00   4.7316300e+01   1.0000000e+00
   1.7800000e+02  -1.0888700e+01  -8.2455700e+00   4.3958200e+01   1.0000000e+00
   1.7900000e+02  -4.3539400e+00  -1.2050700e+01   4.6254300e+01   1.0000000e+00
   1.8000000e+02  -9.0247900e+00   3.0724400e+00   1.4774500e+01   2.0000000e+00
   1.8100000e+02   1.5578100e+01   1.5608900e+00   4.6995000e+01  -2.0000000e+00
   1.8200000e+02   4.6290700e+00  -5.5727600e+00   4.7358400e+01   1.0000000e+00
   1.8300000e+02  -1.6609000e+01   1.0520600e+01   1.7291200e+01  -1.0000000e+00
   1.8400000e+02  -6.8667400e+00  -7.1584800e+00   4.5770500e+01   1.0000000e+00
   1.8500000e+02   6.2447300e+00   1.5818600e+01   2.6362700e+01  -2.0000000e+00
   1.8600000e+02   1.1855900e+01   2.7744700e+00   3.5273200e+01  -3.0000000e+00
   1.8700000e+02   1.2916900e+01   4.6336600e+00   2.0320300e+01  -3.0000000e+00
   1.8800000e+02  -4.3541600e+00  -4.5846900e+00   4.6121900e+01   1.0000000e+00
   1.8900000e+02   9.9333500e+00   1.6788600e+01   1.3025000e+01  -1.0000000e+00
   1.9000000e+02   1.0016300e+01   1.7736700e+00   2.4936300e+01  -3.0000000e+00
   1.9100000e+02   4.4980600e+00   1.3688800e+00   1.6222600e+01   2.0000000e+00
   1.9200000e+02   5.6835600e+00  -9.0259500e+00   4.6554100e+01   1.0000000e+00
   1.9300000e+02  -7.8639700e+00  -1.1150200e+01   4.6323900e+01   1.0000000e+00
   1.9400000e+02  -6.1784700e+00   1.3530100e+01   1.4864500e+01   2.0000000e+00
   1.9500000e+02   6.3567500e+00   8.2875700e+00   1.4652100e+01   2.0000000e+00
   1.9600000e+02  -5.2976500e+00  -1.6115100e+01   4.7221900e+01  -2.0000000e+00
   1.9700000e+02   2.5335800e-01  -1.6288000e+01   4.6668200e+01  -2.0000000e+00
   1.9800000e+02   1.0563500e+01  -3.7323700e+00   4.6380700e+01   1.0000000e+00
   1.9900000e+02   1.7594000e+01   2.1780900e+00   6.2132500e+01  -1.0000000e+00
   2.0000000e+02  -1.2235300e+01   1.5217600e+01   1.4766600e+01  -1.0000000e+00
   2.0100000e+02   4.8872000e+00   6.8503900e+00   1.4573900e+01   2.0000000e+00
   2.0200000e+02   8.9455500e+00   5.7477400e+00   1.4491300e+01   2.0000000e+00
   2.0300000e+02   4.1894900e+00  -7.5954600e+00   4.6904500e+01   1.0000000e+00
   2.0400000e+02  -1.5373600e+01  -1.0486500e+00   1.9210600e+01  -2.0000000e+00
   2.0500000e+02  -3.7544600e+00  -1.7507800e+01   3.5111500e+01  -2.0000000e+00
   2.0600000e+02  -8.6227600e-01  -5.4143400e+00   4.6912800e+01   1.0000000e+00
   2.0700000e+02  -1.4402800e+01  -7.0766800e+00   5.2714900e+01  -2.0000000e+00
   2.0800000e+02   1.1782300e+01  -1.4749000e+01   4.8549100e+01  -1.0000000e+00
   2.0900000e+02  -7.0083400e+00   2.5654200e+00   1.4759300e+01   2.0000000e+00
   2.1000000e+02  -4.5650000e+00   7.4745900e+00   1.5870600e+01   2.0000000e+00
   2.1100000e+02  -7.8678500e-01  -1.2835900e+01   4.6474600e+01   1.0000000e+00
   2.1200000e+02   7.1867000e+00  -1.0499800e+01   4.7172700e+01   1.0000000e+00
   2.1300000e+02   3.4298100e+00   5.4052100e+00   1.4925800e+01   2.0000000e+00
   2.1400000e+02  -1.3741100e+01   1.3609400e+01   3.1934000e+01  -1.0000000e+00
   2.1500000e+02  -1.2344700e+01  -3.7089300e+00   3.1764800e+01  -3.0000000e+00
   2.1600000e+02  -7.3875000e+00  -9.1473300e+00   4.6140500e+01   1.0000000e+00
   2.1700000e+02  -1.1337700e+01  -1.8663200e+00   2.0955400e+01  -3.0000000e+00
   2.1800000e+02  -1.5051400e+01   4.5501600e+00   1.5851200e+01  -2.0000000e+00
   2.1900000e+02   6.8921100e+00   6.3095600e+00   1.4781500e+01   2.0000000e+00
   2.2000000e+02  -4.9054900e+00   1.9237800e+00   2.7215300e+01  -3.0000000e+00
   2.2100000e+02   7.6581100e+00  -8.4135000e+00   4.7323900e+01   1.0000000e+00
   2.2200000e+02   5.4162000e+00   4.8475700e+00   1.4992200e+01   2.0000000e+00
   2.2300000e+02  -1.3430000e+01  -1.0609000e+01   4.3807700e+01  -2.0000000e+00
   2.2400000e+02   1.0792900e+01   1.2688500e+01   1.4543400e+01  -2.0000000e+00
   2.2500000e+02  -1.1016200e+01   3.6238400e+00   1.4772400e+01   2.0000000e+00
   2.2600000e+02  -1.2254600e+00   1.5967200e+01   2.7795600e+01  -2.0000000e+00
   2.2700000e+02  -3.6574400e+00   1.0985900e+01   1.4793100e+01   2.0000000e+00
   2.2800000e+02  -6.3447600e+00  -1.2595200e+01   4.5765300e+01   1.0000000e+00
   2.2900000e+02  -2.8572900e+00  -6.0205500e+00   4.6396600e+01   1.0000000e+00
   2.3000000e+02   1.4101500e+01  -4.5100800e+00   4.7003800e+01   1.0000000e+00
   2.3100000e+02   1.4612500e+01  -2.4597800e+00   4.7014700e+01   1.0000000e+00
   2.3200000e+02  -9.6442400e+00   1.2570000e+01   1.5371300e+01   2.0000000e+00
   2.3300000e+02   7.7664100e+00  -1.6010600e+01   4.6794900e+01  -1.0000000e+00
   2.3400000e+02  -1.0421500e+01  -1.3768900e+01   4.6258800e+01  -2.0000000e+00
   2.3500000e+02  -1.0491700e+01   1.6303800e+00   1.5376900e+01   2.0000000e+00
   2.3600000e+02   5.4961700e+00  -9.9649300e-01   3.9524400e+01  -3.0000000e+00
   2.3700000e+02  -1.2914700e+01  -8.5832300e+00   4.3960300e+01  -2.0000000e+00
   2.3800000e+02  -1.0552500e+01   9.0680600e+00   1.4963500e+01   2.0000000e+00
   2.3900000e+02   1.3886400e+01   8.0670300e+00   1.4502400e+01  -2.0000000e+00
   2.4000000e+02   2.2461800e+00   1.7116300e+01   1.5787900e+01  -1.0000000e+00
   2.4100000e+02  -1.0187600e+01   1.4572900e+01   2.6841300e+01  -2.0000000e+00
   2.4200000e+02   2.2764000e+00  -1.5743400e+01   4.6343100e+01  -2.0000000e+00
   2.4300000e+02   1.3608400e+01  -6.5163700e+00   4.7088800e+01   1.0000000e+00
   2.4400000e+02  -1.1972900e+01   9.2262100e-02   1.6973400e+01   2.0000000e+00
   2.4500000e+02  -1.0360300e+01  -6.2434200e+00   5.8546900e+01  -3.0000000e+00
   2.4600000e+02  -5.2388800e+00   1.7062600e+01   1.4141300e+01  -1.0000000e+00
   2.4700000e+02   7.4459500e+00   4.3091000e+00   1.4796600e+01   2.0000000e+00
   2.4800000e+02  -1.5549500e+01   6.5512700e+00   1.6349400e+01  -2.0000000e+00
   2.4900000e+02  -3.3857100e+00  -5.1628500e-01   6.0495300e+01  -3.0000000e+00
   2.5000000e+02   7.7959200e+00   1.7284700e+01   1.4493800e+01  -1.0000000e+00
   2.5100000e+02  -1.3038700e+01   4.1467500e+00   1.5615300e+01   2.0000000e+00
   2.5200000e+02   1.5134100e+01  -7.9163100e+00   4.6928400e+01  -2.0000000e+00
   2.5300000e+02   5.7410700e+00  -1.6568100e+01   4.5633900e+01  -1.0000000e+00
   2.5400000e+02  -5.8242900e+00  -1.0591500e+01   4.6033800e+01   1.0000000e+00
   2.5500000e+02  -8.3795000e+00  -1.3188700e+01   4.6230100e+01   1.0000000e+00
   2.5600000e+02  -9.1122500e+00   1.0579800e+01   1.5249200e+01   2.0000000e+00
   2.5700000e+02  -8.8321400e+00  -1.5201700e+01   3.5739000e+01  -2.0000000e+00
   2.5800000e+02   5.3350500e+00   1.2339400e+01   1.4513800e+01   2.0000000e+00
   2.5900000e+02  -8.1953800e+00   1.4062600e+01   1.5583000e+01  -2.0000000e+00
   2.6000000e+02  -1.8389100e+00  -9.4313400e+00   4.6660700e+01   1.0000000e+00
   2.6100000e+02   8.2345200e+00  -1.3954700e+01   4.7358800e+01  -2.0000000e+00
   2.6200000e+02   3.3469100e+00   1.2875100e+01   1.4921800e+01   2.0000000e+00
   2.6300000e+02  -2.8047900e+00  -1.3439800e+01   4.6915700e+01   1.0000000e+00
   2.6400000e+02  -2.0234100e+00   4.9389100e+00   1.5057200e+01   2.0000000e+00
   2.6500000e+02   1.4667100e+01  -9.9614000e+00   4.7358600e+01  -2.0000000e+00
   2.6600000e+02   1.3784100e+01  -1.3978400e+01   4.9424200e+01  -1.0000000e+00
   2.6700000e+02  -1.5170700e+01   1.2096800e+01   3.2182900e+01  -1.0000000e+00
   2.6800000e+02  -5.5359700e-01   6.4678000e+00   2.6970300e+01   0.0000000e+00
   2.6900000e+02  -1.6086900e+01   8.5341700e+00   1.5535400e+01  -2.0000000e+00
   2.7000000e+02  -4.8543300e+00  -6.5834200e+00   4.6071200e+01   1.0000000e+00
   2.7100000e+02  -3.3479400e-01  -1.0827200e+01   4.6661500e+01   1.0000000e+00
   2.7200000e+02  -1.1358700e+01  -1.0271000e+01   4.4247000e+01   1.0000000e+00
   2.7300000e+02   1.0397400e+01   7.2009700e+00   1.4528200e+01   2.0000000e+00
   2.7400000e+02  -1.4608700e+01  -3.1211000e+00   1.9088700e+01   2.0000000e+00
   2.7500000e+02   8.1137800e+00  -6.3640700e+00   4.7538800e+01   1.0000000e+00
   2.7600000e+02  -3.3488700e+00  -8.0246200e+00   4.6306100e+01   1.0000000e+00
   2.7700000e+02  -5.5264300e+00   4.0301700e+00   1.5001300e+01   2.0000000e+00
   2.7800000e+02   1.3132000e+01  -8.5344000e+00   4.7190300e+01   1.0000000e+00
   2.7900000e+02  -1.8788600e+00  -1.9544400e+00   3.4479900e+01   1.0000000e+00
   2.8000000e+02   1.1900300e+01   8.6387900e+00   1.4317900e+01   2.0000000e+00
   2.8100000e+02   1.4317100e+00   5.9349900e+00   1.5214500e+01   2.0000000e+00
   2.8200000e+02   1.8750600e+00   1.1416300e+01   1.4553100e+01   2.0000000e+00
   2.8300000e+02   4.7263900e+00  -1.3112300e+01   4.6514300e+01   1.0000000e+00
   2.8400000e+02   1.7590300e+00  -1.7723500e+01   4.6816000e+01  -1.0000000e+00
   2.8500000e+02  -1.3051800e+00  -1.4853000e+01   4.7074000e+01   1.0000000e+00
   2.8600000e+02  -1.6657700e+01  -2.6858200e+00   1.9223400e+01  -2.0000000e+00
   2.8700000e+02  -1.1466000e-01   1.1948000e+01   1.5492800e+01   2.0000000e+00
   2.8800000e+02   8.2676200e+00   1.5267900e+01   1.4176900e+01  -2.0000000e+00
   2.8900000e+02  -9.3714800e+00  -9.7439200e+00   4.6046400e+01   1.0000000e+00
   2.9000000e+02  -1.7060100e+00  -1.6893000e+01   4.6577300e+01  -2.0000000e+00
   2.9100000e+02   8.7976700e+00   1.3249500e+01   1.4614600e+01   2.0000000e+00
   2.9200000e+02  -7.4292600e+00  -1.4261800e+00   5.6327700e+01  -3.0000000e+00
   2.9300000e+02   1.0072400e+01  -5.7536300e+00   4.7070800e+01   1.0000000e+00
   2.9400000e+02  -1.4740300e+00   2.9592600e+00   1.4783300e+01  -3.0000000e+00
   2.9500000e+02   1.4655700e-01   1.7545400e+01   1.8189800e+01  -1.0000000e+00
   2.9600000e+02  -2.1177600e+00   1.2433700e+01   1.5312000e+01   2.0000000e+00
   2.9700000e+02   3.9895300e-01   9.9636700e+00   2.8606600e+00   0.0000000e+00
   2.9800000e+02   1.2403300e+01   6.6435300e+00   1.3796500e+01   2.0000000e+00
   2.9900000e+02  -4.8667500e+00  -1.4042100e+01   4.6608600e+01   1.0000000e+00
