   0.0000000e+00  -9.3480700e+00  -1.6817000e+01   1.0000000e+00
   1.0000000e+00   8.1445900e-01   1.8055000e+01  -1.0000000e+00
   2.0000000e+00  -3.1392500e+00  -1.0178300e+01   1.0000000e+00
   3.0000000e+00   5.5856300e+00  -3.3781800e+00   1.0000000e+00
   4.0000000e+00  -7.2952100e+00   9.2774900e+00   1.0000000e+00
   5.0000000e+00   8.4138200e+00   8.9798700e+00  -1.0000000e+00
   6.0000000e+00  -1.3817100e+01   2.5817800e+00   1.0000000e+00
   7.0000000e+00   7.7858300e+00  -1.1613800e+01   1.0000000e+00
   8.0000000e+00  -9.2682300e+00  -5.7955600e+00   1.0000000e+00
   9.0000000e+00  -5.2092100e+00  -1.6093100e+01   1.0000000e+00
   1.0000000e+01   1.6150400e+01  -1.1666900e+00  -1.0000000e+00
   1.1000000e+01   9.9581900e+00   1.0361700e+01  -1.0000000e+00
   1.2000000e+01  -1.1030000e+00   9.6677700e+00   1.0000000e+00
   1.3000000e+01  -1.3393400e+01  -6.5288700e+00   1.0000000e+00
   1.4000000e+01  -6.6036000e+00  -1.4493400e+01   1.0000000e+00
   1.5000000e+01   3.4364200e+00  -3.1436700e+00   1.0000000e+00
   1.6000000e+01  -3.1478800e+00  -4.7366400e+00   1.0000000e+00
   1.7000000e+01   9.7815300e+00   2.8343800e+00  -1.0000000e+00
   1.8000000e+01  -1.1321000e+01  -6.1732100e+00   1.0000000e+00
   1.9000000e+01   4.4241600e+00  -1.5988200e+01   1.0000000e+00
   2.0000000e+01  -4.0901100e-01  -2.3771300e+00   1.0000000e+00
   2.1000000e+01  -2.1316300e+00   1.1471400e+01   1.0000000e+00
   2.2000000e+01   1.4174900e+01  -4.9801800e-01  -1.0000000e+00
   2.3000000e+01  -7.2264200e+00  -1.0951500e+01   1.0000000e+00
   2.4000000e+01  -1.3426600e+01   8.2648200e+00   1.0000000e+00
   2.5000000e+01   6.7067600e+00   4.6273000e-02  -1.0000000e+00
   2.6000000e+01   5.7544700e+00  -1.2059300e+01   1.0000000e+00
   2.7000000e+01  -1.4369800e+01   6.1547600e+00   1.0000000e+00
   2.8000000e+01   1.0208000e+01   8.0153000e-01  -1.0000000e+00
   2.9000000e+01   1.6683400e+00  -1.8465100e+01   1.0000000e+00
   3.0000000e+01  -1.3937200e+01  -2.9407400e+00   1.0000000e+00
   3.1000000e+01  -1.6062100e+01  -8.8306800e+00   1.0000000e+00
   3.2000000e+01   2.3828800e-01  -5.8627200e+00   1.0000000e+00
   3.3000000e+01  -1.4010200e+01  -8.4956200e+00   1.0000000e+00
   3.4000000e+01  -1.7940700e+00  -6.2954900e+00   1.0000000e+00
   3.5000000e+01  -1.0646600e+01   1.4532200e+01   1.0000000e+00
   3.6000000e+01  -7.9126400e+00  -7.4128300e+00   1.0000000e+00
   3.7000000e+01  -1.4757000e+01  -1.0431400e+01   1.0000000e+00
   3.8000000e+01   1.5365200e+01  -6.6746900e+00  -1.0000000e+00
   3.9000000e+01  -1.3235000e+01  -1.0118700e+00   1.0000000e+00
   4.0000000e+01   1.1850200e+01  -1.0642900e+01  -1.0000000e+00
   4.1000000e+01   5.0430200e+00  -1.3976700e+01   1.0000000e+00
   4.2000000e+01  -5.8242000e+00  -1.5575000e+00   1.0000000e+00
   4.3000000e+01   1.3296500e+01   3.5951400e+00  -1.0000000e+00
   4.4000000e+01  -3.7862500e+00  -1.1786700e+00   1.0000000e+00
   4.5000000e+01   1.4715200e+01  -1.3615800e+01  -1.0000000e+00
   4.6000000e+01   3.8651800e+00   1.2286400e+01  -1.0000000e+00
   4.7000000e+01  -1.0606000e+01   1.0602500e+01   1.0000000e+00
   4.8000000e+01   1.0357400e+01   1.5940300e+01  -1.0000000e+00
   4.9000000e+01  -4.0836100e+00   1.8264500e+01  -1.0000000e+00
   5.0000000e+01   9.4172100e+00  -4.8628900e+00  -1.0000000e+00
   5.1000000e+01   3.2163500e+00  -6.9912200e-01   1.0000000e+00
   5.2000000e+01   1.8975400e+00   5.3709700e+00  -1.0000000e+00
   5.3000000e+01  -1.8134900e+01  -3.7172200e+00   1.0000000e+00
   5.4000000e+01   9.9132800e-01  -1.4876700e+01   1.0000000e+00
   5.5000000e+01  -2.5512100e+00   1.6866500e+01  -1.0000000e+00
   5.6000000e+01   1.0979700e+01   1.3842900e+01  -1.0000000e+00
   5.7000000e+01   1.2451600e+01   7.7040300e+00  -1.0000000e+00
   5.8000000e+01   1.2999200e+01   1.3230900e+01  -1.0000000e+00
   5.9000000e+01   8.6789200e+00  -5.8052600e-01  -1.0000000e+00
   6.0000000e+01   8.2550200e+00   1.4332800e+00  -1.0000000e+00
   6.1000000e+01  -8.6037100e+00   1.4799000e+01   1.0000000e+00
   6.2000000e+01  -1.7924900e+01   1.8830200e+00   1.0000000e+00
   6.3000000e+01  -1.6437500e+01   5.8281700e+00   1.0000000e+00
   6.4000000e+01  -1.0686500e+01  -1.5210600e+01   1.0000000e+00
   6.5000000e+01   7.7219500e+00  -6.0883800e+00   1.0000000e+00
   6.6000000e+01   1.4038500e+01   9.0395000e+00  -1.0000000e+00
   6.7000000e+01  -1.5146000e+01   4.2067400e+00   1.0000000e+00
   6.8000000e+01   1.6059400e+00   1.2795800e+01  -1.0000000e+00
   6.9000000e+01   1.4973600e+01  -4.6039100e+00  -1.0000000e+00
   7.0000000e+01  -7.7279900e+00   3.6080100e+00   1.0000000e+00
   7.1000000e+01   5.9928400e+00   1.6923900e+01  -1.0000000e+00
   7.2000000e+01   1.8481300e+01  -3.9349200e+00  -1.0000000e+00
   7.3000000e+01  -4.3720000e+00   2.3507500e+00   1.0000000e+00
   7.4000000e+01  -1.7450600e+01  -7.2141800e+00   1.0000000e+00
   7.5000000e+01   1.1439000e+01  -5.3397400e+00  -1.0000000e+00
   7.6000000e+01  -8.4629000e+00   1.6767100e+00   1.0000000e+00
   7.7000000e+01  -1.2652300e+01   1.0249400e+01   1.0000000e+00
   7.8000000e+01  -9.7540900e+00   3.2763600e+00   1.0000000e+00
   7.9000000e+01  -1.2771100e+01   1.4101300e+01   1.0000000e+00
   8.0000000e+01  -1.3387600e+01  -1.2044100e+01   1.0000000e+00
   8.1000000e+01  -9.9389400e+00  -7.7557600e+00   1.0000000e+00
   8.2000000e+01   1.7354000e+01  -9.4713500e+00  -1.0000000e+00
   8.3000000e+01  -1.5905200e+01   1.1556800e+01   1.0000000e+00
   8.4000000e+01   1.4411300e+01   7.0257200e+00  -1.0000000e+00
   8.5000000e+01  -7.1429300e+00   6.8440000e-02   1.0000000e+00
   8.6000000e+01   4.3757000e+00  -1.0491600e+01   1.0000000e+00
   8.7000000e+01   3.6592200e+00  -7.0026400e+00   1.0000000e+00
   8.8000000e+01   9.8320800e+00  -1.1157900e+01   1.0000000e+00
   8.9000000e+01   9.1967600e+00  -1.3130100e+01   1.0000000e+00
   9.0000000e+01   7.5270700e+00  -4.0468200e+00  -1.0000000e+00
   9.1000000e+01   8.5096700e-01   1.9803900e+00   1.0000000e+00
   9.2000000e+01   4.3284000e+00  -5.0376200e+00   1.0000000e+00
   9.3000000e+01  -5.4062700e+00   1.3101600e+01   1.0000000e+00
   9.4000000e+01   2.8134800e+00   1.3263600e+00   1.0000000e+00
   9.5000000e+01  -4.5032600e+00  -8.6326200e+00   1.0000000e+00
   9.6000000e+01   1.0450600e+01   8.2981400e+00  -1.0000000e+00
   9.7000000e+01   2.2776900e+00  -1.0933300e+01   1.0000000e+00
   9.8000000e+01   4.8952100e+00   8.2171400e+00  -1.0000000e+00
   9.9000000e+01  -5.1023700e+00   4.0474600e-01   1.0000000e+00
   1.0000000e+02  -7.5421500e+00   1.6715700e+01   1.0000000e+00
   1.0100000e+02  -4.4650700e+00  -1.4176700e+01   1.0000000e+00
   1.0200000e+02  -7.8497500e+00  -1.8925000e+00   1.0000000e+00
   1.0300000e+02   3.6636600e+00  -1.2447600e+01   1.0000000e+00
   1.0400000e+02   4.1078000e+00   1.6087300e+01  -1.0000000e+00
   1.0500000e+02  -6.4216300e+00   2.0084100e+00   1.0000000e+00
   1.0600000e+02   1.7915600e+01   1.9856900e-01  -1.0000000e+00
   1.0700000e+02  -1.4700200e+01  -4.9296200e+00   1.0000000e+00
   1.0800000e+02  -7.5565300e+00   1.2968500e+01   1.0000000e+00
   1.0900000e+02  -4.2723600e-01   1.6390500e+01  -1.0000000e+00
   1.1000000e+02  -2.8503700e+00   6.1950900e+00   1.0000000e+00
   1.1100000e+02  -1.2058300e+01  -1.3621100e+01   1.0000000e+00
   1.1200000e+02   1.3467600e+01   1.1109300e+01  -1.0000000e+00
   1.1300000e+02  -1.8661500e+01  -1.0079800e-01   1.0000000e+00
   1.1400000e+02  -8.5760400e+00  -9.3602200e+00   1.0000000e+00
   1.1500000e+02   1.3844000e+01  -1.0102300e+01  -1.0000000e+00
   1.1600000e+02   9.3975700e-01  -9.3868000e+00   1.0000000e+00
   1.1700000e+02   1.3018000e+01  -3.9720500e+00  -1.0000000e+00
   1.1800000e+02  -1.0503300e+01   1.2964400e+00   1.0000000e+00
   1.1900000e+02  -1.3081300e+01   4.5184600e+00   1.0000000e+00
   1.2000000e+02  -1.1978800e+01  -8.1330000e+00   1.0000000e+00
   1.2100000e+02   8.3387300e+00   1.6515300e+01  -1.0000000e+00
   1.2200000e+02   2.9276800e+00   8.7968100e+00  -1.0000000e+00
   1.2300000e+02   5.0478000e+00   1.4003700e+01  -1.0000000e+00
   1.2400000e+02   9.2419300e-01   9.3557000e+00  -1.0000000e+00
   1.2500000e+02   1.6919600e+01   4.3175600e+00  -1.0000000e+00
   1.2600000e+02   7.8138700e+00   3.4806200e+00  -1.0000000e+00
   1.2700000e+02   7.1313900e+00  -2.0170900e+00  -1.0000000e+00
   1.2800000e+02  -9.7534400e-02   6.0049400e+00   1.0000000e+00
   1.2900000e+02   1.5310100e+01   2.9780000e+00  -1.0000000e+00
   1.3000000e+02  -6.9291900e+00   5.5998900e+00   1.0000000e+00
   1.3100000e+02   1.4568100e+01  -2.5428900e+00  -1.0000000e+00
   1.3200000e+02  -4.2871700e+00   1.1367800e+01   1.0000000e+00
   1.3300000e+02   2.3974700e+00   1.0831500e+01  -1.0000000e+00
   1.3400000e+02  -1.1899500e+01  -2.5775200e+00   1.0000000e+00
   1.3500000e+02  -9.3407200e+00   8.9777100e+00   1.0000000e+00
   1.3600000e+02   9.4172700e+00   1.2450300e+01  -1.0000000e+00
   1.3700000e+02   1.8100600e+01  -1.8628900e+00  -1.0000000e+00
   1.3800000e+02  -8.2195600e+00   7.2103000e+00   1.0000000e+00
   1.3900000e+02  -1.1177400e+00  -4.3171600e+00   1.0000000e+00
   1.4000000e+02  -9.2689500e+00  -1.1297500e+01   1.0000000e+00
   1.4100000e+02  -2.4612500e+00  -2.7502900e+00   1.0000000e+00
   1.4200000e+02  -1.9223900e+01   3.4753300e+00   1.0000000e+00
   1.4300000e+02  -1.5265900e+01  -1.3494900e+00   1.0000000e+00
   1.4400000e+02   4.3261700e+00   2.7195900e+00  -1.0000000e+00
   1.4500000e+02  -1.1618400e+01   1.2392600e+01   1.0000000e+00
   1.4600000e+02   1.5788300e+00  -7.4322900e+00   1.0000000e+00
   1.4700000e+02  -1.2351500e+01   6.5072800e+00   1.0000000e+00
   1.4800000e+02  -1.0946400e+00  -1.5335700e+01   1.0000000e+00
   1.4900000e+02   1.1240200e+01  -1.2692800e+01   1.0000000e+00
   1.5000000e+02   3.4072100e+00   6.7883600e+00  -1.0000000e+00
   1.5100000e+02  -4.0901400e+00   1.5072100e+01   1.0000000e+00
   1.5200000e+02   1.0895600e+01   6.2684900e+00  -1.0000000e+00
   1.5300000e+02   1.1292200e+01   4.2373800e+00  -1.0000000e+00
   1.5400000e+02  -2.4574900e+00  -8.2399500e+00   1.0000000e+00
   1.5500000e+02  -1.1214200e+01  -6.5005100e-01   1.0000000e+00
   1.5600000e+02  -6.5285100e+00  -9.0086200e+00   1.0000000e+00
   1.5700000e+02   4.4048000e+00   1.0233000e+01  -1.0000000e+00
   1.5800000e+02  -5.8686600e+00  -7.0583800e+00   1.0000000e+00
   1.5900000e+02   1.5748800e+01   8.5883700e-01  -1.0000000e+00
   1.6000000e+02   7.3927200e+00   1.3051000e+01  -1.0000000e+00
   1.6100000e+02   1.0418500e+01  -9.1681900e+00  -1.0000000e+00
   1.6200000e+02  -3.0785800e+00   7.4688600e-01   1.0000000e+00
   1.6300000e+02   7.1496400e+00  -1.3569000e+01   1.0000000e+00
   1.6400000e+02   1.6040100e+01   8.4318500e+00  -1.0000000e+00
   1.6500000e+02  -1.1302200e+01  -1.1654900e+01   1.0000000e+00
   1.6600000e+02   1.6206500e+00  -1.2917900e+01   1.0000000e+00
   1.6700000e+02   6.4044900e+00  -1.0089000e+01   1.0000000e+00
   1.6800000e+02   1.2604300e+01  -1.4260200e+01  -1.0000000e+00
   1.6900000e+02   1.3250700e+01  -1.2163900e+01  -1.0000000e+00
   1.7000000e+02   1.5930700e+00  -1.9681500e+00   1.0000000e+00
   1.7100000e+02  -1.5966600e+01  -3.3059300e+00   1.0000000e+00
   1.7200000e+02  -1.7318000e+01  -1.7303300e+00   1.0000000e+00
   1.7300000e+02  -1.1372400e+01   8.6172500e+00   1.0000000e+00
   1.7400000e+02  -3.8421800e+00  -6.6810600e+00   1.0000000e+00
   1.7500000e+02   1.0511600e+01  -1.4722600e+01   1.0000000e+00
   1.7600000e+02  -9.9474400e-01   1.0922500e+00   1.0000000e+00
   1.7700000e+02  -4.1146200e+00   7.8095100e+00   1.0000000e+00
   1.7800000e+02  -1.5470100e+01   7.8978500e+00   1.0000000e+00
   1.7900000e+02   1.4837600e+01   4.9791500e+00  -1.0000000e+00
   1.8000000e+02   1.1947500e+01   9.6981700e+00  -1.0000000e+00
   1.8100000e+02   7.3502900e+00   5.5178200e+00  -1.0000000e+00
   1.8200000e+02  -9.9813100e+00  -1.3245900e+01   1.0000000e+00
   1.8300000e+02   1.5775000e+01  -1.0827900e+01  -1.0000000e+00
   1.8400000e+02  -1.0622400e+01  -4.2152900e+00   1.0000000e+00
   1.8500000e+02  -4.8979600e+00   5.9060400e+00   1.0000000e+00
   1.8600000e+02   2.3272800e+00  -1.6469000e+01   1.0000000e+00
   1.8700000e+02   6.8462600e+00   1.5042800e+01  -1.0000000e+00
   1.8800000e+02   7.7806500e+00  -1.7192400e+01   1.0000000e+00
   1.8900000e+02  -1.7532000e+00  -1.1744700e+01   1.0000000e+00
   1.9000000e+02  -9.8758300e+00  -2.2506500e+00   1.0000000e+00
   1.9100000e+02   1.6397400e+01   6.3961500e+00  -1.0000000e+00
   1.9200000e+02   1.2185200e+01   1.9441300e-01  -1.0000000e+00
   1.9300000e+02  -5.6792500e+00   3.9358700e+00   1.0000000e+00
   1.9400000e+02   3.0348200e+00  -1.4466000e+01   1.0000000e+00
   1.9500000e+02  -3.8396800e+00  -1.2199800e+01   1.0000000e+00
   1.9600000e+02  -3.1627000e+00   9.6503900e+00   1.0000000e+00
   1.9700000e+02  -1.2664700e+01  -4.5501100e+00   1.0000000e+00
   1.9800000e+02  -8.6615400e+00  -1.4856900e+01   1.0000000e+00
   1.9900000e+02   8.8816100e+00   6.9282000e+00  -1.0000000e+00
   2.0000000e+02  -1.1057100e+01   4.9064700e+00   1.0000000e+00
   2.0100000e+02  -5.4594800e+00   1.6731500e+01   1.0000000e+00
   2.0200000e+02   6.8090300e-01  -9.3280800e-02   1.0000000e+00
   2.0300000e+02   1.2853700e+01   5.6077700e+00  -1.0000000e+00
   2.0400000e+02   8.4219400e+00  -9.6523500e+00   1.0000000e+00
   2.0500000e+02  -3.2166300e+00   1.3218000e+01   1.0000000e+00
   2.0600000e+02   1.6536500e+01  -3.2693400e+00  -1.0000000e+00
   2.0700000e+02   5.6888500e+00  -6.5681300e+00   1.0000000e+00
   2.0800000e+02   9.7965400e+00  -1.6752600e+01   1.0000000e+00
   2.0900000e+02   1.6924100e+01  -5.3097900e+00  -1.0000000e+00
   2.1000000e+02   6.4569400e+00  -1.5579100e+01   1.0000000e+00
   2.1100000e+02  -1.6607000e+01   2.0165700e-01   1.0000000e+00
   2.1200000e+02   1.8909400e-01   1.1299900e+01  -1.0000000e+00
   2.1300000e+02  -1.1777100e+01   2.9361100e+00   1.0000000e+00
   2.1400000e+02  -1.5431800e+01  -6.8595100e+00   1.0000000e+00
   2.1500000e+02  -7.9457300e+00  -1.2885800e+01   1.0000000e+00
   2.1600000e+02   3.7268500e+00  -1.8014800e+01   1.0000000e+00
   2.1700000e+02   2.9495400e+00   1.4369500e+01  -1.0000000e+00
   2.1800000e+02  -8.5611400e+00  -3.8370700e+00   1.0000000e+00
   2.1900000e+02   9.3372400e+00   4.9176400e+00  -1.0000000e+00
   2.2000000e+02   9.0887400e+00  -2.6659100e+00  -1.0000000e+00
   2.2100000e+02  -1.9843700e+00   1.4871000e+01  -1.0000000e+00
   2.2200000e+02  -1.5471800e+01  -1.2397600e+01   1.0000000e+00
   2.2300000e+02  -5.2374600e+00   9.5309000e+00   1.0000000e+00
   2.2400000e+02  -9.5870900e+00   1.2701500e+01   1.0000000e+00
   2.2500000e+02   9.2982200e+00  -7.4346200e+00  -1.0000000e+00
   2.2600000e+02  -1.0955800e+00  -9.7849300e+00   1.0000000e+00
   2.2700000e+02   1.1449500e+01   1.1771200e+01  -1.0000000e+00
   2.2800000e+02  -1.3695600e+00   7.6236300e+00   1.0000000e+00
   2.2900000e+02  -1.5658300e+00   4.5791100e+00   1.0000000e+00
   2.3000000e+02   9.3433500e-01  -3.9248600e+00   1.0000000e+00
   2.3100000e+02   1.2501700e+01   1.5295100e+01  -1.0000000e+00
   2.3200000e+02  -1.7532000e+00  -8.2290100e-01   1.0000000e+00
   2.3300000e+02   5.9004000e+00   1.1640200e+01  -1.0000000e+00
   2.3400000e+02   2.9764800e+00  -8.9792600e+00   1.0000000e+00
   2.3500000e+02   7.1014000e+00  -8.0614000e+00   1.0000000e+00
   2.3600000e+02  -5.1718900e+00  -1.0582900e+01   1.0000000e+00
   2.3700000e+02   5.0361600e+00  -8.5374200e+00   1.0000000e+00
   2.3800000e+02   1.1736400e+01   2.2170200e+00  -1.0000000e+00
   2.3900000e+02  -8.8919700e-01   1.3120500e+01  -1.0000000e+00
   2.4000000e+02   1.5069400e+01   1.2450700e+01  -1.0000000e+00
   2.4100000e+02  -1.6736100e+01  -5.2203500e+00   1.0000000e+00
   2.4200000e+02  -8.5111800e+00   1.0943800e+01   1.0000000e+00
   2.4300000e+02   1.7444900e+01  -7.3690100e+00  -1.0000000e+00
   2.4400000e+02   4.7560500e+00   6.9438700e-01  -1.0000000e+00
   2.4500000e+02   1.3454100e+01  -8.0808500e+00  -1.0000000e+00
   2.4600000e+02  -3.0822000e+00  -1.6001900e+01   1.0000000e+00
   2.4700000e+02   5.7513100e+00  -1.7567200e+01   1.0000000e+00
   2.4800000e+02   1.3713800e+01   1.5749700e+00  -1.0000000e+00
   2.4900000e+02   1.4445000e+00   7.3716800e+00  -1.0000000e+00
   2.5000000e+02  -1.4571000e+01   5.9287700e-01   1.0000000e+00
   2.5100000e+02   6.2942800e+00   2.0636400e+00  -1.0000000e+00
   2.5200000e+02  -1.2534800e+01   9.7642600e-01   1.0000000e+00
   2.5300000e+02   1.9486700e+00   1.6249800e+01  -1.0000000e+00
   2.5400000e+02   1.3393000e+01  -5.9922400e+00  -1.0000000e+00
   2.5500000e+02   2.3053300e+00  -5.4490000e+00   1.0000000e+00
   2.5600000e+02  -6.5282100e+00  -3.5088000e+00   1.0000000e+00
   2.5700000e+02   5.1580300e+00  -1.3544700e+00   1.0000000e+00
   2.5800000e+02   2.3780300e+00   3.3592700e+00   1.0000000e+00
   2.5900000e+02   1.5607800e+01   1.0458200e+01  -1.0000000e+00
   2.6000000e+02   1.7286000e+01   2.2794400e+00  -1.0000000e+00
   2.6100000e+02   8.9159900e+00   1.4456400e+01  -1.0000000e+00
   2.6200000e+02   2.7115800e-01  -1.6949600e+01   1.0000000e+00
   2.6300000e+02   1.1065800e+01  -3.2809300e+00  -1.0000000e+00
   2.6400000e+02  -1.4734700e+01   9.8569700e+00   1.0000000e+00
   2.6500000e+02   8.4833100e+00  -1.5127500e+01   1.0000000e+00
   2.6600000e+02   1.0648200e+01  -1.2275600e+00  -1.0000000e+00
   2.6700000e+02  -7.2501600e+00  -1.6450800e+01   1.0000000e+00
   2.6800000e+02  -4.4831600e+00  -3.1680000e+00   1.0000000e+00
   2.6900000e+02   5.8560200e+00   4.0914100e+00  -1.0000000e+00
   2.7000000e+02   3.9047300e-01   3.9803300e+00   1.0000000e+00
   2.7100000e+02  -6.1564000e+00   7.5376700e+00   1.0000000e+00
   2.7200000e+02   3.8845300e+00   4.7605200e+00  -1.0000000e+00
   2.7300000e+02  -5.9042900e+00  -1.2534800e+01   1.0000000e+00
   2.7400000e+02  -2.4369200e+00  -1.3778000e+01   1.0000000e+00
   2.7500000e+02   3.1423300e+00   1.7976400e+01  -1.0000000e+00
   2.7600000e+02   1.1485600e+01  -7.3921800e+00  -1.0000000e+00
   2.7700000e+02  -6.4394100e+00   1.1188500e+01   1.0000000e+00
   2.7800000e+02  -3.6129000e+00   4.2851900e+00   1.0000000e+00
   2.7900000e+02  -1.2687600e+01  -1.0075400e+01   1.0000000e+00
   2.8000000e+02   7.9476200e+00   1.0981900e+01  -1.0000000e+00
   2.8100000e+02   1.2607900e+01  -1.8566200e+00  -1.0000000e+00
   2.8200000e+02   6.9137200e+00   7.5667900e+00  -1.0000000e+00
   2.8300000e+02  -1.7172400e+01   3.8467700e+00   1.0000000e+00
   2.8400000e+02  -1.0314600e+01   6.8270800e+00   1.0000000e+00
   2.8500000e+02  -9.1701500e+00  -3.2285600e-01   1.0000000e+00
   2.8600000e+02   2.7251400e-01  -1.1345200e+01   1.0000000e+00
   2.8700000e+02  -8.9626400e+00   5.2821300e+00   1.0000000e+00
   2.8800000e+02  -1.5855800e+01   2.2259500e+00   1.0000000e+00
   2.8900000e+02  -1.7543800e+01   7.5813900e+00   1.0000000e+00
   2.9000000e+02   1.5401800e+01  -8.7369400e+00  -1.0000000e+00
   2.9100000e+02   6.4431400e+00   9.5901600e+00  -1.0000000e+00
   2.9200000e+02  -6.4685600e+00   1.4898000e+01   1.0000000e+00
   2.9300000e+02  -7.2074500e+00  -5.4802200e+00   1.0000000e+00
   2.9400000e+02   5.3975500e+00   6.1504600e+00  -1.0000000e+00
   2.9500000e+02  -1.3675700e+01   1.2127700e+01   1.0000000e+00
   2.9600000e+02  -1.0598800e+01  -9.7173800e+00   1.0000000e+00
   2.9700000e+02  -4.2751200e-01  -1.3344100e+01   1.0000000e+00
   2.9800000e+02   5.6904400e-01   1.4574400e+01  -1.0000000e+00
   2.9900000e+02  -2.3253900e+00   2.6671900e+00   1.0000000e+00
