   0.0000000e+00  -7.4784600e+00   3.9237900e+00   2.6664400e+01   1.0000000e+00
   1.0000000e+00   1.7609300e+01  -8.8543000e-01   5.4595600e+01  -1.0000000e+00
   2.0000000e+00  -5.7712500e+00  -1.0412500e+01   5.1193400e+01   2.0000000e+00
   3.0000000e+00   1.3455900e+01   5.9440100e+00   2.4802300e+01   1.0000000e+00
   4.0000000e+00  -1.5563600e+01   7.8446000e+00   2.5128500e+01  -2.0000000e+00
   5.0000000e+00  -6.1159600e+00   9.2397300e+00   2.6367500e+01   1.0000000e+00
   6.0000000e+00   6.9624900e+00  -1.1169800e+01   5.2458200e+01   2.0000000e+00
   7.0000000e+00   1.0371600e+00   6.9806100e+00   2.5812200e+01   1.0000000e+00
   8.0000000e+00  -1.3264500e+01   1.1375000e+01   2.6969600e+01  -2.0000000e+00
   9.0000000e+00   7.0492600e-01  -4.0279600e+00   5.1073600e+01   2.0000000e+00
   1.0000000e+01   8.1729700e+00   4.6368200e+00   2.5187800e+01   1.0000000e+00
   1.1000000e+01   3.0406700e+00  -1.2715300e+01   5.1661000e+01   2.0000000e+00
   1.2000000e+01   1.0782900e+01  -9.6262100e+00   5.2227600e+01   2.0000000e+00
   1.3000000e+01   5.8905300e+00   1.7430000e+01   2.5693700e+01  -1.0000000e+00
   1.4000000e+01   1.1348200e+01  -5.4723600e+00   5.2625000e+01   2.0000000e+00
   1.5000000e+01   1.9345400e+00   5.0727600e+00   2.6133700e+01   1.0000000e+00
   1.6000000e+01  -8.6333600e+00  -5.7558000e+00   5.0768800e+01   2.0000000e+00
   1.7000000e+01   9.1391600e+00  -8.3353100e+00   5.2146900e+01   2.0000000e+00
   1.8000000e+01   1.5972900e+01   9.3952700e+00   1.0928200e+01  -1.0000000e+00
   1.9000000e+01  -1.7112100e+01   2.0358800e+00   3.2052500e+01  -2.0000000e+00
   2.0000000e+01  -2.6281200e+00   1.4422900e+01   2.6152600e+01  -2.0000000e+00
   2.1000000e+01   1.6303300e+01  -9.2834400e+00   6.7745800e+01  -1.0000000e+00
   2.2000000e+01   1.1085800e+01   1.5247800e+01   2.6361800e+01  -1.0000000e+00
   2.3000000e+01   9.9918600e-01  -1.9695800e+00   4.2914200e+01  -3.0000000e+00
   2.4000000e+01   1.4618400e+01  -7.9977900e+00   5.2877600e+01  -2.0000000e+00
   2.5000000e+01   6.8585400e+00   1.5549700e+01   2.6161000e+01  -2.0000000e+00
   2.6000000e+01   1.2039000e+01   1.3394500e+01   1.3465600e+01  -2.0000000e+00
   2.7000000e+01  -1.0908700e+01   1.4922100e+01   2.5374600e+01  -1.0000000e+00
   2.8000000e+01   7.4991600e+00  -7.0757600e+00   5.2305700e+01   2.0000000e+00
   2.9000000e+01   2.8271800e+00   3.2256700e+00   2.6557600e+01   1.0000000e+00
   3.0000000e+01  -1.7051000e+01  -1.7983100e+00   3.3337100e+01  -2.0000000e+00
   3.1000000e+01   9.6631800e+00   9.8846500e+00   2.5495300e+01   1.0000000e+00
   3.2000000e+01   1.3536000e+01  -2.6400100e+00   5.2422000e+01   2.0000000e+00
   3.3000000e+01  -6.5584800e+00   2.0876700e+00   3.8418900e+01  -3.0000000e+00
   3.4000000e+01   7.8502900e+00   1.0777900e+00   9.3245400e+00  -3.0000000e+00
   3.5000000e+01  -4.7165500e+00   1.4566100e+01   2.6435000e+01  -2.0000000e+00
   3.6000000e+01  -6.7005500e+00  -5.0355500e+00   5.1371200e+01   2.0000000e+00
   3.7000000e+01  -3.8093900e+00   1.2659900e+01   2.6381400e+01   1.0000000e+00
   3.8000000e+01   3.8236000e-01   1.2343000e+01   2.6404500e+01   1.0000000e+00
   3.9000000e+01  -3.8148900e-01   1.5581600e+00   4.5769000e+01  -3.0000000e+00
   4.0000000e+01  -1.9584800e+00   8.9344000e+00   2.6150400e+01   1.0000000e+00
   4.1000000e+01  -9.7444000e+00   1.9674400e-01   3.4738400e+01  -3.0000000e+00
   4.2000000e+01   2.6210200e+00  -5.2609400e-01   3.9871700e+01  -3.0000000e+00
   4.3000000e+01   3.0927100e+00   6.8059400e+00   2.5475400e+01   1.0000000e+00
   4.4000000e+01   3.6202200e+00  -8.6484400e+00   5.1985200e+01   2.0000000e+00
   4.5000000e+01  -3.1129700e+00   7.2418700e+00   2.6218000e+01   1.0000000e+00
   4.6000000e+01  -8.6028700e+00   2.1880000e+00   2.8579600e+01   1.0000000e+00
   4.7000000e+01   4.5605000e+00   1.2097800e+01   2.6002400e+01   1.0000000e+00
   4.8000000e+01  -8.3121800e+00  -3.7018400e+00   4.9976400e+01  -3.0000000e+00
   4.9000000e+01   5.2883600e+00  -9.9494100e+00   5.2487800e+01   2.0000000e+00
   5.0000000e+01  -7.0208700e+00  -7.0813900e+00   5.0843700e+01   2.0000000e+00
   5.1000000e+01  -1.5014500e+01  -1.5076900e+00   3.3847600e+01  -3.0000000e+00
   5.2000000e+01   7.9281600e+00  -1.6629400e+01   5.1488200e+01  -1.0000000e+00
   5.3000000e+01  -6.0192400e+00  -8.6209400e-01   3.9400900e+01  -3.0000000e+00
   5.4000000e+01   7.7901700e+00  -5.0368400e+00   5.2162700e+01   2.0000000e+00
   5.5000000e+01   1.2970200e+01  -6.7513100e+00   5.2553700e+01   2.0000000e+00
   5.6000000e+01  -4.0785700e+00  -1.1712600e+01   5.1734200e+01   2.0000000e+00
   5.7000000e+01   9.9904800e+00  -2.1629800e+00   4.0229300e+01  -3.0000000e+00
   5.8000000e+01  -4.4281500e+00  -2.1676700e+00   5.1062600e+01   2.0000000e+00
   5.9000000e+01   4.3875000e+00  -1.6068700e+01   5.2119100e+01  -2.0000000e+00
   6.0000000e+01   8.2327000e+00  -1.4537800e+01   5.1169000e+01  -2.0000000e+00
   6.1000000e+01  -1.8716800e+00  -8.9121300e+00   5.1705600e+01   2.0000000e+00
   6.2000000e+01   7.7991700e-01   3.3374900e+00   2.6400000e+01   1.0000000e+00
   6.3000000e+01  -8.9585800e+00  -7.7863800e+00   5.0535100e+01   2.0000000e+00
   6.4000000e+01   1.7520000e+00   1.7732800e+01   2.7157400e+01  -1.0000000e+00
   6.5000000e+01   1.6644200e+00   1.3464300e+00   1.4714600e+01  -3.0000000e+00
   6.6000000e+01   1.2717500e+01  -8.8143300e+00   5.2580500e+01   2.0000000e+00
   6.7000000e+01  -9.0272100e-01  -2.7310300e+00   5.0961300e+01   2.0000000e+00
   6.8000000e+01   1.0206100e+01  -1.3729200e+01   5.1374300e+01  -2.0000000e+00
   6.9000000e+01  -1.2310600e+01  -5.0382700e+00   4.4364100e+01  -3.0000000e+00
   7.0000000e+01   1.4717600e+01   7.6651400e+00   2.5189000e+01  -2.0000000e+00
   7.1000000e+01  -1.1870400e+01  -1.4756600e+01   5.1092600e+01  -1.0000000e+00
   7.2000000e+01   4.6707000e+00  -1.4033800e+01   5.1654700e+01   2.0000000e+00
   7.3000000e+01  -5.8721600e+00   1.2794600e+01   2.6335800e+01   1.0000000e+00
   7.4000000e+01  -7.3559300e+00  -9.1070300e+00   5.0441000e+01   2.0000000e+00
   7.5000000e+01  -5.4301200e+00   3.7936600e+00   2.6187300e+01   1.0000000e+00
   7.6000000e+01   1.3261700e+01  -4.6760100e+00   5.2086800e+01   2.0000000e+00
   7.7000000e+01   2.7541700e+00  -1.4778300e+01   5.2165100e+01   2.0000000e+00
   7.8000000e+01   1.3216500e+01   2.3346000e+00   3.6922600e+01  -3.0000000e+00
   7.9000000e+01  -2.7799500e+00  -1.5047100e+01   5.0879700e+01  -2.0000000e+00
   8.0000000e+01   8.9943600e+00   1.5369700e+01   1.3393200e+01  -2.0000000e+00
   8.1000000e+01   1.4968400e+01   1.1250600e+01   1.0689700e+01  -1.0000000e+00
   8.2000000e+01  -6.7042300e+00  -1.6552800e+01   5.0363100e+01  -1.0000000e+00
   8.3000000e+01   3.6315800e+00   1.3949500e+01   2.5923800e+01   1.0000000e+00
   8.4000000e+01   5.8910900e-01   1.5954800e+01   2.5942600e+01  -2.0000000e+00
   8.5000000e+01   1.6846400e+01   7.5180300e+00   1.0121400e+01  -1.0000000e+00
   8.6000000e+01  -1.7869800e+01  -3.7760300e+00   3.5423400e+01  -1.0000000e+00
   8.7000000e+01   8.0833700e+00   1.7309600e+01   2.5724700e+01  -1.0000000e+00
   8.8000000e+01   9.8645400e+00   6.0028600e-01   3.4710000e+01  -3.0000000e+00
   8.9000000e+01  -3.0859600e+00  -1.7129900e+01   3.6016600e+01  -1.0000000e+00
   9.0000000e+01  -2.4536700e-01  -1.0183100e+01   5.1928600e+01   2.0000000e+00
   9.1000000e+01   1.3797200e+01   9.5363300e+00   2.5777000e+01  -2.0000000e+00
   9.2000000e+01  -4.4798600e+00   1.8875000e+00   8.6242600e+00  -3.0000000e+00
   9.3000000e+01   1.7397500e+01   1.9035900e+00   2.1189900e+01  -1.0000000e+00
   9.4000000e+01   2.3096800e+00  -5.3222600e+00   5.1393800e+01   2.0000000e+00
   9.5000000e+01   2.1676700e+00  -1.8954500e+01   5.0102100e+01  -1.0000000e+00
   9.6000000e+01  -2.4672900e+00  -1.3937100e+00   3.9487400e+01   2.0000000e+00
   9.7000000e+01   7.1976900e+00  -9.1266700e+00   5.2763500e+01   2.0000000e+00
   9.8000000e+01   1.1909700e+01  -1.3768700e+00   6.6212300e+01  -3.0000000e+00
   9.9000000e+01  -1.1396800e+01   7.7015900e+00   2.7268300e+01   1.0000000e+00
   1.0000000e+02  -2.4537600e+00  -1.3011800e+01   5.1277200e+01   2.0000000e+00
   1.0100000e+02  -1.2082900e+01   1.3195800e+01   2.5868400e+01  -2.0000000e+00
   1.0200000e+02  -1.5253700e+01  -1.1568800e+01   4.6698000e+01  -1.0000000e+00
   1.0300000e+02  -1.5348300e+01   1.1467500e+01   4.2287700e+01  -1.0000000e+00
   1.0400000e+02   1.5284700e+01   2.2000900e+00   1.0526300e+01  -2.0000000e+00
   1.0500000e+02   5.4269800e-01  -1.7627600e+01   4.0091500e+01  -2.0000000e+00
   1.0600000e+02   1.0849900e+01   1.1671300e+01   2.5925900e+01   1.0000000e+00
   1.0700000e+02   8.4788500e+00   8.1982900e+00   2.5114000e+01   1.0000000e+00
   1.0800000e+02   1.6465100e+01   3.8774900e+00   2.4778900e+01  -2.0000000e+00
   1.0900000e+02  -1.5029700e+01   2.2324000e+00   3.0520000e+01  -3.0000000e+00
   1.1000000e+02   3.7343600e+00   1.3542000e+00   2.7736300e+01  -3.0000000e+00
   1.1100000e+02   8.3758200e+00  -9.0154500e-01   3.6924000e+01  -3.0000000e+00
   1.1200000e+02   1.4372000e+01  -1.0120100e+01   5.2768500e+01  -2.0000000e+00
   1.1300000e+02   1.1063600e+01  -7.5566600e+00   5.2417300e+01   2.0000000e+00
   1.1400000e+02   1.4874700e+01  -5.9524100e+00   5.2565100e+01  -2.0000000e+00
   1.1500000e+02   6.3020400e+00  -1.5304600e+01   5.1536800e+01  -2.0000000e+00
   1.1600000e+02  -3.1635600e+00  -5.4942800e+00   5.1081700e+01   2.0000000e+00
   1.1700000e+02  -3.5019200e+00  -7.6185400e+00   5.1373100e+01   2.0000000e+00
   1.1800000e+02   1.0494700e+01  -1.1670700e+01   5.2019900e+01   2.0000000e+00
   1.1900000e+02  -1.1738500e+00  -1.6383700e+01   5.1235300e+01  -2.0000000e+00
   1.2000000e+02  -3.3584100e+00   3.6567100e+00   2.4643000e+01  -3.0000000e+00
   1.2100000e+02   7.2576500e+00   6.4949200e+00   2.5346200e+01   1.0000000e+00
   1.2200000e+02  -1.2306700e+01   9.5503000e+00   2.7140100e+01   1.0000000e+00
   1.2300000e+02  -3.7784500e-01   1.7962200e+01   2.5576500e+01  -1.0000000e+00
   1.2400000e+02   3.8187200e+00   1.7758000e+01   2.6945900e+01  -1.0000000e+00
   1.2500000e+02   1.5633500e+01   5.7545100e+00   2.4861400e+01  -2.0000000e+00
   1.2600000e+02  -5.1187700e-01  -1.2265400e+01   5.2306900e+01   2.0000000e+00
   1.2700000e+02   3.4095500e-01  -6.0963400e+00   5.1089000e+01   2.0000000e+00
   1.2800000e+02  -1.1549900e+01  -1.2658600e+01   5.0083300e+01  -2.0000000e+00
   1.2900000e+02   1.4106300e+01   1.3143400e+01   2.3923500e+01  -1.0000000e+00
   1.3000000e+02  -1.4670900e+01   5.9100100e+00   2.6160500e+01  -2.0000000e+00
   1.3100000e+02   8.0801000e+00  -2.9513300e+00   5.1972300e+01   2.0000000e+00
   1.3200000e+02   1.7080000e-01   8.8404400e+00   2.6166900e+01   1.0000000e+00
   1.3300000e+02   6.9736200e+00   2.9508100e+00   2.5256500e+01   1.0000000e+00
   1.3400000e+02   9.6904300e+00  -4.2588300e+00   5.2499200e+01   2.0000000e+00
   1.3500000e+02  -1.4408200e+01  -5.1985200e+00   5.5044600e+01  -3.0000000e+00
   1.3600000e+02  -1.1617300e+01   4.0011600e+00   2.7913400e+01   1.0000000e+00
   1.3700000e+02  -9.5669700e+00   4.0050900e+00   2.7853600e+01   1.0000000e+00
   1.3800000e+02   6.0687600e+00   4.7962300e+00   2.5499100e+01   1.0000000e+00
   1.3900000e+02   6.0186000e+00  -1.7400200e+01   5.2779500e+01  -1.0000000e+00
   1.4000000e+02   5.7351900e+00   1.3814100e+01   2.5959700e+01   1.0000000e+00
   1.4100000e+02  -5.4206700e+00  -8.3890500e+00   5.0960900e+01   2.0000000e+00
   1.4200000e+02  -4.6968200e+00  -1.5835300e+01   3.9194800e+01  -2.0000000e+00
   1.4300000e+02   4.1338500e+00  -1.8322100e+01   5.1617400e+01  -1.0000000e+00
   1.4400000e+02   5.8512700e+00  -5.8439100e+00   5.1782200e+01   2.0000000e+00
   1.4500000e+02  -6.7677300e+00   1.4675100e+01   2.6553700e+01  -2.0000000e+00
   1.4600000e+02   1.2309500e+01   4.2071700e+00   2.4817500e+01   1.0000000e+00
   1.4700000e+02  -5.7901000e-01  -5.5715200e-01   6.7065700e+01  -3.0000000e+00
   1.4800000e+02   1.7204000e+01  -3.0315800e+00   6.7376700e+01  -1.0000000e+00
   1.4900000e+02  -1.2743100e+01   2.2614200e+00   2.7671200e+01   1.0000000e+00
   1.5000000e+02  -4.9415400e+00   1.0928400e+01   2.6203100e+01   1.0000000e+00
   1.5100000e+02  -9.6330000e+00  -1.1876300e+01   5.1201400e+01   2.0000000e+00
   1.5200000e+02  -1.3609700e+01  -1.3240000e+01   3.2036900e+01  -1.0000000e+00
   1.5300000e+02  -1.2989900e+01  -9.1219500e+00   4.6194200e+01  -3.0000000e+00
   1.5400000e+02   8.8651700e+00  -1.0403200e+01   5.2191300e+01   2.0000000e+00
   1.5500000e+02  -2.1701400e+00  -1.0955400e+01   5.1771900e+01   2.0000000e+00
   1.5600000e+02   1.6856100e+01  -5.1337800e+00   6.7442100e+01  -1.0000000e+00
   1.5700000e+02  -1.7945400e+01   4.0048500e+00   3.0246600e+01  -1.0000000e+00
   1.5800000e+02  -2.4965400e+00   1.3165600e+00   3.4573700e+01  -3.0000000e+00
   1.5900000e+02  -1.4816900e+00  -1.8481100e+01   5.1468000e+01  -1.0000000e+00
   1.6000000e+02  -8.0389900e-01   1.0649400e+01   2.6347000e+01   1.0000000e+00
   1.6100000e+02  -1.1170300e+01   1.1304100e+01   2.6695300e+01   1.0000000e+00
   1.6200000e+02   9.8448800e+00  -1.5877200e+01   5.1199300e+01  -1.0000000e+00
   1.6300000e+02  -6.3283600e+00  -1.4524200e+01   5.1076400e+01  -2.0000000e+00
   1.6400000e+02   6.4263400e+00  -1.6384700e+00   4.1416200e+01  -3.0000000e+00
   1.6500000e+02  -1.0259600e+01   9.4420400e+00   2.6655700e+01   1.0000000e+00
   1.6600000e+02   5.1993900e+00   6.6603800e+00   2.5376500e+01   1.0000000e+00
   1.6700000e+02  -7.6718700e+00   3.5519600e-01   3.8421800e+01  -3.0000000e+00
   1.6800000e+02  -1.5042400e+01  -9.3746900e+00   4.6252100e+01  -2.0000000e+00
   1.6900000e+02   3.3543000e+00  -1.0692000e+01   5.1636700e+01   2.0000000e+00
   1.7000000e+02  -1.3792600e+01  -3.2197900e+00   3.8151700e+01   1.0000000e+00
   1.7100000e+02  -1.0387800e+00   7.0731500e+00   2.6227200e+01   1.0000000e+00
   1.7200000e+02   1.1796500e+01  -1.5063500e+01   5.1381800e+01  -1.0000000e+00
   1.7300000e+02  -7.7459100e-01  -1.4345100e+01   5.1393800e+01   2.0000000e+00
   1.7400000e+02   1.1074400e+01   2.5542400e+00   2.4876700e+01   1.0000000e+00
   1.7500000e+02  -7.2475700e+00   7.5055800e+00   2.6645300e+01   1.0000000e+00
   1.7600000e+02  -1.5813500e+00  -6.8452600e+00   5.1102100e+01   2.0000000e+00
   1.7700000e+02  -1.7941100e+01   9.2793500e-02   3.3098100e+01  -1.0000000e+00
   1.7800000e+02  -1.2601300e+01   5.8603400e+00   2.7735900e+01   1.0000000e+00
   1.7900000e+02  -1.5026600e+00   1.6219700e+01   3.8218000e+01  -2.0000000e+00
   1.8000000e+02   6.6101300e+00   1.1932000e+01   2.5928100e+01   1.0000000e+00
   1.8100000e+02   1.4095700e+01  -1.2213100e+01   6.3894800e+01  -2.0000000e+00
   1.8200000e+02  -8.8553700e+00   1.4827100e+01   3.8984500e+01  -2.0000000e+00
   1.8300000e+02  -2.1680300e+00   5.3584300e+00   2.5578200e+01   1.0000000e+00
   1.8400000e+02   7.5976900e+00   1.0042100e+01   2.5917500e+01   1.0000000e+00
   1.8500000e+02   1.4368800e+01   4.0331800e+00   2.5425000e+01   1.0000000e+00
   1.8600000e+02  -9.0764300e+00   1.1185200e+01   2.6590300e+01   1.0000000e+00
   1.8700000e+02  -1.5796400e+01  -3.6729600e+00   3.8552400e+01  -2.0000000e+00
   1.8800000e+02   9.3435100e+00   6.3358500e+00   2.5021100e+01   1.0000000e+00
   1.8900000e+02   5.7981300e+00   1.2551200e+00   3.8170000e+01  -3.0000000e+00
   1.9000000e+02   1.1630600e+01  -3.4171900e+00   5.2493600e+01   2.0000000e+00
   1.9100000e+02  -9.9250500e+00  -1.3928800e+01   3.9266100e+01  -2.0000000e+00
   1.9200000e+02   1.6723600e+00  -9.4192100e+00   5.1823400e+01   2.0000000e+00
   1.9300000e+02  -9.3150400e+00   7.6133500e+00   2.7119500e+01   1.0000000e+00
   1.9400000e+02   1.1415900e+01   6.1479300e+00   2.4647200e+01   1.0000000e+00
   1.9500000e+02  -4.2607100e+00   5.5015500e+00   2.6045100e+01   1.0000000e+00
   1.9600000e+02   8.5759600e+00  -1.2463100e+01   5.1688700e+01   2.0000000e+00
   1.9700000e+02  -7.7020600e+00  -1.1138000e+01   5.1024300e+01   2.0000000e+00
   1.9800000e+02   1.5459800e+01  -1.8543400e+00   5.2905900e+01  -2.0000000e+00
   1.9900000e+02   3.4179900e+00   1.0381800e+01   2.5813600e+01   1.0000000e+00
   2.0000000e+02   1.2894000e+01   1.1461900e+01   2.4636900e+01  -2.0000000e+00
   2.0100000e+02  -5.5607500e-01   1.4232800e+01   2.5875200e+01   1.0000000e+00
   2.0200000e+02  -1.3465500e+01   7.7481900e+00   2.6778500e+01   1.0000000e+00
   2.0300000e+02  -7.9813600e+00  -1.3233900e+01   5.0905800e+01  -2.0000000e+00
   2.0400000e+02  -4.0222600e+00   9.0896300e+00   2.6124700e+01   1.0000000e+00
   2.0500000e+02  -1.6528100e+01  -5.6285300e+00   4.4607600e+01  -2.0000000e+00
   2.0600000e+02   1.2137000e+01  -1.2975500e+01   5.1292000e+01  -2.0000000e+00
   2.0700000e+02   1.0541100e+01   8.0128400e+00   2.4944700e+01   1.0000000e+00
   2.0800000e+02   5.5343000e+00  -7.8939600e+00   5.2215700e+01   2.0000000e+00
   2.0900000e+02  -1.3048700e+00   3.3936900e+00   2.6394700e+01  -3.0000000e+00
   2.1000000e+02  -1.7364800e+00   1.2530500e+01   2.5881000e+01   1.0000000e+00
   2.1100000e+02   2.4705000e+00  -1.6876000e+01   5.1491100e+01  -2.0000000e+00
   2.1200000e+02  -1.4136300e+01   1.3297600e+01   4.1449900e+01  -1.0000000e+00
   2.1300000e+02   1.6598900e+01  -7.1883600e+00   6.7857000e+01  -1.0000000e+00
   2.1400000e+02   3.9861900e+00   4.9487000e+00   2.5833000e+01   1.0000000e+00
   2.1500000e+02   9.4297600e+00  -6.2951300e+00   5.2441800e+01   2.0000000e+00
   2.1600000e+02   1.5748400e+01   1.7952900e-01   3.8005700e+01  -2.0000000e+00
   2.1700000e+02   4.7949900e+00   1.5698800e+01   2.6379000e+01  -2.0000000e+00
   2.1800000e+02  -1.5889000e+01   4.1216100e+00   2.8075400e+01  -2.0000000e+00
   2.1900000e+02   1.2630800e+01   7.8297100e+00   2.5028400e+01   1.0000000e+00
   2.2000000e+02   2.4543500e+00   1.2244300e+01   2.6535100e+01   1.0000000e+00
   2.2100000e+02  -8.1847100e+00   9.3299500e+00   2.6709000e+01   1.0000000e+00
   2.2200000e+02  -1.3864200e+01   4.5788800e-01   2.9833900e+01  -3.0000000e+00
   2.2300000e+02   1.3787600e+00  -1.1456400e+01   5.2293700e+01   2.0000000e+00
   2.2400000e+02  -4.3848200e+00  -1.3741200e+01   5.1504900e+01   2.0000000e+00
   2.2500000e+02  -1.0991300e+01  -8.5238900e+00   4.9737000e+01   2.0000000e+00
   2.2600000e+02   4.2391600e+00  -4.5584000e+00   5.1593500e+01   2.0000000e+00
   2.2700000e+02   4.8968600e+00   3.0987700e+00   2.6063300e+01   1.0000000e+00
   2.2800000e+02   1.5396200e+00   1.4122000e+01   2.6257300e+01   1.0000000e+00
   2.2900000e+02  -3.5744500e+00   1.6301500e+01   2.6907900e+01  -1.0000000e+00
   2.3000000e+02  -1.0100000e+01  -1.8314100e+00   6.2481500e+01  -3.0000000e+00
   2.3100000e+02   6.3793800e+00   8.3416300e+00   2.5317900e+01   1.0000000e+00
   2.3200000e+02  -1.2035400e-01   5.1923000e+00   2.6278000e+01   1.0000000e+00
   2.3300000e+02  -8.3788500e+00   5.7865600e+00   2.6613300e+01   1.0000000e+00
   2.3400000e+02   2.7349600e+00   1.5825500e+01   2.6917000e+01  -2.0000000e+00
   2.3500000e+02   1.6048900e+01  -1.1336400e+01   5.3719100e+01  -1.0000000e+00
   2.3600000e+02  -1.4385800e+01   9.6356800e+00   2.7177800e+01  -2.0000000e+00
   2.3700000e+02  -4.1035700e+00  -1.3225200e-01   3.5351100e+01  -3.0000000e+00
   2.3800000e+02   9.0274100e+00   2.7555500e+00   2.4082000e+01   1.0000000e+00
   2.3900000e+02   1.1712600e+01   9.6914600e+00   2.5254900e+01   1.0000000e+00
   2.4000000e+02   8.4730100e-01  -1.5598900e+01   5.2093500e+01   2.0000000e+00
   2.4100000e+02  -1.0670400e+01   2.1097400e+00   2.7888100e+01   1.0000000e+00
   2.4200000e+02   1.1211300e+00  -1.3520600e+01   5.2749300e+01   2.0000000e+00
   2.4300000e+02  -5.0816300e+00  -6.2963500e+00   5.1573300e+01   2.0000000e+00
   2.4400000e+02   3.9102500e+00  -6.5941300e+00   5.1502200e+01   2.0000000e+00
   2.4500000e+02   1.0217100e+01   4.4507300e+00   2.4508700e+01   1.0000000e+00
   2.4600000e+02  -1.1744200e+01  -3.0695800e+00   3.3438800e+01  -3.0000000e+00
   2.4700000e+02   7.8057800e+00   1.3643700e+01   2.5662100e+01   1.0000000e+00
   2.4800000e+02  -2.8263600e+00  -3.4627300e+00   5.0843200e+01   2.0000000e+00
   2.4900000e+02   4.9797200e+00  -1.2008100e+01   5.1757300e+01   2.0000000e+00
   2.5000000e+02  -7.9435000e+00   1.2914200e+01   2.6492600e+01   1.0000000e+00
   2.5100000e+02   2.2259900e+00   8.6802300e+00   2.5202500e+01   1.0000000e+00
   2.5200000e+02  -1.6665500e+01  -7.7811900e+00   4.8807400e+01  -1.0000000e+00
   2.5300000e+02   1.9857600e+00  -7.3810700e+00   5.1752100e+01   2.0000000e+00
   2.5400000e+02  -4.7820400e+00  -4.2300600e+00   5.1637000e+01   2.0000000e+00
   2.5500000e+02  -1.2235800e+00  -4.7589900e+00   5.0551300e+01   2.0000000e+00
   2.5600000e+02  -3.7956700e+00  -9.6669400e+00   5.1580000e+01   2.0000000e+00
   2.5700000e+02  -1.0576000e+01  -6.4964300e+00   4.9621800e+01   2.0000000e+00
   2.5800000e+02  -1.1801200e+01   3.5976000e-01   3.8697200e+01  -3.0000000e+00
   2.5900000e+02  -6.3316400e+00   5.6482400e+00   2.6045900e+01   1.0000000e+00
   2.6000000e+02  -1.6465900e+01   9.7140500e+00   2.7031400e+01  -1.0000000e+00
   2.6100000e+02  -1.3705500e+01   4.0783700e+00   2.7502100e+01   1.0000000e+00
   2.6200000e+02   1.5186100e+01  -3.9137900e+00   5.2525500e+01  -2.0000000e+00
   2.6300000e+02   5.4847300e+00   1.0204500e+01   2.5684700e+01   1.0000000e+00
   2.6400000e+02  -2.8566400e+00   1.0802100e+01   2.6320700e+01   1.0000000e+00
   2.6500000e+02  -1.2961200e+01   1.5160900e+01   2.5069100e+01  -1.0000000e+00
   2.6600000e+02  -1.2911000e+01  -1.3664500e+00   3.1533200e+01  -3.0000000e+00
   2.6700000e+02  -5.6487100e+00   1.6428100e+01   2.6234400e+01  -1.0000000e+00
   2.6800000e+02  -6.3875600e+00  -2.9577200e+00   5.1350300e+01   2.0000000e+00
   2.6900000e+02   1.2425400e+01  -1.0889500e+01   5.1958600e+01   2.0000000e+00
   2.7000000e+02  -1.0228400e+01  -4.4510500e+00   5.0504000e+01  -3.0000000e+00
   2.7100000e+02   1.3789200e+01  -4.8318200e-01   4.1160700e+01  -3.0000000e+00
   2.7200000e+02  -1.2563200e+01  -7.0928600e+00   5.7967900e+01  -3.0000000e+00
   2.7300000e+02  -1.1228800e+01  -1.0573300e+01   5.0635200e+01   2.0000000e+00
   2.7400000e+02  -7.7827400e+00   1.6637800e+01   2.7031300e+01  -1.0000000e+00
   2.7500000e+02  -8.3549100e+00  -1.5259300e+01   3.5282000e+01  -1.0000000e+00
   2.7600000e+02   1.3729900e+01  -1.4276400e+01   5.0953800e+01  -1.0000000e+00
   2.7700000e+02  -1.0444900e+01   5.8708700e+00   2.7594100e+01   1.0000000e+00
   2.7800000e+02   6.6459800e+00  -1.3228500e+01   5.1652900e+01   2.0000000e+00
   2.7900000e+02   8.7319600e+00   1.1772000e+01   2.6487200e+01   1.0000000e+00
   2.8000000e+02   9.8567100e+00   1.3479100e+01   2.6386200e+01  -2.0000000e+00
   2.8100000e+02  -1.6913300e+01   6.1737900e+00   4.1359300e+01  -1.0000000e+00
   2.8200000e+02   4.2896900e+00   8.5094300e+00   2.5260100e+01   1.0000000e+00
   2.8300000e+02   6.2895400e-02  -8.1477700e+00   5.1712300e+01   2.0000000e+00
   2.8400000e+02   1.1946200e+01   6.7934600e-01   3.9269700e+01  -3.0000000e+00
   2.8500000e+02  -7.0148000e+00   1.1087300e+01   2.6390100e+01   1.0000000e+00
   2.8600000e+02   1.7704900e+01   5.5900600e+00   2.4520700e+01  -1.0000000e+00
   2.8700000e+02  -1.4610300e+01  -7.2478700e+00   4.5405300e+01  -2.0000000e+00
   2.8800000e+02  -9.3025100e+00  -9.8281400e+00   5.0961500e+01   2.0000000e+00
   2.8900000e+02   2.6121400e+00  -3.2736400e+00   3.9423900e+01  -3.0000000e+00
   2.9000000e+02   1.3447300e+00   1.0522000e+01   2.6408600e+01   1.0000000e+00
   2.9100000e+02   4.5374700e+00  -2.5272300e+00   6.5403600e+01  -3.0000000e+00
   2.9200000e+02  -8.0322200e+00  -1.6697500e+00   4.7143800e+01  -3.0000000e+00
   2.9300000e+02  -6.0349000e+00  -1.2479000e+01   5.1821300e+01   2.0000000e+00
   2.9400000e+02  -1.0026600e+01   1.3031000e+01   2.6305100e+01  -2.0000000e+00
   2.9500000e+02   4.6830600e+00  -4.7620300e-01   3.9649600e+01  -3.0000000e+00
   2.9600000e+02   6.1774600e+00  -3.7610300e+00   5.2420600e+01   2.0000000e+00
   2.9700000e+02  -1.5912000e+01   3.4888400e-01   3.3070400e+01  -2.0000000e+00
   2.9800000e+02  -5.1642300e+00   7.3559700e+00   2.6293300e+01   1.0000000e+00
   2.9900000e+02  -1.3204800e+01  -1.1168100e+01   4.7409600e+01  -2.0000000e+00
