   0.0000000e+00  -1.1129300e+01   2.5629100e+00  -1.0000000e+00
   1.0000000e+00  -3.6666400e+00   3.9032600e+00  -1.0000000e+00
   2.0000000e+00  -7.0874200e+00   1.5907100e+01  -1.0000000e+00
   3.0000000e+00   8.0246200e+00  -4.6924700e+00  -1.0000000e+00
   4.0000000e+00  -5.9740000e+00   1.1903400e+01  -1.0000000e+00
   5.0000000e+00   2.1301500e+00  -7.7975700e+00   1.0000000e+00
   6.0000000e+00   1.2691600e+01   5.2721700e+00  -1.0000000e+00
   7.0000000e+00  -1.8771300e+01   1.3102300e+00   1.0000000e+00
   8.0000000e+00  -7.1851100e+00   2.8964000e+00  -1.0000000e+00
   9.0000000e+00   5.0126700e+00   1.2843000e+01  -1.0000000e+00
   1.0000000e+01  -1.2391200e+01   8.0311600e+00  -1.0000000e+00
   1.1000000e+01  -1.5446800e+01   1.1275800e+01  -1.0000000e+00
   1.2000000e+01   1.4933800e+01  -2.6828900e+00  -1.0000000e+00
   1.3000000e+01   3.0657200e+00  -1.5238300e+01   1.0000000e+00
   1.4000000e+01  -1.3708300e+01   4.1209700e+00  -1.0000000e+00
   1.5000000e+01   4.9371200e+00  -1.3743800e-01  -1.0000000e+00
   1.6000000e+01  -8.7346100e+00   1.3692700e+00  -1.0000000e+00
   1.7000000e+01  -4.1976100e+00  -2.3837100e+00  -1.0000000e+00
   1.8000000e+01  -9.2258200e+00  -1.2878600e+01   1.0000000e+00
   1.9000000e+01  -1.5988700e+00   1.6367400e+01  -1.0000000e+00
   2.0000000e+01  -5.7031400e+00   4.3991800e+00  -1.0000000e+00
   2.1000000e+01  -9.4144300e+00   1.0922200e+01  -1.0000000e+00
   2.2000000e+01   5.2071100e+00   5.3405900e+00  -1.0000000e+00
   2.3000000e+01  -1.2758700e+01  -1.2503100e+01   1.0000000e+00
   2.4000000e+01   4.4300600e+00   1.4817400e+01  -1.0000000e+00
   2.5000000e+01   5.7753000e+00   3.3301500e+00  -1.0000000e+00
   2.6000000e+01   6.3360200e+00  -1.7767700e+01   1.0000000e+00
   2.7000000e+01   1.7106900e+01  -3.2202000e+00  -1.0000000e+00
   2.8000000e+01   7.5642100e+00   1.0327000e+01  -1.0000000e+00
   2.9000000e+01   1.3044600e+01   1.0732600e+01  -1.0000000e+00
   3.0000000e+01  -8.5782800e+00  -6.7171100e+00   1.0000000e+00
   3.1000000e+01   1.2017900e+00  -1.6251100e+01   1.0000000e+00
   3.2000000e+01  -9.0072600e+00  -1.0822300e+01   1.0000000e+00
   3.3000000e+01   2.8579900e+00  -1.7498300e+01   1.0000000e+00
   3.4000000e+01   9.2392200e+00   4.3093100e+00  -1.0000000e+00
   3.5000000e+01  -1.5924400e+01  -5.9272100e+00   1.0000000e+00
   3.6000000e+01  -9.0720700e+00   1.6415400e+01  -1.0000000e+00
   3.7000000e+01  -1.3419500e+01  -8.9757000e-01   1.0000000e+00
   3.8000000e+01   9.6187700e-01   1.3824600e+01  -1.0000000e+00
   3.9000000e+01  -8.5502900e+00   1.4387800e+01  -1.0000000e+00
   4.0000000e+01  -3.7754400e+00  -1.2433000e+01   1.0000000e+00
   4.1000000e+01  -1.1775300e+01  -2.1864500e+00   1.0000000e+00
   4.2000000e+01  -1.5412900e+01  -1.8273900e+00   1.0000000e+00
   4.3000000e+01   1.3801200e+01   1.2752100e+00  -1.0000000e+00
   4.4000000e+01  -1.0800500e-01  -2.6408700e+00  -1.0000000e+00
   4.5000000e+01   6.7163300e+00  -1.5721400e+01   1.0000000e+00
   4.6000000e+01  -4.8288600e+00   7.9209700e+00  -1.0000000e+00
   4.7000000e+01   3.9287300e-01   1.5855100e+01  -1.0000000e+00
   4.8000000e+01  -6.4887500e+00   8.9361800e-01  -1.0000000e+00
   4.9000000e+01  -9.8365200e+00  -1.3877600e+00   1.0000000e+00
   5.0000000e+01   3.3129300e+00  -1.3190700e+01   1.0000000e+00
   5.1000000e+01  -1.0681000e+01  -9.5971000e+00   1.0000000e+00
   5.2000000e+01  -6.0029900e-01  -6.3055900e-01  -1.0000000e+00
   5.3000000e+01  -1.0676100e+01   5.1402800e-01  -1.0000000e+00
   5.4000000e+01  -1.5149000e+01   2.2141000e-01   1.0000000e+00
   5.5000000e+01   4.9973600e+00  -1.4435200e+01   1.0000000e+00
   5.6000000e+01  -1.2604000e+01  -1.0436900e+01   1.0000000e+00
   5.7000000e+01   8.6672600e+00   6.3215600e+00  -1.0000000e+00
   5.8000000e+01   1.1237400e+01  -9.1428900e+00   1.0000000e+00
   5.9000000e+01   5.6610300e+00  -8.1294900e+00   1.0000000e+00
   6.0000000e+01   5.4504600e+00  -2.2020100e+00  -1.0000000e+00
   6.1000000e+01   1.8170300e+01   5.7550500e+00  -1.0000000e+00
   6.2000000e+01  -4.5948100e-01  -1.4874200e+01   1.0000000e+00
   6.3000000e+01   1.5252300e+00   1.1835400e+01  -1.0000000e+00
   6.4000000e+01  -1.1426000e+01   1.1426100e+01  -1.0000000e+00
   6.5000000e+01  -7.9746400e+00   1.2410400e+01  -1.0000000e+00
   6.6000000e+01  -9.7344400e+00   5.3866400e+00  -1.0000000e+00
   6.7000000e+01  -1.7186100e+01   5.2191800e+00  -1.0000000e+00
   6.8000000e+01   2.8960800e+00   3.8894600e-01  -1.0000000e+00
   6.9000000e+01   4.3499600e+00  -6.5260300e+00   1.0000000e+00
   7.0000000e+01  -1.1950400e+01  -4.2433200e+00   1.0000000e+00
   7.1000000e+01  -1.6494300e+00   3.3968700e+00  -1.0000000e+00
   7.2000000e+01   1.4161400e+01   6.7694600e+00  -1.0000000e+00
   7.3000000e+01  -2.8805700e+00  -4.1223700e+00   1.0000000e+00
   7.4000000e+01  -1.2178900e+01  -6.3071800e+00   1.0000000e+00
   7.5000000e+01  -2.1262400e+00  -2.1817500e+00  -1.0000000e+00
   7.6000000e+01   1.6108200e+01  -6.6296700e+00  -1.0000000e+00
   7.7000000e+01  -3.1004400e+00   1.9159800e+00  -1.0000000e+00
   7.8000000e+01  -4.6632100e+00  -1.7660600e-01  -1.0000000e+00
   7.9000000e+01   5.4185300e+00  -1.0282200e+01   1.0000000e+00
   8.0000000e+01  -7.5423800e+00  -1.4108100e+01   1.0000000e+00
   8.1000000e+01  -1.1208700e+00   1.3723000e+00  -1.0000000e+00
   8.2000000e+01  -1.1124000e+01  -1.3748000e+01   1.0000000e+00
   8.3000000e+01   4.3382700e-01  -6.6140300e+00   1.0000000e+00
   8.4000000e+01  -5.4349600e+00  -1.1201800e+01   1.0000000e+00
   8.5000000e+01  -4.2702700e+00  -1.6658100e+01   1.0000000e+00
   8.6000000e+01   6.6337400e-01   8.3320400e+00  -1.0000000e+00
   8.7000000e+01  -1.0891600e+01  -1.1649300e+01   1.0000000e+00
   8.8000000e+01  -1.2996000e+01  -1.4591300e+01   1.0000000e+00
   8.9000000e+01   1.0928200e+01  -1.6635900e+00  -1.0000000e+00
   9.0000000e+01  -1.9219200e+00  -1.1565400e+01   1.0000000e+00
   9.1000000e+01   1.5537900e+01  -4.6417100e+00  -1.0000000e+00
   9.2000000e+01   1.0488900e+01  -1.3892100e+01   1.0000000e+00
   9.3000000e+01  -4.2605800e+00   5.8790400e+00  -1.0000000e+00
   9.4000000e+01  -3.3744700e+00   9.3863100e+00  -1.0000000e+00
   9.5000000e+01   1.1787800e+01   1.7962000e+00  -1.0000000e+00
   9.6000000e+01   3.5581800e+00   1.1333500e+01  -1.0000000e+00
   9.7000000e+01  -1.5615000e+01  -3.8932900e+00   1.0000000e+00
   9.8000000e+01  -4.9413000e-01   1.2341000e+01  -1.0000000e+00
   9.9000000e+01  -1.0005200e+01   1.2944500e+01  -1.0000000e+00
   1.0000000e+02  -9.4456600e+00  -1.4936300e+01   1.0000000e+00
   1.0100000e+02   1.3240200e+01   3.2668200e+00  -1.0000000e+00
   1.0200000e+02   1.2651500e+01  -7.6278300e+00  -1.0000000e+00
   1.0300000e+02   1.0980700e+01  -1.1210800e+01   1.0000000e+00
   1.0400000e+02   9.4873400e+00  -3.1630900e+00  -1.0000000e+00
   1.0500000e+02  -1.4538700e+01  -1.1291300e+01   1.0000000e+00
   1.0600000e+02   1.2349200e+00   6.3517000e+00  -1.0000000e+00
   1.0700000e+02  -2.1328100e+00  -1.3665400e+01   1.0000000e+00
   1.0800000e+02  -6.3166400e+00   6.3873100e+00  -1.0000000e+00
   1.0900000e+02   6.9258600e+00  -6.8476200e-01  -1.0000000e+00
   1.1000000e+02   1.2499400e+01   1.2762300e+01  -1.0000000e+00
   1.1100000e+02   3.4028800e-01   2.8318400e+00  -1.0000000e+00
   1.1200000e+02  -4.0051500e+00  -1.4584800e+01   1.0000000e+00
   1.1300000e+02  -8.3876200e+00  -4.6438200e+00   1.0000000e+00
   1.1400000e+02   3.8756200e+00  -4.2865100e+00  -1.0000000e+00
   1.1500000e+02   1.3910000e+00  -1.2120900e+00  -1.0000000e+00
   1.1600000e+02  -1.2350000e+01  -8.3953400e+00   1.0000000e+00
   1.1700000e+02  -8.8465700e+00   8.9218000e+00  -1.0000000e+00
   1.1800000e+02   4.6723600e+00   7.3694500e+00  -1.0000000e+00
   1.1900000e+02   1.1560200e+01   9.2973700e+00  -1.0000000e+00
   1.2000000e+02  -1.8003600e+01   3.3419400e+00  -1.0000000e+00
   1.2100000e+02   3.4723500e+00  -1.5872300e+00  -1.0000000e+00
   1.2200000e+02  -1.4423100e+01   7.6182600e+00  -1.0000000e+00
   1.2300000e+02  -7.4059700e+00   1.0396500e+01  -1.0000000e+00
   1.2400000e+02   1.7327200e+01   2.1985900e+00  -1.0000000e+00
   1.2500000e+02   1.7982100e+01   1.7521900e-01  -1.0000000e+00
   1.2600000e+02  -1.0649600e+01   1.4929400e+01  -1.0000000e+00
   1.2700000e+02  -8.1279800e+00  -2.6102900e+00   1.0000000e+00
   1.2800000e+02  -1.7541600e+01  -4.6201000e+00   1.0000000e+00
   1.2900000e+02  -1.5102300e+01   5.6332700e+00  -1.0000000e+00
   1.3000000e+02  -1.7421900e+01  -2.5407400e+00   1.0000000e+00
   1.3100000e+02  -3.2691800e-02  -1.0743900e+01   1.0000000e+00
   1.3200000e+02   1.7688100e+00   4.3494900e+00  -1.0000000e+00
   1.3300000e+02  -1.0469400e+01  -7.5551800e+00   1.0000000e+00
   1.3400000e+02   8.9138400e-01  -1.8364000e+01   1.0000000e+00
   1.3500000e+02  -1.6222200e+01  -1.0058600e+01   1.0000000e+00
   1.3600000e+02   1.6715100e+01   4.1838300e+00  -1.0000000e+00
   1.3700000e+02   1.3505800e+01  -4.1723500e+00  -1.0000000e+00
   1.3800000e+02  -6.7083600e+00  -5.8624000e+00   1.0000000e+00
   1.3900000e+02   6.4575000e+00  -6.2008400e+00  -1.0000000e+00
   1.4000000e+02   1.8138300e+00   1.7356800e+01  -1.0000000e+00
   1.4100000e+02   1.3235300e+01  -9.6499500e+00   1.0000000e+00
   1.4200000e+02   2.6626400e+00   7.8668100e+00  -1.0000000e+00
   1.4300000e+02   9.1894600e+00  -8.6289700e+00   1.0000000e+00
   1.4400000e+02   7.2120600e+00   4.8246000e+00  -1.0000000e+00
   1.4500000e+02   1.5304500e+01   2.6912400e+00  -1.0000000e+00
   1.4600000e+02  -1.6444500e+01   7.1970400e+00  -1.0000000e+00
   1.4700000e+02   1.0356900e+01   3.0693800e-01  -1.0000000e+00
   1.4800000e+02  -6.8987200e+00  -7.9163300e+00   1.0000000e+00
   1.4900000e+02   2.9606200e+00   1.3322000e+01  -1.0000000e+00
   1.5000000e+02  -1.3596300e+01   9.7144800e+00  -1.0000000e+00
   1.5100000e+02   2.3552700e+00   2.3674200e+00  -1.0000000e+00
   1.5200000e+02   8.7670200e+00  -1.2713000e+01   1.0000000e+00
   1.5300000e+02   6.3794000e+00   1.3262500e+00  -1.0000000e+00
   1.5400000e+02   6.1753400e-02   1.0333700e+01  -1.0000000e+00
   1.5500000e+02  -5.4195900e+00   9.9044100e+00  -1.0000000e+00
   1.5600000e+02  -5.1034200e+00   2.4092400e+00  -1.0000000e+00
   1.5700000e+02   1.6518200e+01  -1.2514200e+00  -1.0000000e+00
   1.5800000e+02  -2.6104900e+00  -1.4698500e-01  -1.0000000e+00
   1.5900000e+02  -7.7210300e-01   6.8433800e+00  -1.0000000e+00
   1.6000000e+02   5.8393300e+00   1.6327600e+01  -1.0000000e+00
   1.6100000e+02   4.7053500e+00  -1.6501800e+01   1.0000000e+00
   1.6200000e+02   8.4702700e+00  -6.7016800e+00  -1.0000000e+00
   1.6300000e+02   1.1500400e+01  -3.6538500e+00  -1.0000000e+00
   1.6400000e+02   8.9722400e+00  -1.0671800e+01   1.0000000e+00
   1.6500000e+02   6.6542300e+00   6.8320200e+00  -1.0000000e+00
   1.6600000e+02   1.0645100e+01  -7.1700100e+00  -1.0000000e+00
   1.6700000e+02  -1.5967000e+01   3.5705000e+00  -1.0000000e+00
   1.6800000e+02   3.8238900e+00   1.6905500e+01  -1.0000000e+00
   1.6900000e+02   1.3896400e+01  -1.1597400e+01   1.0000000e+00
   1.7000000e+02   1.2269900e+01  -1.4921200e+01   1.0000000e+00
   1.7100000e+02   8.4766700e+00   1.3813800e+01  -1.0000000e+00
   1.7200000e+02  -1.0690000e+00   1.4365500e+01  -1.0000000e+00
   1.7300000e+02   1.3594300e+01   8.7501600e+00  -1.0000000e+00
   1.7400000e+02  -5.2125400e+00  -9.0976000e+00   1.0000000e+00
   1.7500000e+02   8.1279600e+00   8.3084800e+00  -1.0000000e+00
   1.7600000e+02  -1.1680500e+01   4.5670800e+00  -1.0000000e+00
   1.7700000e+02   8.2928500e+00  -1.7039200e+01   1.0000000e+00
   1.7800000e+02   6.8723300e+00  -1.3576700e+01   1.0000000e+00
   1.7900000e+02   2.4158800e+00   1.5370800e+01  -1.0000000e+00
   1.8000000e+02  -3.5731700e+00  -1.0332200e+01   1.0000000e+00
   1.8100000e+02   1.3955700e+01   1.4234500e+01  -1.0000000e+00
   1.8200000e+02   1.5617500e+01   8.2709400e+00  -1.0000000e+00
   1.8300000e+02  -4.7824200e+00  -5.0087000e+00   1.0000000e+00
   1.8400000e+02   8.9381300e+00  -1.1724900e+00  -1.0000000e+00
   1.8500000e+02  -1.4659100e+00  -7.4400200e+00   1.0000000e+00
   1.8600000e+02  -1.0068700e+01  -3.4225400e+00   1.0000000e+00
   1.8700000e+02  -1.0356000e+01   7.4182200e+00  -1.0000000e+00
   1.8800000e+02   2.1211100e+00  -3.1392000e+00  -1.0000000e+00
   1.8900000e+02   1.1951300e+01   1.4828600e+01  -1.0000000e+00
   1.9000000e+02   3.8019600e+00  -8.9998900e+00   1.0000000e+00
   1.9100000e+02   1.1254700e+01   3.7887700e+00  -1.0000000e+00
   1.9200000e+02   8.9345100e-01   8.5914600e-01  -1.0000000e+00
   1.9300000e+02  -2.8538200e+00   7.3679100e+00  -1.0000000e+00
   1.9400000e+02   6.1406400e+00   8.8445800e+00  -1.0000000e+00
   1.9500000e+02  -1.5974900e+01  -7.9946700e+00   1.0000000e+00
   1.9600000e+02   6.4718200e+00   1.4356500e+01  -1.0000000e+00
   1.9700000e+02  -1.2679100e+01   1.0569600e+00  -1.0000000e+00
   1.9800000e+02   1.8568100e+00  -9.8912300e+00   1.0000000e+00
   1.9900000e+02  -1.4422700e+01   2.1987600e+00  -1.0000000e+00
   2.0000000e+02   1.4709900e+01   4.7881400e+00  -1.0000000e+00
   2.0100000e+02  -1.7181800e+01  -4.2617500e-01   1.0000000e+00
   2.0200000e+02   1.5450600e+01  -1.0106400e+01  -1.0000000e+00
   2.0300000e+02   1.2071900e+01  -5.6480500e+00  -1.0000000e+00
   2.0400000e+02  -6.9181200e-01  -1.7050100e+01   1.0000000e+00
   2.0500000e+02  -3.1156200e+00  -6.2306000e+00   1.0000000e+00
   2.0600000e+02  -9.2288500e+00   3.3785600e+00  -1.0000000e+00
   2.0700000e+02  -6.5407700e+00   1.3903200e+01  -1.0000000e+00
   2.0800000e+02  -4.5454700e+00   1.3382600e+01  -1.0000000e+00
   2.0900000e+02  -1.3452700e+01   1.1775500e+01  -1.0000000e+00
   2.1000000e+02  -1.9246700e+00   1.0868800e+01  -1.0000000e+00
   2.1100000e+02   8.3560300e+00   7.9136900e-01  -1.0000000e+00
   2.1200000e+02   2.1338500e+00   9.8555600e+00  -1.0000000e+00
   2.1300000e+02  -2.2262900e+00   5.3840700e+00  -1.0000000e+00
   2.1400000e+02   1.5896200e+01   7.0757800e-01  -1.0000000e+00
   2.1500000e+02  -6.3697200e+00  -3.6948100e+00   1.0000000e+00
   2.1600000e+02   8.5730500e+00  -1.4762000e+01   1.0000000e+00
   2.1700000e+02   1.4088500e+00  -1.4008400e+01   1.0000000e+00
   2.1800000e+02   3.2259000e+00   5.8606400e+00  -1.0000000e+00
   2.1900000e+02   7.2862300e+00  -9.4226600e+00   1.0000000e+00
   2.2000000e+02   3.5333000e+00  -1.1096300e+01   1.0000000e+00
   2.2100000e+02   4.1312200e+00   9.3556200e+00  -1.0000000e+00
   2.2200000e+02   1.4067000e+01  -1.3791500e+01   1.0000000e+00
   2.2300000e+02  -4.9931900e+00  -7.0522900e+00   1.0000000e+00
   2.2400000e+02   1.6837600e+01  -8.5633400e+00  -1.0000000e+00
   2.2500000e+02  -7.3230100e+00  -1.2039000e+01   1.0000000e+00
   2.2600000e+02   7.0847000e+00  -1.1507300e+01   1.0000000e+00
   2.2700000e+02  -1.3699000e+01  -2.9724200e+00   1.0000000e+00
   2.2800000e+02   6.4728000e-01  -4.5611600e+00  -1.0000000e+00
   2.2900000e+02  -5.8968100e+00  -1.5370300e+01   1.0000000e+00
   2.3000000e+02  -7.9640100e+00  -5.3853900e-01  -1.0000000e+00
   2.3100000e+02  -1.0263700e+01  -5.4815800e+00   1.0000000e+00
   2.3200000e+02   7.7856700e+00   2.8553300e+00  -1.0000000e+00
   2.3300000e+02   1.4493500e+01   1.2238100e+01  -1.0000000e+00
   2.3400000e+02  -2.2004700e-01   4.8685600e+00  -1.0000000e+00
   2.3500000e+02   9.7700000e+00   2.3083100e+00  -1.0000000e+00
   2.3600000e+02   1.2130100e+01   7.2638100e+00  -1.0000000e+00
   2.3700000e+02   7.4638800e+00  -2.7151400e+00  -1.0000000e+00
   2.3800000e+02   1.6170400e+01   6.2841500e+00  -1.0000000e+00
   2.3900000e+02  -3.0966900e+00   1.4836500e+01  -1.0000000e+00
   2.4000000e+02   1.0138200e+01   7.7756400e+00  -1.0000000e+00
   2.4100000e+02   1.2359300e+01  -1.9269100e-01  -1.0000000e+00
   2.4200000e+02   7.9255100e+00   1.5831600e+01  -1.0000000e+00
   2.4300000e+02  -1.2352700e+00  -5.3789400e+00   1.0000000e+00
   2.4400000e+02  -1.3692100e+00   8.8450100e+00  -1.0000000e+00
   2.4500000e+02   1.0225700e+01  -1.5978400e+01   1.0000000e+00
   2.4600000e+02   1.4366400e+01  -7.0705500e-01  -1.0000000e+00
   2.4700000e+02   1.4683600e+01  -8.1429500e+00  -1.0000000e+00
   2.4800000e+02   9.9297400e+00   1.5297200e+01  -1.0000000e+00
   2.4900000e+02  -1.4068200e+01   1.3911400e+01  -1.0000000e+00
   2.5000000e+02  -8.7884400e+00  -8.7714300e+00   1.0000000e+00
   2.5100000e+02  -7.7265700e+00   4.8884600e+00  -1.0000000e+00
   2.5200000e+02  -1.4262500e+01  -9.2158100e+00   1.0000000e+00
   2.5300000e+02   1.6498100e+00  -1.1972200e+01   1.0000000e+00
   2.5400000e+02  -2.3255000e+00  -1.5796300e+01   1.0000000e+00
   2.5500000e+02  -2.1864500e+00   1.8429700e+01  -1.0000000e+00
   2.5600000e+02   2.3535000e+00  -5.7541100e+00   1.0000000e+00
   2.5700000e+02  -7.1039200e+00  -9.9691500e+00   1.0000000e+00
   2.5800000e+02  -3.9777800e+00   1.1401600e+01  -1.0000000e+00
   2.5900000e+02   4.3676900e+00   1.8390000e+00  -1.0000000e+00
   2.6000000e+02  -8.3639400e+00   6.9087400e+00  -1.0000000e+00
   2.6100000e+02  -5.6372500e+00   1.7546900e+01  -1.0000000e+00
   2.6200000e+02   5.1975400e+00  -1.2327400e+01   1.0000000e+00
   2.6300000e+02  -1.5730600e+01   9.2318100e+00  -1.0000000e+00
   2.6400000e+02   1.4077500e+01  -6.1541800e+00  -1.0000000e+00
   2.6500000e+02  -1.3894900e+01  -5.0604500e+00   1.0000000e+00
   2.6600000e+02   1.0679600e+01   5.7945800e+00  -1.0000000e+00
   2.6700000e+02   3.7870000e+00   3.8313200e+00  -1.0000000e+00
   2.6800000e+02  -1.4647800e+01  -1.3346600e+01   1.0000000e+00
   2.6900000e+02   1.1035100e+01   1.1298700e+01  -1.0000000e+00
   2.7000000e+02   9.0444700e+00   1.1808900e+01  -1.0000000e+00
   2.7100000e+02   5.9400300e+00  -4.2135100e+00  -1.0000000e+00
   2.7200000e+02  -5.0697600e+00   1.5416100e+01  -1.0000000e+00
   2.7300000e+02  -2.6035900e+00  -1.7976600e+01   1.0000000e+00
   2.7400000e+02  -1.2023500e+01   1.3393300e+01  -1.0000000e+00
   2.7500000e+02  -1.0865500e+01   9.4613800e+00  -1.0000000e+00
   2.7600000e+02  -5.6427700e+00  -1.3287900e+01   1.0000000e+00
   2.7700000e+02  -1.9564600e-01   1.7935400e+01  -1.0000000e+00
   2.7800000e+02   9.5629200e+00   9.7926100e+00  -1.0000000e+00
   2.7900000e+02   5.5802800e+00   1.0875100e+01  -1.0000000e+00
   2.8000000e+02   1.8748200e+01   3.6954600e+00  -1.0000000e+00
   2.8100000e+02   1.0064700e+01  -5.1532400e+00  -1.0000000e+00
   2.8200000e+02   7.0156500e+00   1.2338200e+01  -1.0000000e+00
   2.8300000e+02  -1.1368600e+01  -1.5859000e+01   1.0000000e+00
   2.8400000e+02   1.2936700e+01  -2.1825400e+00  -1.0000000e+00
   2.8500000e+02   1.0493300e+01   1.3307600e+01  -1.0000000e+00
   2.8600000e+02  -7.7975700e+00  -1.6234500e+01   1.0000000e+00
   2.8700000e+02  -6.8379500e+00   8.3817500e+00  -1.0000000e+00
   2.8800000e+02  -1.3057300e+01   6.0851600e+00  -1.0000000e+00
   2.8900000e+02   1.5030700e+01   1.0248400e+01  -1.0000000e+00
   2.9000000e+02   1.2253600e+01  -1.2820400e+01   1.0000000e+00
   2.9100000e+02   1.7794200e+01  -5.1645800e+00  -1.0000000e+00
   2.9200000e+02  -6.1631800e+00  -1.6102100e+00  -1.0000000e+00
   2.9300000e+02  -1.6697700e+01   1.5967100e+00  -1.0000000e+00
   2.9400000e+02  -1.6764500e+00  -9.4837600e+00   1.0000000e+00
   2.9500000e+02  -2.5203600e-01  -1.2806700e+01   1.0000000e+00
   2.9600000e+02   2.0838500e-01  -8.6667800e+00   1.0000000e+00
   2.9700000e+02  -1.4086400e+01  -7.1345400e+00   1.0000000e+00
   2.9800000e+02  -3.6763900e+00   1.6913400e+01  -1.0000000e+00
   2.9900000e+02  -2.5140800e+00   1.2853600e+01  -1.0000000e+00
