   0.0000000e+00  -2.7182500e+00   1.5359200e+01   3.1625800e+00  -2.0000000e+00
   1.0000000e+00  -1.8070900e+01  -1.4856000e+00   3.3188900e+01  -1.0000000e+00
   2.0000000e+00   7.2336400e+00   2.5313500e+00   9.2146300e+00  -3.0000000e+00
   3.0000000e+00  -3.1823800e+00  -2.8575600e+00   3.8720400e+01   1.0000000e+00
   4.0000000e+00  -4.5327100e+00  -1.5776900e+01   2.5794300e+01  -2.0000000e+00
   5.0000000e+00   2.9014800e+00  -1.6434400e+01   3.8433100e+01  -2.0000000e+00
   6.0000000e+00   6.7899100e+00   8.7822200e+00   3.4099600e+00   2.0000000e+00
   7.0000000e+00  -1.0425100e+01  -1.1011200e+01   3.7394800e+01   1.0000000e+00
   8.0000000e+00  -1.6018500e+01  -2.9573200e-01   3.0651500e+01  -2.0000000e+00
   9.0000000e+00   3.1912800e+00   8.4739700e+00   4.4385400e+00   2.0000000e+00
   1.0000000e+01   7.0568800e+00   4.6184100e+00   4.3260000e+00   2.0000000e+00
   1.1000000e+01   1.4772300e-01  -4.1258400e+00   3.8166700e+01   1.0000000e+00
   1.2000000e+01  -1.0849300e+01   3.3001000e+00   5.0859700e+00   2.0000000e+00
   1.3000000e+01   3.1533700e+00  -1.1005100e+01   3.8117300e+01   1.0000000e+00
   1.4000000e+01   1.6371200e+01  -7.2453100e+00   5.3106600e+01  -1.0000000e+00
   1.5000000e+01  -6.3556100e-01  -6.0903300e+00   3.8424100e+01   1.0000000e+00
   1.6000000e+01   1.2151000e+01   1.0199200e+01   2.5796500e+00  -2.0000000e+00
   1.7000000e+01  -6.4810400e+00   1.7195600e+01   5.2752400e+00  -1.0000000e+00
   1.8000000e+01   1.6748400e+01  -1.7266600e+00   3.6830800e+01  -2.0000000e+00
   1.9000000e+01  -1.1412300e+01  -3.8767700e+00   2.1025900e+01  -3.0000000e+00
   2.0000000e+01  -3.4691500e+00  -8.3182100e+00   3.7915700e+01   1.0000000e+00
   2.1000000e+01   8.0163400e+00  -8.4294600e+00   3.8245500e+01   1.0000000e+00
   2.2000000e+01   5.2241400e+00   5.5402000e+00   4.3103900e+00   2.0000000e+00
   2.3000000e+01   8.8172000e-01   1.5574200e+01   4.0973000e+00   2.0000000e+00
   2.4000000e+01  -2.4956700e+00  -1.5446000e+01   3.7958700e+01  -2.0000000e+00
   2.5000000e+01  -8.1541900e+00   1.6011900e+01   1.9075100e+01  -1.0000000e+00
   2.6000000e+01  -5.8296900e+00  -1.4094200e+01   3.8466100e+01  -2.0000000e+00
   2.7000000e+01   6.2274600e+00   1.7060900e+01   4.2198200e+00  -1.0000000e+00
   2.8000000e+01   1.0142200e+01  -8.1250300e+00   3.8743100e+01   1.0000000e+00
   2.9000000e+01  -1.2878500e+01   6.2287100e+00   4.8706100e+00   2.0000000e+00
   3.0000000e+01  -1.3065600e+01   8.3013800e+00   4.2230100e+00   2.0000000e+00
   3.1000000e+01   3.0720300e+00   1.0557800e+01   4.0585500e+00   2.0000000e+00
   3.2000000e+01   1.7823400e+01   1.4120700e-01   5.3092600e+01  -1.0000000e+00
   3.3000000e+01  -6.8096400e+00  -6.9518000e+00   3.7047400e+01   1.0000000e+00
   3.4000000e+01  -5.1494700e-01   1.0313800e+01   4.1836400e+00   2.0000000e+00
   3.5000000e+01  -4.4824200e+00  -1.2464100e+00   1.9675600e+01  -3.0000000e+00
   3.6000000e+01   1.0429000e+01  -2.6751200e+00   3.8593500e+01   1.0000000e+00
   3.7000000e+01   1.6027900e+01   6.1185200e+00  -2.8085100e+00  -2.0000000e+00
   3.8000000e+01  -1.6459700e+01  -6.1000200e+00   3.4762800e+01  -2.0000000e+00
   3.9000000e+01   8.9293400e+00   3.7178500e+00   1.6149800e+01  -3.0000000e+00
   4.0000000e+01   1.4093600e+01   1.4467900e+00   3.4482900e+01  -3.0000000e+00
   4.1000000e+01  -8.6594600e+00  -1.6350900e+01   3.8162400e+01  -1.0000000e+00
   4.2000000e+01  -1.2700200e+00  -1.7107100e+01   2.5604700e+01  -2.0000000e+00
   4.3000000e+01   9.8785400e+00   9.5329800e-01   5.0118000e+01  -3.0000000e+00
   4.4000000e+01  -2.4316400e+00   1.1223400e+01   4.1898500e+00   2.0000000e+00
   4.5000000e+01   9.8638900e+00  -1.3657300e+01   3.8748100e+01  -2.0000000e+00
   4.6000000e+01  -6.1710600e+00   1.3074500e+01   4.2507100e+00   2.0000000e+00
   4.7000000e+01  -3.8106900e+00   5.9626300e+00   4.3078800e+00   2.0000000e+00
   4.8000000e+01   1.7226800e-01   1.9703300e+00   3.0560300e+01  -3.0000000e+00
   4.9000000e+01  -5.8392600e+00   8.8810100e+00   4.6291500e+00   2.0000000e+00
   5.0000000e+01  -7.4125500e+00   5.6375900e+00   4.1873000e+00   2.0000000e+00
   5.1000000e+01  -2.1856900e-01   6.1634600e+00   3.5514300e+00   2.0000000e+00
   5.2000000e+01   7.3766300e-01   1.7644400e+01   1.6333000e+01  -2.0000000e+00
   5.3000000e+01  -1.1499500e+01   1.1614300e+01   4.7250600e+00   2.0000000e+00
   5.4000000e+01  -2.6966800e+00  -6.4134800e+00   3.8124800e+01   1.0000000e+00
   5.5000000e+01  -1.0991200e+01  -7.3978100e+00   3.7230800e+01   1.0000000e+00
   5.6000000e+01  -3.9606100e+00  -4.7788900e+00   3.7877400e+01   1.0000000e+00
   5.7000000e+01   4.7948300e+00   1.1735100e+01   4.2570600e+00   2.0000000e+00
   5.8000000e+01   1.2248100e+01   8.1006900e+00   2.6146400e+00   2.0000000e+00
   5.9000000e+01   6.7577900e+00  -6.7907500e+00   3.7618300e+01   1.0000000e+00
   6.0000000e+01  -3.7746600e+00  -1.3823300e+01   3.8272800e+01   1.0000000e+00
   6.1000000e+01  -1.1209500e+00  -2.4989700e+00   3.7866700e+01   1.0000000e+00
   6.2000000e+01  -1.3471400e+01  -3.7941100e+00   3.1435100e+01  -3.0000000e+00
   6.3000000e+01  -9.9283300e+00   1.4865700e+01   1.8461800e+01  -1.0000000e+00
   6.4000000e+01   1.7163900e+01   3.7391400e+00   3.6045000e+01  -2.0000000e+00
   6.5000000e+01  -8.3868900e+00  -1.0762800e+01   3.7187300e+01   1.0000000e+00
   6.6000000e+01  -4.1391400e+00   1.0082500e+01   4.5038900e+00   2.0000000e+00
   6.7000000e+01   1.4958700e+00   7.3097200e+00   4.2684000e+00   2.0000000e+00
   6.8000000e+01  -1.1763500e+01  -9.3191200e+00   3.8216400e+01   1.0000000e+00
   6.9000000e+01   1.1726700e+01  -4.2720300e+00   3.8226700e+01   1.0000000e+00
   7.0000000e+01   4.6875000e+00  -7.0886800e+00   3.7947000e+01   1.0000000e+00
   7.1000000e+01   7.5507800e+00  -4.8880700e+00   3.7647700e+01   1.0000000e+00
   7.2000000e+01  -4.2511900e+00  -1.0236000e+01   3.7652700e+01   1.0000000e+00
   7.3000000e+01   8.0805800e+00   1.6141300e+01   4.5252100e+00  -1.0000000e+00
   7.4000000e+01   5.7189300e+00  -1.4244800e+01   3.8334600e+01   1.0000000e+00
   7.5000000e+01   1.0262000e+01   1.1114800e+01   3.8563200e+00   2.0000000e+00
   7.6000000e+01   1.2215900e+01  -7.8125400e+00   3.8570100e+01   1.0000000e+00
   7.7000000e+01   3.1572600e-01  -1.3220700e+01   3.8170900e+01   1.0000000e+00
   7.8000000e+01  -2.5935900e+00   1.3301400e+01   3.7081600e+00   2.0000000e+00
   7.9000000e+01  -1.3095400e+01  -7.6925700e+00   3.7230800e+01   1.0000000e+00
   8.0000000e+01  -8.9781200e+00   2.4273400e+00   4.9110800e+00   2.0000000e+00
   8.1000000e+01  -7.2912800e+00  -3.3622900e+00   3.7921800e+01  -3.0000000e+00
   8.2000000e+01   1.2748900e+01   3.6402900e+00   2.4321300e+01  -3.0000000e+00
   8.3000000e+01   7.0153300e+00  -1.5930000e+01   4.9144800e+01  -2.0000000e+00
   8.4000000e+01   1.1843200e+01   1.4335700e+01   4.2964100e+00  -1.0000000e+00
   8.5000000e+01   5.6399300e+00   9.6916900e-01   1.9216800e+01  -3.0000000e+00
   8.6000000e+01  -1.7650200e+01  -3.9246800e+00   4.1884800e+00  -1.0000000e+00
   8.7000000e+01  -1.1245100e+01  -1.2971600e+01   3.6516800e+01  -2.0000000e+00
   8.8000000e+01   1.1174100e+01  -1.5242800e+01   3.9296600e+01  -1.0000000e+00
   8.9000000e+01   5.3828100e+00   3.4157400e+00   5.4952800e+00  -3.0000000e+00
   9.0000000e+01   1.3260100e+01  -4.5100400e-01   3.6832000e+01   1.0000000e+00
   9.1000000e+01   1.2977200e+01  -5.8993700e+00   3.7804000e+01   1.0000000e+00
   9.2000000e+01   2.9204300e+00   1.2617600e+01   4.2496800e+00   2.0000000e+00
   9.3000000e+01  -9.6715600e+00  -9.0858400e+00   3.7373500e+01   1.0000000e+00
   9.4000000e+01   9.6128500e+00  -4.6112000e+00   3.8369700e+01   1.0000000e+00
   9.5000000e+01  -2.1976700e+00  -9.9429400e+00   3.7629700e+01   1.0000000e+00
   9.6000000e+01   1.8166600e+01   5.5454200e+00   5.2981900e+01  -1.0000000e+00
   9.7000000e+01   9.1679600e-01  -2.1985400e+00   2.3710100e+01  -3.0000000e+00
   9.8000000e+01  -1.6189600e-01  -9.6503600e+00   3.8107500e+01   1.0000000e+00
   9.9000000e+01   1.3378100e+00   9.3953900e+00   3.9693400e+00   2.0000000e+00
   1.0000000e+02  -9.4154000e+00   8.6088100e+00   4.7062100e+00   2.0000000e+00
   1.0100000e+02   4.4713600e+00   1.5858300e+01   4.3877800e+00  -2.0000000e+00
   1.0200000e+02   8.4017000e+00   1.2006900e+01   4.5675000e+00   2.0000000e+00
   1.0300000e+02  -3.6655300e+00   3.9144900e+00   4.3442700e+00   2.0000000e+00
   1.0400000e+02   1.5901600e+01  -3.6693800e+00   3.8129400e+01  -2.0000000e+00
   1.0500000e+02   1.9058500e+00   8.6047700e-01   4.9621000e+01  -3.0000000e+00
   1.0600000e+02  -6.6034000e+00  -1.6099100e+01   3.8096900e+01  -1.0000000e+00
   1.0700000e+02  -8.0441700e+00   1.3944200e+01   3.8620600e+00  -2.0000000e+00
   1.0800000e+02   1.4210400e+01   5.0743500e+00   8.9909000e+00  -3.0000000e+00
   1.0900000e+02   1.1955700e+00   1.1470200e+01   4.1302500e+00   2.0000000e+00
   1.1000000e+02   1.2714400e+01  -1.1394400e+01   3.7285400e+01  -2.0000000e+00
   1.1100000e+02   1.4552800e+01  -2.0708700e+00   3.8350400e+01   1.0000000e+00
   1.1200000e+02  -1.1642700e+01   1.3724300e+01   1.6727900e+01  -2.0000000e+00
   1.1300000e+02   1.2042300e+01   1.2257600e+01   3.3846600e+00  -2.0000000e+00
   1.1400000e+02  -9.2880500e+00   6.5616400e+00   4.2730600e+00   2.0000000e+00
   1.1500000e+02  -9.8058300e+00   1.2798200e+01   3.8504700e+00  -2.0000000e+00
   1.1600000e+02  -1.6153500e+00   9.4148200e-01   1.9746600e+01  -3.0000000e+00
   1.1700000e+02  -9.3329100e+00  -3.6231300e+00   4.9314100e+01  -3.0000000e+00
   1.1800000e+02  -6.0378800e+00  -5.0456600e+00   3.7226000e+01   1.0000000e+00
   1.1900000e+02  -5.2272100e+00   6.7483300e-01   1.0870900e+01  -3.0000000e+00
   1.2000000e+02  -8.7889600e+00   3.4425600e-01   4.8089000e+00   2.0000000e+00
   1.2100000e+02  -4.4790700e-01  -1.5155800e+01   3.8111600e+01   1.0000000e+00
   1.2200000e+02  -1.4305800e+01  -5.9908500e+00   3.5687600e+01   1.0000000e+00
   1.2300000e+02   9.9559500e+00   1.5291600e+01   4.7863000e+00  -1.0000000e+00
   1.2400000e+02  -3.4990500e+00   1.8181800e+00   1.6296400e+01  -3.0000000e+00
   1.2500000e+02   1.3225400e+01  -1.5027200e+01   3.6713900e+01  -1.0000000e+00
   1.2600000e+02  -5.6760700e+00   6.8207000e+00   4.5788100e+00   2.0000000e+00
   1.2700000e+02  -3.9758800e+00   8.0209500e+00   4.5032300e+00   2.0000000e+00
   1.2800000e+02   1.4289300e+01  -7.5271400e+00   3.8298200e+01  -2.0000000e+00
   1.2900000e+02   4.1973900e+00  -1.8100200e+01   3.8510300e+01  -1.0000000e+00
   1.3000000e+02   1.8524500e+01   2.1008100e+00   4.0989700e+01  -1.0000000e+00
   1.3100000e+02   1.5093700e+01  -5.6092800e+00   3.7952400e+01  -2.0000000e+00
   1.3200000e+02  -1.4299100e+01  -1.4529500e+00   5.3577700e+00  -3.0000000e+00
   1.3300000e+02  -4.5862600e+00   1.6323900e+01   1.5621100e+01  -2.0000000e+00
   1.3400000e+02   1.8917500e+00  -9.3384400e+00   3.8179000e+01   1.0000000e+00
   1.3500000e+02   1.1195000e+01  -6.5730100e-01   3.7773400e+01   1.0000000e+00
   1.3600000e+02   1.0500600e+01   6.9884100e+00   4.1334300e+00   2.0000000e+00
   1.3700000e+02  -1.0133300e+01  -5.5209300e+00   3.6923800e+01   1.0000000e+00
   1.3800000e+02   1.5607500e-02  -3.2385600e-01   4.5411300e+01  -3.0000000e+00
   1.3900000e+02   8.5493900e+00   9.9382500e+00   3.8521900e+00   2.0000000e+00
   1.4000000e+02   3.5367200e+00   4.3669700e+00   5.6320800e+00   2.0000000e+00
   1.4100000e+02  -7.9152300e+00   1.1858700e+01   4.1663600e+00   2.0000000e+00
   1.4200000e+02   7.2344300e+00  -1.0383300e+01   3.8301800e+01   1.0000000e+00
   1.4300000e+02   1.5383100e+01  -1.8014700e-01   3.6950100e+01  -2.0000000e+00
   1.4400000e+02   1.1958200e+01  -1.3311400e+01   3.7756200e+01  -2.0000000e+00
   1.4500000e+02   3.9223800e+00  -9.0253500e+00   3.8335900e+01   1.0000000e+00
   1.4600000e+02   1.0655900e+01  -1.1670100e+01   3.8052000e+01   1.0000000e+00
   1.4700000e+02  -6.0052900e+00   1.0951700e+01   4.5781200e+00   2.0000000e+00
   1.4800000e+02  -4.2878100e+00   1.2151300e+01   4.2247200e+00   2.0000000e+00
   1.4900000e+02  -3.6380400e-01   8.2246900e+00   3.7681100e+00   2.0000000e+00
   1.5000000e+02  -9.6281400e+00   1.0723200e+01   4.7464600e+00   2.0000000e+00
   1.5100000e+02  -1.5130800e+01   1.1335700e+01   4.6358200e+00  -1.0000000e+00
   1.5200000e+02   1.4791900e+01  -1.1127500e+01   5.2106400e+01  -1.0000000e+00
   1.5300000e+02  -5.2371800e+00  -3.1528500e+00   3.6351900e+01   1.0000000e+00
   1.5400000e+02   1.3940800e+01   1.1262400e+01  -1.2808100e+01  -1.0000000e+00
   1.5500000e+02  -1.6707800e+01   7.9850800e+00   5.0462800e+00  -1.0000000e+00
   1.5600000e+02  -7.1452500e+00  -1.2443500e+01   3.7735800e+01   1.0000000e+00
   1.5700000e+02  -1.2380900e+01   2.5234600e-02   4.2903400e+00  -3.0000000e+00
   1.5800000e+02  -1.3634200e+01   1.4545900e+01  -2.2474200e+01  -1.0000000e+00
   1.5900000e+02  -1.2531000e+01   2.1060600e+00   5.0601100e+00   2.0000000e+00
   1.6000000e+02   7.7844100e+00  -1.3928300e+01   3.8039300e+01  -2.0000000e+00
   1.6100000e+02  -9.5744000e-01  -1.1608500e+01   3.7959000e+01   1.0000000e+00
   1.6200000e+02   5.0667100e+00   7.6237300e+00   4.4442500e+00   2.0000000e+00
   1.6300000e+02  -8.4168100e-01   1.4416500e+01   3.7343500e+00   2.0000000e+00
   1.6400000e+02   6.4643600e+00  -1.2336000e+01   3.8487000e+01   1.0000000e+00
   1.6500000e+02  -1.1011600e+01   5.3664800e+00   4.8150400e+00   2.0000000e+00
   1.6600000e+02   1.0400500e+01   9.0561100e+00   3.6094600e+00   2.0000000e+00
   1.6700000e+02   4.9254800e+00   9.6783800e+00   4.0485500e+00   2.0000000e+00
   1.6800000e+02   8.2216400e-01  -1.6778200e+01   3.7858500e+01  -2.0000000e+00
   1.6900000e+02  -7.5176800e-02  -1.8821300e+01   3.6424500e+01  -1.0000000e+00
   1.7000000e+02   2.1811300e+00  -3.8448200e+00   3.7961600e+01   1.0000000e+00
   1.7100000e+02   6.2916300e+00  -3.2634700e+00   3.7554800e+01   1.0000000e+00
   1.7200000e+02  -1.7977900e+01   6.5301900e-01   3.2050300e+01  -1.0000000e+00
   1.7300000e+02   8.5455700e+00  -1.2006600e+01   3.8476000e+01   1.0000000e+00
   1.7400000e+02   4.3275100e+00   1.7936400e+01   4.7637900e+00  -1.0000000e+00
   1.7500000e+02   1.2385700e+01   6.0402700e+00   4.0719200e+00   2.0000000e+00
   1.7600000e+02  -1.2332700e+01  -2.0397000e+00   1.3862900e+01  -3.0000000e+00
   1.7700000e+02  -1.4316000e+01   8.7281000e-01   3.8052400e+00   2.0000000e+00
   1.7800000e+02   5.5077000e+00  -5.1697400e+00   3.7772200e+01   1.0000000e+00
   1.7900000e+02  -1.6168000e+01   1.8022500e+00   3.4441400e+00  -2.0000000e+00
   1.8000000e+02  -2.0909800e+00   7.1081500e+00   3.5686300e+00   2.0000000e+00
   1.8100000e+02  -3.0153400e+00  -1.1878700e+01   3.7621600e+01   1.0000000e+00
   1.8200000e+02  -1.2091700e+01  -1.4851700e+01   3.6634500e+01  -1.0000000e+00
   1.8300000e+02  -5.5361500e+00   4.7831700e+00   4.7784400e+00   2.0000000e+00
   1.8400000e+02  -6.3271600e+00  -1.0508400e+01   3.7595400e+01   1.0000000e+00
   1.8500000e+02   3.7979100e+00   3.0349200e-02   1.5397900e+01  -3.0000000e+00
   1.8600000e+02   1.0930400e+01  -6.1786000e+00   3.8519500e+01   1.0000000e+00
   1.8700000e+02   1.7183400e+01  -5.3091900e+00   5.2493300e+01  -1.0000000e+00
   1.8800000e+02  -1.1309300e+01   9.4977000e+00   4.8005200e+00   2.0000000e+00
   1.8900000e+02   1.0132000e+01   1.3192300e+01   4.3560800e+00  -2.0000000e+00
   1.9000000e+02   6.3609900e+00   1.4942900e+01   4.1463900e+00  -2.0000000e+00
   1.9100000e+02   8.8312100e+00  -6.5419000e+00   3.8107900e+01   1.0000000e+00
   1.9200000e+02   1.0322700e+00   1.3532700e+01   4.1452000e+00   2.0000000e+00
   1.9300000e+02   1.2055100e+01   1.2063900e+00   3.7857700e+01   1.0000000e+00
   1.9400000e+02   1.5636200e+01  -9.2100900e+00   5.2817600e+01  -1.0000000e+00
   1.9500000e+02  -1.4603400e+01   5.0375500e+00   4.9637700e+00  -2.0000000e+00
   1.9600000e+02   9.1371200e+00  -1.0330400e+00   3.8994900e+01   1.0000000e+00
   1.9700000e+02   8.2264000e+00   1.4054000e+01   4.8181400e+00  -2.0000000e+00
   1.9800000e+02  -4.6187900e-02   4.0419300e+00   3.4857700e+00   2.0000000e+00
   1.9900000e+02  -5.0779300e+00  -1.2149100e+01   3.7709300e+01   1.0000000e+00
   2.0000000e+02  -1.6196200e+01  -2.3456200e+00   4.2745300e+01  -2.0000000e+00
   2.0100000e+02  -1.2717500e+01   4.1625300e+00   5.1276800e+00   2.0000000e+00
   2.0200000e+02  -1.4653600e+01  -1.1529000e+01   3.6651500e+01  -1.0000000e+00
   2.0300000e+02   4.6313500e+00   1.3798800e+01   4.3534100e+00   2.0000000e+00
   2.0400000e+02  -8.8674700e+00  -7.1703000e+00   3.6854900e+01   1.0000000e+00
   2.0500000e+02  -1.7113000e+01  -8.4512700e+00   7.5123800e+01  -1.0000000e+00
   2.0600000e+02   8.6322800e+00   7.8309800e+00   3.7819400e+00   2.0000000e+00
   2.0700000e+02  -1.4092100e+00  -8.0244000e+00   3.8137800e+01   1.0000000e+00
   2.0800000e+02  -7.8894200e+00  -1.4433000e+01   3.8023200e+01  -2.0000000e+00
   2.0900000e+02   8.3356700e+00  -2.9942000e+00   3.7849700e+01   1.0000000e+00
   2.1000000e+02  -1.9096100e+00  -4.4667000e+00   3.8445300e+01   1.0000000e+00
   2.1100000e+02   1.6382800e+01   1.6084300e+00   3.8347500e+01  -2.0000000e+00
   2.1200000e+02  -7.5621000e+00   7.7312300e+00   4.2888600e+00   2.0000000e+00
   2.1300000e+02  -9.7708100e-01   1.6477300e+01   3.7043400e+00  -2.0000000e+00
   2.1400000e+02  -1.1268500e+00   1.8563600e+01   3.8387600e+00  -1.0000000e+00
   2.1500000e+02  -7.7389800e+00   9.7883100e+00   4.4858000e+00   2.0000000e+00
   2.1600000e+02   1.3564900e+01  -9.4598600e+00   3.7652800e+01  -2.0000000e+00
   2.1700000e+02   4.9693600e+00  -1.6160900e+01   3.7664400e+01  -2.0000000e+00
   2.1800000e+02  -1.1161000e+01   7.4187200e+00   4.6317900e+00   2.0000000e+00
   2.1900000e+02   6.2329100e+00  -1.7857800e+01   3.7124400e+01  -1.0000000e+00
   2.2000000e+02   1.4128800e+01   7.1278500e+00   2.2820300e+00  -2.0000000e+00
   2.2100000e+02   1.0776000e+01   2.8171500e+00   1.4295500e+01  -3.0000000e+00
   2.2200000e+02   7.0918900e+00  -1.3651900e+00   4.9927500e+01   1.0000000e+00
   2.2300000e+02  -1.8132100e+01   2.7976800e+00   2.5411600e+00  -1.0000000e+00
   2.2400000e+02  -2.2313000e+00   9.1668500e+00   4.0176100e+00   2.0000000e+00
   2.2500000e+02   1.1149600e+00  -1.1261100e+01   3.7941500e+01   1.0000000e+00
   2.2600000e+02   9.3821800e+00  -1.0048100e+01   3.8469600e+01   1.0000000e+00
   2.2700000e+02  -7.0998100e+00   1.5191300e+00   6.1323100e+00   2.0000000e+00
   2.2800000e+02  -8.5635300e+00  -1.7040400e+00   1.6398800e+01  -3.0000000e+00
   2.2900000e+02  -5.3478600e+00   2.7339700e+00   4.6536200e+00   2.0000000e+00
   2.3000000e+02   2.7731100e+00   1.4670400e+01   4.2938600e+00   2.0000000e+00
   2.3100000e+02  -7.2659500e+00   3.5930400e+00   4.5985700e+00   2.0000000e+00
   2.3200000e+02   1.4016600e+01  -1.3098500e+01   5.2378800e+01  -1.0000000e+00
   2.3300000e+02   2.6211000e+00   1.6745000e+01   4.5814200e+00  -2.0000000e+00
   2.3400000e+02  -1.5465000e+01  -4.2740900e+00   1.8133300e+01  -2.0000000e+00
   2.3500000e+02  -4.4619100e+00   1.4219500e+01   3.6855600e+00   2.0000000e+00
   2.3600000e+02   1.1483900e+01  -9.7398700e+00   3.8058700e+01   1.0000000e+00
   2.3700000e+02  -1.4796900e+01   7.1209800e+00   4.6898000e+00  -2.0000000e+00
   2.3800000e+02  -1.0651400e+01   1.1981000e+00   4.7973100e+00   2.0000000e+00
   2.3900000e+02  -9.2052000e+00  -1.2686400e+01   3.7022400e+01   1.0000000e+00
   2.4000000e+02  -1.7325700e+00  -1.3517300e+01   3.8204300e+01   1.0000000e+00
   2.4100000e+02  -1.2496500e+01  -1.1268800e+01   3.7160700e+01  -2.0000000e+00
   2.4200000e+02   6.5133600e+00   1.2887900e+01   4.4089300e+00   2.0000000e+00
   2.4300000e+02  -6.2928400e+00   1.5148300e+01   4.3163700e+00  -2.0000000e+00
   2.4400000e+02  -1.2254100e+01  -5.7661300e+00   3.5777200e+01   1.0000000e+00
   2.4500000e+02   4.2062400e+00  -3.5445400e+00   3.7773000e+01   1.0000000e+00
   2.4600000e+02  -1.9628000e+00   5.0567100e+00   3.3302800e+00   2.0000000e+00
   2.4700000e+02  -6.5463900e+00  -9.3072800e-01   2.5636400e+01  -3.0000000e+00
   2.4800000e+02   1.5122500e+01   3.2239700e+00   1.9669000e+01  -3.0000000e+00
   2.4900000e+02   1.3795800e+01  -4.0132100e+00   3.8236400e+01   1.0000000e+00
   2.5000000e+02  -2.8484800e+00   1.7417400e+01   1.8195800e+01  -1.0000000e+00
   2.5100000e+02   3.4548500e+00  -5.4565900e+00   3.7970100e+01   1.0000000e+00
   2.5200000e+02   6.1914100e-01  -7.7130300e+00   3.8195700e+01   1.0000000e+00
   2.5300000e+02  -1.3842700e+01  -9.6032800e+00   3.7948600e+01  -2.0000000e+00
   2.5400000e+02   2.6464200e+00  -7.4237000e+00   3.8194600e+01   1.0000000e+00
   2.5500000e+02   2.0853400e+00  -1.8513600e+01   3.8450300e+01  -1.0000000e+00
   2.5600000e+02   2.4180200e+00   1.8830300e+01   5.2294800e+00  -1.0000000e+00
   2.5700000e+02  -1.3366700e+01   1.2504700e+01   5.0445800e+00  -2.0000000e+00
   2.5800000e+02   1.9327800e+00   3.0335900e+00   3.3815700e+01   2.0000000e+00
   2.5900000e+02  -2.4493600e+00  -9.3954300e-01   5.1641300e+01  -3.0000000e+00
   2.6000000e+02  -1.3203500e+01   1.0406100e+01   4.3890100e+00  -2.0000000e+00
   2.6100000e+02  -1.4445600e+01   2.9259600e+00   4.5404800e+00   2.0000000e+00
   2.6200000e+02   5.0346800e+00  -1.6303400e+00   2.5039500e+01   1.0000000e+00
   2.6300000e+02   7.8490200e+00   5.6332500e-01   1.9059200e+01  -3.0000000e+00
   2.6400000e+02   1.0700900e+01   4.8763100e+00   3.1962200e+00   2.0000000e+00
   2.6500000e+02   5.1884700e+00  -1.0661600e+01   3.8139100e+01   1.0000000e+00
   2.6600000e+02  -7.6247700e+00  -8.8507900e+00   3.7216800e+01   1.0000000e+00
   2.6700000e+02  -1.8119800e+00   2.9890400e+00   3.5861300e+00   2.0000000e+00
   2.6800000e+02  -4.7511700e+00  -6.6869300e+00   3.7537200e+01   1.0000000e+00
   2.6900000e+02  -1.6332300e+01   3.8530700e+00   3.8429100e+00  -2.0000000e+00
   2.7000000e+02   1.3820900e+01   1.3406200e+01   3.6266300e+00  -1.0000000e+00
   2.7100000e+02   9.0677800e+00  -1.5756800e+01   3.8209300e+01  -1.0000000e+00
   2.7200000e+02  -1.6547600e+01   5.9011300e+00  -9.6711600e+00  -1.0000000e+00
   2.7300000e+02  -1.5140500e+01  -7.8940100e+00   2.6251400e+01  -2.0000000e+00
   2.7400000e+02   2.3628700e+00  -1.2931800e+01   3.8084200e+01   1.0000000e+00
   2.7500000e+02  -6.9117300e-01   1.2367400e+01   4.1509800e+00   2.0000000e+00
   2.7600000e+02   1.5884800e+00  -1.4839400e+01   3.8523800e+01   1.0000000e+00
   2.7700000e+02   1.8015500e+01  -3.3913200e+00   3.7105000e+01  -1.0000000e+00
   2.7800000e+02   3.7828700e+00   2.0823500e+00   3.5483000e+00  -3.0000000e+00
   2.7900000e+02  -1.0032600e+01  -1.4678200e+01   2.4711900e+01  -2.0000000e+00
   2.8000000e+02   1.5896500e+01   8.2370600e+00   2.8533700e+00  -1.0000000e+00
   2.8100000e+02  -8.0895900e+00  -5.2701100e+00   3.7099200e+01   1.0000000e+00
   2.8200000e+02   8.7756200e+00   5.7756000e+00   4.2951800e+00   2.0000000e+00
   2.8300000e+02   6.6921300e+00   1.0825700e+01   4.0311700e+00   2.0000000e+00
   2.8400000e+02   3.6787300e+00  -1.4533200e+01   3.8434900e+01   1.0000000e+00
   2.8500000e+02   4.4286000e+00  -1.2615400e+01   3.8444300e+01   1.0000000e+00
   2.8600000e+02   1.4031900e+01   9.1910700e+00  -9.7284700e+00  -2.0000000e+00
   2.8700000e+02   1.3891100e+00  -5.7572600e+00   3.7990000e+01   1.0000000e+00
   2.8800000e+02  -1.3432000e+01  -1.3216100e+01   2.1490000e+01  -1.0000000e+00
   2.8900000e+02  -9.1424700e+00   4.4977600e+00   4.3905400e+00   2.0000000e+00
   2.9000000e+02   5.9733800e+00  -8.7458200e+00   3.7972300e+01   1.0000000e+00
   2.9100000e+02  -3.3506400e+00  -1.7497900e+01   3.7499700e+01  -1.0000000e+00
   2.9200000e+02   6.9163900e+00   6.7031800e+00   3.6962500e+00   2.0000000e+00
   2.9300000e+02   1.6672400e+00   5.2126500e+00   5.0353700e+00   2.0000000e+00
   2.9400000e+02  -1.4906800e+01   9.2497200e+00   4.2167200e+00  -2.0000000e+00
   2.9500000e+02  -5.5778000e+00  -8.5930900e+00   3.7599900e+01   1.0000000e+00
   2.9600000e+02  -1.0524500e+01  -9.5473400e-01   1.6481800e+01  -3.0000000e+00
   2.9700000e+02   2.9686000e+00  -1.8838600e+00   4.9421500e+01  -3.0000000e+00
   2.9800000e+02   3.3681400e+00   6.4190400e+00   4.9213500e+00   2.0000000e+00
   2.9900000e+02   1.2461100e+01  -2.3442900e+00   3.8083000e+01   1.0000000e+00
