   0.0000000e+00  -5.8487500e+00   1.4024900e-01   2.9879500e+01   1.0000000e+00
   1.0000000e+00  -1.1322500e+01  -8.0680200e-01  -6.0189100e-01   1.0000000e+00
   2.0000000e+00  -1.4992100e+01  -7.3262900e-01   2.9850100e+01  -2.0000000e+00
   3.0000000e+00  -4.3155000e+00  -1.7665000e+01   5.9415600e+01  -1.0000000e+00
   4.0000000e+00  -1.6304900e+01   8.7413900e+00   4.7704900e+01  -1.0000000e+00
   5.0000000e+00  -6.3017400e-01  -1.3515800e+01   5.9168700e+01   1.0000000e+00
   6.0000000e+00   1.3890300e+01  -5.5315500e+00   5.8732500e+01   1.0000000e+00
   7.0000000e+00   1.0337700e+01   5.2436500e+00   4.2548700e+00  -3.0000000e+00
   8.0000000e+00   6.3349200e+00   1.6808700e+01   3.0348000e+01  -1.0000000e+00
   9.0000000e+00  -8.9743800e-01   1.4998100e+01   3.0520800e+01  -2.0000000e+00
   1.0000000e+01   1.0463800e+01   2.8454300e+00   2.9397400e+01   1.0000000e+00
   1.1000000e+01   1.7690900e+01   5.6768100e-01   7.2911100e+01  -1.0000000e+00
   1.2000000e+01   1.2676700e-01   9.6033100e+00   4.2599500e+01   2.0000000e+00
   1.3000000e+01  -2.2320800e+00   6.6136600e-02   2.9933700e+01   1.0000000e+00
   1.4000000e+01  -2.3170800e+00  -8.2462200e+00   7.0887100e+01   0.0000000e+00
   1.5000000e+01   2.9069500e+00  -1.7758100e+01   5.9350700e+01  -1.0000000e+00
   1.6000000e+01   4.2330500e+00   9.5606400e+00   2.9626000e+01   2.0000000e+00
   1.7000000e+01  -1.1140300e+01   7.6592400e+00   3.5203300e+01  -3.0000000e+00
   1.8000000e+01   4.9353200e+00  -4.2081100e+00   5.8261700e+01   1.0000000e+00
   1.9000000e+01  -1.3127500e+01  -1.0112700e+01   2.9509200e+01   1.0000000e+00
   2.0000000e+01   1.2047900e+01  -1.0663400e+01   2.8681700e+01   1.0000000e+00
   2.1000000e+01   6.2202400e+00   5.8843900e+00   4.1220300e+01  -3.0000000e+00
   2.2000000e+01   1.2300800e+01   1.7523700e+00   5.8904600e+01   1.0000000e+00
   2.3000000e+01   4.9623000e+00  -2.1300900e+00   5.8526700e+01   1.0000000e+00
   2.4000000e+01   8.2878000e+00   5.9464800e+00   1.0068000e+01  -3.0000000e+00
   2.5000000e+01  -2.4191300e+00  -1.2391600e+01   5.8637700e+01   1.0000000e+00
   2.6000000e+01  -9.5024600e+00  -8.1277200e+00   2.9194000e+01   1.0000000e+00
   2.7000000e+01  -5.0861000e-01   3.3792300e+00   2.3513600e+01  -3.0000000e+00
   2.8000000e+01  -4.2358200e-01   1.1144400e+00   3.0953900e+01  -3.0000000e+00
   2.9000000e+01   1.2091400e+00  -1.0397100e+01   7.0640700e+01   0.0000000e+00
   3.0000000e+01  -1.6781200e+01  -1.8115800e+00  -1.3475400e+01  -1.0000000e+00
   3.1000000e+01  -2.2739600e+00  -6.1461000e+00   5.9151300e+01   1.0000000e+00
   3.2000000e+01  -4.0606800e+00   1.1791900e+00   1.1424500e+01  -3.0000000e+00
   3.3000000e+01   1.5644000e+01  -1.0793300e+01   5.8631800e+01  -1.0000000e+00
   3.4000000e+01   2.9883700e+00  -1.3571000e+01   2.9089400e+01   1.0000000e+00
   3.5000000e+01   8.3336600e+00  -1.4662200e+01   5.8876100e+01  -2.0000000e+00
   3.6000000e+01   6.7781300e+00  -1.1483200e+00   5.8303400e+01   1.0000000e+00
   3.7000000e+01   4.8556600e+00  -6.2918200e+00   5.8380500e+01   1.0000000e+00
   3.8000000e+01   3.2274900e+00   1.1384400e+01   2.9620100e+01   2.0000000e+00
   3.9000000e+01  -1.4412600e+01   1.2921000e+01   4.8202800e+01  -1.0000000e+00
   4.0000000e+01   5.3607900e+00   1.4977200e+01   2.9875500e+01  -2.0000000e+00
   4.1000000e+01   1.3927200e+01  -3.4631200e+00   5.8647900e+01   1.0000000e+00
   4.2000000e+01   1.2490400e+01   9.4656700e+00   2.8394700e+01   2.0000000e+00
   4.3000000e+01   1.2328800e+01   5.8597000e+00   4.3907500e+01  -3.0000000e+00
   4.4000000e+01  -1.4918600e+01  -9.0754500e+00   5.9707800e+01  -2.0000000e+00
   4.5000000e+01  -9.4570000e+00  -6.0774700e+00   2.9204300e+01   1.0000000e+00
   4.6000000e+01   5.0591900e+00   4.0936400e+00   4.6146300e+01  -3.0000000e+00
   4.7000000e+01  -4.0224700e+00  -9.6171600e-01   2.9693400e+01   1.0000000e+00
   4.8000000e+01  -9.4980100e+00   2.1640800e+00   1.9861000e+01  -3.0000000e+00
   4.9000000e+01   6.4637500e+00  -1.7768500e+01   5.8258000e+01  -1.0000000e+00
   5.0000000e+01   1.3841300e+01  -1.1777800e+01   3.4246800e+01  -2.0000000e+00
   5.1000000e+01  -8.9994100e+00   4.1514300e+00   4.8819600e+01  -3.0000000e+00
   5.2000000e+01   1.2082700e+00   7.1715300e+00   4.2802900e+01  -3.0000000e+00
   5.3000000e+01  -4.0928900e+00  -7.1712200e+00   5.8946900e+01   1.0000000e+00
   5.4000000e+01  -5.8363500e+00  -4.0185700e+00   5.9566300e+01   1.0000000e+00
   5.5000000e+01  -8.0991800e+00   9.5208900e+00   3.1836100e+01   2.0000000e+00
   5.6000000e+01  -1.2033200e+01   5.2304700e+00   2.2558800e+01  -3.0000000e+00
   5.7000000e+01  -5.8355300e+00  -1.9523400e+00   2.9713100e+01   1.0000000e+00
   5.8000000e+01   1.1475600e+00  -1.4568700e+01   5.9220200e+01   1.0000000e+00
   5.9000000e+01  -1.6718400e+01  -3.8648100e+00   3.0379700e+01  -1.0000000e+00
   6.0000000e+01   1.2307600e+01   3.8073000e+00   5.8479000e+01   1.0000000e+00
   6.1000000e+01  -5.8561200e+00  -6.1048000e+00   5.8956500e+01   1.0000000e+00
   6.2000000e+01  -5.0519000e+00   1.1395200e+01   3.0415700e+01   2.0000000e+00
   6.3000000e+01  -1.6159000e+01   5.1082600e+00   2.7301500e+01  -2.0000000e+00
   6.4000000e+01   1.2025800e+01  -8.5887600e+00   2.8827900e+01   1.0000000e+00
   6.5000000e+01   8.2886900e+00  -1.6815000e+01   5.8091400e+01  -1.0000000e+00
   6.6000000e+01  -1.4956100e+01  -2.7907600e+00   5.6645200e-01  -2.0000000e+00
   6.7000000e+01  -7.6130900e+00   1.1846800e+00   4.8446100e+01  -3.0000000e+00
   6.8000000e+01   3.1441700e+00  -3.0970100e+00   5.8764400e+01   1.0000000e+00
   6.9000000e+01   1.5655300e+01  -8.6621500e+00   7.4191700e+01  -1.0000000e+00
   7.0000000e+01   1.1501000e+01   1.1271500e+01   2.9095700e+01   2.0000000e+00
   7.1000000e+01   6.6923000e+00  -5.2987000e+00   5.8116300e+01   1.0000000e+00
   7.2000000e+01  -2.2238800e+00   2.1435200e+00   3.9653700e+01  -3.0000000e+00
   7.3000000e+01  -4.2166300e+00  -1.3422300e+01   5.8887500e+01   1.0000000e+00
   7.4000000e+01  -7.6806200e+00  -7.1126500e+00   5.9095300e+01   1.0000000e+00
   7.5000000e+01   5.2502400e+00   7.7624200e+00   2.9091300e+01   2.0000000e+00
   7.6000000e+01  -1.4905300e+01   1.3472500e+00   2.9816000e+01  -2.0000000e+00
   7.7000000e+01  -1.1318500e+01  -9.1338600e+00   2.9124800e+01   1.0000000e+00
   7.8000000e+01   4.8236000e+00  -8.3859100e+00   5.9164300e+01   1.0000000e+00
   7.9000000e+01   1.0424200e+01   7.7499600e-01   5.8777900e+01   1.0000000e+00
   8.0000000e+01  -1.3075800e+01  -8.0641700e+00   2.9107800e+01   1.0000000e+00
   8.1000000e+01   9.3664000e+00   7.6914400e+00   2.7617500e+01  -3.0000000e+00
   8.2000000e+01  -9.4651400e+00   1.0793500e-01  -3.9624900e-01   1.0000000e+00
   8.3000000e+01   2.2134900e+00   1.3177400e+01   3.0161200e+01   2.0000000e+00
   8.4000000e+01  -4.9049500e+00   7.6351500e+00   3.1238300e+01   2.0000000e+00
   8.5000000e+01  -6.9749600e+00   7.7218300e+00   3.0737100e+01   2.0000000e+00
   8.6000000e+01  -9.4775900e+00  -4.0146900e+00   2.8887300e+01   1.0000000e+00
   8.7000000e+01  -1.6834900e+01   2.8390200e-01   2.9613100e+01  -1.0000000e+00
   8.8000000e+01  -9.5730800e+00  -1.4395100e+01   5.7493200e+01  -2.0000000e+00
   8.9000000e+01   4.9916600e+00   1.9973900e+00   2.8580700e+01   1.0000000e+00
   9.0000000e+01   1.1877400e+01  -1.4768700e+01   5.7725800e+01  -1.0000000e+00
   9.1000000e+01   8.4196200e+00  -8.4670700e+00   5.8608600e+01   1.0000000e+00
   9.2000000e+01  -5.9996400e+00  -1.4448800e+01   5.9096900e+01  -2.0000000e+00
   9.3000000e+01  -1.3152300e+01   2.6315800e-01   2.9119800e+01   1.0000000e+00
   9.4000000e+01   3.1934500e+00  -1.0337600e+00   2.8805800e+01   1.0000000e+00
   9.5000000e+01  -1.2325000e+01   1.2983400e+01   3.1308200e+01  -2.0000000e+00
   9.6000000e+01  -4.1700600e+00  -1.1279800e+01   5.8780600e+01   1.0000000e+00
   9.7000000e+01   1.5675500e+01  -6.5877100e+00   7.0527000e+01  -2.0000000e+00
   9.8000000e+01   8.3553200e+00  -1.2604300e+01   5.9418400e+01   1.0000000e+00
   9.9000000e+01   8.5694400e+00  -2.2720700e+00   5.8457600e+01   1.0000000e+00
   1.0000000e+02  -6.1063900e+00   1.3219800e+01   3.0225300e+01   2.0000000e+00
   1.0100000e+02   1.0285000e+01  -5.4181200e+00   5.8418300e+01   1.0000000e+00
   1.0200000e+02   3.0351600e+00  -7.2969500e+00   5.8818900e+01   1.0000000e+00
   1.0300000e+02   1.0187100e+01  -9.5330400e+00   2.8556100e+01   1.0000000e+00
   1.0400000e+02  -4.0321700e+00   1.6769300e+01   2.9640100e+01  -1.0000000e+00
   1.0500000e+02   1.5884500e+01   1.6930000e+00   5.8022800e+01  -2.0000000e+00
   1.0600000e+02  -7.8206100e+00  -1.5528100e+01   4.5632300e+01  -2.0000000e+00
   1.0700000e+02  -9.2398300e+00   1.4951200e+01   3.2035400e+01  -1.0000000e+00
   1.0800000e+02  -4.3580100e-01  -3.0464900e+00   5.9719500e+01   1.0000000e+00
   1.0900000e+02   1.4641600e+01   1.3035100e+01   2.8037400e+01  -1.0000000e+00
   1.1000000e+02   8.6606500e+00   1.8516200e+00   5.8437800e+01   1.0000000e+00
   1.1100000e+02   6.3066700e+00   9.5857400e+00   2.9586200e+01   2.0000000e+00
   1.1200000e+02  -5.9413100e+00  -1.0223100e+01   5.9362800e+01   1.0000000e+00
   1.1300000e+02   1.7679400e+01  -3.5983300e+00   2.8125600e+01  -1.0000000e+00
   1.1400000e+02  -8.0006900e-01   7.7726000e+00   2.7332400e+01  -3.0000000e+00
   1.1500000e+02  -1.1270200e+01  -2.8758100e+00   2.8974100e+01   1.0000000e+00
   1.1600000e+02  -1.4939800e+01  -1.3301900e+01   5.8991100e+01  -1.0000000e+00
   1.1700000e+02   1.3578000e+00  -4.1211800e+00   5.9103500e+01   1.0000000e+00
   1.1800000e+02   1.4147700e+01   2.7757300e+00   5.8911800e+01   1.0000000e+00
   1.1900000e+02  -6.1344100e+00   1.6839100e+01   2.9592400e+01  -1.0000000e+00
   1.2000000e+02  -1.2253600e+01   9.3913600e+00   3.5260400e+01  -3.0000000e+00
   1.2100000e+02   1.1578500e+01   1.4902200e+01   2.8902600e+01  -1.0000000e+00
   1.2200000e+02  -9.1844100e+00   1.1300900e+01   3.1886700e+01   2.0000000e+00
   1.2300000e+02   1.2257600e+01  -3.1722400e-01   5.8482500e+01   1.0000000e+00
   1.2400000e+02   1.3857100e+01  -7.5891400e+00   5.9041400e+01  -2.0000000e+00
   1.2500000e+02   4.8082300e+00  -1.0476700e+01   5.9328300e+01   1.0000000e+00
   1.2600000e+02  -1.0084300e+01   5.8917800e+00   2.2500600e+01  -3.0000000e+00
   1.2700000e+02   1.1631600e+00   1.1387000e+01   2.9830700e+01   2.0000000e+00
   1.2800000e+02   4.7476300e+00  -1.4634300e+01   5.8889700e+01   1.0000000e+00
   1.2900000e+02   1.7625100e+01  -1.5149300e+00   2.8591600e+01  -1.0000000e+00
   1.3000000e+02   9.4158900e+00   1.1322200e+01   2.9061400e+01   2.0000000e+00
   1.3100000e+02  -9.4263400e+00  -1.9543400e+00   2.9189800e+01   1.0000000e+00
   1.3200000e+02   1.2972100e+00   2.2629900e+00   1.0902400e+01  -3.0000000e+00
   1.3300000e+02   1.3437500e+00   8.6826000e-02  -3.1340700e-01  -3.0000000e+00
   1.3400000e+02   1.7063100e+01   5.5335100e+00   2.8914500e+01  -1.0000000e+00
   1.3500000e+02   1.2904400e+00  -6.2016900e+00   5.8550000e+01   1.0000000e+00
   1.3600000e+02   1.3740800e+01  -1.3854500e+01   5.6854000e+01  -1.0000000e+00
   1.3700000e+02  -4.3497300e-01  -9.3861400e-01   6.0083900e+01   1.0000000e+00
   1.3800000e+02   1.5769000e+01  -2.4546500e+00   5.8623900e+01  -2.0000000e+00
   1.3900000e+02   1.0494300e+01   1.3091700e+01   2.8978300e+01  -2.0000000e+00
   1.4000000e+02   1.0136400e+01  -1.3657400e+01   5.8306300e+01  -2.0000000e+00
   1.4100000e+02  -4.8696100e+00   4.0343100e+00   4.3107100e+01  -3.0000000e+00
   1.4200000e+02   4.7729200e+00  -1.2561600e+01   5.9292700e+01   1.0000000e+00
   1.4300000e+02  -9.5214800e+00  -1.2265800e+01   5.8788800e+01   1.0000000e+00
   1.4400000e+02  -1.6734300e+01  -1.0139200e+01   1.0170700e+00  -1.0000000e+00
   1.4500000e+02   8.3604200e+00  -1.0513400e+01   5.9253100e+01   1.0000000e+00
   1.4600000e+02   8.4604000e+00  -6.4031600e+00   5.8484000e+01   1.0000000e+00
   1.4700000e+02  -1.4897700e+01  -4.9366200e+00   7.8781800e-02  -2.0000000e+00
   1.4800000e+02  -1.1253800e+01  -7.0530200e+00   2.9277800e+01   1.0000000e+00
   1.4900000e+02  -7.9631100e+00   5.9169700e+00   2.9820800e+01   2.0000000e+00
   1.5000000e+02  -1.3088600e+01  -5.9876900e+00   3.0022900e+01   1.0000000e+00
   1.5100000e+02   2.2332500e+00   4.9427200e+00   2.4601600e+00  -3.0000000e+00
   1.5200000e+02  -7.7627600e+00  -1.3410200e+01   5.8882800e+01   1.0000000e+00
   1.5300000e+02   6.5613600e+00  -1.3627800e+01   5.9422100e+01   1.0000000e+00
   1.5400000e+02  -9.4991300e+00  -1.0197400e+01   2.9554600e+01   1.0000000e+00
   1.5500000e+02   4.2854300e+00   1.3193700e+01   2.9686500e+01   2.0000000e+00
   1.5600000e+02   1.7536900e+01  -5.6430700e+00   5.7082400e+01  -1.0000000e+00
   1.5700000e+02  -1.3104300e+01  -1.2236600e+01   4.0547200e-01  -2.0000000e+00
   1.5800000e+02  -9.7379600e+00  -1.6446200e+01   8.5495400e+01  -1.0000000e+00
   1.5900000e+02   1.8880800e+01   4.4389000e+00   4.3304900e+01  -1.0000000e+00
   1.6000000e+02  -4.9433200e-01  -7.2229800e+00   4.6734000e+01   0.0000000e+00
   1.6100000e+02   3.0255000e+00  -9.4279200e+00   5.9112100e+01   1.0000000e+00
   1.6200000e+02   1.0423300e+01  -1.2879500e+00   5.8477200e+01   1.0000000e+00
   1.6300000e+02   1.2062900e+01  -6.5120500e+00   5.8523100e+01   1.0000000e+00
   1.6400000e+02   8.6870500e+00   3.9209300e+00   3.8861000e+01  -3.0000000e+00
   1.6500000e+02  -5.9517500e+00  -1.2318400e+01   5.9375100e+01   1.0000000e+00
   1.6600000e+02  -1.1318400e+01  -1.3295400e+01   4.8745000e+01  -2.0000000e+00
   1.6700000e+02   1.0251300e+01  -7.4720600e+00   5.8449600e+01   1.0000000e+00
   1.6800000e+02  -4.5839200e-01  -1.7989900e+01   3.7244200e+00  -1.0000000e+00
   1.6900000e+02   7.3491700e+00   1.1345300e+01   2.9357200e+01   2.0000000e+00
   1.7000000e+02  -5.9435500e-01  -1.1390600e+01   4.6652400e+01   0.0000000e+00
   1.7100000e+02  -4.0309500e+00  -3.0172200e+00   5.9373000e+01   1.0000000e+00
   1.7200000e+02  -7.7113000e+00  -9.1717100e+00   5.9507200e+01   1.0000000e+00
   1.7300000e+02   4.9979000e+00  -5.5512300e-02   2.8794800e+01   1.0000000e+00
   1.7400000e+02  -2.3532100e+00  -1.0301100e+01   5.8477700e+01   0.0000000e+00
   1.7500000e+02   9.4869400e+00   1.4937400e+01   1.7361900e+01  -2.0000000e+00
   1.7600000e+02  -1.3140300e+01   7.1026400e+00   3.5492900e+01  -3.0000000e+00
   1.7700000e+02  -5.9080600e+00   5.8127500e+00   2.9972400e+01   2.0000000e+00
   1.7800000e+02  -7.6206100e+00  -5.0507600e+00   2.9655500e+01   1.0000000e+00
   1.7900000e+02   6.7638900e+00  -3.2439200e+00   5.8347400e+01   1.0000000e+00
   1.8000000e+02   6.5779800e+00  -9.4591700e+00   2.9112200e+01   1.0000000e+00
   1.8100000e+02   3.1732600e+00   1.0472600e+00   2.8382400e+01  -3.0000000e+00
   1.8200000e+02  -7.6332900e+00  -2.9899600e+00   2.9909500e+01   1.0000000e+00
   1.8300000e+02  -2.7474600e+00   4.1282200e+00   1.2524700e+01  -3.0000000e+00
   1.8400000e+02  -5.9081300e+00  -8.1658000e+00   5.9022500e+01   1.0000000e+00
   1.8500000e+02   3.1255700e+00   1.8659100e+01   3.0296600e+01  -1.0000000e+00
   1.8600000e+02  -7.1258400e+00   1.1350300e+01   3.1342500e+01   2.0000000e+00
   1.8700000e+02   6.5814000e+00  -1.1550500e+01   2.9513500e+01   1.0000000e+00
   1.8800000e+02   2.1055400e-01   5.3409500e+00   3.7071500e+01  -3.0000000e+00
   1.8900000e+02  -1.4251700e+01   8.8322000e+00   3.5344100e+01  -2.0000000e+00
   1.9000000e+02   7.3089200e+00   7.7786000e+00   2.9037800e+01   2.0000000e+00
   1.9100000e+02  -4.0386400e+00   1.3182000e+01   2.9667900e+01   2.0000000e+00
   1.9200000e+02  -1.3400100e+01   1.4775600e+01   3.1181000e+01  -1.0000000e+00
   1.9300000e+02   1.2567300e+01   1.3087600e+01   1.7030900e+01  -2.0000000e+00
   1.9400000e+02   3.2073700e+00   1.4986200e+01   3.0245900e+01   2.0000000e+00
   1.9500000e+02  -2.9615100e+00   1.4964200e+01   3.0119200e+01  -2.0000000e+00
   1.9600000e+02  -1.1362300e+01   1.2821500e+00   2.7245800e+01   1.0000000e+00
   1.9700000e+02   2.1649800e+00   1.6787300e+01   3.0428500e+01  -2.0000000e+00
   1.9800000e+02   1.6376900e+01   8.3432100e+00   4.4795000e+01  -1.0000000e+00
   1.9900000e+02   1.3484400e+01   7.5707300e+00   3.4016200e+01  -2.0000000e+00
   2.0000000e+02  -1.3077100e+01   2.5063600e+00   4.6633300e+01  -3.0000000e+00
   2.0100000e+02  -3.9910100e+00   9.5626800e+00   3.1338900e+01   2.0000000e+00
   2.0200000e+02  -1.3086500e+01  -3.8898800e+00   2.9886300e+01   1.0000000e+00
   2.0300000e+02  -1.1258400e+01   1.1199000e+01   3.1682300e+01   2.0000000e+00
   2.0400000e+02   1.3839300e+01  -9.6462700e+00   2.9151800e+01  -2.0000000e+00
   2.0500000e+02  -2.2173400e+00  -2.0051900e+00   2.9934600e+01   1.0000000e+00
   2.0600000e+02  -5.0562800e+00   1.4992600e+01   2.9484800e+01  -2.0000000e+00
   2.0700000e+02  -7.7169200e+00  -1.1256300e+01   5.9382000e+01   1.0000000e+00
   2.0800000e+02   1.5282800e+01   6.5855500e+00   4.3945100e+01  -1.0000000e+00
   2.0900000e+02  -7.6279100e+00  -9.1083500e-01   6.0162500e+01   1.0000000e+00
   2.1000000e+02  -6.9304900e+00   4.0224600e+00   1.7355200e+01  -3.0000000e+00
   2.1100000e+02   1.1712500e+00  -1.2476600e+01   5.9016900e+01   1.0000000e+00
   2.1200000e+02  -1.3130100e+01  -1.8139900e+00  -1.3062300e-01   1.0000000e+00
   2.1300000e+02  -1.9248600e+00   9.6054900e+00   3.1308400e+01   2.0000000e+00
   2.1400000e+02   2.1875200e+00   9.5952500e+00   3.0792500e+01   2.0000000e+00
   2.1500000e+02   4.2740800e+00   1.6797500e+01   1.8520500e+01  -2.0000000e+00
   2.1600000e+02  -1.4923400e+01   3.3939000e+00   1.5358000e+01  -2.0000000e+00
   2.1700000e+02  -1.6759000e+01  -5.9587100e+00   7.4352500e+01  -1.0000000e+00
   2.1800000e+02  -6.0475600e+00   9.5798000e+00   3.1279800e+01   2.0000000e+00
   2.1900000e+02   1.1432600e+01   7.7100000e+00   1.6170700e+01  -3.0000000e+00
   2.2000000e+02   4.6719400e+00  -1.6704800e+01   4.6994200e+01  -2.0000000e+00
   2.2100000e+02  -2.4336400e+00  -1.4535500e+01   5.8955900e+01   1.0000000e+00
   2.2200000e+02   8.5223300e+00  -4.3383900e+00   5.8347400e+01   1.0000000e+00
   2.2300000e+02   6.5407100e+00  -1.5685100e+01   5.8730200e+01  -2.0000000e+00
   2.2400000e+02  -4.2438600e+00  -1.5513300e+01   5.8893300e+01  -2.0000000e+00
   2.2500000e+02   1.4545000e+01   9.3382000e+00   3.4619300e+01  -2.0000000e+00
   2.2600000e+02  -1.1312700e+01  -4.9379200e+00   2.9263500e+01   1.0000000e+00
   2.2700000e+02   1.0426400e+01   9.4923600e+00   2.9081900e+01   2.0000000e+00
   2.2800000e+02   1.3051800e-01   1.3184300e+01   2.9894500e+01   2.0000000e+00
   2.2900000e+02   6.6349700e+00  -7.3824800e+00   5.8542400e+01   1.0000000e+00
   2.3000000e+02   1.5617400e+01   1.1124300e+01   2.7375700e+01  -1.0000000e+00
   2.3100000e+02   8.3927800e+00   1.6765000e+01   3.0453600e+01  -1.0000000e+00
   2.3200000e+02   9.5415600e-01   1.8796300e+01   3.1318900e+01  -1.0000000e+00
   2.3300000e+02   1.1991500e+01  -1.2727100e+01   5.7340800e+01  -2.0000000e+00
   2.3400000e+02  -1.2980100e+01  -1.4571900e+01   2.5425900e+00  -1.0000000e+00
   2.3500000e+02  -1.1291100e+01  -1.1192300e+01   2.9551100e+01   1.0000000e+00
   2.3600000e+02  -5.8456000e+00   2.2276200e+00   4.8560100e+01  -3.0000000e+00
   2.3700000e+02  -1.4870500e+01  -6.9978300e+00   2.9546000e+01  -2.0000000e+00
   2.3800000e+02  -8.2002600e+00   1.3158600e+01   3.1450000e+01  -2.0000000e+00
   2.3900000e+02  -2.8572700e+00   7.7176600e+00   3.2135300e+01   2.0000000e+00
   2.4000000e+02   3.1792600e+00   7.7580200e+00   1.9914200e+01  -3.0000000e+00
   2.4100000e+02   7.4175300e+00   1.4956200e+01   2.9692100e+01  -2.0000000e+00
   2.4200000e+02   1.5745200e+01  -4.5375900e+00   5.8204700e+01  -2.0000000e+00
   2.4300000e+02   4.0445500e+00   5.8877900e+00   2.1806900e+01  -3.0000000e+00
   2.4400000e+02  -1.6727200e+01   2.3456500e+00   3.8963100e+01  -1.0000000e+00
   2.4500000e+02   1.1388600e+00  -1.6643400e+01   4.9292400e+01  -2.0000000e+00
   2.4600000e+02  -4.1203400e+00  -9.2252800e+00   5.8847300e+01   1.0000000e+00
   2.4700000e+02   8.6190600e+00  -2.0365800e-01   5.8319300e+01   1.0000000e+00
   2.4800000e+02   1.0190400e+01  -1.1593300e+01   2.8550200e+01   1.0000000e+00
   2.4900000e+02   6.3387600e+00   1.3163700e+01   2.9044300e+01   2.0000000e+00
   2.5000000e+02  -1.6810500e+01  -8.0222900e+00   2.9841500e+01  -1.0000000e+00
   2.5100000e+02  -1.7979300e+01   3.9832600e+00   1.9559800e+01  -1.0000000e+00
   2.5200000e+02   3.2261800e+00   3.1311900e+00   3.9299700e+01  -3.0000000e+00
   2.5300000e+02   6.8396900e+00   9.1578100e-01   2.8502600e+01   1.0000000e+00
   2.5400000e+02   1.0352500e+01  -3.3318600e+00   5.8256900e+01   1.0000000e+00
   2.5500000e+02   1.4156100e+01   4.8521800e+00   5.3164400e+01  -2.0000000e+00
   2.5600000e+02   3.1191600e+00  -5.1877400e+00   5.8456300e+01   1.0000000e+00
   2.5700000e+02   6.8312300e+00   3.0010200e+00   1.0283400e+01  -3.0000000e+00
   2.5800000e+02   2.9272400e+00  -1.5627800e+01   5.8920400e+01  -2.0000000e+00
   2.5900000e+02  -2.4876400e+00  -1.6640600e+01   4.6336600e+01  -2.0000000e+00
   2.6000000e+02   1.3558300e+01   1.1266300e+01   2.8233900e+01  -2.0000000e+00
   2.6100000e+02   1.2173400e+01  -2.3803900e+00   5.8041600e+01   1.0000000e+00
   2.6200000e+02   2.9704000e+00  -1.1501000e+01   2.9004100e+01   1.0000000e+00
   2.6300000e+02  -1.4932000e+01  -1.1153800e+01   5.9876600e+01  -2.0000000e+00
   2.6400000e+02  -3.8376500e+00   5.8784500e+00   3.1661400e+01   2.0000000e+00
   2.6500000e+02  -4.0453100e+00  -5.1080700e+00   5.9151600e+01   1.0000000e+00
   2.6600000e+02   5.2853000e+00   1.1381400e+01   2.9470200e+01   2.0000000e+00
   2.6700000e+02   8.3966600e+00   1.3139800e+01   2.9020000e+01   2.0000000e+00
   2.6800000e+02  -1.9344000e+00   1.3190800e+01   2.9936600e+01   2.0000000e+00
   2.6900000e+02  -7.1557400e+00   1.5041500e+01   4.2493700e+01  -2.0000000e+00
   2.7000000e+02   1.2309400e+00  -8.3388600e+00   5.8731600e+01   0.0000000e+00
   2.7100000e+02  -2.9881900e+00   1.1375800e+01   3.0313700e+01   2.0000000e+00
   2.7200000e+02   1.1531200e-01   1.6867500e+01   4.3524400e+01  -2.0000000e+00
   2.7300000e+02  -1.9638200e+00   1.6760200e+01   3.1207400e+01  -1.0000000e+00
   2.7400000e+02   1.4068400e+01   6.9297600e-01   5.8574400e+01   1.0000000e+00
   2.7500000e+02  -9.0573500e+00   7.6910500e+00   3.1314700e+01   2.0000000e+00
   2.7600000e+02  -1.0157300e+01   9.4614200e+00   3.1883500e+01   2.0000000e+00
   2.7700000e+02  -1.1170100e+01   3.3518100e+00   3.5622800e+01  -3.0000000e+00
   2.7800000e+02   1.0087700e+01  -1.5823800e+01   5.8643600e+01  -1.0000000e+00
   2.7900000e+02   1.3663600e+00  -2.0127200e+00   2.9370100e+01   1.0000000e+00
   2.8000000e+02  -1.5188400e+01   7.0091200e+00   3.2762000e+01  -2.0000000e+00
   2.8100000e+02  -1.7260700e+01   6.8951800e+00   3.2477000e+01  -1.0000000e+00
   2.8200000e+02  -1.4089600e+01   5.2676800e+00   4.4854900e+01  -3.0000000e+00
   2.8300000e+02   1.5820400e+01  -3.7976600e-01   5.8197300e+01  -2.0000000e+00
   2.8400000e+02  -6.5541900e-01  -1.5574300e+01   3.0371300e+01  -2.0000000e+00
   2.8500000e+02  -1.1311700e+01   1.4819800e+01   3.1678800e+01  -1.0000000e+00
   2.8600000e+02  -1.3322400e+01   1.1149500e+01   3.4590100e+01  -2.0000000e+00
   2.8700000e+02  -1.5318900e+01   1.0664400e+01   5.1211500e+01  -1.0000000e+00
   2.8800000e+02  -6.1151600e+00  -1.6662700e+01   4.3955300e+01  -1.0000000e+00
   2.8900000e+02   1.2113300e+01  -4.4446500e+00   5.8273700e+01   1.0000000e+00
   2.9000000e+02   1.1504000e+00   1.4989300e+01   3.0004300e+01   2.0000000e+00
   2.9100000e+02  -4.4497000e-01  -5.1207600e+00   5.9123800e+01   1.0000000e+00
   2.9200000e+02   1.5961600e+01   3.7444700e+00   5.2226000e+01  -2.0000000e+00
   2.9300000e+02   8.3728300e+00   9.5465500e+00   2.8958300e+01   2.0000000e+00
   2.9400000e+02  -2.2363200e+00  -4.0855300e+00   5.9518000e+01   1.0000000e+00
   2.9500000e+02   1.7744800e+01   2.6442700e+00   6.5396800e+01  -1.0000000e+00
   2.9600000e+02   1.3997200e+01  -1.3971300e+00   5.8489300e+01   1.0000000e+00
   2.9700000e+02  -1.7692800e+00   5.9594400e+00   4.0081400e+01  -3.0000000e+00
   2.9800000e+02  -1.0256100e+01   1.3046200e+01   3.1769500e+01  -2.0000000e+00
   2.9900000e+02  -9.1569800e-01   1.1387800e+01   3.0055900e+01   2.0000000e+00
