   0.0000000e+00  -6.3726700e+00  -1.6109500e+01  -6.8718700e+00  -1.0000000e+00
   1.0000000e+00  -1.3012500e+01  -7.3356100e+00   5.8552200e+00   1.0000000e+00
   2.0000000e+00   1.3441600e+01  -6.4969700e+00   3.1224200e+01   2.0000000e+00
   3.0000000e+00   1.2531000e+01   1.5599700e+01   8.5752600e-01  -1.0000000e+00
   4.0000000e+00  -1.4645800e+01   1.1538900e+01   1.9424600e+01  -1.0000000e+00
   5.0000000e+00   5.1040700e+00   1.5830900e+01   2.4981300e+00  -2.0000000e+00
   6.0000000e+00  -5.8559500e+00  -6.6559000e+00   7.5803600e+00  -2.0000000e+00
   7.0000000e+00  -7.5950400e+00   1.6229500e+01   1.8802400e+00  -1.0000000e+00
   8.0000000e+00   8.3441300e+00  -1.2031900e+01   3.1458200e+01   2.0000000e+00
   9.0000000e+00  -1.2446300e+01  -1.1558900e+01   6.6725000e+00  -2.0000000e+00
   1.0000000e+01   1.9045400e+00   5.2604500e+00   1.6440400e+00   1.0000000e+00
   1.1000000e+01  -1.3489100e+01  -3.2074900e+00   6.8378900e+00   1.0000000e+00
   1.2000000e+01  -4.1945600e-01   1.6605200e+01   3.1184200e+00  -2.0000000e+00
   1.3000000e+01   1.2415600e+01  -8.3113900e+00   3.1288100e+01   2.0000000e+00
   1.4000000e+01  -5.5581600e+00   1.1177900e+01   3.3217200e+00   1.0000000e+00
   1.5000000e+01   1.7491800e+01   8.0514400e-01   3.1851700e+01  -2.0000000e+00
   1.6000000e+01   1.4235300e+00   1.5691100e+01   2.9086900e+00  -2.0000000e+00
   1.7000000e+01  -1.8744900e-01   1.2499700e+01   2.3927500e+00   1.0000000e+00
   1.8000000e+01   8.0375700e+00   2.4033300e+00   1.7355100e+01  -3.0000000e+00
   1.9000000e+01  -8.3627900e+00  -1.5538700e+01   6.6876400e+00  -1.0000000e+00
   2.0000000e+01  -2.7974100e-01   1.4553600e+01   2.9259900e+00   1.0000000e+00
   2.1000000e+01   1.4264900e+01   2.5300400e+00   3.0778000e+01   2.0000000e+00
   2.2000000e+01  -5.0214300e+00   2.8463000e+00   4.6312200e+00   1.0000000e+00
   2.3000000e+01  -1.0229900e+01  -1.4498200e+01   4.6152000e+00  -1.0000000e+00
   2.4000000e+01   9.0758100e+00   5.9803800e-01   3.1581700e+01   2.0000000e+00
   2.5000000e+01   5.2502000e+00  -1.7563400e+01   3.1709400e+01  -1.0000000e+00
   2.6000000e+01  -1.2012900e+01   2.1052900e-01   5.2647800e+00   1.0000000e+00
   2.7000000e+01   9.0173600e+00   1.1569600e+01   2.6986600e-01   1.0000000e+00
   2.8000000e+01   4.1983000e+00  -1.5764500e+01   3.1042400e+01  -2.0000000e+00
   2.9000000e+01   1.2539200e+01  -1.5641900e+01   3.0099600e+01  -1.0000000e+00
   3.0000000e+01   6.3029600e+00  -1.5722800e+01   3.1257600e+01  -2.0000000e+00
   3.1000000e+01   9.9285400e-01  -6.8554500e+00   3.0862000e+01   2.0000000e+00
   3.2000000e+01   1.4409700e+01  -1.0861500e+00   3.1301000e+01   2.0000000e+00
   3.3000000e+01   1.1441500e+01  -1.0126900e+01   3.1553400e+01   2.0000000e+00
   3.4000000e+01  -4.3313800e+00  -1.5737200e+01   4.4499700e+01  -2.0000000e+00
   3.5000000e+01   5.2024700e+00  -1.0350400e+01   3.1123900e+01   2.0000000e+00
   3.6000000e+01   3.3873300e+00   1.4692400e+01   2.8736000e+00   1.0000000e+00
   3.7000000e+01  -1.0759100e+01  -1.0383400e+01   6.6419500e+00   1.0000000e+00
   3.8000000e+01  -9.4276700e+00  -7.0280300e+00   7.1854200e+00   1.0000000e+00
   3.9000000e+01  -3.9051900e+00  -7.4056400e+00   4.9014200e+00  -1.0000000e+00
   4.0000000e+01   7.3264800e+00  -1.3885100e+01   3.1130800e+01   2.0000000e+00
   4.1000000e+01  -2.6525000e-02  -8.6329000e+00   3.1094100e+01   2.0000000e+00
   4.2000000e+01   1.4483800e+01  -8.2621200e+00   3.1692400e+01  -2.0000000e+00
   4.3000000e+01   3.6401600e+00   8.4112300e+00   1.1224400e+00   1.0000000e+00
   4.4000000e+01   1.4508700e+01   8.1349000e+00   5.0896600e+01  -2.0000000e+00
   4.5000000e+01   1.6818100e+01  -8.0491600e+00   4.7960200e+01  -1.0000000e+00
   4.6000000e+01   2.0943500e+00  -1.2172400e+01   3.1023600e+01   2.0000000e+00
   4.7000000e+01   3.0131000e+00  -3.1802500e+00   3.1733700e+01   2.0000000e+00
   4.8000000e+01  -3.4883600e+00   6.0918900e+00   3.6298900e+00   1.0000000e+00
   4.9000000e+01  -3.1320700e+00  -1.7615100e+01   3.1640900e+01  -1.0000000e+00
   5.0000000e+01   1.9034900e+00  -1.4078400e+00   4.4154900e+01  -2.0000000e+00
   5.1000000e+01  -3.7228900e+00   1.0227600e+01   3.3699600e+00   1.0000000e+00
   5.2000000e+01  -5.5171200e-02  -5.0829800e+00   3.0595900e+01  -2.0000000e+00
   5.3000000e+01  -1.3217600e+01  -5.2846500e+00   6.3169500e+00   1.0000000e+00
   5.4000000e+01  -1.0770000e+00   2.5037800e+00   1.7119900e+01  -2.0000000e+00
   5.5000000e+01  -1.0145300e+01  -7.1134700e-01   5.2342500e+00   1.0000000e+00
   5.6000000e+01   1.3379400e+01  -2.8864800e+00   3.0688700e+01   2.0000000e+00
   5.7000000e+01   1.0118800e+01   2.4525400e+00   4.3360200e+01  -3.0000000e+00
   5.8000000e+01  -1.5758800e+01   1.9410800e+00   4.9525200e+00   1.0000000e+00
   5.9000000e+01  -7.2126000e+00  -9.9277000e+00   7.4364400e+00   1.0000000e+00
   6.0000000e+01  -2.0989200e+00  -1.2220300e+01   3.0909500e+01  -2.0000000e+00
   6.1000000e+01  -1.6055800e+01   6.1202600e+00   3.9729500e+00  -2.0000000e+00
   6.2000000e+01  -8.7716700e+00   4.6717900e+00   4.8582900e+00   1.0000000e+00
   6.3000000e+01   1.3490300e+01  -1.0110700e+01   3.1143000e+01  -2.0000000e+00
   6.4000000e+01   1.9174300e-01   4.1362100e+00   1.7600600e+01   0.0000000e+00
   6.5000000e+01   1.0342900e+01  -8.3869600e+00   3.1344900e+01   2.0000000e+00
   6.6000000e+01   1.5306600e+01   4.3071400e+00   3.1148000e+01  -2.0000000e+00
   6.7000000e+01   5.3078600e+00   1.1627000e+01   1.4531400e+00   1.0000000e+00
   6.8000000e+01  -4.2271300e+00  -5.3739100e+00   1.5515100e+00  -2.0000000e+00
   6.9000000e+01  -9.2675600e+00   1.3005300e+01   3.8136700e+00  -2.0000000e+00
   7.0000000e+01   6.2607100e+00  -1.2123200e+01   3.1125400e+01   2.0000000e+00
   7.1000000e+01   1.0479400e+00  -1.4009700e+01   3.0553900e+01   2.0000000e+00
   7.2000000e+01  -3.1265300e+00  -1.4029300e+01   3.3466000e+01  -2.0000000e+00
   7.3000000e+01  -1.4319300e+01   7.3741000e+00   4.4036600e+00   1.0000000e+00
   7.4000000e+01   1.0909200e+01   1.2557500e+01   2.9785700e+01   1.0000000e+00
   7.5000000e+01   6.0755800e+00  -1.3173300e+00   3.1975800e+01   2.0000000e+00
   7.6000000e+01  -7.4151500e+00   1.2090100e+01   3.5314500e+00   1.0000000e+00
   7.7000000e+01   9.7985100e-02   6.2893700e+00   1.9783500e+00   1.0000000e+00
   7.8000000e+01   1.4423800e+01  -4.6780900e+00   3.1018100e+01   2.0000000e+00
   7.9000000e+01   3.7046400e+00   4.2678000e+00   2.7117000e+00  -3.0000000e+00
   8.0000000e+01   5.2950900e+00   1.3692700e+01   1.1676800e+00   1.0000000e+00
   8.1000000e+01   9.0175100e+00   9.4751800e+00  -1.2195400e-01   1.0000000e+00
   8.2000000e+01  -1.1340000e+01  -6.1530900e+00   6.3887600e+00   1.0000000e+00
   8.3000000e+01  -6.8804300e+00   3.7549300e+00   4.4425500e+00   1.0000000e+00
   8.4000000e+01  -1.0491700e+01  -1.2445100e+01   6.4610300e+00  -2.0000000e+00
   8.5000000e+01   9.4563500e+00  -1.3863200e+01   3.1119900e+01  -2.0000000e+00
   8.6000000e+01   7.4373000e+00  -1.7492000e+01   3.2209700e+01  -1.0000000e+00
   8.7000000e+01  -4.4599700e+00  -3.3123100e+00   5.5608700e+00  -2.0000000e+00
   8.8000000e+01  -2.0315200e+00   1.3460400e+01   2.6925100e+00   1.0000000e+00
   8.9000000e+01   1.1256100e+01  -2.9186700e+00   3.1322100e+01   2.0000000e+00
   9.0000000e+01   1.0684100e+01   1.4687600e+01   1.2097400e+01  -2.0000000e+00
   9.1000000e+01  -6.7354400e+00   1.6793800e+00   4.5924000e+00   1.0000000e+00
   9.2000000e+01  -1.1170300e+01   1.3899500e+01   1.9444200e+01  -1.0000000e+00
   9.3000000e+01  -1.8286300e+00   9.3207800e+00   3.0443000e+00   1.0000000e+00
   9.4000000e+01   2.0368700e+00  -8.6154300e+00   3.0644600e+01   2.0000000e+00
   9.5000000e+01   1.5508900e+01  -6.4247500e+00   3.3261100e+01  -2.0000000e+00
   9.6000000e+01  -5.5150600e+00  -8.6918500e+00   7.6017900e+00  -2.0000000e+00
   9.7000000e+01   6.1550900e+00  -4.8971000e+00   3.1104000e+01   2.0000000e+00
   9.8000000e+01   1.2729200e+01   1.3515500e+01   2.4046400e+01  -2.0000000e+00
   9.9000000e+01  -1.0661600e+00  -1.0453500e+01   3.1253000e+01  -2.0000000e+00
   1.0000000e+02   1.7552000e+01  -2.8054700e+00   4.5807800e+01  -1.0000000e+00
   1.0100000e+02   3.6018000e+00   1.0502000e+01   2.1892200e+00   1.0000000e+00
   1.0200000e+02   1.1186800e+01   6.9655600e-01   3.1570000e+01   2.0000000e+00
   1.0300000e+02   1.1502600e+01  -1.3723800e+01   3.0774200e+01  -2.0000000e+00
   1.0400000e+02   1.5466100e+01  -2.8688100e+00   3.0864600e+01  -2.0000000e+00
   1.0500000e+02   1.1095400e+01   4.2670600e+00   1.0087300e+01  -3.0000000e+00
   1.0600000e+02   9.3023900e-01  -3.2500900e+00   3.1827400e+01  -2.0000000e+00
   1.0700000e+02   1.6696700e+00   1.1525200e+01   2.0147800e+00   1.0000000e+00
   1.0800000e+02   1.0442700e+01  -1.1963400e+01   3.1738100e+01   2.0000000e+00
   1.0900000e+02  -9.0274800e+00   8.8716000e+00   3.7975300e+00   1.0000000e+00
   1.1000000e+02  -2.3454000e+00   1.7615800e+01   1.7995100e+01  -1.0000000e+00
   1.1100000e+02   1.6536800e+01   8.4753600e+00   4.7210800e+01  -1.0000000e+00
   1.1200000e+02  -8.5932700e+00   2.5775900e+00   4.7108300e+00   1.0000000e+00
   1.1300000e+02   3.9752100e+00  -1.3642200e+00   3.1731300e+01   2.0000000e+00
   1.1400000e+02  -8.4820400e+00  -1.3354800e+01   7.2577800e+00  -2.0000000e+00
   1.1500000e+02   3.0580000e-02  -1.2222500e+01   3.0567900e+01   2.0000000e+00
   1.1600000e+02   4.9395200e+00   4.4347800e-01   3.1801700e+01   2.0000000e+00
   1.1700000e+02   4.1662500e+00  -1.2131000e+01   3.0639800e+01   2.0000000e+00
   1.1800000e+02  -7.2773400e+00   1.0034700e+01   3.1684900e+00   1.0000000e+00
   1.1900000e+02   9.1990700e+00  -2.9850500e+00   3.2017700e+01   2.0000000e+00
   1.2000000e+02   7.1461800e+00   1.2576100e+01   3.7991600e-01   1.0000000e+00
   1.2100000e+02   1.2363000e+01  -4.7038600e+00   3.1159500e+01   2.0000000e+00
   1.2200000e+02  -1.9459500e+01   1.4202200e+00   3.9154600e+01  -1.0000000e+00
   1.2300000e+02  -1.1814800e+01  -1.9563500e+00   6.3249200e+00   1.0000000e+00
   1.2400000e+02  -1.1030300e+01   1.1820700e+01   4.0006000e+00  -2.0000000e+00
   1.2500000e+02   1.0825900e+01   1.0491300e+01   2.8863400e+01   1.0000000e+00
   1.2600000e+02   3.6447700e-02  -1.5810800e+01   3.0193800e+01  -2.0000000e+00
   1.2700000e+02   9.0268800e-01   1.2984700e+00   3.6951700e+01  -1.0000000e+00
   1.2800000e+02   1.6506500e+01  -1.0208400e+00   3.1600600e+01  -2.0000000e+00
   1.2900000e+02  -1.0298500e+01   1.3632700e+00   4.4977200e+00   1.0000000e+00
   1.3000000e+02   2.1436800e+00  -1.5843000e+01   3.0372500e+01  -2.0000000e+00
   1.3100000e+02   1.6318900e+01   6.3556400e+00   3.9821300e+01  -1.0000000e+00
   1.3200000e+02  -8.2306800e+00  -1.5972500e+00   5.3422200e+00   1.0000000e+00
   1.3300000e+02  -7.7720700e+00  -5.7602000e+00   6.7827800e+00   1.0000000e+00
   1.3400000e+02  -1.6324000e+01  -9.8606500e+00   6.7525500e+00  -1.0000000e+00
   1.3500000e+02  -2.1561800e+00   1.5514900e+01   3.3638000e+00  -2.0000000e+00
   1.3600000e+02   8.1316000e+00  -1.2341000e+00   3.2158900e+01   2.0000000e+00
   1.3700000e+02   1.0766600e+00  -1.7618600e+01   2.9112500e+01  -1.0000000e+00
   1.3800000e+02  -1.6571200e+01  -7.8085400e+00  -7.2107000e+00  -1.0000000e+00
   1.3900000e+02  -1.5930700e+01   4.0668500e+00   4.5484400e+00  -2.0000000e+00
   1.4000000e+02   4.9531700e+00   1.7916500e+01   3.0978600e+00  -1.0000000e+00
   1.4100000e+02  -7.2121900e+00   7.9175100e+00   3.0272000e+00   1.0000000e+00
   1.4200000e+02  -1.5561700e+01  -1.8737200e-01   4.8905400e+00  -2.0000000e+00
   1.4300000e+02  -1.4935400e+01  -6.5065900e+00   6.7854500e+00  -2.0000000e+00
   1.4400000e+02  -5.3671700e+00   6.9955400e+00   3.7023900e+00   1.0000000e+00
   1.4500000e+02  -1.6857000e+01  -5.7210200e+00  -8.2237300e+00  -1.0000000e+00
   1.4600000e+02   3.2156800e+00   1.6749700e+01   1.4886000e+01  -2.0000000e+00
   1.4700000e+02  -1.4067200e+01   3.1112700e+00   4.5226400e+00   1.0000000e+00
   1.4800000e+02   5.4583900e+00   9.5117800e+00   1.0560000e+00   1.0000000e+00
   1.4900000e+02  -3.5815900e+00   8.1624500e+00   3.5002200e+00   1.0000000e+00
   1.5000000e+02   5.4675200e+00   7.4183500e+00   3.0263800e+01   1.0000000e+00
   1.5100000e+02  -9.3962700e+00   1.5138800e+01   1.8009900e+01  -1.0000000e+00
   1.5200000e+02   3.6648300e+00   6.3556300e+00   1.0019000e+00   1.0000000e+00
   1.5300000e+02   1.8497200e+01   2.6075800e+00   3.1551900e+01  -1.0000000e+00
   1.5400000e+02  -5.7645300e+00   1.5296000e+01   1.5332100e+01  -2.0000000e+00
   1.5500000e+02  -5.2404800e-01   1.8683100e+01   2.4921300e+00  -1.0000000e+00
   1.5600000e+02  -1.7339600e+01  -1.5364300e+00  -9.0862700e+00  -1.0000000e+00
   1.5700000e+02  -1.7439600e+01   7.2733400e-01  -6.2768700e+00  -2.0000000e+00
   1.5800000e+02   9.3481000e+00  -1.0231300e+01   3.1456700e+01   2.0000000e+00
   1.5900000e+02  -1.1669200e+00  -6.9055700e+00   3.0447500e+01  -2.0000000e+00
   1.6000000e+02   6.2102400e+00  -8.5043900e+00   3.1852200e+01   2.0000000e+00
   1.6100000e+02   1.2285600e+01  -1.1041500e+00   3.1115300e+01   2.0000000e+00
   1.6200000e+02  -1.5443300e+01  -2.3494300e+00   6.3356500e+00  -2.0000000e+00
   1.6300000e+02  -8.9470300e+00   6.7441100e+00   4.0648500e+00   1.0000000e+00
   1.6400000e+02   7.1100800e+00   1.4675500e+01   1.2711100e+00  -2.0000000e+00
   1.6500000e+02  -9.1623200e+00   1.0945500e+01   4.0688900e+00   1.0000000e+00
   1.6600000e+02   3.0874700e+00  -1.0376000e+01   3.0801600e+01   2.0000000e+00
   1.6700000e+02   8.4004800e+00  -1.5673400e+01   4.2685400e+01  -2.0000000e+00
   1.6800000e+02   3.1910600e+00  -1.7722600e+01   3.0877500e+01  -1.0000000e+00
   1.6900000e+02  -1.4656400e+01  -8.5830600e+00   6.8775600e+00  -2.0000000e+00
   1.7000000e+02   1.0296100e+00  -1.0399800e+01   3.0969800e+01   2.0000000e+00
   1.7100000e+02   7.2559400e+00   6.3614700e+00   2.8900500e+01   1.0000000e+00
   1.7200000e+02   9.3082600e+00  -6.6154300e+00   3.1380900e+01   2.0000000e+00
   1.7300000e+02  -5.6676200e+00   1.3228400e+01   3.3869900e+00   1.0000000e+00
   1.7400000e+02  -1.6196200e+01   8.2198500e+00   4.6777200e+00  -2.0000000e+00
   1.7500000e+02  -1.2877300e+01   1.2741200e+01   1.8886800e+01  -1.0000000e+00
   1.7600000e+02   7.2491400e+00   1.0525800e+01   3.0440500e+01   1.0000000e+00
   1.7700000e+02   1.6543900e+01  -4.6182200e+00   3.3085300e+01  -2.0000000e+00
   1.7800000e+02   1.2611700e+01   7.3156600e+00   4.4537300e+01  -3.0000000e+00
   1.7900000e+02   4.1215100e+00  -8.5861300e+00   3.1065600e+01   2.0000000e+00
   1.8000000e+02  -7.5424200e+00   1.4171900e+01   2.8461600e+00  -2.0000000e+00
   1.8100000e+02  -1.5102100e+01  -4.4684400e+00   6.7444200e+00  -2.0000000e+00
   1.8200000e+02   1.8625700e+01  -9.3020100e-01   3.1938700e+01  -1.0000000e+00
   1.8300000e+02  -1.4211200e+01   5.2111100e+00   4.0539200e+00   1.0000000e+00
   1.8400000e+02   1.5549200e+01  -1.0075800e+01   4.5510500e+01  -1.0000000e+00
   1.8500000e+02  -6.4899800e+00  -1.4035200e+01   8.3111800e+00  -2.0000000e+00
   1.8600000e+02  -8.0546700e+00  -3.6804000e+00   5.9227700e+00   1.0000000e+00
   1.8700000e+02   1.3591900e+01  -1.3796200e+01   4.5098900e+01  -1.0000000e+00
   1.8800000e+02  -5.1811100e+00   4.9395000e+00   4.4354000e+00   1.0000000e+00
   1.8900000e+02  -2.0703700e+00  -1.5850900e+01   2.9741900e+01  -2.0000000e+00
   1.9000000e+02   1.4608200e+01   1.0213600e+01   1.9212700e+01  -1.0000000e+00
   1.9100000e+02  -1.4490400e+01   9.4739700e+00   4.5576300e+00  -2.0000000e+00
   1.9200000e+02  -1.2514400e+01   6.4051800e+00   4.3491200e+00   1.0000000e+00
   1.9300000e+02  -1.2165600e+01   2.2721900e+00   4.8297000e+00   1.0000000e+00
   1.9400000e+02   5.4589300e+00   5.3550800e+00   4.8026800e+01  -3.0000000e+00
   1.9500000e+02   1.1355300e+01  -6.5557100e+00   3.1214400e+01   2.0000000e+00
   1.9600000e+02   1.0803100e+01   6.3224200e+00   3.7958400e+01  -3.0000000e+00
   1.9700000e+02   9.0484300e+00   7.3997100e+00  -4.7131500e-02   1.0000000e+00
   1.9800000e+02  -6.9212200e+00  -1.1988500e+01   9.5501600e+00  -2.0000000e+00
   1.9900000e+02  -1.4444800e+01  -1.0700000e+01  -5.6349800e+00  -2.0000000e+00
   2.0000000e+02  -1.4191200e+01  -1.2858000e+01   7.0818600e+00  -1.0000000e+00
   2.0100000e+02  -3.7950500e+00   1.2347100e+01   3.0120900e+00   1.0000000e+00
   2.0200000e+02   7.2481400e+00   8.4526000e+00   2.9903700e+01   1.0000000e+00
   2.0300000e+02  -1.3906800e+01   1.0495200e+00   5.3070700e+00   1.0000000e+00
   2.0400000e+02   1.4590700e+01   1.2360200e+01  -1.9235400e+00  -1.0000000e+00
   2.0500000e+02  -1.0136300e+00  -1.7631400e+01   3.0156400e+01  -1.0000000e+00
   2.0600000e+02   8.2142500e+00  -4.8674300e+00   3.1697700e+01   2.0000000e+00
   2.0700000e+02  -2.7867400e+00  -2.1296400e+00   2.6756200e+00  -1.0000000e+00
   2.0800000e+02  -9.8818000e-01   4.4861500e-01  -1.7535900e-01  -2.0000000e+00
   2.0900000e+02  -1.0907800e+01   9.7035100e+00   4.0566300e+00   1.0000000e+00
   2.1000000e+02   1.7367900e+01   4.3895200e+00   1.6231900e+01  -1.0000000e+00
   2.1100000e+02   5.9671400e+00   2.3628800e+00   4.2875900e+01  -3.0000000e+00
   2.1200000e+02  -1.6377800e+00   5.1608500e+00   1.4697400e+01   1.0000000e+00
   2.1300000e+02   7.2777200e+00  -1.0258000e+01   3.1407100e+01   2.0000000e+00
   2.1400000e+02  -7.0698300e+00   5.8408800e+00   4.4221600e+00   1.0000000e+00
   2.1500000e+02   3.0650900e+00  -6.7966800e+00   3.0799500e+01   2.0000000e+00
   2.1600000e+02   1.7906100e+00   9.4149400e+00   1.6675600e+00   1.0000000e+00
   2.1700000e+02   1.7905100e+01  -6.1806500e+00   3.5562900e+01  -1.0000000e+00
   2.1800000e+02  -1.2771300e+01  -9.4509100e+00   5.9912600e+00   1.0000000e+00
   2.1900000e+02   5.1248200e+00  -6.7526500e+00   3.1191800e+01   2.0000000e+00
   2.2000000e+02  -1.7832800e+01   4.9048100e+00  -1.0412500e+01  -1.0000000e+00
   2.2100000e+02  -1.7079900e+01  -3.6095300e+00  -8.1776900e+00  -1.0000000e+00
   2.2200000e+02  -6.5489500e+00  -3.9164700e-01   5.1791100e+00   1.0000000e+00
   2.2300000e+02  -1.7297900e+00   7.2424700e+00   2.8820100e+00   1.0000000e+00
   2.2400000e+02   1.5746400e+00   1.3588700e+01   2.2930200e+00   1.0000000e+00
   2.2500000e+02  -8.4283100e+00   4.8309400e-01   4.9731800e+00   1.0000000e+00
   2.2600000e+02  -1.1042500e+01  -8.3055900e+00   6.3936000e+00   1.0000000e+00
   2.2700000e+02  -6.1439400e+00  -4.5015900e+00   6.4621900e+00   1.0000000e+00
   2.2800000e+02  -1.0465500e+01   3.4611200e+00   4.9890900e+00   1.0000000e+00
   2.2900000e+02   8.8743100e+00   1.5871100e+01   1.4879400e+00  -1.0000000e+00
   2.3000000e+02   2.0279500e+00  -5.0048000e+00   3.1321400e+01   2.0000000e+00
   2.3100000e+02   1.3168600e+01   4.3320000e+00   4.2225900e+01  -3.0000000e+00
   2.3200000e+02  -4.6517500e+00  -1.2700100e+00   5.2104800e+00  -2.0000000e+00
   2.3300000e+02   1.0197800e+01  -1.1369600e+00   3.1743800e+01   2.0000000e+00
   2.3400000e+02  -3.3378700e+00   4.0191200e+00   4.7439200e+00   1.0000000e+00
   2.3500000e+02  -6.3579600e+00  -2.4478000e+00   5.4924900e+00   1.0000000e+00
   2.3600000e+02  -9.9000700e+00  -2.7844000e+00   5.7705700e+00   1.0000000e+00
   2.3700000e+02  -5.1831500e+00  -1.7811900e+01   3.6033900e+01  -1.0000000e+00
   2.3800000e+02   1.2498000e+01  -1.1920500e+01   3.0742400e+01  -2.0000000e+00
   2.3900000e+02   3.4692800e+00   1.2557700e+01   2.0323900e+00   1.0000000e+00
   2.4000000e+02  -1.7915000e+01   7.0855900e+00   2.7137000e+00  -1.0000000e+00
   2.4100000e+02   7.2075800e+00   4.2826600e+00   4.4243000e+01  -3.0000000e+00
   2.4200000e+02  -1.6349500e+01   1.0372000e+01   4.2332400e+00  -1.0000000e+00
   2.4300000e+02  -1.9278000e+00   1.1392000e+01   2.7361200e+00   1.0000000e+00
   2.4400000e+02  -3.8884200e+00   1.4402500e+01   3.5390000e+00  -2.0000000e+00
   2.4500000e+02  -1.2171700e+01  -1.3679100e+01   7.1703600e+00  -1.0000000e+00
   2.4600000e+02   1.9887000e+00   3.0707900e+00   2.0081700e+01  -2.0000000e+00
   2.4700000e+02  -9.7058800e+00  -4.8856800e+00   6.3359000e+00   1.0000000e+00
   2.4800000e+02   1.2655100e+01   9.3857900e+00   5.7426700e+01  -2.0000000e+00
   2.4900000e+02   1.5371600e+01   7.4438500e-01   3.1560200e+01   2.0000000e+00
   2.5000000e+02  -1.0226400e+00  -1.4000100e+01   3.0309200e+01   2.0000000e+00
   2.5100000e+02  -3.2260200e+00  -1.0507800e+01   3.3080400e+01  -1.0000000e+00
   2.5200000e+02  -4.0629400e+00   1.6450600e+01   1.9261300e+01  -1.0000000e+00
   2.5300000e+02   5.0573600e+00  -3.1273900e+00   3.1437500e+01   2.0000000e+00
   2.5400000e+02   9.1152100e+00   5.0966200e+00   1.2759900e+01  -3.0000000e+00
   2.5500000e+02   6.8209200e-03   8.3616800e+00   2.0684500e+00   1.0000000e+00
   2.5600000e+02  -8.8304500e+00  -1.1213500e+01   7.8465900e+00   1.0000000e+00
   2.5700000e+02   1.0295400e+01  -4.7465100e+00   3.1866500e+01   2.0000000e+00
   2.5800000e+02   1.2681600e+01   1.1445900e+01   5.7676800e+01  -2.0000000e+00
   2.5900000e+02  -2.9830400e+00  -8.5119100e-02   6.5000200e-01  -2.0000000e+00
   2.6000000e+02   1.8668000e+00   7.3534800e+00   1.2510600e+00   1.0000000e+00
   2.6100000e+02  -1.1593000e+01  -4.0354600e+00   6.5134100e+00   1.0000000e+00
   2.6200000e+02   7.0060000e+00   5.7483100e-01   3.1785500e+01   2.0000000e+00
   2.6300000e+02   1.4283800e+01   6.0805600e+00   4.0488200e+01  -2.0000000e+00
   2.6400000e+02  -1.3710400e+01  -1.1337500e+00   5.6868700e+00   1.0000000e+00
   2.6500000e+02  -1.1136600e+00  -3.3137700e+00   3.5711300e+01  -2.0000000e+00
   2.6600000e+02  -1.2639900e+01   8.5744400e+00   3.7247000e+00   1.0000000e+00
   2.6700000e+02  -3.0723300e+00   1.9618800e+00  -3.1985800e-01   0.0000000e+00
   2.6800000e+02   1.0460100e+01  -1.5700300e+01   3.0426400e+01  -1.0000000e+00
   2.6900000e+02   4.0917000e+00  -4.9589400e+00   3.1195700e+01   2.0000000e+00
   2.7000000e+02   3.1617100e+00  -1.3934000e+01   3.0831300e+01   2.0000000e+00
   2.7100000e+02  -2.1949300e+00  -5.0675000e+00   3.1430400e+01  -1.0000000e+00
   2.7200000e+02  -1.2326500e+01   4.3322900e+00   5.0742400e+00   1.0000000e+00
   2.7300000e+02   2.8173400e+00   4.6350100e-01   3.8223700e+01  -2.0000000e+00
   2.7400000e+02  -5.2854200e+00  -1.0749200e+01   2.5127900e+00  -2.0000000e+00
   2.7500000e+02  -4.7362600e+00  -1.2736500e+01   6.0753700e+00  -1.0000000e+00
   2.7600000e+02  -1.0783500e+01   7.6472500e+00   4.1278200e+00   1.0000000e+00
   2.7700000e+02   8.9251900e+00   1.3623400e+01   1.1967300e+00  -2.0000000e+00
   2.7800000e+02   7.1411600e+00  -3.0927500e+00   3.1561800e+01   2.0000000e+00
   2.7900000e+02   1.4599400e+01  -1.1915200e+01   4.6558900e+01  -1.0000000e+00
   2.8000000e+02  -1.7627800e+01   2.8127300e+00   5.8912500e+00  -2.0000000e+00
   2.8100000e+02   1.6400200e+01   2.5547400e+00   3.1437000e+01  -2.0000000e+00
   2.8200000e+02  -1.2742800e+01   1.0642400e+01   3.7485100e+00  -2.0000000e+00
   2.8300000e+02  -9.1326800e+00  -9.1135600e+00   7.6363200e+00   1.0000000e+00
   2.8400000e+02  -1.6105600e-01  -1.4581300e+00   1.4753300e+01  -1.0000000e+00
   2.8500000e+02   1.3368100e+00   1.7784600e+01   2.9087800e+00  -1.0000000e+00
   2.8600000e+02   3.8719600e+00   2.2114000e+00   8.8557000e+00  -3.0000000e+00
   2.8700000e+02   1.2171100e+01   2.5164300e+00   3.1307400e+01   2.0000000e+00
   2.8800000e+02   7.1849600e+00  -6.6831800e+00   3.1408800e+01   2.0000000e+00
   2.8900000e+02   1.3260600e+01   7.2537500e-01   3.1310700e+01   2.0000000e+00
   2.9000000e+02   8.2834800e+00  -8.4122300e+00   3.1288700e+01   2.0000000e+00
   2.9100000e+02  -7.5062500e+00  -7.8652900e+00   7.1587400e+00   1.0000000e+00
   2.9200000e+02   6.9558000e+00   1.6818800e+01   1.7958300e+00  -1.0000000e+00
   2.9300000e+02  -1.0655000e+01   5.5394600e+00   5.0050100e+00   1.0000000e+00
   2.9400000e+02  -5.4381300e+00   9.0557100e+00   3.0859400e+00   1.0000000e+00
   2.9500000e+02   5.2293400e+00  -1.3955700e+01   3.0629300e+01   2.0000000e+00
   2.9600000e+02  -8.6423600e-02   1.0431400e+01   2.3038800e+00   1.0000000e+00
   2.9700000e+02  -2.2086500e+00  -8.6839900e+00   3.5535400e+01  -2.0000000e+00
   2.9800000e+02   1.0858200e+01   8.4025600e+00   2.9170800e+01   1.0000000e+00
   2.9900000e+02  -4.8497500e+00   7.8884000e-01   4.6846600e+00   1.0000000e+00
