   0.0000000e+00   1.1064300e+01   1.4556200e+01  -1.0000000e+00
   1.0000000e+00  -1.7582300e+01   4.0139200e-01   1.0000000e+00
   2.0000000e+00   1.3080700e+01  -5.2953400e+00  -1.0000000e+00
   3.0000000e+00  -1.1474400e+01   7.8641400e+00   1.0000000e+00
   4.0000000e+00  -7.6009400e+00   6.4252800e+00   1.0000000e+00
   5.0000000e+00  -3.5066300e+00  -5.7547600e+00  -1.0000000e+00
   6.0000000e+00   5.6315800e+00   1.6204500e+01  -1.0000000e+00
   7.0000000e+00   1.8106300e+01   3.1042400e-01  -1.0000000e+00
   8.0000000e+00  -5.4256900e+00  -1.6563700e+01  -1.0000000e+00
   9.0000000e+00   3.6784000e+00  -3.7787400e+00  -1.0000000e+00
   1.0000000e+01   5.8413900e+00  -7.2908600e+00  -1.0000000e+00
   1.1000000e+01   1.4846700e+00   1.6651600e+01   1.0000000e+00
   1.2000000e+01  -2.7730400e-01  -1.1064600e+01  -1.0000000e+00
   1.3000000e+01  -1.0276400e+01   1.1218200e+01   1.0000000e+00
   1.4000000e+01   4.8420900e+00  -9.1241100e+00  -1.0000000e+00
   1.5000000e+01   1.4166700e+01  -7.0421700e+00  -1.0000000e+00
   1.6000000e+01  -3.4304700e+00  -9.3476500e+00  -1.0000000e+00
   1.7000000e+01   1.3996700e+01   1.3630000e-01  -1.0000000e+00
   1.8000000e+01  -7.6265400e+00  -5.8144600e+00   1.0000000e+00
   1.9000000e+01  -1.0693700e+01   1.3273400e+01   1.0000000e+00
   2.0000000e+01  -6.5067000e+00  -1.1202100e+01  -1.0000000e+00
   2.1000000e+01  -1.0087600e+01  -2.6624900e-01   1.0000000e+00
   2.2000000e+01   1.0271900e+01   1.2661800e+01  -1.0000000e+00
   2.3000000e+01   1.1002700e+01  -5.3656800e+00  -1.0000000e+00
   2.4000000e+01  -1.0685200e+01  -1.1180200e+01   1.0000000e+00
   2.5000000e+01  -4.8384100e+00   1.6536700e+00   1.0000000e+00
   2.6000000e+01   2.0314200e+00   1.2277600e+01   1.0000000e+00
   2.7000000e+01  -1.5679500e+01  -8.0335200e+00   1.0000000e+00
   2.8000000e+01  -1.6652500e+01  -9.8417000e+00   1.0000000e+00
   2.9000000e+01   4.8891300e+00   1.4285900e+01  -1.0000000e+00
   3.0000000e+01  -1.1657600e+01  -1.6311900e+00   1.0000000e+00
   3.1000000e+01   1.6328500e+01  -1.0686700e+01  -1.0000000e+00
   3.2000000e+01  -1.2772600e+01   4.4657800e+00   1.0000000e+00
   3.3000000e+01  -1.2952800e+00  -1.2893000e+01  -1.0000000e+00
   3.4000000e+01  -3.2686700e+00   2.9897300e+00   1.0000000e+00
   3.5000000e+01  -8.6086800e+00  -1.1214800e+01   1.0000000e+00
   3.6000000e+01   1.1057900e+01  -8.9511000e+00  -1.0000000e+00
   3.7000000e+01   3.1352700e+00   1.0530100e+01  -1.0000000e+00
   3.8000000e+01   1.3241900e+01  -1.2439800e+01  -1.0000000e+00
   3.9000000e+01  -1.0465200e+01   1.7414600e+00   1.0000000e+00
   4.0000000e+01  -7.2180300e+00   4.3670100e+00   1.0000000e+00
   4.1000000e+01  -3.6076600e+00  -2.1735600e+00  -1.0000000e+00
   4.2000000e+01  -5.4379600e+00  -1.2997400e+01  -1.0000000e+00
   4.3000000e+01   1.7343300e+01  -5.2241700e+00  -1.0000000e+00
   4.4000000e+01   1.4760800e+01   5.5968300e+00  -1.0000000e+00
   4.5000000e+01  -1.4218000e+01   1.2591400e+01   1.0000000e+00
   4.6000000e+01  -1.7618900e+00   1.5704800e+00  -1.0000000e+00
   4.7000000e+01   1.2707200e+01   5.4725600e+00  -1.0000000e+00
   4.8000000e+01   1.2075300e+01  -7.1365800e+00  -1.0000000e+00
   4.9000000e+01  -6.7648200e+00  -3.9332100e+00   1.0000000e+00
   5.0000000e+01   4.0882800e+00   1.2393700e+01  -1.0000000e+00
   5.1000000e+01  -1.2649400e+01   1.3994800e+01   1.0000000e+00
   5.2000000e+01  -1.2808900e+00   3.6079700e+00  -1.0000000e+00
   5.3000000e+01   5.1968700e+00   1.0638300e+01  -1.0000000e+00
   5.4000000e+01  -7.5441900e+00   1.5977300e+01   1.0000000e+00
   5.5000000e+01  -8.8189100e+00  -4.1519400e+00   1.0000000e+00
   5.6000000e+01  -1.3989500e+01   1.0888600e+00   1.0000000e+00
   5.7000000e+01   1.0777700e+01   1.8356700e+00  -1.0000000e+00
   5.8000000e+01   6.5015300e+00   5.2866100e+00  -1.0000000e+00
   5.9000000e+01   7.0291300e+00  -1.2649700e+01  -1.0000000e+00
   6.0000000e+01   8.1038400e+00  -1.4419800e+01  -1.0000000e+00
   6.1000000e+01  -1.2043900e+01   4.0372100e-01   1.0000000e+00
   6.2000000e+01  -1.1219400e+01  -3.6533800e+00   1.0000000e+00
   6.3000000e+01   7.4356400e+00   7.1397800e+00  -1.0000000e+00
   6.4000000e+01  -1.4814300e+01  -4.3165100e+00   1.0000000e+00
   6.5000000e+01  -1.5189300e+01  -2.2824500e+00   1.0000000e+00
   6.6000000e+01   7.2721200e-01  -9.2598300e+00  -1.0000000e+00
   6.7000000e+01  -9.1372300e+00   1.4637400e+01   1.0000000e+00
   6.8000000e+01  -2.5895100e+00  -3.2077900e-01  -1.0000000e+00
   6.9000000e+01   1.6250000e+00  -3.8012300e+00  -1.0000000e+00
   7.0000000e+01  -9.2348700e-01   9.8607600e+00   1.0000000e+00
   7.1000000e+01   1.3008300e+01  -1.6818600e+00  -1.0000000e+00
   7.2000000e+01   1.3202900e+01   1.4738500e+01  -1.0000000e+00
   7.3000000e+01   6.3402700e+00   8.8829300e+00  -1.0000000e+00
   7.4000000e+01   9.8230100e+00   1.3474400e-02  -1.0000000e+00
   7.5000000e+01   7.2587800e+00   1.0727400e+01  -1.0000000e+00
   7.6000000e+01   1.2237900e+01  -1.4320500e+01  -1.0000000e+00
   7.7000000e+01  -5.2574900e+00   3.6764800e+00   1.0000000e+00
   7.8000000e+01   6.9546500e+00   1.4357800e+01  -1.0000000e+00
   7.9000000e+01  -1.7140100e+00   1.3973100e+01   1.0000000e+00
   8.0000000e+01  -5.1787300e+00   1.3302000e+01   1.0000000e+00
   8.1000000e+01  -1.2947200e+00   1.1909000e+01   1.0000000e+00
   8.2000000e+01   2.8679600e+00  -1.2776900e+01  -1.0000000e+00
   8.3000000e+01  -4.4827300e+00  -7.5723500e+00  -1.0000000e+00
   8.4000000e+01   1.7067000e+00  -7.4494800e+00  -1.0000000e+00
   8.5000000e+01  -1.6825200e+01   5.8282500e+00   1.0000000e+00
   8.6000000e+01   9.0968200e+00  -1.2587500e+01  -1.0000000e+00
   8.7000000e+01  -3.6009300e+00   5.0379900e+00   1.0000000e+00
   8.8000000e+01  -1.7093500e+01   7.9201900e+00   1.0000000e+00
   8.9000000e+01  -3.6190600e-01  -7.4875000e+00  -1.0000000e+00
   9.0000000e+01  -3.6440000e+00   1.4659600e+01   1.0000000e+00
   9.1000000e+01   6.1547800e+00   1.2466000e+01  -1.0000000e+00
   9.2000000e+01   1.2002100e+01  -3.5399400e+00  -1.0000000e+00
   9.3000000e+01  -8.6354700e+00  -1.4791400e+01  -1.0000000e+00
   9.4000000e+01   1.2565900e+01   9.1562800e+00  -1.0000000e+00
   9.5000000e+01   2.4313600e+00   1.6003600e+00  -1.0000000e+00
   9.6000000e+01  -2.1253300e+00  -1.8444700e+01  -1.0000000e+00
   9.7000000e+01   8.3083100e-01   3.6146000e+00  -1.0000000e+00
   9.8000000e+01  -9.5334500e+00   7.1442000e+00   1.0000000e+00
   9.9000000e+01   1.1781800e+01   3.6437300e+00  -1.0000000e+00
   1.0000000e+02   9.7048800e+00   3.6015100e+00  -1.0000000e+00
   1.0100000e+02  -1.2231100e+01   1.1894800e+01   1.0000000e+00
   1.0200000e+02  -2.2379500e+00  -1.4750600e+01  -1.0000000e+00
   1.0300000e+02  -1.4380300e+01   3.1198200e+00   1.0000000e+00
   1.0400000e+02   1.0897000e+01  -1.7788200e+00  -1.0000000e+00
   1.0500000e+02   1.7317900e+01  -8.7806500e+00  -1.0000000e+00
   1.0600000e+02   9.8244400e+00   1.6340800e+01  -1.0000000e+00
   1.0700000e+02   9.0039600e+00  -8.9991900e+00  -1.0000000e+00
   1.0800000e+02  -3.3435700e+00  -1.2995300e+01  -1.0000000e+00
   1.0900000e+02  -2.5870200e-01   5.4483700e+00  -1.0000000e+00
   1.1000000e+02  -3.8869700e+00   1.6952300e+01   1.0000000e+00
   1.1100000e+02   2.2700300e+00   5.0735200e+00  -1.0000000e+00
   1.1200000e+02   2.7804300e+00  -9.1908700e+00  -1.0000000e+00
   1.1300000e+02   7.8113700e+00  -3.6427600e+00  -1.0000000e+00
   1.1400000e+02   1.5127700e+00  -2.3816900e-01  -1.0000000e+00
   1.1500000e+02   1.0066800e+01  -1.0778000e+01  -1.0000000e+00
   1.1600000e+02   1.5162600e+01  -5.1870800e+00  -1.0000000e+00
   1.1700000e+02  -4.5212000e-01  -3.8770700e+00  -1.0000000e+00
   1.1800000e+02   5.7471200e+00  -3.6731900e+00  -1.0000000e+00
   1.1900000e+02  -7.9462100e+00   8.4970400e+00   1.0000000e+00
   1.2000000e+02  -4.0426800e+00   7.0649900e+00   1.0000000e+00
   1.2100000e+02   1.7798300e+00  -1.1033100e+01  -1.0000000e+00
   1.2200000e+02  -4.8130000e+00   1.1210500e+01   1.0000000e+00
   1.2300000e+02   2.6046500e+00  -1.9908600e+00  -1.0000000e+00
   1.2400000e+02  -1.5959600e+01   1.7979300e+00   1.0000000e+00
   1.2500000e+02   7.9146800e+00  -7.2583200e+00  -1.0000000e+00
   1.2600000e+02  -1.7337500e-01  -1.4691900e+01  -1.0000000e+00
   1.2700000e+02   1.1397500e+01   1.0930700e+01  -1.0000000e+00
   1.2800000e+02   6.8558900e+00  -5.4962600e+00  -1.0000000e+00
   1.2900000e+02  -4.4294500e+00  -1.1155100e+01  -1.0000000e+00
   1.3000000e+02  -2.4216500e+00  -7.5306100e+00  -1.0000000e+00
   1.3100000e+02   5.6453500e+00  -1.2792800e-01  -1.0000000e+00
   1.3200000e+02   5.3916900e-01  -2.0562600e+00  -1.0000000e+00
   1.3300000e+02  -1.0671400e+01  -7.5740200e+00   1.0000000e+00
   1.3400000e+02   7.1334800e+00  -1.6279200e+01  -1.0000000e+00
   1.3500000e+02   1.0165200e+01  -1.4332000e+01  -1.0000000e+00
   1.3600000e+02   1.3846300e+01   3.7555700e+00  -1.0000000e+00
   1.3700000e+02   1.0637000e+01   5.4705100e+00  -1.0000000e+00
   1.3800000e+02  -4.3779500e+00  -1.4786600e+01  -1.0000000e+00
   1.3900000e+02   4.2853600e+00   8.7802800e+00  -1.0000000e+00
   1.4000000e+02   6.6617100e+00   1.6986500e+00  -1.0000000e+00
   1.4100000e+02  -1.5846800e+01   1.1314900e+01   1.0000000e+00
   1.4200000e+02   6.8966200e+00  -9.0703700e+00  -1.0000000e+00
   1.4300000e+02  -1.2410700e+01   2.4319600e+00   1.0000000e+00
   1.4400000e+02  -7.5609900e+00  -1.2975700e+01  -1.0000000e+00
   1.4500000e+02   1.3169200e+01  -8.8857000e+00  -1.0000000e+00
   1.4600000e+02  -1.6377600e+01   3.7983500e+00   1.0000000e+00
   1.4700000e+02   1.7237700e+01   2.2177300e+00  -1.0000000e+00
   1.4800000e+02   3.3071400e+00   6.9441900e+00  -1.0000000e+00
   1.4900000e+02  -1.1749600e+01  -1.2986300e+01   1.0000000e+00
   1.5000000e+02  -9.4596000e+00   1.6730800e+01   1.0000000e+00
   1.5100000e+02  -2.3658900e+00  -1.1113000e+01  -1.0000000e+00
   1.5200000e+02  -9.1882500e+00   5.1146600e+00   1.0000000e+00
   1.5300000e+02   7.7673600e+00   1.6246800e+01  -1.0000000e+00
   1.5400000e+02  -1.3909800e+01  -1.2939900e+01   1.0000000e+00
   1.5500000e+02  -4.7103200e+00  -3.9095000e+00   1.0000000e+00
   1.5600000e+02  -1.1079900e+01   1.5422300e+01   1.0000000e+00
   1.5700000e+02   1.1604200e+01   7.2804900e+00  -1.0000000e+00
   1.5800000e+02   8.5784500e+00   5.4058100e+00  -1.0000000e+00
   1.5900000e+02  -1.1498000e+00  -1.6526500e+01  -1.0000000e+00
   1.6000000e+02   6.5754400e-01  -5.6800800e+00  -1.0000000e+00
   1.6100000e+02  -9.6698600e+00  -9.3889900e+00   1.0000000e+00
   1.6200000e+02  -1.2816900e+01  -1.4921300e+01   1.0000000e+00
   1.6300000e+02  -1.3435200e+01   8.5286000e+00   1.0000000e+00
   1.6400000e+02   1.6230500e+01  -6.9743300e+00  -1.0000000e+00
   1.6500000e+02  -2.5112000e+00  -3.9343400e+00  -1.0000000e+00
   1.6600000e+02   8.8337600e+00  -1.8542400e+00  -1.0000000e+00
   1.6700000e+02  -1.1121600e+01   5.8175400e+00   1.0000000e+00
   1.6800000e+02  -9.9018000e+00   9.1945300e+00   1.0000000e+00
   1.6900000e+02   3.4663000e+00   1.5959000e+01   1.0000000e+00
   1.7000000e+02   1.4272800e+01  -1.0637400e+01  -1.0000000e+00
   1.7100000e+02  -5.7508700e+00  -2.1330400e+00   1.0000000e+00
   1.7200000e+02  -1.0702000e+01  -1.4809700e+01   1.0000000e+00
   1.7300000e+02  -1.2814000e+01  -1.1122800e+01   1.0000000e+00
   1.7400000e+02  -7.1818500e+00   1.3923700e+01   1.0000000e+00
   1.7500000e+02   5.3845800e+00   7.0392200e+00  -1.0000000e+00
   1.7600000e+02  -1.4870300e+01  -1.0924800e+01   1.0000000e+00
   1.7700000e+02  -1.2522300e+01  -5.2380100e+00   1.0000000e+00
   1.7800000e+02   9.4984400e+00   7.2432000e+00  -1.0000000e+00
   1.7900000e+02  -7.7284000e+00  -1.5385100e+00   1.0000000e+00
   1.8000000e+02  -8.8511400e+00   3.0715600e+00   1.0000000e+00
   1.8100000e+02  -2.5127000e+00   8.4705900e+00   1.0000000e+00
   1.8200000e+02   6.7521700e+00  -1.8709000e+00  -1.0000000e+00
   1.8300000e+02   1.3708700e+01   7.3660600e+00  -1.0000000e+00
   1.8400000e+02  -1.5116200e+01   7.1614800e+00   1.0000000e+00
   1.8500000e+02   7.5706000e-01  -1.2837900e+01  -1.0000000e+00
   1.8600000e+02   8.7257800e+00   1.7888000e+00  -1.0000000e+00
   1.8700000e+02  -4.6451400e+00  -4.0073700e-01   1.0000000e+00
   1.8800000e+02  -1.7132500e+01  -1.6089600e+00   1.0000000e+00
   1.8900000e+02  -2.8831900e+00   1.0522700e+01   1.0000000e+00
   1.9000000e+02  -9.6638800e+00  -2.2815100e+00   1.0000000e+00
   1.9100000e+02  -1.8430700e+01  -4.9229800e+00   1.0000000e+00
   1.9200000e+02   9.3251700e+00   1.0824300e+01  -1.0000000e+00
   1.9300000e+02   1.8678400e+00  -1.4585500e+01  -1.0000000e+00
   1.9400000e+02  -1.1852200e+01   9.8723600e+00   1.0000000e+00
   1.9500000e+02   5.9472400e+00  -1.0901200e+01  -1.0000000e+00
   1.9600000e+02   1.3462700e+01   1.1026800e+01  -1.0000000e+00
   1.9700000e+02   1.2095700e-02  -1.8305500e+01  -1.0000000e+00
   1.9800000e+02   5.5699000e+00   3.4558500e+00  -1.0000000e+00
   1.9900000e+02  -3.3029100e+00  -1.6721700e+01  -1.0000000e+00
   2.0000000e+02  -4.4427400e+00   9.1542500e+00   1.0000000e+00
   2.0100000e+02   1.5906700e+01   3.8915000e+00  -1.0000000e+00
   2.0200000e+02   8.2088400e+00   1.2562100e+01  -1.0000000e+00
   2.0300000e+02   1.6047600e+01   2.0119000e-01  -1.0000000e+00
   2.0400000e+02   2.3174200e-01   1.3297400e+01   1.0000000e+00
   2.0500000e+02   1.2134600e+01  -1.0696900e+01  -1.0000000e+00
   2.0600000e+02  -2.0459600e+00   1.6003000e+01   1.0000000e+00
   2.0700000e+02  -2.0687400e+00   6.4248500e+00   1.0000000e+00
   2.0800000e+02   2.1625000e+00   8.7056200e+00  -1.0000000e+00
   2.0900000e+02   1.4621900e+01   9.2192000e+00  -1.0000000e+00
   2.1000000e+02  -9.9845800e-02   1.5343000e+01   1.0000000e+00
   2.1100000e+02   2.9823800e+00  -1.6445600e+01  -1.0000000e+00
   2.1200000e+02  -3.2368600e+00   1.2568700e+01   1.0000000e+00
   2.1300000e+02   8.9402900e+00  -5.4153800e+00  -1.0000000e+00
   2.1400000e+02  -5.4184900e-01  -2.8063100e-01  -1.0000000e+00
   2.1500000e+02  -6.5606600e+00  -1.4770800e+01  -1.0000000e+00
   2.1600000e+02  -5.9410400e+00   1.7400200e+01   1.0000000e+00
   2.1700000e+02  -1.4405400e+00  -5.7181100e+00  -1.0000000e+00
   2.1800000e+02   5.0588800e+00  -1.6478900e+01  -1.0000000e+00
   2.1900000e+02   1.6233000e+01  -3.4274900e+00  -1.0000000e+00
   2.2000000e+02  -5.5763800e+00  -5.7849300e+00   1.0000000e+00
   2.2100000e+02  -1.3142600e+01   6.4947600e+00   1.0000000e+00
   2.2200000e+02  -1.3860500e+01  -9.1364500e+00   1.0000000e+00
   2.2300000e+02   7.7723900e+00  -4.7796700e-02  -1.0000000e+00
   2.2400000e+02   1.7122400e+01  -1.5495600e+00  -1.0000000e+00
   2.2500000e+02  -5.9778600e+00   7.7871500e+00   1.0000000e+00
   2.2600000e+02  -1.1743500e+01  -9.3588200e+00   1.0000000e+00
   2.2700000e+02  -1.2722300e+01  -7.3945300e+00   1.0000000e+00
   2.2800000e+02   3.5769900e+00  -1.6904100e-01  -1.0000000e+00
   2.2900000e+02   3.7683600e+00  -7.3519000e+00  -1.0000000e+00
   2.3000000e+02   1.6828800e+01   9.2754800e+00  -1.0000000e+00
   2.3100000e+02  -1.7972000e+01   2.4229800e+00   1.0000000e+00
   2.3200000e+02  -1.8764300e+01  -2.8636700e+00   1.0000000e+00
   2.3300000e+02   9.1856400e+00  -1.6216200e+01  -1.0000000e+00
   2.3400000e+02  -1.0800800e+01   3.7690400e+00   1.0000000e+00
   2.3500000e+02   3.5562000e-01   1.6001700e+00  -1.0000000e+00
   2.3600000e+02  -1.3745600e+00  -9.3066400e+00  -1.0000000e+00
   2.3700000e+02   1.1910800e+01   7.6527800e-02  -1.0000000e+00
   2.3800000e+02  -1.5444900e+01   9.2302900e+00   1.0000000e+00
   2.3900000e+02  -1.3181100e+01  -3.0440000e+00   1.0000000e+00
   2.4000000e+02   1.4508300e+01  -1.4062400e+01  -1.0000000e+00
   2.4100000e+02  -1.5394500e+00  -2.1114900e+00  -1.0000000e+00
   2.4200000e+02   1.4401400e+01   1.2974600e+01  -1.0000000e+00
   2.4300000e+02  -1.4739500e+01   5.1357100e+00   1.0000000e+00
   2.4400000e+02   3.9700200e+00  -1.4581400e+01  -1.0000000e+00
   2.4500000e+02   6.0228400e+00  -1.4547600e+01  -1.0000000e+00
   2.4600000e+02  -1.3622400e+01  -9.2614400e-01   1.0000000e+00
   2.4700000e+02  -5.6076600e+00   1.5307000e+01   1.0000000e+00
   2.4800000e+02   1.0009300e+01  -7.1770100e+00  -1.0000000e+00
   2.4900000e+02  -7.5898600e+00  -1.6618300e+01  -1.0000000e+00
   2.5000000e+02   1.5760600e+01   7.4025700e+00  -1.0000000e+00
   2.5100000e+02   4.5925200e+00   1.6552400e+00  -1.0000000e+00
   2.5200000e+02  -6.5382800e+00  -7.6218900e+00   1.0000000e+00
   2.5300000e+02   3.1686200e+00   1.8001400e+01   1.0000000e+00
   2.5400000e+02   1.7190100e+01   5.5489700e+00  -1.0000000e+00
   2.5500000e+02   4.4499000e+00   5.1861600e+00  -1.0000000e+00
   2.5600000e+02   1.5065700e+01  -1.6316200e+00  -1.0000000e+00
   2.5700000e+02   1.0710100e+00   1.0456600e+01   1.0000000e+00
   2.5800000e+02   1.1158300e+01  -1.2527700e+01  -1.0000000e+00
   2.5900000e+02  -7.5671400e+00  -9.4125500e+00   1.0000000e+00
   2.6000000e+02  -1.5584800e+01  -2.3804600e-01   1.0000000e+00
   2.6100000e+02   1.2323600e+01   1.2850600e+01  -1.0000000e+00
   2.6200000e+02  -5.6335300e+00   5.7285600e+00   1.0000000e+00
   2.6300000e+02  -9.6907200e+00  -1.2995100e+01   1.0000000e+00
   2.6400000e+02   4.9669700e+00  -1.2770400e+01  -1.0000000e+00
   2.6500000e+02  -5.4908700e+00  -9.3988900e+00  -1.0000000e+00
   2.6600000e+02   4.6577900e+00  -1.9159300e+00  -1.0000000e+00
   2.6700000e+02  -4.3811700e-01   1.7529700e+01   1.0000000e+00
   2.6800000e+02   3.8414200e+00  -1.0967900e+01  -1.0000000e+00
   2.6900000e+02   7.6447200e+00   3.5677000e+00  -1.0000000e+00
   2.7000000e+02  -8.7539600e+00   1.2601600e+01   1.0000000e+00
   2.7100000e+02   2.0261100e+00   1.4335500e+01   1.0000000e+00
   2.7200000e+02   8.3876500e+00   8.9804600e+00  -1.0000000e+00
   2.7300000e+02   1.5248000e+01  -8.8105200e+00  -1.0000000e+00
   2.7400000e+02  -6.7619900e+00   1.1896200e+01   1.0000000e+00
   2.7500000e+02   1.2872900e+01   1.8994300e+00  -1.0000000e+00
   2.7600000e+02   1.2338400e+00   6.8644300e+00  -1.0000000e+00
   2.7700000e+02  -6.3799800e+00   9.8373700e+00   1.0000000e+00
   2.7800000e+02   3.4635900e+00   3.3815000e+00  -1.0000000e+00
   2.7900000e+02   1.5611500e+01   1.1028500e+01  -1.0000000e+00
   2.8000000e+02  -1.4480100e+01  -6.3428800e+00   1.0000000e+00
   2.8100000e+02   9.1350300e-01  -1.6452800e+01  -1.0000000e+00
   2.8200000e+02  -6.8329900e+00   2.3273600e+00   1.0000000e+00
   2.8300000e+02  -1.3861400e+01   1.0564900e+01   1.0000000e+00
   2.8400000e+02  -5.6717000e-01   7.8415700e+00   1.0000000e+00
   2.8500000e+02  -6.5928000e+00   2.7724100e-01   1.0000000e+00
   2.8600000e+02   9.9350300e+00  -3.6096100e+00  -1.0000000e+00
   2.8700000e+02   9.0103100e+00   1.4456600e+01  -1.0000000e+00
   2.8800000e+02   7.9980900e+00  -1.0818300e+01  -1.0000000e+00
   2.8900000e+02   1.0478000e+01   9.0668900e+00  -1.0000000e+00
   2.9000000e+02   4.7782100e+00  -5.5192000e+00  -1.0000000e+00
   2.9100000e+02   1.1242100e+01  -1.6177600e+01  -1.0000000e+00
   2.9200000e+02  -8.3258500e+00   1.0512000e+01   1.0000000e+00
   2.9300000e+02   1.4078300e+01  -3.4406400e+00  -1.0000000e+00
   2.9400000e+02  -1.0352000e+01  -5.5338400e+00   1.0000000e+00
   2.9500000e+02   1.4956500e+01   1.9701800e+00  -1.0000000e+00
   2.9600000e+02  -1.6802800e+01  -3.6357600e+00   1.0000000e+00
   2.9700000e+02  -1.6473200e+01  -5.7592800e+00   1.0000000e+00
   2.9800000e+02  -8.4973000e+00   1.0501100e+00   1.0000000e+00
   2.9900000e+02  -8.6228200e+00  -7.6207900e+00   1.0000000e+00
