   0.0000000e+00   9.6034000e+00  -1.0004200e+01   4.7287400e+01   1.0000000e+00
   1.0000000e+00   1.3094300e+01  -1.0777400e+01   4.7822700e+01  -2.0000000e+00
   2.0000000e+00   7.4343800e+00  -3.1554900e+00   4.7491300e+01   1.0000000e+00
   3.0000000e+00  -6.9396600e+00   1.4877600e+01   4.7409400e+01  -2.0000000e+00
   4.0000000e+00   1.0343600e+01   1.4774400e+00   4.7309600e+01   1.0000000e+00
   5.0000000e+00   2.0566300e+00   1.3997500e+01   4.7111200e+01   1.0000000e+00
   6.0000000e+00   6.1529600e+00  -1.6944400e+01   5.1027900e+01  -1.0000000e+00
   7.0000000e+00  -1.1467400e+01  -1.0768300e+01   2.1393000e+01  -2.0000000e+00
   8.0000000e+00  -1.0611800e+01   1.5532600e+01   4.9456700e+01  -1.0000000e+00
   9.0000000e+00   1.5013200e+00  -5.0586000e+00   6.0305500e+01   1.0000000e+00
   1.0000000e+01   8.1145200e+00   8.3374700e+00   4.7547900e+01   1.0000000e+00
   1.1000000e+01   1.7190600e+01   7.4972600e+00   4.8903000e+01  -1.0000000e+00
   1.2000000e+01  -9.2816800e+00  -1.6786600e+01   1.9831500e+01  -1.0000000e+00
   1.3000000e+01  -1.8699900e+00  -1.6174000e+01   2.0808600e+01  -2.0000000e+00
   1.4000000e+01   1.2469200e+01   1.1586600e+01   4.7572100e+01  -2.0000000e+00
   1.5000000e+01  -8.6865100e-01  -7.7435900e+00   4.9639900e+01  -3.0000000e+00
   1.6000000e+01  -1.3007900e+01   1.2882000e+01   6.0967600e+01  -2.0000000e+00
   1.7000000e+01  -1.4911300e+01   1.2043600e+01   4.6167400e+01  -1.0000000e+00
   1.8000000e+01  -1.4835200e+01   2.3795900e+00   2.1635900e+01   2.0000000e+00
   1.9000000e+01  -1.5122700e+01  -6.5968800e+00   2.1713000e+01  -2.0000000e+00
   2.0000000e+01  -1.0750600e+01  -1.2695200e+01   2.0780600e+01  -2.0000000e+00
   2.1000000e+01   4.3786200e+00  -4.0510500e-01   4.7633600e+01   1.0000000e+00
   2.2000000e+01   1.0133300e+01  -1.5580600e+01   4.8145200e+01  -1.0000000e+00
   2.3000000e+01  -1.3997100e+00   7.1695700e+00   4.7351900e+01   1.0000000e+00
   2.4000000e+01  -1.1016500e+01   1.3494600e+01   4.8905300e+01  -2.0000000e+00
   2.5000000e+01  -2.9924000e+00   1.6198900e+01   3.4085100e+01  -2.0000000e+00
   2.6000000e+01  -4.4835000e-01   1.1276400e+01   4.6792200e+01   1.0000000e+00
   2.7000000e+01   1.0771300e+01   3.5171200e+00   4.7833800e+01   1.0000000e+00
   2.8000000e+01   7.4597900e+00   1.3811400e+01   4.6694200e+01  -2.0000000e+00
   2.9000000e+01  -9.6920800e+00  -5.6191900e+00   2.1484300e+01   2.0000000e+00
   3.0000000e+01  -2.9756500e+00  -2.8663900e+00   2.0371100e+01  -3.0000000e+00
   3.1000000e+01   5.0234000e+00   1.1115700e+01   4.7816400e+01   1.0000000e+00
   3.2000000e+01   2.3949100e+00  -1.0357200e+00   4.8010100e+01   1.0000000e+00
   3.3000000e+01  -9.8259000e+00   1.0218700e+01   3.8088500e+01  -3.0000000e+00
   3.4000000e+01  -1.6128600e+01   7.6873700e-01   2.1391000e+01  -2.0000000e+00
   3.5000000e+01  -9.9916300e-01   1.6781100e+01   4.8021000e+01  -1.0000000e+00
   3.6000000e+01  -1.9582500e+00   1.2733900e+01   4.7051200e+01   1.0000000e+00
   3.7000000e+01   1.8458300e+01   4.0259600e+00   4.6712400e+01  -1.0000000e+00
   3.8000000e+01   1.4668300e+01  -1.2169600e+01   6.3187800e+01  -1.0000000e+00
   3.9000000e+01   1.9341500e+00  -3.0405700e+00   4.7834400e+01   1.0000000e+00
   4.0000000e+01  -1.7699400e+01   4.6844200e+00   2.2320200e+01  -1.0000000e+00
   4.1000000e+01  -6.3635200e+00   9.3843000e+00   4.7139000e+01   1.0000000e+00
   4.2000000e+01   3.6743700e+00  -1.1960700e+01   4.9200600e+01   1.0000000e+00
   4.3000000e+01  -1.8213300e+01   1.1437400e+00   2.0841800e+01  -1.0000000e+00
   4.4000000e+01   8.3640700e+00   8.5792700e-01   4.7499300e+01   1.0000000e+00
   4.5000000e+01   1.8461200e+01  -3.4622300e+00   1.7244800e+01  -1.0000000e+00
   4.6000000e+01  -7.8894800e+00  -3.8505900e-01   2.2098800e+01   2.0000000e+00
   4.7000000e+01  -1.3033700e+01  -6.9160300e+00   2.1555400e+01   2.0000000e+00
   4.8000000e+01  -8.4363200e+00   1.6294500e+01   4.7780900e+01  -1.0000000e+00
   4.9000000e+01   1.4234200e+01  -1.4209300e+01   4.8354300e+01  -1.0000000e+00
   5.0000000e+01   1.4557700e+00  -1.4992500e+01   4.7754400e+01  -2.0000000e+00
   5.1000000e+01   7.8613900e-02   1.3367500e+01   4.6896100e+01   1.0000000e+00
   5.2000000e+01   1.1588100e+01  -9.3704000e+00   4.7488900e+01   1.0000000e+00
   5.3000000e+01  -3.4442400e+00   1.4141800e+01   4.7540200e+01   1.0000000e+00
   5.4000000e+01  -6.8585900e+00  -7.8350400e+00   2.1798600e+01   2.0000000e+00
   5.5000000e+01   1.2055000e+01   9.5688700e+00   4.8268000e+01   1.0000000e+00
   5.6000000e+01  -1.1685900e+01   9.3185700e+00   4.3401100e+01  -3.0000000e+00
   5.7000000e+01   6.1329700e+00  -9.2335500e+00   4.8071000e+01   1.0000000e+00
   5.8000000e+01  -1.0988900e+01  -7.2067500e+00   2.1723100e+01   2.0000000e+00
   5.9000000e+01   2.2281400e+00  -1.6925500e+01   1.1488800e+01  -1.0000000e+00
   6.0000000e+01   1.5862800e+01   1.3768700e+00   4.7410300e+01  -2.0000000e+00
   6.1000000e+01  -1.4360800e+01  -8.5228400e+00   2.1416800e+01  -2.0000000e+00
   6.2000000e+01   9.4542200e+00   1.4404300e+01   3.4370700e+01  -2.0000000e+00
   6.3000000e+01   5.3176300e-01   1.5387000e+01   4.8387200e+01  -2.0000000e+00
   6.4000000e+01  -4.5570000e+00   9.4173200e-01   9.8561300e+00  -3.0000000e+00
   6.5000000e+01  -1.3446600e+01   1.0439700e+01   3.7422900e+01  -2.0000000e+00
   6.6000000e+01   3.6932300e+00   5.0512100e+00   4.7849500e+01   1.0000000e+00
   6.7000000e+01  -2.8858600e+00   8.6018700e+00   4.7141500e+01   1.0000000e+00
   6.8000000e+01   7.6821500e+00   6.3124900e+00   4.7603100e+01   1.0000000e+00
   6.9000000e+01  -1.6447700e+01   6.3280800e+00   2.0330900e+01  -2.0000000e+00
   7.0000000e+01   2.9271000e+00   1.8144900e+01   4.6818800e+01  -1.0000000e+00
   7.1000000e+01  -3.8684500e+00   4.4464100e+00   3.9115300e+01  -3.0000000e+00
   7.2000000e+01   1.2710500e+01  -1.2818600e+01   4.8498400e+01  -2.0000000e+00
   7.3000000e+01   5.9467800e-01   7.8071900e+00   4.7461800e+01   1.0000000e+00
   7.4000000e+01  -2.5905200e+00  -1.4196000e+01   2.0054200e+01   2.0000000e+00
   7.5000000e+01   3.4748600e+00  -4.4154700e+00   4.7998600e+01   1.0000000e+00
   7.6000000e+01  -7.2337500e+00  -1.7027800e+01   2.0165700e+01  -1.0000000e+00
   7.7000000e+01  -7.4015300e+00   1.2862800e+01   4.7317900e+01   1.0000000e+00
   7.8000000e+01   1.2980900e+01   1.3628700e+01   3.1738200e+01  -1.0000000e+00
   7.9000000e+01   8.7986100e+00   2.9002800e+00   4.8181100e+01   1.0000000e+00
   8.0000000e+01   1.0069200e+01  -7.9840400e+00   4.7388400e+01   1.0000000e+00
   8.1000000e+01   5.8921000e+00  -1.7818500e+00   4.7507600e+01   1.0000000e+00
   8.2000000e+01   8.0399100e+00   1.5960300e+01   3.1103200e+01  -1.0000000e+00
   8.3000000e+01  -2.2918700e+00  -4.8082300e+00   2.8573700e+01  -3.0000000e+00
   8.4000000e+01   1.1414700e+01  -1.9364500e+00   4.7434700e+01   1.0000000e+00
   8.5000000e+01  -1.5557500e+01   1.0015500e+01   4.3887400e+01  -1.0000000e+00
   8.6000000e+01  -5.4121600e+00   1.3470900e+01   4.7500100e+01   1.0000000e+00
   8.7000000e+01  -3.9211500e+00   1.2060500e+01   4.7160300e+01   1.0000000e+00
   8.8000000e+01  -4.6260200e+00  -1.3829600e+01   2.0047100e+01   2.0000000e+00
   8.9000000e+01  -2.7776600e+00  -8.5616100e+00   1.4808900e+01  -3.0000000e+00
   9.0000000e+01  -1.7230700e+01  -6.3258700e+00   2.2142500e+01  -1.0000000e+00
   9.1000000e+01   7.0035700e+00  -5.1649300e+00   4.7687200e+01   1.0000000e+00
   9.2000000e+01  -1.2777200e+01   2.1052100e+00   2.2176800e+01   2.0000000e+00
   9.3000000e+01   2.1286800e+00  -1.0593300e+01   4.6221500e+01   1.0000000e+00
   9.4000000e+01   1.1644900e+01   7.5463700e+00   4.7781600e+01   1.0000000e+00
   9.5000000e+01   2.1199500e+00   6.4286100e+00   4.7816400e+01   1.0000000e+00
   9.6000000e+01  -1.0260400e+01   5.3507000e+00   1.9306600e+01  -3.0000000e+00
   9.7000000e+01   1.4874100e-01   5.8099300e+00   4.7899600e+01   1.0000000e+00
   9.8000000e+01  -8.7833100e+00   6.7699400e+00   4.4876500e+01  -3.0000000e+00
   9.9000000e+01   3.2929900e+00  -1.3978400e+01   3.8079600e+01  -3.0000000e+00
   1.0000000e+02  -1.3284000e+01  -1.4519700e+00   2.2052900e+01   2.0000000e+00
   1.0100000e+02   5.6969900e+00   5.6846500e+00   4.7696600e+01   1.0000000e+00
   1.0200000e+02  -7.3327400e+00   5.2297700e+00   6.4149800e+01  -3.0000000e+00
   1.0300000e+02   1.5774300e+01  -8.1596300e+00   6.1497400e+01  -1.0000000e+00
   1.0400000e+02  -1.9053600e+00   5.0737700e+00   4.7379900e+01   1.0000000e+00
   1.0500000e+02   1.6939300e+01  -2.0462900e+00   4.7564100e+01  -2.0000000e+00
   1.0600000e+02   9.6439300e+00   6.9453200e+00   4.7388100e+01   1.0000000e+00
   1.0700000e+02  -1.6931000e+01   2.7714300e+00   2.1280700e+01  -2.0000000e+00
   1.0800000e+02   1.2668100e+00   2.3465600e+00   4.7830800e+01   1.0000000e+00
   1.0900000e+02   6.1310900e+00   7.7350300e+00   4.7819600e+01   1.0000000e+00
   1.1000000e+02  -1.7439900e+01  -8.7591700e-01   6.2601700e+00  -1.0000000e+00
   1.1100000e+02  -9.4575300e+00   3.4597700e+00   1.0164500e+01  -3.0000000e+00
   1.1200000e+02  -1.2904400e+00  -1.2604400e+01   1.8546000e+01  -3.0000000e+00
   1.1300000e+02   3.2001700e+00   3.0323100e+00   4.8510100e+01   1.0000000e+00
   1.1400000e+02   4.5857100e+00   9.0889300e+00   4.7933300e+01   1.0000000e+00
   1.1500000e+02  -3.7487800e+00  -9.6519100e-01   2.2749100e+01   2.0000000e+00
   1.1600000e+02  -1.5630100e+01   4.4071600e+00   2.1549800e+01  -2.0000000e+00
   1.1700000e+02   1.0523500e+01  -5.9545800e+00   4.7394400e+01   1.0000000e+00
   1.1800000e+02   1.2520900e+01  -5.3702000e+00   4.7713300e+01   1.0000000e+00
   1.1900000e+02  -3.8993600e+00  -1.5817700e+01   2.0622700e+01  -2.0000000e+00
   1.2000000e+02  -3.4297100e+00  -6.5330800e+00   2.1844600e+01  -3.0000000e+00
   1.2100000e+02  -1.6149900e+00  -1.1916600e+00   9.8231300e+00  -3.0000000e+00
   1.2200000e+02   1.2769000e+01   4.1216600e+00   4.8112700e+01   1.0000000e+00
   1.2300000e+02   5.9750400e+00   1.5273900e+01   4.7314800e+01  -2.0000000e+00
   1.2400000e+02  -4.8532700e+00   7.9695900e+00   4.7101900e+01   1.0000000e+00
   1.2500000e+02   1.0945600e+01  -3.9434400e+00   4.7554800e+01   1.0000000e+00
   1.2600000e+02   5.0166800e+00  -5.8055900e+00   4.8117300e+01   1.0000000e+00
   1.2700000e+02  -1.7047800e+01   8.4645100e+00   1.6277700e+01  -1.0000000e+00
   1.2800000e+02  -8.9266400e+00   1.4258500e+01   4.8717200e+01  -2.0000000e+00
   1.2900000e+02  -1.5915800e+01  -4.7028700e+00   2.1757700e+01  -2.0000000e+00
   1.3000000e+02   8.5929800e+00  -1.4233800e+01   4.7044900e+01  -2.0000000e+00
   1.3100000e+02  -9.3590400e+00   1.2221900e+01   4.8890900e+01   1.0000000e+00
   1.3200000e+02   2.5693900e+00   8.4470600e+00   4.7546400e+01   1.0000000e+00
   1.3300000e+02  -7.3659500e+00   3.1582400e+00   4.1572000e+01  -3.0000000e+00
   1.3400000e+02   1.4542500e-01  -1.1141600e+01   4.3803700e+01  -3.0000000e+00
   1.3500000e+02   1.0638100e+00   9.8307900e+00   4.6964500e+01   1.0000000e+00
   1.3600000e+02  -9.4114000e+00  -1.1066800e+01   2.0945300e+01   2.0000000e+00
   1.3700000e+02  -1.1745200e+01  -5.2908300e+00   2.1644200e+01   2.0000000e+00
   1.3800000e+02  -5.0471100e+00  -2.6146400e+00   2.1720800e+01   2.0000000e+00
   1.3900000e+02  -1.4067600e+01   4.6881100e-01   2.2023100e+01   2.0000000e+00
   1.4000000e+02  -5.8972300e+00   1.1441200e+01   4.7043300e+01   1.0000000e+00
   1.4100000e+02   1.0090500e+01   8.9464000e+00   4.7735700e+01   1.0000000e+00
   1.4200000e+02   1.3606100e+01   8.2027900e+00   4.8331600e+01   1.0000000e+00
   1.4300000e+02   3.0496500e+00   1.0453400e+01   4.7314500e+01   1.0000000e+00
   1.4400000e+02   1.2256900e+01  -1.4908100e+01   4.8941800e+01  -1.0000000e+00
   1.4500000e+02  -2.5545500e+00   2.8196300e+00   1.5383800e+01  -3.0000000e+00
   1.4600000e+02  -9.2943300e-01   9.2367200e+00   4.7067800e+01   1.0000000e+00
   1.4700000e+02   8.9803600e+00  -4.5648400e+00   4.7577500e+01   1.0000000e+00
   1.4800000e+02   9.1398100e+00  -1.2064700e+01   4.6616700e+01   1.0000000e+00
   1.4900000e+02  -5.2929200e+00   2.9521000e+00   3.5779600e+01  -3.0000000e+00
   1.5000000e+02  -5.9332100e+00  -1.5432100e+01   1.9875600e+01  -2.0000000e+00
   1.5100000e+02  -7.8572300e+00   1.0800700e+01   4.6917000e+01   1.0000000e+00
   1.5200000e+02  -1.5336700e+01  -1.1606600e+00   2.1814100e+01  -2.0000000e+00
   1.5300000e+02  -1.2615900e+01   1.4925700e+01   4.8056800e+01  -1.0000000e+00
   1.5400000e+02   1.0975600e+01   1.3001300e+01   4.7096600e+01  -2.0000000e+00
   1.5500000e+02   1.5400200e+00   1.1915700e+01   4.6542500e+01   1.0000000e+00
   1.5600000e+02   1.0593700e+01  -1.3560200e+01   4.7740700e+01  -2.0000000e+00
   1.5700000e+02  -3.1472300e-01   3.7907300e+00   4.9027300e+01   1.0000000e+00
   1.5800000e+02   6.8385500e+00   2.2391300e+00   4.7887600e+01   1.0000000e+00
   1.5900000e+02   1.5195500e+01   6.8260700e+00   4.8582000e+01  -2.0000000e+00
   1.6000000e+02  -3.3773500e+00   6.5273400e+00   4.6770900e+01   1.0000000e+00
   1.6100000e+02   6.3748700e+00   2.4106500e-01   4.7392600e+01   1.0000000e+00
   1.6200000e+02   8.1334700e+00  -1.6269500e+01   4.8585700e+01  -1.0000000e+00
   1.6300000e+02  -1.2251600e+01  -8.8692700e+00   2.1612700e+01   2.0000000e+00
   1.6400000e+02   4.1261900e+00  -9.9363000e+00   4.7728200e+01   1.0000000e+00
   1.6500000e+02  -1.6724200e+01  -2.8038900e+00   6.6081700e+00  -1.0000000e+00
   1.6600000e+02   6.7373000e-01  -9.1054600e+00   4.6975300e+01  -3.0000000e+00
   1.6700000e+02   6.4618500e+00   1.7338700e+01   4.7748800e+01  -1.0000000e+00
   1.6800000e+02  -1.4609800e+00   1.4752200e+01   4.7128700e+01  -2.0000000e+00
   1.6900000e+02  -1.0639100e+00  -1.8239000e+01   2.1532700e+01  -1.0000000e+00
   1.7000000e+02   5.4501200e+00  -3.7853900e+00   4.7875100e+01   1.0000000e+00
   1.7100000e+02   1.4848000e+00  -1.2873800e+01   5.0475400e+01  -3.0000000e+00
   1.7200000e+02   5.4799800e+00   1.3135300e+01   4.7180000e+01   1.0000000e+00
   1.7300000e+02  -4.3343500e+00  -4.5511500e+00   2.2114700e+01   2.0000000e+00
   1.7400000e+02   7.4143100e-01   3.4612300e-01   4.7897200e+01  -3.0000000e+00
   1.7500000e+02   1.2019600e+01  -7.3603900e+00   4.7156800e+01   1.0000000e+00
   1.7600000e+02  -8.3477300e+00   8.7892700e+00   4.6678700e+01  -3.0000000e+00
   1.7700000e+02  -4.9979700e+00   1.5537900e+01   4.7237900e+01  -2.0000000e+00
   1.7800000e+02  -1.1518600e+01   3.7279200e+00   2.2107900e+01   2.0000000e+00
   1.7900000e+02   6.5629900e+00  -7.1967900e+00   4.7854100e+01   1.0000000e+00
   1.8000000e+02   5.6860700e+00  -1.1280200e+01   4.8023800e+01   1.0000000e+00
   1.8100000e+02   1.4795100e+01   4.8080700e+00   4.8241700e+01   1.0000000e+00
   1.8200000e+02  -4.0325200e+00  -1.0195400e+01   2.0727400e+01   2.0000000e+00
   1.8300000e+02  -5.2321800e+00  -1.7510500e+01   1.9337700e+01  -1.0000000e+00
   1.8400000e+02  -1.1510400e+01   1.1384800e+01   5.1593500e+01   1.0000000e+00
   1.8500000e+02  -1.0457500e+01  -3.6599800e+00   2.1670100e+01   2.0000000e+00
   1.8600000e+02  -5.3443200e+00   5.8798600e+00   3.4825500e+01  -3.0000000e+00
   1.8700000e+02   5.2339100e+00   3.6767700e+00   4.7705700e+01   1.0000000e+00
   1.8800000e+02  -1.6430200e+01  -8.2333800e+00   7.2851700e+00  -1.0000000e+00
   1.8900000e+02   1.6673300e+00   4.3965100e+00   4.7779600e+01   1.0000000e+00
   1.9000000e+02  -1.4326300e+01   6.0121400e+00   1.9884900e+01   2.0000000e+00
   1.9100000e+02  -1.0185000e+01  -9.1626900e+00   2.2082400e+01   2.0000000e+00
   1.9200000e+02   4.5047600e+00  -1.5697600e+01   4.8542200e+01  -2.0000000e+00
   1.9300000e+02   9.1994300e+00   4.9196400e+00   4.7927500e+01   1.0000000e+00
   1.9400000e+02   3.0616500e+00  -6.4387900e+00   4.8154600e+01   1.0000000e+00
   1.9500000e+02   4.1893600e+00  -1.7831600e+01   5.7036600e+01  -1.0000000e+00
   1.9600000e+02   9.4265900e+00  -2.5496700e+00   4.7311500e+01   1.0000000e+00
   1.9700000e+02   1.1160600e+01   5.5308700e+00   4.7618600e+01   1.0000000e+00
   1.9800000e+02   4.4370300e+00   1.6694500e+01   3.5282500e+01  -2.0000000e+00
   1.9900000e+02  -7.4923100e-01   1.7557100e+00   4.0345300e+01  -3.0000000e+00
   2.0000000e+02   1.6321300e+01   3.3956800e+00   4.7210600e+01  -2.0000000e+00
   2.0100000e+02   1.5397300e+01  -6.7150300e-01   4.7394000e+01  -2.0000000e+00
   2.0200000e+02   4.0354700e+00   1.4602400e+01   4.7016500e+01   1.0000000e+00
   2.0300000e+02  -1.3589600e+01  -1.0466100e+01   9.5210000e+00  -2.0000000e+00
   2.0400000e+02  -1.4550400e+01  -3.0636400e+00   2.1569600e+01  -2.0000000e+00
   2.0500000e+02   7.0115800e+00   1.1764800e+01   4.7639600e+01   1.0000000e+00
   2.0600000e+02  -1.2025600e+01   2.0031800e-01   2.2024800e+01   2.0000000e+00
   2.0700000e+02  -9.9637600e+00  -9.7380300e-02   2.1952900e+01   2.0000000e+00
   2.0800000e+02   1.4050800e+01   1.0229800e+01   4.7904800e+01  -2.0000000e+00
   2.0900000e+02  -1.3597100e+01   4.0506400e+00   2.1494400e+01   2.0000000e+00
   2.1000000e+02   1.5626400e+01   8.8255200e+00   4.8066400e+01  -2.0000000e+00
   2.1100000e+02  -1.9595700e+00  -1.0572200e+01   7.0235900e+00  -3.0000000e+00
   2.1200000e+02  -1.3815600e+01  -5.0050600e+00   2.1456800e+01   2.0000000e+00
   2.1300000e+02   2.6352300e+00  -8.4715100e+00   4.7290800e+01   1.0000000e+00
   2.1400000e+02  -6.6695800e+00  -1.3443100e+01   1.9852400e+01   2.0000000e+00
   2.1500000e+02   1.5619800e-01  -1.6583600e+01   3.2609700e+01  -2.0000000e+00
   2.1600000e+02   1.2309800e+01   2.0988300e+00   4.7719500e+01   1.0000000e+00
   2.1700000e+02   1.1120200e+01  -1.1417800e+01   4.7504500e+01   1.0000000e+00
   2.1800000e+02   1.0802000e+00  -7.0907200e+00   4.8366500e+01  -3.0000000e+00
   2.1900000e+02  -7.9568200e+00  -1.5054100e+01   2.0373500e+01  -2.0000000e+00
   2.2000000e+02   1.1833400e+01   6.7736700e-02   4.7493400e+01   1.0000000e+00
   2.2100000e+02  -1.2513600e+01  -3.3861100e+00   2.1781800e+01   2.0000000e+00
   2.2200000e+02  -4.3568100e+00   1.7732400e+01   4.5121500e+01  -1.0000000e+00
   2.2300000e+02   1.3893600e+01   7.2940800e-01   4.7699700e+01   1.0000000e+00
   2.2400000e+02  -1.2113500e+01  -1.4344800e+01   5.7768100e+00  -1.0000000e+00
   2.2500000e+02  -4.4037100e+00   1.0016800e+01   4.7144000e+01   1.0000000e+00
   2.2600000e+02  -2.5123500e+00   6.8139000e-01   1.4785000e+01  -3.0000000e+00
   2.2700000e+02   8.5458100e+00  -6.5877200e+00   4.7424300e+01   1.0000000e+00
   2.2800000e+02  -1.0739700e+01   1.8305900e+00   2.1930600e+01   2.0000000e+00
   2.2900000e+02  -6.8121500e+00   7.3379400e+00   4.6586100e+01  -3.0000000e+00
   2.3000000e+02   1.4916300e+01  -2.7142900e+00   4.7742100e+01   1.0000000e+00
   2.3100000e+02  -1.2301800e+01   5.6519100e+00   2.0140200e+01   2.0000000e+00
   2.3200000e+02   1.6076400e+01   1.0840300e+01   4.7567300e+01  -1.0000000e+00
   2.3300000e+02   1.0506300e+01   1.0956600e+01   4.7598700e+01   1.0000000e+00
   2.3400000e+02  -1.2879600e+01   7.6233400e+00   3.2552300e+01  -3.0000000e+00
   2.3500000e+02  -8.1232500e+00  -9.4490900e+00   2.1515600e+01   2.0000000e+00
   2.3600000e+02   8.9918000e+00   1.2371800e+01   4.7167900e+01   1.0000000e+00
   2.3700000e+02   1.5101200e+01  -1.0147100e+01   6.0979400e+01  -1.0000000e+00
   2.3800000e+02   7.2229500e+00   4.2717100e+00   4.7929900e+01   1.0000000e+00
   2.3900000e+02  -1.5621200e+01  -1.0142800e+01   2.2011300e+01  -1.0000000e+00
   2.4000000e+02   3.5249700e+00   1.2527700e+01   4.6557000e+01   1.0000000e+00
   2.4100000e+02   8.0840700e+00  -8.5945700e+00   4.7444700e+01   1.0000000e+00
   2.4200000e+02   1.4110100e+01  -6.7529200e+00   4.7823000e+01  -2.0000000e+00
   2.4300000e+02   3.9167400e+00  -2.4097200e+00   4.7651600e+01   1.0000000e+00
   2.4400000e+02   1.2918600e+01  -3.3215200e+00   4.7576500e+01   1.0000000e+00
   2.4500000e+02  -8.7029900e+00  -1.3015600e+01   2.0221900e+01   2.0000000e+00
   2.4600000e+02   1.3575600e+01  -8.7380900e+00   4.6631700e+01  -2.0000000e+00
   2.4700000e+02   1.4510000e+01   1.2225200e+01   3.2597500e+01  -1.0000000e+00
   2.4800000e+02  -8.9395800e+00  -7.5310600e+00   2.1860000e+01   2.0000000e+00
   2.4900000e+02   8.5403700e+00   1.0343100e+01   4.7473900e+01   1.0000000e+00
   2.5000000e+02  -2.4292100e+00   1.0631100e+01   4.7221800e+01   1.0000000e+00
   2.5100000e+02   1.7422700e+01  -4.7142500e-02   6.2255700e+01  -1.0000000e+00
   2.5200000e+02   1.3396900e+01  -1.3205900e+00   4.7339900e+01   1.0000000e+00
   2.5300000e+02  -5.8343300e+00  -6.9303200e-01   2.2006600e+01   2.0000000e+00
   2.5400000e+02  -1.4987200e+01   7.9887800e+00   6.0078100e+00  -2.0000000e+00
   2.5500000e+02   3.9597100e-01  -1.6708300e+00   5.0243600e+01  -3.0000000e+00
   2.5600000e+02   2.8374900e+00   9.9519100e-01   4.8320200e+01   1.0000000e+00
   2.5700000e+02  -1.0838000e+01   7.3847300e+00   7.2026900e+00  -3.0000000e+00
   2.5800000e+02   1.3208900e+01   6.1601600e+00   4.8405500e+01   1.0000000e+00
   2.5900000e+02  -5.5634300e-01  -1.4569200e+01   7.6773400e+00  -3.0000000e+00
   2.6000000e+02  -6.0688700e+00  -9.8101400e+00   2.0941600e+01   2.0000000e+00
   2.6100000e+02   4.6182300e+00  -7.8574700e+00   4.7843900e+01   1.0000000e+00
   2.6200000e+02   1.7857400e+01   1.9764400e+00   6.1382800e+01  -1.0000000e+00
   2.6300000e+02  -7.1096600e+00  -2.3259800e+00   2.1879000e+01   2.0000000e+00
   2.6400000e+02  -6.6078400e+00   1.2495200e+00   2.1926400e+01  -3.0000000e+00
   2.6500000e+02  -1.2782100e+01  -1.2362800e+01   5.7257600e+00  -1.0000000e+00
   2.6600000e+02   7.1879600e+00  -1.2709300e+01   4.6207600e+01   1.0000000e+00
   2.6700000e+02  -3.2907000e+00  -1.2169400e+01   1.9799700e+01   2.0000000e+00
   2.6800000e+02  -7.6258800e+00  -5.8925800e+00   2.2003600e+01   2.0000000e+00
   2.6900000e+02  -1.1341700e+01  -1.6246100e+01   1.9017700e+01  -1.0000000e+00
   2.7000000e+02  -3.0924200e+00  -1.7869200e+01   2.1456600e+01  -1.0000000e+00
   2.7100000e+02  -1.1246000e+01  -1.7406200e+00   2.1996500e+01   2.0000000e+00
   2.7200000e+02  -7.3810000e+00  -1.1431700e+01   2.0085400e+01   2.0000000e+00
   2.7300000e+02   1.6127700e+01  -6.1206100e+00   6.4224600e+01  -1.0000000e+00
   2.7400000e+02   1.4341100e+01   2.7702200e+00   4.7954900e+01   1.0000000e+00
   2.7500000e+02   4.1113700e+00   7.0715700e+00   4.8040800e+01   1.0000000e+00
   2.7600000e+02  -8.6896500e+00   1.5236800e+00   2.1865600e+01   2.0000000e+00
   2.7700000e+02   7.9124100e+00  -1.1542600e+00   4.7287900e+01   1.0000000e+00
   2.7800000e+02  -6.9905200e-01  -3.4506800e+00   1.6556800e+01  -3.0000000e+00
   2.7900000e+02   1.4481400e+01  -4.7223100e+00   4.8533300e+01  -2.0000000e+00
   2.8000000e+02   5.2325000e+00  -1.3331500e+01   4.5883900e+01   1.0000000e+00
   2.8100000e+02   7.6470500e+00  -1.0621600e+01   4.7494300e+01   1.0000000e+00
   2.8200000e+02  -5.5954600e+00  -6.1934200e+00   2.1836600e+01   2.0000000e+00
   2.8300000e+02   1.6770200e+01   5.4401500e+00   4.8501200e+01  -2.0000000e+00
   2.8400000e+02   1.1468500e+01   1.5079300e+01   4.7125700e+01  -1.0000000e+00
   2.8500000e+02  -6.4718000e+00   1.6963000e+01   4.8025000e+01  -1.0000000e+00
   2.8600000e+02   9.8724700e+00  -5.3841900e-01   4.7330300e+01   1.0000000e+00
   2.8700000e+02  -8.4141800e+00  -3.9865100e+00   2.1883800e+01   2.0000000e+00
   2.8800000e+02   4.8231300e+00   1.6430700e+00   4.8036800e+01   1.0000000e+00
   2.8900000e+02  -6.3720800e+00  -4.2475900e+00   2.1771200e+01   2.0000000e+00
   2.9000000e+02  -9.1714800e+00  -2.0544200e+00   2.1853600e+01   2.0000000e+00
   2.9100000e+02  -5.3260500e+00  -1.1811600e+01   2.0151200e+01   2.0000000e+00
   2.9200000e+02   6.5747800e+00   9.7426900e+00   4.7772300e+01   1.0000000e+00
   2.9300000e+02   2.4572000e+00   1.6119100e+01   4.7763800e+01  -2.0000000e+00
   2.9400000e+02  -9.9833200e+00  -1.4646600e+01   2.0285100e+01  -2.0000000e+00
   2.9500000e+02   6.5781300e+00  -1.4928800e+01   4.6908100e+01  -2.0000000e+00
   2.9600000e+02  -4.4955200e-01  -5.7221800e+00   1.9027700e+01  -3.0000000e+00
   2.9700000e+02  -4.8196300e+00  -8.1430200e+00   2.0809500e+01   2.0000000e+00
   2.9800000e+02   9.4159100e-01   1.7524100e+01   4.8656500e+01  -1.0000000e+00
   2.9900000e+02   1.6499800e+01  -4.0778100e+00   6.0374300e+01  -2.0000000e+00
