   0.0000000e+00   1.4186600e+01  -9.1380100e+00  -1.0000000e+00
   1.0000000e+00   9.4998600e+00   8.3433000e-01  -1.0000000e+00
   2.0000000e+00   1.1600500e+00  -5.2219500e+00  -1.0000000e+00
   3.0000000e+00  -1.3809400e+01   1.3693200e+01   1.0000000e+00
   4.0000000e+00   4.5508900e+00   1.1410500e+01   1.0000000e+00
   5.0000000e+00   2.9115900e+00  -4.0917500e+00  -1.0000000e+00
   6.0000000e+00  -1.5291400e+01  -1.5277400e+00   1.0000000e+00
   7.0000000e+00  -1.4544200e+01  -5.0519300e+00   1.0000000e+00
   8.0000000e+00   1.6027200e+01   1.0170300e+01   1.0000000e+00
   9.0000000e+00  -1.1896100e+01  -2.6524200e+00   1.0000000e+00
   1.0000000e+01   5.1920400e+00  -1.5346600e+01  -1.0000000e+00
   1.1000000e+01  -1.3524100e+01  -1.0928500e+01  -1.0000000e+00
   1.2000000e+01  -4.1375400e+00  -8.4921900e+00  -1.0000000e+00
   1.3000000e+01  -8.0418500e+00  -5.9327700e+00  -1.0000000e+00
   1.4000000e+01  -1.4261300e-01   1.4303900e+01   1.0000000e+00
   1.5000000e+01  -9.6390800e+00  -1.3632200e+01  -1.0000000e+00
   1.6000000e+01   1.2349100e+00  -7.2838300e+00  -1.0000000e+00
   1.7000000e+01  -6.2593300e-01   1.8020900e+01   1.0000000e+00
   1.8000000e+01   4.7716500e+00  -4.9790800e+00  -1.0000000e+00
   1.9000000e+01  -5.5476300e-01  -8.4049800e+00  -1.0000000e+00
   2.0000000e+01  -1.8031900e+01   1.5886900e+00   1.0000000e+00
   2.1000000e+01  -2.3717000e+00  -7.3957200e+00  -1.0000000e+00
   2.2000000e+01  -3.9755500e+00  -1.4717100e+01  -1.0000000e+00
   2.3000000e+01   4.5775600e+00  -2.8863500e+00  -1.0000000e+00
   2.4000000e+01   1.3814800e+01   4.3921000e+00  -1.0000000e+00
   2.5000000e+01  -2.7932300e+00   1.7534800e+01   1.0000000e+00
   2.6000000e+01   1.3504700e+01   1.4609900e+01   1.0000000e+00
   2.7000000e+01  -7.6406100e+00  -1.4763100e+01  -1.0000000e+00
   2.8000000e+01   1.4760400e+01   1.1796400e+01   1.0000000e+00
   2.9000000e+01   1.7452900e+00   3.6140700e+00   1.0000000e+00
   3.0000000e+01   1.2538300e+01   6.0037900e+00   1.0000000e+00
   3.1000000e+01  -7.7601600e+00   9.2845600e+00   1.0000000e+00
   3.2000000e+01  -1.1776900e+01   1.4058400e+01   1.0000000e+00
   3.3000000e+01   9.4119000e+00   1.3929400e+01   1.0000000e+00
   3.4000000e+01   3.0392800e+00   2.0086800e+00   1.0000000e+00
   3.5000000e+01   1.6154200e+01  -1.0003400e+01  -1.0000000e+00
   3.6000000e+01   5.7051800e-01   1.6288800e+01   1.0000000e+00
   3.7000000e+01  -6.7954500e-01  -4.2867800e+00  -1.0000000e+00
   3.8000000e+01  -4.1826300e+00  -6.4233300e+00  -1.0000000e+00
   3.9000000e+01   7.3201100e+00   1.3689000e+01   1.0000000e+00
   4.0000000e+01   1.0634000e+01   6.7648800e+00   1.0000000e+00
   4.1000000e+01   1.4320200e+01  -1.3584000e+01  -1.0000000e+00
   4.2000000e+01   3.3573500e+00  -1.6612600e+01  -1.0000000e+00
   4.3000000e+01   7.8647900e+00   4.4919400e+00   1.0000000e+00
   4.4000000e+01  -3.5344600e+00   1.5489000e+01   1.0000000e+00
   4.5000000e+01   4.8744500e+00  -7.0254800e+00  -1.0000000e+00
   4.6000000e+01   1.0729000e+01   1.2296400e+01   1.0000000e+00
   4.7000000e+01  -7.2015000e+00   2.0690200e-01   1.0000000e+00
   4.8000000e+01  -1.6661700e+01   5.1292600e-02   1.0000000e+00
   4.9000000e+01  -1.7329200e+01   3.6411100e+00   1.0000000e+00
   5.0000000e+01  -1.0781600e+00   1.3058300e+00   1.0000000e+00
   5.1000000e+01  -5.1741300e+00   6.0775400e-01   1.0000000e+00
   5.2000000e+01  -3.9877000e+00  -1.2633500e+01  -1.0000000e+00
   5.3000000e+01   1.1411000e+01   6.6864600e-03  -1.0000000e+00
   5.4000000e+01   1.6699900e+01   1.9842000e+00  -1.0000000e+00
   5.5000000e+01  -8.3381300e+00   1.2818800e+01   1.0000000e+00
   5.6000000e+01  -1.0577400e+01   1.3265200e+00   1.0000000e+00
   5.7000000e+01   1.5250100e+00  -1.5635400e+01  -1.0000000e+00
   5.8000000e+01   1.6866600e+01  -3.7574100e-01  -1.0000000e+00
   5.9000000e+01  -1.5141000e+00   1.5906700e+01   1.0000000e+00
   6.0000000e+01   4.6216600e+00   1.7188400e+01   1.0000000e+00
   6.1000000e+01  -1.5332500e+01   4.1221700e+00   1.0000000e+00
   6.2000000e+01  -4.4450800e+00  -4.1008500e+00  -1.0000000e+00
   6.3000000e+01   1.8763000e+00   1.4679600e+01   1.0000000e+00
   6.4000000e+01   1.2301700e+01  -8.3178900e+00  -1.0000000e+00
   6.5000000e+01  -8.4825000e+00   7.3426100e+00   1.0000000e+00
   6.6000000e+01   3.6152600e-01   5.1784500e+00   1.0000000e+00
   6.7000000e+01  -1.5938700e+01   7.6588800e+00   1.0000000e+00
   6.8000000e+01  -2.3187400e+00  -9.5170100e+00  -1.0000000e+00
   6.9000000e+01  -7.7053900e+00  -1.2663000e+01  -1.0000000e+00
   7.0000000e+01   7.0251100e+00  -1.4185500e+01  -1.0000000e+00
   7.1000000e+01   3.1228900e+00  -8.2270700e+00  -1.0000000e+00
   7.2000000e+01  -1.1127700e+01  -6.1465800e+00  -1.0000000e+00
   7.3000000e+01  -2.5326600e+00  -3.2375500e+00  -1.0000000e+00
   7.4000000e+01  -7.6955500e+00   1.4797400e+01   1.0000000e+00
   7.5000000e+01  -7.1572300e+00   5.7620000e+00   1.0000000e+00
   7.6000000e+01  -1.6654000e+01   5.7277300e+00   1.0000000e+00
   7.7000000e+01   2.3906400e+00   5.5635000e+00   1.0000000e+00
   7.8000000e+01   5.0160500e+00  -9.0948600e+00  -1.0000000e+00
   7.9000000e+01  -2.0267700e-01  -1.8767200e+01  -1.0000000e+00
   8.0000000e+01  -1.1138500e+01   1.0524400e+01   1.0000000e+00
   8.1000000e+01  -1.2528700e+01  -4.6031300e+00   1.0000000e+00
   8.2000000e+01   1.5206800e+01  -1.6083800e+00  -1.0000000e+00
   8.3000000e+01  -2.4538800e+00   2.9826200e+00   1.0000000e+00
   8.4000000e+01   9.0218700e+00  -1.6969000e+01  -1.0000000e+00
   8.5000000e+01   1.0219300e+01  -5.4177200e+00  -1.0000000e+00
   8.6000000e+01   8.6928300e+00  -8.6738500e+00  -1.0000000e+00
   8.7000000e+01  -5.8270400e+00  -1.3364000e+00   1.0000000e+00
   8.8000000e+01   1.6754800e+01   6.1384200e+00   1.0000000e+00
   8.9000000e+01  -9.8608200e+00   3.3711400e+00   1.0000000e+00
   9.0000000e+01   1.7436400e+01  -4.8110800e+00  -1.0000000e+00
   9.1000000e+01  -3.7146600e-01  -1.2558500e+01  -1.0000000e+00
   9.2000000e+01   1.1783800e+00   1.2708600e+01   1.0000000e+00
   9.3000000e+01  -2.1870900e+00  -1.3684400e+01  -1.0000000e+00
   9.4000000e+01  -2.4553300e+00  -5.3173400e+00  -1.0000000e+00
   9.5000000e+01   8.3133200e+00  -4.5759000e+00  -1.0000000e+00
   9.6000000e+01   1.2506600e+01  -1.0356600e+01  -1.0000000e+00
   9.7000000e+01   1.5451100e+01  -3.7892500e+00  -1.0000000e+00
   9.8000000e+01   8.6753400e+00   1.2005100e+01   1.0000000e+00
   9.9000000e+01  -1.4578000e+01   6.1088500e+00   1.0000000e+00
   1.0000000e+02  -9.4847600e+00  -7.4045600e+00  -1.0000000e+00
   1.0100000e+02   8.0908300e+00  -2.5090000e+00  -1.0000000e+00
   1.0200000e+02   7.9451700e+00   1.0078900e+01   1.0000000e+00
   1.0300000e+02  -1.7479300e+01  -7.3456100e+00   1.0000000e+00
   1.0400000e+02  -9.8677700e+00  -2.2172500e+00   1.0000000e+00
   1.0500000e+02   9.7605800e+00  -1.2595400e+00  -1.0000000e+00
   1.0600000e+02   1.5259800e+01   8.2575700e+00   1.0000000e+00
   1.0700000e+02   1.0426100e+01  -7.4707000e+00  -1.0000000e+00
   1.0800000e+02   6.5863300e+00   1.1781100e+01   1.0000000e+00
   1.0900000e+02  -1.5945400e+01  -3.4740200e+00   1.0000000e+00
   1.1000000e+02  -3.4425600e-01  -1.4620600e+01  -1.0000000e+00
   1.1100000e+02  -9.7279200e+00   1.4415400e+01   1.0000000e+00
   1.1200000e+02  -1.5466700e+01  -9.0979400e+00  -1.0000000e+00
   1.1300000e+02  -1.3237700e+01   4.5364300e+00   1.0000000e+00
   1.1400000e+02   1.2505500e+01  -1.4581500e+01  -1.0000000e+00
   1.1500000e+02   1.0142900e+01   1.5896600e+01   1.0000000e+00
   1.1600000e+02   1.9066100e+01  -3.4148700e+00  -1.0000000e+00
   1.1700000e+02  -8.5561600e+00   1.7449100e+00   1.0000000e+00
   1.1800000e+02  -1.8683100e+01   5.2016500e+00   1.0000000e+00
   1.1900000e+02  -1.4537500e+01   1.1688600e+01   1.0000000e+00
   1.2000000e+02  -2.1024700e+00  -1.5735500e+01  -1.0000000e+00
   1.2100000e+02   1.3803200e+01  -5.0258900e+00  -1.0000000e+00
   1.2200000e+02  -1.9316700e+00  -5.7708800e-01   1.0000000e+00
   1.2300000e+02  -9.4368000e+00  -1.5842400e+01  -1.0000000e+00
   1.2400000e+02  -1.3342800e+01  -8.8204900e+00  -1.0000000e+00
   1.2500000e+02   6.6379700e+00  -5.8151700e+00  -1.0000000e+00
   1.2600000e+02   1.3071100e+01   1.2952300e+00  -1.0000000e+00
   1.2700000e+02  -1.5288800e+01   9.7625700e+00   1.0000000e+00
   1.2800000e+02   1.0820400e+00  -3.1723600e+00  -1.0000000e+00
   1.2900000e+02  -1.0426400e+01   1.2453600e+01   1.0000000e+00
   1.3000000e+02  -1.0455200e+01  -4.2112700e+00   1.0000000e+00
   1.3100000e+02   3.7729800e+00   3.9361100e+00   1.0000000e+00
   1.3200000e+02   4.4061900e-01   1.0713400e+01   1.0000000e+00
   1.3300000e+02  -4.4997100e+00   2.6199700e+00   1.0000000e+00
   1.3400000e+02  -2.2096200e+00  -1.1570500e+01  -1.0000000e+00
   1.3500000e+02   2.7386400e+00  -1.9550600e+00  -1.0000000e+00
   1.3600000e+02   1.0728400e+00   7.1545100e+00   1.0000000e+00
   1.3700000e+02  -1.1455800e+01  -1.4657900e+01  -1.0000000e+00
   1.3800000e+02  -1.3100700e+01  -6.7446800e+00   1.0000000e+00
   1.3900000e+02  -3.3086400e-01   3.2455900e+00   1.0000000e+00
   1.4000000e+02   7.8732000e+00  -4.2391800e-01  -1.0000000e+00
   1.4100000e+02  -1.3909700e+01   8.0800800e+00   1.0000000e+00
   1.4200000e+02  -2.9348700e+00   1.1949800e+01   1.0000000e+00
   1.4300000e+02   6.5378900e+00   6.2008700e+00   1.0000000e+00
   1.4400000e+02  -6.0504100e+00  -5.3851800e+00  -1.0000000e+00
   1.4500000e+02  -2.6012500e-01  -1.6693500e+01  -1.0000000e+00
   1.4600000e+02  -1.1254900e+01  -6.6026300e-01   1.0000000e+00
   1.4700000e+02   3.8346900e+00   9.4685900e+00   1.0000000e+00
   1.4800000e+02  -1.1867700e+01   8.4946800e+00   1.0000000e+00
   1.4900000e+02   9.0108000e+00  -1.4889800e+01  -1.0000000e+00
   1.5000000e+02   1.7032900e-01  -3.8862100e-01   1.0000000e+00
   1.5100000e+02   1.0862700e+01  -1.5835500e+01  -1.0000000e+00
   1.5200000e+02  -4.2799800e+00   1.3540900e+01   1.0000000e+00
   1.5300000e+02  -7.5636200e+00  -1.6847300e+01  -1.0000000e+00
   1.5400000e+02   5.8796500e+00   9.7939600e+00   1.0000000e+00
   1.5500000e+02  -4.8558000e+00   1.7094800e+01   1.0000000e+00
   1.5600000e+02  -3.7632600e+00  -1.4830000e+00   1.0000000e+00
   1.5700000e+02  -6.4329500e+00   7.6944500e+00   1.0000000e+00
   1.5800000e+02   1.4975700e+01   4.4157600e-01  -1.0000000e+00
   1.5900000e+02   1.0646500e+01  -1.3628500e+01  -1.0000000e+00
   1.6000000e+02  -1.6222300e+00   1.0381700e+01   1.0000000e+00
   1.6100000e+02  -1.3999500e+01   2.5330200e+00   1.0000000e+00
   1.6200000e+02  -5.9127700e+00  -9.5275000e+00  -1.0000000e+00
   1.6300000e+02   1.3220100e+01   7.9611200e+00   1.0000000e+00
   1.6400000e+02   1.0007400e+01   1.0331400e+01   1.0000000e+00
   1.6500000e+02  -7.0564100e+00   1.1212100e+01   1.0000000e+00
   1.6600000e+02  -6.3516100e+00  -3.3323800e+00   1.0000000e+00
   1.6700000e+02  -2.8824100e-01   8.7950700e+00   1.0000000e+00
   1.6800000e+02  -1.3265100e+01   1.0064300e+01   1.0000000e+00
   1.6900000e+02   8.7168900e+00  -1.2853100e+01  -1.0000000e+00
   1.7000000e+02  -1.1005500e+01   1.6084900e+01   1.0000000e+00
   1.7100000e+02  -6.5203200e+00   2.1741400e+00   1.0000000e+00
   1.7200000e+02  -9.1871000e+00   5.3516700e+00   1.0000000e+00
   1.7300000e+02   3.3011800e+00  -1.4482700e+01  -1.0000000e+00
   1.7400000e+02   1.2559200e+01  -1.2528500e+01  -1.0000000e+00
   1.7500000e+02   3.1141000e+00  -1.0293000e+01  -1.0000000e+00
   1.7600000e+02   6.0407400e+00   5.0865600e-01  -1.0000000e+00
   1.7700000e+02   9.9805400e+00  -3.3663700e+00  -1.0000000e+00
   1.7800000e+02  -1.6615600e+01  -5.4544100e+00   1.0000000e+00
   1.7900000e+02   6.4463500e+00  -3.7395100e+00  -1.0000000e+00
   1.8000000e+02  -1.3282500e+01  -1.0463500e+00   1.0000000e+00
   1.8100000e+02  -7.7420900e+00  -8.5253600e+00  -1.0000000e+00
   1.8200000e+02  -1.1339800e+01  -8.2623700e+00  -1.0000000e+00
   1.8300000e+02   5.0928300e+00  -1.3282000e+01  -1.0000000e+00
   1.8400000e+02   2.5072600e+00   1.1091100e+01   1.0000000e+00
   1.8500000e+02   1.3978700e+01   9.8853500e+00   1.0000000e+00
   1.8600000e+02   1.4361900e+01  -1.1328400e+01  -1.0000000e+00
   1.8700000e+02  -7.7358800e+00  -1.0594200e+01  -1.0000000e+00
   1.8800000e+02  -1.7341700e+01  -1.8866700e+00   1.0000000e+00
   1.8900000e+02   8.0145900e+00   1.5661300e+01   1.0000000e+00
   1.9000000e+02   6.8623300e+00  -1.0004400e+01  -1.0000000e+00
   1.9100000e+02  -9.2203100e+00  -2.3133200e-01   1.0000000e+00
   1.9200000e+02   5.9767700e+00   1.5379200e+01   1.0000000e+00
   1.9300000e+02  -1.5566800e+01  -1.1202200e+01  -1.0000000e+00
   1.9400000e+02   4.9892200e+00  -1.1150300e+01  -1.0000000e+00
   1.9500000e+02   1.4576100e+01   6.3069600e+00   1.0000000e+00
   1.9600000e+02   2.2659900e+00   4.4407200e-02   1.0000000e+00
   1.9700000e+02  -1.2544100e+01   6.5040300e+00   1.0000000e+00
   1.9800000e+02   3.2354500e+00  -1.2390200e+01  -1.0000000e+00
   1.9900000e+02  -2.3352000e+00   8.4373700e+00   1.0000000e+00
   2.0000000e+02   1.5675300e+01  -5.8847600e+00  -1.0000000e+00
   2.0100000e+02   1.7073500e+01  -2.5161100e+00  -1.0000000e+00
   2.0200000e+02   5.8135700e+00   4.2651200e+00   1.0000000e+00
   2.0300000e+02  -5.8326200e+00   4.1807000e+00   1.0000000e+00
   2.0400000e+02   1.7943200e+01   3.6427700e+00  -1.0000000e+00
   2.0500000e+02  -1.0506900e+01   6.9668300e+00   1.0000000e+00
   2.0600000e+02   6.8123500e+00  -1.2101800e+01  -1.0000000e+00
   2.0700000e+02  -5.6196900e+00   1.5118600e+01   1.0000000e+00
   2.0800000e+02   1.1640800e+01  -2.1265500e+00  -1.0000000e+00
   2.0900000e+02   1.1925900e+01  -4.1770500e+00  -1.0000000e+00
   2.1000000e+02   2.6146000e+00   1.6665300e+01   1.0000000e+00
   2.1100000e+02  -1.7977700e+01  -3.8465900e+00   1.0000000e+00
   2.1200000e+02   1.1467400e+01   1.4207000e+01   1.0000000e+00
   2.1300000e+02   5.2479200e+00   1.3438000e+01   1.0000000e+00
   2.1400000e+02  -1.3498100e+01  -1.3124700e+01  -1.0000000e+00
   2.1500000e+02   9.8966000e+00   4.8308600e+00   1.0000000e+00
   2.1600000e+02   5.2839500e+00  -1.7461900e+01  -1.0000000e+00
   2.1700000e+02  -1.6001100e+01   2.0581500e+00   1.0000000e+00
   2.1800000e+02   1.4714900e+01   2.5256100e+00  -1.0000000e+00
   2.1900000e+02   2.9857400e+00  -6.1778700e+00  -1.0000000e+00
   2.2000000e+02  -3.7985900e+00   4.5473300e+00   1.0000000e+00
   2.2100000e+02   1.0589200e+01  -9.5118100e+00  -1.0000000e+00
   2.2200000e+02   1.4395700e+00  -1.3530500e+01  -1.0000000e+00
   2.2300000e+02   1.8800300e+01  -1.2297500e+00  -1.0000000e+00
   2.2400000e+02  -9.7718400e-01   6.8365900e+00   1.0000000e+00
   2.2500000e+02  -4.1296700e+00  -1.0572800e+01  -1.0000000e+00
   2.2600000e+02   1.2070900e+01   1.0662400e+01   1.0000000e+00
   2.2700000e+02   1.1157100e+01   2.0498600e+00  -1.0000000e+00
   2.2800000e+02  -3.1658000e+00   1.0578900e+00   1.0000000e+00
   2.2900000e+02  -8.9432600e+00   1.6478600e+01   1.0000000e+00
   2.3000000e+02   9.5096500e-01   1.6312300e+00   1.0000000e+00
   2.3100000e+02  -2.2130300e+00   1.3903100e+01   1.0000000e+00
   2.3200000e+02  -1.2477800e+01   1.2092700e+01   1.0000000e+00
   2.3300000e+02  -7.8184500e+00  -1.8301300e+00   1.0000000e+00
   2.3400000e+02   7.2091000e+00   8.1577100e+00   1.0000000e+00
   2.3500000e+02   1.5917200e+01   4.2352600e+00  -1.0000000e+00
   2.3600000e+02   1.1302600e+01   8.7340600e+00   1.0000000e+00
   2.3700000e+02  -1.4652600e+01   5.1104500e-01   1.0000000e+00
   2.3800000e+02   1.3798700e+00  -1.1421600e+01  -1.0000000e+00
   2.3900000e+02  -1.1453800e+01  -1.2591400e+01  -1.0000000e+00
   2.4000000e+02   4.4788600e+00   5.8758400e+00   1.0000000e+00
   2.4100000e+02   9.2564600e+00   8.3775800e+00   1.0000000e+00
   2.4200000e+02   1.3975400e+01  -7.0893100e+00  -1.0000000e+00
   2.4300000e+02  -3.8862800e+00  -1.6797000e+01  -1.0000000e+00
   2.4400000e+02  -1.1206800e+01   4.9490500e+00   1.0000000e+00
   2.4500000e+02  -4.6556500e-01  -1.0474500e+01  -1.0000000e+00
   2.4600000e+02  -4.9982100e+00   1.1599300e+01   1.0000000e+00
   2.4700000e+02   3.1116500e+00   7.5207200e+00   1.0000000e+00
   2.4800000e+02   8.8205800e+00  -1.0774400e+01  -1.0000000e+00
   2.4900000e+02  -5.0983100e+00   6.1339500e+00   1.0000000e+00
   2.5000000e+02   8.5398500e+00  -6.6204900e+00  -1.0000000e+00
   2.5100000e+02  -1.6713700e+00   4.8754200e+00   1.0000000e+00
   2.5200000e+02   1.3332000e+01  -7.9867400e-01  -1.0000000e+00
   2.5300000e+02  -1.5140800e+01  -7.0339000e+00   1.0000000e+00
   2.5400000e+02   6.7395800e+00  -7.9468700e+00  -1.0000000e+00
   2.5500000e+02   5.1551300e+00   7.8476800e+00   1.0000000e+00
   2.5600000e+02  -3.6633700e+00   1.0004700e+01   1.0000000e+00
   2.5700000e+02  -7.3571200e-01  -2.2362600e+00  -1.0000000e+00
   2.5800000e+02  -9.8165800e+00   8.9120000e+00   1.0000000e+00
   2.5900000e+02   1.7905800e+00   9.1451900e+00   1.0000000e+00
   2.6000000e+02   3.9459800e+00   1.5094000e+01   1.0000000e+00
   2.6100000e+02   5.0727800e+00   2.3322600e+00   1.0000000e+00
   2.6200000e+02   1.8566300e+01   8.1967900e-01  -1.0000000e+00
   2.6300000e+02   1.5926600e+00  -1.7707000e+01  -1.0000000e+00
   2.6400000e+02  -1.3912800e+01  -3.0902000e+00   1.0000000e+00
   2.6500000e+02   1.5869000e+01  -7.9298000e+00  -1.0000000e+00
   2.6600000e+02  -9.0989500e+00   1.0884600e+01   1.0000000e+00
   2.6700000e+02  -7.8423300e+00   3.7844800e+00   1.0000000e+00
   2.6800000e+02   1.1786100e+01   4.0414800e+00   1.0000000e+00
   2.6900000e+02   6.1888800e+00  -1.5880600e+00  -1.0000000e+00
   2.7000000e+02   1.2106600e+01  -6.2399500e+00  -1.0000000e+00
   2.7100000e+02  -6.9085800e+00   1.6797700e+01   1.0000000e+00
   2.7200000e+02  -8.4562500e-01   1.2324000e+01   1.0000000e+00
   2.7300000e+02  -5.9430000e-01  -6.3446300e+00  -1.0000000e+00
   2.7400000e+02  -8.4366700e+00  -3.8280300e+00   1.0000000e+00
   2.7500000e+02  -5.7155200e+00  -1.7806100e+01  -1.0000000e+00
   2.7600000e+02   4.2999100e+00  -5.8873300e-01  -1.0000000e+00
   2.7700000e+02  -2.0513100e+00  -1.7841400e+01  -1.0000000e+00
   2.7800000e+02   9.1534100e+00   2.8713600e+00   1.0000000e+00
   2.7900000e+02  -3.0301800e+00   6.4630100e+00   1.0000000e+00
   2.8000000e+02   1.2810300e+01   1.2575700e+01   1.0000000e+00
   2.8100000e+02  -9.5687700e+00  -9.5119300e+00  -1.0000000e+00
   2.8200000e+02  -9.5851300e+00  -1.1562600e+01  -1.0000000e+00
   2.8300000e+02  -5.7937500e+00  -1.3654800e+01  -1.0000000e+00
   2.8400000e+02  -5.7117100e+00   9.6390700e+00   1.0000000e+00
   2.8500000e+02  -1.1418600e+01  -1.0520100e+01  -1.0000000e+00
   2.8600000e+02  -4.3762500e+00   8.0556900e+00   1.0000000e+00
   2.8700000e+02   1.3558600e+01  -2.9142400e+00  -1.0000000e+00
   2.8800000e+02   1.2835600e+00  -9.3720500e+00  -1.0000000e+00
   2.8900000e+02  -5.7851400e+00  -1.5737400e+01  -1.0000000e+00
   2.9000000e+02  -1.2620400e+01   9.1310000e-01   1.0000000e+00
   2.9100000e+02  -5.9309700e+00  -1.1595700e+01  -1.0000000e+00
   2.9200000e+02  -6.3138700e+00   1.3179800e+01   1.0000000e+00
   2.9300000e+02   3.2151100e+00   1.3037000e+01   1.0000000e+00
   2.9400000e+02   8.5871500e+00   6.4320100e+00   1.0000000e+00
   2.9500000e+02  -5.9884100e+00  -7.4577500e+00  -1.0000000e+00
   2.9600000e+02   7.1574900e+00   2.2979600e+00   1.0000000e+00
   2.9700000e+02   1.0709400e+01  -1.1578600e+01  -1.0000000e+00
   2.9800000e+02  -1.1943900e+01   2.8824100e+00   1.0000000e+00
   2.9900000e+02   7.0726300e+00  -1.6258300e+01  -1.0000000e+00
