   0.0000000e+00  -1.3313200e+01  -9.9511100e+00   1.0000000e+00
   1.0000000e+00  -8.8474900e+00  -3.9820400e+00   1.0000000e+00
   2.0000000e+00   5.8515400e+00  -1.1446800e+00  -1.0000000e+00
   3.0000000e+00   1.7599700e+01   7.6437500e+00  -1.0000000e+00
   4.0000000e+00  -1.0854200e+00   1.5257300e+01  -1.0000000e+00
   5.0000000e+00  -9.1263500e+00  -1.3506800e+01   1.0000000e+00
   6.0000000e+00   1.4319500e+01  -1.2752600e+00  -1.0000000e+00
   7.0000000e+00  -8.4464600e+00  -6.0380100e+00   1.0000000e+00
   8.0000000e+00  -5.3119400e+00   1.1709700e+01  -1.0000000e+00
   9.0000000e+00   1.7132700e+00  -1.1127100e+00  -1.0000000e+00
   1.0000000e+01  -1.2851800e+00   4.4175700e+00  -1.0000000e+00
   1.1000000e+01   1.9943600e+00   9.6995500e+00  -1.0000000e+00
   1.2000000e+01   6.1737600e+00   1.3217400e+01  -1.0000000e+00
   1.3000000e+01  -8.3963900e+00   1.3536200e+01  -1.0000000e+00
   1.4000000e+01   1.5294100e+01  -3.0967400e+00  -1.0000000e+00
   1.5000000e+01   1.3369700e+01   7.6810400e+00  -1.0000000e+00
   1.6000000e+01  -1.2572900e+01   1.3643500e+01  -1.0000000e+00
   1.7000000e+01  -1.0718800e+01  -3.1537700e+00   1.0000000e+00
   1.8000000e+01   2.9466300e+00   7.8691200e+00  -1.0000000e+00
   1.9000000e+01   8.9463500e+00  -6.5139300e+00  -1.0000000e+00
   2.0000000e+01  -1.2456600e+00  -4.8435200e+00   1.0000000e+00
   2.1000000e+01  -8.3220300e+00   1.7149300e+01  -1.0000000e+00
   2.2000000e+01   1.7681300e+01  -3.0579900e+00  -1.0000000e+00
   2.3000000e+01   1.7290900e+01  -6.8925500e+00  -1.0000000e+00
   2.4000000e+01   8.1691400e+00   9.5244700e+00  -1.0000000e+00
   2.5000000e+01   9.8998500e+00  -8.4136500e+00  -1.0000000e+00
   2.6000000e+01  -2.3496400e+00  -1.0258100e+01   1.0000000e+00
   2.7000000e+01  -1.4171600e+00  -1.6438600e+01   1.0000000e+00
   2.8000000e+01   9.2256100e+00   1.1280900e+01  -1.0000000e+00
   2.9000000e+01  -4.8211800e-02   1.3410300e+01  -1.0000000e+00
   3.0000000e+01  -6.5113800e+00  -6.7703800e+00   1.0000000e+00
   3.1000000e+01   9.1504200e+00   4.1971100e+00  -1.0000000e+00
   3.2000000e+01  -6.2933300e+00   1.3513300e+01  -1.0000000e+00
   3.3000000e+01  -1.0513900e+01   1.3575400e+01  -1.0000000e+00
   3.4000000e+01  -1.0626900e+01   6.3954900e+00  -1.0000000e+00
   3.5000000e+01  -4.4823200e+00  -1.0471400e+00  -1.0000000e+00
   3.6000000e+01  -2.1317000e+00   1.3429900e+01  -1.0000000e+00
   3.7000000e+01  -7.5308900e+00   4.6137300e+00  -1.0000000e+00
   3.8000000e+01  -8.8872700e+00  -1.5639600e+01   1.0000000e+00
   3.9000000e+01  -5.4462500e+00   4.5584700e+00  -1.0000000e+00
   4.0000000e+01  -1.3909100e+00   8.1661500e-01  -1.0000000e+00
   4.1000000e+01  -9.4380600e+00  -1.1466500e+01   1.0000000e+00
   4.2000000e+01  -1.4612000e+01  -1.6472400e+00   1.0000000e+00
   4.3000000e+01   5.9323500e+00   2.4320400e+00  -1.0000000e+00
   4.4000000e+01   1.1071300e+01  -2.9736500e+00  -1.0000000e+00
   4.5000000e+01   2.0276000e+00   1.3325700e+01  -1.0000000e+00
   4.6000000e+01   1.1281400e+01   1.1283100e+01  -1.0000000e+00
   4.7000000e+01   6.2014100e+00   1.6848600e+01  -1.0000000e+00
   4.8000000e+01  -3.1974800e+00   1.1664400e+01  -1.0000000e+00
   4.9000000e+01   1.3190500e+01  -3.0401700e+00  -1.0000000e+00
   5.0000000e+01  -1.5826700e+01   4.5793100e+00  -1.0000000e+00
   5.1000000e+01   1.5442700e+01   4.0448900e+00  -1.0000000e+00
   5.2000000e+01  -1.4767000e+01   2.8159900e+00  -1.0000000e+00
   5.3000000e+01   1.0290000e+01   1.3122300e+01  -1.0000000e+00
   5.4000000e+01  -1.1714100e+01  -8.6477900e+00   1.0000000e+00
   5.5000000e+01   9.6755600e-01   1.1533200e+01  -1.0000000e+00
   5.6000000e+01   1.7567900e+01   4.0387600e+00  -1.0000000e+00
   5.7000000e+01  -1.2694000e+01   6.4557900e+00  -1.0000000e+00
   5.8000000e+01   6.8604200e+00  -2.9554900e+00  -1.0000000e+00
   5.9000000e+01   7.0713600e+00   4.1523700e+00  -1.0000000e+00
   6.0000000e+01   1.3386800e+01   1.1288400e+01  -1.0000000e+00
   6.1000000e+01  -9.4794900e+00   2.0152000e-01  -1.0000000e+00
   6.2000000e+01   9.8918500e-01   1.5263300e+01  -1.0000000e+00
   6.3000000e+01   4.4065400e+00  -1.8693100e+01   1.0000000e+00
   6.4000000e+01  -1.3651800e+01   1.1880300e+01  -1.0000000e+00
   6.5000000e+01  -1.1127600e-01  -1.3097300e+01   1.0000000e+00
   6.6000000e+01   4.1091700e+00  -1.6630600e+01   1.0000000e+00
   6.7000000e+01   1.0014800e+01  -1.1907500e+00  -1.0000000e+00
   6.8000000e+01  -6.8464500e+00  -4.7472400e+00   1.0000000e+00
   6.9000000e+01   1.6540000e+01   2.2279800e+00  -1.0000000e+00
   7.0000000e+01  -1.1650800e+01   8.2422600e+00  -1.0000000e+00
   7.1000000e+01  -2.9778700e-01   2.5929200e+00  -1.0000000e+00
   7.2000000e+01   8.2532900e-01  -4.9570000e+00  -1.0000000e+00
   7.3000000e+01  -1.7044500e+00  -1.4393100e+01   1.0000000e+00
   7.4000000e+01  -1.5260100e+01  -9.1826100e+00   1.0000000e+00
   7.5000000e+01  -3.5089200e-01  -1.0545700e+00  -1.0000000e+00
   7.6000000e+01   1.0234900e+01   9.4824500e+00  -1.0000000e+00
   7.7000000e+01   1.2361900e+01   9.5084800e+00  -1.0000000e+00
   7.8000000e+01   1.6371200e+01  -4.8615600e+00  -1.0000000e+00
   7.9000000e+01   5.0860400e+00   1.1403700e+01  -1.0000000e+00
   8.0000000e+01   7.9671800e+00  -1.2068000e+00  -1.0000000e+00
   8.1000000e+01  -8.4743500e+00   9.9710400e+00  -1.0000000e+00
   8.2000000e+01   1.3250800e+01  -1.2301600e+01   1.0000000e+00
   8.3000000e+01  -4.1242200e-01  -1.1052800e+01   1.0000000e+00
   8.4000000e+01   5.0568200e+00  -1.1227500e+01   1.0000000e+00
   8.5000000e+01  -3.4534500e+00   8.8617400e-01  -1.0000000e+00
   8.6000000e+01   1.6145600e+01  -8.6612100e+00  -1.0000000e+00
   8.7000000e+01  -5.3538600e+00   8.1175600e+00  -1.0000000e+00
   8.8000000e+01  -6.5721700e+00  -7.6765300e-01  -1.0000000e+00
   8.9000000e+01   6.9804200e+00  -1.1951700e+01   1.0000000e+00
   9.0000000e+01   8.1025300e+00   5.9654400e+00  -1.0000000e+00
   9.1000000e+01  -1.0075700e+01  -7.3017300e+00   1.0000000e+00
   9.2000000e+01  -6.9283700e+00  -1.6280000e+01   1.0000000e+00
   9.3000000e+01  -1.1694300e+01   4.6327400e+00  -1.0000000e+00
   9.4000000e+01  -1.3671400e+01  -7.8500300e+00   1.0000000e+00
   9.5000000e+01   1.0725900e+01  -1.0362700e+01  -1.0000000e+00
   9.6000000e+01  -4.1783000e+00   1.7068300e+01  -1.0000000e+00
   9.7000000e+01   8.6724400e+00  -1.0135200e+01   1.0000000e+00
   9.8000000e+01   7.3400500e+00  -1.3971000e+01   1.0000000e+00
   9.9000000e+01  -5.2832600e+00  -1.5022900e+01   1.0000000e+00
   1.0000000e+02  -4.9118300e+00  -1.7079700e+01   1.0000000e+00
   1.0100000e+02   1.2344200e+01   1.3065900e+01  -1.0000000e+00
   1.0200000e+02   1.4070800e+01  -8.4500900e+00  -1.0000000e+00
   1.0300000e+02   8.2200400e+00   1.3106400e+01  -1.0000000e+00
   1.0400000e+02   8.7825300e-01  -7.6875600e+00   1.0000000e+00
   1.0500000e+02   1.2816500e+01  -1.0282400e+01  -1.0000000e+00
   1.0600000e+02  -3.9428100e+00  -1.1596200e+01   1.0000000e+00
   1.0700000e+02   4.9037100e+00  -8.6928800e+00   1.0000000e+00
   1.0800000e+02  -4.2321500e+00   1.3464800e+01  -1.0000000e+00
   1.0900000e+02   8.9989800e+00   6.2222800e-01  -1.0000000e+00
   1.1000000e+02   5.3930000e+00  -1.3266600e+01   1.0000000e+00
   1.1100000e+02   1.5696500e+00  -1.1740900e+01   1.0000000e+00
   1.1200000e+02  -7.2257800e+00  -2.7206800e+00   1.0000000e+00
   1.1300000e+02  -1.4278100e+01  -3.7610300e+00   1.0000000e+00
   1.1400000e+02   1.1127300e+01   5.2676100e-01  -1.0000000e+00
   1.1500000e+02   5.7618900e+00  -4.7202600e+00  -1.0000000e+00
   1.1600000e+02  -1.6898500e+01   6.3884000e+00  -1.0000000e+00
   1.1700000e+02   6.4751600e+00  -6.6724600e+00  -1.0000000e+00
   1.1800000e+02  -1.1565900e+01   1.1801200e+01  -1.0000000e+00
   1.1900000e+02   3.4673400e+00  -1.2523300e+01   1.0000000e+00
   1.2000000e+02   1.3421600e+01   1.4888200e+01  -1.0000000e+00
   1.2100000e+02  -1.3020300e+01  -1.2016200e+01   1.0000000e+00
   1.2200000e+02  -1.3753400e+01   4.5947900e+00  -1.0000000e+00
   1.2300000e+02  -1.1088500e+01  -1.0943500e+00   1.0000000e+00
   1.2400000e+02   6.1051300e+00   9.5586600e+00  -1.0000000e+00
   1.2500000e+02  -1.3007600e+01  -3.6620900e-01   1.0000000e+00
   1.2600000e+02   7.8177700e+00  -1.5976400e+01   1.0000000e+00
   1.2700000e+02   4.8597000e+00   6.5233200e-01  -1.0000000e+00
   1.2800000e+02   1.1988500e+01  -8.3975700e+00  -1.0000000e+00
   1.2900000e+02   6.6832300e-01   7.3699300e-01  -1.0000000e+00
   1.3000000e+02  -2.0372300e+00  -1.2339300e+01   1.0000000e+00
   1.3100000e+02   1.5318500e+01  -1.2539900e+01  -1.0000000e+00
   1.3200000e+02  -1.7825500e+01  -4.2718100e+00   1.0000000e+00
   1.3300000e+02  -1.1415000e+01   9.3568000e-01  -1.0000000e+00
   1.3400000e+02   1.7553000e+00   2.5441300e+00  -1.0000000e+00
   1.3500000e+02  -2.9801700e+00  -1.7786300e+01   1.0000000e+00
   1.3600000e+02  -6.2110600e+00  -8.8248000e+00   1.0000000e+00
   1.3700000e+02   1.3321100e+01   4.0868200e+00  -1.0000000e+00
   1.3800000e+02   4.1141400e+00   1.3296100e+01  -1.0000000e+00
   1.3900000e+02   1.8802300e+00   6.1201900e+00  -1.0000000e+00
   1.4000000e+02   7.1678700e+00   1.1322300e+01  -1.0000000e+00
   1.4100000e+02  -1.5585900e+01  -7.0932100e+00   1.0000000e+00
   1.4200000e+02   7.1000400e+00   7.7573700e+00  -1.0000000e+00
   1.4300000e+02   2.1765700e+00  -1.5840100e+01   1.0000000e+00
   1.4400000e+02   5.7780500e+00  -1.5302600e+01   1.0000000e+00
   1.4500000e+02  -5.8693400e+00  -1.0848700e+01   1.0000000e+00
   1.4600000e+02  -1.7951400e+01  -1.8788600e+00   1.0000000e+00
   1.4700000e+02  -4.2721000e+00   9.8953500e+00  -1.0000000e+00
   1.4800000e+02   2.8479600e+00  -8.3524100e+00   1.0000000e+00
   1.4900000e+02  -7.1616500e+00  -1.4191700e+01   1.0000000e+00
   1.5000000e+02   5.1094200e+00   1.5102400e+01  -1.0000000e+00
   1.5100000e+02   2.8535800e+00   4.3149800e+00  -1.0000000e+00
   1.5200000e+02  -7.3046100e+00   1.5328500e+01  -1.0000000e+00
   1.5300000e+02   1.5247700e+01  -6.6942300e+00  -1.0000000e+00
   1.5400000e+02  -6.2319600e+00   1.7109000e+01  -1.0000000e+00
   1.5500000e+02   7.8163200e-01   4.3640400e+00  -1.0000000e+00
   1.5600000e+02  -1.2704100e+01  -2.4062000e+00   1.0000000e+00
   1.5700000e+02   1.1176900e+01  -1.2395800e+01   1.0000000e+00
   1.5800000e+02  -1.5817100e+01   8.2963300e+00  -1.0000000e+00
   1.5900000e+02   1.2109800e+01  -4.8114700e+00  -1.0000000e+00
   1.6000000e+02  -1.5001400e+01  -1.1229400e+01   1.0000000e+00
   1.6100000e+02   1.1319200e+01   1.5027600e+01  -1.0000000e+00
   1.6200000e+02   4.1441800e+00   1.6938000e+01  -1.0000000e+00
   1.6300000e+02  -5.1431100e+00  -3.0137100e+00   1.0000000e+00
   1.6400000e+02   2.3835700e+00  -6.3016800e+00  -1.0000000e+00
   1.6500000e+02  -5.5631500e+00  -1.2905800e+01   1.0000000e+00
   1.6600000e+02   3.9569400e+00   6.0590500e+00  -1.0000000e+00
   1.6700000e+02  -1.0705300e-01   9.7816700e+00  -1.0000000e+00
   1.6800000e+02   6.0667700e-01  -2.8792800e+00  -1.0000000e+00
   1.6900000e+02  -9.1286700e+00  -1.8229500e+00   1.0000000e+00
   1.7000000e+02   2.4804800e+00  -1.7923100e+01   1.0000000e+00
   1.7100000e+02  -5.1993900e+00   1.5292200e+01  -1.0000000e+00
   1.7200000e+02   9.9097800e+00  -1.6182200e+01   1.0000000e+00
   1.7300000e+02   2.7223600e+00   7.0671900e-01  -1.0000000e+00
   1.7400000e+02  -4.3560400e+00   6.3038400e+00  -1.0000000e+00
   1.7500000e+02  -6.3513200e+00   9.9156000e+00  -1.0000000e+00
   1.7600000e+02  -1.8299300e+01   3.8706800e-01   1.0000000e+00
   1.7700000e+02  -6.4347700e+00   6.3621700e+00  -1.0000000e+00
   1.7800000e+02   1.6469600e+01   5.8349600e+00  -1.0000000e+00
   1.7900000e+02  -3.1371000e+00   1.5228300e+01  -1.0000000e+00
   1.8000000e+02  -7.5824700e+00   1.0295000e+00  -1.0000000e+00
   1.8100000e+02  -1.0553500e+01   1.0016300e+01  -1.0000000e+00
   1.8200000e+02   1.4220400e+01  -4.8611300e+00  -1.0000000e+00
   1.8300000e+02  -6.5309500e+00   2.7897600e+00  -1.0000000e+00
   1.8400000e+02   1.3604900e+01  -1.4399900e+01   1.0000000e+00
   1.8500000e+02  -1.6574700e+01   1.7597600e+00   1.0000000e+00
   1.8600000e+02   7.8238900e+00  -8.2310500e+00  -1.0000000e+00
   1.8700000e+02  -3.6295600e+00  -1.3637400e+01   1.0000000e+00
   1.8800000e+02  -1.5915500e+01  -5.0338500e+00   1.0000000e+00
   1.8900000e+02   1.1483100e+01  -1.4561700e+01   1.0000000e+00
   1.9000000e+02   3.7975500e+00  -1.0983500e+00  -1.0000000e+00
   1.9100000e+02   1.5438500e+01   7.6493800e+00  -1.0000000e+00
   1.9200000e+02   1.1998700e+00  -9.7083300e+00   1.0000000e+00
   1.9300000e+02  -1.0630600e+01   2.8456500e+00  -1.0000000e+00
   1.9400000e+02   4.9355900e-01  -1.7220700e+01   1.0000000e+00
   1.9500000e+02  -1.4785200e+00  -2.8001000e+00  -1.0000000e+00
   1.9600000e+02   1.1250100e+01   4.1300600e+00  -1.0000000e+00
   1.9700000e+02   7.1935900e+00   1.5048800e+01  -1.0000000e+00
   1.9800000e+02   8.7374500e-01   7.9434200e+00  -1.0000000e+00
   1.9900000e+02  -1.4750800e+01   7.4036700e-01   1.0000000e+00
   2.0000000e+02  -4.8638300e+00  -5.3645600e+00   1.0000000e+00
   2.0100000e+02   6.6188500e+00  -9.8981700e+00   1.0000000e+00
   2.0200000e+02  -1.2050400e+01  -6.6010400e+00   1.0000000e+00
   2.0300000e+02   1.0248600e+01   5.9380200e+00  -1.0000000e+00
   2.0400000e+02  -1.4825500e+01   1.0159500e+01  -1.0000000e+00
   2.0500000e+02  -9.5924900e+00   4.6160900e+00  -1.0000000e+00
   2.0600000e+02   1.1293300e+01   7.7049000e+00  -1.0000000e+00
   2.0700000e+02   2.0532200e+00   1.7033300e+01  -1.0000000e+00
   2.0800000e+02  -1.7577800e+01  -6.4106600e+00   1.0000000e+00
   2.0900000e+02  -1.3750000e+01   8.2274400e+00  -1.0000000e+00
   2.1000000e+02   8.9189000e+00  -3.0164100e+00  -1.0000000e+00
   2.1100000e+02   1.4369000e+01   2.2877400e+00  -1.0000000e+00
   2.1200000e+02  -8.5827900e+00   2.8251000e+00  -1.0000000e+00
   2.1300000e+02   4.7475000e+00  -2.9400900e+00  -1.0000000e+00
   2.1400000e+02  -1.4641000e+01  -1.3267800e+01   1.0000000e+00
   2.1500000e+02  -2.2879600e-01   6.1904600e+00  -1.0000000e+00
   2.1600000e+02  -2.0805800e+00   1.7150300e+01  -1.0000000e+00
   2.1700000e+02   8.2680800e+00   1.6854300e+01  -1.0000000e+00
   2.1800000e+02   6.9128200e+00   6.2388700e-01  -1.0000000e+00
   2.1900000e+02  -7.4494100e+00   8.1803600e+00  -1.0000000e+00
   2.2000000e+02  -9.7854500e+00  -9.3749600e+00   1.0000000e+00
   2.2100000e+02  -2.6224600e+00  -8.1879800e+00   1.0000000e+00
   2.2200000e+02  -1.1366200e+01  -1.0724600e+01   1.0000000e+00
   2.2300000e+02  -4.4316800e+00   2.7082300e+00  -1.0000000e+00
   2.2400000e+02  -7.3981100e+00   1.1726200e+01  -1.0000000e+00
   2.2500000e+02   1.4386200e+01   5.8525900e+00  -1.0000000e+00
   2.2600000e+02   1.2258000e+01   2.3145200e+00  -1.0000000e+00
   2.2700000e+02  -1.0236100e+00  -6.9017700e+00   1.0000000e+00
   2.2800000e+02  -1.3981800e+01  -5.8024300e+00   1.0000000e+00
   2.2900000e+02   1.5404100e+01   4.7983800e-01  -1.0000000e+00
   2.3000000e+02  -2.2038300e+00   9.8455100e+00  -1.0000000e+00
   2.3100000e+02   1.3275000e+01   5.1610000e-01  -1.0000000e+00
   2.3200000e+02  -1.9591300e+01  -3.1690700e+00   1.0000000e+00
   2.3300000e+02  -4.2678900e+00  -9.4911700e+00   1.0000000e+00
   2.3400000e+02  -7.4748200e+00  -1.2152700e+01   1.0000000e+00
   2.3500000e+02  -1.0784300e+01  -1.4869600e+01   1.0000000e+00
   2.3600000e+02   1.1041800e+01  -6.5569200e+00  -1.0000000e+00
   2.3700000e+02  -1.2730600e+01   1.0041700e+01  -1.0000000e+00
   2.3800000e+02   6.1550300e+00  -1.7328700e+01   1.0000000e+00
   2.3900000e+02  -2.2880100e+00   6.2844400e+00  -1.0000000e+00
   2.4000000e+02   1.4391000e+01   1.3072400e+01  -1.0000000e+00
   2.4100000e+02  -7.8034600e+00  -1.0120800e+01   1.0000000e+00
   2.4200000e+02   2.6848200e+00  -2.9482400e+00  -1.0000000e+00
   2.4300000e+02  -2.3764900e+00   2.6337000e+00  -1.0000000e+00
   2.4400000e+02  -2.9147200e+00  -6.0902100e+00   1.0000000e+00
   2.4500000e+02  -3.3137300e+00  -1.5660600e+01   1.0000000e+00
   2.4600000e+02   4.9432600e+00   4.2502400e+00  -1.0000000e+00
   2.4700000e+02   1.2196400e+01  -1.2463400e+00  -1.0000000e+00
   2.4800000e+02   1.8459100e+00  -1.3802200e+01   1.0000000e+00
   2.4900000e+02  -1.1857600e+00   8.0306400e+00  -1.0000000e+00
   2.5000000e+02   7.8559500e+00  -4.7629300e+00  -1.0000000e+00
   2.5100000e+02   9.2520100e+00   1.4998200e+01  -1.0000000e+00
   2.5200000e+02  -9.3861900e+00   1.5346200e+01  -1.0000000e+00
   2.5300000e+02   1.0032300e+01  -4.7510400e+00  -1.0000000e+00
   2.5400000e+02  -1.7612400e+01   3.5464400e+00   1.0000000e+00
   2.5500000e+02   5.0287500e+00   7.8180300e+00  -1.0000000e+00
   2.5600000e+02   3.7020700e+00  -4.7356700e+00  -1.0000000e+00
   2.5700000e+02   1.4419500e+01   9.4623400e+00  -1.0000000e+00
   2.5800000e+02   3.8369400e+00   2.4481400e+00  -1.0000000e+00
   2.5900000e+02   9.0271700e+00  -1.2147600e+01   1.0000000e+00
   2.6000000e+02   4.0360800e+00   9.6284900e+00  -1.0000000e+00
   2.6100000e+02  -9.5715300e+00   8.1893100e+00  -1.0000000e+00
   2.6200000e+02  -1.1478400e+01   1.5405000e+01  -1.0000000e+00
   2.6300000e+02   1.6598100e+01   9.4626400e+00  -1.0000000e+00
   2.6400000e+02  -2.4057700e+00  -9.6275000e-01  -1.0000000e+00
   2.6500000e+02   1.0158200e+01   2.3704600e+00  -1.0000000e+00
   2.6600000e+02  -1.0429600e+01  -5.2751200e+00   1.0000000e+00
   2.6700000e+02  -1.1082600e+00   1.1581200e+01  -1.0000000e+00
   2.6800000e+02  -3.2640700e+00   8.0811700e+00  -1.0000000e+00
   2.6900000e+02   9.1940400e+00   7.6962700e+00  -1.0000000e+00
   2.7000000e+02  -7.3308400e-01  -8.9850700e+00   1.0000000e+00
   2.7100000e+02   1.7510900e+01   4.0811900e-01  -1.0000000e+00
   2.7200000e+02   1.3126600e+01  -6.6100100e+00  -1.0000000e+00
   2.7300000e+02   2.0453500e-01  -1.5144900e+01   1.0000000e+00
   2.7400000e+02  -1.1065800e+01  -1.2765500e+01   1.0000000e+00
   2.7500000e+02  -1.2675000e+01  -1.4048100e+01   1.0000000e+00
   2.7600000e+02  -4.5320100e+00  -7.4327700e+00   1.0000000e+00
   2.7700000e+02   3.8135000e+00  -1.4580300e+01   1.0000000e+00
   2.7800000e+02   3.0268400e+00   1.1511600e+01  -1.0000000e+00
   2.7900000e+02   1.4860900e+01  -1.0531400e+01  -1.0000000e+00
   2.8000000e+02   1.6407800e+01  -1.3751800e+00  -1.0000000e+00
   2.8100000e+02   3.0491500e+00   1.5203800e+01  -1.0000000e+00
   2.8200000e+02   4.4067400e+00  -6.6986800e+00  -1.0000000e+00
   2.8300000e+02  -1.2703200e+01   2.7677400e+00  -1.0000000e+00
   2.8400000e+02   9.4141700e+00  -1.4165500e+01   1.0000000e+00
   2.8500000e+02  -1.8932400e-02   1.7138200e+01  -1.0000000e+00
   2.8600000e+02   6.0148500e+00   6.0078600e+00  -1.0000000e+00
   2.8700000e+02  -3.2188800e+00  -3.9824600e+00   1.0000000e+00
   2.8800000e+02   3.1409500e+00  -1.0392900e+01   1.0000000e+00
   2.8900000e+02  -1.6387000e+01  -5.1124300e-01   1.0000000e+00
   2.9000000e+02  -1.4784200e+01   6.4225000e+00  -1.0000000e+00
   2.9100000e+02  -1.6202400e+01  -2.9789500e+00   1.0000000e+00
   2.9200000e+02   1.2323400e+01   5.9067700e+00  -1.0000000e+00
   2.9300000e+02  -1.2352200e+01  -4.4811100e+00   1.0000000e+00
   2.9400000e+02  -5.5044700e+00   9.7325200e-01  -1.0000000e+00
   2.9500000e+02  -3.3494400e+00   4.5069100e+00  -1.0000000e+00
   2.9600000e+02  -8.1654000e+00  -8.0797600e+00   1.0000000e+00
   2.9700000e+02  -8.5058100e+00   6.4159200e+00  -1.0000000e+00
   2.9800000e+02   1.5507900e+01   1.1233600e+01  -1.0000000e+00
   2.9900000e+02  -9.4618400e+00   1.1773900e+01  -1.0000000e+00
