   0.0000000e+00   1.2130800e+01   6.0957700e+00   2.6011700e+01   1.0000000e+00
   1.0000000e+00   1.8548200e+00  -1.8047200e+00   2.3237000e+01   1.0000000e+00
   2.0000000e+00  -1.4269800e+01  -1.0375900e+00   5.2439400e+00   2.0000000e+00
   3.0000000e+00  -7.4347500e+00  -1.6139800e+01   5.7174500e+00  -1.0000000e+00
   4.0000000e+00  -6.9153400e+00   1.2473200e+01   3.6460800e+01   1.0000000e+00
   5.0000000e+00   8.9323900e+00  -4.4233600e+00   2.2945900e+01   1.0000000e+00
   6.0000000e+00  -8.4225800e+00  -5.7059200e+00   5.3202400e+00   2.0000000e+00
   7.0000000e+00  -7.3737100e+00   6.9805700e+00   2.4518800e+01  -3.0000000e+00
   8.0000000e+00   7.9712100e+00   6.4169300e+00   2.6023200e+01   1.0000000e+00
   9.0000000e+00  -7.7999500e+00  -1.2026600e+01   4.9640500e+00   2.0000000e+00
   1.0000000e+01  -8.2053200e+00  -7.8368900e+00   5.3194900e+00   2.0000000e+00
   1.1000000e+01  -1.1041600e+01   1.1994500e+01   3.6157900e+01  -2.0000000e+00
   1.2000000e+01   1.1189500e+01   7.9547000e+00   2.6466800e+01   1.0000000e+00
   1.3000000e+01   5.4510900e+00  -1.4986600e+01   2.0133200e+01  -2.0000000e+00
   1.4000000e+01   8.8738900e+00   4.5703900e+00   2.5419300e+01   1.0000000e+00
   1.5000000e+01   7.2595200e+00  -6.3265300e-01   2.3174800e+01   1.0000000e+00
   1.6000000e+01   3.1873400e+00   1.7211100e+01   3.4856000e+01  -1.0000000e+00
   1.7000000e+01  -3.2632000e+00   7.4630500e+00   3.6232500e+01   1.0000000e+00
   1.8000000e+01  -1.5396100e+01  -8.4938800e+00  -7.2513200e+00  -2.0000000e+00
   1.9000000e+01   4.3740400e+00   1.5507000e+01   3.4756200e+01  -2.0000000e+00
   2.0000000e+01  -6.5527300e+00  -6.5998200e+00   5.4257600e+00   2.0000000e+00
   2.1000000e+01   4.9598500e+00   8.3543800e+00   2.0053500e+01  -3.0000000e+00
   2.2000000e+01  -5.3087300e+00   7.2181700e+00   3.6673700e+01   1.0000000e+00
   2.3000000e+01  -3.7524100e+00   2.0106600e+00   2.7014300e+01  -3.0000000e+00
   2.4000000e+01  -8.9715500e+00   1.2178200e+01   3.6250000e+01   1.0000000e+00
   2.5000000e+01  -4.1995200e-01  -1.1268700e+01   3.6704800e+01  -3.0000000e+00
   2.6000000e+01   1.4208000e+01  -1.2304900e+01   3.8560900e+01  -1.0000000e+00
   2.7000000e+01   1.5194700e+01   1.1475300e+01   1.5511700e+01  -1.0000000e+00
   2.8000000e+01  -1.2557200e+01   1.5160900e-01   4.9956900e+00   2.0000000e+00
   2.9000000e+01   4.3536800e+00   1.5011100e+00   2.5719100e+01   1.0000000e+00
   3.0000000e+01   4.7146800e+00  -1.2993600e+01   2.3206100e+01   1.0000000e+00
   3.1000000e+01   1.3530200e+00   1.3363000e+01   3.6231600e+01   1.0000000e+00
   3.2000000e+01   1.3239000e+00  -1.4420900e+01   2.2013500e+01  -3.0000000e+00
   3.3000000e+01   6.5127200e+00   1.5693700e+01   2.2144200e+01  -2.0000000e+00
   3.4000000e+01  -1.7856100e+01  -3.3333200e+00  -1.0338400e+01  -1.0000000e+00
   3.5000000e+01  -2.7875100e+00   1.2890800e+01   3.5688500e+01   1.0000000e+00
   3.6000000e+01  -1.5270800e+01   1.1538900e+01   2.6541600e+01  -1.0000000e+00
   3.7000000e+01  -1.2168800e+01  -3.9640500e+00   5.2885600e+00   2.0000000e+00
   3.8000000e+01   1.4298600e+01  -3.2611100e+00   2.3849300e+01   1.0000000e+00
   3.9000000e+01   3.1598300e+00  -9.1863100e+00   2.3159800e+01   1.0000000e+00
   4.0000000e+01  -9.4526200e+00   6.7430500e+00   2.5098800e+01  -3.0000000e+00
   4.1000000e+01  -1.4456100e+00   1.4852600e-01  -1.1578400e+00  -3.0000000e+00
   4.2000000e+01  -1.0321000e+01  -4.8395000e+00   5.4618300e+00   2.0000000e+00
   4.3000000e+01   7.6700700e+00  -6.0509700e+00   2.3345400e+01   1.0000000e+00
   4.4000000e+01  -1.0227800e+01   1.3909200e+01   4.8744000e+01  -2.0000000e+00
   4.5000000e+01  -3.5235700e+00  -5.0919200e-02   3.7427100e-01  -3.0000000e+00
   4.6000000e+01   7.8694400e+00  -1.7173000e+01   1.8851800e+01  -1.0000000e+00
   4.7000000e+01  -1.1421800e+01  -1.2250900e+01   5.5142400e+00   2.0000000e+00
   4.8000000e+01  -1.8137000e+01   8.4549200e-01   3.5127800e+00  -1.0000000e+00
   4.9000000e+01  -1.6858700e+01   8.3128100e+00   1.7344700e+00  -1.0000000e+00
   5.0000000e+01  -1.1650000e+01  -1.0197200e+01   5.2431900e+00   2.0000000e+00
   5.1000000e+01  -1.1616600e+00   7.6678200e+00   3.5827800e+01   1.0000000e+00
   5.2000000e+01  -2.0319500e+00   5.7940900e+00   3.5705400e+01   1.0000000e+00
   5.3000000e+01   8.0810900e+00  -2.5179900e+00   2.3021100e+01   1.0000000e+00
   5.4000000e+01   1.6421700e+01   9.4191700e+00   2.8290800e+01  -1.0000000e+00
   5.5000000e+01   3.5104800e+00  -5.6198000e+00   2.3352100e+01   1.0000000e+00
   5.6000000e+01   9.9514500e+00  -1.7397600e+01   1.5968300e+01  -1.0000000e+00
   5.7000000e+01   1.0836300e+01   1.1831200e+01   3.1194200e+01  -3.0000000e+00
   5.8000000e+01   9.3743600e+00  -8.8918200e-01   2.2755000e+01   1.0000000e+00
   5.9000000e+01  -1.1838300e+01  -8.1449300e+00   5.0403700e+00   2.0000000e+00
   6.0000000e+01   1.1819600e+01  -6.5915400e+00   2.2875300e+01   1.0000000e+00
   6.1000000e+01  -1.5747800e+01  -4.2960200e+00   5.1487300e+00  -2.0000000e+00
   6.2000000e+01   8.5640300e+00   1.0007000e+00   2.3544800e+01   1.0000000e+00
   6.3000000e+01  -1.4942700e+01   9.3949000e+00  -1.2109000e+01  -1.0000000e+00
   6.4000000e+01   1.1697700e+01  -1.5674400e+01   3.5755600e+01  -1.0000000e+00
   6.5000000e+01   3.4057600e+00   1.3605100e+01   3.5299200e+01   1.0000000e+00
   6.6000000e+01  -4.3478800e+00   1.8221700e+01   3.6215700e+01  -1.0000000e+00
   6.7000000e+01   1.4671300e+01  -8.7403300e+00   2.3183500e+01  -2.0000000e+00
   6.8000000e+01   8.6031900e+00   1.5777700e+01   3.0717700e+01  -1.0000000e+00
   6.9000000e+01   2.2885700e+00   1.5349100e+01   3.5397700e+01  -2.0000000e+00
   7.0000000e+01   3.0811200e+00  -1.5899800e-01   2.2148500e+01   1.0000000e+00
   7.1000000e+01  -6.1264700e+00   5.3049400e+00   3.0418300e+01  -3.0000000e+00
   7.2000000e+01  -1.4048600e+01  -3.1096500e+00   5.6296300e+00   2.0000000e+00
   7.3000000e+01  -1.0083100e+01  -6.9308000e+00   5.3859400e+00   2.0000000e+00
   7.4000000e+01  -7.0945600e+00  -4.1032900e-01   5.3793900e+00   2.0000000e+00
   7.5000000e+01   1.2219900e+00   4.2883500e+00   4.1701300e+01  -3.0000000e+00
   7.6000000e+01   1.0217000e+01   9.8724400e+00   2.9859900e+01  -3.0000000e+00
   7.7000000e+01  -1.1022800e+01   3.4298000e+00   4.4557600e+00   2.0000000e+00
   7.8000000e+01  -2.5770700e+00  -1.0473500e+01   6.2536000e+00   2.0000000e+00
   7.9000000e+01  -1.6157900e+01  -1.8448500e-01   4.1332800e+00  -2.0000000e+00
   8.0000000e+01   1.2303400e+01   9.7137200e+00   3.0709000e+01  -3.0000000e+00
   8.1000000e+01  -1.3112300e+01  -1.3478600e+01  -5.5699500e+00  -2.0000000e+00
   8.2000000e+01  -5.1865000e+00  -1.2681700e+00   5.9505800e+00   2.0000000e+00
   8.3000000e+01  -9.1863200e-01  -9.2270800e+00   3.3103900e+01  -3.0000000e+00
   8.4000000e+01  -5.2185700e+00   1.6268200e+01   4.7968800e+01  -2.0000000e+00
   8.5000000e+01   1.0605900e+01   7.5411200e-01   2.3880800e+01   1.0000000e+00
   8.6000000e+01  -2.3610500e+00  -6.2473900e+00   3.5100700e+01  -3.0000000e+00
   8.7000000e+01  -1.5011300e+01  -1.2658900e+01   6.7783700e+00  -1.0000000e+00
   8.8000000e+01   1.3972400e+00  -5.3695700e+00   2.1635500e+01   1.0000000e+00
   8.9000000e+01  -2.1393200e+00  -1.4614800e+01   3.8481400e+00  -3.0000000e+00
   9.0000000e+01   3.6763300e+00  -1.6921100e+01   1.7982400e+01  -1.0000000e+00
   9.1000000e+01   1.0525400e+01  -8.2451300e+00   2.2554900e+01   1.0000000e+00
   9.2000000e+01  -1.3861100e+01  -5.1782500e+00   4.7706900e+00   2.0000000e+00
   9.3000000e+01   1.6816600e+01   1.1890400e-01   2.2422500e+01  -2.0000000e+00
   9.4000000e+01   1.3030800e+01   4.1825000e+00   2.5663500e+01   1.0000000e+00
   9.5000000e+01  -2.3048500e+00   1.8444700e+01   3.6703800e+01  -1.0000000e+00
   9.6000000e+01  -2.7738600e+00  -8.3281700e+00   2.5897600e+01  -3.0000000e+00
   9.7000000e+01   1.7225800e+01   3.8285700e+00   9.3026300e+00  -1.0000000e+00
   9.8000000e+01   1.3913900e+01   2.3230900e+00   2.5137900e+01   1.0000000e+00
   9.9000000e+01  -3.0930100e+00   1.6522300e+01   3.6205800e+01  -2.0000000e+00
   1.0000000e+02   2.9284800e+00   8.0527500e+00   4.8620200e+01  -3.0000000e+00
   1.0100000e+02  -9.8372100e+00   1.0303500e+01   3.5181900e+01   1.0000000e+00
   1.0200000e+02   1.7691500e+01  -1.7610200e+00   7.6971600e+00  -1.0000000e+00
   1.0300000e+02   1.1814100e+01   2.4509500e+00   2.4894400e+01   1.0000000e+00
   1.0400000e+02  -3.1401300e+00  -4.2409100e+00   7.7647400e+00  -3.0000000e+00
   1.0500000e+02  -1.9050300e+00   1.4813400e+01   3.5407200e+01   1.0000000e+00
   1.0600000e+02  -1.2737800e+01   2.2446500e+00   5.0113600e+00   2.0000000e+00
   1.0700000e+02  -6.9208800e+00  -2.5006700e+00   5.1166000e+00   2.0000000e+00
   1.0800000e+02  -6.0787400e+00   1.4371700e+01   3.5709600e+01  -2.0000000e+00
   1.0900000e+02   9.7175600e+00   1.3981300e+01   2.7801900e+01  -2.0000000e+00
   1.1000000e+02   1.4120900e+01   1.3320600e+01   1.0788100e+01  -1.0000000e+00
   1.1100000e+02   8.1143000e+00   1.0130500e+01   3.0927000e+01  -3.0000000e+00
   1.1200000e+02  -1.0493100e+01  -2.7645600e+00   4.8660400e+00   2.0000000e+00
   1.1300000e+02  -1.9303000e-01  -1.4826900e+00   2.7261200e+01  -3.0000000e+00
   1.1400000e+02   1.0092200e+01  -1.1794700e+01   2.2424100e+01   1.0000000e+00
   1.1500000e+02   1.5132200e+01  -5.1510100e+00   2.2794700e+01  -2.0000000e+00
   1.1600000e+02   8.0526700e+00  -1.1531500e+01   2.3028300e+01   1.0000000e+00
   1.1700000e+02   1.5920600e+01  -7.0415800e+00   2.1937800e+01  -2.0000000e+00
   1.1800000e+02   5.2330100e+00   1.7407300e+01   3.5968100e+01  -1.0000000e+00
   1.1900000e+02   1.4176000e+01   5.9721100e+00   2.6396400e+01  -2.0000000e+00
   1.2000000e+02  -7.4207300e+00   3.7161800e+00   2.2412900e+01  -3.0000000e+00
   1.2100000e+02  -3.6986300e-01  -1.5645000e+01   4.7797300e+00  -2.0000000e+00
   1.2200000e+02   1.2681900e+01   5.9527000e-01   2.4415400e+01   1.0000000e+00
   1.2300000e+02   1.3365700e+01  -1.0429200e+01   2.3150300e+01  -2.0000000e+00
   1.2400000e+02   2.6651400e+00  -3.7177600e+00   2.2858300e+01   1.0000000e+00
   1.2500000e+02   3.1989600e+00   3.6200400e+00   3.8283000e+01  -3.0000000e+00
   1.2600000e+02  -1.3051300e+01   6.3664700e+00  -8.7631600e+00  -3.0000000e+00
   1.2700000e+02   3.5592400e-01   2.4227500e+00   1.3875500e+01  -3.0000000e+00
   1.2800000e+02  -4.4856300e+00   9.1044500e+00   3.6230500e+01   1.0000000e+00
   1.2900000e+02  -1.2276000e+01   1.3641700e+01   3.5829100e+01  -1.0000000e+00
   1.3000000e+02  -1.3134400e+01   1.1751500e+01   2.4021700e+01  -2.0000000e+00
   1.3100000e+02   5.2406600e+00   3.3845300e+00   2.3660000e+01  -3.0000000e+00
   1.3200000e+02  -4.4388800e+00  -9.5470600e+00   5.4270900e+00   2.0000000e+00
   1.3300000e+02  -7.2901200e+00   1.6549500e+00   5.7761700e+00  -3.0000000e+00
   1.3400000e+02  -1.5578600e+01  -6.3537700e+00   4.5667100e+00  -2.0000000e+00
   1.3500000e+02   5.9646100e+00  -1.1340700e+01   2.3182400e+01   1.0000000e+00
   1.3600000e+02  -1.0675000e+01  -7.1370600e-01   5.0660500e+00   2.0000000e+00
   1.3700000e+02  -1.3519200e+01  -9.3475800e+00   5.1590700e+00  -2.0000000e+00
   1.3800000e+02   1.1012300e+01  -4.6966300e+00   2.3023400e+01   1.0000000e+00
   1.3900000e+02  -9.3393700e+00   1.5904700e+01   3.5559700e+01  -1.0000000e+00
   1.4000000e+02  -9.2893700e+00   4.6068000e+00  -7.6285200e+00  -3.0000000e+00
   1.4100000e+02   5.7653700e+00  -1.7026100e+01   1.9693000e+01  -1.0000000e+00
   1.4200000e+02  -3.6227200e+00   1.1000300e+01   3.5851500e+01   1.0000000e+00
   1.4300000e+02  -7.7746400e+00   1.0520600e+01   3.6381600e+01   1.0000000e+00
   1.4400000e+02  -1.1145500e+01   5.4927900e+00   1.6760600e+01  -3.0000000e+00
   1.4500000e+02   1.2877700e+01   1.1687400e+01   3.0261400e+01  -2.0000000e+00
   1.4600000e+02  -3.0533500e-01   9.5600300e+00   3.5928700e+01   1.0000000e+00
   1.4700000e+02   1.5201500e-01   1.5016100e+01   3.6295100e+01   1.0000000e+00
   1.4800000e+02  -4.8321700e+00  -5.4002100e+00   5.8979000e+00  -3.0000000e+00
   1.4900000e+02   9.7584000e+00   2.6756800e+00   2.4582000e+01   1.0000000e+00
   1.5000000e+02  -1.2373400e+01  -1.9077600e+00   5.4007400e+00   2.0000000e+00
   1.5100000e+02   6.1139500e-02   5.9865800e+00   3.5151500e+01   1.0000000e+00
   1.5200000e+02   1.1330300e+01  -1.0156500e+01   2.2590100e+01   1.0000000e+00
   1.5300000e+02   6.4215000e+00   1.2369800e+00   2.3986600e+01   1.0000000e+00
   1.5400000e+02  -4.2512700e+00  -1.1661600e+01   5.5631400e+00   2.0000000e+00
   1.5500000e+02  -1.0866400e+01   8.2913700e+00   2.1812500e+01  -3.0000000e+00
   1.5600000e+02  -5.9201800e+00  -1.2873500e+01   5.7260900e+00   2.0000000e+00
   1.5700000e+02  -8.7689300e+00  -1.6056400e+00   4.7076300e+00   2.0000000e+00
   1.5800000e+02  -2.3380700e+00  -1.2512700e+01   5.4633200e+00   2.0000000e+00
   1.5900000e+02  -2.4101600e+00   9.3246800e+00   3.5918700e+01   1.0000000e+00
   1.6000000e+02   1.0004800e+00   1.7025200e+01   2.5115100e+01  -2.0000000e+00
   1.6100000e+02   9.7297200e+00  -6.3263200e+00   2.2501800e+01   1.0000000e+00
   1.6200000e+02  -1.4359000e+01   1.3516100e+01   3.4485000e+01  -1.0000000e+00
   1.6300000e+02  -5.6967000e+00   1.0784300e+01   3.6302100e+01   1.0000000e+00
   1.6400000e+02   1.3086300e+01   1.5237100e+01   2.2444200e+01  -1.0000000e+00
   1.6500000e+02   5.1636700e+00  -4.0804700e-01   2.3532300e+01   1.0000000e+00
   1.6600000e+02   5.5825200e+00  -5.8498600e+00   2.3795200e+01   1.0000000e+00
   1.6700000e+02  -3.8272700e+00  -1.5783000e+01   3.8764900e+00  -2.0000000e+00
   1.6800000e+02  -1.7289700e+01  -7.5443800e+00   4.5307200e+00  -1.0000000e+00
   1.6900000e+02  -5.4188300e+00   7.8656600e-01   3.4802700e+01  -3.0000000e+00
   1.7000000e+02  -2.9083700e+00   3.8891700e+00   3.6840100e+01   1.0000000e+00
   1.7100000e+02   8.4802400e+00  -7.9726400e+00   2.2994700e+01   1.0000000e+00
   1.7200000e+02   3.8943800e+00  -1.1109100e+01   2.3542700e+01   1.0000000e+00
   1.7300000e+02  -7.2969000e+00   1.6109100e+01   3.5429500e+01  -1.0000000e+00
   1.7400000e+02   1.3473300e+01  -1.3834700e+00   2.4053200e+01   1.0000000e+00
   1.7500000e+02  -5.3862600e+00   3.3170600e+00   4.2007200e+01  -3.0000000e+00
   1.7600000e+02  -9.5182200e+00  -1.3160900e+01   4.2796700e+00  -2.0000000e+00
   1.7700000e+02  -4.6661100e+00  -7.4503500e+00   4.3650000e+00  -3.0000000e+00
   1.7800000e+02  -1.0371800e+00   1.6707000e+01   3.6534800e+01  -2.0000000e+00
   1.7900000e+02   7.6422100e+00   1.3960800e+01   3.2397100e+01  -2.0000000e+00
   1.8000000e+02   6.7166600e+00   1.2081900e+01   3.4444400e+01  -3.0000000e+00
   1.8100000e+02  -1.4845200e+01   5.2172200e+00   3.2134100e+00  -2.0000000e+00
   1.8200000e+02   1.6008700e+01   2.1320000e+00   2.3586700e+01  -2.0000000e+00
   1.8300000e+02   1.8404800e+01  -3.6858000e+00   2.5398700e+01  -1.0000000e+00
   1.8400000e+02   1.4349600e+01   9.5541600e+00   2.9638200e+01  -2.0000000e+00
   1.8500000e+02   1.2611900e+01  -8.4981100e+00   2.2556300e+01   1.0000000e+00
   1.8600000e+02   2.2445300e+00  -7.2388000e+00   2.4809000e+01   1.0000000e+00
   1.8700000e+02  -1.7486700e+01  -5.4567300e+00  -9.0493100e+00  -1.0000000e+00
   1.8800000e+02   1.7370600e+01  -5.5497200e+00   3.8292600e+01  -1.0000000e+00
   1.8900000e+02  -1.3701200e+01  -7.2782600e+00   4.8253600e+00   2.0000000e+00
   1.9000000e+02   6.2327900e-01  -3.4602800e+00   2.2033700e+01   1.0000000e+00
   1.9100000e+02  -8.6281600e+00  -3.6588400e+00   4.6556900e+00   2.0000000e+00
   1.9200000e+02  -1.2906300e+01   4.3007000e+00   4.3818900e+00   2.0000000e+00
   1.9300000e+02   1.5490000e+01  -1.0631200e+01   3.8344200e+01  -1.0000000e+00
   1.9400000e+02   7.0345600e+00   8.3360800e+00   2.7685700e+01   1.0000000e+00
   1.9500000e+02   2.5880200e+00   1.1705900e+01   3.6373900e+01   1.0000000e+00
   1.9600000e+02   1.0993100e+01   1.5637000e+01   2.2298200e+01  -1.0000000e+00
   1.9700000e+02  -1.4697000e+01   3.1106100e+00   4.9590400e+00  -2.0000000e+00
   1.9800000e+02  -8.9789700e+00   4.5773700e-01   5.0689100e+00   2.0000000e+00
   1.9900000e+02   6.8156500e+00  -4.1844900e+00   2.3551900e+01   1.0000000e+00
   2.0000000e+02  -1.1998800e+01  -6.0823000e+00   5.1452300e+00   2.0000000e+00
   2.0100000e+02  -1.4923500e+01   7.2845500e+00   2.0700400e+00  -2.0000000e+00
   2.0200000e+02  -1.6980400e+00   2.2004400e+00   1.7894600e+01  -3.0000000e+00
   2.0300000e+02  -5.2356800e-02  -1.7796700e+01   7.5360700e+00  -1.0000000e+00
   2.0400000e+02  -1.4432900e+01   1.0300400e+00   5.3285300e+00   2.0000000e+00
   2.0500000e+02  -7.6747900e+00  -1.4085000e+01   5.0126400e+00  -2.0000000e+00
   2.0600000e+02   8.8073900e+00  -1.3479800e+01   2.2555500e+01   1.0000000e+00
   2.0700000e+02   9.1202100e+00   8.1210500e+00   2.6022100e+01   1.0000000e+00
   2.0800000e+02   1.2157200e+01  -1.2102600e+01   2.2801400e+01  -2.0000000e+00
   2.0900000e+02   1.6763400e+01  -8.9506600e+00   2.3641900e+01  -1.0000000e+00
   2.1000000e+02  -3.0445400e-01  -7.1299700e+00   2.3676100e+01  -3.0000000e+00
   2.1100000e+02   7.5231600e+00  -1.5148800e+01   1.9974400e+01  -2.0000000e+00
   2.1200000e+02  -2.0703700e+00  -1.6876200e+01   1.5622200e+01  -2.0000000e+00
   2.1300000e+02  -4.9950100e+00  -3.3331500e+00   5.1083600e+00   2.0000000e+00
   2.1400000e+02   1.6350600e+01  -3.5019700e+00   2.3819500e+01  -2.0000000e+00
   2.1500000e+02   1.0934800e+01   4.3741400e+00   2.5004200e+01   1.0000000e+00
   2.1600000e+02   9.2784000e+00  -9.8714900e+00   2.2878900e+01   1.0000000e+00
   2.1700000e+02   1.7171000e+00  -1.0973800e+01   1.3714900e+01  -3.0000000e+00
   2.1800000e+02   6.8307900e+00   4.7149600e+00   2.2602700e+01  -3.0000000e+00
   2.1900000e+02   2.6547700e+00  -1.2849300e+01   2.3186000e+01  -3.0000000e+00
   2.2000000e+02  -2.6081400e-01   1.8687300e+01   3.7518400e+01  -1.0000000e+00
   2.2100000e+02   1.0180600e+01  -2.7915200e+00   2.2986100e+01   1.0000000e+00
   2.2200000e+02   6.4154100e+00  -7.7483100e+00   2.3687300e+01   1.0000000e+00
   2.2300000e+02  -1.0866800e+01   1.3331500e+00   4.8066700e+00   2.0000000e+00
   2.2400000e+02  -8.0227200e+00  -9.8925000e+00   5.2465900e+00   2.0000000e+00
   2.2500000e+02   6.0240900e+00   1.0129200e+01   3.3084600e+01  -3.0000000e+00
   2.2600000e+02   7.6866300e+00   2.8531600e+00   2.3361000e+01   1.0000000e+00
   2.2700000e+02   4.3695500e+00  -7.5118300e+00   2.3700800e+01   1.0000000e+00
   2.2800000e+02  -1.2842200e+01  -1.5636900e+01   7.9609600e+00  -1.0000000e+00
   2.2900000e+02   1.1418400e+01  -1.1557800e+00   2.3369300e+01   1.0000000e+00
   2.3000000e+02  -5.7096700e+00  -1.4963700e+01   5.6661600e+00  -2.0000000e+00
   2.3100000e+02   3.9600500e+00  -2.0754600e+00   2.3390700e+01   1.0000000e+00
   2.3200000e+02  -3.9440400e+00   1.4581000e+01   3.5621400e+01   1.0000000e+00
   2.3300000e+02   2.1634800e+00   6.1312800e+00   4.2919700e+01  -3.0000000e+00
   2.3400000e+02  -1.1879800e+01   1.0114400e+01   3.2545500e+01  -3.0000000e+00
   2.3500000e+02  -4.0866200e+00   5.5668600e+00   3.5287600e+01   1.0000000e+00
   2.3600000e+02  -1.6004000e+01  -2.2540400e+00   4.2909400e+00  -2.0000000e+00
   2.3700000e+02  -5.5347500e+00  -1.7027200e+01   3.6604000e+00  -1.0000000e+00
   2.3800000e+02   5.3281700e-01   1.1471600e+01   3.6559200e+01   1.0000000e+00
   2.3900000e+02  -6.8362900e-01  -5.0642900e+00   1.5011200e+01  -3.0000000e+00
   2.4000000e+02   6.0140900e+00  -2.2857500e+00   2.3558400e+01   1.0000000e+00
   2.4100000e+02  -3.2455500e+00  -2.1097100e+00  -7.3897200e+00  -3.0000000e+00
   2.4200000e+02   5.2049900e+00  -9.4178000e+00   2.3162400e+01   1.0000000e+00
   2.4300000e+02   1.7411600e+00   9.7745200e+00   3.5844800e+01   1.0000000e+00
   2.4400000e+02  -6.3306600e+00  -8.7032300e+00   5.7330100e+00   2.0000000e+00
   2.4500000e+02  -1.4083200e+00  -3.1279800e+00   2.5701600e+01  -3.0000000e+00
   2.4600000e+02   2.3042900e+00   1.7634400e+00   3.2652300e+01  -3.0000000e+00
   2.4700000e+02  -1.6718000e+01   6.1541300e+00  -1.2646300e+01  -1.0000000e+00
   2.4800000e+02   1.6286400e+01   5.8595500e+00   1.1546000e+01  -1.0000000e+00
   2.4900000e+02   7.9658300e-01   3.5861100e-01   2.2570800e+01  -3.0000000e+00
   2.5000000e+02  -8.1325900e+00   1.4179000e+01   3.6168700e+01  -2.0000000e+00
   2.5100000e+02  -9.3690400e+00  -1.5317100e+01   4.8031800e+00  -1.0000000e+00
   2.5200000e+02  -9.7325500e+00  -1.1080800e+01   4.9752900e+00   2.0000000e+00
   2.5300000e+02   4.1360200e+00   5.5255000e+00   3.3464600e+01  -3.0000000e+00
   2.5400000e+02   1.5319300e+01   7.6705100e+00   2.6989600e+01  -2.0000000e+00
   2.5500000e+02  -1.3365500e+01  -1.1397900e+01   5.9479900e+00  -2.0000000e+00
   2.5600000e+02   3.3382800e+00  -1.4823400e+01   1.8169400e+01  -2.0000000e+00
   2.5700000e+02   8.7717800e+00   1.2079300e+01   3.2031600e+01  -3.0000000e+00
   2.5800000e+02   9.6150400e+00  -1.5374700e+01   1.9443500e+01  -2.0000000e+00
   2.5900000e+02   7.2412400e+00  -9.6346300e+00   2.3430200e+01   1.0000000e+00
   2.6000000e+02  -4.0286700e+00  -1.3709400e+01   5.7211700e+00   2.0000000e+00
   2.6100000e+02  -1.1228200e+01  -1.4339700e+01   1.7274000e+01  -2.0000000e+00
   2.6200000e+02   1.5528800e+01  -1.4993500e+00   2.3486400e+01  -2.0000000e+00
   2.6300000e+02  -1.7969100e+01  -1.2395700e+00  -1.2346900e+01  -1.0000000e+00
   2.6400000e+02  -1.5201900e+00   1.1216200e+01   3.6431000e+01   1.0000000e+00
   2.6500000e+02  -3.7310300e+00  -1.8121600e+01   2.6595800e+00  -1.0000000e+00
   2.6600000e+02   1.3888100e+01  -6.8189000e+00   2.3161000e+01   1.0000000e+00
   2.6700000e+02  -9.1344700e+00   2.5520300e+00   4.5012400e+00   2.0000000e+00
   2.6800000e+02   5.9243300e+00   6.5507200e+00   2.1724900e+01  -3.0000000e+00
   2.6900000e+02   4.6569200e+00   1.1944700e+01   3.5593300e+01   1.0000000e+00
   2.7000000e+02   1.0869100e+01  -1.3732400e+01   2.2436700e+01  -2.0000000e+00
   2.7100000e+02  -6.7187900e+00  -4.5552500e+00   5.0590100e+00   2.0000000e+00
   2.7200000e+02  -6.1447700e+00  -1.0768200e+01   5.6361200e+00   2.0000000e+00
   2.7300000e+02   1.0031000e+01   6.2594100e+00   2.5682000e+01   1.0000000e+00
   2.7400000e+02   1.2930100e+01  -1.4009700e+01   3.7757000e+01  -1.0000000e+00
   2.7500000e+02   1.1206200e+00  -8.9752200e+00   1.6502800e+01  -3.0000000e+00
   2.7600000e+02   1.4744300e+01   4.2600600e-01   2.3510000e+01   1.0000000e+00
   2.7700000e+02  -8.1944800e-01   4.1172300e+00   3.5298400e+01   1.0000000e+00
   2.7800000e+02   1.3071600e+01  -4.9202100e+00   2.3487400e+01   1.0000000e+00
   2.7900000e+02   1.1752100e+01   1.3658900e+01   2.4459600e+01  -2.0000000e+00
   2.8000000e+02  -6.5368300e+00   8.8559700e+00   3.6542500e+01   1.0000000e+00
   2.8100000e+02   1.3263700e+01   7.8221400e+00   2.6654900e+01   1.0000000e+00
   2.8200000e+02   6.7674700e+00  -1.3227900e+01   2.2834300e+01   1.0000000e+00
   2.8300000e+02  -1.6715900e+01   4.0335700e+00  -1.1019100e+01  -1.0000000e+00
   2.8400000e+02  -1.5241100e+01  -1.0551400e+01  -9.7007200e+00  -1.0000000e+00
   2.8500000e+02  -8.6064000e+00   8.6224100e+00   3.6662800e+01   1.0000000e+00
   2.8600000e+02   5.5832000e+00   1.3822600e+01   3.4269100e+01   1.0000000e+00
   2.8700000e+02   8.7744400e-01   7.8690400e+00   3.5733600e+01   1.0000000e+00
   2.8800000e+02  -7.2928000e-01   1.3120800e+01   3.6288900e+01   1.0000000e+00
   2.8900000e+02  -4.4845800e-01  -1.3337500e+01   2.6643000e+01  -3.0000000e+00
   2.9000000e+02   1.5847100e+00  -1.6483600e+01   2.2867400e+01  -2.0000000e+00
   2.9100000e+02   1.5080500e+01   4.0505600e+00   2.5619200e+01  -2.0000000e+00
   2.9200000e+02  -1.6422700e+01   1.9770700e+00   5.2750900e+00  -2.0000000e+00
   2.9300000e+02  -1.3061200e+01   8.4314400e+00   2.3213600e+01  -2.0000000e+00
   2.9400000e+02   1.8124100e+01   1.8063100e+00   2.2475800e+01  -1.0000000e+00
   2.9500000e+02   3.7813100e+00   1.0028800e+01   3.5389200e+01   1.0000000e+00
   2.9600000e+02   4.7620000e+00  -3.9684700e+00   2.3314800e+01   1.0000000e+00
   2.9700000e+02  -4.8584500e+00   1.2718900e+01   3.5689000e+01   1.0000000e+00
   2.9800000e+02  -9.9222400e+00  -9.0285800e+00   4.8814400e+00   2.0000000e+00
   2.9900000e+02   1.2248800e+01  -3.0338300e+00   2.3533200e+01   1.0000000e+00
