   0.0000000e+00   8.6307400e-01   5.5072300e+00   4.8615700e+01   1.0000000e+00
   1.0000000e+00   1.8666300e+01  -7.0707500e-01   2.6939400e+01  -1.0000000e+00
   2.0000000e+00   7.1906600e+00  -1.5556800e+00   2.5328800e+01   2.0000000e+00
   3.0000000e+00  -1.1288200e+01   9.0883900e+00   4.8424200e+01   1.0000000e+00
   4.0000000e+00  -3.3431000e+00  -1.3221600e+01   2.3434000e+01  -3.0000000e+00
   5.0000000e+00   2.4401600e+00  -8.3929400e+00   2.4372100e+01   2.0000000e+00
   6.0000000e+00   8.7038400e+00   1.5450600e+01   3.9158000e+01  -1.0000000e+00
   7.0000000e+00   1.2064800e+01   8.8988000e+00   1.0396300e+01  -3.0000000e+00
   8.0000000e+00   7.2524600e+00   1.6967300e+01   4.5728500e+01  -1.0000000e+00
   9.0000000e+00  -1.2690900e+00  -1.3436800e+01   2.3333400e+01   2.0000000e+00
   1.0000000e+01   1.3051900e+01  -5.6446400e+00   2.5124300e+01   2.0000000e+00
   1.1000000e+01  -1.3424700e+01  -1.1295100e+00   4.8602700e+01   1.0000000e+00
   1.2000000e+01  -1.6726900e+00  -1.7052000e+01   1.2225600e+01  -2.0000000e+00
   1.3000000e+01  -1.2628600e+01  -6.5651300e+00   4.9406200e+01   1.0000000e+00
   1.4000000e+01   1.0007800e+01   9.0376300e+00   2.0684600e+01  -3.0000000e+00
   1.5000000e+01   1.6591500e+01  -5.2040900e-01   2.5712700e+01  -2.0000000e+00
   1.6000000e+01   1.5062000e+01   6.8637000e+00   2.5307600e+01  -2.0000000e+00
   1.7000000e+01   1.3912900e+01   1.1138500e+01  -5.8626900e+00  -1.0000000e+00
   1.8000000e+01   7.7507400e+00  -7.0560800e+00   2.5137600e+01   2.0000000e+00
   1.9000000e+01   1.8997800e+01   2.9563800e+00   2.5670700e+01  -1.0000000e+00
   2.0000000e+01  -4.7803500e+00  -3.8373900e+00   5.0035100e+01   1.0000000e+00
   2.1000000e+01  -1.4122000e+01   1.3986500e+01   4.9960700e+01  -1.0000000e+00
   2.2000000e+01  -3.0688000e+00  -9.5091600e+00   2.0958000e+01  -3.0000000e+00
   2.3000000e+01   4.9207600e+00  -1.4096000e+01   2.5040500e+01   2.0000000e+00
   2.4000000e+01   1.2397200e+01   1.2921600e+01   3.6436600e+01  -1.0000000e+00
   2.5000000e+01   6.1711300e+00  -1.2356400e+01   2.5124200e+01   2.0000000e+00
   2.6000000e+01  -1.1965400e+01  -1.4243400e+01   3.6566400e+01  -1.0000000e+00
   2.7000000e+01  -2.8741400e+00   1.3755900e+01   4.8305000e+01   1.0000000e+00
   2.8000000e+01   1.6913300e+00  -1.5613900e+01   2.3548300e+01  -2.0000000e+00
   2.9000000e+01  -7.0163600e+00   2.9307800e+00   4.7116200e+01   1.0000000e+00
   3.0000000e+01   6.6970400e+00   1.4853300e+01   4.6152400e+01  -2.0000000e+00
   3.1000000e+01   1.0662500e+01   3.5846600e+00   2.5547900e+01   2.0000000e+00
   3.2000000e+01   2.4187600e+00  -1.7577000e+01   2.2171100e+01  -1.0000000e+00
   3.3000000e+01  -6.0387000e+00   1.6624700e+01   4.8531500e+01  -1.0000000e+00
   3.4000000e+01  -2.8327300e+00  -3.0696300e+00   4.5457900e+01  -3.0000000e+00
   3.5000000e+01   1.3351000e+01  -2.0384900e+00   2.5649800e+01   2.0000000e+00
   3.6000000e+01  -1.0632200e+01  -5.9911500e+00   4.9503300e+01   1.0000000e+00
   3.7000000e+01  -4.7545200e-01  -1.5374400e+01   2.3422800e+01   2.0000000e+00
   3.8000000e+01  -1.3299700e+01  -1.0680500e+01   4.9239300e+01  -2.0000000e+00
   3.9000000e+01   4.8422900e-01   3.4662300e+00   6.1272700e+01  -3.0000000e+00
   4.0000000e+01   1.5866800e+01  -1.1168300e+01   2.6442800e+01  -1.0000000e+00
   4.1000000e+01   7.4347200e+00   2.0249500e+00   2.6065600e+01   2.0000000e+00
   4.2000000e+01  -1.7487700e+01  -2.4496500e+00   6.3710200e+01  -1.0000000e+00
   4.3000000e+01  -5.0324200e+00   3.5526900e+00   4.7807900e+01   1.0000000e+00
   4.4000000e+01  -1.6161700e+01   3.6511300e+00   6.0486800e+01  -2.0000000e+00
   4.5000000e+01   1.1526800e+01  -1.0953600e+01   2.5526100e+01   2.0000000e+00
   4.6000000e+01   7.8952200e-01  -1.3685000e+01   2.3966800e+01   2.0000000e+00
   4.7000000e+01   4.8178200e+00  -4.9715700e+00   2.5285700e+01   2.0000000e+00
   4.8000000e+01  -1.9695500e-01  -2.7301200e+00   3.3522000e+01  -3.0000000e+00
   4.9000000e+01  -3.0649500e+00   4.2117300e+00   4.8234500e+01   1.0000000e+00
   5.0000000e+01  -3.6260500e+00  -7.2376500e+00   2.2145100e+01  -3.0000000e+00
   5.1000000e+01  -3.7558800e+00   1.6402800e-01   4.8410100e+01   1.0000000e+00
   5.2000000e+01   1.7686700e+00   9.6053600e+00   4.7745300e+01   1.0000000e+00
   5.3000000e+01  -1.1449100e+01  -4.9707300e-01   4.9129700e+01   1.0000000e+00
   5.4000000e+01   1.4790700e+01   3.2390400e+00   2.5862600e+01   2.0000000e+00
   5.5000000e+01   1.5458700e+00   1.7093000e+01   4.6757900e+01  -2.0000000e+00
   5.6000000e+01   1.4201600e+01   8.7672500e+00   2.0605400e+01  -2.0000000e+00
   5.7000000e+01   1.0410000e+01  -1.0595300e-02   2.5799200e+01   2.0000000e+00
   5.8000000e+01  -1.6913500e+01  -4.3572100e-01   4.7578200e+01  -2.0000000e+00
   5.9000000e+01  -4.3784400e-01   1.6464300e+01   4.7788900e+01  -2.0000000e+00
   6.0000000e+01   6.2196700e+00   1.2837900e+01   4.6877800e+01   1.0000000e+00
   6.1000000e+01  -1.5267600e+01   7.7285200e+00   6.3048700e+01  -1.0000000e+00
   6.2000000e+01  -1.0051300e+01  -1.3477700e+01   5.1702700e+01  -2.0000000e+00
   6.3000000e+01   6.5840200e-01   1.3000600e+01   4.7840600e+01   1.0000000e+00
   6.4000000e+01  -6.7950100e-01   6.8921000e+00   4.7849300e+01   1.0000000e+00
   6.5000000e+01   5.1066300e+00  -1.3874000e+00   2.5306800e+01   2.0000000e+00
   6.6000000e+01   5.7498100e+00   1.0820800e+01   4.7749900e+01   1.0000000e+00
   6.7000000e+01   9.2454400e+00  -1.7379200e+00   2.5468900e+01   2.0000000e+00
   6.8000000e+01   1.2766600e+00   7.5256500e+00   4.8055400e+01   1.0000000e+00
   6.9000000e+01  -1.2192400e+01   5.0109600e+00   4.8346800e+01   1.0000000e+00
   7.0000000e+01  -1.4583700e+01  -7.2951500e+00   5.1494400e+01  -2.0000000e+00
   7.1000000e+01  -1.5017100e+00   2.8441100e+00   4.9031300e+01   1.0000000e+00
   7.2000000e+01   1.1552700e+01   1.6995500e+00   2.5621000e+01   2.0000000e+00
   7.3000000e+01   7.9861700e+00  -1.6079300e+01   3.7562300e+01  -2.0000000e+00
   7.4000000e+01   2.8808100e+00   6.1726700e+00   4.7283400e+01   1.0000000e+00
   7.5000000e+01   9.4792900e+00  -1.0807300e+01   2.5108800e+01   2.0000000e+00
   7.6000000e+01   1.6873900e-01   1.3833700e+00   2.0768000e+01  -3.0000000e+00
   7.7000000e+01  -3.4981900e+00   2.1983600e+00   4.9105000e+01   1.0000000e+00
   7.8000000e+01  -5.9792600e+00  -1.6424200e+01   1.7405300e+01  -1.0000000e+00
   7.9000000e+01  -1.4822400e+01   9.8875600e+00   6.1910700e+01  -1.0000000e+00
   8.0000000e+01   9.8169600e+00  -7.1988000e+00   2.5386000e+01   2.0000000e+00
   8.1000000e+01   8.6199900e+00  -8.9246800e+00   2.4920500e+01   2.0000000e+00
   8.2000000e+01   1.5409200e+01  -2.1993600e+00   2.4926500e+01  -2.0000000e+00
   8.3000000e+01   7.2688200e-01  -4.6422400e+00   2.5347900e+01   2.0000000e+00
   8.4000000e+01   1.2451000e+01  -1.2849400e+01   2.5659700e+01  -2.0000000e+00
   8.5000000e+01   2.7216300e+00   1.3640300e+01   4.7969500e+01   1.0000000e+00
   8.6000000e+01   8.9395900e+00  -5.3288300e+00   2.5321100e+01   2.0000000e+00
   8.7000000e+01  -7.2793900e+00   1.0400100e+01   4.7567200e+01   0.0000000e+00
   8.8000000e+01   3.9063700e+00  -3.1116100e+00   2.5328800e+01   2.0000000e+00
   8.9000000e+01   3.0781000e+00   1.5670800e+01   4.7511400e+01  -2.0000000e+00
   9.0000000e+01   3.0356500e+00  -1.2281700e+00   2.4607100e+01  -3.0000000e+00
   9.1000000e+01   4.7080600e+00   1.4275500e+01   4.7058600e+01   1.0000000e+00
   9.2000000e+01   5.3501200e+00  -1.0472300e+01   2.4668700e+01   2.0000000e+00
   9.3000000e+01  -6.1174800e+00  -1.2047400e+01   6.3050600e+01  -3.0000000e+00
   9.4000000e+01  -8.3239000e+00  -3.2038200e+00   4.9322300e+01   1.0000000e+00
   9.5000000e+01   1.2199300e+01  -3.7627200e+00   2.5447000e+01   2.0000000e+00
   9.6000000e+01   6.8888900e+00  -5.1749300e+00   2.4981900e+01   2.0000000e+00
   9.7000000e+01  -2.0198900e+00   1.7816900e+01   4.8247100e+01  -1.0000000e+00
   9.8000000e+01  -1.7148000e+00  -1.3335400e+00   1.0985400e+01  -3.0000000e+00
   9.9000000e+01   1.2775300e+01  -9.2168100e+00   2.5688700e+01   2.0000000e+00
   1.0000000e+02   1.4249400e+01  -3.9409900e+00   2.5356200e+01   2.0000000e+00
   1.0100000e+02  -6.5003500e+00  -1.4087600e+01   2.2595800e+01  -2.0000000e+00
   1.0200000e+02   7.6623500e+00   9.3897200e+00   4.0322100e+01  -3.0000000e+00
   1.0300000e+02   1.0794300e+01   1.5106500e+01   6.3559500e+01  -1.0000000e+00
   1.0400000e+02   1.7658700e+01  -2.5030700e+00   4.0110500e+01  -1.0000000e+00
   1.0500000e+02   7.7296300e+00   1.1448300e+01   5.5868200e+01  -3.0000000e+00
   1.0600000e+02   4.8850700e+00   6.6512100e+00   6.0143200e+01  -3.0000000e+00
   1.0700000e+02   7.3982400e+00  -1.0621000e+01   2.4794400e+01   2.0000000e+00
   1.0800000e+02  -4.6017000e+00   5.6228200e+00   4.8031300e+01   1.0000000e+00
   1.0900000e+02  -9.0562600e+00   2.3011100e+00   4.7427000e+01   1.0000000e+00
   1.1000000e+02  -1.7874900e+00   7.3669900e-01   2.7658200e+01  -3.0000000e+00
   1.1100000e+02  -9.0487900e+00  -7.3049400e+00   5.0229900e+01   1.0000000e+00
   1.1200000e+02  -8.1437100e+00   6.3492500e+00   4.8497800e+01   1.0000000e+00
   1.1300000e+02  -1.6236800e+01  -6.0291400e+00   5.0105800e+01  -2.0000000e+00
   1.1400000e+02   1.1817900e+01   5.2816300e+00   2.5525600e+01   2.0000000e+00
   1.1500000e+02  -9.4011000e+00  -9.3910200e+00   5.0212100e+01   1.0000000e+00
   1.1600000e+02   3.3207600e+00   2.3079300e+00   2.7043700e+01  -3.0000000e+00
   1.1700000e+02  -1.2338700e+01   1.2505000e+01   4.7984700e+01  -2.0000000e+00
   1.1800000e+02  -6.5766600e+00   4.9862600e+00   4.8175400e+01   1.0000000e+00
   1.1900000e+02   1.4889300e+01  -9.3496000e+00   2.6345100e+01  -2.0000000e+00
   1.2000000e+02   1.4529000e+01  -3.2560600e-01   2.5376500e+01   2.0000000e+00
   1.2100000e+02   8.1930100e+00   1.3451800e+01   5.3513100e+01  -2.0000000e+00
   1.2200000e+02   1.0380000e+01  -1.2668200e+01   2.5332800e+01   2.0000000e+00
   1.2300000e+02  -4.1943700e+00   7.6541100e+00   4.8185900e+01   1.0000000e+00
   1.2400000e+02   8.8746300e+00   7.3095400e+00   2.6510000e+01   2.0000000e+00
   1.2500000e+02  -1.5799000e+01   5.6881500e+00   6.3631200e+01  -1.0000000e+00
   1.2600000e+02   2.3196900e-01   1.0977900e+01   4.7779200e+01   1.0000000e+00
   1.2700000e+02   8.0853000e+00  -3.4504200e+00   2.5207400e+01   2.0000000e+00
   1.2800000e+02   9.7559500e+00   1.1064400e+01   2.4384300e+01  -3.0000000e+00
   1.2900000e+02   2.0610300e+00   1.9099700e+01   4.6743600e+01  -1.0000000e+00
   1.3000000e+02  -4.4632200e+00   1.5182300e+01   4.8225500e+01  -2.0000000e+00
   1.3100000e+02  -4.1878000e+00  -1.1280000e+01   2.3492800e+01  -3.0000000e+00
   1.3200000e+02   5.8357200e+00  -1.5964300e+01   2.5461000e+01  -2.0000000e+00
   1.3300000e+02   7.6666400e+00   5.5966800e+00   2.5635600e+01  -3.0000000e+00
   1.3400000e+02   1.1002400e+01  -5.4751800e+00   2.5390700e+01   2.0000000e+00
   1.3500000e+02   1.7749600e+01   1.2363400e+00   2.5444600e+01  -2.0000000e+00
   1.3600000e+02  -1.5361800e+01  -1.8013900e+00   4.8079400e+01  -2.0000000e+00
   1.3700000e+02  -3.7723500e+00   9.6885300e+00   6.0323000e+01   0.0000000e+00
   1.3800000e+02  -1.5813300e+01  -3.8192500e+00   4.8699400e+01  -2.0000000e+00
   1.3900000e+02   7.0896100e+00  -1.4216200e+01   2.5778400e+01   2.0000000e+00
   1.4000000e+02   6.2918400e+00   3.1635000e-01   2.5747100e+01   2.0000000e+00
   1.4100000e+02  -1.4326900e+01   1.1901200e+01   6.3468300e+01  -1.0000000e+00
   1.4200000e+02   3.7428000e+00   1.0235300e+01   4.6998600e+01   1.0000000e+00
   1.4300000e+02  -1.6546900e+01  -8.0674800e+00   6.6362900e+01  -1.0000000e+00
   1.4400000e+02   5.6807400e+00  -6.8767800e+00   2.4984700e+01   2.0000000e+00
   1.4500000e+02   1.7404700e+01  -5.8978300e+00   2.7509900e+01  -1.0000000e+00
   1.4600000e+02  -1.3103600e+00   1.2393000e+01   4.8154500e+01   1.0000000e+00
   1.4700000e+02   1.1853600e+00  -1.0099200e+01   2.3764100e+01   2.0000000e+00
   1.4800000e+02  -9.4919500e+00   2.6806500e-01   4.8893800e+01   1.0000000e+00
   1.4900000e+02  -1.3006700e+01   9.1142400e-01   4.8796500e+01   1.0000000e+00
   1.5000000e+02  -1.4970000e+01   2.3107300e-01   4.8841500e+01   1.0000000e+00
   1.5100000e+02   2.4428200e+00   4.1693500e+00   3.1062900e+01  -3.0000000e+00
   1.5200000e+02  -1.6499700e+01   1.6022400e+00   4.8514700e+01  -2.0000000e+00
   1.5300000e+02  -4.4344500e+00  -1.7958700e+00   4.8458500e+01   1.0000000e+00
   1.5400000e+02   8.3550900e+00   1.4409500e-01   2.5753200e+01   2.0000000e+00
   1.5500000e+02  -8.3960700e+00   1.3835900e+01   4.8026800e+01  -2.0000000e+00
   1.5600000e+02  -6.4372100e+00   1.4450100e+01   4.9081800e+01  -2.0000000e+00
   1.5700000e+02   1.0940500e+01   7.1670100e+00   2.5834800e+01   2.0000000e+00
   1.5800000e+02   1.5960100e+01   4.9906000e+00   2.5327400e+01  -2.0000000e+00
   1.5900000e+02  -1.5230800e+01  -1.1437100e+01   3.4291700e+01  -1.0000000e+00
   1.6000000e+02  -4.6049300e-01  -6.3268900e+00   2.4515100e+01  -3.0000000e+00
   1.6100000e+02   1.2725500e+01   3.4056200e+00   2.5600700e+01   2.0000000e+00
   1.6200000e+02  -1.0357000e+01   1.3177800e+01   4.8184500e+01   1.0000000e+00
   1.6300000e+02  -5.4956400e+00   1.5486700e+00   4.7864000e+01   1.0000000e+00
   1.6400000e+02   1.3374600e+01  -1.4697300e+01   2.6372200e+01  -1.0000000e+00
   1.6500000e+02  -2.1006600e+00  -1.1566100e+01   2.3659900e+01   2.0000000e+00
   1.6600000e+02   5.2492100e+00   8.8238200e+00   4.7049700e+01   1.0000000e+00
   1.6700000e+02   1.0767600e+00   1.5014400e+01   4.7833700e+01   1.0000000e+00
   1.6800000e+02  -4.5808800e+00  -1.4853700e+01   3.0901700e+01  -2.0000000e+00
   1.6900000e+02  -8.7026200e+00  -5.2592100e+00   5.0039900e+01   1.0000000e+00
   1.7000000e+02  -7.9655500e+00   1.5868400e+01   4.8555000e+01  -1.0000000e+00
   1.7100000e+02   1.5900600e+01   1.0556200e+01   1.3739800e+01  -1.0000000e+00
   1.7200000e+02   1.5095900e+01  -5.8127100e+00   2.6565600e+01  -2.0000000e+00
   1.7300000e+02  -1.6863500e+01  -1.0107500e+01   5.0740200e+01  -1.0000000e+00
   1.7400000e+02  -1.0100400e+01   5.6921700e+00   4.8245300e+01   1.0000000e+00
   1.7500000e+02   1.5700200e+01   1.3850100e+00   2.5700900e+01   2.0000000e+00
   1.7600000e+02   6.5575100e+00  -8.7416000e+00   2.4978500e+01   2.0000000e+00
   1.7700000e+02  -9.6696400e+00   7.7357100e+00   4.8493400e+01   1.0000000e+00
   1.7800000e+02  -2.1950800e+00   8.2972500e+00   4.7884600e+01   1.0000000e+00
   1.7900000e+02   9.4952100e+00   1.8743400e+00   2.5755300e+01   2.0000000e+00
   1.8000000e+02   1.3879000e+01   5.1259000e+00   2.5876900e+01   2.0000000e+00
   1.8100000e+02  -1.1016900e+01   1.6573400e+00   4.9052100e+01   1.0000000e+00
   1.8200000e+02  -1.4895600e+01  -9.3835000e+00   5.1065100e+01  -2.0000000e+00
   1.8300000e+02  -6.3738500e+00  -2.5126300e+00   4.9534000e+01   1.0000000e+00
   1.8400000e+02   1.5870400e+00  -6.5133900e+00   2.4687200e+01   2.0000000e+00
   1.8500000e+02   1.0102500e+01  -1.6278700e+01   2.5614400e+01  -1.0000000e+00
   1.8600000e+02   1.0677900e-02   1.8484300e+01   4.7549200e+01  -1.0000000e+00
   1.8700000e+02   1.6294400e+01   8.5433500e+00   6.5481500e+00  -1.0000000e+00
   1.8800000e+02  -1.3167800e+00  -4.4603100e+00   2.3042200e+01  -3.0000000e+00
   1.8900000e+02   6.4885700e+00   3.9004400e+00   3.5005000e+01  -3.0000000e+00
   1.9000000e+02  -1.2820700e+01   1.0467500e+01   4.7032100e+01  -2.0000000e+00
   1.9100000e+02  -1.2954000e+01  -8.6143400e+00   4.9581800e+01   1.0000000e+00
   1.9200000e+02   2.0769100e+00   6.1502000e-01   3.1124600e+01  -3.0000000e+00
   1.9300000e+02  -7.1107900e+00  -6.5967300e+00   4.9961300e+01   1.0000000e+00
   1.9400000e+02   1.8609600e+00  -2.8934200e+00   2.6699300e+01  -3.0000000e+00
   1.9500000e+02   1.0313100e+01   1.3107600e+01   6.4222400e+01  -2.0000000e+00
   1.9600000e+02   2.7721000e+00  -4.8269800e+00   2.5336600e+01   2.0000000e+00
   1.9700000e+02   1.3681600e+01  -1.1095700e+01   2.5707900e+01  -2.0000000e+00
   1.9800000e+02  -8.5226100e+00   4.3299700e+00   4.7791600e+01   1.0000000e+00
   1.9900000e+02   4.2392700e+00   1.2247200e+01   4.6734500e+01   1.0000000e+00
   2.0000000e+02  -4.8463300e+00   1.3109900e+01   3.6990800e+01   0.0000000e+00
   2.0100000e+02   1.3937100e+01  -7.5054300e+00   2.6302800e+01  -2.0000000e+00
   2.0200000e+02   1.1829200e+01   1.0935300e+01   3.7764500e+01  -2.0000000e+00
   2.0300000e+02   5.9918700e+00  -3.2772000e+00   2.5259800e+01   2.0000000e+00
   2.0400000e+02  -1.6671000e+00  -7.9852100e+00   3.1551800e+01  -3.0000000e+00
   2.0500000e+02  -1.3279800e+01   8.4470900e+00   4.7984700e+01  -2.0000000e+00
   2.0600000e+02  -1.3748300e+01  -1.2961700e+01   3.4628900e+01  -1.0000000e+00
   2.0700000e+02   1.0673200e+01  -9.0819600e+00   2.5234400e+01   2.0000000e+00
   2.0800000e+02  -2.2282300e-01   8.9489500e+00   4.7396900e+01   1.0000000e+00
   2.0900000e+02  -1.0974800e+01  -8.0512700e+00   4.9188900e+01   1.0000000e+00
   2.1000000e+02  -4.0095000e+00   1.7189600e+01   4.7005800e+01  -1.0000000e+00
   2.1100000e+02  -2.6320900e+00   6.2452700e+00   4.7996500e+01   1.0000000e+00
   2.1200000e+02  -1.3733500e+01   6.3746000e+00   4.8211000e+01  -2.0000000e+00
   2.1300000e+02  -1.0212400e+01  -1.5850600e+01   5.4173400e+01  -1.0000000e+00
   2.1400000e+02  -1.1699300e+01  -1.2168800e+01   5.0572000e+01  -2.0000000e+00
   2.1500000e+02   3.6526100e+00   1.7662800e+01   3.1556700e+01  -1.0000000e+00
   2.1600000e+02   1.1295600e+01  -1.8911400e+00   2.5765300e+01   2.0000000e+00
   2.1700000e+02   3.2836700e+00   8.2139100e+00   4.7556900e+01   1.0000000e+00
   2.1800000e+02  -1.1695700e+01   7.0394800e+00   4.8370300e+01   1.0000000e+00
   2.1900000e+02  -7.7800200e+00  -1.0726200e+01   5.0766000e+01   1.0000000e+00
   2.2000000e+02  -8.5095500e-01  -9.8724500e+00   2.2936800e+01   2.0000000e+00
   2.2100000e+02   8.2668100e+00  -1.2487000e+01   2.5388200e+01   2.0000000e+00
   2.2200000e+02  -1.0848300e+01   1.1097600e+01   4.8061000e+01   1.0000000e+00
   2.2300000e+02  -6.8747800e-01  -1.9023800e+01   2.7847900e+01  -1.0000000e+00
   2.2400000e+02   4.4582200e+00   4.6312900e+00   3.3524100e+01  -3.0000000e+00
   2.2500000e+02   1.8061500e+01   4.8112800e+00   1.0021700e+01  -1.0000000e+00
   2.2600000e+02   9.1819200e+00  -1.4371400e+01   2.5428700e+01  -2.0000000e+00
   2.2700000e+02  -2.4596400e+00   1.5779500e+01   4.7994300e+01  -2.0000000e+00
   2.2800000e+02  -1.3847100e+01  -3.2008900e+00   4.8231500e+01   1.0000000e+00
   2.2900000e+02   1.6298600e+01  -4.0750400e+00   2.5464700e+01  -2.0000000e+00
   2.3000000e+02  -3.8076500e+00  -1.6755400e+01   2.1873300e+01  -1.0000000e+00
   2.3100000e+02  -9.7413200e+00  -1.1425300e+01   5.0468800e+01   1.0000000e+00
   2.3200000e+02   1.3623100e+01   1.5411900e+00   2.5677900e+01   2.0000000e+00
   2.3300000e+02   3.2942100e+00  -1.0298400e+01   2.4113100e+01   2.0000000e+00
   2.3400000e+02  -5.1623000e+00  -5.8680600e+00   4.9550600e+01   1.0000000e+00
   2.3500000e+02  -1.2600500e+01   2.9571500e+00   4.9068900e+01   1.0000000e+00
   2.3600000e+02  -9.9212600e+00   1.5247500e+01   3.3814500e+01  -2.0000000e+00
   2.3700000e+02  -1.4570000e+01   2.3168800e+00   4.9025500e+01   1.0000000e+00
   2.3800000e+02  -7.4717100e+00  -8.6760100e+00   5.0346800e+01   1.0000000e+00
   2.3900000e+02  -6.7606500e+00  -4.5511700e+00   4.9858800e+01   1.0000000e+00
   2.4000000e+02   5.2303100e+00   1.6303700e+01   3.4938800e+01  -2.0000000e+00
   2.4100000e+02  -2.5175400e+00  -1.5107100e+01   2.2973700e+01  -2.0000000e+00
   2.4200000e+02  -9.8769700e+00  -1.8322700e+00   4.9323400e+01   1.0000000e+00
   2.4300000e+02   1.2983900e+01   6.9941100e+00   2.5700200e+01   2.0000000e+00
   2.4400000e+02  -1.7318400e+00   1.0380300e+01   4.7928600e+01   1.0000000e+00
   2.4500000e+02   4.2255800e+00   4.6637200e-01   2.5745500e+01  -3.0000000e+00
   2.4600000e+02   4.1009100e+00  -1.2191800e+01   2.3862400e+01   2.0000000e+00
   2.4700000e+02   9.7560900e+00   5.4546800e+00   2.5694800e+01   2.0000000e+00
   2.4800000e+02  -1.1188800e+01   1.6881700e+01   4.0058500e+01  -1.0000000e+00
   2.4900000e+02   1.0122900e+01  -3.6247000e+00   2.5469800e+01   2.0000000e+00
   2.5000000e+02  -6.7926600e+00   1.2415400e+01   6.0182400e+01   0.0000000e+00
   2.5100000e+02   3.7530600e+00  -1.5815800e+01   2.4329900e+01  -2.0000000e+00
   2.5200000e+02   6.7429300e+00  -1.7891900e+01   2.5916200e+01  -1.0000000e+00
   2.5300000e+02  -8.4077700e+00  -1.4853700e+01   5.3050800e+01  -1.0000000e+00
   2.5400000e+02   1.6155500e+01  -7.5793700e+00   4.1715000e+01  -1.0000000e+00
   2.5500000e+02   2.1942200e+00   1.1638200e+01   4.7475000e+01   1.0000000e+00
   2.5600000e+02   3.6308200e+00  -6.7057800e+00   2.4922000e+01   2.0000000e+00
   2.5700000e+02   1.1881500e+01  -7.3452100e+00   2.5471000e+01   2.0000000e+00
   2.5800000e+02  -5.7297500e+00   9.0233100e+00   3.6329800e+01   0.0000000e+00
   2.5900000e+02   1.7248100e+01   6.7111900e+00   9.9674200e+00  -1.0000000e+00
   2.6000000e+02   1.6862200e+01   3.0983300e+00   2.5689600e+01  -2.0000000e+00
   2.6100000e+02  -5.9945000e+00  -4.5003800e-01   4.7874300e+01   1.0000000e+00
   2.6200000e+02  -1.4159800e+01   4.3527800e+00   4.8919600e+01  -2.0000000e+00
   2.6300000e+02   2.0201500e+00  -1.1984700e+01   2.3843500e+01   2.0000000e+00
   2.6400000e+02  -1.1040800e+00   4.8788600e+00   4.8347400e+01   1.0000000e+00
   2.6500000e+02  -1.8197500e+01   3.1977100e+00   4.7204700e+01  -1.0000000e+00
   2.6600000e+02  -1.0609600e+01   3.6850200e+00   4.8335000e+01   1.0000000e+00
   2.6700000e+02   4.4342200e-01  -7.7216800e-01   2.6307600e+01  -3.0000000e+00
   2.6800000e+02  -9.2504800e+00   9.7570400e+00   4.8371100e+01   1.0000000e+00
   2.6900000e+02  -1.2260100e+01  -4.5445400e+00   4.8760700e+01   1.0000000e+00
   2.7000000e+02   4.5321900e+00  -1.7775600e+01   2.4389700e+01  -1.0000000e+00
   2.7100000e+02  -3.3131500e+00   1.1718000e+01   4.8251300e+01   0.0000000e+00
   2.7200000e+02  -8.0939300e+00  -1.2793100e+01   5.0643800e+01  -2.0000000e+00
   2.7300000e+02   3.7320100e-01  -1.7248300e+01   3.6003700e+01  -2.0000000e+00
   2.7400000e+02   1.2458600e+01  -1.6344000e-01   2.5725800e+01   2.0000000e+00
   2.7500000e+02   5.3724600e+00   2.1713800e+00   2.5352200e+01  -3.0000000e+00
   2.7600000e+02  -5.5494000e+00  -7.9641800e+00   6.2300400e+01  -3.0000000e+00
   2.7700000e+02  -3.2238000e+00  -5.1961200e+00   6.1506400e+01  -3.0000000e+00
   2.7800000e+02  -7.7109000e+00   8.3630200e+00   4.8121100e+01   1.0000000e+00
   2.7900000e+02  -5.8313000e+00  -1.0012500e+01   5.1492700e+01  -3.0000000e+00
   2.8000000e+02  -1.4291400e+01  -5.2293200e+00   4.9829600e+01   1.0000000e+00
   2.8100000e+02  -7.5401300e+00   9.2448300e-01   4.7634600e+01   1.0000000e+00
   2.8200000e+02  -1.0298900e+01  -3.8967000e+00   4.9046700e+01   1.0000000e+00
   2.8300000e+02   8.6103200e+00   3.7399700e+00   2.5914000e+01   2.0000000e+00
   2.8400000e+02   1.1253000e+01  -1.4542900e+01   3.7452500e+01  -2.0000000e+00
   2.8500000e+02   1.4510600e+01  -1.2966400e+01   4.0086700e+01  -1.0000000e+00
   2.8600000e+02   6.7928000e+00   7.4623000e+00   2.5647700e+01  -3.0000000e+00
   2.8700000e+02  -9.0279200e-01   1.4412100e+01   4.7957800e+01   1.0000000e+00
   2.8800000e+02  -1.1921100e+01   1.4584900e+01   5.8506300e+01  -2.0000000e+00
   2.8900000e+02  -1.8495000e+01   1.0034400e+00   4.8894000e+01  -1.0000000e+00
   2.9000000e+02   2.8350500e+00  -1.3873500e+01   2.4499600e+01   2.0000000e+00
   2.9100000e+02  -1.7740500e+01  -4.5320000e+00   4.9499700e+01  -1.0000000e+00
   2.9200000e+02  -7.9451200e+00  -1.1130500e+00   4.9038200e+01   1.0000000e+00
   2.9300000e+02  -6.1655000e+00   7.0094400e+00   4.8348700e+01   1.0000000e+00
   2.9400000e+02   4.4993000e+00  -8.5925800e+00   2.4933600e+01   2.0000000e+00
   2.9500000e+02  -1.1823200e+01  -2.5118600e+00   4.8723900e+01   1.0000000e+00
   2.9600000e+02  -1.1339800e+01  -1.0093000e+01   4.9054900e+01   1.0000000e+00
   2.9700000e+02  -4.0312700e-02  -1.1786100e+01   2.3715800e+01   2.0000000e+00
   2.9800000e+02   3.8950600e-01  -8.2047400e+00   2.3977000e+01   2.0000000e+00
   2.9900000e+02  -8.8054000e+00   1.1826800e+01   4.8028900e+01   1.0000000e+00
