   0.0000000e+00  -2.9713800e+00   1.7900000e+01  -1.0000000e+00
   1.0000000e+00   1.0591800e+01  -6.1494900e+00  -1.0000000e+00
   2.0000000e+00   1.2233300e+01   1.9380900e+00  -1.0000000e+00
   3.0000000e+00   1.1122400e+01   5.3387600e+00  -1.0000000e+00
   4.0000000e+00   7.4789600e+00  -3.4321100e+00  -1.0000000e+00
   5.0000000e+00   4.9236600e-01   7.5734500e+00  -1.0000000e+00
   6.0000000e+00   4.8090500e+00  -1.5686200e+01  -1.0000000e+00
   7.0000000e+00   1.4102600e+00  -1.4902900e+01   1.0000000e+00
   8.0000000e+00  -1.2077300e+01   8.7687600e+00   1.0000000e+00
   9.0000000e+00   1.4193700e+01   2.5743300e+00  -1.0000000e+00
   1.0000000e+01   1.6713200e+01   5.3357100e+00  -1.0000000e+00
   1.1000000e+01  -1.3321700e+01  -7.4654100e+00   1.0000000e+00
   1.2000000e+01   2.8370800e+00   6.9761300e-01  -1.0000000e+00
   1.3000000e+01   1.8349500e-01  -1.1429900e+01  -1.0000000e+00
   1.4000000e+01   6.8441000e+00   1.1518600e+01  -1.0000000e+00
   1.5000000e+01   1.3415000e+01  -1.4924400e+00  -1.0000000e+00
   1.6000000e+01   4.0483200e+00   6.8008000e+00  -1.0000000e+00
   1.7000000e+01   1.5552500e+01   8.6484800e+00  -1.0000000e+00
   1.8000000e+01   1.2524400e-01   5.5075300e+00  -1.0000000e+00
   1.9000000e+01   3.7240100e+00  -1.2212100e+01  -1.0000000e+00
   2.0000000e+01   2.4139000e+00  -1.3446400e+00  -1.0000000e+00
   2.1000000e+01  -1.4960500e+01  -3.6752600e+00   1.0000000e+00
   2.2000000e+01  -4.7595900e+00  -1.4127400e+01   1.0000000e+00
   2.3000000e+01  -1.2237500e+01   6.3283700e+00   1.0000000e+00
   2.4000000e+01   9.9730100e+00   8.7059100e+00  -1.0000000e+00
   2.5000000e+01   1.1801300e+01  -9.2138200e-02  -1.0000000e+00
   2.6000000e+01  -6.5701900e+00   8.8687300e+00  -1.0000000e+00
   2.7000000e+01  -1.1073700e+01   1.3660300e+00   1.0000000e+00
   2.8000000e+01   4.3704000e+00  -6.8706500e-01  -1.0000000e+00
   2.9000000e+01  -1.2070100e+01  -5.8217800e+00   1.0000000e+00
   3.0000000e+01  -6.5305900e-01  -1.4627400e+01   1.0000000e+00
   3.1000000e+01  -9.7278300e+00   1.1547400e+01  -1.0000000e+00
   3.2000000e+01   6.1876600e+00  -9.4992300e+00  -1.0000000e+00
   3.3000000e+01   1.1977000e+01   9.3610200e+00  -1.0000000e+00
   3.4000000e+01  -1.8793800e+00  -1.6306100e+01   1.0000000e+00
   3.5000000e+01  -7.3423700e+00  -1.7460600e+01   1.0000000e+00
   3.6000000e+01  -1.0801900e+00   8.9265400e+00  -1.0000000e+00
   3.7000000e+01   8.1111100e+00   1.7580900e+01  -1.0000000e+00
   3.8000000e+01  -8.0717500e+00  -1.5444000e+01   1.0000000e+00
   3.9000000e+01   2.1720500e+00   1.5646200e+01  -1.0000000e+00
   4.0000000e+01  -1.4985600e+00  -2.6411300e+00  -1.0000000e+00
   4.1000000e+01   5.2764900e+00   1.2935700e+01  -1.0000000e+00
   4.2000000e+01  -5.8570600e+00  -6.6300400e+00   1.0000000e+00
   4.3000000e+01  -5.8016400e+00   1.2947300e+01  -1.0000000e+00
   4.4000000e+01   7.9734200e+00   8.1347900e+00  -1.0000000e+00
   4.5000000e+01  -6.5545000e-01   1.4036200e+00  -1.0000000e+00
   4.6000000e+01   2.8809300e+00   1.0258200e+01  -1.0000000e+00
   4.7000000e+01   7.7142100e+00   1.5561700e+01  -1.0000000e+00
   4.8000000e+01  -1.5732400e+01   8.5377700e+00   1.0000000e+00
   4.9000000e+01  -1.2472400e+01  -3.2235400e-01   1.0000000e+00
   5.0000000e+01   4.4560800e+00   1.8385800e+01  -1.0000000e+00
   5.1000000e+01  -1.2516600e+01  -9.3796900e+00   1.0000000e+00
   5.2000000e+01  -6.3059700e+00  -1.0817600e+00   1.0000000e+00
   5.3000000e+01  -1.0386800e+01  -5.7333900e-01   1.0000000e+00
   5.4000000e+01   5.5144800e-01  -9.3841800e+00  -1.0000000e+00
   5.5000000e+01  -1.4660600e+00   6.8590000e+00  -1.0000000e+00
   5.6000000e+01  -7.3365700e+00   1.4315800e+01  -1.0000000e+00
   5.7000000e+01  -1.8057300e+00   4.8130600e+00  -1.0000000e+00
   5.8000000e+01   5.9421800e+00  -2.0588200e+00  -1.0000000e+00
   5.9000000e+01  -6.9541300e+00   6.8255200e+00  -1.0000000e+00
   6.0000000e+01  -2.6165000e+00   1.0299100e+01  -1.0000000e+00
   6.1000000e+01   1.5175300e+01  -1.0351400e+01  -1.0000000e+00
   6.2000000e+01   9.2598000e+00  -1.2262400e+01  -1.0000000e+00
   6.3000000e+01   1.7083600e+00   4.1058100e+00  -1.0000000e+00
   6.4000000e+01  -1.3120000e+01  -1.2986200e+01   1.0000000e+00
   6.5000000e+01  -5.5060700e+00  -1.2142400e+01   1.0000000e+00
   6.6000000e+01   1.0689900e+01   3.3046800e+00  -1.0000000e+00
   6.7000000e+01  -7.7678000e+00   1.2226600e+01  -1.0000000e+00
   6.8000000e+01  -3.9476100e+00  -1.6111800e+01   1.0000000e+00
   6.9000000e+01   1.2809100e+01   1.3450400e+01  -1.0000000e+00
   7.0000000e+01   1.7007000e+01  -2.2554500e+00  -1.0000000e+00
   7.1000000e+01  -3.4494300e+00  -3.2915600e+00  -1.0000000e+00
   7.2000000e+01   1.5725500e+00  -5.3745900e+00  -1.0000000e+00
   7.3000000e+01   3.3550600e+00  -1.4230000e+01  -1.0000000e+00
   7.4000000e+01   1.1528900e+01   7.3494000e+00  -1.0000000e+00
   7.5000000e+01  -1.7906900e+01  -1.4654900e+00   1.0000000e+00
   7.6000000e+01  -4.2027900e+00   1.1643200e+01  -1.0000000e+00
   7.7000000e+01   1.0999400e+01  -4.1379500e+00  -1.0000000e+00
   7.8000000e+01  -2.2181700e+00   2.7870200e+00  -1.0000000e+00
   7.9000000e+01  -6.6519500e+00  -4.6863300e+00   1.0000000e+00
   8.0000000e+01   6.7965500e+00  -1.5033300e+01  -1.0000000e+00
   8.1000000e+01   1.2136500e+01  -7.5653300e+00  -1.0000000e+00
   8.2000000e+01  -1.1636300e+01  -2.2721700e+00   1.0000000e+00
   8.3000000e+01   1.7921300e-01   1.5123300e+01  -1.0000000e+00
   8.4000000e+01  -2.1804800e-01   1.2998000e+01  -1.0000000e+00
   8.5000000e+01  -3.4182400e+00   6.1636300e+00  -1.0000000e+00
   8.6000000e+01   8.7129300e-01   1.6895000e-02  -1.0000000e+00
   8.7000000e+01  -9.2783000e+00   1.3660500e+01  -1.0000000e+00
   8.8000000e+01   8.9619300e-01   9.5895200e+00  -1.0000000e+00
   8.9000000e+01   4.8409100e+00   1.0883400e+01  -1.0000000e+00
   9.0000000e+01  -8.5274800e+00   8.1637000e+00  -1.0000000e+00
   9.1000000e+01  -1.4752500e+01   2.9976200e+00   1.0000000e+00
   9.2000000e+01   8.3142000e+00   6.3996600e-01  -1.0000000e+00
   9.3000000e+01   2.1761300e+00  -1.0813800e+01  -1.0000000e+00
   9.4000000e+01  -1.3738000e+01  -1.1021900e+01   1.0000000e+00
   9.5000000e+01   6.3402900e+00  -2.8613500e-02  -1.0000000e+00
   9.6000000e+01  -1.2872900e+01  -3.9114700e+00   1.0000000e+00
   9.7000000e+01  -8.7497700e+00  -4.4087600e+00   1.0000000e+00
   9.8000000e+01   3.0965900e+00  -6.7838900e+00  -1.0000000e+00
   9.9000000e+01  -7.0697200e+00  -8.2984700e+00   1.0000000e+00
   1.0000000e+02   1.6386300e+01   3.2282900e+00  -1.0000000e+00
   1.0100000e+02   1.2259200e+01  -1.5082600e+01  -1.0000000e+00
   1.0200000e+02   8.7206100e+00   2.6531100e+00  -1.0000000e+00
   1.0300000e+02   1.7506300e+00   1.3619400e+01  -1.0000000e+00
   1.0400000e+02  -5.7348900e+00   3.4401200e+00  -1.0000000e+00
   1.0500000e+02  -1.1673500e+01  -1.1300100e+01   1.0000000e+00
   1.0600000e+02   1.2365500e+01   1.1396000e+01  -1.0000000e+00
   1.0700000e+02  -4.6011900e+00  -4.9969600e+00   1.0000000e+00
   1.0800000e+02   7.2501000e+00   1.3543200e+01  -1.0000000e+00
   1.0900000e+02   1.2872900e+00   1.1608500e+01  -1.0000000e+00
   1.1000000e+02   1.0432600e+01   1.0719900e+01  -1.0000000e+00
   1.1100000e+02   1.4195200e+01  -6.9321800e+00  -1.0000000e+00
   1.1200000e+02   1.0811800e+00  -7.3730600e+00  -1.0000000e+00
   1.1300000e+02  -1.0455900e+01  -9.6161400e+00   1.0000000e+00
   1.1400000e+02   1.6573600e+01  -4.2634500e+00  -1.0000000e+00
   1.1500000e+02   7.0769900e+00  -5.4670800e+00  -1.0000000e+00
   1.1600000e+02   9.4619000e+00  -2.7579400e+00  -1.0000000e+00
   1.1700000e+02  -1.0105400e+01   9.5185100e+00  -1.0000000e+00
   1.1800000e+02   3.6592000e+00   4.7606100e+00  -1.0000000e+00
   1.1900000e+02  -3.7798600e+00   4.1360000e+00  -1.0000000e+00
   1.2000000e+02  -2.0000100e+00  -1.0649900e+01   1.0000000e+00
   1.2100000e+02   1.3545700e+01   8.0158700e+00  -1.0000000e+00
   1.2200000e+02   7.2617600e+00  -1.2919700e+01  -1.0000000e+00
   1.2300000e+02  -8.3380700e+00  -7.9387000e-01   1.0000000e+00
   1.2400000e+02  -6.9264600e+00   1.6356300e+01  -1.0000000e+00
   1.2500000e+02  -6.6206200e-01   1.0965700e+01  -1.0000000e+00
   1.2600000e+02   9.0292900e+00  -4.7825600e+00  -1.0000000e+00
   1.2700000e+02  -1.0899300e+01  -1.3200800e+01   1.0000000e+00
   1.2800000e+02  -1.3839900e+01   7.6633100e+00   1.0000000e+00
   1.2900000e+02   1.0140300e+01  -8.2267800e+00  -1.0000000e+00
   1.3000000e+02   1.2977500e+01  -3.5078000e+00  -1.0000000e+00
   1.3100000e+02   1.3078600e+01   5.9841200e+00  -1.0000000e+00
   1.3200000e+02   1.1261100e+01   1.4866000e+01  -1.0000000e+00
   1.3300000e+02   8.7424300e+00  -1.4365200e+01  -1.0000000e+00
   1.3400000e+02   4.9899300e-01   1.7163000e+01  -1.0000000e+00
   1.3500000e+02   1.5739100e+01  -8.3326200e+00  -1.0000000e+00
   1.3600000e+02   3.5649100e+00  -4.7288100e+00  -1.0000000e+00
   1.3700000e+02  -3.1307600e+00  -1.8088800e+01   1.0000000e+00
   1.3800000e+02   8.3286900e+00  -1.6445100e+01  -1.0000000e+00
   1.3900000e+02   9.7176300e+00  -1.0244800e+01  -1.0000000e+00
   1.4000000e+02  -3.3907300e+00   1.5754400e+01  -1.0000000e+00
   1.4100000e+02   8.4409900e+00   1.0151500e+01  -1.0000000e+00
   1.4200000e+02   6.7639800e+00   1.9780300e+00  -1.0000000e+00
   1.4300000e+02  -1.0122800e+01  -1.5148300e+01   1.0000000e+00
   1.4400000e+02   8.8523700e+00   1.2159400e+01  -1.0000000e+00
   1.4500000e+02  -8.8597200e+00  -1.3503700e+01   1.0000000e+00
   1.4600000e+02  -3.0519500e+00  -1.2810300e+00  -1.0000000e+00
   1.4700000e+02  -2.7042200e+00  -1.4391900e+01   1.0000000e+00
   1.4800000e+02  -5.2463200e+00  -1.7749000e+01   1.0000000e+00
   1.4900000e+02  -1.6741900e+01  -8.7732200e+00   1.0000000e+00
   1.5000000e+02  -3.0221500e+00   8.2289700e+00  -1.0000000e+00
   1.5100000e+02   2.0616100e+00   6.2339000e+00  -1.0000000e+00
   1.5200000e+02   1.3305200e+01   1.5481600e+01  -1.0000000e+00
   1.5300000e+02  -7.9144100e+00  -6.3100100e+00   1.0000000e+00
   1.5400000e+02  -1.6665700e+01   2.2766100e+00   1.0000000e+00
   1.5500000e+02  -4.9072700e-01  -6.0388100e+00  -1.0000000e+00
   1.5600000e+02   1.0734500e+01  -1.3698600e+01  -1.0000000e+00
   1.5700000e+02  -6.1737600e+00   1.0905900e+01  -1.0000000e+00
   1.5800000e+02  -1.1368600e+01   1.2845600e+01  -1.0000000e+00
   1.5900000e+02   2.4823700e+00   1.7759000e+01  -1.0000000e+00
   1.6000000e+02   4.1373900e+00  -1.0180100e+01  -1.0000000e+00
   1.6100000e+02  -1.0275000e+00  -8.0466500e+00  -1.0000000e+00
   1.6200000e+02  -1.4541100e+01  -4.7389300e-02   1.0000000e+00
   1.6300000e+02   1.0835100e+01   1.2787400e+01  -1.0000000e+00
   1.6400000e+02  -4.5939700e+00   8.5980400e-02  -1.0000000e+00
   1.6500000e+02   3.9787900e+00  -2.7113600e+00  -1.0000000e+00
   1.6600000e+02  -2.4120000e-01   3.4599400e+00  -1.0000000e+00
   1.6700000e+02   1.4267300e+01  -1.4427700e+01  -1.0000000e+00
   1.6800000e+02  -1.3744000e+01  -1.9770300e+00   1.0000000e+00
   1.6900000e+02  -1.4641700e+01  -9.1086700e+00   1.0000000e+00
   1.7000000e+02  -5.0255400e+00  -8.5193900e+00   1.0000000e+00
   1.7100000e+02   1.0278600e+01   1.2876100e+00  -1.0000000e+00
   1.7200000e+02  -1.8481100e+01   1.0494400e+00   1.0000000e+00
   1.7300000e+02  -4.1728300e+00  -1.0508000e+01   1.0000000e+00
   1.7400000e+02  -4.1676000e+00   2.1178900e+00  -1.0000000e+00
   1.7500000e+02  -1.0986900e+01   1.4868700e+01  -1.0000000e+00
   1.7600000e+02  -1.4018400e+01   9.7147500e+00   1.0000000e+00
   1.7700000e+02  -1.1805500e+01   3.2995000e+00   1.0000000e+00
   1.7800000e+02   4.4437500e+00   8.8489200e+00  -1.0000000e+00
   1.7900000e+02   5.2081600e+00   3.3626100e+00  -1.0000000e+00
   1.8000000e+02  -1.0028100e+01  -6.0719700e+00   1.0000000e+00
   1.8100000e+02   4.2645500e+00  -1.7883900e+01  -1.0000000e+00
   1.8200000e+02  -3.7212000e+00  -6.8725700e+00   1.0000000e+00
   1.8300000e+02   4.1385100e+00   1.6336100e+01  -1.0000000e+00
   1.8400000e+02   1.1994000e-02  -4.0376300e+00  -1.0000000e+00
   1.8500000e+02  -1.0375700e+00  -1.8238800e+01   1.0000000e+00
   1.8600000e+02   2.0078600e+00  -3.3660200e+00  -1.0000000e+00
   1.8700000e+02   8.1701400e+00  -8.8692200e+00  -1.0000000e+00
   1.8800000e+02   4.5829500e-01  -2.0122900e+00  -1.0000000e+00
   1.8900000e+02   1.2560200e+01  -5.5559200e+00  -1.0000000e+00
   1.9000000e+02   1.5804900e+01   1.2415800e+00  -1.0000000e+00
   1.9100000e+02   1.4745800e+01  -1.2380800e+01  -1.0000000e+00
   1.9200000e+02  -7.5732200e+00  -1.1832500e+01   1.0000000e+00
   1.9300000e+02  -4.9291000e+00   1.7114700e+01  -1.0000000e+00
   1.9400000e+02  -1.7940000e+00   1.4356600e+01  -1.0000000e+00
   1.9500000e+02  -1.7184000e+01  -3.4367400e+00   1.0000000e+00
   1.9600000e+02   1.5380500e+01  -8.0174300e-01  -1.0000000e+00
   1.9700000e+02   1.4603900e+01  -4.8876900e+00  -1.0000000e+00
   1.9800000e+02   7.7193000e+00  -1.0876500e+01  -1.0000000e+00
   1.9900000e+02   1.4995300e+01  -2.8596500e+00  -1.0000000e+00
   2.0000000e+02   1.5462900e+00  -1.8162200e+01   1.0000000e+00
   2.0100000e+02  -1.3186100e+01   1.3819800e+01  -1.0000000e+00
   2.0200000e+02   5.3070300e+00  -1.3598200e+01  -1.0000000e+00
   2.0300000e+02   9.7028000e+00   1.6247400e+01  -1.0000000e+00
   2.0400000e+02   2.5986100e+00  -8.7969300e+00  -1.0000000e+00
   2.0500000e+02  -1.4987800e+01   5.8799700e+00   1.0000000e+00
   2.0600000e+02  -1.7022900e+01   6.3857000e+00   1.0000000e+00
   2.0700000e+02   5.5357600e+00  -4.1054300e+00  -1.0000000e+00
   2.0800000e+02  -2.3750700e+00  -5.1079400e+00  -1.0000000e+00
   2.0900000e+02   1.5906900e+01   1.0690500e+01  -1.0000000e+00
   2.1000000e+02  -3.7560100e+00   1.3706500e+01  -1.0000000e+00
   2.1100000e+02   1.7865700e+01   1.7828700e+00  -1.0000000e+00
   2.1200000e+02  -9.7545100e+00   3.1272600e+00   1.0000000e+00
   2.1300000e+02  -4.9968800e+00   7.5445400e+00  -1.0000000e+00
   2.1400000e+02   3.2532500e+00   2.7182700e+00  -1.0000000e+00
   2.1500000e+02   1.0283600e+01  -1.5752000e+01  -1.0000000e+00
   2.1600000e+02   1.3212600e+01  -1.0991400e+01  -1.0000000e+00
   2.1700000e+02   1.2674400e+01   3.9511400e+00  -1.0000000e+00
   2.1800000e+02   3.3037400e+00   1.2283200e+01  -1.0000000e+00
   2.1900000e+02  -1.5807200e+01  -1.7242300e+00   1.0000000e+00
   2.2000000e+02  -1.6291000e+01  -5.3121700e+00   1.0000000e+00
   2.2100000e+02   9.1140000e+00   4.6764100e+00  -1.0000000e+00
   2.2200000e+02   1.6183600e+01  -6.3054400e+00  -1.0000000e+00
   2.2300000e+02  -5.5000500e+00  -2.9653200e+00   1.0000000e+00
   2.2400000e+02   1.4704700e+01   4.5745900e+00  -1.0000000e+00
   2.2500000e+02  -1.5393500e+01  -7.1771400e+00   1.0000000e+00
   2.2600000e+02   6.0264700e+00   7.4505100e+00  -1.0000000e+00
   2.2700000e+02  -1.0493000e+01   7.4444900e+00   1.0000000e+00
   2.2800000e+02  -1.4116400e+01  -5.5564000e+00   1.0000000e+00
   2.2900000e+02   5.5951200e+00   5.4467500e+00  -1.0000000e+00
   2.3000000e+02  -3.4840000e+00  -1.2458100e+01   1.0000000e+00
   2.3100000e+02   1.2724600e+01  -1.3033400e+01  -1.0000000e+00
   2.3200000e+02   1.5049700e+01   6.5970400e+00  -1.0000000e+00
   2.3300000e+02  -6.8113600e+00  -1.3748700e+01   1.0000000e+00
   2.3400000e+02  -1.6335400e+01   4.3020500e+00   1.0000000e+00
   2.3500000e+02  -1.0830100e+00  -6.2248600e-01  -1.0000000e+00
   2.3600000e+02   1.3930500e+01   1.0033200e+01  -1.0000000e+00
   2.3700000e+02  -7.3036400e+00   4.7755900e+00  -1.0000000e+00
   2.3800000e+02  -1.6587800e+01   2.0400900e-01   1.0000000e+00
   2.3900000e+02  -1.5831300e+01  -1.0888900e+01   1.0000000e+00
   2.4000000e+02  -8.1626700e+00   1.0197200e+01  -1.0000000e+00
   2.4100000e+02   4.8080500e+00   1.3396700e+00  -1.0000000e+00
   2.4200000e+02  -1.0820500e+01  -4.1797000e+00   1.0000000e+00
   2.4300000e+02   1.1682500e+01  -9.6050000e+00  -1.0000000e+00
   2.4400000e+02   6.6338700e+00  -7.4881200e+00  -1.0000000e+00
   2.4500000e+02  -1.2179000e+01  -1.4900300e+01   1.0000000e+00
   2.4600000e+02   1.3032400e+00   2.0828800e+00  -1.0000000e+00
   2.4700000e+02  -2.2103400e+00   1.2322100e+01  -1.0000000e+00
   2.4800000e+02   3.7517800e+00   1.4317000e+01  -1.0000000e+00
   2.4900000e+02   8.6235100e+00  -6.8127200e+00  -1.0000000e+00
   2.5000000e+02  -1.4539300e+00  -1.2741400e+01   1.0000000e+00
   2.5100000e+02   7.5567400e+00   6.0400100e+00  -1.0000000e+00
   2.5200000e+02  -8.3714800e+00  -9.9023300e+00   1.0000000e+00
   2.5300000e+02  -1.8298900e+01   3.5941000e+00   1.0000000e+00
   2.5400000e+02   1.3808300e+01   5.4846100e-01  -1.0000000e+00
   2.5500000e+02  -1.3245400e+01   1.6040400e+00   1.0000000e+00
   2.5600000e+02   6.4020200e+00   9.4927600e+00  -1.0000000e+00
   2.5700000e+02  -5.9903600e+00  -1.5811300e+01   1.0000000e+00
   2.5800000e+02   1.7213500e+00  -1.2819800e+01  -1.0000000e+00
   2.5900000e+02  -9.1841900e+00  -8.0033600e+00   1.0000000e+00
   2.6000000e+02   1.3677400e+01  -8.9392700e+00  -1.0000000e+00
   2.6100000e+02  -6.4649000e+00   1.0048400e+00  -1.0000000e+00
   2.6200000e+02   6.3767700e+00  -1.7149800e+01  -1.0000000e+00
   2.6300000e+02  -1.1738300e+01   1.0820200e+01  -1.0000000e+00
   2.6400000e+02   1.7389800e+01  -2.1476800e-01  -1.0000000e+00
   2.6500000e+02   1.1436400e+01  -2.1263000e+00  -1.0000000e+00
   2.6600000e+02  -9.6269700e+00  -1.1533200e+01   1.0000000e+00
   2.6700000e+02  -1.3611100e+01   1.1752300e+01   1.0000000e+00
   2.6800000e+02   5.0544600e+00  -6.1558600e+00  -1.0000000e+00
   2.6900000e+02  -1.1249700e+01  -7.7190100e+00   1.0000000e+00
   2.7000000e+02   1.8901100e-01  -1.6565700e+01   1.0000000e+00
   2.7100000e+02  -9.0135200e+00   1.1384200e+00   1.0000000e+00
   2.7200000e+02   7.8951300e+00  -1.4015200e+00  -1.0000000e+00
   2.7300000e+02   7.1595700e+00   4.0131400e+00  -1.0000000e+00
   2.7400000e+02   5.7281800e+00   1.4969700e+01  -1.0000000e+00
   2.7500000e+02  -9.4315000e+00  -1.7118800e+01   1.0000000e+00
   2.7600000e+02   9.8414200e+00  -7.3880200e-01  -1.0000000e+00
   2.7700000e+02   5.7274300e+00  -1.1555000e+01  -1.0000000e+00
   2.7800000e+02  -7.5513000e+00  -2.7317100e+00   1.0000000e+00
   2.7900000e+02  -6.2241300e+00  -1.0207200e+01   1.0000000e+00
   2.8000000e+02  -1.0640100e+01   5.0286500e+00   1.0000000e+00
   2.8100000e+02  -1.3368800e+01   4.6200800e+00   1.0000000e+00
   2.8200000e+02   1.4324300e+01   1.2053700e+01  -1.0000000e+00
   2.8300000e+02  -5.3820600e+00   1.4968800e+01  -1.0000000e+00
   2.8400000e+02   2.4653800e+00   8.2404000e+00  -1.0000000e+00
   2.8500000e+02   6.1000000e+00   1.7010200e+01  -1.0000000e+00
   2.8600000e+02   2.8527600e+00  -1.6371300e+01  -1.0000000e+00
   2.8700000e+02  -1.4303400e+00   1.6413200e+01  -1.0000000e+00
   2.8800000e+02  -4.5960800e+00   9.5975100e+00  -1.0000000e+00
   2.8900000e+02  -9.5982000e+00  -2.4800400e+00   1.0000000e+00
   2.9000000e+02   9.2726300e+00   1.4213500e+01  -1.0000000e+00
   2.9100000e+02  -7.6614000e+00   2.6844300e+00  -1.0000000e+00
   2.9200000e+02   4.6359200e+00  -8.1760200e+00  -1.0000000e+00
   2.9300000e+02  -8.9900200e+00   1.5743200e+01  -1.0000000e+00
   2.9400000e+02  -2.9571900e+00  -8.8060000e+00   1.0000000e+00
   2.9500000e+02   1.1231200e+01  -1.1616900e+01  -1.0000000e+00
   2.9600000e+02  -8.8905700e+00   6.1056300e+00  -1.0000000e+00
   2.9700000e+02  -5.3732100e+00   5.4700900e+00  -1.0000000e+00
   2.9800000e+02  -2.6107100e+00   7.5613700e-01  -1.0000000e+00
   2.9900000e+02   9.5437300e+00   6.6861400e+00  -1.0000000e+00
