   0.0000000e+00   2.6984600e+00  -1.5689800e+01   2.3525700e+01  -2.0000000e+00
   1.0000000e+00  -3.8271000e+00  -9.4242000e+00   2.1446900e+01   2.0000000e+00
   2.0000000e+00   9.2293200e+00  -3.9510600e+00   4.0311500e+01   1.0000000e+00
   3.0000000e+00   1.1504300e+01  -1.4986400e+01   3.7191400e+01  -1.0000000e+00
   4.0000000e+00  -1.2783100e+01  -5.8176400e+00   1.7656000e+01   2.0000000e+00
   5.0000000e+00  -1.4882700e+01  -1.1008100e+01   4.8669200e+00  -1.0000000e+00
   6.0000000e+00  -6.6171000e+00  -7.1024000e+00   2.0186500e+01   2.0000000e+00
   7.0000000e+00  -1.3530300e+01  -9.3911300e+00   1.9607100e+01  -2.0000000e+00
   8.0000000e+00  -2.3978400e-01   1.6594200e+00   4.0912800e+01   1.0000000e+00
   9.0000000e+00  -2.2297200e+00  -1.3226100e+01   2.2417600e+01   2.0000000e+00
   1.0000000e+01  -1.5919600e+00   8.7382800e+00   4.0791300e+01   1.0000000e+00
   1.1000000e+01  -1.6861500e-01  -1.3455000e+01   2.2902400e+01   2.0000000e+00
   1.2000000e+01   1.4782400e+01   6.9622200e-01   4.1626200e+01   1.0000000e+00
   1.3000000e+01  -1.6000100e+01  -1.2787800e+00   1.4863900e+01  -2.0000000e+00
   1.4000000e+01  -9.4327000e+00   1.1822900e+01   5.4903000e+00  -3.0000000e+00
   1.5000000e+01  -1.5926000e+01   6.5262900e+00   2.6035000e+01  -1.0000000e+00
   1.6000000e+01   3.8086100e+00  -3.0654600e+00   3.9517300e+01   1.0000000e+00
   1.7000000e+01   9.0646200e+00  -9.4570200e+00   2.0024300e+01  -3.0000000e+00
   1.8000000e+01  -7.0491600e+00   1.4992600e+01   4.1553800e+01  -2.0000000e+00
   1.9000000e+01   3.9698500e+00  -1.3987300e+01   2.5174400e+01   2.0000000e+00
   2.0000000e+01  -1.2784200e+00  -6.0669300e+00   2.4540000e+01   2.0000000e+00
   2.1000000e+01   1.7540900e+01   8.6240700e+00   4.0071300e+01  -1.0000000e+00
   2.2000000e+01  -4.2891200e+00   1.7398100e+01   3.9825000e+01  -1.0000000e+00
   2.3000000e+01   1.3322400e+01  -3.1759600e+00   3.9483500e+01   1.0000000e+00
   2.4000000e+01   6.1353900e+00  -1.4041900e+01   3.2207900e+01  -3.0000000e+00
   2.5000000e+01  -4.1113300e+00  -1.8417300e+01   2.1441600e+01  -1.0000000e+00
   2.6000000e+01  -2.1624100e+00  -4.2039900e+00   3.3708800e+01  -3.0000000e+00
   2.7000000e+01   1.4720900e+01   1.1833300e+01   2.6558600e+01  -1.0000000e+00
   2.8000000e+01   1.2003400e+01   3.8758800e+00   4.0768300e+01   1.0000000e+00
   2.9000000e+01  -1.8926200e+01  -4.2328300e+00   4.4661100e+01  -1.0000000e+00
   3.0000000e+01   1.1267400e+01  -3.5535200e+00   4.0438500e+01   1.0000000e+00
   3.1000000e+01  -1.7834500e+00  -9.6248500e+00   2.2562600e+01   2.0000000e+00
   3.2000000e+01   1.0562500e+01  -5.5472100e+00   4.0427200e+01   1.0000000e+00
   3.3000000e+01   1.3949000e+01  -6.7849900e+00   4.0057200e+01  -2.0000000e+00
   3.4000000e+01   6.4654000e+00  -6.2584400e+00   3.9631000e+01   1.0000000e+00
   3.5000000e+01  -1.5590500e+01  -9.0166200e+00   4.7363700e+00  -1.0000000e+00
   3.6000000e+01  -8.6855400e+00  -6.6998300e+00   1.8593200e+01   2.0000000e+00
   3.7000000e+01   2.7595900e+00  -5.3829400e+00   3.1292400e+01  -3.0000000e+00
   3.8000000e+01   2.8762200e-01  -9.9089400e+00   2.2458500e+01   2.0000000e+00
   3.9000000e+01  -5.1923400e+00  -1.0989000e+01   1.9902900e+01   2.0000000e+00
   4.0000000e+01  -2.3318900e-01   7.1596400e+00   4.1022800e+01   1.0000000e+00
   4.1000000e+01   1.7565600e+01   3.1371700e+00   4.0658400e+01  -2.0000000e+00
   4.2000000e+01  -1.5374200e+00  -1.5196300e+01   2.2097400e+01   2.0000000e+00
   4.3000000e+01  -1.4572800e+01   2.3233100e-01   1.4744400e+01   2.0000000e+00
   4.4000000e+01  -5.8355700e+00  -1.4531400e+01   2.1562100e+01   2.0000000e+00
   4.5000000e+01  -1.3649100e+01   1.3362400e+01   2.8104500e+01  -1.0000000e+00
   4.6000000e+01  -3.6110200e+00   2.8125100e+00   4.0660300e+01   1.0000000e+00
   4.7000000e+01  -1.1994000e+01  -2.3132400e+00   1.6828000e+01   2.0000000e+00
   4.8000000e+01  -1.4931900e+01   9.8934700e+00  -3.5987600e+00  -1.0000000e+00
   4.9000000e+01  -1.8639500e+01   1.5579100e+00   1.3388100e+01  -1.0000000e+00
   5.0000000e+01  -3.6594900e+00   1.3827700e+01   4.0637900e+01   1.0000000e+00
   5.1000000e+01  -2.2641400e+00   1.2517600e+00   4.0992900e+01   1.0000000e+00
   5.2000000e+01   4.4368300e+00  -6.5929000e+00   4.2041200e+01  -3.0000000e+00
   5.3000000e+01   8.1793400e+00  -1.3667400e+01   3.6425100e+01  -2.0000000e+00
   5.4000000e+01   1.1970300e+01  -1.6219200e+00   4.0254900e+01   1.0000000e+00
   5.5000000e+01  -1.1301300e+01   1.2732700e+01   9.2732600e+00  -2.0000000e+00
   5.6000000e+01   7.7999900e+00  -7.8421500e+00   3.9334900e+01   1.0000000e+00
   5.7000000e+01  -4.8368100e-01  -7.9717600e+00   2.2949800e+01   2.0000000e+00
   5.8000000e+01  -8.4197900e+00   1.6545000e+01   2.5371400e+01  -1.0000000e+00
   5.9000000e+01  -1.0062100e+01   4.5809000e+00   9.8709100e+00  -3.0000000e+00
   6.0000000e+01   4.8908700e+00  -1.5820600e+01   2.8519600e+01  -2.0000000e+00
   6.1000000e+01  -5.0216000e+00   9.9216600e+00   4.0923100e+01   1.0000000e+00
   6.2000000e+01  -4.8828800e+00  -1.6425000e+01   2.1785800e+01  -2.0000000e+00
   6.3000000e+01  -1.0767300e+01  -1.1792900e+01   1.9143900e+01   2.0000000e+00
   6.4000000e+01   8.6654100e+00   1.6181800e+01   3.9598900e+01  -1.0000000e+00
   6.5000000e+01  -1.2124400e+01  -1.3373000e+01   7.3543300e+00  -2.0000000e+00
   6.6000000e+01   1.1201700e+01  -9.0741700e+00   2.0164800e+01  -3.0000000e+00
   6.7000000e+01   9.3063600e+00   7.0792700e+00   4.0208200e+01   1.0000000e+00
   6.8000000e+01   1.6799800e+01   6.6893900e+00   4.1057900e+01  -2.0000000e+00
   6.9000000e+01  -7.3009100e+00  -1.0635900e+01   2.0525400e+01   2.0000000e+00
   7.0000000e+01  -1.0050600e+01  -8.2396400e+00   1.8382300e+01   2.0000000e+00
   7.1000000e+01  -7.6482100e+00   2.0597700e+00   4.4270800e+01  -3.0000000e+00
   7.2000000e+01  -1.2803400e+01  -1.1359100e+01   1.9116100e+01  -2.0000000e+00
   7.3000000e+01  -8.6025300e+00  -1.2230000e+01   2.0322200e+01   2.0000000e+00
   7.4000000e+01   1.5362100e+01  -8.3568100e+00   1.5180000e+01  -1.0000000e+00
   7.5000000e+01   1.6695500e+01  -4.4637400e+00   5.5648000e+01  -1.0000000e+00
   7.6000000e+01   1.6089200e+01  -8.8766700e-01   4.0234700e+01  -2.0000000e+00
   7.7000000e+01  -1.0349100e+01   1.5834700e+01   2.4717600e+01  -1.0000000e+00
   7.8000000e+01   4.8830400e+00  -1.0184300e+01   2.7716500e+01  -3.0000000e+00
   7.9000000e+01  -6.3404300e+00   4.7291900e-01   3.6161700e+01  -3.0000000e+00
   8.0000000e+01  -9.4597900e-01   1.6226200e+01   4.0877100e+01  -2.0000000e+00
   8.1000000e+01   1.0643300e+01   1.1001400e+01   4.0909900e+01   1.0000000e+00
   8.2000000e+01   3.6523100e+00  -8.5320600e+00   4.2774500e+01  -3.0000000e+00
   8.3000000e+01   4.5362000e+00  -1.1166000e+00   4.0171500e+01   1.0000000e+00
   8.4000000e+01  -2.2605500e-01   1.8170200e+01   4.0233000e+01  -1.0000000e+00
   8.5000000e+01  -1.4221000e+01  -7.4425600e+00   1.9034200e+01  -2.0000000e+00
   8.6000000e+01   1.0250600e+01  -1.3336200e+01   3.6517400e+01  -2.0000000e+00
   8.7000000e+01   1.6125900e+01   4.6620900e+00   4.1189700e+01  -2.0000000e+00
   8.8000000e+01   1.2693200e+01   3.4081200e-01   4.0432200e+01   1.0000000e+00
   8.9000000e+01   7.0240900e+00  -9.8089900e+00   2.0391900e+01  -3.0000000e+00
   9.0000000e+01  -1.7505100e+01  -2.6945800e+00   1.4988200e+01  -2.0000000e+00
   9.1000000e+01  -1.6561600e+01   8.6455800e-01   1.4408100e+01  -2.0000000e+00
   9.2000000e+01  -1.3402500e+01  -3.8563000e+00   1.6823400e+01   2.0000000e+00
   9.3000000e+01  -5.6963900e+00   1.3445000e+01   4.1064500e+01   1.0000000e+00
   9.4000000e+01  -5.9020000e+00  -2.9595800e+00   3.1964300e+01  -3.0000000e+00
   9.5000000e+01   9.9508400e+00   1.4559700e+01   2.8798500e+01  -2.0000000e+00
   9.6000000e+01   3.8279400e+00   1.3437500e+01   4.0666300e+01   1.0000000e+00
   9.7000000e+01   1.5405400e+01  -2.8484400e+00   3.9291400e+01  -2.0000000e+00
   9.8000000e+01   5.7103000e+00  -8.2170000e+00   3.8769100e+01  -3.0000000e+00
   9.9000000e+01   1.0622400e+01  -3.7870300e-02   3.9859100e+01   1.0000000e+00
   1.0000000e+02   1.1277900e+00   1.6619200e+01   2.8222500e+01  -2.0000000e+00
   1.0100000e+02   6.5411600e+00   1.5745400e+01   2.8741600e+01  -2.0000000e+00
   1.0200000e+02   3.8301800e+00   7.9217400e+00   4.0617500e+01   1.0000000e+00
   1.0300000e+02   1.4607600e+01  -4.8124800e+00   3.9960800e+01  -2.0000000e+00
   1.0400000e+02  -1.7106300e+01   2.9358100e+00   1.2919700e+01  -2.0000000e+00
   1.0500000e+02  -6.3150800e+00   6.0143600e+00   5.1201400e+01  -3.0000000e+00
   1.0600000e+02   6.2249600e-01  -1.5367200e+01   2.2914700e+01   2.0000000e+00
   1.0700000e+02   1.3356900e+01   2.3006500e+00   4.1393700e+01   1.0000000e+00
   1.0800000e+02  -1.5841600e+00   3.2092100e+00   4.1124000e+01   1.0000000e+00
   1.0900000e+02   7.8922600e+00  -2.3834500e+00   4.0123700e+01   1.0000000e+00
   1.1000000e+02   1.2422400e+01  -1.2977000e+01   4.8967600e+01  -2.0000000e+00
   1.1100000e+02   8.4981400e+00  -5.9090600e+00   3.9833400e+01   1.0000000e+00
   1.1200000e+02  -4.2924900e+00   8.6060200e-01   4.0597500e+01   1.0000000e+00
   1.1300000e+02  -5.6414100e+00   2.4752600e+00   4.1110100e+01   1.0000000e+00
   1.1400000e+02  -1.1183800e+01   1.0666700e+01   7.5340600e+00   2.0000000e+00
   1.1500000e+02   6.5792700e+00   1.0241300e+01   4.0982700e+01   1.0000000e+00
   1.1600000e+02   7.9533900e+00   8.6791800e+00   4.0850900e+01   1.0000000e+00
   1.1700000e+02  -1.5912500e+00  -2.2363900e+00   4.1264300e+01   1.0000000e+00
   1.1800000e+02   5.8518900e+00  -2.7091300e+00   3.9465500e+01   1.0000000e+00
   1.1900000e+02   2.4965800e+00   3.9749200e+00   4.1038200e+01   1.0000000e+00
   1.2000000e+02  -7.3089100e+00  -5.1329500e+00   2.3075400e+01  -3.0000000e+00
   1.2100000e+02  -9.1476400e-01   1.0705000e+01   4.0691200e+01   1.0000000e+00
   1.2200000e+02  -7.0574500e+00   9.5445400e+00   4.5397600e+01  -3.0000000e+00
   1.2300000e+02  -1.1432800e+01  -9.8149800e+00   1.8567700e+01   2.0000000e+00
   1.2400000e+02   1.2051600e+01   9.3847500e+00   4.0681400e+01   1.0000000e+00
   1.2500000e+02  -4.9851900e+00  -1.1083800e+00   3.8166500e+01  -3.0000000e+00
   1.2600000e+02   1.0640100e+01   5.4921500e+00   4.0337400e+01   1.0000000e+00
   1.2700000e+02   1.1944800e+01   1.5103600e+01   4.2799100e+01  -1.0000000e+00
   1.2800000e+02  -1.2401200e+01   7.2186500e+00   1.1549100e+01   2.0000000e+00
   1.2900000e+02  -1.2584900e+01  -3.1906200e-01   1.5442800e+01   2.0000000e+00
   1.3000000e+02   1.2583400e+01  -5.1442700e+00   4.0165000e+01   1.0000000e+00
   1.3100000e+02  -2.9883500e+00   1.0328000e+01   4.0964500e+01   1.0000000e+00
   1.3200000e+02  -7.7336400e+00   1.3046900e+01   3.8678100e+01  -3.0000000e+00
   1.3300000e+02   1.5420700e+01  -1.0505300e+01   2.6152300e+01  -1.0000000e+00
   1.3400000e+02  -1.2074000e+01   1.4714300e+01   2.6751800e+01  -1.0000000e+00
   1.3500000e+02  -5.2522300e+00  -4.9161300e+00   3.3886600e+01  -3.0000000e+00
   1.3600000e+02   1.6782800e+01   1.2384800e+00   4.0385200e+01  -2.0000000e+00
   1.3700000e+02   1.1344300e+00   6.4582300e-02   4.0408700e+01   1.0000000e+00
   1.3800000e+02  -1.3999100e+01  -1.8031500e+00   1.5905500e+01   2.0000000e+00
   1.3900000e+02   1.3235500e+01  -8.7560400e+00   2.0257000e+01  -2.0000000e+00
   1.4000000e+02   2.4612200e+00   1.5014600e+01   4.0285200e+01  -2.0000000e+00
   1.4100000e+02   4.3691300e-01  -1.8770500e+00   4.1382200e+01   1.0000000e+00
   1.4200000e+02  -2.8579400e+00  -1.6779700e+01   2.1895500e+01  -2.0000000e+00
   1.4300000e+02  -4.5977300e+00  -7.5162800e+00   3.3622100e+01  -3.0000000e+00
   1.4400000e+02   1.2685300e+01   1.1407700e+01   4.1725600e+01  -2.0000000e+00
   1.4500000e+02   5.2278200e+00   8.3222600e-01   4.0697600e+01   1.0000000e+00
   1.4600000e+02  -2.5525100e+00  -7.7115300e+00   2.3244700e+01   2.0000000e+00
   1.4700000e+02  -5.0198500e+00   1.5447100e+01   4.0382000e+01  -2.0000000e+00
   1.4800000e+02  -1.0577400e+01  -8.1752700e-01   1.5110900e+01  -3.0000000e+00
   1.4900000e+02   4.4338900e-01   3.6322100e+00   4.0796200e+01   1.0000000e+00
   1.5000000e+02   6.2203900e+00  -1.7554000e+01   3.1681600e+01  -1.0000000e+00
   1.5100000e+02   1.3358300e+01  -1.0850100e+01   1.8363300e+01  -2.0000000e+00
   1.5200000e+02  -4.3338800e+00   1.1890300e+01   4.0942000e+01   1.0000000e+00
   1.5300000e+02  -4.4964000e+00  -1.2934700e+01   2.1040400e+01   2.0000000e+00
   1.5400000e+02   8.3099300e-01  -6.1739800e+00   1.8286700e+01  -3.0000000e+00
   1.5500000e+02   1.4749500e+01   6.2298900e+00   4.1051500e+01   1.0000000e+00
   1.5600000e+02   9.2775300e+00   1.6104900e+00   3.9917200e+01   1.0000000e+00
   1.5700000e+02  -2.9494800e+00  -7.0067800e-01   4.0835400e+01   1.0000000e+00
   1.5800000e+02  -6.3701100e+00   1.7073500e+01   4.1237800e+01  -1.0000000e+00
   1.5900000e+02   1.6178400e+01  -6.4733600e+00   5.5874300e+01  -1.0000000e+00
   1.6000000e+02   9.2469500e+00   1.2633600e+01   4.0621800e+01   1.0000000e+00
   1.6100000e+02   9.8308100e+00  -7.5190400e+00   3.9877600e+01   1.0000000e+00
   1.6200000e+02  -2.2874800e+00   1.7810300e+01   4.0860400e+01  -1.0000000e+00
   1.6300000e+02  -1.0736300e+01  -6.2900600e+00   1.7838800e+01   2.0000000e+00
   1.6400000e+02  -1.0808400e+01   8.6396600e+00   1.0636800e+01   2.0000000e+00
   1.6500000e+02  -6.2673300e+00  -1.7984200e+01   2.1267000e+01  -1.0000000e+00
   1.6600000e+02   1.8148900e-01  -1.8982800e+01   2.2382400e+01  -1.0000000e+00
   1.6700000e+02   5.1877500e+00   6.3662000e+00   4.0715900e+01   1.0000000e+00
   1.6800000e+02  -3.4114900e+00  -5.8367400e+00   3.1847200e+01  -3.0000000e+00
   1.6900000e+02  -8.3537800e+00   7.8625200e+00   4.5033200e+01  -3.0000000e+00
   1.7000000e+02  -1.1239200e-01  -4.3357800e+00   3.6120300e+01  -3.0000000e+00
   1.7100000e+02   1.4060100e+01  -1.2574900e+00   3.9942500e+01   1.0000000e+00
   1.7200000e+02   7.2583000e+00   1.2270600e+00   4.0707100e+01   1.0000000e+00
   1.7300000e+02   1.5420700e+01   8.2539900e+00   4.1228000e+01  -2.0000000e+00
   1.7400000e+02  -1.0324200e+01   6.6294000e+00   9.0072200e+00  -3.0000000e+00
   1.7500000e+02  -1.3565900e+01   3.8083800e+00   1.2786300e+01   2.0000000e+00
   1.7600000e+02  -9.0047300e+00   4.9712000e-01   1.9528000e+01  -3.0000000e+00
   1.7700000e+02   3.0940800e+00  -1.2050800e+01   2.2264800e+01  -3.0000000e+00
   1.7800000e+02  -9.3774600e+00  -1.0273600e+01   1.9152500e+01   2.0000000e+00
   1.7900000e+02  -7.9385400e+00  -3.1859800e+00   4.0922700e+01  -3.0000000e+00
   1.8000000e+02  -8.9884800e-01  -2.9896800e-01   4.0760500e+01   1.0000000e+00
   1.8100000e+02   1.1931500e+01  -7.1053100e+00   4.0174900e+01   1.0000000e+00
   1.8200000e+02  -6.3761600e+00   1.1473800e+01   4.0990400e+01  -3.0000000e+00
   1.8300000e+02  -1.3148700e+01   1.1344400e+01   1.0556100e+01  -2.0000000e+00
   1.8400000e+02  -1.6814400e+01  -4.9167400e+00   3.7303000e+00  -2.0000000e+00
   1.8500000e+02   7.9018700e+00   1.4214200e+01   4.0457200e+01  -2.0000000e+00
   1.8600000e+02   1.3355000e+01   7.8055400e+00   4.0720900e+01   1.0000000e+00
   1.8700000e+02   4.5337200e+00   9.8896900e+00   4.0657300e+01   1.0000000e+00
   1.8800000e+02   3.6016200e+00  -1.7555100e+01   2.5805300e+01  -1.0000000e+00
   1.8900000e+02   5.1249700e+00  -4.6413800e+00   4.0940600e+01   1.0000000e+00
   1.9000000e+02   5.8842300e+00   2.8344300e+00   4.1019300e+01   1.0000000e+00
   1.9100000e+02   1.7858100e+00   1.3034300e+01   4.0886300e+01   1.0000000e+00
   1.9200000e+02  -1.2158200e+01  -7.7852300e+00   1.8602100e+01   2.0000000e+00
   1.9300000e+02  -1.3094900e+01   1.7580900e+00   1.3745400e+01   2.0000000e+00
   1.9400000e+02   5.8740800e+00   1.3797500e+01   4.0747800e+01   1.0000000e+00
   1.9500000e+02  -9.1039100e+00   9.7940600e+00   9.6510100e-01  -3.0000000e+00
   1.9600000e+02  -3.7561000e+00  -2.8874900e+00   3.7847800e+01  -3.0000000e+00
   1.9700000e+02   9.9147500e+00  -2.0003300e+00   4.0369100e+01   1.0000000e+00
   1.9800000e+02  -6.5523800e+00  -1.2555000e+01   2.0264900e+01   2.0000000e+00
   1.9900000e+02  -1.5425200e+01  -3.2832900e+00   1.6076100e+01   2.0000000e+00
   2.0000000e+02  -1.3998000e+01   5.8506600e+00   1.1444300e+01  -2.0000000e+00
   2.0100000e+02   1.1315200e+01   1.2981500e+01   4.1464200e+01  -2.0000000e+00
   2.0200000e+02  -5.9691000e+00  -9.0600900e+00   1.9739600e+01   2.0000000e+00
   2.0300000e+02  -2.3011500e+00   1.2271000e+01   4.0893100e+01   1.0000000e+00
   2.0400000e+02   1.7891700e+00   7.5521200e+00   4.0846900e+01   1.0000000e+00
   2.0500000e+02  -8.3701000e+00   5.7994900e+00   4.0817000e+01  -3.0000000e+00
   2.0600000e+02  -1.9975100e+00  -1.8662400e+01   2.2294600e+01  -1.0000000e+00
   2.0700000e+02  -1.1373500e+01  -4.2895000e+00   1.7424600e+01   2.0000000e+00
   2.0800000e+02   8.6045800e+00   5.1412600e+00   3.9986900e+01   1.0000000e+00
   2.0900000e+02  -7.8786800e+00  -1.4180700e+01   1.9929600e+01  -2.0000000e+00
   2.1000000e+02   7.9226600e+00   3.1893200e+00   4.0413700e+01   1.0000000e+00
   2.1100000e+02   7.2783700e+00   6.7413800e+00   4.0238500e+01   1.0000000e+00
   2.1200000e+02  -9.6160700e+00   1.3918600e+01  -2.3428700e+00  -2.0000000e+00
   2.1300000e+02  -1.2025700e+01   5.2006700e+00   1.1465300e+01   2.0000000e+00
   2.1400000e+02  -9.0854100e-01   5.1911800e+00   4.1169700e+01   1.0000000e+00
   2.1500000e+02   5.1762200e+00   1.1835500e+01   4.0746800e+01   1.0000000e+00
   2.1600000e+02  -9.9277500e+00  -1.3788400e+01   1.9148000e+01  -2.0000000e+00
   2.1700000e+02   9.9751300e+00   3.5406300e+00   4.0119700e+01   1.0000000e+00
   2.1800000e+02   1.4018900e+01   4.3042600e+00   4.0708100e+01   1.0000000e+00
   2.1900000e+02   7.1693100e+00  -4.3267800e+00   3.9640100e+01   1.0000000e+00
   2.2000000e+02   1.5946500e+00  -8.1585200e+00   9.9838200e+00  -3.0000000e+00
   2.2100000e+02   1.5365600e+01   2.7409500e+00   4.1522200e+01   1.0000000e+00
   2.2200000e+02   4.5009300e+00   4.4175500e+00   4.1298100e+01   1.0000000e+00
   2.2300000e+02   3.1781900e+00   4.5313300e-01   4.0626300e+01   1.0000000e+00
   2.2400000e+02  -9.2916800e+00  -1.5858100e+01   1.8924800e+01  -1.0000000e+00
   2.2500000e+02  -1.4806600e+01  -5.3869100e+00   1.7205200e+01  -2.0000000e+00
   2.2600000e+02   7.3778400e+00  -1.5735000e+01   4.7253700e+01  -2.0000000e+00
   2.2700000e+02   1.8139800e+01  -5.6353000e-01   5.4312800e+01  -1.0000000e+00
   2.2800000e+02   1.8291000e+00   2.0279800e+00   4.0714200e+01   1.0000000e+00
   2.2900000e+02  -7.2045800e+00  -1.6125800e+01   1.0115000e+01  -2.0000000e+00
   2.3000000e+02  -2.9418900e+00   4.7752300e+00   4.0685200e+01   1.0000000e+00
   2.3100000e+02   1.1227700e+01  -1.1145100e+01   1.7748800e+01  -3.0000000e+00
   2.3200000e+02   2.4653900e+00  -1.5190900e+00   4.0487100e+01   1.0000000e+00
   2.3300000e+02   1.0549900e+00  -1.1809300e+01   2.2784600e+01   2.0000000e+00
   2.3400000e+02  -1.5159900e+01   1.1960000e+01   1.0715600e+01  -1.0000000e+00
   2.3500000e+02   2.3519100e+00  -1.0126700e+01   2.2998400e+01  -3.0000000e+00
   2.3600000e+02  -1.4195600e+01  -1.2960100e+01   1.9036800e+01  -1.0000000e+00
   2.3700000e+02  -1.4374200e+01   7.8918700e+00   1.2147700e+01  -2.0000000e+00
   2.3800000e+02   1.1331700e+01   7.4476500e+00   4.0075700e+01   1.0000000e+00
   2.3900000e+02  -8.0385200e+00  -8.6822600e+00   1.8991700e+01   2.0000000e+00
   2.4000000e+02   8.5965900e+00   1.0636300e+01   4.1259300e+01   1.0000000e+00
   2.4100000e+02   1.1276300e+00   5.6043700e+00   4.0905100e+01   1.0000000e+00
   2.4200000e+02  -1.1130500e+01   1.1569400e+00   1.3914700e+01   2.0000000e+00
   2.4300000e+02   2.4840200e+00   9.4957500e+00   4.0890800e+01   1.0000000e+00
   2.4400000e+02  -7.1262700e+00   4.0760700e+00   4.0204100e+01  -3.0000000e+00
   2.4500000e+02  -9.6451800e+00   2.5711000e+00   2.1192200e+00  -3.0000000e+00
   2.4600000e+02  -3.1282100e+00  -1.1375900e+01   2.2029800e+01   2.0000000e+00
   2.4700000e+02  -4.2826200e+00   6.3705500e+00   4.0700300e+01   1.0000000e+00
   2.4800000e+02   3.8612800e+00   2.4298800e+00   4.1264900e+01   1.0000000e+00
   2.4900000e+02  -5.0071000e+00   4.4336000e+00   4.0142600e+01   1.0000000e+00
   2.5000000e+02   1.4209300e+00  -1.7325300e+01   3.4676600e+01  -2.0000000e+00
   2.5100000e+02  -9.9634100e+00  -2.7769300e+00   5.5111200e+00  -3.0000000e+00
   2.5200000e+02  -1.5077100e+01   2.3623300e+00   1.3760700e+01   2.0000000e+00
   2.5300000e+02   8.5728900e+00  -3.5465300e-01   4.0201100e+01   1.0000000e+00
   2.5400000e+02  -3.6386100e+00   8.3703100e+00   4.1128000e+01   1.0000000e+00
   2.5500000e+02   6.5672700e+00  -7.7248500e-01   4.0222300e+01   1.0000000e+00
   2.5600000e+02   1.8143700e+01   5.1221400e+00   4.2406500e+01  -1.0000000e+00
   2.5700000e+02  -1.5545800e+01   4.3950300e+00   1.2203400e+01  -2.0000000e+00
   2.5800000e+02  -1.2811800e+01   9.3096800e+00   1.1442800e+01  -2.0000000e+00
   2.5900000e+02   3.1603100e+00   5.9860200e+00   4.0937500e+01   1.0000000e+00
   2.6000000e+02   7.2066400e+00   1.2224000e+01   4.1138400e+01   1.0000000e+00
   2.6100000e+02  -1.1602700e+01   3.1888700e+00   1.2637200e+01   2.0000000e+00
   2.6200000e+02   7.1756800e+00  -1.1859900e+01   1.7467800e+01  -3.0000000e+00
   2.6300000e+02  -1.7966700e+01  -6.8875400e-01   1.9970400e-01  -1.0000000e+00
   2.6400000e+02  -2.9617700e+00   1.5778200e+01   4.0623100e+01  -2.0000000e+00
   2.6500000e+02   4.4962900e+00   1.5375900e+01   4.0210400e+01  -2.0000000e+00
   2.6600000e+02   4.3835200e-01   9.1026400e+00   4.0720800e+01   1.0000000e+00
   2.6700000e+02   9.4135700e+00  -1.5314100e+01   3.8626100e+01  -1.0000000e+00
   2.6800000e+02  -9.3434000e+00  -4.7513800e+00   1.8098500e+01   2.0000000e+00
   2.6900000e+02  -5.7213500e+00   7.9810700e+00   3.9804800e+01  -3.0000000e+00
   2.7000000e+02   1.2667900e+01   5.8624200e+00   4.0574200e+01   1.0000000e+00
   2.7100000e+02  -1.6314400e+01  -7.1016100e+00   3.2547800e+00  -1.0000000e+00
   2.7200000e+02  -1.1378300e+01  -1.5339100e+01   1.7908300e+01  -1.0000000e+00
   2.7300000e+02   4.0705100e-01   1.4649000e+01   4.0808400e+01   1.0000000e+00
   2.7400000e+02   1.7861900e+00  -3.4654600e+00   2.8767700e+01  -3.0000000e+00
   2.7500000e+02   5.2397500e+00   1.7345000e+01   3.9611200e+01  -1.0000000e+00
   2.7600000e+02  -1.7511900e+01   5.0988800e+00   1.0970700e+01  -1.0000000e+00
   2.7700000e+02   1.4559000e+01  -1.2575500e+01   3.7626300e+01  -1.0000000e+00
   2.7800000e+02  -9.9232600e-01  -1.1525700e+01   2.3234200e+01   2.0000000e+00
   2.7900000e+02   5.8708800e+00   8.3018000e+00   4.0578100e+01   1.0000000e+00
   2.8000000e+02   1.3330300e+01   1.3432600e+01   2.6405100e+01  -1.0000000e+00
   2.8100000e+02   3.1476700e+00   1.1475400e+01   4.1025400e+01   1.0000000e+00
   2.8200000e+02   6.5496600e+00   4.8128900e+00   4.0362600e+01   1.0000000e+00
   2.8300000e+02  -2.4415700e-01   1.2666200e+01   4.0957900e+01   1.0000000e+00
   2.8400000e+02   3.1819200e+00   1.6967800e+01   3.9827000e+01  -1.0000000e+00
   2.8500000e+02  -1.6191800e+00   1.4221400e+01   4.1209800e+01   1.0000000e+00
   2.8600000e+02   1.8854800e+00  -1.3708700e+01   2.2981900e+01   2.0000000e+00
   2.8700000e+02  -7.7090400e+00  -1.1149800e+00   3.9029700e+01  -3.0000000e+00
   2.8800000e+02   1.1095500e+00   1.1062800e+01   4.0843400e+01   1.0000000e+00
   2.8900000e+02   1.4072600e+01   9.8291900e+00   4.1542700e+01  -2.0000000e+00
   2.9000000e+02   1.1325000e+01   1.9166600e+00   4.0172000e+01   1.0000000e+00
   2.9100000e+02   5.1561100e+00  -1.2238700e+01   1.3468000e+01  -3.0000000e+00
   2.9200000e+02   1.6092400e+01   1.0274500e+01   2.6665500e+01  -1.0000000e+00
   2.9300000e+02  -3.6015900e+00  -1.4801400e+01   2.1526700e+01   2.0000000e+00
   2.9400000e+02   9.1988900e+00  -1.1541800e+01   1.7687000e+01  -3.0000000e+00
   2.9500000e+02   1.8858200e+01   1.5047200e+00   3.8842300e+01  -1.0000000e+00
   2.9600000e+02   9.9841900e+00   9.0620500e+00   4.0524900e+01   1.0000000e+00
   2.9700000e+02  -6.1566900e-01  -1.7039000e+01   2.2891300e+01  -2.0000000e+00
   2.9800000e+02  -2.2602300e+00   6.7563500e+00   4.0957500e+01   1.0000000e+00
   2.9900000e+02   1.7447000e+01  -2.5135800e+00   5.4636800e+01  -1.0000000e+00
