   0.0000000e+00   2.2097600e+00   1.8419100e+01  -1.0000000e+00
   1.0000000e+00   1.2177800e+01   7.0749100e+00  -1.0000000e+00
   2.0000000e+00   5.3129700e+00   1.1832800e+01  -1.0000000e+00
   3.0000000e+00  -2.6700400e+00   2.0834400e+00  -1.0000000e+00
   4.0000000e+00  -1.2621000e+01  -4.8528700e+00   1.0000000e+00
   5.0000000e+00   5.8166000e+00  -3.8539100e+00  -1.0000000e+00
   6.0000000e+00  -7.6755800e+00   7.6377800e+00  -1.0000000e+00
   7.0000000e+00  -1.4659500e+01  -4.3955900e+00   1.0000000e+00
   8.0000000e+00   1.4885600e+01  -3.5436600e+00  -1.0000000e+00
   9.0000000e+00   3.4786500e-02   1.3269800e+01  -1.0000000e+00
   1.0000000e+01  -1.1274000e+01   7.8265000e+00  -1.0000000e+00
   1.1000000e+01  -1.6633200e+01   6.6806500e+00   1.0000000e+00
   1.2000000e+01  -1.3024900e+01   8.9424200e+00  -1.0000000e+00
   1.3000000e+01  -6.1182300e+00   4.4109700e+00  -1.0000000e+00
   1.4000000e+01   1.4351400e+01   1.2175000e+01  -1.0000000e+00
   1.5000000e+01   1.6922500e-01   1.5389100e+01  -1.0000000e+00
   1.6000000e+01  -7.9107400e+00  -1.3343100e+01   1.0000000e+00
   1.7000000e+01   1.4018200e+01   7.9617100e+00  -1.0000000e+00
   1.8000000e+01   1.4210200e+01   1.0032500e+01  -1.0000000e+00
   1.9000000e+01   1.5390400e+01   2.6618900e+00  -1.0000000e+00
   2.0000000e+01   7.2084300e+00   1.2689300e+01  -1.0000000e+00
   2.1000000e+01   9.5971400e-01  -1.1148600e+01   1.0000000e+00
   2.2000000e+01  -1.8717100e+01  -3.4954900e+00   1.0000000e+00
   2.3000000e+01   3.7682000e-01   1.7463900e+01  -1.0000000e+00
   2.4000000e+01  -1.4449100e+01   1.0797600e+00   1.0000000e+00
   2.5000000e+01   9.0553500e-01   1.7926100e+00  -1.0000000e+00
   2.6000000e+01  -2.4252900e+00  -1.2493500e+01   1.0000000e+00
   2.7000000e+01   9.2461400e+00  -6.2227900e+00  -1.0000000e+00
   2.8000000e+01   8.4543500e+00  -1.4668700e+01   1.0000000e+00
   2.9000000e+01   1.3184200e+01  -2.3502600e+00  -1.0000000e+00
   3.0000000e+01   3.2747800e+00   8.8447000e+00  -1.0000000e+00
   3.1000000e+01  -7.0240600e+00   1.5937600e+01  -1.0000000e+00
   3.2000000e+01   1.5833700e+01   6.7501700e+00  -1.0000000e+00
   3.3000000e+01   1.5498900e+00   1.0030200e+01  -1.0000000e+00
   3.4000000e+01  -1.3871400e+01  -9.1645500e-01   1.0000000e+00
   3.5000000e+01  -1.1047300e+01   1.1969200e+01  -1.0000000e+00
   3.6000000e+01   1.7675700e+01   5.6201600e+00  -1.0000000e+00
   3.7000000e+01  -1.0412100e+01   1.7761400e-01   1.0000000e+00
   3.8000000e+01  -6.3293600e+00   2.3609300e+00  -1.0000000e+00
   3.9000000e+01   1.2852300e+01  -6.5234500e+00  -1.0000000e+00
   4.0000000e+01   4.1121800e+00  -2.6347900e+00  -1.0000000e+00
   4.1000000e+01  -5.3512400e+00   1.4733900e+01  -1.0000000e+00
   4.2000000e+01   1.5278800e+01   5.8820900e-01  -1.0000000e+00
   4.3000000e+01  -1.1823100e+01  -1.3703000e+00   1.0000000e+00
   4.4000000e+01   1.0908800e+01   1.4519800e+01  -1.0000000e+00
   4.5000000e+01   1.6062200e+01   1.1011200e+01  -1.0000000e+00
   4.6000000e+01  -1.3061200e+01   4.6304700e+00   1.0000000e+00
   4.7000000e+01   1.7366600e+01   3.5779000e+00  -1.0000000e+00
   4.8000000e+01   1.3963200e+00   7.9693600e+00  -1.0000000e+00
   4.9000000e+01   8.8832800e+00   1.1472700e+01  -1.0000000e+00
   5.0000000e+01   1.4701300e+01  -5.6081000e+00  -1.0000000e+00
   5.1000000e+01  -1.7909100e+01   9.8935200e-02   1.0000000e+00
   5.2000000e+01  -4.4054200e+00   3.2474500e+00  -1.0000000e+00
   5.3000000e+01  -1.4851700e+01   5.6376700e+00   1.0000000e+00
   5.4000000e+01  -7.8162400e+00   5.5811900e+00  -1.0000000e+00
   5.5000000e+01   1.0542800e+01  -1.1517800e+01  -1.0000000e+00
   5.6000000e+01  -7.2068300e+00  -9.7519500e+00   1.0000000e+00
   5.7000000e+01  -2.4962000e+00  -7.0553700e+00   1.0000000e+00
   5.8000000e+01  -4.7032900e+00  -8.7868100e-01  -1.0000000e+00
   5.9000000e+01   2.0509800e+00   1.6228000e+01  -1.0000000e+00
   6.0000000e+01  -1.1001100e+01   2.2849100e+00   1.0000000e+00
   6.1000000e+01   3.2869700e-01  -9.1900000e+00   1.0000000e+00
   6.2000000e+01   1.8868800e+00   1.4164100e+01  -1.0000000e+00
   6.3000000e+01   7.8948500e+00  -9.1511800e-01  -1.0000000e+00
   6.4000000e+01  -1.2427600e+01   6.0719900e-01   1.0000000e+00
   6.5000000e+01   1.4339100e+01  -9.7969500e+00  -1.0000000e+00
   6.6000000e+01  -9.0266300e+00   1.7299300e+00   1.0000000e+00
   6.7000000e+01   1.5074500e+01  -1.4798100e+00  -1.0000000e+00
   6.8000000e+01  -1.0871200e+00  -1.6435200e+01   1.0000000e+00
   6.9000000e+01  -1.3384800e+01  -1.3955800e+01   1.0000000e+00
   7.0000000e+01   8.0461300e+00   1.1660300e+00  -1.0000000e+00
   7.1000000e+01  -3.2832600e+00   1.7768100e+01  -1.0000000e+00
   7.2000000e+01  -8.5862600e+00  -1.1295500e+01   1.0000000e+00
   7.3000000e+01   3.4729700e+00   1.0938700e+01  -1.0000000e+00
   7.4000000e+01   7.5442500e+00  -5.0237500e+00  -1.0000000e+00
   7.5000000e+01  -8.1614000e-01   2.9717800e+00  -1.0000000e+00
   7.6000000e+01  -1.1555800e+00  -1.1659300e+00  -1.0000000e+00
   7.7000000e+01   3.2358100e-01  -1.4826400e+01   1.0000000e+00
   7.8000000e+01  -9.7964700e+00  -1.8105800e+00   1.0000000e+00
   7.9000000e+01  -1.4542100e+00  -5.2905100e+00   1.0000000e+00
   8.0000000e+01   5.9831300e+00  -1.7773800e+00  -1.0000000e+00
   8.1000000e+01   1.8341900e+00  -1.8700000e+01   1.0000000e+00
   8.2000000e+01  -9.9420900e+00  -7.3093500e+00   1.0000000e+00
   8.3000000e+01  -3.5871500e-01  -1.2873100e+01   1.0000000e+00
   8.4000000e+01   9.0571400e+00   1.3580000e+01  -1.0000000e+00
   8.5000000e+01   1.6226400e+01  -8.9028900e+00  -1.0000000e+00
   8.6000000e+01  -9.2347200e+00  -9.3134600e+00   1.0000000e+00
   8.7000000e+01  -1.7972500e+01   3.0416700e+00   1.0000000e+00
   8.8000000e+01  -1.6794700e+01  -9.5219100e+00   1.0000000e+00
   8.9000000e+01   1.6771600e+01  -2.6444900e+00  -1.0000000e+00
   9.0000000e+01   1.6855700e+00  -7.6003100e+00  -1.0000000e+00
   9.1000000e+01  -1.5013600e+01   3.1810400e+00   1.0000000e+00
   9.2000000e+01   9.2148500e+00   1.5689300e+01  -1.0000000e+00
   9.3000000e+01   1.0639200e+00   3.8607000e+00  -1.0000000e+00
   9.4000000e+01   1.6881300e+00  -1.3153600e+01   1.0000000e+00
   9.5000000e+01  -1.6759200e+01   8.7563000e+00  -1.0000000e+00
   9.6000000e+01  -3.9409600e+00   9.4722000e+00  -1.0000000e+00
   9.7000000e+01  -1.4009600e+01  -6.3947000e+00   1.0000000e+00
   9.8000000e+01  -1.2909900e+01   1.1024500e+01  -1.0000000e+00
   9.9000000e+01  -1.3034600e+01   2.5774300e+00   1.0000000e+00
   1.0000000e+02   4.4181200e+00  -1.5414200e+01   1.0000000e+00
   1.0100000e+02  -1.6456500e+01   1.5986400e+00   1.0000000e+00
   1.0200000e+02   1.6586700e+01  -4.7061900e+00  -1.0000000e+00
   1.0300000e+02  -1.1981100e+01  -1.2413000e+01   1.0000000e+00
   1.0400000e+02   1.1299900e+01  -3.2586100e+00  -1.0000000e+00
   1.0500000e+02  -2.0532100e+00   1.0325200e+01  -1.0000000e+00
   1.0600000e+02  -4.9914600e-01   7.0565000e+00  -1.0000000e+00
   1.0700000e+02   7.3510200e+00  -7.0861200e+00  -1.0000000e+00
   1.0800000e+02   8.2102700e+00   3.2369400e+00  -1.0000000e+00
   1.0900000e+02  -6.5514600e+00  -6.1819200e+00   1.0000000e+00
   1.1000000e+02   8.1968200e+00  -1.6701300e+01   1.0000000e+00
   1.1100000e+02   6.1861600e+00   2.7788500e-01  -1.0000000e+00
   1.1200000e+02  -1.7536700e+00  -8.9684800e+00   1.0000000e+00
   1.1300000e+02   1.6972300e+01  -5.7678300e-01  -1.0000000e+00
   1.1400000e+02  -3.4448200e-01  -7.0458300e+00   1.0000000e+00
   1.1500000e+02  -9.6651800e-01   8.9994700e-01  -1.0000000e+00
   1.1600000e+02  -9.5332200e+00   6.7328900e+00  -1.0000000e+00
   1.1700000e+02   3.6101600e+00   1.3008400e+01  -1.0000000e+00
   1.1800000e+02   1.2578000e+01   1.3312300e+01  -1.0000000e+00
   1.1900000e+02  -1.4079800e+01  -1.1964200e+01   1.0000000e+00
   1.2000000e+02   8.3843900e+00   5.3138000e+00  -1.0000000e+00
   1.2100000e+02  -4.4563200e+00  -1.2148600e+01   1.0000000e+00
   1.2200000e+02   1.8311700e+01  -5.8376900e+00  -1.0000000e+00
   1.2300000e+02  -1.8546100e+00   1.2388000e+01  -1.0000000e+00
   1.2400000e+02   1.1146700e+01  -5.3623100e+00  -1.0000000e+00
   1.2500000e+02  -1.8030200e+01  -5.4881900e+00   1.0000000e+00
   1.2600000e+02   3.7564700e+00   1.5063100e+01  -1.0000000e+00
   1.2700000e+02   8.7258900e+00   9.4158000e+00  -1.0000000e+00
   1.2800000e+02  -1.3297200e+01  -8.4193300e+00   1.0000000e+00
   1.2900000e+02  -3.1383100e+00  -1.0539200e+01   1.0000000e+00
   1.3000000e+02  -4.2439800e+00   5.3294300e+00  -1.0000000e+00
   1.3100000e+02   1.0269000e+01   6.1766700e+00  -1.0000000e+00
   1.3200000e+02  -7.7817900e+00  -2.2291000e+00   1.0000000e+00
   1.3300000e+02  -1.3074300e+01   6.8247100e+00  -1.0000000e+00
   1.3400000e+02  -1.0568300e+01  -5.3035300e+00   1.0000000e+00
   1.3500000e+02   8.8580300e+00  -1.0322800e+01  -1.0000000e+00
   1.3600000e+02  -1.7364400e+00  -1.4468400e+01   1.0000000e+00
   1.3700000e+02   1.2804700e+01   1.5353900e+01  -1.0000000e+00
   1.3800000e+02  -9.3222100e+00  -1.4894500e+01   1.0000000e+00
   1.3900000e+02  -5.9680100e+00   6.4961400e+00  -1.0000000e+00
   1.4000000e+02  -5.8239100e+00   8.5409900e+00  -1.0000000e+00
   1.4100000e+02  -3.5667200e-01   9.1260500e+00  -1.0000000e+00
   1.4200000e+02  -7.3572400e+00   1.1782900e+01  -1.0000000e+00
   1.4300000e+02   6.4665300e+00  -1.5351000e+01   1.0000000e+00
   1.4400000e+02   5.4386200e+00  -7.9718200e+00  -1.0000000e+00
   1.4500000e+02  -9.2428800e+00   1.0883400e+01  -1.0000000e+00
   1.4600000e+02   5.4589400e+00   1.3893300e+01  -1.0000000e+00
   1.4700000e+02   2.9349300e+00   4.7458400e+00  -1.0000000e+00
   1.4800000e+02   2.5870300e+00   6.0529000e-01  -1.0000000e+00
   1.4900000e+02   1.0164900e+00  -1.6774600e+01   1.0000000e+00
   1.5000000e+02   2.3841700e+00  -1.5101400e+01   1.0000000e+00
   1.5100000e+02  -5.1480100e+00  -4.6625500e+00   1.0000000e+00
   1.5200000e+02   5.4606600e+00  -1.7188800e+01   1.0000000e+00
   1.5300000e+02   2.4273700e+00  -1.4588600e+00  -1.0000000e+00
   1.5400000e+02   1.6071700e+01   8.8248400e+00  -1.0000000e+00
   1.5500000e+02   1.2248800e+00   5.9071000e+00  -1.0000000e+00
   1.5600000e+02  -7.9115400e+00  -7.7360200e+00   1.0000000e+00
   1.5700000e+02  -3.8772600e+00  -8.6019100e+00   1.0000000e+00
   1.5800000e+02  -8.0275600e+00   3.5285000e+00  -1.0000000e+00
   1.5900000e+02  -1.3254300e+01  -2.8932200e+00   1.0000000e+00
   1.6000000e+02  -1.5497000e+00   1.6523000e+01  -1.0000000e+00
   1.6100000e+02   8.7156300e+00  -1.2490000e+01  -1.0000000e+00
   1.6200000e+02  -4.5433500e+00   1.1899500e+00  -1.0000000e+00
   1.6300000e+02  -1.1326900e+01   5.7462500e+00  -1.0000000e+00
   1.6400000e+02  -7.5347900e+00   9.7113500e+00  -1.0000000e+00
   1.6500000e+02   7.4672400e+00   1.6881800e+01  -1.0000000e+00
   1.6600000e+02   3.7513800e+00  -1.3431600e+01   1.0000000e+00
   1.6700000e+02   1.6467500e+01  -6.8368500e+00  -1.0000000e+00
   1.6800000e+02   9.7708200e+00  -2.5155600e-02  -1.0000000e+00
   1.6900000e+02   9.9111200e+00   2.0490600e+00  -1.0000000e+00
   1.7000000e+02  -5.2203500e+00  -1.5676700e+01   1.0000000e+00
   1.7100000e+02   4.5011400e+00  -9.8150200e+00  -1.0000000e+00
   1.7200000e+02   1.2341600e+01   9.1311200e+00  -1.0000000e+00
   1.7300000e+02   1.0750600e+01  -9.4639300e+00  -1.0000000e+00
   1.7400000e+02   1.2004700e+01   5.0263300e+00  -1.0000000e+00
   1.7500000e+02  -1.7428100e+01  -7.5541000e+00   1.0000000e+00
   1.7600000e+02   3.1217400e+00   6.7875000e+00  -1.0000000e+00
   1.7700000e+02  -1.1328100e+01  -1.4414900e+01   1.0000000e+00
   1.7800000e+02   3.1255000e+00  -1.7055200e+01   1.0000000e+00
   1.7900000e+02   1.4157400e+01  -1.1854700e+01  -1.0000000e+00
   1.8000000e+02  -4.4923100e+00  -1.7638000e+01   1.0000000e+00
   1.8100000e+02  -1.7200200e+00   1.4471800e+01  -1.0000000e+00
   1.8200000e+02  -3.7240200e+00   1.1543700e+01  -1.0000000e+00
   1.8300000e+02   2.7618600e+00   2.6587700e+00  -1.0000000e+00
   1.8400000e+02  -1.5625000e-01   1.1186400e+01  -1.0000000e+00
   1.8500000e+02  -1.6634500e+01   4.6027000e+00   1.0000000e+00
   1.8600000e+02  -1.6014200e+01  -5.9453300e+00   1.0000000e+00
   1.8700000e+02  -9.9249400e+00  -1.2872300e+01   1.0000000e+00
   1.8800000e+02  -5.7567300e+00  -2.6928800e+00   1.0000000e+00
   1.8900000e+02   1.2659000e+01  -8.6011000e+00  -1.0000000e+00
   1.9000000e+02   3.9438500e-01  -4.3926000e+00  -1.0000000e+00
   1.9100000e+02  -3.7866800e+00  -1.4092900e+01   1.0000000e+00
   1.9200000e+02  -1.2644300e+01  -1.0447100e+01   1.0000000e+00
   1.9300000e+02   2.4422300e+00  -9.5266200e+00   1.0000000e+00
   1.9400000e+02  -6.3974000e+00   2.8330500e-01  -1.0000000e+00
   1.9500000e+02   1.1805700e+01   2.9360500e+00  -1.0000000e+00
   1.9600000e+02   2.2554500e+00  -3.5304600e+00  -1.0000000e+00
   1.9700000e+02   1.5634800e+01   4.6960900e+00  -1.0000000e+00
   1.9800000e+02  -5.4754100e+00   1.2687300e+01  -1.0000000e+00
   1.9900000e+02  -1.4886000e+01   7.8284700e+00  -1.0000000e+00
   2.0000000e+02   1.0977400e+01  -7.4203000e+00  -1.0000000e+00
   2.0100000e+02  -3.2072800e-01  -1.8391300e+01   1.0000000e+00
   2.0200000e+02  -8.3867900e+00  -2.1938800e-01   1.0000000e+00
   2.0300000e+02   1.1633500e+01   8.7584200e-01  -1.0000000e+00
   2.0400000e+02   6.4669600e+00  -1.3292600e+01   1.0000000e+00
   2.0500000e+02   4.6742800e+00   3.5617700e+00  -1.0000000e+00
   2.0600000e+02  -3.0274200e+00  -2.0620700e+00  -1.0000000e+00
   2.0700000e+02  -7.2476600e+00  -1.5329300e+01   1.0000000e+00
   2.0800000e+02  -7.2072200e+00   1.3849000e+01  -1.0000000e+00
   2.0900000e+02   5.6259500e+00   1.5955600e+01  -1.0000000e+00
   2.1000000e+02   1.0224600e+01  -1.5789200e+01   1.0000000e+00
   2.1100000e+02   1.0403200e+01  -1.3734200e+01  -1.0000000e+00
   2.1200000e+02   1.7502600e+00   1.2095900e+01  -1.0000000e+00
   2.1300000e+02  -4.1080500e+00   7.4035200e+00  -1.0000000e+00
   2.1400000e+02   1.0090900e+01   4.1095200e+00  -1.0000000e+00
   2.1500000e+02   6.8641100e+00   8.5519600e+00  -1.0000000e+00
   2.1600000e+02   7.3350900e+00   1.4761200e+01  -1.0000000e+00
   2.1700000e+02   7.0425100e+00  -1.1305000e+01  -1.0000000e+00
   2.1800000e+02   1.2486500e+01   1.1241300e+01  -1.0000000e+00
   2.1900000e+02   5.0362000e+00  -1.1798800e+01   1.0000000e+00
   2.2000000e+02  -1.1175800e+01  -3.3408200e+00   1.0000000e+00
   2.2100000e+02   7.2838000e-01  -2.7670300e-01  -1.0000000e+00
   2.2200000e+02  -2.5254700e+00   4.1373400e+00  -1.0000000e+00
   2.2300000e+02  -1.4651100e+01   1.2194200e+01  -1.0000000e+00
   2.2400000e+02   5.6687300e+00  -5.9069400e+00  -1.0000000e+00
   2.2500000e+02  -1.2775500e+01   1.3094100e+01  -1.0000000e+00
   2.2600000e+02  -3.1662700e+00  -4.1162300e+00   1.0000000e+00
   2.2700000e+02   1.2278400e+01  -1.2724500e+01  -1.0000000e+00
   2.2800000e+02   3.7054000e+00  -6.8496600e+00  -1.0000000e+00
   2.2900000e+02   2.9798700e+00  -1.1528300e+01   1.0000000e+00
   2.3000000e+02  -5.1501800e+00   1.6856600e+01  -1.0000000e+00
   2.3100000e+02   4.3201700e+00  -5.7172400e-01  -1.0000000e+00
   2.3200000e+02  -1.5322100e+01  -7.9930100e+00   1.0000000e+00
   2.3300000e+02  -1.1285500e+01  -8.8718300e+00   1.0000000e+00
   2.3400000e+02  -2.2199900e+00   8.2598200e+00  -1.0000000e+00
   2.3500000e+02   1.0477200e+01   8.2388800e+00  -1.0000000e+00
   2.3600000e+02   2.0789400e+00  -5.5811300e+00  -1.0000000e+00
   2.3700000e+02   7.0261900e+00   1.0606200e+01  -1.0000000e+00
   2.3800000e+02   1.0610700e+01   1.0331300e+01  -1.0000000e+00
   2.3900000e+02  -8.5563400e+00  -5.7668400e+00   1.0000000e+00
   2.4000000e+02   1.3020300e+01  -4.4330900e+00  -1.0000000e+00
   2.4100000e+02   1.3397800e+01  -2.7894700e-01  -1.0000000e+00
   2.4200000e+02  -5.8402600e+00  -1.3686900e+01   1.0000000e+00
   2.4300000e+02  -1.6673500e+01  -3.9364000e+00   1.0000000e+00
   2.4400000e+02   3.9564800e+00  -4.7462500e+00  -1.0000000e+00
   2.4500000e+02  -9.3863000e+00   8.8017200e+00  -1.0000000e+00
   2.4600000e+02  -1.7297100e+01  -1.9376100e+00   1.0000000e+00
   2.4700000e+02   1.8645100e+01  -1.7870400e+00  -1.0000000e+00
   2.4800000e+02  -8.8850100e+00   1.5022800e+01  -1.0000000e+00
   2.4900000e+02  -6.4148200e-01   5.0174700e+00  -1.0000000e+00
   2.5000000e+02   4.8045000e+00   5.6123700e+00  -1.0000000e+00
   2.5100000e+02  -9.1646900e+00  -3.7807100e+00   1.0000000e+00
   2.5200000e+02  -6.6000200e+00  -1.7308300e+01   1.0000000e+00
   2.5300000e+02   1.1466700e+01  -1.1914900e+00  -1.0000000e+00
   2.5400000e+02  -1.5867400e+01  -4.1648400e-01   1.0000000e+00
   2.5500000e+02   1.2550900e+01  -1.4808700e+01  -1.0000000e+00
   2.5600000e+02   1.3695800e+01   3.8342800e+00  -1.0000000e+00
   2.5700000e+02  -3.6020600e+00   1.3596300e+01  -1.0000000e+00
   2.5800000e+02  -2.3820200e+00   6.1980900e+00  -1.0000000e+00
   2.5900000e+02  -7.1492700e+00  -4.2008000e+00   1.0000000e+00
   2.6000000e+02  -1.3141800e+00  -3.2348600e+00  -1.0000000e+00
   2.6100000e+02   9.5677400e+00  -2.0938400e+00  -1.0000000e+00
   2.6200000e+02   7.7070800e+00  -2.9725000e+00  -1.0000000e+00
   2.6300000e+02  -1.1148900e+01   9.8944200e+00  -1.0000000e+00
   2.6400000e+02   8.5507400e+00   7.3644200e+00  -1.0000000e+00
   2.6500000e+02  -5.8969200e+00  -8.1403400e+00   1.0000000e+00
   2.6600000e+02  -6.5539600e+00  -1.1747800e+01   1.0000000e+00
   2.6700000e+02  -1.1966200e+01  -6.8161300e+00   1.0000000e+00
   2.6800000e+02   1.4556300e+01  -7.6854700e+00  -1.0000000e+00
   2.6900000e+02   4.9744100e+00   7.6659100e+00  -1.0000000e+00
   2.7000000e+02   9.0240500e+00  -8.2737400e+00  -1.0000000e+00
   2.7100000e+02   3.9085300e+00   1.7122500e+01  -1.0000000e+00
   2.7200000e+02   4.4721600e+00   1.4909400e+00  -1.0000000e+00
   2.7300000e+02   5.7546400e+00   1.8078800e+01  -1.0000000e+00
   2.7400000e+02  -1.0617900e+01  -1.0840000e+01   1.0000000e+00
   2.7500000e+02  -5.1986000e+00  -1.0179900e+01   1.0000000e+00
   2.7600000e+02   1.3913200e+01   5.8880700e+00  -1.0000000e+00
   2.7700000e+02   5.1427000e+00   9.7436400e+00  -1.0000000e+00
   2.7800000e+02  -1.0023700e+01   4.1493400e+00  -1.0000000e+00
   2.7900000e+02   6.6698900e+00   6.5094600e+00  -1.0000000e+00
   2.8000000e+02  -9.0497000e+00   1.2957300e+01  -1.0000000e+00
   2.8100000e+02  -3.4558000e+00   1.5663800e+01  -1.0000000e+00
   2.8200000e+02   6.3324000e+00   2.3528300e+00  -1.0000000e+00
   2.8300000e+02  -4.4946100e+00  -6.6098600e+00   1.0000000e+00
   2.8400000e+02   5.7343500e-01  -2.3395200e+00  -1.0000000e+00
   2.8500000e+02   7.0894500e+00  -9.2268100e+00  -1.0000000e+00
   2.8600000e+02  -1.0888600e+01   1.4074700e+01  -1.0000000e+00
   2.8700000e+02   1.0738900e+01   1.2396700e+01  -1.0000000e+00
   2.8800000e+02  -3.1259800e+00  -1.6062800e+01   1.0000000e+00
   2.8900000e+02   1.2442600e+01  -1.0650800e+01  -1.0000000e+00
   2.9000000e+02   1.3500500e+01   1.7808100e+00  -1.0000000e+00
   2.9100000e+02  -2.8442900e+00   1.2789500e-03  -1.0000000e+00
   2.9200000e+02   1.7225600e+01   1.5336500e+00  -1.0000000e+00
   2.9300000e+02  -1.4652000e+01  -9.9877300e+00   1.0000000e+00
   2.9400000e+02  -1.5270000e+01  -2.4229100e+00   1.0000000e+00
   2.9500000e+02   6.5341500e+00   4.4315700e+00  -1.0000000e+00
   2.9600000e+02  -1.0863900e+00  -1.0931500e+01   1.0000000e+00
   2.9700000e+02  -5.6688000e+00   1.0599500e+01  -1.0000000e+00
   2.9800000e+02   9.4251300e+00  -4.1742100e+00  -1.0000000e+00
   2.9900000e+02  -1.4847600e+01   9.9591300e+00  -1.0000000e+00
