   0.0000000e+00   1.2689300e+01  -1.5199500e+01  -1.0000000e+00
   1.0000000e+00  -1.4340200e-01   1.7863500e+01   1.0000000e+00
   2.0000000e+00   1.4409600e+01   6.4093100e+00   1.0000000e+00
   3.0000000e+00   3.7934000e+00   6.5064200e-01  -1.0000000e+00
   4.0000000e+00  -9.8987600e-01   1.5965400e+01   1.0000000e+00
   5.0000000e+00  -7.7927700e+00  -9.8113100e+00  -1.0000000e+00
   6.0000000e+00   9.3445300e+00   4.2234400e+00  -1.0000000e+00
   7.0000000e+00   1.7773600e+01   4.3253200e+00  -1.0000000e+00
   8.0000000e+00   1.2213100e+01  -1.1042300e+01  -1.0000000e+00
   9.0000000e+00   1.8548100e+01  -2.0189500e+00  -1.0000000e+00
   1.0000000e+01  -1.4829100e+01  -1.7680400e+00   1.0000000e+00
   1.1000000e+01   8.9932400e+00  -1.5725800e+01  -1.0000000e+00
   1.2000000e+01  -1.6003900e+01   8.9273200e+00   1.0000000e+00
   1.3000000e+01   1.4986400e+01  -2.3987900e+00  -1.0000000e+00
   1.4000000e+01   1.0577900e+00   1.6197300e+01   1.0000000e+00
   1.5000000e+01   1.6200100e+01   2.8740700e+00  -1.0000000e+00
   1.6000000e+01   8.2098600e+00   5.9508800e+00   1.0000000e+00
   1.7000000e+01  -1.6560400e+01  -5.4993900e+00  -1.0000000e+00
   1.8000000e+01  -5.3129200e+00   6.5106900e+00   1.0000000e+00
   1.9000000e+01  -9.7513200e+00   9.6700500e+00   1.0000000e+00
   2.0000000e+01  -1.4866400e+01  -1.3329000e+01  -1.0000000e+00
   2.1000000e+01  -7.2222600e+00   1.5678600e+01   1.0000000e+00
   2.2000000e+01   3.3836900e+00   2.9610500e+00   1.0000000e+00
   2.3000000e+01   3.4896300e+00  -1.5060000e+01  -1.0000000e+00
   2.4000000e+01   5.6555000e+00  -2.3087700e-01  -1.0000000e+00
   2.5000000e+01  -2.3269800e+00  -1.0315100e+01  -1.0000000e+00
   2.6000000e+01   1.8831000e+01  -4.0820400e+00  -1.0000000e+00
   2.7000000e+01   7.0253900e+00   7.6394800e+00   1.0000000e+00
   2.8000000e+01  -1.2190300e+00   6.8895000e+00   1.0000000e+00
   2.9000000e+01   1.1739600e+01   1.3438400e+01   1.0000000e+00
   3.0000000e+01  -1.2820200e+01  -1.3435500e+01  -1.0000000e+00
   3.1000000e+01  -3.8047700e+00  -1.3682200e+01  -1.0000000e+00
   3.2000000e+01  -4.9327200e+00  -3.1864900e+00  -1.0000000e+00
   3.3000000e+01   5.2821000e+00   3.8968000e+00   1.0000000e+00
   3.4000000e+01   1.8078000e-05  -1.5430900e+01  -1.0000000e+00
   3.5000000e+01   3.3107700e+00  -1.2966900e+01  -1.0000000e+00
   3.6000000e+01  -4.7842000e+00   1.1990900e+01   1.0000000e+00
   3.7000000e+01  -1.0758000e+00  -4.9482400e+00  -1.0000000e+00
   3.8000000e+01  -1.5229400e+01   1.7965300e+00   1.0000000e+00
   3.9000000e+01   1.0529800e+01   1.5121300e+01   1.0000000e+00
   4.0000000e+01   1.3076100e+01  -1.5545100e+00  -1.0000000e+00
   4.1000000e+01   2.3053900e+00  -2.6261400e+00  -1.0000000e+00
   4.2000000e+01  -9.4706700e+00  -1.1043100e+01  -1.0000000e+00
   4.3000000e+01  -1.1454300e+01   5.8211400e+00   1.0000000e+00
   4.4000000e+01   5.2491200e+00   1.6546000e+01   1.0000000e+00
   4.5000000e+01  -4.2062800e+00  -9.4878200e+00  -1.0000000e+00
   4.6000000e+01   9.2932500e+00   1.2006000e-01  -1.0000000e+00
   4.7000000e+01   1.0865400e+01   1.1564900e+01   1.0000000e+00
   4.8000000e+01  -1.1158000e+01  -1.2212900e+01  -1.0000000e+00
   4.9000000e+01  -3.9370600e+00   1.3880200e+01   1.0000000e+00
   5.0000000e+01   5.3001600e-01   1.0687500e+01   1.0000000e+00
   5.1000000e+01  -5.1577100e+00   1.5565100e+01   1.0000000e+00
   5.2000000e+01   5.8547500e+00   9.3209500e+00   1.0000000e+00
   5.3000000e+01   2.5582500e+00  -4.6847900e+00  -1.0000000e+00
   5.4000000e+01   4.2231100e+00  -3.4912600e+00  -1.0000000e+00
   5.5000000e+01   8.3862000e+00  -9.3528200e+00  -1.0000000e+00
   5.6000000e+01   2.2799300e+00   1.4490000e+01   1.0000000e+00
   5.7000000e+01  -1.3103000e+01  -1.1385500e+01  -1.0000000e+00
   5.8000000e+01   3.7683200e+00   9.1525000e+00   1.0000000e+00
   5.9000000e+01  -4.4478600e+00   8.4186200e+00   1.0000000e+00
   6.0000000e+01   1.4751200e+01  -3.3758700e-01  -1.0000000e+00
   6.1000000e+01   1.2973800e+00   3.4840600e+00   1.0000000e+00
   6.2000000e+01   1.0519800e+01  -1.2230600e+01  -1.0000000e+00
   6.3000000e+01  -7.3353400e-01   3.1323300e+00   1.0000000e+00
   6.4000000e+01   1.5628000e+01  -8.6116200e+00  -1.0000000e+00
   6.5000000e+01   1.4202800e+00   1.2580600e+01   1.0000000e+00
   6.6000000e+01   8.0283500e+00  -5.2153500e+00  -1.0000000e+00
   6.7000000e+01  -1.2202000e+01   1.3017800e+01   1.0000000e+00
   6.8000000e+01  -2.1920100e+00   1.7662700e+01   1.0000000e+00
   6.9000000e+01   9.9520400e+00   9.6958900e+00   1.0000000e+00
   7.0000000e+01   4.4283300e+00  -5.5643100e+00  -1.0000000e+00
   7.1000000e+01   8.8455800e+00  -1.3503300e+01  -1.0000000e+00
   7.2000000e+01   8.6504600e+00  -1.1389900e+01  -1.0000000e+00
   7.3000000e+01   2.8784700e+00   7.2860000e+00   1.0000000e+00
   7.4000000e+01   1.2619400e+01   2.5772000e+00  -1.0000000e+00
   7.5000000e+01   1.0280600e+01   6.0646100e+00   1.0000000e+00
   7.6000000e+01   2.5888300e+00   1.0848100e+01   1.0000000e+00
   7.7000000e+01  -7.3696100e+00   6.2684500e+00   1.0000000e+00
   7.8000000e+01  -1.6963700e+01  -1.9573200e+00   1.0000000e+00
   7.9000000e+01  -1.6850100e+00  -1.6621800e+01  -1.0000000e+00
   8.0000000e+01   9.5101500e+00  -1.9232400e+00  -1.0000000e+00
   8.1000000e+01   1.4363100e+01  -1.3939300e+01  -1.0000000e+00
   8.2000000e+01  -1.7769100e+01  -3.8492800e+00   1.0000000e+00
   8.3000000e+01  -1.5677800e+01  -3.6389800e+00   1.0000000e+00
   8.4000000e+01  -7.3716500e+00  -1.4001000e+01  -1.0000000e+00
   8.5000000e+01   1.3735500e+01  -7.7391800e+00  -1.0000000e+00
   8.6000000e+01   1.2036900e+01  -8.9779900e+00  -1.0000000e+00
   8.7000000e+01   1.5191400e+01  -4.4504700e+00  -1.0000000e+00
   8.8000000e+01   1.3830900e+01   1.3544000e+01   1.0000000e+00
   8.9000000e+01  -3.2565500e+00   6.6753600e+00   1.0000000e+00
   9.0000000e+01  -7.0140900e+00  -2.4788800e+00  -1.0000000e+00
   9.1000000e+01   1.6347800e+00  -1.4159600e+01  -1.0000000e+00
   9.2000000e+01  -1.4440900e+01  -5.2875000e+00  -1.0000000e+00
   9.3000000e+01   2.0033500e-01   4.0660500e-01  -1.0000000e+00
   9.4000000e+01  -1.2719000e+01  -1.5348100e+00   1.0000000e+00
   9.5000000e+01   5.2111900e+00  -1.3826900e+01  -1.0000000e+00
   9.6000000e+01  -1.7037900e+00   1.2767500e+00   1.0000000e+00
   9.7000000e+01   7.9102300e+00   9.5189000e+00   1.0000000e+00
   9.8000000e+01   2.0693700e-01  -1.7588600e+01  -1.0000000e+00
   9.9000000e+01   1.0061600e-02   5.1072800e+00   1.0000000e+00
   1.0000000e+02   1.3524400e+01  -5.6737000e+00  -1.0000000e+00
   1.0100000e+02  -7.5722600e+00  -1.1915200e+01  -1.0000000e+00
   1.0200000e+02  -6.2786100e+00  -6.5269600e+00  -1.0000000e+00
   1.0300000e+02   8.3594500e-01   7.1055400e+00   1.0000000e+00
   1.0400000e+02  -6.5291900e+00  -4.4713100e+00  -1.0000000e+00
   1.0500000e+02   1.0118000e+01  -8.1235300e+00  -1.0000000e+00
   1.0600000e+02  -1.5094300e+00   1.0531800e+01   1.0000000e+00
   1.0700000e+02  -8.9747100e+00   2.4608800e+00   1.0000000e+00
   1.0800000e+02  -1.3150900e+01   1.9918200e+00   1.0000000e+00
   1.0900000e+02   1.1409400e+01  -2.7851300e+00  -1.0000000e+00
   1.1000000e+02   1.5004700e+01   1.1833000e+01   1.0000000e+00
   1.1100000e+02   9.7254800e+00  -4.0094100e+00  -1.0000000e+00
   1.1200000e+02  -1.6105700e+01  -7.1445300e-02   1.0000000e+00
   1.1300000e+02   6.1019300e+00  -4.3343400e+00  -1.0000000e+00
   1.1400000e+02  -8.9348500e+00   1.1569500e+01   1.0000000e+00
   1.1500000e+02   1.7150500e+00   8.9828200e+00   1.0000000e+00
   1.1600000e+02   1.1452200e+01   4.2632000e+00  -1.0000000e+00
   1.1700000e+02  -5.4612500e+00  -1.1274600e+00  -1.0000000e+00
   1.1800000e+02  -9.8758200e+00  -6.8934900e+00  -1.0000000e+00
   1.1900000e+02  -6.4987800e+00   8.1805400e+00   1.0000000e+00
   1.2000000e+02   5.8880900e+00  -2.2699100e+00  -1.0000000e+00
   1.2100000e+02   1.6666700e+01  -1.2087300e+00  -1.0000000e+00
   1.2200000e+02  -6.8479100e+00   1.1788100e+01   1.0000000e+00
   1.2300000e+02  -9.1760800e+00  -3.1000800e+00  -1.0000000e+00
   1.2400000e+02  -4.8219200e+00   2.8039400e+00   1.0000000e+00
   1.2500000e+02   1.3928600e+01  -9.8499500e+00  -1.0000000e+00
   1.2600000e+02   7.5963900e+00   1.3121000e+01   1.0000000e+00
   1.2700000e+02   1.2130000e+00  -1.0007600e+01  -1.0000000e+00
   1.2800000e+02  -1.7694500e+01   5.2275900e+00   1.0000000e+00
   1.2900000e+02   4.6340200e+00   1.1031300e+01   1.0000000e+00
   1.3000000e+02  -2.7801800e+00   3.0366500e+00   1.0000000e+00
   1.3100000e+02   8.2321700e+00  -7.2925500e+00  -1.0000000e+00
   1.3200000e+02   1.6484900e+01   8.3757400e-01  -1.0000000e+00
   1.3300000e+02  -8.6022500e+00  -1.1376400e+00   1.0000000e+00
   1.3400000e+02  -4.0845100e+00   4.7755200e+00   1.0000000e+00
   1.3500000e+02  -1.3244000e+01  -9.2993000e+00  -1.0000000e+00
   1.3600000e+02  -5.3004500e+00  -1.6984200e+01  -1.0000000e+00
   1.3700000e+02   1.2344500e+01   6.2273800e+00   1.0000000e+00
   1.3800000e+02  -2.7222700e+00   1.2193800e+01   1.0000000e+00
   1.3900000e+02   1.6246900e+01   1.0176600e+01   1.0000000e+00
   1.4000000e+02   7.3149900e+00   3.4963200e+00  -1.0000000e+00
   1.4100000e+02   1.2050100e+01   9.8210500e+00   1.0000000e+00
   1.4200000e+02  -1.4247300e+01   1.2828900e+01   1.0000000e+00
   1.4300000e+02  -1.3279400e+01  -6.9981600e+00  -1.0000000e+00
   1.4400000e+02  -2.3237800e-01  -1.3283100e+01  -1.0000000e+00
   1.4500000e+02   2.0906900e+00  -5.6308600e-01  -1.0000000e+00
   1.4600000e+02  -1.3035400e+01   1.1116500e+01   1.0000000e+00
   1.4700000e+02   8.9919400e+00   2.1919400e+00  -1.0000000e+00
   1.4800000e+02  -1.8463200e+01  -6.3060500e+00  -1.0000000e+00
   1.4900000e+02   9.4091900e+00   1.6905000e+01   1.0000000e+00
   1.5000000e+02   9.1027100e+00   7.8200400e+00   1.0000000e+00
   1.5100000e+02   1.1596000e+01  -4.8421900e+00  -1.0000000e+00
   1.5200000e+02  -2.7614400e+00  -6.1806400e+00  -1.0000000e+00
   1.5300000e+02  -7.1996500e+00  -1.6151500e+01  -1.0000000e+00
   1.5400000e+02  -4.6327100e+00  -5.2924800e+00  -1.0000000e+00
   1.5500000e+02   7.5728200e+00  -1.0949900e+00  -1.0000000e+00
   1.5600000e+02   1.8698300e+00  -1.6336500e+01  -1.0000000e+00
   1.5700000e+02   6.5192000e+00  -8.4376900e+00  -1.0000000e+00
   1.5800000e+02   5.7458500e-01  -3.7421500e+00  -1.0000000e+00
   1.5900000e+02   1.1810700e+01  -6.9277600e+00  -1.0000000e+00
   1.6000000e+02  -9.2420900e+00  -1.3136900e+01  -1.0000000e+00
   1.6100000e+02  -1.3533200e+01   5.6266100e+00   1.0000000e+00
   1.6200000e+02   2.1851800e-01   1.4304700e+01   1.0000000e+00
   1.6300000e+02  -7.9690700e+00  -7.7421500e+00  -1.0000000e+00
   1.6400000e+02   2.0364100e+00   5.4171300e+00   1.0000000e+00
   1.6500000e+02   3.4814700e+00   1.2734600e+01   1.0000000e+00
   1.6600000e+02   7.8223700e+00  -3.1287800e+00  -1.0000000e+00
   1.6700000e+02   1.8250100e+01   2.2187700e+00  -1.0000000e+00
   1.6800000e+02   7.3539300e+00   9.5008600e-01  -1.0000000e+00
   1.6900000e+02   1.6955500e+01   6.8312800e+00  -1.0000000e+00
   1.7000000e+02   6.7266800e+00   1.1221800e+01   1.0000000e+00
   1.7100000e+02   8.7768400e+00   1.1401800e+01   1.0000000e+00
   1.7200000e+02   1.7161200e+01  -5.3589800e+00  -1.0000000e+00
   1.7300000e+02  -1.1347300e+01  -1.0169500e+01  -1.0000000e+00
   1.7400000e+02   1.5758700e+01   4.8765700e+00  -1.0000000e+00
   1.7500000e+02   8.4688200e+00   1.5033300e+01   1.0000000e+00
   1.7600000e+02  -6.9146400e+00   2.7485400e+00   1.0000000e+00
   1.7700000e+02   1.5474400e+01  -6.5245700e+00  -1.0000000e+00
   1.7800000e+02  -1.5621500e+01   5.3647000e+00   1.0000000e+00
   1.7900000e+02  -2.4049900e+00   8.6070800e+00   1.0000000e+00
   1.8000000e+02  -6.2730000e-01   1.2410400e+01   1.0000000e+00
   1.8100000e+02   9.6766300e+00   1.3244300e+01   1.0000000e+00
   1.8200000e+02  -8.0693000e+00   1.3487800e+01   1.0000000e+00
   1.8300000e+02   7.0919900e+00  -1.4752700e+01  -1.0000000e+00
   1.8400000e+02   1.0908500e+01   1.4291900e+00  -1.0000000e+00
   1.8500000e+02   4.7908700e+00  -9.6642400e+00  -1.0000000e+00
   1.8600000e+02  -1.1835300e+01   9.4240000e+00   1.0000000e+00
   1.8700000e+02  -3.6566700e+00   3.9317400e-01   1.0000000e+00
   1.8800000e+02  -3.4145800e-01   8.8249500e+00   1.0000000e+00
   1.8900000e+02  -1.2535300e+01  -1.5586100e+01  -1.0000000e+00
   1.9000000e+02   1.8445500e+01   1.3949700e-01  -1.0000000e+00
   1.9100000e+02   3.9922200e+00  -1.4384600e+00  -1.0000000e+00
   1.9200000e+02  -8.5628600e+00   7.9552400e+00   1.0000000e+00
   1.9300000e+02  -1.0955000e+01  -1.4275100e+01  -1.0000000e+00
   1.9400000e+02  -2.9638700e+00  -4.0993200e+00  -1.0000000e+00
   1.9500000e+02  -1.2709500e+01   7.5036900e+00   1.0000000e+00
   1.9600000e+02  -5.5094700e+00  -1.4900600e+01  -1.0000000e+00
   1.9700000e+02  -1.8219300e+01  -3.0892900e-01   1.0000000e+00
   1.9800000e+02  -1.8923800e+00  -1.4537000e+01  -1.0000000e+00
   1.9900000e+02   5.3804300e+00  -1.5892200e+01  -1.0000000e+00
   2.0000000e+02  -7.7380800e+00   7.8868900e-01   1.0000000e+00
   2.0100000e+02  -9.6543000e+00  -8.9529500e+00  -1.0000000e+00
   2.0200000e+02  -1.0251500e+01   4.1475800e+00   1.0000000e+00
   2.0300000e+02  -1.3963600e+01   1.0913900e-01   1.0000000e+00
   2.0400000e+02  -1.5185400e+01  -1.1294300e+01  -1.0000000e+00
   2.0500000e+02   9.9014800e+00  -6.0638300e+00  -1.0000000e+00
   2.0600000e+02  -1.1885800e+01   3.5850000e-01   1.0000000e+00
   2.0700000e+02   1.9181900e+00   1.5192600e+00  -1.0000000e+00
   2.0800000e+02   3.7189000e-01  -1.6869000e+00  -1.0000000e+00
   2.0900000e+02   1.4121600e+01  -1.1900000e+01  -1.0000000e+00
   2.1000000e+02   3.7663200e+00  -1.7186000e+01  -1.0000000e+00
   2.1100000e+02  -1.0655000e+01   7.7447900e+00   1.0000000e+00
   2.1200000e+02   1.2614200e+01   1.5289500e+01   1.0000000e+00
   2.1300000e+02   6.3306600e+00  -6.3786700e+00  -1.0000000e+00
   2.1400000e+02   6.9482400e+00  -1.2609600e+01  -1.0000000e+00
   2.1500000e+02   4.3497200e+00   1.4683700e+01   1.0000000e+00
   2.1600000e+02  -1.2322300e+01   3.9296100e+00   1.0000000e+00
   2.1700000e+02   6.1597400e+00   5.7504900e+00   1.0000000e+00
   2.1800000e+02  -1.1547900e+01  -8.1214100e+00  -1.0000000e+00
   2.1900000e+02  -1.4372100e+01   3.7156500e+00   1.0000000e+00
   2.2000000e+02  -2.0394900e+00   4.9721500e+00   1.0000000e+00
   2.2100000e+02   1.1186300e+01  -7.3335700e-01  -1.0000000e+00
   2.2200000e+02   1.4511400e+01   1.7108600e+00  -1.0000000e+00
   2.2300000e+02   2.7297800e+00  -6.7286900e+00  -1.0000000e+00
   2.2400000e+02  -5.6660700e+00   9.1839800e-01   1.0000000e+00
   2.2500000e+02   6.6639700e+00  -1.0538800e+01  -1.0000000e+00
   2.2600000e+02  -1.8671300e+01   3.3200100e+00   1.0000000e+00
   2.2700000e+02  -1.2392700e+01  -5.1441400e+00  -1.0000000e+00
   2.2800000e+02  -1.6521100e+01   3.4989300e+00   1.0000000e+00
   2.2900000e+02  -2.5319000e+00  -8.2537200e+00  -1.0000000e+00
   2.3000000e+02  -9.4217200e+00   6.0517200e+00   1.0000000e+00
   2.3100000e+02  -3.5700200e+00  -1.5742600e+01  -1.0000000e+00
   2.3200000e+02   1.4188500e+01   9.9388500e+00   1.0000000e+00
   2.3300000e+02  -5.8621600e+00  -1.0701700e+01  -1.0000000e+00
   2.3400000e+02   1.3761800e+01   4.3340600e+00  -1.0000000e+00
   2.3500000e+02  -8.2889400e+00  -5.5679500e+00  -1.0000000e+00
   2.3600000e+02   1.6884800e+01  -3.2516300e+00  -1.0000000e+00
   2.3700000e+02   1.5822600e+01  -1.0672000e+01  -1.0000000e+00
   2.3800000e+02   7.3331500e+00   1.6750300e+01   1.0000000e+00
   2.3900000e+02  -1.3573100e+01  -3.4072700e+00  -1.0000000e+00
   2.4000000e+02  -1.0234900e+01  -4.8577600e+00  -1.0000000e+00
   2.4100000e+02   2.8811700e+00  -8.8095000e+00  -1.0000000e+00
   2.4200000e+02  -1.7179800e+01  -8.1672100e+00  -1.0000000e+00
   2.4300000e+02  -8.7081400e-01  -7.0082200e+00  -1.0000000e+00
   2.4400000e+02   4.0880700e+00   5.5785300e+00   1.0000000e+00
   2.4500000e+02   1.0759300e+01  -1.4363300e+01  -1.0000000e+00
   2.4600000e+02   3.1386200e+00  -1.0903100e+01  -1.0000000e+00
   2.4700000e+02  -1.1074000e+01   2.2463600e+00   1.0000000e+00
   2.4800000e+02   1.1166700e+01   7.9356700e+00   1.0000000e+00
   2.4900000e+02   1.3220400e+01   8.1031900e+00   1.0000000e+00
   2.5000000e+02  -3.4086900e+00  -1.7891800e+01  -1.0000000e+00
   2.5100000e+02  -8.1771400e+00   4.3663000e+00   1.0000000e+00
   2.5200000e+02  -4.4129800e+00  -7.4314600e+00  -1.0000000e+00
   2.5300000e+02  -3.5818000e+00   1.0319100e+01   1.0000000e+00
   2.5400000e+02   4.5814900e+00  -7.6159500e+00  -1.0000000e+00
   2.5500000e+02  -1.0668500e+01  -1.3103200e+00   1.0000000e+00
   2.5600000e+02   4.9602900e+00   7.4389800e+00   1.0000000e+00
   2.5700000e+02  -5.6464000e+00   1.0097600e+01   1.0000000e+00
   2.5800000e+02   8.1452000e-01  -5.8300400e+00  -1.0000000e+00
   2.5900000e+02   1.0283300e+00  -7.8846100e+00  -1.0000000e+00
   2.6000000e+02   1.5383100e+01   8.2533000e+00   1.0000000e+00
   2.6100000e+02  -2.1308100e+00  -1.2455200e+01  -1.0000000e+00
   2.6200000e+02  -6.5500800e-01  -9.1142100e+00  -1.0000000e+00
   2.6300000e+02  -5.6461700e+00  -1.2760000e+01  -1.0000000e+00
   2.6400000e+02  -1.8657400e+00   1.4070400e+01   1.0000000e+00
   2.6500000e+02   7.2346200e+00  -1.6876000e+01  -1.0000000e+00
   2.6600000e+02  -3.0945000e+00   1.5772400e+01   1.0000000e+00
   2.6700000e+02   1.3301200e+01  -3.6142200e+00  -1.0000000e+00
   2.6800000e+02   6.4126500e+00   1.4815600e+01   1.0000000e+00
   2.6900000e+02  -3.3556100e+00  -1.7979800e+00  -1.0000000e+00
   2.7000000e+02  -1.7356300e+01   1.6065100e+00   1.0000000e+00
   2.7100000e+02  -9.8161400e+00   5.7937900e-01   1.0000000e+00
   2.7200000e+02   3.1158400e+00   1.6401500e+01   1.0000000e+00
   2.7300000e+02  -1.0141100e+01   1.3279100e+01   1.0000000e+00
   2.7400000e+02  -1.4908000e+00  -7.7477000e-01  -1.0000000e+00
   2.7500000e+02  -6.0898800e+00  -8.6136800e+00  -1.0000000e+00
   2.7600000e+02  -1.3324700e+00  -2.8371000e+00  -1.0000000e+00
   2.7700000e+02  -1.5350200e+01  -7.1880400e+00  -1.0000000e+00
   2.7800000e+02  -4.4723500e+00   1.7521800e+01   1.0000000e+00
   2.7900000e+02   1.2826800e+01   5.1416700e-01  -1.0000000e+00
   2.8000000e+02  -1.0975700e+01   1.1322800e+01   1.0000000e+00
   2.8100000e+02  -3.9780000e+00  -1.1535400e+01  -1.0000000e+00
   2.8200000e+02   1.2924100e+01   1.1674400e+01   1.0000000e+00
   2.8300000e+02  -1.4772000e+01   7.2684500e+00   1.0000000e+00
   2.8400000e+02  -1.1376300e+01   1.4967500e+01   1.0000000e+00
   2.8500000e+02  -1.1511000e+01  -3.1988500e+00  -1.0000000e+00
   2.8600000e+02   1.2384200e+01  -1.3115300e+01  -1.0000000e+00
   2.8700000e+02  -7.7046300e+00   9.8731600e+00   1.0000000e+00
   2.8800000e+02   1.0309300e+01  -1.0176300e+01  -1.0000000e+00
   2.8900000e+02  -4.7367200e-01  -1.1199400e+01  -1.0000000e+00
   2.9000000e+02  -9.0571400e+00  -1.5213600e+01  -1.0000000e+00
   2.9100000e+02  -9.2839700e+00   1.5146300e+01   1.0000000e+00
   2.9200000e+02  -1.5165200e+01   1.0845400e+01   1.0000000e+00
   2.9300000e+02  -1.3918500e+01   9.2163200e+00   1.0000000e+00
   2.9400000e+02   5.5009400e+00   1.8486400e+00  -1.0000000e+00
   2.9500000e+02  -6.0231200e+00   1.3662300e+01   1.0000000e+00
   2.9600000e+02   5.5348500e+00   1.2936800e+01   1.0000000e+00
   2.9700000e+02   1.4348200e+00  -1.2048200e+01  -1.0000000e+00
   2.9800000e+02   5.0068600e+00  -1.1778500e+01  -1.0000000e+00
   2.9900000e+02  -1.5312100e+01  -9.2391000e+00  -1.0000000e+00
