   0.0000000e+00   5.2854200e+00  -5.7855200e+00  -1.0000000e+00
   1.0000000e+00  -5.8456400e+00   9.4971100e+00  -1.0000000e+00
   2.0000000e+00   7.7224500e+00   1.0197800e+01  -1.0000000e+00
   3.0000000e+00  -2.4805800e+00  -1.1219300e+01   1.0000000e+00
   4.0000000e+00   1.2226500e+01   1.3420000e+01  -1.0000000e+00
   5.0000000e+00   2.6974800e+00  -7.6891700e+00   1.0000000e+00
   6.0000000e+00   1.2037300e+01  -8.2438400e+00  -1.0000000e+00
   7.0000000e+00  -1.4656100e+01  -8.3894700e+00   1.0000000e+00
   8.0000000e+00  -1.0285200e+01  -1.2847900e+01   1.0000000e+00
   9.0000000e+00  -4.7452800e-01  -1.4137500e+01   1.0000000e+00
   1.0000000e+01   2.3902200e+00   8.8292700e+00  -1.0000000e+00
   1.1000000e+01  -1.4114800e+01   8.9794800e+00  -1.0000000e+00
   1.2000000e+01   6.8631800e+00  -5.2800400e-01  -1.0000000e+00
   1.3000000e+01  -1.7097600e+01   6.1801300e+00   1.0000000e+00
   1.4000000e+01  -4.1173400e+00  -1.4535000e+01   1.0000000e+00
   1.5000000e+01  -5.0914300e+00  -1.8480300e+01   1.0000000e+00
   1.6000000e+01   1.5592400e+00  -1.7143700e+01   1.0000000e+00
   1.7000000e+01   3.9090800e+00   1.5399400e+00  -1.0000000e+00
   1.8000000e+01   4.1870600e+00   5.1076500e+00  -1.0000000e+00
   1.9000000e+01  -4.8367800e+00  -1.4098100e+00  -1.0000000e+00
   2.0000000e+01   1.2473700e+01   4.3871500e+00  -1.0000000e+00
   2.1000000e+01  -9.9602900e+00   9.7690700e+00  -1.0000000e+00
   2.2000000e+01   1.3934700e+01  -1.3266000e+01  -1.0000000e+00
   2.3000000e+01  -1.4563400e+00   1.4739300e-01  -1.0000000e+00
   2.4000000e+01  -9.3889900e+00   4.2017100e+00  -1.0000000e+00
   2.5000000e+01   1.1939400e+01  -1.0288000e+01  -1.0000000e+00
   2.6000000e+01  -1.7107100e+00  -3.4172000e+00  -1.0000000e+00
   2.7000000e+01  -1.1367100e+01   3.6361800e+00  -1.0000000e+00
   2.8000000e+01   1.0975100e+01  -8.7876800e-01  -1.0000000e+00
   2.9000000e+01  -5.4055700e+00  -4.6165400e+00   1.0000000e+00
   3.0000000e+01  -1.1824900e+01   1.3439600e+01  -1.0000000e+00
   3.1000000e+01   2.2541800e+00   1.7929600e+01  -1.0000000e+00
   3.2000000e+01  -2.0060800e+00   5.6020100e+00  -1.0000000e+00
   3.3000000e+01   1.2055200e+01  -1.2339300e+01  -1.0000000e+00
   3.4000000e+01   1.1921900e+01  -2.7344100e+00  -1.0000000e+00
   3.5000000e+01  -7.6348700e+00   1.3213000e+01  -1.0000000e+00
   3.6000000e+01   1.5045300e+00   1.0704300e+01  -1.0000000e+00
   3.7000000e+01   5.0732300e+00   1.5821000e+01  -1.0000000e+00
   3.8000000e+01  -1.5365800e+01  -1.0451600e+01   1.0000000e+00
   3.9000000e+01   1.6086400e+01  -8.7363000e+00  -1.0000000e+00
   4.0000000e+01  -1.6939600e+01   4.0715300e+00   1.0000000e+00
   4.1000000e+01  -2.7525600e+00  -9.1150600e+00   1.0000000e+00
   4.2000000e+01  -3.5206600e+00   2.9248900e-01  -1.0000000e+00
   4.3000000e+01   5.3927100e+00   6.7900800e+00  -1.0000000e+00
   4.4000000e+01  -1.1150300e+01  -9.3600400e+00   1.0000000e+00
   4.5000000e+01   2.7166300e+00   1.2436200e+01  -1.0000000e+00
   4.6000000e+01   9.7701600e-01   1.6185600e+01  -1.0000000e+00
   4.7000000e+01   7.7521100e+00  -2.4177900e+00  -1.0000000e+00
   4.8000000e+01  -1.5891300e+01   5.7704500e-01   1.0000000e+00
   4.9000000e+01  -1.2111200e+01   9.5212500e+00  -1.0000000e+00
   5.0000000e+01  -1.3793900e+01  -1.1820000e+01   1.0000000e+00
   5.1000000e+01   1.0204700e+01  -1.1411000e+01  -1.0000000e+00
   5.2000000e+01  -4.6840400e+00   1.1236600e+01  -1.0000000e+00
   5.3000000e+01  -1.9431000e+00   1.8253600e+01  -1.0000000e+00
   5.4000000e+01   9.8117700e+00  -2.5699100e+00  -1.0000000e+00
   5.5000000e+01   5.9679500e+00   1.3971100e+01  -1.0000000e+00
   5.6000000e+01  -1.3842500e+00  -1.7961500e+01   1.0000000e+00
   5.7000000e+01   1.2246100e+00   7.1198000e+00  -1.0000000e+00
   5.8000000e+01  -1.7353200e+00   9.1588300e+00  -1.0000000e+00
   5.9000000e+01   6.7893700e+00  -1.3686800e+01   1.0000000e+00
   6.0000000e+01   3.2287100e+00  -5.6978400e+00  -1.0000000e+00
   6.1000000e+01   9.9996600e-01  -8.8677700e+00   1.0000000e+00
   6.2000000e+01   1.0728700e+01   8.1343200e+00  -1.0000000e+00
   6.3000000e+01  -1.0910600e+00   1.6350400e+01  -1.0000000e+00
   6.4000000e+01  -1.2928500e+01   1.1428700e+01  -1.0000000e+00
   6.5000000e+01   1.4043200e+01   9.6563600e+00  -1.0000000e+00
   6.6000000e+01  -6.5982400e+00  -6.3039000e+00   1.0000000e+00
   6.7000000e+01   1.0464000e+01  -1.5537500e+01   1.0000000e+00
   6.8000000e+01  -1.4454000e+01  -9.0204100e-01   1.0000000e+00
   6.9000000e+01   9.6268000e-01   3.5545800e+00  -1.0000000e+00
   7.0000000e+01   9.2241400e+00   2.8535100e+00  -1.0000000e+00
   7.1000000e+01   2.4291800e+00  -3.7753600e+00  -1.0000000e+00
   7.2000000e+01  -6.8767600e+00   2.1178600e+00  -1.0000000e+00
   7.3000000e+01   8.3846400e+00  -1.0452500e+01  -1.0000000e+00
   7.4000000e+01   1.6186500e+01  -3.0332200e+00  -1.0000000e+00
   7.5000000e+01  -4.2137700e+00  -1.2455300e+01   1.0000000e+00
   7.6000000e+01  -6.4904900e+00   1.5030500e+01  -1.0000000e+00
   7.7000000e+01  -6.9491500e+00  -1.7393500e+01   1.0000000e+00
   7.8000000e+01   1.5000100e+01  -4.7183200e+00  -1.0000000e+00
   7.9000000e+01  -7.7375200e+00  -1.0266200e+01   1.0000000e+00
   8.0000000e+01  -2.8785300e+00   7.4541000e+00  -1.0000000e+00
   8.1000000e+01  -4.5235200e+00  -6.4751100e+00   1.0000000e+00
   8.2000000e+01   1.3337200e+01   2.5133100e+00  -1.0000000e+00
   8.3000000e+01  -2.2879600e+00   2.0282100e+00  -1.0000000e+00
   8.4000000e+01   4.8230400e+00   1.2245500e+01  -1.0000000e+00
   8.5000000e+01  -1.4338000e+00   1.2757400e+01  -1.0000000e+00
   8.6000000e+01  -5.5634700e+00   5.2207200e-01  -1.0000000e+00
   8.7000000e+01  -1.6736200e+01  -8.8766800e+00   1.0000000e+00
   8.8000000e+01   1.5783000e+01  -6.6357300e+00  -1.0000000e+00
   8.9000000e+01  -3.3193100e-01  -1.6199800e+01   1.0000000e+00
   9.0000000e+01   5.0426300e+00  -1.4881500e+01   1.0000000e+00
   9.1000000e+01  -1.7518600e+01   2.0997100e+00   1.0000000e+00
   9.2000000e+01  -8.8054700e+00   1.1511600e+01  -1.0000000e+00
   9.3000000e+01   8.7176100e+00  -1.6777200e+01   1.0000000e+00
   9.4000000e+01   1.1600000e+01   6.2552700e+00  -1.0000000e+00
   9.5000000e+01   5.6336300e+00   1.0353900e+01  -1.0000000e+00
   9.6000000e+01   4.7046100e+00  -1.0688800e+01   1.0000000e+00
   9.7000000e+01   7.4378400e+00   6.6096700e+00  -1.0000000e+00
   9.8000000e+01  -1.1884200e+01   1.6474700e+00   1.0000000e+00
   9.9000000e+01   2.7118100e+00  -1.8136500e-01  -1.0000000e+00
   1.0000000e+02   8.6600200e+00  -4.3026000e+00  -1.0000000e+00
   1.0100000e+02  -4.3297000e+00   2.1841600e+00  -1.0000000e+00
   1.0200000e+02  -6.0382900e-01  -1.2060400e+01   1.0000000e+00
   1.0300000e+02  -5.1101400e+00  -8.4531300e+00   1.0000000e+00
   1.0400000e+02   1.1272800e+01   1.5342300e+01  -1.0000000e+00
   1.0500000e+02  -1.2973400e+01  -2.3923600e+00   1.0000000e+00
   1.0600000e+02   4.9046700e+00  -1.2826900e+01   1.0000000e+00
   1.0700000e+02   1.8163700e+00   1.4304000e+01  -1.0000000e+00
   1.0800000e+02  -1.3369900e+01   3.1303300e+00   1.0000000e+00
   1.0900000e+02  -1.0875900e+01   1.1615600e+01  -1.0000000e+00
   1.1000000e+02   9.9346700e+00  -7.2448400e+00  -1.0000000e+00
   1.1100000e+02   2.8552400e+00  -9.7573300e+00   1.0000000e+00
   1.1200000e+02   3.0318600e+00   1.5986800e+01  -1.0000000e+00
   1.1300000e+02  -1.3518700e+01  -4.3929100e+00   1.0000000e+00
   1.1400000e+02   1.4062200e+00  -1.5087200e+01   1.0000000e+00
   1.1500000e+02   8.0750600e+00   1.3751100e+01  -1.0000000e+00
   1.1600000e+02  -1.7965900e+01  -3.4174100e-03   1.0000000e+00
   1.1700000e+02   1.4101000e+01  -2.8472900e+00  -1.0000000e+00
   1.1800000e+02   8.2354500e+00  -8.3910000e+00  -1.0000000e+00
   1.1900000e+02  -9.0464300e+00   7.9289800e+00  -1.0000000e+00
   1.2000000e+02  -8.3846900e+00   6.8273800e-01   1.0000000e+00
   1.2100000e+02   6.9103200e+00  -1.5779000e+01   1.0000000e+00
   1.2200000e+02   1.4323800e+01   1.3331200e+01  -1.0000000e+00
   1.2300000e+02   1.4307300e+01   6.3732900e-01  -1.0000000e+00
   1.2400000e+02  -9.7844000e+00   2.1921400e+00  -1.0000000e+00
   1.2500000e+02  -1.4928600e+01   4.5983200e+00   1.0000000e+00
   1.2600000e+02   1.8530400e+00   1.7012900e+00  -1.0000000e+00
   1.2700000e+02  -1.2430100e+01  -3.5454300e-01   1.0000000e+00
   1.2800000e+02  -1.0391400e+01   1.6056900e-01   1.0000000e+00
   1.2900000e+02  -1.1713400e+01  -1.1349000e+01   1.0000000e+00
   1.3000000e+02   1.0094700e+01   9.8742400e-01  -1.0000000e+00
   1.3100000e+02  -2.3379000e-01   1.4489200e+01  -1.0000000e+00
   1.3200000e+02   8.9060700e+00  -7.1080700e-01  -1.0000000e+00
   1.3300000e+02   1.6114700e+01   9.4728500e+00  -1.0000000e+00
   1.3400000e+02   1.5831100e+01   5.8290600e+00  -1.0000000e+00
   1.3500000e+02  -5.2885600e+00   1.6709800e+01  -1.0000000e+00
   1.3600000e+02   1.1034400e+01   1.1718400e+01  -1.0000000e+00
   1.3700000e+02  -5.1530600e+00  -1.6324100e+01   1.0000000e+00
   1.3800000e+02   3.0143300e+00   3.3877400e+00  -1.0000000e+00
   1.3900000e+02  -7.8839200e-01  -1.0004300e+01   1.0000000e+00
   1.4000000e+02  -1.4977900e+01  -2.9060200e+00   1.0000000e+00
   1.4100000e+02   3.6213900e+00  -2.0260700e+00  -1.0000000e+00
   1.4200000e+02  -1.3091200e+01   7.1877300e+00  -1.0000000e+00
   1.4300000e+02   1.5843800e+01  -1.0795900e+01  -1.0000000e+00
   1.4400000e+02   1.5150300e+01   1.1413300e+01  -1.0000000e+00
   1.4500000e+02  -1.3895400e+01   1.1104900e+00   1.0000000e+00
   1.4600000e+02   8.0268500e+00   1.1617500e+00  -1.0000000e+00
   1.4700000e+02   1.6815000e+01   3.9959800e+00  -1.0000000e+00
   1.4800000e+02  -8.9810700e+00  -1.6272800e+01   1.0000000e+00
   1.4900000e+02   3.3030500e+00  -1.5978700e+01   1.0000000e+00
   1.5000000e+02  -1.0944900e+01  -1.8462900e+00   1.0000000e+00
   1.5100000e+02  -4.3373300e+00   1.4835200e+01  -1.0000000e+00
   1.5200000e+02  -1.3171300e+01  -9.8630300e+00   1.0000000e+00
   1.5300000e+02  -2.6143500e+00  -1.5712700e+00  -1.0000000e+00
   1.5400000e+02  -9.2199700e-01  -5.3299300e+00   1.0000000e+00
   1.5500000e+02   1.7128500e+01  -4.8897400e+00  -1.0000000e+00
   1.5600000e+02  -4.3852800e+00  -1.0379100e+01   1.0000000e+00
   1.5700000e+02  -3.9413300e-01  -7.3456200e+00   1.0000000e+00
   1.5800000e+02   6.5476900e-01  -4.2400100e-02  -1.0000000e+00
   1.5900000e+02  -9.1664900e+00  -8.8004900e+00   1.0000000e+00
   1.6000000e+02  -1.2295500e+01  -1.3345300e+01   1.0000000e+00
   1.6100000e+02   1.3714100e+01  -6.8678300e+00  -1.0000000e+00
   1.6200000e+02   1.1293000e+01   2.6663100e+00  -1.0000000e+00
   1.6300000e+02   6.2684300e+00   4.9217800e+00  -1.0000000e+00
   1.6400000e+02   1.7657800e+01  -1.4895600e+00  -1.0000000e+00
   1.6500000e+02   2.1201900e+00   5.2530800e+00  -1.0000000e+00
   1.6600000e+02   7.1290800e+00   1.5661500e+01  -1.0000000e+00
   1.6700000e+02   5.9768600e+00   1.3479800e+00  -1.0000000e+00
   1.6800000e+02  -4.9396800e+00   7.6246100e+00  -1.0000000e+00
   1.6900000e+02  -1.6484200e+01  -1.4565400e+00   1.0000000e+00
   1.7000000e+02  -7.0000600e+00   7.7791500e+00  -1.0000000e+00
   1.7100000e+02  -1.3959900e+01   1.3221500e+01  -1.0000000e+00
   1.7200000e+02  -8.0535800e+00  -4.8358800e+00   1.0000000e+00
   1.7300000e+02   1.3687700e+01   6.0516200e+00  -1.0000000e+00
   1.7400000e+02   1.1119100e+00  -5.7140400e+00  -1.0000000e+00
   1.7500000e+02   1.2192400e+01   8.1019200e-01  -1.0000000e+00
   1.7600000e+02   1.4579600e+01   4.1750100e+00  -1.0000000e+00
   1.7700000e+02  -1.2886300e+01   5.1419400e+00  -1.0000000e+00
   1.7800000e+02   1.0324100e+01  -1.3483500e+01   1.0000000e+00
   1.7900000e+02  -6.7392300e+00   1.1353100e+01  -1.0000000e+00
   1.8000000e+02  -8.0296700e+00  -1.2303600e+01   1.0000000e+00
   1.8100000e+02   3.4966900e-01  -3.6188600e+00  -1.0000000e+00
   1.8200000e+02   1.4869700e+01   7.7317100e+00  -1.0000000e+00
   1.8300000e+02  -4.0862000e+00   5.7533900e+00  -1.0000000e+00
   1.8400000e+02  -1.0668200e+01   1.5203900e+01  -1.0000000e+00
   1.8500000e+02  -7.4319700e+00   1.6861000e+01  -1.0000000e+00
   1.8600000e+02   3.5790700e+00   1.0539600e+01  -1.0000000e+00
   1.8700000e+02  -2.3330400e+00  -1.3272200e+01   1.0000000e+00
   1.8800000e+02  -1.0584600e+01  -7.3209900e+00   1.0000000e+00
   1.8900000e+02   9.5294200e+00   6.4536700e+00  -1.0000000e+00
   1.9000000e+02  -3.5093300e+00   1.2928000e+01  -1.0000000e+00
   1.9100000e+02   4.3678300e+00   1.7749200e+01  -1.0000000e+00
   1.9200000e+02   1.7904900e+01   2.1638000e+00  -1.0000000e+00
   1.9300000e+02   1.6981900e+01   7.6205200e+00  -1.0000000e+00
   1.9400000e+02   6.5700700e+00   8.4773800e+00  -1.0000000e+00
   1.9500000e+02  -9.4916800e+00  -3.3368400e+00   1.0000000e+00
   1.9600000e+02   6.8609500e+00   1.2060200e+01  -1.0000000e+00
   1.9700000e+02  -5.2295900e+00   4.0415300e+00  -1.0000000e+00
   1.9800000e+02  -9.4868400e+00   1.6899900e+01  -1.0000000e+00
   1.9900000e+02   1.1735400e+01  -6.2126800e+00  -1.0000000e+00
   2.0000000e+02   1.5299800e+01  -1.1580700e+00  -1.0000000e+00
   2.0100000e+02  -2.4948000e+00  -7.0811500e+00   1.0000000e+00
   2.0200000e+02   3.9141000e+00   1.4109000e+01  -1.0000000e+00
   2.0300000e+02  -7.8907600e+00   9.6511300e+00  -1.0000000e+00
   2.0400000e+02   4.4901500e+00  -3.8976700e+00  -1.0000000e+00
   2.0500000e+02   1.3973400e+01  -8.9507900e+00  -1.0000000e+00
   2.0600000e+02   1.5318700e+00  -1.9244400e+00  -1.0000000e+00
   2.0700000e+02  -7.3177700e+00   4.1425200e+00  -1.0000000e+00
   2.0800000e+02   1.5493800e+01   2.3371100e+00  -1.0000000e+00
   2.0900000e+02  -8.9380800e+00  -1.3423700e+00   1.0000000e+00
   2.1000000e+02  -2.2878400e+00   1.4668900e+01  -1.0000000e+00
   2.1100000e+02  -3.1656100e+00   3.9009400e+00  -1.0000000e+00
   2.1200000e+02  -1.0871800e+01   5.6541900e+00  -1.0000000e+00
   2.1300000e+02  -5.4010800e-01   1.0855200e+01  -1.0000000e+00
   2.1400000e+02   1.0164500e+01   1.3583000e+01  -1.0000000e+00
   2.1500000e+02   6.9850500e+00  -1.7970500e+01   1.0000000e+00
   2.1600000e+02   3.3301300e-01   9.0039600e+00  -1.0000000e+00
   2.1700000e+02   1.1932000e+01   9.8277600e+00  -1.0000000e+00
   2.1800000e+02  -3.7970600e+00   9.3669600e+00  -1.0000000e+00
   2.1900000e+02  -1.6125800e+01   8.5222900e+00  -1.0000000e+00
   2.2000000e+02   1.2553100e+00  -1.2992400e+01   1.0000000e+00
   2.2100000e+02   8.3489300e+00   4.7376100e+00  -1.0000000e+00
   2.2200000e+02  -2.5899400e+00   1.1041800e+01  -1.0000000e+00
   2.2300000e+02   6.4363300e-01   1.2609800e+01  -1.0000000e+00
   2.2400000e+02   1.2951600e+01  -4.5578600e+00  -1.0000000e+00
   2.2500000e+02   1.7924900e+01  -6.8473000e+00  -1.0000000e+00
   2.2600000e+02  -1.1190700e+00   3.7344000e+00  -1.0000000e+00
   2.2700000e+02  -1.5051100e+01   1.0852400e+01  -1.0000000e+00
   2.2800000e+02  -1.0740700e+01  -1.4892700e+01   1.0000000e+00
   2.2900000e+02  -1.2062900e+01  -5.8510300e+00   1.0000000e+00
   2.3000000e+02   1.6601200e+01   4.4180100e-01  -1.0000000e+00
   2.3100000e+02   4.4886700e+00   8.6368200e+00  -1.0000000e+00
   2.3200000e+02   6.3786100e+00  -7.5172800e+00  -1.0000000e+00
   2.3300000e+02  -6.9034000e+00  -1.0439700e+00   1.0000000e+00
   2.3400000e+02   2.9970100e+00  -1.1844800e+01   1.0000000e+00
   2.3500000e+02  -5.5783800e+00   1.3135300e+01  -1.0000000e+00
   2.3600000e+02   1.0100700e+01  -9.3138800e+00  -1.0000000e+00
   2.3700000e+02  -1.2758300e+01   1.5309900e+01  -1.0000000e+00
   2.3800000e+02   5.9196000e-01  -1.9027200e+01   1.0000000e+00
   2.3900000e+02   1.3094500e+01   1.1539000e+01  -1.0000000e+00
   2.4000000e+02   1.3804100e+01  -1.1148500e+01  -1.0000000e+00
   2.4100000e+02  -2.2034900e+00  -1.5351000e+01   1.0000000e+00
   2.4200000e+02   1.2794900e+01   7.9521500e+00  -1.0000000e+00
   2.4300000e+02   5.7040200e+00  -2.2285100e+00  -1.0000000e+00
   2.4400000e+02   7.1678500e+00   3.0683100e+00  -1.0000000e+00
   2.4500000e+02  -7.0210800e+00  -1.5345000e+01   1.0000000e+00
   2.4600000e+02   8.6191800e+00  -1.4627300e+01   1.0000000e+00
   2.4700000e+02  -6.1091300e+00  -1.1508400e+01   1.0000000e+00
   2.4800000e+02   1.0726900e+01  -4.4171600e+00  -1.0000000e+00
   2.4900000e+02   6.4932200e+00  -9.5809400e+00  -1.0000000e+00
   2.5000000e+02   1.3808100e-01   1.8096400e+01  -1.0000000e+00
   2.5100000e+02   3.1186000e+00  -1.3922100e+01   1.0000000e+00
   2.5200000e+02   8.0667800e+00  -6.3330700e+00  -1.0000000e+00
   2.5300000e+02  -2.0351300e-01   1.8271000e+00  -1.0000000e+00
   2.5400000e+02  -6.8609300e+00  -3.1479700e+00   1.0000000e+00
   2.5500000e+02   6.5917800e+00  -1.1634100e+01   1.0000000e+00
   2.5600000e+02  -8.1955500e-01   7.2975500e+00  -1.0000000e+00
   2.5700000e+02  -8.5994800e+00  -6.8187300e+00   1.0000000e+00
   2.5800000e+02   6.5776800e+00  -4.1830800e+00  -1.0000000e+00
   2.5900000e+02   9.2136400e+00   1.5485300e+01  -1.0000000e+00
   2.6000000e+02  -1.5521100e+01  -4.8975100e+00   1.0000000e+00
   2.6100000e+02  -1.6083300e+01  -6.9106900e+00   1.0000000e+00
   2.6200000e+02  -8.5661300e+00   1.5066000e+01  -1.0000000e+00
   2.6300000e+02  -9.6971900e+00  -1.0872200e+01   1.0000000e+00
   2.6400000e+02  -1.1088900e+01   7.7201700e+00  -1.0000000e+00
   2.6500000e+02   9.8638100e+00   1.0004200e+01  -1.0000000e+00
   2.6600000e+02  -1.6994900e+01  -3.4513300e+00   1.0000000e+00
   2.6700000e+02   8.9452800e+00   1.1849000e+01  -1.0000000e+00
   2.6800000e+02  -8.7563900e+00  -1.4232100e+01   1.0000000e+00
   2.6900000e+02   3.3447200e+00  -1.8150600e+01   1.0000000e+00
   2.7000000e+02  -1.0059200e+01  -5.3261100e+00   1.0000000e+00
   2.7100000e+02   1.1535400e+00  -1.0943900e+01   1.0000000e+00
   2.7200000e+02   4.6169900e+00  -8.6243200e+00  -1.0000000e+00
   2.7300000e+02   1.7929500e+01   5.7622500e+00  -1.0000000e+00
   2.7400000e+02  -1.5364500e+01   2.5688900e+00   1.0000000e+00
   2.7500000e+02   4.7723000e+00  -3.2829400e-01  -1.0000000e+00
   2.7600000e+02  -1.5097300e+01   6.6971700e+00  -1.0000000e+00
   2.7700000e+02   1.3108000e+01  -1.0322800e+00  -1.0000000e+00
   2.7800000e+02  -6.1641800e+00   5.9026200e+00  -1.0000000e+00
   2.7900000e+02  -3.8533700e+00  -3.2187700e+00   1.0000000e+00
   2.8000000e+02   3.3041400e+00   6.9623900e+00  -1.0000000e+00
   2.8100000e+02  -5.9470900e+00  -1.3574600e+01   1.0000000e+00
   2.8200000e+02  -9.7369900e+00   1.3338300e+01  -1.0000000e+00
   2.8300000e+02  -8.2648000e+00   5.9916400e+00  -1.0000000e+00
   2.8400000e+02   6.6042900e-02   5.4307200e+00  -1.0000000e+00
   2.8500000e+02   5.1395400e+00  -1.6950700e+01   1.0000000e+00
   2.8600000e+02   5.0749500e+00   3.2361000e+00  -1.0000000e+00
   2.8700000e+02  -3.2991200e+00  -1.7216000e+01   1.0000000e+00
   2.8800000e+02  -2.9637700e+00  -5.0650700e+00   1.0000000e+00
   2.8900000e+02   1.0403800e+01   4.5671200e+00  -1.0000000e+00
   2.9000000e+02  -1.4044900e+01  -6.3782600e+00   1.0000000e+00
   2.9100000e+02  -3.1622500e+00   1.6587300e+01  -1.0000000e+00
   2.9200000e+02   8.4949100e+00  -1.2552400e+01   1.0000000e+00
   2.9300000e+02  -7.1534900e+00  -8.2979800e+00   1.0000000e+00
   2.9400000e+02   8.6358100e+00   8.3273100e+00  -1.0000000e+00
   2.9500000e+02   1.2223200e+01  -1.4441700e+01   1.0000000e+00
   2.9600000e+02  -5.2425800e-01  -1.7266700e+00  -1.0000000e+00
   2.9700000e+02  -1.7519100e+01  -5.4373900e+00   1.0000000e+00
   2.9800000e+02  -1.2581200e+01  -7.8392100e+00   1.0000000e+00
   2.9900000e+02  -1.1491700e+01  -3.8582600e+00   1.0000000e+00
