   0.0000000e+00  -1.0033800e+01   1.1803100e+01   1.3308600e+01   1.0000000e+00
   1.0000000e+00   2.0757000e+00  -4.7535700e+00   4.6395500e+01   2.0000000e+00
   2.0000000e+00   7.5159200e+00  -5.0480700e+00   4.5769100e+01  -3.0000000e+00
   3.0000000e+00  -1.1112000e+01   8.2976800e+00   1.3501400e+01   1.0000000e+00
   4.0000000e+00   8.0557300e+00  -1.0471700e+01   4.7434500e+01   2.0000000e+00
   5.0000000e+00  -1.4247300e-01   8.8895900e+00   2.5166400e+01   0.0000000e+00
   6.0000000e+00  -6.7705300e+00  -3.4529900e+00   3.3435800e+01  -3.0000000e+00
   7.0000000e+00   3.0956000e+00  -1.5672900e+01   4.5767200e+01  -2.0000000e+00
   8.0000000e+00  -6.8795300e+00  -1.1090900e+01   4.5593500e+01   2.0000000e+00
   9.0000000e+00   1.0279800e+00  -1.2918300e+00   6.0564200e+01  -3.0000000e+00
   1.0000000e+01  -1.3864200e+01  -9.2498900e+00   4.5733700e+01  -2.0000000e+00
   1.1000000e+01  -4.0955200e-01  -7.3745200e+00   4.6279000e+01   2.0000000e+00
   1.2000000e+01   1.8291700e+01   1.0869100e+00  -3.9771100e+00  -1.0000000e+00
   1.3000000e+01  -1.7301500e+01  -8.4245600e-01   4.4835800e+01  -2.0000000e+00
   1.4000000e+01   6.6229100e+00  -1.6588500e+01   4.7152800e+01  -1.0000000e+00
   1.5000000e+01  -6.7327300e-01   3.3604400e+00   1.3005600e+01   1.0000000e+00
   1.6000000e+01  -1.1234400e+01   7.8295800e-01   3.4856700e+01  -3.0000000e+00
   1.7000000e+01   1.1591100e+01  -2.3906100e+00   2.4093900e+01  -2.0000000e+00
   1.8000000e+01   1.0875600e+00  -8.7980600e+00   4.5952600e+01   2.0000000e+00
   1.9000000e+01   1.0904900e+01  -5.6335600e+00   3.3819800e+01  -2.0000000e+00
   2.0000000e+01   1.7391000e+00   6.4233800e-01   2.7730000e+01  -3.0000000e+00
   2.1000000e+01   8.4840500e+00   1.1826200e+01   1.2030000e+01   1.0000000e+00
   2.2000000e+01   2.3515100e+00   6.1948400e+00   1.2906000e+01   1.0000000e+00
   2.3000000e+01   3.6123600e+00  -1.3683600e+01   4.6119500e+01   2.0000000e+00
   2.4000000e+01  -6.5433400e+00   1.2702600e+01   1.3035700e+01   1.0000000e+00
   2.5000000e+01  -5.0188700e+00   1.4078600e+01   1.2331500e+01   1.0000000e+00
   2.6000000e+01   8.0155400e+00   1.3988300e+01   1.3008800e+01  -2.0000000e+00
   2.7000000e+01   4.8621200e-01   1.4309100e+01   1.3154600e+01   1.0000000e+00
   2.8000000e+01   1.1584400e+01  -1.1237100e+01   4.6304700e+01  -2.0000000e+00
   2.9000000e+01   5.5415400e+00  -5.6120800e+00   4.6265700e+01   2.0000000e+00
   3.0000000e+01   8.5368200e+00  -8.4480700e+00   4.7291900e+01   2.0000000e+00
   3.1000000e+01   1.6234900e+00  -1.4242400e+01   4.6349300e+01   2.0000000e+00
   3.2000000e+01   4.5570000e+00  -9.6369400e+00   4.6654000e+01   2.0000000e+00
   3.3000000e+01   1.0035900e+01  -3.7490100e+00  -3.3390300e-01  -1.0000000e+00
   3.4000000e+01  -8.0459000e+00   1.1224600e+01   1.3481700e+01   1.0000000e+00
   3.5000000e+01  -1.2371400e+01  -1.0694900e+01   4.5731700e+01   2.0000000e+00
   3.6000000e+01  -2.1205400e+00   9.4481700e+00   1.2059700e+00   0.0000000e+00
   3.7000000e+01  -3.1658500e+00  -1.6212200e+00   2.7009200e+01  -3.0000000e+00
   3.8000000e+01  -2.1949000e+00   1.9545100e+00   1.2878900e+01   1.0000000e+00
   3.9000000e+01   4.4841200e+00   1.3035800e+01   1.3393200e+01   1.0000000e+00
   4.0000000e+01  -1.0165700e+01   4.2578600e+00   1.3370600e+01   1.0000000e+00
   4.1000000e+01   7.0369100e+00  -7.0422700e+00   4.6447000e+01   2.0000000e+00
   4.2000000e+01  -1.3578500e+01   1.0957900e+01   1.3541500e+01  -2.0000000e+00
   4.3000000e+01  -7.4073500e+00   1.6815100e+01   1.2172100e+01  -1.0000000e+00
   4.4000000e+01  -4.3965800e+00  -8.4527900e+00   4.5682700e+01   2.0000000e+00
   4.5000000e+01   9.5379500e+00   1.5388200e+01   1.2048200e+01  -1.0000000e+00
   4.6000000e+01   1.0096100e+01  -9.7936800e+00   4.7353700e+01   2.0000000e+00
   4.7000000e+01   9.6045400e+00  -1.1832400e+01   4.7135200e+01   2.0000000e+00
   4.8000000e+01   1.0602700e+01  -1.5319800e+01   4.6723700e+01  -1.0000000e+00
   4.9000000e+01   1.6387900e+01  -5.5268100e+00   4.9036500e+01  -1.0000000e+00
   5.0000000e+01  -1.5854200e+01  -9.8163700e+00   4.5371600e+01  -1.0000000e+00
   5.1000000e+01  -7.1043400e+00   7.1997000e+00   1.3658800e+01   1.0000000e+00
   5.2000000e+01   1.5640700e+01  -9.6296600e+00   5.1746900e+01  -1.0000000e+00
   5.3000000e+01  -9.1237800e+00   7.7555700e+00   1.4168500e+01   1.0000000e+00
   5.4000000e+01  -9.2484100e-01  -9.3699200e+00   4.6055900e+01   2.0000000e+00
   5.5000000e+01  -4.6367500e+00   4.5600600e+00   1.3392100e+01   1.0000000e+00
   5.6000000e+01  -1.0329200e+01  -2.6150600e+00   3.3256400e+01   2.0000000e+00
   5.7000000e+01  -2.6369300e+00   3.9815900e+00   1.3257700e+01   1.0000000e+00
   5.8000000e+01   1.6961700e+01   7.2143200e+00  -3.9242200e+00  -1.0000000e+00
   5.9000000e+01  -3.1358300e+00   6.0111500e+00   1.3762900e+01   1.0000000e+00
   6.0000000e+01  -3.4677300e+00   1.5502300e+01   1.2799100e+01  -2.0000000e+00
   6.1000000e+01   7.8321000e+00   6.3777000e+00   1.2916800e+01   1.0000000e+00
   6.2000000e+01   1.3555700e+01  -2.9828900e+00   2.9821200e+01  -2.0000000e+00
   6.3000000e+01  -3.9429000e+00   1.7589400e+01   1.2903100e+01  -1.0000000e+00
   6.4000000e+01  -1.6775500e+01   1.2125700e+00   2.8158500e+01  -2.0000000e+00
   6.5000000e+01  -9.9946100e+00  -1.5666100e+01   3.0253300e+01  -1.0000000e+00
   6.6000000e+01  -7.9019300e+00  -1.5095600e+01   4.5426400e+01  -2.0000000e+00
   6.7000000e+01   1.1511900e+01   1.4705700e+01   1.2734100e+01  -1.0000000e+00
   6.8000000e+01   4.9766100e+00   1.1033300e+01   1.2845300e+01   1.0000000e+00
   6.9000000e+01  -1.4794900e+01   1.7307100e+00   3.7349700e+01  -3.0000000e+00
   7.0000000e+01  -1.2568700e+01   1.4359900e+01   2.9679900e+01  -1.0000000e+00
   7.1000000e+01  -8.5339900e+00   1.3253800e+01   1.3267000e+01   1.0000000e+00
   7.2000000e+01  -1.7471700e+00  -5.0929400e-02   1.6117100e+01  -3.0000000e+00
   7.3000000e+01  -5.8815300e+00  -1.4545600e+01   4.5498600e+01  -2.0000000e+00
   7.4000000e+01   1.1818800e+01   5.1386700e+00   1.1964700e+01   1.0000000e+00
   7.5000000e+01  -1.0193800e+00   1.2896800e+01   2.5043300e+01   0.0000000e+00
   7.6000000e+01   1.5763600e+01   3.8320900e+00   1.1219000e+01  -2.0000000e+00
   7.7000000e+01   1.3802100e+01   4.4913400e+00   1.1700400e+01   1.0000000e+00
   7.8000000e+01  -4.1723700e+00   2.5546400e+00   1.3174800e+01   1.0000000e+00
   7.9000000e+01  -6.1598300e+00   3.1493900e+00   1.3351600e+01   1.0000000e+00
   8.0000000e+01  -1.5088300e+01   9.4792200e+00   2.8680700e+01  -1.0000000e+00
   8.1000000e+01  -3.8907100e+00  -6.4515400e+00   4.5517700e+01   2.0000000e+00
   8.2000000e+01  -3.6388500e+00   8.0356000e+00   1.3401000e+01   1.0000000e+00
   8.3000000e+01   3.9879900e+00   1.5101100e+01   1.2700600e+01  -2.0000000e+00
   8.4000000e+01   8.1662700e-01   4.7967900e+00   1.2991900e+01   1.0000000e+00
   8.5000000e+01   5.2424100e+00   1.5780600e+00   1.3963300e+01   1.0000000e+00
   8.6000000e+01  -1.8835100e+01   7.5193600e-01   1.3246500e+01  -1.0000000e+00
   8.7000000e+01  -1.0364100e+01  -1.0180600e+01   4.5715600e+01   2.0000000e+00
   8.8000000e+01  -1.4402300e+01  -1.1286700e+01   4.5981300e+01  -2.0000000e+00
   8.9000000e+01  -1.4886800e+01  -1.3329100e+01   7.6827600e+01  -1.0000000e+00
   9.0000000e+01  -7.8614900e+00  -7.6009100e+00   4.5879400e+01   2.0000000e+00
   9.1000000e+01  -1.0872400e+01  -4.6303500e+00   4.5263700e+01   2.0000000e+00
   9.2000000e+01   1.4214300e+01   2.4314700e+00   1.1932600e+01   1.0000000e+00
   9.3000000e+01   1.5507300e+01  -3.6400900e+00   3.7459400e+00  -2.0000000e+00
   9.4000000e+01   5.0889700e+00  -1.5120500e+01   4.5956000e+01  -2.0000000e+00
   9.5000000e+01   7.2308900e+00   9.4429400e-01   1.2139300e+01   1.0000000e+00
   9.6000000e+01  -1.1097600e+01   1.5848900e+01   1.6760000e+01  -1.0000000e+00
   9.7000000e+01  -7.3938900e+00  -1.3084400e+01   4.5696100e+01   2.0000000e+00
   9.8000000e+01   1.3108700e+01  -9.6422200e-01   1.2266400e+01   1.0000000e+00
   9.9000000e+01  -9.8717900e+00  -8.1201100e+00   4.5548000e+01   2.0000000e+00
   1.0000000e+02   1.4000400e+01   1.1915700e+01   1.3305900e+01  -2.0000000e+00
   1.0100000e+02  -1.3249600e+01   3.3905100e-01   3.2966600e+01  -3.0000000e+00
   1.0200000e+02  -1.2131200e+01   4.8755700e+00   1.3248300e+01   1.0000000e+00
   1.0300000e+02  -1.3834600e+01  -1.7614300e+00   4.5271800e+01   2.0000000e+00
   1.0400000e+02   1.6008700e+01   1.1377000e+01  -6.8468200e-01  -1.0000000e+00
   1.0500000e+02   1.7573700e+01  -8.9079500e+00   2.0106400e+01  -1.0000000e+00
   1.0600000e+02  -6.3592700e+00  -9.0411600e+00   4.6078500e+01   2.0000000e+00
   1.0700000e+02  -1.4276300e+00  -1.1405900e+01   4.6218300e+01   2.0000000e+00
   1.0800000e+02   1.5985000e+01  -7.5624600e+00   5.0030900e+01  -2.0000000e+00
   1.0900000e+02  -7.3788600e+00  -5.5767900e+00   4.5690800e+01   2.0000000e+00
   1.1000000e+02   3.3968100e+00   9.6191600e+00   1.2247100e+01   1.0000000e+00
   1.1100000e+02  -1.4841400e+01  -5.7527100e+00   4.5938300e+01  -2.0000000e+00
   1.1200000e+02   3.0580400e+00  -8.2251200e+00   4.6128700e+01   2.0000000e+00
   1.1300000e+02   2.0314400e+00   1.5793400e+01   1.3660300e+01  -2.0000000e+00
   1.1400000e+02  -1.6844000e+01  -6.3119300e+00   3.0892200e+01  -1.0000000e+00
   1.1500000e+02   5.7574000e-01  -3.3265300e+00   4.6922400e+01   2.0000000e+00
   1.1600000e+02   8.3059100e+00   4.3785400e+00   1.2904400e+01   1.0000000e+00
   1.1700000e+02  -4.5472700e+00   1.2063900e+01   1.2949800e+01   1.0000000e+00
   1.1800000e+02   1.3474800e+01   1.4071300e+01   1.3094900e+01  -1.0000000e+00
   1.1900000e+02  -5.1217400e+00   6.5702900e+00   1.3514500e+01   1.0000000e+00
   1.2000000e+02  -3.3984400e+00  -4.4573900e+00   3.2608400e+01  -3.0000000e+00
   1.2100000e+02  -1.4628300e+01   7.4685000e+00   1.3987100e+01  -2.0000000e+00
   1.2200000e+02   3.5735200e+00  -6.1992400e+00   4.6097300e+01   2.0000000e+00
   1.2300000e+02  -8.8714900e+00  -1.1623400e+01   4.5418500e+01   2.0000000e+00
   1.2400000e+02  -1.6127300e+01   6.0210900e+00   9.8728800e+00  -2.0000000e+00
   1.2500000e+02   9.6136100e+00  -1.6970900e+00   1.1731700e+01  -2.0000000e+00
   1.2600000e+02  -9.6105600e+00   9.7622100e+00   1.3486600e+01   1.0000000e+00
   1.2700000e+02  -1.6349700e+01  -4.2843600e+00   4.5944600e+01  -2.0000000e+00
   1.2800000e+02   1.3087600e+01  -1.2641000e+01   6.1381000e+01  -1.0000000e+00
   1.2900000e+02   5.4508300e+00   1.6543300e+01   1.3287600e+01  -1.0000000e+00
   1.3000000e+02   3.4025700e-01   6.8269700e+00   1.3065700e+01   1.0000000e+00
   1.3100000e+02  -1.1825400e+01  -1.1885000e+00   4.4796200e+01   2.0000000e+00
   1.3200000e+02   1.2433800e+01   1.0563600e+01   1.2133000e+01   1.0000000e+00
   1.3300000e+02   1.0460800e+01   1.1177800e+01   1.2016100e+01   1.0000000e+00
   1.3400000e+02   6.7724200e+00   2.9782500e+00   1.2704900e+01   1.0000000e+00
   1.3500000e+02  -3.4340800e+00  -1.1966200e+01   4.5701900e+01   2.0000000e+00
   1.3600000e+02  -1.2343800e+01  -3.1778100e+00   4.5725100e+01   2.0000000e+00
   1.3700000e+02   4.3237500e+00   5.5973700e+00   1.2777600e+01   1.0000000e+00
   1.3800000e+02   1.3372000e+01   6.4946200e+00   1.2027100e+01   1.0000000e+00
   1.3900000e+02   6.0704900e+00  -1.1071300e+01   4.6818600e+01   2.0000000e+00
   1.4000000e+02  -3.9680500e-01  -1.4841900e+01   4.6839800e+01  -2.0000000e+00
   1.4100000e+02  -1.9073000e+00  -1.3413300e+01   4.6590400e+01   2.0000000e+00
   1.4200000e+02   3.8603500e+00   7.6100700e+00   1.2692900e+01   1.0000000e+00
   1.4300000e+02  -9.2915500e-01  -1.9290200e+00   2.5466300e+01  -3.0000000e+00
   1.4400000e+02   1.7360700e+01   5.1288000e+00  -4.4760800e+00  -1.0000000e+00
   1.4500000e+02   3.5235200e+00   1.7333200e+01   1.2705100e+01  -1.0000000e+00
   1.4600000e+02   1.5930900e+00  -6.7550500e+00   4.6244800e+01   2.0000000e+00
   1.4700000e+02  -2.3685500e+00  -1.5424500e+01   4.5988700e+01  -2.0000000e+00
   1.4800000e+02  -1.0527300e+01   1.3846500e+01   1.4691400e+01  -2.0000000e+00
   1.4900000e+02   2.5800700e+00  -1.0233600e+01   4.6337400e+01   2.0000000e+00
   1.5000000e+02  -1.9094400e+00  -5.9276900e+00   4.5783100e+01   2.0000000e+00
   1.5100000e+02  -1.4832300e+00   1.4902600e+01   1.3070100e+01  -2.0000000e+00
   1.5200000e+02  -5.6008100e+00   8.6438600e+00   1.3244500e+01   1.0000000e+00
   1.5300000e+02  -1.4118200e+01   5.4694700e+00   1.4032900e+01   1.0000000e+00
   1.5400000e+02   9.3622400e+00   7.7812900e+00   1.2635300e+01   1.0000000e+00
   1.5500000e+02   9.4481700e-01   1.2282600e+01   7.1151300e-01   0.0000000e+00
   1.5600000e+02  -1.4111500e+01   1.2958400e+01   1.3817500e+01  -1.0000000e+00
   1.5700000e+02   1.7802400e+01   3.1131200e+00  -3.6210900e+00  -1.0000000e+00
   1.5800000e+02   8.0634200e+00  -3.0753300e+00   3.6638400e+01  -2.0000000e+00
   1.5900000e+02  -1.3641000e+01   3.4289700e+00   2.8270400e+01  -3.0000000e+00
   1.6000000e+02  -2.9082700e+00  -1.7404200e+01   4.5024400e+01  -1.0000000e+00
   1.6100000e+02  -2.8884300e+00  -9.9610900e+00   4.5517700e+01   2.0000000e+00
   1.6200000e+02  -1.5827700e+01  -2.2905700e+00   4.5132200e+01  -2.0000000e+00
   1.6300000e+02  -5.3968000e+00  -4.9865200e+00   4.4810000e+01   2.0000000e+00
   1.6400000e+02   1.6623200e+01  -1.9870200e-01   1.0970600e+01  -2.0000000e+00
   1.6500000e+02   6.0482500e+00  -3.5818900e+00   3.3792200e+01  -3.0000000e+00
   1.6600000e+02  -8.4488800e+00  -1.7083600e+01   4.5626600e+01  -1.0000000e+00
   1.6700000e+02   1.4058900e+00   1.0263900e+01   1.2018100e+01   0.0000000e+00
   1.6800000e+02   1.5472700e+01   1.3376700e+01   1.3537700e+01  -1.0000000e+00
   1.6900000e+02  -8.1547400e+00   3.6878500e+00   1.3717900e+01   1.0000000e+00
   1.7000000e+02  -1.4112800e+00  -3.9339100e+00   5.8129500e+01  -3.0000000e+00
   1.7100000e+02  -8.6276500e+00   5.7603000e+00   1.3832800e+01   1.0000000e+00
   1.7200000e+02   2.5459700e+00  -2.7103400e+00   4.4907100e+01  -3.0000000e+00
   1.7300000e+02   9.8125400e+00   5.7799300e+00   1.2621400e+01   1.0000000e+00
   1.7400000e+02   1.1364800e+01   7.1518000e+00   1.2274300e+01   1.0000000e+00
   1.7500000e+02  -5.4072200e+00  -1.2530200e+01   4.5913600e+01   2.0000000e+00
   1.7600000e+02  -1.4340000e+01  -3.7517600e+00   4.5666100e+01   2.0000000e+00
   1.7700000e+02   6.9448500e+00   1.0441300e+01   1.2195700e+01   1.0000000e+00
   1.7800000e+02  -1.9526200e+00   1.6965800e+01   1.2940300e+01  -1.0000000e+00
   1.7900000e+02   2.9498400e+00   1.1627600e+01   1.2556500e+01   1.0000000e+00
   1.8000000e+02  -1.0631500e+01   6.2973300e+00   1.3650500e+01   1.0000000e+00
   1.8100000e+02  -8.9348600e+00   1.5429800e+01   2.5524800e+01  -2.0000000e+00
   1.8200000e+02  -8.3449600e+00  -2.0815200e+00   3.8590700e+01  -3.0000000e+00
   1.8300000e+02  -3.7182400e+00   5.0343900e-01   1.3817300e+01   1.0000000e+00
   1.8400000e+02   1.7061700e+01  -2.2334300e+00   1.3466900e+01  -2.0000000e+00
   1.8500000e+02  -1.6653600e+01   8.0165700e+00   1.4230500e+01  -1.0000000e+00
   1.8600000e+02   1.2233600e+01   3.1100900e+00   1.1827900e+01   1.0000000e+00
   1.8700000e+02  -4.8797300e+00  -1.0488700e+01   4.5627500e+01   2.0000000e+00
   1.8800000e+02  -1.1363100e+01  -6.6392200e+00   4.5728400e+01   2.0000000e+00
   1.8900000e+02  -5.4408400e+00   1.6178800e+01   2.4188600e+01  -2.0000000e+00
   1.9000000e+02   1.1141700e+01  -3.1380400e-01   1.1918700e+01   1.0000000e+00
   1.9100000e+02  -1.7567200e+01   3.1028300e+00  -1.0346200e+01  -1.0000000e+00
   1.9200000e+02   5.8529800e+00   6.9841700e+00   1.2694200e+01   1.0000000e+00
   1.9300000e+02   5.6560100e+00  -4.4052500e-01   2.9515900e+01  -3.0000000e+00
   1.9400000e+02   1.0019200e+01   1.3242500e+01   1.2185000e+01  -2.0000000e+00
   1.9500000e+02   1.4659800e+01   4.2080200e-01   1.2221200e+01   1.0000000e+00
   1.9600000e+02  -7.1883200e+00  -3.5759500e-01   3.0645100e+01  -3.0000000e+00
   1.9700000e+02   1.8740200e+01  -1.0008300e+00   9.2209700e+00  -1.0000000e+00
   1.9800000e+02   1.1082100e+01  -1.3269800e+01   4.6698400e+01  -2.0000000e+00
   1.9900000e+02   6.3166400e-02  -1.2818300e+01   4.6743300e+01   2.0000000e+00
   2.0000000e+02  -1.3098100e+01   8.9225200e+00   1.3391600e+01  -2.0000000e+00
   2.0100000e+02  -4.7732400e+00  -2.9282600e+00   3.0270200e+01  -3.0000000e+00
   2.0200000e+02   1.3647300e+01  -1.0593600e+01   6.0650900e+01  -2.0000000e+00
   2.0300000e+02  -2.4017600e+00  -7.9460300e+00   4.5652600e+01   2.0000000e+00
   2.0400000e+02   1.2022000e+01   1.2579700e+01   1.2641900e+01  -2.0000000e+00
   2.0500000e+02   1.4949500e+01   7.9008500e+00   1.1797100e+01  -2.0000000e+00
   2.0600000e+02   9.0158000e+00  -6.4520600e+00   3.6551100e+01  -3.0000000e+00
   2.0700000e+02   5.5176500e-01  -1.0794800e+01   4.6142500e+01   2.0000000e+00
   2.0800000e+02  -1.1684900e+01   2.8227300e+00   6.7126200e-01  -3.0000000e+00
   2.0900000e+02  -3.0000200e+00   1.3500700e+01   1.3096500e+01   1.0000000e+00
   2.1000000e+02   1.2963200e+00   2.7421600e+00   1.2542600e+01   1.0000000e+00
   2.1100000e+02  -1.2863200e+01  -5.1821800e+00   4.5921100e+01   2.0000000e+00
   2.1200000e+02   5.3972900e+00   9.0087000e+00   1.2563100e+01   1.0000000e+00
   2.1300000e+02   3.5889800e+00  -2.8763900e-01   1.9873200e+01  -3.0000000e+00
   2.1400000e+02  -1.1860600e+01  -8.6708900e+00   4.5636100e+01   2.0000000e+00
   2.1500000e+02  -1.6154300e+00   7.4443700e+00   1.3444200e+01   1.0000000e+00
   2.1600000e+02  -7.7110000e+00   1.6554200e+00   1.4608800e+01   1.0000000e+00
   2.1700000e+02  -1.1633600e+00   5.4154700e+00   1.3204300e+01   1.0000000e+00
   2.1800000e+02   8.7724600e+00   2.3568700e+00   1.2285300e+01   1.0000000e+00
   2.1900000e+02  -1.2641100e+01   6.9110400e+00   1.3452700e+01   1.0000000e+00
   2.2000000e+02  -1.1612800e+01   1.0348000e+01   1.3039100e+01   1.0000000e+00
   2.2100000e+02   4.1049100e+00  -1.1671000e+01   4.6682300e+01   2.0000000e+00
   2.2200000e+02  -2.1124200e-01   1.3451600e+00   2.4221800e+01  -3.0000000e+00
   2.2300000e+02   1.7927900e+01  -4.1211900e+00   1.8598700e+01  -1.0000000e+00
   2.2400000e+02  -3.9010100e+00  -1.3983700e+01   4.6221200e+01   2.0000000e+00
   2.2500000e+02  -1.8021400e+01   5.1895500e+00   2.9903100e+00  -1.0000000e+00
   2.2600000e+02   1.2854600e+01  -4.9115500e+00   6.2428900e+01  -1.0000000e+00
   2.2700000e+02  -6.4583700e+00  -1.6558200e+01   4.4641400e+01  -1.0000000e+00
   2.2800000e+02   1.4057600e+01  -8.3088000e+00   5.0819400e+01  -2.0000000e+00
   2.2900000e+02  -1.2865700e+01  -1.2711300e+01   3.3918800e+01  -2.0000000e+00
   2.3000000e+02  -5.8764500e+00  -7.0083300e+00   4.6275900e+01   2.0000000e+00
   2.3100000e+02  -1.7888700e+01  -2.8405900e+00   6.0657700e+01  -1.0000000e+00
   2.3200000e+02  -7.6177500e+00   9.2103900e+00   1.3656800e+01   1.0000000e+00
   2.3300000e+02  -1.8350800e+01  -4.8809800e+00   4.6772600e+01  -1.0000000e+00
   2.3400000e+02  -9.6917700e+00   2.1937300e+00   1.2621700e+01   1.0000000e+00
   2.3500000e+02   7.3704500e+00   8.3991100e+00   1.2605700e+01   1.0000000e+00
   2.3600000e+02  -6.6191700e+00   5.1644400e+00   1.3307000e+01   1.0000000e+00
   2.3700000e+02  -4.0804600e+00   1.0048700e+01   1.2768300e+01   1.0000000e+00
   2.3800000e+02   7.6440800e+00  -1.0698400e+00   5.8864300e-02  -3.0000000e+00
   2.3900000e+02  -1.5676400e+01   3.9430300e+00   1.1632600e+01  -2.0000000e+00
   2.4000000e+02   1.5094900e+01  -1.5978500e+00   1.2072300e+01   1.0000000e+00
   2.4100000e+02  -9.4350300e+00  -1.3666800e+01   4.4985300e+01  -2.0000000e+00
   2.4200000e+02  -6.9601700e+00   1.4754200e+01   1.2073200e+01  -2.0000000e+00
   2.4300000e+02   1.6200900e+01   1.8160500e+00   1.1467200e+01  -2.0000000e+00
   2.4400000e+02  -9.3232700e+00  -1.6359200e-01   4.5635600e+00  -3.0000000e+00
   2.4500000e+02   1.6491900e+01   9.2777500e+00  -2.5224900e+00  -1.0000000e+00
   2.4600000e+02   3.2423900e+00   2.0657200e+00   1.2607600e+01   1.0000000e+00
   2.4700000e+02   8.8925200e+00   9.7890000e+00   1.2084500e+01   1.0000000e+00
   2.4800000e+02   1.2675100e+01   1.0555800e+00   1.1965700e+01   1.0000000e+00
   2.4900000e+02   5.0583800e+00  -7.6285200e+00   4.6280000e+01   2.0000000e+00
   2.5000000e+02  -1.0846400e+01  -1.2178800e+01   4.5018100e+01  -2.0000000e+00
   2.5100000e+02   1.8361200e+00   8.2612100e+00   1.2583200e+01   1.0000000e+00
   2.5200000e+02   1.0287500e+01   3.7501300e+00   1.2361600e+01   1.0000000e+00
   2.5300000e+02   8.6271100e+00  -1.5914100e+01   4.7418900e+01  -1.0000000e+00
   2.5400000e+02  -9.3739200e+00  -6.1162900e+00   4.5378200e+01   2.0000000e+00
   2.5500000e+02  -8.8604000e+00  -4.1178500e+00   4.5517900e+01   2.0000000e+00
   2.5600000e+02   7.5603500e+00   1.6029800e+01   1.3646300e+01  -1.0000000e+00
   2.5700000e+02   7.5883600e+00  -1.2503300e+01   4.7037600e+01   2.0000000e+00
   2.5800000e+02   4.7899900e+00   3.5911000e+00   1.3181400e+01   1.0000000e+00
   2.5900000e+02  -1.3341700e+01  -7.2100400e+00   4.6056800e+01   2.0000000e+00
   2.6000000e+02   1.4505300e+01   9.9092900e+00   1.2759800e+01  -2.0000000e+00
   2.6100000e+02   9.1203600e+00  -1.3886600e+01   4.6998900e+01  -2.0000000e+00
   2.6200000e+02  -6.0571200e+00   1.0654200e+01   1.3152200e+01   1.0000000e+00
   2.6300000e+02   5.6030300e+00  -1.3072800e+01   4.6382800e+01   2.0000000e+00
   2.6400000e+02   6.5331700e+00  -9.0543800e+00   4.6550300e+01   2.0000000e+00
   2.6500000e+02   1.4416600e+01  -6.2417300e+00   3.8158400e+01  -2.0000000e+00
   2.6600000e+02   2.0923000e+00  -1.2241100e+01   4.6360300e+01   2.0000000e+00
   2.6700000e+02   1.4684700e+00   1.7866600e+01   1.5814700e+01  -1.0000000e+00
   2.6800000e+02  -2.5394500e+00   1.1461900e+01   1.2733200e+01   0.0000000e+00
   2.6900000e+02   4.5227900e+00  -2.1506600e+00   3.8573200e+01  -3.0000000e+00
   2.7000000e+02   2.6135400e+00  -1.7903500e+01   4.6627600e+01  -1.0000000e+00
   2.7100000e+02   2.9777600e-02   1.6334400e+01   2.6026300e+01  -2.0000000e+00
   2.7200000e+02  -1.5338100e+01  -7.8080600e+00   4.5899000e+01  -2.0000000e+00
   2.7300000e+02   1.0723200e+01   1.7000000e+00   1.1952000e+01   1.0000000e+00
   2.7400000e+02   1.5333900e+01   5.8731600e+00   1.1069600e+01  -2.0000000e+00
   2.7500000e+02   6.5197200e+00   1.2460600e+01   1.3566300e+01   1.0000000e+00
   2.7600000e+02   1.0579100e+01  -7.7954900e+00   4.9574700e+01   2.0000000e+00
   2.7700000e+02   7.0898400e+00  -1.4530300e+01   4.6833900e+01  -2.0000000e+00
   2.7800000e+02   1.2591800e+01  -1.4698300e+01   4.6793800e+01  -1.0000000e+00
   2.7900000e+02   9.1855100e+00   3.2398600e-01   1.1954200e+01   1.0000000e+00
   2.8000000e+02  -8.3654800e+00  -9.5995000e+00   4.5664200e+01   2.0000000e+00
   2.8100000e+02   2.4593400e+00   1.3714500e+01   1.2526900e+01   1.0000000e+00
   2.8200000e+02   1.0890100e+01   9.1626200e+00   1.2459500e+01   1.0000000e+00
   2.8300000e+02   5.9757300e+00   1.4517000e+01   1.4483900e+01  -2.0000000e+00
   2.8400000e+02   1.2155700e+01  -9.1324800e+00   4.8784900e+01   2.0000000e+00
   2.8500000e+02  -1.1423400e+01  -1.4182500e+01   2.9207100e+01  -1.0000000e+00
   2.8600000e+02   4.5655500e+00  -1.7199400e+01   4.6540300e+01  -1.0000000e+00
   2.8700000e+02  -8.6712500e-01  -1.6924000e+01   4.6111100e+01  -1.0000000e+00
   2.8800000e+02   1.2905800e+01   8.5278100e+00   1.2335100e+01   1.0000000e+00
   2.8900000e+02   4.0570400e+00  -4.1910400e+00   4.6382700e+01   2.0000000e+00
   2.9000000e+02  -4.4136300e+00  -1.6004600e+01   3.3802500e+01  -2.0000000e+00
   2.9100000e+02   1.2479600e+01  -6.9942200e+00   5.0773500e+01  -2.0000000e+00
   2.9200000e+02  -5.2135000e+00  -9.2763800e-01   1.0405100e+00  -3.0000000e+00
   2.9300000e+02  -5.7053700e+00   1.0656200e+00   1.3661600e+01   1.0000000e+00
   2.9400000e+02   6.3076100e+00   4.9755900e+00   1.2799400e+01   1.0000000e+00
   2.9500000e+02  -1.2027200e+01   1.2371800e+01   1.3671000e+01  -2.0000000e+00
   2.9600000e+02   1.1095800e+00  -1.6247300e+01   3.3976300e+01  -2.0000000e+00
   2.9700000e+02   7.7240800e-02  -5.3493200e+00   4.6512000e+01   2.0000000e+00
   2.9800000e+02  -1.5275200e+01  -2.7967600e-01   4.5509100e+01   2.0000000e+00
   2.9900000e+02   2.7881200e+00   4.1818600e+00   1.2873300e+01   1.0000000e+00
