   0.0000000e+00   1.8203900e+01  -4.3627100e+00  -1.0000000e+00
   1.0000000e+00  -8.3197400e+00  -9.3784400e-01   1.0000000e+00
   2.0000000e+00   7.5921400e+00  -1.6035300e+01   1.0000000e+00
   3.0000000e+00  -1.1360500e+01   9.3585600e-01   1.0000000e+00
   4.0000000e+00  -1.0119400e+01   9.8734400e+00  -1.0000000e+00
   5.0000000e+00   8.7880800e+00   1.1163300e+01  -1.0000000e+00
   6.0000000e+00  -1.5903900e+00  -1.3832600e+01   1.0000000e+00
   7.0000000e+00   1.6317400e+01  -9.2786400e+00   1.0000000e+00
   8.0000000e+00  -6.5170300e+00  -8.1990800e+00   1.0000000e+00
   9.0000000e+00   2.4534900e+00  -1.7689000e+01   1.0000000e+00
   1.0000000e+01  -4.3213900e+00   1.4492900e+01  -1.0000000e+00
   1.1000000e+01   5.8376000e+00   6.4838300e+00  -1.0000000e+00
   1.2000000e+01  -9.5318300e+00  -6.3134100e+00   1.0000000e+00
   1.3000000e+01  -1.7904700e+01   1.0004000e+00   1.0000000e+00
   1.4000000e+01  -1.7757600e+01  -2.3875100e+00   1.0000000e+00
   1.5000000e+01   1.4234200e+01  -9.1289800e+00   1.0000000e+00
   1.6000000e+01   1.4052400e+01  -1.2750400e+01   1.0000000e+00
   1.7000000e+01  -3.6535800e+00  -1.3779500e+01   1.0000000e+00
   1.8000000e+01  -4.3071800e+00  -4.6764600e+00   1.0000000e+00
   1.9000000e+01  -9.8369500e+00  -1.3484000e+01   1.0000000e+00
   2.0000000e+01  -9.6878200e+00  -9.8734800e+00   1.0000000e+00
   2.1000000e+01  -1.4524000e+01  -7.5203200e-01   1.0000000e+00
   2.2000000e+01   1.3598900e+01   3.5447700e+00  -1.0000000e+00
   2.3000000e+01  -1.7938800e+00   9.6305300e+00  -1.0000000e+00
   2.4000000e+01   1.1682200e+01   4.2838500e+00  -1.0000000e+00
   2.5000000e+01  -2.4150700e-03  -1.2249300e+00   1.0000000e+00
   2.6000000e+01   1.4449400e+01  -5.5808800e+00   1.0000000e+00
   2.7000000e+01   5.2343400e+00   1.0633700e+01  -1.0000000e+00
   2.8000000e+01   2.0589300e+00  -1.3265300e+00   1.0000000e+00
   2.9000000e+01  -1.2902100e+01  -1.1663400e+01   1.0000000e+00
   3.0000000e+01  -3.8415500e+00  -1.7401700e+01   1.0000000e+00
   3.1000000e+01  -2.7402500e+00   1.5825300e+01  -1.0000000e+00
   3.2000000e+01   9.8652000e+00  -1.2503200e+01   1.0000000e+00
   3.3000000e+01   1.3277300e+01  -7.3075400e+00   1.0000000e+00
   3.4000000e+01   8.7380100e+00  -1.4275500e+01   1.0000000e+00
   3.5000000e+01   8.2512900e+00   1.5390000e+01  -1.0000000e+00
   3.6000000e+01   1.2167200e+01  -9.0473200e+00   1.0000000e+00
   3.7000000e+01  -1.1473000e+01  -2.6313200e+00   1.0000000e+00
   3.8000000e+01   1.1044400e+01   8.3758000e+00  -1.0000000e+00
   3.9000000e+01  -9.2859400e+00   8.9112400e-01   1.0000000e+00
   4.0000000e+01   6.0816900e+00  -5.1679900e+00   1.0000000e+00
   4.1000000e+01  -1.0180800e+01   6.2807300e+00   1.0000000e+00
   4.2000000e+01   1.4919900e+01   6.8852100e+00  -1.0000000e+00
   4.3000000e+01   6.4358700e-01  -1.0343100e+01   1.0000000e+00
   4.4000000e+01  -1.1264000e+00   1.7184600e+01  -1.0000000e+00
   4.5000000e+01   8.4980000e+00   1.3213200e+01  -1.0000000e+00
   4.6000000e+01   1.7215200e+00   1.0139300e+01  -1.0000000e+00
   4.7000000e+01  -1.5291200e+00   7.5096900e+00  -1.0000000e+00
   4.8000000e+01   1.8380500e+01  -2.2871400e+00  -1.0000000e+00
   4.9000000e+01   7.0596100e+00  -6.9889700e+00   1.0000000e+00
   5.0000000e+01   3.0434900e-01  -1.7579400e+01   1.0000000e+00
   5.1000000e+01  -1.3268700e+01   8.1197600e+00  -1.0000000e+00
   5.2000000e+01   1.0406900e+01   1.2461600e+01  -1.0000000e+00
   5.3000000e+01   1.9167700e+00  -4.9361000e+00   1.0000000e+00
   5.4000000e+01   8.3359200e-01   1.6427300e+01  -1.0000000e+00
   5.5000000e+01  -8.1347700e+00   6.2277200e+00  -1.0000000e+00
   5.6000000e+01  -1.5595400e+01  -2.5108900e+00   1.0000000e+00
   5.7000000e+01  -1.1954600e+01  -1.3514400e+01   1.0000000e+00
   5.8000000e+01   1.3949300e+01   1.3038800e+01  -1.0000000e+00
   5.9000000e+01  -7.7846700e+00  -1.3619400e+01   1.0000000e+00
   6.0000000e+01  -6.2653900e+00   1.5294200e+01  -1.0000000e+00
   6.1000000e+01  -1.0404900e+01  -8.8247700e-01   1.0000000e+00
   6.2000000e+01  -1.3652600e+01  -6.1475200e+00   1.0000000e+00
   6.3000000e+01   1.1012800e+01  -1.0762600e+01   1.0000000e+00
   6.4000000e+01   5.7491900e+00  -1.2300100e+01   1.0000000e+00
   6.5000000e+01  -8.2172100e+00   1.6031300e+01  -1.0000000e+00
   6.6000000e+01  -4.8029700e+00   1.6746000e+01  -1.0000000e+00
   6.7000000e+01  -1.2365000e+01   2.7632800e+00   1.0000000e+00
   6.8000000e+01   4.6791200e+00   1.4796000e+01  -1.0000000e+00
   6.9000000e+01  -1.3432100e+01   1.0006800e+00   1.0000000e+00
   7.0000000e+01  -4.7597100e+00  -1.5519000e+01   1.0000000e+00
   7.1000000e+01  -1.7043200e+01  -7.7007200e+00   1.0000000e+00
   7.2000000e+01   1.1396400e+01  -3.5399900e+00   1.0000000e+00
   7.3000000e+01  -3.0376600e+00   6.7091300e-01   1.0000000e+00
   7.4000000e+01  -2.2481900e+00  -4.7806800e+00   1.0000000e+00
   7.5000000e+01  -5.9057700e+00  -1.7325000e+01   1.0000000e+00
   7.6000000e+01  -1.2323700e+00   5.4325700e+00  -1.0000000e+00
   7.7000000e+01  -1.4088400e+01  -1.3340300e+01   1.0000000e+00
   7.8000000e+01   8.1339000e+00   3.7084800e+00  -1.0000000e+00
   7.9000000e+01   6.5933700e+00   1.4048500e+01  -1.0000000e+00
   8.0000000e+01  -2.5475800e+00  -1.2015600e+01   1.0000000e+00
   8.1000000e+01  -7.8700600e+00   9.8149000e+00  -1.0000000e+00
   8.2000000e+01  -1.7550300e+00  -1.7437600e+01   1.0000000e+00
   8.3000000e+01  -1.2062600e+01   1.3949900e+01  -1.0000000e+00
   8.4000000e+01  -1.2263400e+01   6.3346600e+00   1.0000000e+00
   8.5000000e+01   4.1373100e+00  -1.3878900e+00   1.0000000e+00
   8.6000000e+01   3.4793200e+00  -1.5884100e+01   1.0000000e+00
   8.7000000e+01  -1.2561000e+01  -4.4027400e+00   1.0000000e+00
   8.8000000e+01  -7.7883100e-01   1.5127700e+01  -1.0000000e+00
   8.9000000e+01  -4.1381100e+00  -1.0658700e+00   1.0000000e+00
   9.0000000e+01   1.7955400e+01  -7.9754900e+00   1.0000000e+00
   9.1000000e+01   1.4367900e+00  -1.5760300e+01   1.0000000e+00
   9.2000000e+01   2.0083600e+00   8.0509600e+00  -1.0000000e+00
   9.3000000e+01   4.7897000e+00  -1.0457800e+01   1.0000000e+00
   9.4000000e+01  -1.5792000e+01   1.2040600e+01  -1.0000000e+00
   9.5000000e+01  -8.4237700e+00  -4.5315400e+00   1.0000000e+00
   9.6000000e+01  -1.5351400e+01   8.1930400e+00   1.0000000e+00
   9.7000000e+01   4.2325800e+00   5.0884800e+00  -1.0000000e+00
   9.8000000e+01   6.4969100e-01   4.6294900e+00  -1.0000000e+00
   9.9000000e+01  -4.5441100e-01   1.3078600e+01  -1.0000000e+00
   1.0000000e+02   9.1138500e+00   9.1255900e+00  -1.0000000e+00
   1.0100000e+02   6.3173100e+00   1.6107600e+01  -1.0000000e+00
   1.0200000e+02   5.5350900e+00   8.5251000e+00  -1.0000000e+00
   1.0300000e+02   1.1171000e+01  -7.1740400e+00   1.0000000e+00
   1.0400000e+02   7.2445500e+00  -3.3398600e+00   1.0000000e+00
   1.0500000e+02  -1.6308300e+01   1.0052100e+01  -1.0000000e+00
   1.0600000e+02  -4.6025200e+00  -1.1944100e+01   1.0000000e+00
   1.0700000e+02   1.0226700e+01  -5.2820100e+00   1.0000000e+00
   1.0800000e+02  -1.5941600e-01  -4.8666700e+00   1.0000000e+00
   1.0900000e+02   1.2992700e+01   7.6378400e+00  -1.0000000e+00
   1.1000000e+02  -1.6592700e+01  -6.7964800e-01   1.0000000e+00
   1.1100000e+02  -5.7377700e+00  -1.3696000e+01   1.0000000e+00
   1.1200000e+02  -1.2718100e+01  -7.9896000e+00   1.0000000e+00
   1.1300000e+02  -5.1180000e+00   7.3947700e-01   1.0000000e+00
   1.1400000e+02  -1.3525100e+00   2.6888700e+00   1.0000000e+00
   1.1500000e+02   8.5121500e+00  -8.9642000e-01  -1.0000000e+00
   1.1600000e+02   1.5167300e+01  -1.1008300e+01   1.0000000e+00
   1.1700000e+02  -1.3802500e+01  -9.7453700e+00   1.0000000e+00
   1.1800000e+02  -1.6871700e+01  -4.3007000e+00   1.0000000e+00
   1.1900000e+02   1.6986300e+01  -6.0888100e+00   1.0000000e+00
   1.2000000e+02   4.9342600e+00  -6.8687300e+00   1.0000000e+00
   1.2100000e+02   7.4167400e-01   2.5641100e+00  -1.0000000e+00
   1.2200000e+02   1.5219000e+01   4.8408500e+00  -1.0000000e+00
   1.2300000e+02   8.2515100e-02   8.8140500e+00  -1.0000000e+00
   1.2400000e+02  -1.6014000e+01  -9.6560100e+00   1.0000000e+00
   1.2500000e+02  -5.5351900e+00  -1.0094400e+01   1.0000000e+00
   1.2600000e+02   1.4361100e+01   1.1009400e+01  -1.0000000e+00
   1.2700000e+02   9.7348500e+00   5.0042200e+00  -1.0000000e+00
   1.2800000e+02  -8.9726300e+00  -1.5439000e+01   1.0000000e+00
   1.2900000e+02  -6.1335100e-01  -1.5676700e+01   1.0000000e+00
   1.3000000e+02   4.6164200e+00  -1.4035500e+01   1.0000000e+00
   1.3100000e+02   1.6870900e+01   6.1085000e+00  -1.0000000e+00
   1.3200000e+02  -1.1662500e+01   1.1920500e+01  -1.0000000e+00
   1.3300000e+02   1.1391600e+01   6.3473800e+00  -1.0000000e+00
   1.3400000e+02  -1.0650000e+01  -8.0603800e+00   1.0000000e+00
   1.3500000e+02  -8.7555300e+00  -1.1714400e+01   1.0000000e+00
   1.3600000e+02  -1.2622900e+00  -6.6138400e+00   1.0000000e+00
   1.3700000e+02   8.0907400e-01  -6.6707800e+00   1.0000000e+00
   1.3800000e+02  -4.0142600e+00   1.2458200e+01  -1.0000000e+00
   1.3900000e+02   3.8272000e+00  -8.5992700e+00   1.0000000e+00
   1.4000000e+02  -7.0086600e+00   7.9488800e+00  -1.0000000e+00
   1.4100000e+02   6.8327100e+00   3.9389100e-01  -1.0000000e+00
   1.4200000e+02  -5.3962700e+00  -6.4343300e+00   1.0000000e+00
   1.4300000e+02  -4.0160100e+00   2.4976400e+00   1.0000000e+00
   1.4400000e+02   1.4346800e+00   1.2252100e+01  -1.0000000e+00
   1.4500000e+02  -3.3332300e+00  -6.5361300e+00   1.0000000e+00
   1.4600000e+02   3.0811500e+00   1.3502700e+01  -1.0000000e+00
   1.4700000e+02  -6.8250200e+00  -1.5468500e+01   1.0000000e+00
   1.4800000e+02   4.9246500e-01  -1.3916100e+01   1.0000000e+00
   1.4900000e+02   1.8491300e+01  -1.9766600e-01  -1.0000000e+00
   1.5000000e+02  -3.4782900e+00   8.1762900e+00  -1.0000000e+00
   1.5100000e+02   7.8086200e+00  -1.2428100e+01   1.0000000e+00
   1.5200000e+02  -7.1707900e+00   8.0268000e-01   1.0000000e+00
   1.5300000e+02  -5.9606500e+00   6.1783400e+00  -1.0000000e+00
   1.5400000e+02   8.9446600e+00  -1.0663500e+01   1.0000000e+00
   1.5500000e+02  -5.9321300e+00   1.3221300e+01  -1.0000000e+00
   1.5600000e+02  -1.0472900e+01  -4.4841800e+00   1.0000000e+00
   1.5700000e+02   8.4680800e+00   1.6298300e+00  -1.0000000e+00
   1.5800000e+02  -1.6677700e-01   1.0972800e+01  -1.0000000e+00
   1.5900000e+02   1.1926000e+01  -1.2612100e+01   1.0000000e+00
   1.6000000e+02   7.4681900e+00   7.8031800e+00  -1.0000000e+00
   1.6100000e+02  -1.5002600e+01  -1.1455000e+01   1.0000000e+00
   1.6200000e+02  -9.1983900e+00   4.4721600e+00   1.0000000e+00
   1.6300000e+02  -1.4254100e+01   9.9653400e+00  -1.0000000e+00
   1.6400000e+02  -1.6482800e+01   6.4443900e+00   1.0000000e+00
   1.6500000e+02  -1.5529700e+01   4.6119100e+00   1.0000000e+00
   1.6600000e+02   1.4263100e+01  -5.2316900e-01  -1.0000000e+00
   1.6700000e+02  -6.1117900e+00   2.5723600e+00   1.0000000e+00
   1.6800000e+02  -1.0809200e+01  -1.1648000e+01   1.0000000e+00
   1.6900000e+02   1.2581100e+01  -1.8637000e+00  -1.0000000e+00
   1.7000000e+02   1.2876900e+01  -1.4464300e+01   1.0000000e+00
   1.7100000e+02  -2.8813800e+00   4.2058300e+00  -1.0000000e+00
   1.7200000e+02   1.2021700e+01   1.3744300e+01  -1.0000000e+00
   1.7300000e+02   1.3460100e+01  -3.7572000e+00   1.0000000e+00
   1.7400000e+02  -9.4860100e-01   6.2194100e-01   1.0000000e+00
   1.7500000e+02  -7.5977900e+00  -9.9636500e+00   1.0000000e+00
   1.7600000e+02  -9.0873600e+00   8.0541000e+00  -1.0000000e+00
   1.7700000e+02  -1.1603000e+01  -6.2332200e+00   1.0000000e+00
   1.7800000e+02   1.2294000e+01   1.6881000e-01  -1.0000000e+00
   1.7900000e+02   1.5055200e+01  -2.4578200e+00  -1.0000000e+00
   1.8000000e+02   1.0297000e+01   6.7185000e-01  -1.0000000e+00
   1.8100000e+02   1.5547700e+01   2.8114200e+00  -1.0000000e+00
   1.8200000e+02  -3.6781900e+00   6.1235300e+00  -1.0000000e+00
   1.8300000e+02  -1.2174300e+01   9.8998400e+00  -1.0000000e+00
   1.8400000e+02   1.1244600e+01   1.6207300e+01  -1.0000000e+00
   1.8500000e+02  -3.7043000e+00   1.0432400e+01  -1.0000000e+00
   1.8600000e+02  -7.8609500e+00   1.3968900e+01  -1.0000000e+00
   1.8700000e+02   1.6560000e+01   8.1977000e+00  -1.0000000e+00
   1.8800000e+02   1.4623500e+01   8.9361400e+00  -1.0000000e+00
   1.8900000e+02   1.3956500e+01   1.5087400e+00  -1.0000000e+00
   1.9000000e+02   1.5399900e+01  -7.4032500e+00   1.0000000e+00
   1.9100000e+02   1.3307800e+01   5.5976700e+00  -1.0000000e+00
   1.9200000e+02   1.1090500e+00   5.2484100e-01   1.0000000e+00
   1.9300000e+02  -1.2462500e+01  -8.0021700e-01   1.0000000e+00
   1.9400000e+02   9.3065900e+00  -3.4438400e+00   1.0000000e+00
   1.9500000e+02  -2.3623100e+00   1.3813400e+01  -1.0000000e+00
   1.9600000e+02  -1.3535800e+01  -2.5750300e+00   1.0000000e+00
   1.9700000e+02   2.8099100e+00   1.5666000e+01  -1.0000000e+00
   1.9800000e+02  -1.4428600e+01   2.8345900e+00   1.0000000e+00
   1.9900000e+02  -7.4815700e+00  -6.3739800e+00   1.0000000e+00
   2.0000000e+02   4.3505200e-01   1.8578700e+01  -1.0000000e+00
   2.0100000e+02   3.6412500e+00   9.3490400e+00  -1.0000000e+00
   2.0200000e+02  -1.7414000e+01   8.3315200e+00   1.0000000e+00
   2.0300000e+02  -2.0714800e+00  -1.1695100e+00   1.0000000e+00
   2.0400000e+02  -6.6743900e+00  -1.1839100e+01   1.0000000e+00
   2.0500000e+02  -7.1144100e+00   4.4338500e+00   1.0000000e+00
   2.0600000e+02  -9.6147100e+00   1.1880500e+01  -1.0000000e+00
   2.0700000e+02  -5.6313900e+00   1.1190000e+01  -1.0000000e+00
   2.0800000e+02   2.3728600e+00   1.7868800e+01  -1.0000000e+00
   2.0900000e+02  -5.3128200e+00   9.1494400e+00  -1.0000000e+00
   2.1000000e+02   2.2959800e+00   5.9402000e+00  -1.0000000e+00
   2.1100000e+02   5.1319600e+00  -3.3251100e+00   1.0000000e+00
   2.1200000e+02   6.8757800e+00   1.1920600e+01  -1.0000000e+00
   2.1300000e+02   1.0489400e+01  -1.4501300e+00  -1.0000000e+00
   2.1400000e+02   1.6649000e+01  -1.1443600e+00  -1.0000000e+00
   2.1500000e+02  -1.1027400e+00  -3.0418100e+00   1.0000000e+00
   2.1600000e+02  -8.5651600e+00  -8.1473300e+00   1.0000000e+00
   2.1700000e+02   1.2018500e+01   2.2079500e+00  -1.0000000e+00
   2.1800000e+02   1.2088800e+00   1.4375600e+01  -1.0000000e+00
   2.1900000e+02   2.8668900e+00  -6.7486000e+00   1.0000000e+00
   2.2000000e+02   5.5323100e+00  -1.6001900e+01   1.0000000e+00
   2.2100000e+02   1.2660400e+01   9.6915200e+00  -1.0000000e+00
   2.2200000e+02   1.0069600e+01  -8.9198600e+00   1.0000000e+00
   2.2300000e+02  -1.4381200e+01   6.3494900e+00   1.0000000e+00
   2.2400000e+02   1.1762000e+01  -1.6228100e+01   1.0000000e+00
   2.2500000e+02   6.4901600e+00   2.4161700e+00  -1.0000000e+00
   2.2600000e+02   9.4019700e+00   7.0544800e+00  -1.0000000e+00
   2.2700000e+02   6.2157100e+00  -1.5649800e+00   1.0000000e+00
   2.2800000e+02  -6.2176200e+00  -1.0086400e+00   1.0000000e+00
   2.2900000e+02   8.1524300e+00  -5.2316000e+00   1.0000000e+00
   2.3000000e+02   1.6033100e+01  -4.2719300e+00   1.0000000e+00
   2.3100000e+02  -1.4854800e+01  -7.9645700e+00   1.0000000e+00
   2.3200000e+02  -6.3717100e+00  -4.6067100e+00   1.0000000e+00
   2.3300000e+02   9.1199100e+00  -7.0661900e+00   1.0000000e+00
   2.3400000e+02  -1.5747400e+01  -6.1025100e+00   1.0000000e+00
   2.3500000e+02   4.1415800e-01   6.7442600e+00  -1.0000000e+00
   2.3600000e+02   7.8044100e+00   5.7660700e+00  -1.0000000e+00
   2.3700000e+02  -1.4234100e+00  -1.0252200e+01   1.0000000e+00
   2.3800000e+02   6.2118900e+00   4.4503200e+00  -1.0000000e+00
   2.3900000e+02  -4.4552100e+00  -8.2724400e+00   1.0000000e+00
   2.4000000e+02  -3.4679400e+00  -1.0173300e+01   1.0000000e+00
   2.4100000e+02   1.0045700e+01   2.9560600e+00  -1.0000000e+00
   2.4200000e+02  -1.0005400e+01   1.3905700e+01  -1.0000000e+00
   2.4300000e+02   1.7725800e+00  -8.4980900e+00   1.0000000e+00
   2.4400000e+02  -2.8449600e+00  -1.9229800e+01   1.0000000e+00
   2.4500000e+02   7.1456900e+00   9.8470100e+00  -1.0000000e+00
   2.4600000e+02   1.7193500e+01   4.0482300e+00  -1.0000000e+00
   2.4700000e+02   3.6653900e+00  -1.2193100e+01   1.0000000e+00
   2.4800000e+02   4.9795300e+00   1.2740300e+01  -1.0000000e+00
   2.4900000e+02   8.0222100e+00  -8.8088500e+00   1.0000000e+00
   2.5000000e+02  -4.6689100e-01  -1.2085100e+01   1.0000000e+00
   2.5100000e+02   1.0721800e+01   1.0423000e+01  -1.0000000e+00
   2.5200000e+02  -7.3535200e+00  -2.7509000e+00   1.0000000e+00
   2.5300000e+02   3.8991800e+00   7.2288300e+00  -1.0000000e+00
   2.5400000e+02   1.2334600e+01   1.1723500e+01  -1.0000000e+00
   2.5500000e+02   4.4871400e+00   3.0339600e+00  -1.0000000e+00
   2.5600000e+02   2.7244300e+00  -1.0353000e+01   1.0000000e+00
   2.5700000e+02  -5.2341300e+00  -2.8298300e+00   1.0000000e+00
   2.5800000e+02  -3.0383100e+00   1.7938800e+01  -1.0000000e+00
   2.5900000e+02  -2.8882700e-01  -8.4541700e+00   1.0000000e+00
   2.6000000e+02   3.3532500e+00   1.1458700e+01  -1.0000000e+00
   2.6100000e+02   1.2276900e+01  -5.4414400e+00   1.0000000e+00
   2.6200000e+02   2.8127400e+00   1.8147200e+00  -1.0000000e+00
   2.6300000e+02   6.6783100e+00  -1.4158400e+01   1.0000000e+00
   2.6400000e+02  -1.4649100e+01  -4.3422000e+00   1.0000000e+00
   2.6500000e+02  -9.4164000e+00  -2.7088800e+00   1.0000000e+00
   2.6600000e+02   1.0108700e+01   1.4502600e+01  -1.0000000e+00
   2.6700000e+02   1.5954300e+00  -1.2184700e+01   1.0000000e+00
   2.6800000e+02   2.5519200e+00  -1.4023000e+01   1.0000000e+00
   2.6900000e+02   5.9098600e+00  -8.6938700e+00   1.0000000e+00
   2.7000000e+02  -8.2099800e+00   2.6448400e+00   1.0000000e+00
   2.7100000e+02  -1.0342000e+01   1.5923800e+01  -1.0000000e+00
   2.7200000e+02  -5.0193300e+00   4.3432500e+00   1.0000000e+00
   2.7300000e+02   3.9832400e+00  -5.0245100e+00   1.0000000e+00
   2.7400000e+02   9.7018800e+00  -1.6120100e+01   1.0000000e+00
   2.7500000e+02  -2.0760600e+00   1.1726000e+01  -1.0000000e+00
   2.7600000e+02   4.4262200e+00   1.6973400e+01  -1.0000000e+00
   2.7700000e+02  -1.1746500e+01  -9.8090900e+00   1.0000000e+00
   2.7800000e+02  -1.6625200e+01   2.8650700e+00   1.0000000e+00
   2.7900000e+02   1.0814100e+01  -1.4346400e+01   1.0000000e+00
   2.8000000e+02   9.7520900e-01  -3.0872200e+00   1.0000000e+00
   2.8100000e+02  -2.3628500e+00  -8.3767400e+00   1.0000000e+00
   2.8200000e+02  -1.7681500e+01   4.7700800e+00   1.0000000e+00
   2.8300000e+02   1.3094800e+01  -1.0876900e+01   1.0000000e+00
   2.8400000e+02  -1.4127600e+01   1.4016000e+01  -1.0000000e+00
   2.8500000e+02   2.5614300e+00   3.8732300e+00  -1.0000000e+00
   2.8600000e+02  -1.0281600e+01   2.6963800e+00   1.0000000e+00
   2.8700000e+02   1.5888400e+01   7.5876700e-01  -1.0000000e+00
   2.8800000e+02  -1.3707100e+01   1.1978700e+01  -1.0000000e+00
   2.8900000e+02  -7.5645300e+00   1.1913500e+01  -1.0000000e+00
   2.9000000e+02  -1.1172500e+01   8.1050400e+00  -1.0000000e+00
   2.9100000e+02   1.7649600e+01   1.8605300e+00  -1.0000000e+00
   2.9200000e+02  -2.6782900e+00  -1.5603100e+01   1.0000000e+00
   2.9300000e+02   6.8734600e+00  -1.0572500e+01   1.0000000e+00
   2.9400000e+02   3.0625300e+00  -3.1881900e+00   1.0000000e+00
   2.9500000e+02   4.6120700e+00   7.3502000e-01  -1.0000000e+00
   2.9600000e+02  -3.1785000e+00  -2.9055100e+00   1.0000000e+00
   2.9700000e+02  -1.1264400e+01   4.5264600e+00   1.0000000e+00
   2.9800000e+02  -1.5485800e+01   1.0757700e+00   1.0000000e+00
   2.9900000e+02  -1.3326900e+01   4.5797700e+00   1.0000000e+00
