   0.0000000e+00   4.9675100e+00  -3.5208900e+00   4.4504500e+01   1.0000000e+00
   1.0000000e+00  -3.2143400e+00   5.7173400e+00   3.8342400e+01   1.0000000e+00
   2.0000000e+00  -4.0468900e+00   1.6034900e+01   2.4696200e+01  -2.0000000e+00
   3.0000000e+00  -6.5269400e+00   7.0065100e+00   3.8430800e+01   1.0000000e+00
   4.0000000e+00  -1.0095700e+01   2.8281800e+00   3.8887900e+01   1.0000000e+00
   5.0000000e+00   1.2486900e+01  -3.1675900e+00   4.6293400e+01   1.0000000e+00
   6.0000000e+00  -7.6522600e+00  -1.3676200e+01   4.1124200e+01   1.0000000e+00
   7.0000000e+00   1.2997400e+01  -8.6318200e+00   4.7071700e+01   1.0000000e+00
   8.0000000e+00  -1.2307200e+01   1.5477700e+01  -4.6308600e-01  -1.0000000e+00
   9.0000000e+00   1.7531100e+01  -5.3162900e+00   6.3716200e+01  -1.0000000e+00
   1.0000000e+01  -6.5795300e-01   2.4712700e+00   4.0645600e+01  -3.0000000e+00
   1.1000000e+01  -7.0529300e+00   1.8150700e+01   2.7540800e+01  -1.0000000e+00
   1.2000000e+01   1.7974400e+01  -3.2356700e+00   6.2048200e+01  -1.0000000e+00
   1.3000000e+01   1.0025800e+01   1.8043400e+00   2.7401200e+01  -3.0000000e+00
   1.4000000e+01   9.9161700e-01   1.2834700e+01   2.1600900e+01   2.0000000e+00
   1.5000000e+01  -2.4213900e+00   7.6329000e+00   3.8094000e+01  -3.0000000e+00
   1.6000000e+01  -1.3461900e+01   4.1000400e+00   3.9558600e+01   1.0000000e+00
   1.7000000e+01   2.9425500e+00   1.7863100e+01   1.6147700e+01  -1.0000000e+00
   1.8000000e+01   1.6967800e+01   3.1763500e+00   1.7852300e+01  -1.0000000e+00
   1.9000000e+01  -7.0462000e+00  -1.1698400e+01   4.2428200e+01   0.0000000e+00
   2.0000000e+01   4.4254500e+00   1.4029600e+01   2.0296700e+01   2.0000000e+00
   2.1000000e+01  -1.4987500e+01  -5.3929100e+00   3.9017800e+01  -2.0000000e+00
   2.2000000e+01   3.7161400e+00   1.5970200e+01   2.0492100e+01  -2.0000000e+00
   2.3000000e+01  -5.2793900e+00   5.3754900e+00   3.8437400e+01   1.0000000e+00
   2.4000000e+01   9.6953700e+00  -1.3385600e+01   4.4148800e+01  -2.0000000e+00
   2.5000000e+01   5.8289800e+00   4.6211700e+00   1.8792900e+01   2.0000000e+00
   2.6000000e+01  -1.0818300e+01  -1.0215500e+01   4.2572800e+01   0.0000000e+00
   2.7000000e+01  -4.7625900e+00  -3.7398400e+00   3.9942900e+01   1.0000000e+00
   2.8000000e+01  -1.3767800e+01   1.3122700e+01   3.9012100e+01  -1.0000000e+00
   2.9000000e+01   1.0422100e+01  -3.7169800e+00   4.5946400e+01   1.0000000e+00
   3.0000000e+01   6.5264000e+00   1.3698500e+01   1.9734700e+01   2.0000000e+00
   3.1000000e+01   8.3826100e+00  -1.7297300e+01   4.5433800e+01  -1.0000000e+00
   3.2000000e+01   1.6427000e+01  -1.7937600e+00   4.7183600e+01  -2.0000000e+00
   3.3000000e+01  -2.7166500e+00   1.7631600e+01   2.7084200e+01  -1.0000000e+00
   3.4000000e+01  -6.0920200e+00  -2.0428200e+00   3.8894800e+01   1.0000000e+00
   3.5000000e+01   1.7883200e+00   5.5095700e+00   1.4179200e+01  -3.0000000e+00
   3.6000000e+01  -1.1430200e+01   4.4377500e+00   3.9120500e+01   1.0000000e+00
   3.7000000e+01   8.9150400e+00  -2.2647200e+00   4.6398100e+01   1.0000000e+00
   3.8000000e+01   1.7513200e+00   1.0893900e+01   2.0551000e+01   2.0000000e+00
   3.9000000e+01  -1.8903500e+00  -6.9331700e+00   4.2603000e+01   1.0000000e+00
   4.0000000e+01  -6.2795200e+00   1.2483600e+01   3.6648000e+01   1.0000000e+00
   4.1000000e+01   5.2904800e+00  -8.9272100e+00   4.3186800e+01   0.0000000e+00
   4.2000000e+01   7.6377500e-02   4.3902700e+00   3.5703700e+01  -3.0000000e+00
   4.3000000e+01  -5.7881700e+00   8.9313700e+00   3.8664600e+01   1.0000000e+00
   4.4000000e+01  -1.4547800e+01   1.1181000e+01   5.3004800e+01  -1.0000000e+00
   4.5000000e+01   2.4737300e+00   8.9773600e+00   1.8975100e+01   2.0000000e+00
   4.6000000e+01  -6.0131500e+00  -7.7076800e+00   3.9754200e+01   1.0000000e+00
   4.7000000e+01   9.9452100e+00   9.3772000e+00   1.8551100e+01   2.0000000e+00
   4.8000000e+01   7.2176500e+00   1.1747400e+01   1.8898800e+01   2.0000000e+00
   4.9000000e+01  -8.3722200e+00   1.2190400e+01   3.8399200e+01   1.0000000e+00
   5.0000000e+01   7.9845300e+00   1.5359500e+01   7.4245600e+00  -2.0000000e+00
   5.1000000e+01   6.9573100e+00  -2.9570100e+00   4.6546300e+01   1.0000000e+00
   5.2000000e+01   6.4314900e+00  -4.9770500e+00   4.4933900e+01   1.0000000e+00
   5.3000000e+01   1.6068300e+00  -7.9100300e+00   4.2735200e+01   1.0000000e+00
   5.4000000e+01   9.2527400e+00   1.1322300e+01   1.8555800e+01   2.0000000e+00
   5.5000000e+01   1.1892100e+01  -5.1924000e+00   4.6035200e+01   1.0000000e+00
   5.6000000e+01   1.5513600e+01   1.6769600e+00   4.0764300e+01  -2.0000000e+00
   5.7000000e+01   6.7890700e-01   7.2478400e+00   1.6503100e+01  -3.0000000e+00
   5.8000000e+01  -6.1634500e+00  -1.5315200e+01   4.2695000e+01  -2.0000000e+00
   5.9000000e+01   1.5515000e+01   9.9412200e+00   2.1102400e+00  -1.0000000e+00
   6.0000000e+01   8.4616300e+00  -4.3471500e+00   4.6627200e+01   1.0000000e+00
   6.1000000e+01  -1.2882400e+01   4.4292700e-01   3.9754500e+01   1.0000000e+00
   6.2000000e+01  -1.9830600e+00  -1.4215800e+00   4.0788300e+01   1.0000000e+00
   6.3000000e+01   1.5300600e+01   4.4635800e+00   2.3019400e+01  -2.0000000e+00
   6.4000000e+01  -4.4876400e-01  -8.4260000e+00   4.4049800e+01   1.0000000e+00
   6.5000000e+01   1.1896600e+01  -1.2703200e+01   5.7296400e+01  -2.0000000e+00
   6.6000000e+01  -2.7150200e+00   2.1529800e+00   3.9475300e+01   1.0000000e+00
   6.7000000e+01  -1.1120200e+01  -1.2257300e+01   4.3369800e+01   0.0000000e+00
   6.8000000e+01   2.3207300e+00   1.4405900e+01   2.0500100e+01   2.0000000e+00
   6.9000000e+01  -1.1960800e+01   7.9586200e+00   3.8943400e+01   1.0000000e+00
   7.0000000e+01   1.1987600e+01   8.9343500e+00   1.7977100e+01   2.0000000e+00
   7.1000000e+01   4.5402700e+00   8.5685600e+00   1.9103400e+01   2.0000000e+00
   7.2000000e+01  -2.1289800e+00  -1.4423300e+01   4.4114700e+01   1.0000000e+00
   7.3000000e+01   1.3896500e+01   2.9552900e+00   3.2957500e+01  -3.0000000e+00
   7.4000000e+01  -5.3390900e+00   1.4346800e+01   2.9981300e+01  -3.0000000e+00
   7.5000000e+01   1.3999300e+01  -1.2081800e+01   4.6264400e+01  -1.0000000e+00
   7.6000000e+01   3.0507700e+00  -9.3792500e+00   4.3139200e+01   0.0000000e+00
   7.7000000e+01   3.8105800e+00   1.0533500e+01   1.9885000e+01   2.0000000e+00
   7.8000000e+01  -8.0700700e+00   3.1430700e+00   3.8653800e+01   1.0000000e+00
   7.9000000e+01   1.4039400e+01   8.4819800e+00   1.6976500e+01  -2.0000000e+00
   8.0000000e+01   5.8472200e+00   1.0161000e+01   1.9482100e+01   2.0000000e+00
   8.1000000e+01   3.8305600e+00  -7.4746600e+00   4.2970800e+01   0.0000000e+00
   8.2000000e+01  -1.2857500e+01  -1.0574000e+01   4.2997000e+01  -2.0000000e+00
   8.3000000e+01   5.5262000e+00  -1.4957300e+00   4.5968800e+01   1.0000000e+00
   8.4000000e+01  -1.0646100e+01   6.3586300e+00   3.9114600e+01   1.0000000e+00
   8.5000000e+01   1.4818400e+01   1.2003900e+01   3.1499200e+00  -1.0000000e+00
   8.6000000e+01   7.3084300e+00  -8.4482900e+00   4.4776900e+01   1.0000000e+00
   8.7000000e+01  -1.7001800e+01   5.3644700e+00   5.5620100e+01  -1.0000000e+00
   8.8000000e+01  -5.3589600e+00  -5.7408400e+00   4.0460300e+01   1.0000000e+00
   8.9000000e+01  -4.0520900e+00  -1.7862500e+00   3.9594600e+01   1.0000000e+00
   9.0000000e+01  -2.3924100e+00   1.1442400e+01   3.0510700e+01  -3.0000000e+00
   9.1000000e+01  -1.5760600e+01  -7.3680800e+00   4.1313600e+01  -2.0000000e+00
   9.2000000e+01  -3.5910800e+00  -1.2909100e+01   4.2912800e+01   1.0000000e+00
   9.3000000e+01  -1.5531400e+00   1.5917300e+01   3.4357500e+01  -2.0000000e+00
   9.4000000e+01   6.8918400e+00  -1.5870500e+01   3.3301000e+01  -2.0000000e+00
   9.5000000e+01   2.5303700e+00  -1.1358100e+01   4.4352400e+01   1.0000000e+00
   9.6000000e+01  -1.3588600e+01  -6.9972900e+00   4.1152400e+01   1.0000000e+00
   9.7000000e+01  -6.8345900e+00  -3.9758600e+00   3.9433900e+01   1.0000000e+00
   9.8000000e+01  -1.1711500e+01  -1.4316000e+01   2.9166000e+01  -2.0000000e+00
   9.9000000e+01   5.7896500e+00   1.5652400e+01   2.0969100e+01  -2.0000000e+00
   1.0000000e+02  -1.2943100e+01  -5.0424200e+00   4.0655700e+01   1.0000000e+00
   1.0100000e+02  -5.4068900e+00  -1.0965500e-01   3.9453700e+01   1.0000000e+00
   1.0200000e+02  -9.1264600e+00   1.0227500e+01   3.8925000e+01   1.0000000e+00
   1.0300000e+02   8.8449900e-01  -4.5046500e+00   4.2368100e+01   1.0000000e+00
   1.0400000e+02  -8.8343200e+00  -1.7622200e+01   3.9903400e+01  -1.0000000e+00
   1.0500000e+02  -1.0406200e+01   1.1841300e+01   3.8629800e+01   1.0000000e+00
   1.0600000e+02  -1.2131900e+01   2.5031500e+00   3.9511600e+01   1.0000000e+00
   1.0700000e+02  -6.6819800e+00  -9.6606500e+00   4.1712900e+01   0.0000000e+00
   1.0800000e+02   6.7749800e+00  -1.0439000e+01   4.3404200e+01   0.0000000e+00
   1.0900000e+02  -9.0952500e+00  -1.1928800e+01   4.2394700e+01   0.0000000e+00
   1.1000000e+02   9.4484900e+00  -2.5624200e-01   4.4860100e+01   1.0000000e+00
   1.1100000e+02  -1.1541700e+01  -6.6166400e+00   4.1061400e+01   1.0000000e+00
   1.1200000e+02  -1.3588100e+01  -1.5100000e+00   4.0244100e+01   1.0000000e+00
   1.1300000e+02  -4.7229100e-02  -1.3875500e+01   4.4530800e+01   1.0000000e+00
   1.1400000e+02  -8.1211800e+00  -2.3588900e+00   3.9586700e+01   1.0000000e+00
   1.1500000e+02   1.8441600e+01   1.7205800e+00   3.0533700e+01  -1.0000000e+00
   1.1600000e+02  -1.5625500e+01  -1.8133200e+00   3.9281600e+01  -2.0000000e+00
   1.1700000e+02   7.4510300e+00  -1.3869400e+01   4.3431900e+01   0.0000000e+00
   1.1800000e+02   8.5734200e+00   7.8107600e+00   1.9420200e+01   2.0000000e+00
   1.1900000e+02  -1.2475500e+01   1.1511000e+01   3.8473400e+01  -2.0000000e+00
   1.2000000e+02   5.9907400e+00  -1.2395900e+01   4.2413500e+01   0.0000000e+00
   1.2100000e+02  -3.6683900e+00   9.2695100e+00   3.6847300e+01   1.0000000e+00
   1.2200000e+02   4.3828700e+00   2.9528900e+00   2.9363000e+01  -3.0000000e+00
   1.2300000e+02   1.6472500e+01  -9.4808000e+00   4.4964700e+01  -1.0000000e+00
   1.2400000e+02  -1.4154400e+01   2.1335200e+00   3.9329100e+01   1.0000000e+00
   1.2500000e+02   1.2504500e+01  -1.0672100e+01   4.5964700e+01  -2.0000000e+00
   1.2600000e+02  -3.9900400e+00   3.7724200e+00   3.8562100e+01   1.0000000e+00
   1.2700000e+02   6.8245900e-02  -1.0334700e+00   4.1873700e+01   1.0000000e+00
   1.2800000e+02   1.4472500e+01  -2.5143000e+00   4.8141100e+01   1.0000000e+00
   1.2900000e+02  -9.6927600e+00  -1.3925800e+01   4.0726000e+01  -2.0000000e+00
   1.3000000e+02   1.0587300e+01   7.4220800e+00   1.8114500e+01   2.0000000e+00
   1.3100000e+02   1.4942200e-01   1.4705700e+01   2.8202600e+01  -3.0000000e+00
   1.3200000e+02   4.1973900e-01   9.2885900e+00   6.5841900e+00  -3.0000000e+00
   1.3300000e+02   1.0980500e+01  -9.2755000e+00   4.6580900e+01   1.0000000e+00
   1.3400000e+02   1.8562200e+01  -1.1926000e+00   4.6293000e+01  -1.0000000e+00
   1.3500000e+02  -1.1674400e+01   1.3499300e+01   2.2733000e+01  -2.0000000e+00
   1.3600000e+02  -1.4003000e+01   7.6333900e+00   3.9410300e+01  -2.0000000e+00
   1.3700000e+02  -1.2232400e+01  -3.0648200e+00   4.0358400e+01   1.0000000e+00
   1.3800000e+02   1.2616000e+01   6.9613300e+00   1.7469500e+01   2.0000000e+00
   1.3900000e+02   7.2014600e+00   6.1557800e+00   1.8963800e+01   2.0000000e+00
   1.4000000e+02   1.1818200e+01   2.8626500e+00   3.2078200e+01  -3.0000000e+00
   1.4100000e+02   2.3630700e+00  -5.9956500e+00   4.2857500e+01   0.0000000e+00
   1.4200000e+02  -4.7432400e+00   1.8415600e+00   3.9151800e+01   1.0000000e+00
   1.4300000e+02   1.0650600e+01   1.2894700e+01   1.8825400e+01  -2.0000000e+00
   1.4400000e+02  -1.3131200e+00   5.2022800e-01   4.1306000e+01   1.0000000e+00
   1.4500000e+02  -1.4933300e+01   1.2521900e-01   3.8834200e+01  -2.0000000e+00
   1.4600000e+02   7.4578500e+00  -8.0431500e-01   4.6103600e+01   1.0000000e+00
   1.4700000e+02   3.7998100e+00   4.9324700e+00   1.6069200e+01  -3.0000000e+00
   1.4800000e+02  -7.2985500e+00   5.0831400e+00   3.8283200e+01   1.0000000e+00
   1.4900000e+02  -1.0854500e+01   8.5674500e-01   3.9772100e+01   1.0000000e+00
   1.5000000e+02  -6.7276200e+00  -1.7394500e+01   4.0902400e+01  -1.0000000e+00
   1.5100000e+02   1.1238700e+01   5.4104200e+00   1.6921100e+01   2.0000000e+00
   1.5200000e+02   3.1688200e+00   7.0392400e+00   1.9207900e+01  -3.0000000e+00
   1.5300000e+02   1.9050900e+00   3.4500900e+00  -4.7002500e-01  -3.0000000e+00
   1.5400000e+02  -7.8154300e+00   8.6288000e+00   3.8855000e+01   1.0000000e+00
   1.5500000e+02  -3.9258300e+00  -7.3324800e+00   4.1115800e+01   1.0000000e+00
   1.5600000e+02  -3.3411400e+00  -5.3639300e+00   4.2049300e+01   1.0000000e+00
   1.5700000e+02  -1.3264600e+00  -4.9281500e+00   4.1885300e+01   1.0000000e+00
   1.5800000e+02   9.9188200e+00  -5.8095200e+00   4.6649400e+01   1.0000000e+00
   1.5900000e+02  -2.6114300e+00  -8.9004400e+00   4.3399700e+01   0.0000000e+00
   1.6000000e+02   1.5126900e-01  -6.4391300e+00   4.2740100e+01   1.0000000e+00
   1.6100000e+02   1.0540500e+01  -1.6668400e+01   4.4566200e+01  -1.0000000e+00
   1.6200000e+02   1.3344600e+01   1.0488600e+01   1.7817500e+01  -2.0000000e+00
   1.6300000e+02  -8.5830200e+00   6.7120300e+00   3.8924300e+01   1.0000000e+00
   1.6400000e+02  -1.1204300e+01   9.8932500e+00   3.8445100e+01   1.0000000e+00
   1.6500000e+02   5.8418500e+00  -6.9457400e+00   4.4176000e+01   1.0000000e+00
   1.6600000e+02  -1.6984700e+01  -1.5788800e-01   5.4044000e+01  -1.0000000e+00
   1.6700000e+02   4.6482800e-01  -1.1882300e+01   4.4704600e+01   1.0000000e+00
   1.6800000e+02   1.7110700e+01  -7.4464500e+00   6.1237600e+01  -1.0000000e+00
   1.6900000e+02   6.5486500e+00   8.1570000e+00   1.9297200e+01   2.0000000e+00
   1.7000000e+02  -1.6217700e+01   1.7843500e+00   3.9473800e+01  -2.0000000e+00
   1.7100000e+02  -1.7677400e+01  -2.1116200e+00   3.9344700e+01  -1.0000000e+00
   1.7200000e+02   8.2525500e+00  -1.1895500e+01   4.3536000e+01   0.0000000e+00
   1.7300000e+02   1.1319300e+01   1.0899000e+01   1.8597300e+01   2.0000000e+00
   1.7400000e+02   8.9634700e+00  -1.5298400e+01   4.4649900e+01  -2.0000000e+00
   1.7500000e+02   1.5537300e+01  -6.0268700e+00   4.7382800e+01  -2.0000000e+00
   1.7600000e+02   1.3776100e+00  -1.5375200e+01   4.3619200e+01  -2.0000000e+00
   1.7700000e+02   1.1099100e+00   1.8819400e+01   4.3876400e+00  -1.0000000e+00
   1.7800000e+02   7.8338500e+00   4.2012000e+00   3.1019600e+01  -3.0000000e+00
   1.7900000e+02  -1.6272200e+01  -9.4035900e+00   4.3172300e+01  -1.0000000e+00
   1.8000000e+02  -1.1601000e+00   1.3091300e+01   2.9218300e+01  -3.0000000e+00
   1.8100000e+02  -1.0264700e+01   1.5887200e+01   1.1133300e+01  -1.0000000e+00
   1.8200000e+02  -6.6696500e-01   1.7767500e+01   6.2942600e+01  -1.0000000e+00
   1.8300000e+02  -1.9571700e+00   4.0826900e+00   3.8137700e+01   1.0000000e+00
   1.8400000e+02   9.2286600e+00   5.8546500e+00   1.9062500e+01   2.0000000e+00
   1.8500000e+02  -6.7708200e+00   1.5362500e+00   3.9441200e+01   1.0000000e+00
   1.8600000e+02   4.3869500e+00  -5.4874900e+00   4.4245900e+01   1.0000000e+00
   1.8700000e+02  -8.7564500e+00  -9.8641100e+00   4.1630000e+01   0.0000000e+00
   1.8800000e+02  -4.1408700e+00  -1.4882300e+01   4.3644100e+01  -2.0000000e+00
   1.8900000e+02  -1.2153700e+01  -8.5800100e+00   4.0594700e+01   1.0000000e+00
   1.9000000e+02  -4.4809400e+00   7.3459700e+00   3.8295500e+01   1.0000000e+00
   1.9100000e+02  -1.4239700e+01  -8.9642000e+00   4.1902600e+01  -2.0000000e+00
   1.9200000e+02  -1.5403700e+01   9.2378600e+00   5.3695000e+01  -1.0000000e+00
   1.9300000e+02   8.0261100e+00   1.2756700e+00   3.3629600e+01  -3.0000000e+00
   1.9400000e+02  -1.2707900e+01   6.0410800e+00   3.8863300e+01   1.0000000e+00
   1.9500000e+02   1.0401800e+01  -1.1241400e+01   4.5263500e+01   1.0000000e+00
   1.9600000e+02   7.7091100e-01  -1.7348800e+01   5.6019800e+01  -2.0000000e+00
   1.9700000e+02   1.6229900e+01   7.8946200e+00   7.3465800e-01  -1.0000000e+00
   1.9800000e+02  -1.0949900e+00   6.0701100e+00   3.0958100e+01  -3.0000000e+00
   1.9900000e+02   9.9726600e+00   1.4837100e+01   1.8109800e+01  -1.0000000e+00
   2.0000000e+02   7.8883900e+00  -6.4617800e+00   4.5317100e+01   1.0000000e+00
   2.0100000e+02   1.1404500e+01  -7.2349000e+00   4.7377800e+01   1.0000000e+00
   2.0200000e+02   2.4307600e-01  -1.9370900e+01   4.5225100e+01  -1.0000000e+00
   2.0300000e+02   3.4146800e+00  -1.4861000e+01   4.3481700e+01  -2.0000000e+00
   2.0400000e+02   6.4735200e+00   2.6558900e+00   3.0822300e+01  -3.0000000e+00
   2.0500000e+02  -4.1215700e+00   1.2685200e+01   3.6286000e+01  -3.0000000e+00
   2.0600000e+02   1.4089200e+01   1.3953400e+01   1.7690700e+01  -1.0000000e+00
   2.0700000e+02  -9.6727400e-01  -1.0401100e+01   4.4963100e+01   1.0000000e+00
   2.0800000e+02   1.4997500e+01  -8.0361000e+00   4.6072900e+01  -2.0000000e+00
   2.0900000e+02  -1.0915900e+01  -4.6501000e+00   4.0255900e+01   1.0000000e+00
   2.1000000e+02  -1.5506900e+01   3.7651900e+00   4.0572100e+01  -2.0000000e+00
   2.1100000e+02   1.3241100e+01   4.9217100e+00   1.8622400e+01   2.0000000e+00
   2.1200000e+02  -7.4499000e+00  -5.9339500e+00   4.0381700e+01   1.0000000e+00
   2.1300000e+02   2.7785400e+00   1.5702500e+00   3.2466500e+01  -3.0000000e+00
   2.1400000e+02   9.4476200e+00  -7.8769500e+00   4.6349400e+01   1.0000000e+00
   2.1500000e+02   1.1994600e+01   1.4461200e+01   1.8502100e+01  -1.0000000e+00
   2.1600000e+02   1.4914800e+01  -3.8058000e-01   4.7491500e+01   1.0000000e+00
   2.1700000e+02  -4.6702000e+00  -1.6950000e+01   4.3925400e+01  -1.0000000e+00
   2.1800000e+02   1.4514200e+01  -1.0068900e+01   5.8449000e+01  -2.0000000e+00
   2.1900000e+02   1.5534900e+00   1.6328000e+01   1.7889200e+01  -2.0000000e+00
   2.2000000e+02   1.2670700e+01   1.2474700e+01   1.8167300e+01  -2.0000000e+00
   2.2100000e+02  -1.4867400e+01  -1.0995500e+01   2.7868600e+01  -1.0000000e+00
   2.2200000e+02  -2.6858600e+00  -1.6401200e+01   3.2389400e+01  -2.0000000e+00
   2.2300000e+02  -4.6403700e+00  -9.2929900e+00   4.2806400e+01   0.0000000e+00
   2.2400000e+02  -9.9305000e+00   8.2786200e+00   3.9078200e+01   1.0000000e+00
   2.2500000e+02  -2.9824800e+00  -1.0925800e+01   4.4525400e+01   1.0000000e+00
   2.2600000e+02   1.1420700e+01   3.0653000e-01   4.6889500e+01  -3.0000000e+00
   2.2700000e+02  -2.6932400e+00  -3.3573400e+00   4.0694500e+01   1.0000000e+00
   2.2800000e+02   8.8239600e+00  -9.8454700e+00   4.5605400e+01   1.0000000e+00
   2.2900000e+02  -1.1527800e+01  -1.1092300e+00   4.0368200e+01   1.0000000e+00
   2.3000000e+02  -1.4781000e+01   5.7029200e+00   3.9527100e+01  -2.0000000e+00
   2.3100000e+02  -6.0212200e+00   3.4607100e+00   3.8595900e+01   1.0000000e+00
   2.3200000e+02  -5.0198200e+00  -1.1316400e+01   4.3455900e+01   0.0000000e+00
   2.3300000e+02   1.6954000e+01   1.9534900e-01   4.0008900e+01  -2.0000000e+00
   2.3400000e+02  -9.4727900e+00  -7.9024400e-01   4.0210300e+01   1.0000000e+00
   2.3500000e+02   2.9405900e+00  -4.0165600e+00   4.3855000e+01   1.0000000e+00
   2.3600000e+02  -9.6459700e+00   1.3866500e+01   3.2899700e+01  -2.0000000e+00
   2.3700000e+02  -7.4410900e+00  -4.2365600e-01   4.0179000e+01   1.0000000e+00
   2.3800000e+02   1.1312900e+01  -1.4714400e+01   5.9201400e+01  -1.0000000e+00
   2.3900000e+02   5.1926400e+00   6.5936600e+00   1.8421800e+01   2.0000000e+00
   2.4000000e+02  -8.0661200e+00  -7.9139900e+00   3.9829500e+01   1.0000000e+00
   2.4100000e+02   1.3366600e+01   9.6658000e-01   4.6439800e+01  -3.0000000e+00
   2.4200000e+02   5.0363400e+00   1.7571000e+01   2.1357000e+01  -1.0000000e+00
   2.4300000e+02  -7.0713600e+00   1.0593000e+01   3.8407800e+01   1.0000000e+00
   2.4400000e+02  -1.4248800e+01  -3.4651000e+00   3.9730100e+01   1.0000000e+00
   2.4500000e+02  -5.6533200e-01  -2.9877800e+00   4.1378400e+01   1.0000000e+00
   2.4600000e+02   9.8702100e+00   3.8607100e+00   8.1913900e-01  -3.0000000e+00
   2.4700000e+02  -9.4810200e+00  -6.3188500e+00   4.1115200e+01   1.0000000e+00
   2.4800000e+02  -1.0336900e+01  -1.5899900e+01   2.5151900e+01  -1.0000000e+00
   2.4900000e+02   1.4706800e+01   6.5024800e+00   1.5794700e+01  -2.0000000e+00
   2.5000000e+02  -1.6188700e+01   7.2518500e+00   5.4322900e+01  -1.0000000e+00
   2.5100000e+02   5.4224600e+00  -1.4404400e+01   4.3850100e+01  -2.0000000e+00
   2.5200000e+02   2.0858800e+00  -5.7333400e-01   4.2910800e+01   1.0000000e+00
   2.5300000e+02   1.5972700e+01  -3.9347300e+00   4.8172100e+01  -2.0000000e+00
   2.5400000e+02   1.0937500e+01  -1.7200100e+00   4.5928600e+01   1.0000000e+00
   2.5500000e+02  -4.7649000e+00   1.7986300e+01   2.1782000e+01  -1.0000000e+00
   2.5600000e+02   7.8771700e+00   9.7771400e+00   1.9220500e+01   2.0000000e+00
   2.5700000e+02  -5.6300100e+00  -1.3290500e+01   4.2367000e+01   1.0000000e+00
   2.5800000e+02   4.8114200e+00  -1.6442000e+01   4.3379900e+01  -1.0000000e+00
   2.5900000e+02  -8.8828700e+00  -4.3428400e+00   4.0248200e+01   1.0000000e+00
   2.6000000e+02  -1.0182100e+01  -2.7139400e+00   3.9508000e+01   1.0000000e+00
   2.6100000e+02   6.0104300e+00   6.4476600e-01   5.9165300e+01  -3.0000000e+00
   2.6200000e+02   1.6829100e+01   5.8409000e+00   1.3657900e+01  -1.0000000e+00
   2.6300000e+02   1.9467200e+00  -1.3351500e+01   4.4389300e+01   1.0000000e+00
   2.6400000e+02  -1.3248100e+01  -1.2593800e+01   4.3888500e+01  -2.0000000e+00
   2.6500000e+02   1.3990500e+01  -4.5983700e+00   4.6817300e+01   1.0000000e+00
   2.6600000e+02   5.1808300e+00   1.2110300e+01   1.9936700e+01   2.0000000e+00
   2.6700000e+02   7.9654200e-01   1.0196600e+00   3.0671200e+01  -3.0000000e+00
   2.6800000e+02   3.0764100e+00   1.2457600e+01   2.0257900e+01   2.0000000e+00
   2.6900000e+02  -3.3646400e+00   1.6494900e-01   4.0076300e+01   1.0000000e+00
   2.7000000e+02   1.5084100e+00  -2.5492200e+00   4.3330600e+01   1.0000000e+00
   2.7100000e+02  -1.6315100e+00   9.5302800e+00   4.0300300e+01  -3.0000000e+00
   2.7200000e+02  -6.1475900e+00   1.6287200e+01   2.5914700e+01  -2.0000000e+00
   2.7300000e+02  -2.8446400e+00   1.4302300e+01   3.2215600e+01  -3.0000000e+00
   2.7400000e+02   3.5272100e+00  -2.0387600e+00   4.4386600e+01   1.0000000e+00
   2.7500000e+02   1.0260300e+00  -9.8829300e+00   4.4561300e+01   1.0000000e+00
   2.7600000e+02   4.5936800e+00  -1.0871700e+01   4.2596100e+01   0.0000000e+00
   2.7700000e+02  -8.2161300e+00   1.6067700e+01   4.1401000e+01  -1.0000000e+00
   2.7800000e+02   8.5983900e+00   1.3286300e+01   1.8236600e+01  -2.0000000e+00
   2.7900000e+02   1.2928300e+01  -1.1513000e+00   4.7939400e+01   1.0000000e+00
   2.8000000e+02   7.1310200e+00   1.7255900e+01   2.1921300e+01  -1.0000000e+00
   2.8100000e+02  -1.5575500e+00  -1.2416400e+01   4.4315500e+01   1.0000000e+00
   2.8200000e+02  -9.3439900e+00   4.7761300e+00   3.8765500e+01   1.0000000e+00
   2.8300000e+02   2.8067000e+00  -1.6919300e+01   4.2908000e+01  -1.0000000e+00
   2.8400000e+02  -1.3265600e+01   9.5764200e+00   3.8709200e+01  -2.0000000e+00
   2.8500000e+02  -3.0769600e-01   1.1214200e+01   2.2189200e+01   2.0000000e+00
   2.8600000e+02  -1.3818200e+01  -1.4620200e+01   7.1252100e+01  -1.0000000e+00
   2.8700000e+02  -8.8185900e+00   1.1884500e+00   3.9678400e+01   1.0000000e+00
   2.8800000e+02  -8.2112500e+00  -1.5653100e+01   4.0615700e+01  -2.0000000e+00
   2.8900000e+02  -7.5733600e+00   1.4101200e+01   3.2281000e+01  -2.0000000e+00
   2.9000000e+02   1.3481500e+01  -6.6263100e+00   4.6658100e+01   1.0000000e+00
   2.9100000e+02  -1.2397900e+00  -1.7892200e+01   2.9665800e+01  -1.0000000e+00
   2.9200000e+02  -1.6348300e+01  -3.7364200e+00   3.8471000e+01  -2.0000000e+00
   2.9300000e+02  -6.7804900e-01  -1.5888700e+01   4.4130300e+01  -2.0000000e+00
   2.9400000e+02  -5.0249400e+00   1.0844200e+01   3.7456100e+01   1.0000000e+00
   2.9500000e+02   4.0752500e+00  -2.8894600e-02   3.2594600e+01  -3.0000000e+00
   2.9600000e+02   3.9671200e+00  -1.2840600e+01   4.3447300e+01   1.0000000e+00
   2.9700000e+02  -1.0104900e+01  -8.2753500e+00   4.0309500e+01   1.0000000e+00
   2.9800000e+02  -1.7155700e+01  -5.6296800e+00   3.7294000e+01  -1.0000000e+00
   2.9900000e+02  -1.7581400e+01   3.3360700e+00   4.2350200e+01  -1.0000000e+00
