   0.0000000e+00  -1.3137900e+00  -1.6672700e+01   4.4767800e+01  -2.0000000e+00
   1.0000000e+00  -1.1285500e+01   3.9357100e+00   2.8618600e+01   1.0000000e+00
   2.0000000e+00  -1.7115800e+01  -6.0092200e+00   3.4277000e+01  -1.0000000e+00
   3.0000000e+00   3.4415400e-01   1.4029700e+01   2.5682800e+01   2.0000000e+00
   4.0000000e+00   1.1516700e+01   1.2740500e+00   3.2984900e+01  -1.0000000e+00
   5.0000000e+00   3.6054100e+00   2.8468900e+00   2.4538200e+01   2.0000000e+00
   6.0000000e+00   8.3302400e+00   9.6806800e+00   2.5325100e+01   2.0000000e+00
   7.0000000e+00  -2.2672300e-01   6.7594300e+00   2.5389200e+01   2.0000000e+00
   8.0000000e+00   1.3078700e+00  -1.4195800e+01   4.3430000e+01   1.0000000e+00
   9.0000000e+00   6.7450600e+00  -1.4724600e+01   4.3390900e+01  -2.0000000e+00
   1.0000000e+01   1.0039900e+00  -8.6694900e+00   5.5310800e+01  -3.0000000e+00
   1.1000000e+01   3.2605300e+00  -7.1959200e-01   3.4743600e+01  -3.0000000e+00
   1.2000000e+01  -9.4695000e+00   4.9276700e+00   5.8205100e+01   1.0000000e+00
   1.3000000e+01   1.3351800e+01   7.3957700e+00   2.4099200e+01   2.0000000e+00
   1.4000000e+01   1.2164800e+01   5.7096300e+00   2.4588400e+01   2.0000000e+00
   1.5000000e+01  -1.6592100e+01   7.2360100e+00   2.8839800e+01  -1.0000000e+00
   1.6000000e+01   1.0554900e+01  -8.1957300e+00   4.3475500e+01   1.0000000e+00
   1.7000000e+01   8.9007700e+00  -1.3479900e+00   2.3556400e+01  -3.0000000e+00
   1.8000000e+01   1.0383100e+01  -2.7713000e+00   4.4228700e+01   1.0000000e+00
   1.9000000e+01  -2.0529100e+00  -2.0034600e-01   2.1063200e+01  -3.0000000e+00
   2.0000000e+01   5.0723500e+00  -7.7081400e+00   4.3723000e+01   1.0000000e+00
   2.1000000e+01  -3.5616500e+00  -1.1650500e+01   4.3379800e+01   1.0000000e+00
   2.2000000e+01   1.1982600e+01  -9.7254300e+00   4.3220900e+01   1.0000000e+00
   2.3000000e+01   2.7194900e+00   4.7157000e+00   2.5051600e+01   2.0000000e+00
   2.4000000e+01   1.5371900e+00   3.0330400e+00   2.3743100e+01   2.0000000e+00
   2.5000000e+01  -4.1696200e+00  -1.3637100e+01   4.2740500e+01   1.0000000e+00
   2.6000000e+01  -5.7124700e+00   1.1139800e+01   5.8343200e+01  -3.0000000e+00
   2.7000000e+01  -8.5582700e-01   1.2287000e+01   2.7159600e+01   2.0000000e+00
   2.8000000e+01  -9.0076100e+00  -1.1067100e+01   4.3559000e+01   1.0000000e+00
   2.9000000e+01  -1.3907000e+01  -8.5447100e+00   4.3594600e+01  -2.0000000e+00
   3.0000000e+01   6.0977400e+00  -1.6724400e+01   4.3296200e+01  -1.0000000e+00
   3.1000000e+01  -7.8552700e+00  -7.0995900e+00   4.3699100e+01   1.0000000e+00
   3.2000000e+01   1.6917200e+01   1.1710500e+00   4.7926200e+01  -2.0000000e+00
   3.3000000e+01  -3.8360700e+00  -6.1133700e+00   4.3234100e+01   1.0000000e+00
   3.4000000e+01   4.1987700e+00   1.0020600e+01   2.5743500e+01   2.0000000e+00
   3.5000000e+01  -1.4740900e+01  -5.1107000e+00   4.7663000e+01  -2.0000000e+00
   3.6000000e+01  -1.1226400e+01   6.0384300e+00   5.8568100e+01   1.0000000e+00
   3.7000000e+01   1.1817400e+01  -4.2417800e+00   4.3354700e+01   1.0000000e+00
   3.8000000e+01   4.5008100e+00  -9.7041400e+00   4.3501200e+01   1.0000000e+00
   3.9000000e+01   1.5812300e+01   1.0741600e+01   1.0432200e+01  -1.0000000e+00
   4.0000000e+01   1.3033500e+01   3.8282700e+00   6.3083400e+00   0.0000000e+00
   4.1000000e+01  -9.8530100e-01  -9.1575800e+00   3.1332700e+01  -3.0000000e+00
   4.2000000e+01  -1.5124400e+01  -1.2494300e+01   4.1870800e+01  -1.0000000e+00
   4.3000000e+01   3.9183600e+00   6.4463400e+00   2.5238900e+01   2.0000000e+00
   4.4000000e+01  -7.3062000e+00   1.6388400e+01   5.9589100e+01  -1.0000000e+00
   4.5000000e+01   1.4031800e+01  -9.2358300e+00   4.3155600e+01  -2.0000000e+00
   4.6000000e+01   1.9353200e-01  -5.2380500e+00   3.1322900e+01  -3.0000000e+00
   4.7000000e+01  -1.5402600e+01  -1.5118300e-02   4.8809200e+01  -2.0000000e+00
   4.8000000e+01  -1.7592400e+00   1.4140000e+01   2.6882900e+01   2.0000000e+00
   4.9000000e+01   1.4849300e+01  -1.2742900e+01   4.3058700e+01  -1.0000000e+00
   5.0000000e+01   1.3506800e+01   1.7868200e+00   2.8671700e+01  -2.0000000e+00
   5.1000000e+01  -1.1184500e+01   8.1333200e+00   5.8753100e+01   1.0000000e+00
   5.2000000e+01  -6.4132600e+00  -8.5862700e+00   4.3752200e+01   1.0000000e+00
   5.3000000e+01   1.4433300e+01  -1.6620600e+00   4.4134400e+01   1.0000000e+00
   5.4000000e+01   3.3271600e+00  -1.3689800e+01   4.3640400e+01   1.0000000e+00
   5.5000000e+01  -4.6701000e+00  -2.6275300e+00   4.3209700e+01   1.0000000e+00
   5.6000000e+01  -9.3710600e+00   9.1346200e+00   5.8498600e+01   1.0000000e+00
   5.7000000e+01  -1.1061900e+01  -1.1562500e+01   4.4154100e+01   1.0000000e+00
   5.8000000e+01  -9.1593000e+00   1.5385300e+01   5.7772700e+01  -1.0000000e+00
   5.9000000e+01   2.4748700e+00  -1.0182100e+01   4.3414400e+01   1.0000000e+00
   6.0000000e+01  -1.3064100e+01  -1.2106300e+01   4.3342200e+01  -2.0000000e+00
   6.1000000e+01   6.5548900e-01   4.9003900e+00   2.6310800e+01   2.0000000e+00
   6.2000000e+01   1.4966000e+01   3.4978600e-01   4.7184900e+01   0.0000000e+00
   6.3000000e+01   1.0792600e+01  -1.3680400e+01   4.3203700e+01  -2.0000000e+00
   6.4000000e+01   4.4692300e+00   9.6785500e-01   3.5929300e+01  -3.0000000e+00
   6.5000000e+01  -9.5065100e+00   2.8555900e+00   4.3323900e+01  -3.0000000e+00
   6.6000000e+01   1.4657700e+01  -7.2504700e+00   4.3787200e+01  -2.0000000e+00
   6.7000000e+01   8.5282000e+00  -8.6926700e+00   4.3919400e+01   1.0000000e+00
   6.8000000e+01  -8.0868700e+00   1.3807800e+00   4.4261700e+01  -3.0000000e+00
   6.9000000e+01  -9.3315800e+00   1.1203800e+01   5.8348200e+01   1.0000000e+00
   7.0000000e+01  -7.5481100e+00   3.6454000e+00   2.9105500e+01  -3.0000000e+00
   7.1000000e+01  -1.4858000e+01   4.0817200e+00   5.8632400e+01  -2.0000000e+00
   7.2000000e+01   9.1160600e+00  -6.7262600e+00   4.3932600e+01   1.0000000e+00
   7.3000000e+01  -7.5459800e+00   1.0128000e+01   5.8673900e+01   1.0000000e+00
   7.4000000e+01   9.7668000e+00   2.3558800e+00   3.1071600e+01  -2.0000000e+00
   7.5000000e+01  -7.5930000e+00  -1.2559200e+01   4.3234600e+01   1.0000000e+00
   7.6000000e+01   8.1266400e+00  -1.6234800e+01   4.3501300e+01  -1.0000000e+00
   7.7000000e+01  -1.7827700e+00  -1.8706700e+01   4.5608000e+01  -1.0000000e+00
   7.8000000e+01  -3.9952700e+00   7.9868000e+00   2.3732900e+01  -3.0000000e+00
   7.9000000e+01   6.7854000e+00   1.7056900e+01   2.4297900e+01  -1.0000000e+00
   8.0000000e+01  -8.6982500e+00  -3.5471100e+00   4.3959200e+01   1.0000000e+00
   8.1000000e+01   5.6652800e+00   2.6325600e+00   2.4827000e+01   2.0000000e+00
   8.2000000e+01  -7.6695900e+00   5.9347400e+00   2.9291400e+01   1.0000000e+00
   8.3000000e+01  -1.1665700e+01  -5.0159300e-01   4.6320200e+01   1.0000000e+00
   8.4000000e+01  -7.5811400e+00   8.0115700e+00   5.8544200e+01   1.0000000e+00
   8.5000000e+01  -1.1068700e+01   1.4380500e+01   5.8698500e+01  -1.0000000e+00
   8.6000000e+01  -1.6504600e+01  -4.0450800e+00   4.7507700e+01  -2.0000000e+00
   8.7000000e+01  -1.3648700e+01  -1.0889300e+00   4.8732200e+01  -3.0000000e+00
   8.8000000e+01  -4.0752200e+00   1.3981100e+00   1.7628200e+01  -3.0000000e+00
   8.9000000e+01   1.3913500e+01   1.4609900e+01   2.5351600e+01  -1.0000000e+00
   9.0000000e+01  -1.4920200e+01   1.9713300e+00   6.5282200e+01  -2.0000000e+00
   9.1000000e+01  -5.4446800e+00   1.5460000e+01   5.2035400e+01  -2.0000000e+00
   9.2000000e+01   1.2404700e+01  -2.2086600e+00   4.4215400e+01   1.0000000e+00
   9.3000000e+01   1.0425700e+01   9.4638700e+00   2.5219100e+01   2.0000000e+00
   9.4000000e+01   1.6750100e+01   8.8056000e+00   7.6341400e+00  -1.0000000e+00
   9.5000000e+01  -5.8613100e+00  -6.6152100e+00   4.3682800e+01   1.0000000e+00
   9.6000000e+01   9.9666000e+00  -1.0191500e+01   4.3582300e+01   1.0000000e+00
   9.7000000e+01   1.7900400e+01  -2.7381600e+00   5.9627200e+01  -1.0000000e+00
   9.8000000e+01   1.1987900e+00   1.2102100e+01   2.5129200e+01   2.0000000e+00
   9.9000000e+01   3.2998400e+00   1.1881100e+01   2.5530700e+01   2.0000000e+00
   1.0000000e+02   1.3752100e+01   1.0913800e+01   2.4660500e+01  -2.0000000e+00
   1.0100000e+02  -8.4310900e+00  -9.0939500e+00   4.3666500e+01   1.0000000e+00
   1.0200000e+02  -1.4494200e+01  -1.0520600e+01   4.3153400e+01  -2.0000000e+00
   1.0300000e+02   7.9199100e+00  -1.0723500e+01   4.3716400e+01   1.0000000e+00
   1.0400000e+02  -1.3289000e+01  -6.5826800e+00   4.4097600e+01   1.0000000e+00
   1.0500000e+02   1.2823800e+01  -1.3211500e+01   5.4846200e+01  -2.0000000e+00
   1.0600000e+02   5.0849400e+00   8.1615000e+00   2.5427100e+01   2.0000000e+00
   1.0700000e+02  -9.2556300e+00   1.3311500e+01   5.8255800e+01  -2.0000000e+00
   1.0800000e+02   6.8468200e+00   4.4147500e+00   2.5334000e+01   2.0000000e+00
   1.0900000e+02   2.3310800e+00   1.1380200e+00   2.6173000e+01   2.0000000e+00
   1.1000000e+02  -6.0011300e-01  -1.6746100e+00   3.5039700e+01  -3.0000000e+00
   1.1100000e+02   1.7442900e+01   3.2041300e+00   4.3174100e+01  -1.0000000e+00
   1.1200000e+02   1.6538000e+00  -6.6985600e+00   4.3673600e+01  -3.0000000e+00
   1.1300000e+02   1.1149000e+01  -6.2152400e+00   4.3075600e+01   1.0000000e+00
   1.1400000e+02   4.8125900e+00  -2.1170900e+00   3.4042300e+01  -3.0000000e+00
   1.1500000e+02  -1.3038300e+01   5.0375200e+00   5.8305200e+01   1.0000000e+00
   1.1600000e+02  -6.7065400e+00  -3.1064100e+00   4.3116800e+01   1.0000000e+00
   1.1700000e+02  -1.4916100e+00   1.7777800e+01   2.5002300e+01  -1.0000000e+00
   1.1800000e+02  -7.2783200e+00  -5.0801300e+00   4.3396300e+01   1.0000000e+00
   1.1900000e+02   3.0779000e+00  -8.2208700e+00   4.3425600e+01   1.0000000e+00
   1.2000000e+02  -4.0578400e+00  -6.5802500e-01   1.7451500e+01  -3.0000000e+00
   1.2100000e+02  -1.4805900e+01   8.2534200e+00   5.9123800e+01  -2.0000000e+00
   1.2200000e+02   1.5532200e+01   7.1409300e+00   1.9456200e+01  -2.0000000e+00
   1.2300000e+02   6.5118700e+00  -9.2071400e+00   4.3659000e+01   1.0000000e+00
   1.2400000e+02   9.3721900e+00  -1.2170600e+01   4.3718100e+01   1.0000000e+00
   1.2500000e+02   7.4111300e+00   1.1574400e+01   2.5437700e+01   2.0000000e+00
   1.2600000e+02   1.0713400e+01   1.3067400e+01   2.4792300e+01  -2.0000000e+00
   1.2700000e+02  -1.1959800e+00  -3.6701900e+00   4.3153100e+01   1.0000000e+00
   1.2800000e+02  -1.7392300e+01  -5.2570000e-01   6.0352700e+01  -1.0000000e+00
   1.2900000e+02   8.9211600e+00   4.2401000e+00   2.4626100e+01   2.0000000e+00
   1.3000000e+02   1.6448200e+01  -1.1802600e+00   4.6366700e+01  -2.0000000e+00
   1.3100000e+02  -6.1739500e+00  -1.4057900e+01   4.2791700e+01   1.0000000e+00
   1.3200000e+02   9.5011500e-01   8.4905800e+00   2.5380500e+01   2.0000000e+00
   1.3300000e+02  -1.1846100e+01  -8.0545800e+00   4.3347400e+01   1.0000000e+00
   1.3400000e+02  -3.2210000e+00   1.2201400e+01   2.6304400e+01  -3.0000000e+00
   1.3500000e+02   4.0469200e+00  -1.7304300e+01   4.2168200e+01  -1.0000000e+00
   1.3600000e+02  -5.3258900e+00  -1.7620300e+01   4.3031000e+01  -1.0000000e+00
   1.3700000e+02  -5.7810200e+00   9.0494000e+00   5.8977300e+01   1.0000000e+00
   1.3800000e+02  -3.9632700e+00   1.0043000e+01   6.4082400e+01  -3.0000000e+00
   1.3900000e+02   2.7416300e+00  -1.5676700e+01   3.0810100e+01  -2.0000000e+00
   1.4000000e+02   8.7434800e+00  -1.4182900e+01   4.3723600e+01  -2.0000000e+00
   1.4100000e+02  -1.3411700e-01  -1.2662200e+01   4.3534400e+01   1.0000000e+00
   1.4200000e+02  -1.2226700e+01  -1.5599600e+01   4.3443800e+01  -1.0000000e+00
   1.4300000e+02   5.3570900e+00   1.1736900e+01   2.5881600e+01   2.0000000e+00
   1.4400000e+02  -8.1865900e+00  -1.4863900e+00   3.1463600e+01  -3.0000000e+00
   1.4500000e+02   1.2477600e+01   9.3040200e+00   2.4224100e+01   2.0000000e+00
   1.4600000e+02   1.2179500e+01  -1.5195200e+01   4.2842900e+01  -1.0000000e+00
   1.4700000e+02  -1.5387800e-01   1.0549000e+00   1.8333500e+01  -3.0000000e+00
   1.4800000e+02  -1.1265900e+01   1.7115300e+00   2.4264100e+01  -3.0000000e+00
   1.4900000e+02  -7.4222400e+00   1.4281600e+01   5.8402100e+01  -2.0000000e+00
   1.5000000e+02  -1.3654700e+01  -1.4089600e+01   2.8283900e+01  -1.0000000e+00
   1.5100000e+02  -2.0652300e+00   1.8690200e+00   8.5674800e+00  -3.0000000e+00
   1.5200000e+02  -1.0468100e+01  -9.5799600e+00   4.3263700e+01   1.0000000e+00
   1.5300000e+02   1.1302900e+01   7.5921300e+00   2.4882700e+01   2.0000000e+00
   1.5400000e+02   8.5490000e+00   6.7098900e-01   7.1547200e+00  -3.0000000e+00
   1.5500000e+02  -9.6268000e+00  -1.3029700e+01   4.3917600e+01   1.0000000e+00
   1.5600000e+02  -1.2904800e+01   1.3377800e+01   5.8963600e+01  -1.0000000e+00
   1.5700000e+02  -1.3118100e+01   2.9781100e+00   5.7801900e+01   1.0000000e+00
   1.5800000e+02   9.7261800e+00  -4.7367400e+00   4.3683700e+01   1.0000000e+00
   1.5900000e+02  -1.3153900e+01   9.2349400e-01   5.2676700e+01  -3.0000000e+00
   1.6000000e+02  -1.2747300e+01  -4.5933200e+00   4.4652200e+01   1.0000000e+00
   1.6100000e+02  -1.6733700e+01   5.1306300e+00   6.5785000e+01  -1.0000000e+00
   1.6200000e+02   2.8131600e+00  -2.7388000e+00   5.6864300e+01  -3.0000000e+00
   1.6300000e+02  -2.7446300e+00  -1.5174500e+01   4.3629600e+01   1.0000000e+00
   1.6400000e+02  -1.1289700e+01  -6.0653300e+00   4.4086500e+01   1.0000000e+00
   1.6500000e+02  -1.3017600e+01   7.1618800e+00   5.8838400e+01   1.0000000e+00
   1.6600000e+02   9.4986700e+00   1.1408500e+01   2.4796000e+01   2.0000000e+00
   1.6700000e+02  -1.6634300e+01   9.3224500e+00  -3.4827400e-01  -1.0000000e+00
   1.6800000e+02   7.6762400e+00   1.5167600e+01   2.5527600e+01  -2.0000000e+00
   1.6900000e+02  -5.1060000e-01   3.2044200e+00   2.1734700e+01  -3.0000000e+00
   1.7000000e+02  -2.6395300e+00  -2.1754700e+00   4.3440500e+01   1.0000000e+00
   1.7100000e+02   1.8581600e+00   6.6344900e+00   2.5283300e+01   2.0000000e+00
   1.7200000e+02   1.1873400e+01   1.4862700e+01   2.5249600e+01  -1.0000000e+00
   1.7300000e+02   1.2592900e+01  -7.7335800e+00   4.3071100e+01   1.0000000e+00
   1.7400000e+02   8.0462900e+00   6.0963100e+00   2.5008500e+01   2.0000000e+00
   1.7500000e+02   1.3226100e+01  -5.7626100e+00   4.3213900e+01   1.0000000e+00
   1.7600000e+02   1.1925800e+00  -6.2003000e-01   5.3016000e+01  -3.0000000e+00
   1.7700000e+02   1.8930000e+00  -1.2178400e+01   4.3561300e+01   1.0000000e+00
   1.7800000e+02  -3.2980400e+00  -1.7212900e+01   3.1850600e+01  -2.0000000e+00
   1.7900000e+02   4.7294600e+00   1.7346700e+01   2.5480300e+01  -1.0000000e+00
   1.8000000e+02   2.3944900e+00   1.3773400e+01   2.4652300e+01   2.0000000e+00
   1.8100000e+02  -1.5939400e+01  -2.0246600e+00   4.8075300e+01  -2.0000000e+00
   1.8200000e+02   8.9183300e+00   1.6840100e+01   2.4601900e+01  -1.0000000e+00
   1.8300000e+02   1.5850300e+01  -3.1801200e+00   4.3446300e+01  -2.0000000e+00
   1.8400000e+02  -4.4232900e+00  -8.1018100e+00   4.3625800e+01   1.0000000e+00
   1.8500000e+02  -1.6957400e+01   1.4921700e+00   2.5407000e+01  -1.0000000e+00
   1.8600000e+02  -5.6512900e+00   1.3208000e+01   5.9257000e+01  -3.0000000e+00
   1.8700000e+02   7.1569900e+00   7.9737400e+00   2.5166400e+01   2.0000000e+00
   1.8800000e+02  -1.7930900e+01  -2.5465700e+00   5.8855400e+01  -1.0000000e+00
   1.8900000e+02  -2.2866800e+00   6.8555300e+00   2.7626600e+01  -3.0000000e+00
   1.9000000e+02   1.5230300e+01  -5.2644300e+00   4.3864400e+01  -2.0000000e+00
   1.9100000e+02   5.3221300e+00  -1.3210500e+01   4.3689100e+01   1.0000000e+00
   1.9200000e+02  -2.4046100e+00  -7.6259000e+00   4.3254700e+01  -3.0000000e+00
   1.9300000e+02  -1.5706100e+00  -1.1147200e+01   4.3573700e+01   1.0000000e+00
   1.9400000e+02   1.0119300e+01   5.9231800e+00   2.4666700e+01   2.0000000e+00
   1.9500000e+02   1.3804700e+01  -3.7263900e+00   4.3701500e+01   1.0000000e+00
   1.9600000e+02  -6.0997300e+00  -1.1401000e+00   5.7763700e+01  -3.0000000e+00
   1.9700000e+02  -2.1423700e+00  -1.3156400e+01   4.3668700e+01   1.0000000e+00
   1.9800000e+02  -5.8063900e+00   6.9707400e+00   5.7979500e+01   1.0000000e+00
   1.9900000e+02  -6.7968800e+00  -1.6064800e+01   3.1420600e+01  -2.0000000e+00
   2.0000000e+02   1.1375100e+01  -1.1690100e+01   4.3206200e+01   1.0000000e+00
   2.0100000e+02  -1.2932500e+01   1.1308900e+01   5.8716000e+01  -2.0000000e+00
   2.0200000e+02   3.5654300e+00   1.5461100e+01   2.5322900e+01  -2.0000000e+00
   2.0300000e+02  -5.2631300e+00  -4.6072400e+00   4.3282800e+01   1.0000000e+00
   2.0400000e+02   2.1372900e+00   1.0172800e+01   2.5440900e+01   2.0000000e+00
   2.0500000e+02   8.6614700e+00   1.3300400e+01   2.5154700e+01   2.0000000e+00
   2.0600000e+02   4.7325300e+00  -1.5195600e+01   4.2832200e+01  -2.0000000e+00
   2.0700000e+02  -3.4434100e+00   3.4147800e+00   2.9831200e+01  -3.0000000e+00
   2.0800000e+02  -6.0782600e+00   9.0439800e-01   5.5185800e+01  -3.0000000e+00
   2.0900000e+02   3.0396800e+00   8.3122900e+00   2.5447700e+01   2.0000000e+00
   2.1000000e+02  -2.7376100e+00   1.5940400e+01   3.2254200e+01  -2.0000000e+00
   2.1100000e+02   1.2967300e+01  -1.9686500e-01   4.4742800e+01  -2.0000000e+00
   2.1200000e+02   5.9002500e+00  -1.1205600e+01   4.3466600e+01   1.0000000e+00
   2.1300000e+02  -1.1437700e+00   8.6302800e+00   2.5359100e+01  -3.0000000e+00
   2.1400000e+02   4.5255500e-01  -1.0673000e+01   4.3707700e+01   1.0000000e+00
   2.1500000e+02  -1.9475100e+00   1.0534700e+01   1.9484100e+01  -3.0000000e+00
   2.1600000e+02   4.8051000e+00   4.5584900e+00   2.5202400e+01   2.0000000e+00
   2.1700000e+02  -5.0050800e+00  -1.0106900e+01   4.3477700e+01   1.0000000e+00
   2.1800000e+02   1.5457800e+01  -1.0732800e+01   5.7642000e+01  -1.0000000e+00
   2.1900000e+02  -7.1193300e-01  -1.4635400e+01   4.3453800e+01   1.0000000e+00
   2.2000000e+02  -9.6700500e+00   5.8759500e-02   3.7935900e+01  -3.0000000e+00
   2.2100000e+02  -1.2484700e+01  -1.0059300e+01   4.3242100e+01   1.0000000e+00
   2.2200000e+02  -1.8579800e+01  -4.5523600e+00   4.3650300e+01  -1.0000000e+00
   2.2300000e+02   7.0750600e+00  -7.2356100e+00   4.3727000e+01   1.0000000e+00
   2.2400000e+02   1.0971900e+01   4.0204900e+00   3.6312700e+01   0.0000000e+00
   2.2500000e+02  -4.7625400e+00  -1.5611500e+01   4.2849500e+01  -2.0000000e+00
   2.2600000e+02  -7.4745100e+00   1.2220200e+01   5.8453400e+01   1.0000000e+00
   2.2700000e+02  -9.4096700e+00   7.0723900e+00   5.8352700e+01   1.0000000e+00
   2.2800000e+02  -9.2822500e+00  -5.5707100e+00   4.3544500e+01   1.0000000e+00
   2.2900000e+02   1.2790900e+01   1.2870200e+01   2.5318100e+01  -2.0000000e+00
   2.3000000e+02  -1.7782000e+00   4.8336600e+00   2.1355900e+01  -3.0000000e+00
   2.3100000e+02   1.7497000e+01   6.3642900e+00   1.4718400e+01  -1.0000000e+00
   2.3200000e+02  -1.4186500e+01  -3.1189700e+00   4.8038100e+01  -3.0000000e+00
   2.3300000e+02   5.9441800e-01   1.7606700e+01   2.4975200e+01  -1.0000000e+00
   2.3400000e+02   1.6176000e+01  -8.7788800e+00   5.7976800e+01  -1.0000000e+00
   2.3500000e+02  -2.9893300e+00  -9.6186400e+00   4.3457800e+01   1.0000000e+00
   2.3600000e+02   5.9897700e+00   6.2727200e+00   2.5260200e+01   2.0000000e+00
   2.3700000e+02  -4.3568200e+00   1.7307400e+01   3.9667700e+01  -1.0000000e+00
   2.3800000e+02  -6.5572400e-01   1.5886100e+01   2.6430400e+01  -2.0000000e+00
   2.3900000e+02   7.6732900e+00  -5.2719100e+00   4.3533600e+01   1.0000000e+00
   2.4000000e+02  -3.7944800e+00   5.4506200e+00   2.9510700e+00  -3.0000000e+00
   2.4100000e+02   1.4589000e+01   9.0377200e+00   2.4081100e+01  -2.0000000e+00
   2.4200000e+02   5.6627000e+00  -5.7229600e+00   4.3408500e+01   1.0000000e+00
   2.4300000e+02  -1.4744700e+01   1.0331900e+01   7.0300900e+01  -2.0000000e+00
   2.4400000e+02   2.3560700e-01  -1.8188500e+01   4.5629500e+01  -1.0000000e+00
   2.4500000e+02   6.4888600e+00   6.4140600e-01   9.9407300e+00  -3.0000000e+00
   2.4600000e+02  -1.4701000e+01   1.2394800e+01   5.8641600e+01  -1.0000000e+00
   2.4700000e+02   7.7229600e+00   2.5464500e+00   2.5493100e+01   2.0000000e+00
   2.4800000e+02   1.6117600e+01   4.7934600e+00   2.4474100e+01  -2.0000000e+00
   2.4900000e+02   4.4482100e+00   1.3588700e+01   2.5785800e+01   2.0000000e+00
   2.5000000e+02   2.2032900e+00  -4.7031800e+00   4.3763500e+01   1.0000000e+00
   2.5100000e+02  -1.8076200e+00  -5.6586300e+00   5.4737800e+01  -3.0000000e+00
   2.5200000e+02   6.8048300e+00  -1.4659700e+00   2.2651000e+01  -3.0000000e+00
   2.5300000e+02   1.1586200e+01   1.1198200e+01   2.4572300e+01   2.0000000e+00
   2.5400000e+02   9.2391300e+00   7.7777200e+00   2.4985900e+01   2.0000000e+00
   2.5500000e+02  -1.0182300e+01  -2.0433400e+00   4.5286100e+01   1.0000000e+00
   2.5600000e+02   1.4846900e+01   1.2692100e+01   1.1428600e+01  -1.0000000e+00
   2.5700000e+02  -1.0689400e+01  -4.0395200e+00   4.4525600e+01   1.0000000e+00
   2.5800000e+02  -5.5027500e+00   2.8778200e+00   1.8512400e+01  -3.0000000e+00
   2.5900000e+02  -1.3000400e+01   9.2403700e+00   5.8607800e+01   1.0000000e+00
   2.6000000e+02   7.0243600e-01  -1.6188300e+01   5.5976300e+01  -2.0000000e+00
   2.6100000e+02  -1.1150300e+01   1.0255100e+01   5.8563800e+01   1.0000000e+00
   2.6200000e+02   3.6518800e+00  -6.2031200e+00   4.3738500e+01   1.0000000e+00
   2.6300000e+02  -5.8902600e+00   4.9084100e+00   3.6061100e+01  -3.0000000e+00
   2.6400000e+02   4.2393600e+00  -4.2060400e+00   4.4066000e+01   1.0000000e+00
   2.6500000e+02  -3.2163200e+00  -4.1565900e+00   4.3144000e+01   1.0000000e+00
   2.6600000e+02   1.0098600e-01   1.0368900e+01   2.5460000e+01   2.0000000e+00
   2.6700000e+02  -9.8513400e+00  -7.5765200e+00   4.3442800e+01   1.0000000e+00
   2.6800000e+02  -1.2195900e+01  -2.6037900e+00   4.5100200e+01   1.0000000e+00
   2.6900000e+02  -1.7817300e+01   3.3645400e+00   2.6567900e+01  -1.0000000e+00
   2.7000000e+02   1.5364600e+01   2.6783600e+00   5.0019100e+01  -2.0000000e+00
   2.7100000e+02   8.0901500e-01  -3.1868300e+00   4.4422000e+01  -3.0000000e+00
   2.7200000e+02   8.2437200e+00  -3.2953200e+00   4.2265500e+01  -3.0000000e+00
   2.7300000e+02   1.7358800e+01  -4.7561500e+00   5.8521000e+01  -1.0000000e+00
   2.7400000e+02  -5.5668600e+00  -1.2093400e+01   4.3033700e+01   1.0000000e+00
   2.7500000e+02   7.3143000e+00  -1.2703900e+01   4.3903400e+01   1.0000000e+00
   2.7600000e+02   1.6718000e+01  -6.7204200e+00   5.9306800e+01  -1.0000000e+00
   2.7700000e+02   1.0971100e+01  -7.0876400e-01   5.6789600e+01  -2.0000000e+00
   2.7800000e+02  -1.5953600e+01  -9.0636600e+00   4.4124700e+01  -1.0000000e+00
   2.7900000e+02   1.0177500e+01  -1.5696200e+01   4.3813700e+01  -1.0000000e+00
   2.8000000e+02  -1.0194500e+01  -1.5086400e+01   3.1719800e+01  -2.0000000e+00
   2.8100000e+02  -8.2002600e+00  -1.4548900e+01   4.3490700e+01  -2.0000000e+00
   2.8200000e+02  -1.1107600e+01   1.2310400e+01   5.8708900e+01  -2.0000000e+00
   2.8300000e+02  -1.4812800e+01   6.1405500e+00   5.8740400e+01  -2.0000000e+00
   2.8400000e+02   6.2225700e+00  -3.6728800e+00   4.3329200e+01   1.0000000e+00
   2.8500000e+02  -7.0071800e+00  -1.0581700e+01   4.3543600e+01   1.0000000e+00
   2.8600000e+02   9.8248000e+00   1.4998600e+01   1.3642400e+01  -2.0000000e+00
   2.8700000e+02  -3.8185200e+00   1.4172400e+01   2.4781000e+01  -3.0000000e+00
   2.8800000e+02   6.2704000e+00   9.8605900e+00   2.5527100e+01   2.0000000e+00
   2.8900000e+02   5.6211200e+00   1.5345300e+01   2.5551200e+01  -2.0000000e+00
   2.9000000e+02   2.6833900e+00   1.7431800e+01   2.5343700e+01  -1.0000000e+00
   2.9100000e+02   1.4773000e+00   1.5745400e+01   2.4963000e+01  -2.0000000e+00
   2.9200000e+02   3.8879200e+00  -1.1712900e+01   4.3492000e+01   1.0000000e+00
   2.9300000e+02  -1.1603400e+01  -1.3591000e+01   4.4192500e+01  -2.0000000e+00
   2.9400000e+02  -8.8283400e+00  -1.6631700e+01   4.3430600e+01  -1.0000000e+00
   2.9500000e+02  -1.5353200e+01  -7.0880900e+00   4.6594400e+01  -2.0000000e+00
   2.9600000e+02   6.5225900e+00   1.3448100e+01   2.5806700e+01   2.0000000e+00
   2.9700000e+02   1.8414500e+01  -2.3830000e-01   5.0237100e+01  -1.0000000e+00
   2.9800000e+02   1.4200600e+01   5.5129100e+00   3.2836700e+01   0.0000000e+00
   2.9900000e+02   1.3443200e+01  -1.1234600e+01   4.3275800e+01  -2.0000000e+00
