   0.0000000e+00  -7.1933400e+00   1.1485200e+00   1.6317000e+01  -2.0000000e+00
   1.0000000e+00  -1.5175500e+01   9.5072700e+00   4.8425700e+01  -1.0000000e+00
   2.0000000e+00  -1.0754900e+01  -6.9992400e+00   5.8379700e+01   2.0000000e+00
   3.0000000e+00   1.4012800e+01   1.1608800e+01   3.3538200e+01  -2.0000000e+00
   4.0000000e+00  -3.0432800e-01   7.0360500e+00   3.4322900e+01   1.0000000e+00
   5.0000000e+00   1.7188600e+00  -1.4587000e+01   5.9259800e+01   2.0000000e+00
   6.0000000e+00  -1.9426200e+00   1.5925300e+01   3.3631400e+01  -2.0000000e+00
   7.0000000e+00   8.0091100e+00   7.6165300e+00   3.3677200e+01   1.0000000e+00
   8.0000000e+00   2.9537600e+00   5.4768900e+00   3.4000600e+01   1.0000000e+00
   9.0000000e+00  -1.1894100e+00   5.1414600e+00   3.4256200e+01   1.0000000e+00
   1.0000000e+01  -5.4106200e+00  -1.2333400e+01   5.8507200e+01   2.0000000e+00
   1.1000000e+01   4.2756700e+00   1.6401300e+01   2.2467300e+01  -2.0000000e+00
   1.2000000e+01  -7.3058900e+00  -1.5324300e+01   2.8773700e+01  -2.0000000e+00
   1.3000000e+01  -8.1697400e-01   1.4191300e+01   3.3335900e+01   1.0000000e+00
   1.4000000e+01   7.0706100e+00  -1.5713900e+01   4.7581800e+01  -2.0000000e+00
   1.5000000e+01   6.2026700e+00   3.8800700e+00   3.3975000e+01   1.0000000e+00
   1.6000000e+01  -7.7093500e+00   8.2757700e+00   3.4386600e+01   1.0000000e+00
   1.7000000e+01  -8.9134000e+00   9.9733600e+00   3.4607800e+01   1.0000000e+00
   1.8000000e+01   1.4448200e+01  -6.8812700e+00   1.4745100e+01  -2.0000000e+00
   1.9000000e+01  -1.1243500e+01   1.3428500e+01   4.5454600e+01  -2.0000000e+00
   2.0000000e+01  -3.1643500e+00   1.7700400e+01   3.4855500e+01  -1.0000000e+00
   2.1000000e+01   1.4713400e+01   7.1712700e-01   3.3151100e+01   1.0000000e+00
   2.2000000e+01   2.1943500e+00   1.6210800e+01   3.4978700e+01  -2.0000000e+00
   2.3000000e+01  -1.5931000e+01  -1.4978100e+00   5.6869400e+01  -2.0000000e+00
   2.4000000e+01   1.2789500e+01  -3.0179800e+00   1.9875800e+01  -3.0000000e+00
   2.5000000e+01  -5.4713500e+00  -1.4402000e+01   2.8432600e+01   2.0000000e+00
   2.6000000e+01   3.6203400e+00  -5.1802100e+00   5.2811000e+01  -3.0000000e+00
   2.7000000e+01  -5.6390600e+00   8.4209500e+00   3.4275900e+01   1.0000000e+00
   2.8000000e+01   5.3542500e+00  -1.0435500e+01  -1.4689200e-01   2.0000000e+00
   2.9000000e+01   1.9174900e+00  -3.9524600e+00   3.1672400e+01  -3.0000000e+00
   3.0000000e+01   1.0329700e+01   4.1777000e+00   3.3800100e+01   1.0000000e+00
   3.1000000e+01   3.5404000e+00  -9.3918000e+00   5.9204700e+01   2.0000000e+00
   3.2000000e+01   8.6897100e+00   1.3069600e+01   3.3741500e+01   1.0000000e+00
   3.3000000e+01  -2.0964800e+00   3.2927500e+00   3.4022500e+01   1.0000000e+00
   3.4000000e+01  -1.5863800e+01   5.8020000e-01   4.5159700e+01  -2.0000000e+00
   3.5000000e+01   6.2574400e-01   8.9137600e+00   3.3907700e+01   1.0000000e+00
   3.6000000e+01   8.2599200e+00   4.0262900e+00   3.4245500e+01   1.0000000e+00
   3.7000000e+01  -1.8567000e+00  -1.2419900e+01   5.8555000e+01   2.0000000e+00
   3.8000000e+01   1.8065100e+00  -8.2924100e+00   5.9117600e+01   2.0000000e+00
   3.9000000e+01   3.0983200e+00   1.8116900e+01   3.4895000e+01  -1.0000000e+00
   4.0000000e+01   3.3876100e+00   1.4509100e+01   3.4427000e+01   1.0000000e+00
   4.1000000e+01   1.1739600e+01  -1.2446800e+00   3.2154000e+01   1.0000000e+00
   4.2000000e+01   1.4492200e+01  -8.9479900e+00  -1.5286100e+00  -2.0000000e+00
   4.3000000e+01  -9.0920200e+00  -1.2209000e+01   5.9140600e+01   2.0000000e+00
   4.4000000e+01   5.0304700e+00   5.6365700e+00   3.3726000e+01   1.0000000e+00
   4.5000000e+01   8.4120400e+00   1.6676900e+01   3.3596800e+01  -1.0000000e+00
   4.6000000e+01  -8.6241300e+00   6.4055500e+00   3.4307000e+01   1.0000000e+00
   4.7000000e+01  -1.2298100e+01   4.4406000e-01   3.0220900e+01  -1.0000000e+00
   4.8000000e+01  -9.1443200e+00  -1.4276900e+01   3.0223000e+01  -2.0000000e+00
   4.9000000e+01   7.1512100e+00  -7.3256100e+00   5.9581400e+01   2.0000000e+00
   5.0000000e+01  -1.8864500e+00  -1.4482000e+01   5.8927300e+01   2.0000000e+00
   5.1000000e+01  -1.2440500e+01  -3.7194100e+00   5.7800300e+01   2.0000000e+00
   5.2000000e+01   1.6787400e+01   7.5386800e-01   3.3299600e+01  -2.0000000e+00
   5.3000000e+01   1.5353800e+01   6.2691400e+00   3.3595400e+01  -2.0000000e+00
   5.4000000e+01   1.6517800e+01  -6.8145500e+00   2.1845300e+00  -1.0000000e+00
   5.5000000e+01  -2.3874300e+00   6.8989400e+00   3.4729500e+01   1.0000000e+00
   5.6000000e+01   1.4194100e+01   8.0068300e+00   3.3099400e+01  -2.0000000e+00
   5.7000000e+01   5.4318600e+00   1.4675200e+01   3.4050200e+01  -2.0000000e+00
   5.8000000e+01   8.9254700e+00   9.4653600e+00   3.3691500e+01   1.0000000e+00
   5.9000000e+01  -9.1116900e+00  -1.6370000e+01   7.8377700e-01  -1.0000000e+00
   6.0000000e+01  -1.2803900e+01   6.0886900e+00   3.5156200e+01   1.0000000e+00
   6.1000000e+01   1.2503900e+01  -6.2414300e+00   1.7590900e+01  -3.0000000e+00
   6.2000000e+01  -6.9310600e+00  -9.0057200e-01   2.9663300e+01  -1.0000000e+00
   6.3000000e+01  -1.7016700e+01   5.5918900e+00   3.6465400e+01  -1.0000000e+00
   6.4000000e+01   8.9467300e+00  -8.3600500e+00   2.9961800e+01   2.0000000e+00
   6.5000000e+01   3.8647000e+00   7.3384200e+00   3.3934500e+01   1.0000000e+00
   6.6000000e+01   4.5243300e+00   1.2756000e+01   3.4354200e+01   1.0000000e+00
   6.7000000e+01  -3.6756600e+00  -1.5502500e+01   2.9950400e+01   0.0000000e+00
   6.8000000e+01  -1.7814200e+01  -2.4156500e+00   7.1396700e+01  -1.0000000e+00
   6.9000000e+01   1.8237100e+00  -6.2344600e+00   5.8648100e+01  -3.0000000e+00
   7.0000000e+01   1.9962400e+00   3.6085400e+00   3.4452400e+01   1.0000000e+00
   7.1000000e+01  -5.1855800e+00  -1.9864100e+00   5.3748000e+01  -2.0000000e+00
   7.2000000e+01   1.1609700e+01   1.5056300e+01   3.4913700e+01  -1.0000000e+00
   7.3000000e+01   1.6002800e+01  -4.7876000e+00   2.6711700e+01  -2.0000000e+00
   7.4000000e+01  -7.1630400e+00  -9.1658000e+00   5.8104700e+01   2.0000000e+00
   7.5000000e+01   8.9457000e+00  -6.2826600e+00   5.6531800e-01   2.0000000e+00
   7.6000000e+01   2.3105000e+00   2.0115800e-02   3.4460600e+01   1.0000000e+00
   7.7000000e+01  -2.8813700e+00   1.4083300e+01   3.3325200e+01   1.0000000e+00
   7.8000000e+01  -1.7023000e+01   2.3175400e+00   3.4349600e+01  -1.0000000e+00
   7.9000000e+01   9.5522000e+00   1.4952600e+01   2.1889300e+01  -2.0000000e+00
   8.0000000e+01   1.1303800e+00   1.7316700e+00   3.4781000e+01   1.0000000e+00
   8.1000000e+01   1.3792700e+01  -1.1253100e+00   3.2137600e+01   1.0000000e+00
   8.2000000e+01   5.5327600e+00  -1.5446100e+00   3.3794900e+01  -3.0000000e+00
   8.3000000e+01  -3.1560400e+00  -2.4999000e+00   3.6969400e+01  -3.0000000e+00
   8.4000000e+01  -1.5712100e+01   3.8995600e+00   3.3762300e+01  -2.0000000e+00
   8.5000000e+01  -1.4014200e+01   7.7919500e+00   3.4361400e+01  -2.0000000e+00
   8.6000000e+01   1.3071000e+00   1.4330600e+01   3.4070500e+01   1.0000000e+00
   8.7000000e+01  -3.4841300e+00  -5.0744500e+00   5.8579900e+01  -3.0000000e+00
   8.8000000e+01  -6.0728400e-01  -2.2501600e+00   4.7500500e+01  -3.0000000e+00
   8.9000000e+01  -1.7967800e+00  -4.5912800e-01   3.2937200e+01   1.0000000e+00
   9.0000000e+01   1.4442100e+01   4.4227700e+00   3.3292000e+01   1.0000000e+00
   9.1000000e+01  -3.5754500e+00  -9.2761300e+00   5.9044500e+01   2.0000000e+00
   9.2000000e+01  -1.6608900e+00  -6.0922600e+00   2.8860500e+01   2.0000000e+00
   9.3000000e+01   9.8323900e+00   1.1305800e+01   3.3649100e+01   1.0000000e+00
   9.4000000e+01  -1.0896200e+00   1.7851300e+01   3.3989600e+01  -1.0000000e+00
   9.5000000e+01   1.1007700e+01   9.6243000e+00   3.3740200e+01   1.0000000e+00
   9.6000000e+01   1.0722800e+01  -7.3161100e+00   6.0317800e+01   2.0000000e+00
   9.7000000e+01  -6.5454200e+00   6.5765200e+00   3.4200400e+01   1.0000000e+00
   9.8000000e+01  -1.5206400e+00   8.7911100e+00   3.4224600e+01   1.0000000e+00
   9.9000000e+01  -1.4531400e+01   2.2061400e+00   4.3486100e+01  -2.0000000e+00
   1.0000000e+02   7.5868500e+00  -1.3928900e+00   4.5547700e+01  -3.0000000e+00
   1.0100000e+02  -1.4536200e+01  -1.3047100e+01   5.7253700e+01  -1.0000000e+00
   1.0200000e+02   5.3662700e+00  -1.2489800e+01   2.9388300e+01   2.0000000e+00
   1.0300000e+02   6.3474400e+00   1.6545200e+01   3.3800100e+01  -1.0000000e+00
   1.0400000e+02  -9.0441900e+00  -1.0147600e+01   5.8427500e+01   2.0000000e+00
   1.0500000e+02   7.0886900e+00   5.7271100e+00   3.3817800e+01   1.0000000e+00
   1.0600000e+02  -6.1356600e+00   1.5625000e+01   4.6409200e+01  -2.0000000e+00
   1.0700000e+02  -1.7435900e+00   1.2355200e+01   3.3736600e+01   1.0000000e+00
   1.0800000e+02   3.5205500e+00  -1.3548400e+01   2.9962000e+01   2.0000000e+00
   1.0900000e+02  -7.0260600e+00  -2.9659200e+00   5.7828000e+01  -2.0000000e+00
   1.1000000e+02   1.6727900e+00  -1.6650900e+01   5.9101100e+01  -2.0000000e+00
   1.1100000e+02  -1.2512300e+01  -5.8804400e+00   5.7710000e+01   2.0000000e+00
   1.1200000e+02   6.5728400e+00   1.2927400e+01   3.4355500e+01   1.0000000e+00
   1.1300000e+02  -1.2013800e-01  -1.7674500e+01   4.3826700e+01  -1.0000000e+00
   1.1400000e+02  -6.7880100e+00   1.0169300e+01   3.4333200e+01   1.0000000e+00
   1.1500000e+02   1.4918700e+01   1.3475500e+01   6.3646700e+01  -1.0000000e+00
   1.1600000e+02  -1.6076300e+01  -3.5788200e+00   5.6798700e+01  -2.0000000e+00
   1.1700000e+02  -1.0069100e+01   1.1668300e+01   3.3900500e+01   1.0000000e+00
   1.1800000e+02   7.1326900e+00  -9.4052300e+00   3.0025400e+01   2.0000000e+00
   1.1900000e+02  -1.2481200e+01   2.5077700e+00   1.7389100e+01  -2.0000000e+00
   1.2000000e+02  -5.2489600e-02  -1.1449300e+01   5.9038300e+01   2.0000000e+00
   1.2100000e+02  -1.4114700e+01  -5.5276700e-01   4.5858500e+01  -2.0000000e+00
   1.2200000e+02   4.1393000e+00   3.7697600e+00   3.4072100e+01   1.0000000e+00
   1.2300000e+02   1.1477500e+01   2.4141900e+00   3.3308000e+01   1.0000000e+00
   1.2400000e+02   5.3827100e+00  -6.2383800e+00   4.7237100e+01  -3.0000000e+00
   1.2500000e+02   1.3941700e+01  -4.7763800e+00   2.5006300e+01  -3.0000000e+00
   1.2600000e+02   1.7458100e+00  -1.2515400e+01   5.9742500e+01   2.0000000e+00
   1.2700000e+02  -7.2954700e+00  -1.7479700e+01  -1.6211000e+00  -1.0000000e+00
   1.2800000e+02  -1.2686500e+01  -1.2101300e+01   5.6939800e+01  -2.0000000e+00
   1.2900000e+02   1.4534000e+01  -1.1114400e+01   3.3351100e+01  -1.0000000e+00
   1.3000000e+02   4.6107700e+00  -3.3839400e+00   4.8046700e+01  -3.0000000e+00
   1.3100000e+02  -1.3641300e+01   4.2121600e+00   3.6206000e+01   1.0000000e+00
   1.3200000e+02  -4.7516000e-02   3.4265400e+00   3.4307700e+01   1.0000000e+00
   1.3300000e+02   1.0740800e+01  -1.1463500e+01   1.1922200e+00   2.0000000e+00
   1.3400000e+02   3.5945200e+00  -7.2795800e+00   5.9236600e+01   2.0000000e+00
   1.3500000e+02   5.3485400e+00  -8.3586600e+00   2.9466200e+01   2.0000000e+00
   1.3600000e+02   6.6818000e+00  -3.2399800e+00   1.3274800e+01  -3.0000000e+00
   1.3700000e+02   3.4601200e+00  -1.7730100e+01   5.9136500e+01  -1.0000000e+00
   1.3800000e+02   1.0813300e+01  -1.3522500e+01   3.0194800e+01  -2.0000000e+00
   1.3900000e+02   1.1942100e+01   1.1478300e+01   3.3975400e+01   1.0000000e+00
   1.4000000e+02  -5.5813700e-02  -1.3529300e+01   5.8903400e+01   2.0000000e+00
   1.4100000e+02  -1.0612000e+01  -2.7724900e+00   5.7144200e+01   2.0000000e+00
   1.4200000e+02   1.2580900e+01  -1.4571800e+01   6.0994800e+01  -1.0000000e+00
   1.4300000e+02   5.3212600e+00  -1.4575100e+01   5.8985400e+01  -2.0000000e+00
   1.4400000e+02   5.2694000e+00  -1.6715000e+01   5.8851800e+01  -1.0000000e+00
   1.4500000e+02   1.8863300e+01   9.1951800e-01   3.4968400e+01  -1.0000000e+00
   1.4600000e+02  -3.8526000e+00   1.2195800e+01   3.4247200e+01   1.0000000e+00
   1.4700000e+02   1.7903400e+00   7.1877800e+00   3.4041200e+01   1.0000000e+00
   1.4800000e+02  -5.6094000e-01   1.0623100e+01   3.3798100e+01   1.0000000e+00
   1.4900000e+02  -3.2637900e+00   5.0206900e+00   3.4242200e+01   1.0000000e+00
   1.5000000e+02  -1.2613000e+01  -1.0028800e+01   5.7628400e+01  -2.0000000e+00
   1.5100000e+02   1.5860800e+01  -1.1135600e+00   3.1693800e+01  -2.0000000e+00
   1.5200000e+02   8.9357600e+00  -1.4568800e+01   5.9989500e+01  -2.0000000e+00
   1.5300000e+02   5.9687100e+00   7.4645500e+00   3.3581400e+01   1.0000000e+00
   1.5400000e+02   1.6635100e+01   4.4486800e+00   3.2812700e+01  -2.0000000e+00
   1.5500000e+02   3.6077500e-01   1.2499700e+01   3.3709000e+01   1.0000000e+00
   1.5600000e+02  -1.2578900e+01  -7.9509400e+00   5.7710900e+01   2.0000000e+00
   1.5700000e+02   1.5158700e+01   9.8454100e+00   1.7817100e+01  -1.0000000e+00
   1.5800000e+02  -1.8986900e+00  -1.6552300e+01   4.7765300e+01  -2.0000000e+00
   1.5900000e+02  -8.7926100e+00  -1.8036000e+00   4.5030200e+01  -2.0000000e+00
   1.6000000e+02   1.7413200e+01   6.3797300e+00   3.4736300e+01  -1.0000000e+00
   1.6100000e+02   1.0084200e+01   7.7458000e+00   3.3659200e+01   1.0000000e+00
   1.6200000e+02   8.5152100e+00   4.4277700e-01   3.3366100e+01   1.0000000e+00
   1.6300000e+02  -1.1014000e+01   9.8084500e+00   3.4534300e+01   1.0000000e+00
   1.6400000e+02   1.0733500e+01  -1.5616600e+01   5.9223600e+01  -1.0000000e+00
   1.6500000e+02   1.2842800e+01   1.3360200e+01   2.2541200e+01  -2.0000000e+00
   1.6600000e+02   3.6386900e+00   1.0890600e+01   3.3990200e+01   1.0000000e+00
   1.6700000e+02   4.8060700e+00   9.1901700e+00   3.4042500e+01   1.0000000e+00
   1.6800000e+02  -7.2842200e+00  -1.1211100e+01   2.8433100e+01   2.0000000e+00
   1.6900000e+02   1.2657000e+01   6.2194300e-01   3.3333900e+01   1.0000000e+00
   1.7000000e+02  -9.4249400e-01   1.5716200e+00   3.4678500e+01   1.0000000e+00
   1.7100000e+02  -3.6033000e+00  -1.1326100e+01   5.8825000e+01   2.0000000e+00
   1.7200000e+02  -1.0266500e+01   1.5250400e+01   3.3454700e+01  -1.0000000e+00
   1.7300000e+02  -1.4459700e+01  -1.0929400e+01   7.2364200e+01  -1.0000000e+00
   1.7400000e+02  -1.2802400e+01  -1.4183900e+01   4.1410500e+01  -1.0000000e+00
   1.7500000e+02  -1.0695900e+01   6.2407100e+00   3.4362100e+01   1.0000000e+00
   1.7600000e+02   3.2276500e+00   1.9248500e+00   3.4330700e+01   1.0000000e+00
   1.7700000e+02  -5.3909400e+00  -1.0265500e+01   5.8402100e+01   2.0000000e+00
   1.7800000e+02  -1.4900900e+01   5.8446700e+00   3.6227600e+01  -2.0000000e+00
   1.7900000e+02   7.1328100e+00  -1.3585200e+01   5.9384000e+01   2.0000000e+00
   1.8000000e+02  -1.0418400e+01   2.6731800e+00   2.2778300e+01  -2.0000000e+00
   1.8100000e+02   1.0568600e+01   5.5550800e-01   3.3104900e+01   1.0000000e+00
   1.8200000e+02  -8.2134200e+00   1.5461500e+01   3.4270700e+01  -1.0000000e+00
   1.8300000e+02   1.2587800e+01  -1.0357000e+01   3.4196300e+00  -2.0000000e+00
   1.8400000e+02  -8.3639500e+00   2.8633000e+00   3.4402200e+01  -2.0000000e+00
   1.8500000e+02  -3.5787100e+00   8.5904000e+00   3.4941400e+01   1.0000000e+00
   1.8600000e+02   1.2539800e+01  -8.3031000e+00   3.8132600e+00   2.0000000e+00
   1.8700000e+02   1.0715000e+01  -9.3841700e+00   3.0667800e+01   2.0000000e+00
   1.8800000e+02  -7.1275400e+00  -7.1104100e+00   5.8963300e+01   2.0000000e+00
   1.8900000e+02  -7.1053700e+00  -5.0505100e+00   5.8524500e+01   2.0000000e+00
   1.9000000e+02   1.1217900e+01   6.0304800e+00   3.3800500e+01   1.0000000e+00
   1.9100000e+02   2.6886600e+00   9.0410400e+00   3.3823500e+01   1.0000000e+00
   1.9200000e+02   3.5262100e+00  -1.1450000e+01   5.9913200e+01   2.0000000e+00
   1.9300000e+02   1.8003600e+01  -1.0747300e+00   4.8494900e+01  -1.0000000e+00
   1.9400000e+02  -1.7036900e+00  -4.0147700e+00   1.4892400e+01  -3.0000000e+00
   1.9500000e+02  -9.5452700e+00   4.5397600e+00   3.4554500e+01   1.0000000e+00
   1.9600000e+02  -1.8047200e-02  -9.3281700e+00   5.8905100e+01   2.0000000e+00
   1.9700000e+02  -7.4605900e+00   4.7225000e+00   3.4345400e+01   1.0000000e+00
   1.9800000e+02  -8.8518800e+00  -3.9545700e+00   5.7436700e+01   2.0000000e+00
   1.9900000e+02  -4.0208100e+00   1.5832600e+01   3.4368500e+01  -2.0000000e+00
   2.0000000e+02  -9.1597600e+00   1.3526200e+01   3.3931200e+01  -2.0000000e+00
   2.0100000e+02   1.0761600e+01   1.3165700e+01   3.4392400e+01  -2.0000000e+00
   2.0200000e+02  -7.2621500e+00  -1.3265000e+01   2.8661800e+01   2.0000000e+00
   2.0300000e+02   8.8839300e+00  -1.6676700e+01   6.0147800e+01  -1.0000000e+00
   2.0400000e+02   1.6550700e+01  -8.8828600e+00  -1.3637800e+01  -1.0000000e+00
   2.0500000e+02   2.3125300e-01  -1.4400400e-01   3.5865900e+01   1.0000000e+00
   2.0600000e+02   1.4683000e-01   1.6020200e+01   3.4032200e+01  -2.0000000e+00
   2.0700000e+02  -7.9752300e+00   1.1842100e+01   3.4708600e+01   1.0000000e+00
   2.0800000e+02   1.0067200e+00   1.7911900e+01   3.4432800e+01  -1.0000000e+00
   2.0900000e+02  -1.0720600e+01  -4.8791900e+00   5.7546800e+01   2.0000000e+00
   2.1000000e+02  -1.0975900e+01  -1.5444300e+01   4.5293300e+01  -1.0000000e+00
   2.1100000e+02   3.5213600e+00  -1.5641100e+01   2.9290200e+01  -2.0000000e+00
   2.1200000e+02   5.7091700e+00   1.1058100e+01   3.4712100e+01   1.0000000e+00
   2.1300000e+02  -1.6182100e+01  -7.7567800e+00   5.7878200e+01  -1.0000000e+00
   2.1400000e+02  -1.3067400e+01   9.6210000e+00   3.3916300e+01  -2.0000000e+00
   2.1500000e+02   1.0750500e+01  -5.1682400e+00   2.3684700e+01  -3.0000000e+00
   2.1600000e+02  -5.0725800e+00   1.2529900e+00   2.2453000e+01  -3.0000000e+00
   2.1700000e+02  -1.4344500e+01  -6.8038300e+00   5.7154200e+01  -2.0000000e+00
   2.1800000e+02   1.4011000e+00  -1.8276700e+00   1.9668100e+01  -3.0000000e+00
   2.1900000e+02  -4.1668500e+00   3.1396600e+00   3.4552000e+01   1.0000000e+00
   2.2000000e+02  -1.4423400e+01  -8.8720100e+00   5.7677000e+01  -2.0000000e+00
   2.2100000e+02   1.4871800e+01  -2.9478200e+00   3.1270400e+01   1.0000000e+00
   2.2200000e+02   7.1677700e+00  -5.2300200e+00   3.9632100e+01  -3.0000000e+00
   2.2300000e+02   1.4513100e+01  -1.3177400e+01   6.4553900e+01  -1.0000000e+00
   2.2400000e+02   1.6291000e+01   8.1023000e+00   1.7904400e+01  -1.0000000e+00
   2.2500000e+02  -1.7958800e+01  -4.4996000e+00   5.6753200e+01  -1.0000000e+00
   2.2600000e+02  -1.2155100e+01   1.1534500e+01   3.4493800e+01  -2.0000000e+00
   2.2700000e+02   3.0377000e-02  -7.2624100e+00   5.8199500e+01   2.0000000e+00
   2.2800000e+02  -8.9438800e+00  -6.0054500e+00   5.8211200e+01   2.0000000e+00
   2.2900000e+02  -2.9888900e+00   1.4282100e+00   3.4220000e+01   1.0000000e+00
   2.3000000e+02  -5.3711300e+00   4.8649200e+00   3.4381000e+01   1.0000000e+00
   2.3100000e+02   1.5575900e+01   2.6617500e+00   3.2520600e+01  -2.0000000e+00
   2.3200000e+02   1.8136600e+01  -4.7629700e+00   2.8287200e+01  -1.0000000e+00
   2.3300000e+02  -7.0894900e+00   1.3715500e+01   3.4423900e+01  -2.0000000e+00
   2.3400000e+02  -5.2711500e+00  -4.0343100e+00   5.9876200e+01  -3.0000000e+00
   2.3500000e+02  -1.6130400e+01  -5.6348100e+00   5.7496300e+01  -2.0000000e+00
   2.3600000e+02   8.8536400e+00  -4.0026200e+00   1.4759700e+01  -3.0000000e+00
   2.3700000e+02   8.9239900e+00  -1.0434700e+01   3.0419300e+01   2.0000000e+00
   2.3800000e+02   7.7659600e+00   1.1229600e+01   3.3901500e+01   1.0000000e+00
   2.3900000e+02  -1.1886500e+01   7.9296300e+00   3.4552700e+01   1.0000000e+00
   2.4000000e+02   1.1732000e-01  -5.0415800e+00   4.7027200e+01  -3.0000000e+00
   2.4100000e+02  -8.8758500e-02  -1.5578000e+01   5.8755900e+01  -2.0000000e+00
   2.4200000e+02   4.3643800e+00   2.0659900e-01   3.3809100e+01   1.0000000e+00
   2.4300000e+02   1.2604700e+01  -1.2422800e+01   3.2786000e+01  -2.0000000e+00
   2.4400000e+02   6.4571700e+00   3.2631400e-01   3.3480300e+01   1.0000000e+00
   2.4500000e+02  -4.7404200e+00   1.0299900e+01   3.4447700e+01   1.0000000e+00
   2.4600000e+02   1.7532800e+00  -1.0408800e+01   5.9356500e+01   2.0000000e+00
   2.4700000e+02   1.5261900e+00   1.0777800e+01   3.3699500e+01   1.0000000e+00
   2.4800000e+02  -3.6579500e+00  -1.3413700e+01   5.8791900e+01   2.0000000e+00
   2.4900000e+02   5.3131600e+00   2.0363700e+00   3.3581200e+01   1.0000000e+00
   2.5000000e+02   2.4656300e+00   1.2605600e+01   3.3712200e+01   1.0000000e+00
   2.5100000e+02   1.0731900e+01  -3.0723200e+00   1.8161500e+01  -3.0000000e+00
   2.5200000e+02   7.3733400e+00   2.1696400e+00   3.3851900e+01   1.0000000e+00
   2.5300000e+02  -8.9685900e+00  -8.0794600e+00   5.8473200e+01   2.0000000e+00
   2.5400000e+02  -5.8978200e+00   1.2023300e+01   3.4627600e+01   1.0000000e+00
   2.5500000e+02  -3.8485700e+00  -4.3779100e-01   2.7665700e+01  -3.0000000e+00
   2.5600000e+02  -5.3302300e+00  -8.1787700e+00   2.9074300e+01   2.0000000e+00
   2.5700000e+02   1.7010400e+01  -2.9936000e+00   3.1201500e+01  -2.0000000e+00
   2.5800000e+02  -6.2413400e+00   2.9611700e+00   3.4059400e+01   1.0000000e+00
   2.5900000e+02   8.7142300e-01   5.3377800e+00   3.4151600e+01   1.0000000e+00
   2.6000000e+02   7.1660900e+00  -1.1505800e+01   3.0033400e+01   2.0000000e+00
   2.6100000e+02  -9.7857500e+00   8.1100700e+00   3.4761900e+01   1.0000000e+00
   2.6200000e+02  -3.5334900e+00  -7.1228000e+00   5.9104100e+01   2.0000000e+00
   2.6300000e+02  -1.0859000e+01  -1.1164100e+01   5.8105000e+01   2.0000000e+00
   2.6400000e+02   1.3068400e+01   9.7385100e+00   3.3092000e+01  -2.0000000e+00
   2.6500000e+02   9.6418900e+00  -1.2802500e+00   2.0362700e+01  -3.0000000e+00
   2.6600000e+02   1.2400300e+01   4.2717500e+00   3.3670800e+01   1.0000000e+00
   2.6700000e+02  -2.6769000e+00   1.0502500e+01   3.4282900e+01   1.0000000e+00
   2.6800000e+02  -1.8088400e+00  -1.0338300e+01   5.8866600e+01   2.0000000e+00
   2.6900000e+02   1.3522800e+01   2.5068600e+00   3.3782700e+01   1.0000000e+00
   2.7000000e+02  -1.4186000e+01  -2.6444100e+00   5.7685300e+01   2.0000000e+00
   2.7100000e+02   3.4709500e+00  -1.6751800e+00   2.2107400e+01  -3.0000000e+00
   2.7200000e+02  -4.4369100e+00   6.7268800e+00   3.4562900e+01   1.0000000e+00
   2.7300000e+02   9.4189800e+00   2.2947800e+00   3.3709800e+01   1.0000000e+00
   2.7400000e+02   6.8829100e+00   9.3549400e+00   3.4018200e+01   1.0000000e+00
   2.7500000e+02  -5.4369900e+00  -1.6561800e+01   1.0548500e+01  -2.0000000e+00
   2.7600000e+02   8.9530600e+00  -1.2506300e+01   3.0557200e+01   2.0000000e+00
   2.7700000e+02  -5.2622400e+00   1.7503600e+01   3.5677700e+01  -1.0000000e+00
   2.7800000e+02  -1.3386900e+01   1.3249200e+01   3.5850100e+01  -1.0000000e+00
   2.7900000e+02  -1.4242500e+01  -4.7371800e+00   5.7463000e+01   2.0000000e+00
   2.8000000e+02  -1.8895300e+01   1.4086800e+00   1.4974800e+01  -1.0000000e+00
   2.8100000e+02  -1.7937400e+00  -8.2220700e+00   5.8362200e+01   2.0000000e+00
   2.8200000e+02  -1.4192400e+01   1.1344700e+01   4.9344900e+01  -1.0000000e+00
   2.8300000e+02   7.4944500e+00   1.4823000e+01   3.3897900e+01  -2.0000000e+00
   2.8400000e+02   9.1550300e+00   5.8944000e+00   3.4028700e+01   1.0000000e+00
   2.8500000e+02   1.3271100e+01   6.1599900e+00   3.3786200e+01   1.0000000e+00
   2.8600000e+02  -5.0020600e+00   1.3907100e+01   3.4144800e+01   1.0000000e+00
   2.8700000e+02  -1.1594600e+01   4.3816200e+00   3.4648000e+01   1.0000000e+00
   2.8800000e+02  -1.0963600e+01  -1.3259600e+01   5.8281500e+01  -2.0000000e+00
   2.8900000e+02  -1.2350100e+01  -1.6583200e+00   5.7990600e+01  -2.0000000e+00
   2.9000000e+02  -1.7718400e+01  -3.3242700e-01   3.6130100e+01  -1.0000000e+00
   2.9100000e+02  -1.0499200e+01  -6.5928900e-01   5.0498900e+01  -2.0000000e+00
   2.9200000e+02   1.7698200e+01   2.6689900e+00   1.7319200e+01  -1.0000000e+00
   2.9300000e+02  -3.6166000e+00  -1.7697800e+01   1.0903500e+00  -1.0000000e+00
   2.9400000e+02  -5.3343500e+00  -6.0889200e+00   2.9418400e+01   2.0000000e+00
   2.9500000e+02  -1.0807400e+01  -9.0592600e+00   5.8284400e+01   2.0000000e+00
   2.9600000e+02  -9.2486300e+00   9.7378500e-01   4.6716400e+01  -1.0000000e+00
   2.9700000e+02   1.2134400e+01   7.8814400e+00   3.3424200e+01   1.0000000e+00
   2.9800000e+02   1.6722000e+00  -1.8764600e+01   5.9576500e+01  -1.0000000e+00
   2.9900000e+02  -1.6069700e+01   7.6185100e+00   4.9455800e+01  -1.0000000e+00
