   0.0000000e+00  -8.7927100e-01   3.5887900e+00   1.0000000e+00
   1.0000000e+00   2.7538500e-01  -9.5816600e+00  -1.0000000e+00
   2.0000000e+00  -9.1554500e-01  -6.0372200e+00   1.0000000e+00
   3.0000000e+00   1.1044000e+01   1.4594200e+01   1.0000000e+00
   4.0000000e+00  -5.5408900e-01   1.3048500e+01   1.0000000e+00
   5.0000000e+00   4.5853600e+00  -1.8178000e+01  -1.0000000e+00
   6.0000000e+00  -1.4022900e+01   1.0781500e+01   1.0000000e+00
   7.0000000e+00   6.7649500e+00  -5.6269200e+00  -1.0000000e+00
   8.0000000e+00  -9.1488800e+00  -1.0549900e+01   1.0000000e+00
   9.0000000e+00   2.5943100e+00  -1.7597500e+01  -1.0000000e+00
   1.0000000e+01   6.5244100e+00   1.1416200e+01   1.0000000e+00
   1.1000000e+01   1.4544900e+01   6.1766200e+00  -1.0000000e+00
   1.2000000e+01   1.3542100e+01   9.6240500e+00   1.0000000e+00
   1.3000000e+01  -2.6565200e-01  -1.8656100e+00   1.0000000e+00
   1.4000000e+01  -1.3986800e+01  -6.3404500e+00   1.0000000e+00
   1.5000000e+01  -7.5662900e+00   1.4662700e+01   1.0000000e+00
   1.6000000e+01  -1.4604400e+00   9.0202800e+00   1.0000000e+00
   1.7000000e+01  -1.5222600e+01  -2.8912000e+00   1.0000000e+00
   1.8000000e+01  -1.1578000e-02   1.5085100e+01   1.0000000e+00
   1.9000000e+01  -1.5263000e+00   1.6528000e+01   1.0000000e+00
   2.0000000e+01  -9.5319600e+00   1.4083400e+01   1.0000000e+00
   2.1000000e+01  -1.4899000e+01   6.6500800e+00   1.0000000e+00
   2.2000000e+01   6.0208300e+00   1.6915000e+01   1.0000000e+00
   2.3000000e+01  -5.0243800e+00  -1.7273700e+01  -1.0000000e+00
   2.4000000e+01  -1.3165700e+01  -1.1814900e+01   1.0000000e+00
   2.5000000e+01  -1.3423700e+01   5.2181300e+00   1.0000000e+00
   2.6000000e+01  -2.8906900e+00  -6.6236300e+00   1.0000000e+00
   2.7000000e+01   7.0455100e+00   5.9592200e+00   1.0000000e+00
   2.8000000e+01   6.1263700e+00  -3.6567400e+00  -1.0000000e+00
   2.9000000e+01  -6.9245500e+00  -7.8232100e+00   1.0000000e+00
   3.0000000e+01  -1.9467800e+00   6.9935700e+00   1.0000000e+00
   3.1000000e+01   3.5274200e+00  -1.4091500e+01  -1.0000000e+00
   3.2000000e+01   1.5472600e+01  -9.3809700e+00  -1.0000000e+00
   3.3000000e+01  -1.7771600e+01   1.9734600e+00   1.0000000e+00
   3.4000000e+01   1.2544400e+01   5.6035000e+00  -1.0000000e+00
   3.5000000e+01  -6.8230300e+00   1.6802900e+00   1.0000000e+00
   3.6000000e+01  -1.2303600e+01   1.8147700e+00   1.0000000e+00
   3.7000000e+01   4.5436600e-01  -1.7121800e+01  -1.0000000e+00
   3.8000000e+01   1.4877100e+01  -7.3694000e+00  -1.0000000e+00
   3.9000000e+01  -7.2397700e+00  -3.4544400e-01   1.0000000e+00
   4.0000000e+01   1.0994500e+01   7.0649000e+00   1.0000000e+00
   4.1000000e+01  -3.5060500e+00  -1.5874600e+01  -1.0000000e+00
   4.2000000e+01  -3.0631700e+00  -1.7901600e+01  -1.0000000e+00
   4.3000000e+01   6.0197000e+00   9.3930800e+00   1.0000000e+00
   4.4000000e+01  -9.9563900e+00  -1.4587600e+01   1.0000000e+00
   4.5000000e+01   1.7731100e+01   1.3643100e+00  -1.0000000e+00
   4.6000000e+01   9.0232400e+00   6.4921900e+00   1.0000000e+00
   4.7000000e+01  -1.3647800e+01   1.2862900e+01   1.0000000e+00
   4.8000000e+01  -1.2545400e+00  -8.1463600e+00   1.0000000e+00
   4.9000000e+01   1.2532900e+01   1.3143300e+01   1.0000000e+00
   5.0000000e+01   2.6221000e+00   2.7775700e+00   1.0000000e+00
   5.1000000e+01   4.0320600e+00   8.7731700e+00   1.0000000e+00
   5.2000000e+01  -1.9328500e+01   3.3506100e+00   1.0000000e+00
   5.3000000e+01   1.7040400e+01  -2.3073300e+00  -1.0000000e+00
   5.4000000e+01   6.5828300e+00   3.9330500e+00   1.0000000e+00
   5.5000000e+01   9.5541800e+00   1.6004600e+01   1.0000000e+00
   5.6000000e+01  -4.2030100e+00  -3.1249800e+00   1.0000000e+00
   5.7000000e+01  -1.0041800e+01   1.2055800e+01   1.0000000e+00
   5.8000000e+01  -1.2032900e+01   1.1474500e+01   1.0000000e+00
   5.9000000e+01  -4.0430600e+00   1.3872300e+01   1.0000000e+00
   6.0000000e+01   1.5893800e+01   1.2493400e+01   1.0000000e+00
   6.1000000e+01   1.4019100e+01  -1.0982600e+01  -1.0000000e+00
   6.2000000e+01  -2.6506800e+00  -4.5866700e+00   1.0000000e+00
   6.3000000e+01   4.9983400e+00  -1.2642600e+01  -1.0000000e+00
   6.4000000e+01   2.0101400e+00  -1.5613700e+01  -1.0000000e+00
   6.5000000e+01  -1.6373500e+01  -9.0891000e+00   1.0000000e+00
   6.6000000e+01  -1.2843400e+01  -9.7447700e+00   1.0000000e+00
   6.7000000e+01  -5.2212000e+00  -9.2056800e+00   1.0000000e+00
   6.8000000e+01  -1.5583700e+01  -4.9382500e+00   1.0000000e+00
   6.9000000e+01   3.0718600e-02   7.5981900e+00   1.0000000e+00
   7.0000000e+01  -4.0123900e+00  -1.3798800e+01  -1.0000000e+00
   7.1000000e+01   1.2310400e+01   5.0978700e-01  -1.0000000e+00
   7.2000000e+01  -7.1954600e+00  -9.8696100e+00   1.0000000e+00
   7.3000000e+01   1.6213200e+01  -5.8055600e+00  -1.0000000e+00
   7.4000000e+01   8.9915500e+00   1.4012400e+01   1.0000000e+00
   7.5000000e+01   4.4706500e+00   1.0791700e+01   1.0000000e+00
   7.6000000e+01   1.4752600e+00  -1.3578900e+01  -1.0000000e+00
   7.7000000e+01  -7.0062200e+00   1.6757000e+01   1.0000000e+00
   7.8000000e+01   1.2825700e+01  -6.9668800e+00  -1.0000000e+00
   7.9000000e+01   8.7885800e+00  -6.0710000e+00  -1.0000000e+00
   8.0000000e+01   9.5045300e+00  -2.5346200e+00  -1.0000000e+00
   8.1000000e+01   2.9260400e+00  -1.2089700e+01  -1.0000000e+00
   8.2000000e+01  -6.5014600e+00   1.1187500e+01   1.0000000e+00
   8.3000000e+01   9.4001600e+00  -8.0562200e+00  -1.0000000e+00
   8.4000000e+01   1.8470400e+01  -6.2283500e-01  -1.0000000e+00
   8.5000000e+01   1.9022200e-01   1.4800300e-01   1.0000000e+00
   8.6000000e+01   7.3697600e+00  -7.6081000e+00  -1.0000000e+00
   8.7000000e+01  -1.4272400e+01   1.1777900e+00   1.0000000e+00
   8.8000000e+01   2.7717700e+00  -4.6264200e+00   1.0000000e+00
   8.9000000e+01   1.4186300e+01  -5.4129000e+00  -1.0000000e+00
   9.0000000e+01   2.1739600e+00   7.5652800e-01   1.0000000e+00
   9.1000000e+01   7.0868400e+00  -1.3113600e+01  -1.0000000e+00
   9.2000000e+01   1.2058200e+01   3.5782000e+00  -1.0000000e+00
   9.3000000e+01   1.2594300e+01  -1.2524800e+01  -1.0000000e+00
   9.4000000e+01  -1.3454300e+00   1.5617700e+00   1.0000000e+00
   9.5000000e+01   1.4651900e+01  -1.2932400e+01  -1.0000000e+00
   9.6000000e+01  -1.0519000e+01   9.9904000e+00   1.0000000e+00
   9.7000000e+01  -3.9191600e+00   6.4089000e+00   1.0000000e+00
   9.8000000e+01  -1.6249500e+01   5.4729800e-01   1.0000000e+00
   9.9000000e+01   1.0809900e+01  -6.5242500e+00  -1.0000000e+00
   1.0000000e+02  -9.2178700e+00  -9.8308500e-01   1.0000000e+00
   1.0100000e+02  -5.7021200e+00  -1.7076700e+00   1.0000000e+00
   1.0200000e+02  -4.8301500e+00   2.3154100e+00   1.0000000e+00
   1.0300000e+02   1.6967600e+00  -1.2486400e+00   1.0000000e+00
   1.0400000e+02  -1.3817500e+01   3.1968000e+00   1.0000000e+00
   1.0500000e+02   9.4687100e-01  -1.1531900e+01  -1.0000000e+00
   1.0600000e+02  -6.5732800e+00  -5.7871200e+00   1.0000000e+00
   1.0700000e+02   1.0062500e+01   3.0190900e+00  -1.0000000e+00
   1.0800000e+02   7.0207200e+00   1.3415900e+01   1.0000000e+00
   1.0900000e+02   1.7054300e+00  -8.0335300e+00  -1.0000000e+00
   1.1000000e+02   5.5470800e+00   7.3686400e+00   1.0000000e+00
   1.1100000e+02   9.9359000e+00  -1.0041800e+01  -1.0000000e+00
   1.1200000e+02  -1.6944000e+01   6.0165100e+00   1.0000000e+00
   1.1300000e+02   3.2241700e+00  -6.6293100e+00  -1.0000000e+00
   1.1400000e+02  -2.8628900e+00   2.9472000e+00   1.0000000e+00
   1.1500000e+02   1.9969400e+00   1.5696600e+01   1.0000000e+00
   1.1600000e+02   1.2012800e+01  -1.0511000e+01  -1.0000000e+00
   1.1700000e+02  -9.0947600e+00   1.6095500e+01   1.0000000e+00
   1.1800000e+02  -1.4469300e+01   8.7023100e+00   1.0000000e+00
   1.1900000e+02  -1.2016100e+01  -5.6864900e+00   1.0000000e+00
   1.2000000e+02  -7.4616000e+00  -1.6071500e+01   1.0000000e+00
   1.2100000e+02  -1.1854900e+01   3.8377900e+00   1.0000000e+00
   1.2200000e+02  -1.0763900e+01   4.0666400e-01   1.0000000e+00
   1.2300000e+02  -1.3158000e+01  -2.2611600e+00   1.0000000e+00
   1.2400000e+02   7.8949100e+00  -9.6407000e+00  -1.0000000e+00
   1.2500000e+02  -3.3284200e+00   9.0245600e-01   1.0000000e+00
   1.2600000e+02  -1.4695700e+01  -8.6351300e-01   1.0000000e+00
   1.2700000e+02  -9.6591600e+00  -2.9940800e+00   1.0000000e+00
   1.2800000e+02  -8.0394300e+00   1.2579100e+01   1.0000000e+00
   1.2900000e+02  -4.6275600e+00  -5.1259400e+00   1.0000000e+00
   1.3000000e+02   1.1501300e+01   9.0629800e+00   1.0000000e+00
   1.3100000e+02   8.5285400e+00   1.1955600e+01   1.0000000e+00
   1.3200000e+02   1.5675100e+01   1.6975800e+00  -1.0000000e+00
   1.3300000e+02   7.4877600e+00  -2.1239100e+00  -1.0000000e+00
   1.3400000e+02  -5.4332700e+00   7.8372300e+00   1.0000000e+00
   1.3500000e+02   1.5856300e+00   6.1751100e+00   1.0000000e+00
   1.3600000e+02  -1.1634400e+01  -3.6533900e+00   1.0000000e+00
   1.3700000e+02  -7.9815500e+00  -1.3938200e+01   1.0000000e+00
   1.3800000e+02  -4.9636100e-01  -1.3005100e+01  -1.0000000e+00
   1.3900000e+02  -2.2211000e+00  -2.5378200e+00   1.0000000e+00
   1.4000000e+02   1.0527900e+01   1.2604800e+01   1.0000000e+00
   1.4100000e+02  -8.8878000e+00  -8.4879200e+00   1.0000000e+00
   1.4200000e+02   1.1459300e+00  -5.9870800e+00   1.0000000e+00
   1.4300000e+02   1.2495000e+00  -3.2591100e+00   1.0000000e+00
   1.4400000e+02   3.6472500e+00  -2.7636400e+00   1.0000000e+00
   1.4500000e+02   5.0643800e+00   5.3476400e+00   1.0000000e+00
   1.4600000e+02  -6.3613100e+00   3.7291800e+00   1.0000000e+00
   1.4700000e+02   3.4834500e+00   1.4243100e+01   1.0000000e+00
   1.4800000e+02   2.4930200e+00   1.0199900e+01   1.0000000e+00
   1.4900000e+02   1.1544700e+01  -2.9768600e+00  -1.0000000e+00
   1.5000000e+02  -1.1554900e+01  -1.3191500e+01   1.0000000e+00
   1.5100000e+02  -5.5941900e+00  -1.1239900e+01   1.0000000e+00
   1.5200000e+02  -6.9801500e+00   9.1931400e+00   1.0000000e+00
   1.5300000e+02  -3.4654600e+00   8.4103900e+00   1.0000000e+00
   1.5400000e+02  -3.6125600e+00  -1.0695700e+01   1.0000000e+00
   1.5500000e+02  -1.7715100e+00  -4.5493800e-01   1.0000000e+00
   1.5600000e+02  -1.5363600e+00  -1.6513600e+01  -1.0000000e+00
   1.5700000e+02  -2.0271900e+00   1.4478300e+01   1.0000000e+00
   1.5800000e+02   6.2242100e+00   1.8809500e+00   1.0000000e+00
   1.5900000e+02   1.2020200e+01   1.1108800e+01   1.0000000e+00
   1.6000000e+02  -1.1222600e+01  -1.5983000e+00   1.0000000e+00
   1.6100000e+02   1.6343000e+01  -3.6124300e-01  -1.0000000e+00
   1.6200000e+02  -3.5264800e+00   1.5906200e+01   1.0000000e+00
   1.6300000e+02  -1.7166500e+01  -3.5623600e+00   1.0000000e+00
   1.6400000e+02  -2.4370300e-02  -1.5025000e+01  -1.0000000e+00
   1.6500000e+02  -5.5579000e+00   1.5276500e+01   1.0000000e+00
   1.6600000e+02   3.0995200e+00   4.7799300e+00   1.0000000e+00
   1.6700000e+02  -1.6415800e+01   8.0409700e+00   1.0000000e+00
   1.6800000e+02  -9.4208100e+00   6.5293000e+00   1.0000000e+00
   1.6900000e+02   8.0314600e+00   9.9527000e+00   1.0000000e+00
   1.7000000e+02   1.8618900e+01   5.5790400e+00  -1.0000000e+00
   1.7100000e+02  -1.0872100e+01  -9.1104100e+00   1.0000000e+00
   1.7200000e+02   1.2982600e+01   7.6267100e+00   1.0000000e+00
   1.7300000e+02  -1.2486300e+01   9.3296200e+00   1.0000000e+00
   1.7400000e+02  -1.2932300e+01   7.3155200e+00   1.0000000e+00
   1.7500000e+02  -1.8231600e+01  -4.7309600e-02   1.0000000e+00
   1.7600000e+02  -1.5801100e+01   2.5783000e+00   1.0000000e+00
   1.7700000e+02  -5.0085500e+00   1.7358500e+01   1.0000000e+00
   1.7800000e+02  -7.6518900e+00  -2.3619100e+00   1.0000000e+00
   1.7900000e+02   6.4529100e-01   2.1570700e+00   1.0000000e+00
   1.8000000e+02   5.3413200e+00  -7.1535200e+00  -1.0000000e+00
   1.8100000e+02  -9.8797600e+00   4.4735800e+00   1.0000000e+00
   1.8200000e+02  -1.1957300e+01  -1.5221400e+01   1.0000000e+00
   1.8300000e+02  -1.5376700e+01   4.5829400e+00   1.0000000e+00
   1.8400000e+02  -1.0321000e+01   2.4650900e+00   1.0000000e+00
   1.8500000e+02   1.3580400e+01  -3.4454200e+00  -1.0000000e+00
   1.8600000e+02   5.6211700e+00  -1.4624300e+01  -1.0000000e+00
   1.8700000e+02  -1.4427000e+01  -8.3566200e+00   1.0000000e+00
   1.8800000e+02  -2.4881500e+00  -1.2417600e+01  -1.0000000e+00
   1.8900000e+02   1.5617500e+01  -3.8230300e+00  -1.0000000e+00
   1.9000000e+02  -1.5605200e+00  -1.0486800e+01  -1.0000000e+00
   1.9100000e+02  -1.1128800e+01  -1.1149200e+01   1.0000000e+00
   1.9200000e+02   7.5200000e+00   7.9589200e+00   1.0000000e+00
   1.9300000e+02  -1.9959300e+00  -1.4433200e+01  -1.0000000e+00
   1.9400000e+02  -8.9552200e+00   8.5569300e+00   1.0000000e+00
   1.9500000e+02   1.4616200e+00   1.3656900e+01   1.0000000e+00
   1.9600000e+02  -4.9524700e+00  -7.1558900e+00   1.0000000e+00
   1.9700000e+02  -1.7611400e+01  -5.7152300e+00   1.0000000e+00
   1.9800000e+02   8.7962500e+00  -4.9214900e-01  -1.0000000e+00
   1.9900000e+02  -6.1595200e+00  -3.7623700e+00   1.0000000e+00
   2.0000000e+02  -1.0115200e+00   1.1027500e+01   1.0000000e+00
   2.0100000e+02   1.1753100e+01  -1.5978500e+01  -1.0000000e+00
   2.0200000e+02   1.3636500e+01   2.0993400e+00  -1.0000000e+00
   2.0300000e+02   1.0910900e+01  -1.0070900e+00  -1.0000000e+00
   2.0400000e+02   1.2177100e+01  -4.9546400e+00  -1.0000000e+00
   2.0500000e+02   1.0156100e+01  -4.4860700e+00  -1.0000000e+00
   2.0600000e+02   1.1425000e+01  -8.4977900e+00  -1.0000000e+00
   2.0700000e+02  -1.5957000e+01  -6.9670400e+00   1.0000000e+00
   2.0800000e+02   2.9417400e+00   1.2225200e+01   1.0000000e+00
   2.0900000e+02   7.6629100e+00  -1.5109800e+01  -1.0000000e+00
   2.1000000e+02  -5.8823300e+00   5.7276300e+00   1.0000000e+00
   2.1100000e+02   1.8166000e+01   3.4110700e+00  -1.0000000e+00
   2.1200000e+02  -4.0440700e-01   5.5932500e+00   1.0000000e+00
   2.1300000e+02   1.5057700e+01   8.2055300e+00  -1.0000000e+00
   2.1400000e+02   1.0023500e+01   1.0531600e+01   1.0000000e+00
   2.1500000e+02   4.1254600e+00  -1.6118600e+01  -1.0000000e+00
   2.1600000e+02   8.3132200e+00   1.7774000e+00   1.0000000e+00
   2.1700000e+02   1.4034900e+01   4.1617600e+00  -1.0000000e+00
   2.1800000e+02   1.0533300e+01   5.0616600e+00   1.0000000e+00
   2.1900000e+02  -7.5797100e+00  -1.1893600e+01   1.0000000e+00
   2.2000000e+02  -6.8366700e-01  -3.9670000e+00   1.0000000e+00
   2.2100000e+02   9.7094100e+00  -1.5542100e+01  -1.0000000e+00
   2.2200000e+02  -3.2332400e+00  -8.6721300e+00   1.0000000e+00
   2.2300000e+02  -1.6742900e+01  -1.4606600e+00   1.0000000e+00
   2.2400000e+02   3.5664600e+00   6.7748500e+00   1.0000000e+00
   2.2500000e+02   1.5620000e+01   1.0238900e+01   1.0000000e+00
   2.2600000e+02  -1.1391400e+01   5.8888300e+00   1.0000000e+00
   2.2700000e+02   5.1089300e-01   9.6354600e+00   1.0000000e+00
   2.2800000e+02  -1.5132800e+01  -1.2515500e+01   1.0000000e+00
   2.2900000e+02   9.5174300e+00   8.5260100e+00   1.0000000e+00
   2.3000000e+02   1.6557800e+01   5.7629600e+00  -1.0000000e+00
   2.3100000e+02  -8.3518000e+00   3.0690200e+00   1.0000000e+00
   2.3200000e+02  -9.5520300e+00  -1.2569400e+01   1.0000000e+00
   2.3300000e+02   9.5907200e-01   1.1642500e+01   1.0000000e+00
   2.3400000e+02   8.1464800e+00  -4.0810100e+00  -1.0000000e+00
   2.3500000e+02   4.9470800e-01   1.7132900e+01   1.0000000e+00
   2.3600000e+02   4.4618400e+00  -1.0645000e+01  -1.0000000e+00
   2.3700000e+02  -6.0402400e+00  -1.3268100e+01   1.0000000e+00
   2.3800000e+02   1.2933600e+01  -1.4460200e+00  -1.0000000e+00
   2.3900000e+02  -4.3692900e+00   4.3346200e+00   1.0000000e+00
   2.4000000e+02   4.0437400e+00   1.6358300e+01   1.0000000e+00
   2.4100000e+02  -7.9129100e+00   5.0949800e+00   1.0000000e+00
   2.4200000e+02   3.6664200e+00  -6.6373300e-01   1.0000000e+00
   2.4300000e+02  -2.9159800e+00   1.8059200e+01   1.0000000e+00
   2.4400000e+02  -1.2747700e+01  -2.1882500e-01   1.0000000e+00
   2.4500000e+02   4.5892800e+00   3.3526200e+00   1.0000000e+00
   2.4600000e+02   1.4004000e+01   1.1668700e+01   1.0000000e+00
   2.4700000e+02   1.3429400e+01  -8.9934200e+00  -1.0000000e+00
   2.4800000e+02   9.1203800e+00  -1.3565100e+01  -1.0000000e+00
   2.4900000e+02   1.4941000e+01  -1.8690200e+00  -1.0000000e+00
   2.5000000e+02  -1.3501500e+01  -1.3850700e+01   1.0000000e+00
   2.5100000e+02   5.4835700e+00   1.4838500e+01   1.0000000e+00
   2.5200000e+02   1.0291100e+01   9.6468000e-01  -1.0000000e+00
   2.5300000e+02   2.3746100e+00  -1.0009700e+01  -1.0000000e+00
   2.5400000e+02   2.4531900e+00   1.7749800e+01   1.0000000e+00
   2.5500000e+02  -8.8122600e+00   1.0496500e+00   1.0000000e+00
   2.5600000e+02   1.6063700e+01   3.7683100e+00  -1.0000000e+00
   2.5700000e+02  -9.4666500e+00  -1.6607500e+01   1.0000000e+00
   2.5800000e+02   1.7157600e+01   7.7263100e+00  -1.0000000e+00
   2.5900000e+02  -7.4437100e+00   7.1471500e+00   1.0000000e+00
   2.6000000e+02   6.1759200e+00  -1.6607300e+01  -1.0000000e+00
   2.6100000e+02   6.7776800e+00  -1.1895600e-01   1.0000000e+00
   2.6200000e+02  -1.3593800e+01  -4.3004100e+00   1.0000000e+00
   2.6300000e+02  -1.0066300e+01  -5.0498800e+00   1.0000000e+00
   2.6400000e+02   1.4313100e+01   9.8975400e-02  -1.0000000e+00
   2.6500000e+02  -2.4005900e+00   4.9846900e+00   1.0000000e+00
   2.6600000e+02  -6.0627700e+00   1.3225100e+01   1.0000000e+00
   2.6700000e+02   1.1159000e+01  -1.4001100e+01  -1.0000000e+00
   2.6800000e+02  -4.5253400e+00   1.1863900e+01   1.0000000e+00
   2.6900000e+02  -1.4767300e+01  -1.0479700e+01   1.0000000e+00
   2.7000000e+02  -4.9453900e+00   9.8323500e+00   1.0000000e+00
   2.7100000e+02  -2.5214800e+00   1.2468100e+01   1.0000000e+00
   2.7200000e+02   4.2096300e+00   1.3139000e+00   1.0000000e+00
   2.7300000e+02  -8.1107300e+00  -4.3972000e+00   1.0000000e+00
   2.7400000e+02  -1.0929600e+01   7.9503000e+00   1.0000000e+00
   2.7500000e+02  -1.0481900e+01  -7.0748700e+00   1.0000000e+00
   2.7600000e+02   8.5601000e+00   4.4833200e+00   1.0000000e+00
   2.7700000e+02   4.7554500e+00  -5.1798900e+00  -1.0000000e+00
   2.7800000e+02   1.0811400e+00   4.1610200e+00   1.0000000e+00
   2.7900000e+02   3.8573600e+00  -8.5853600e+00  -1.0000000e+00
   2.8000000e+02  -1.1568800e+01   1.3495300e+01   1.0000000e+00
   2.8100000e+02   1.3245000e+01  -1.4460500e+01  -1.0000000e+00
   2.8200000e+02  -1.7371200e+01   3.9970700e+00   1.0000000e+00
   2.8300000e+02   5.0025400e+00   1.2823500e+01   1.0000000e+00
   2.8400000e+02  -8.5140600e+00  -6.4692900e+00   1.0000000e+00
   2.8500000e+02   1.6948800e+01  -7.7265900e+00  -1.0000000e+00
   2.8600000e+02   1.0550300e+01  -1.2014700e+01  -1.0000000e+00
   2.8700000e+02  -2.9739400e+00   1.0423700e+01   1.0000000e+00
   2.8800000e+02   6.4692100e+00  -1.1136700e+01  -1.0000000e+00
   2.8900000e+02   8.5044900e+00  -1.1599100e+01  -1.0000000e+00
   2.9000000e+02  -5.2942200e+00   3.0096700e-01   1.0000000e+00
   2.9100000e+02   7.4875400e+00   1.5423800e+01   1.0000000e+00
   2.9200000e+02  -1.2444400e+01  -7.7086300e+00   1.0000000e+00
   2.9300000e+02   2.0514700e+00   8.1897000e+00   1.0000000e+00
   2.9400000e+02  -5.4642100e+00  -1.5240400e+01  -1.0000000e+00
   2.9500000e+02  -3.7181300e+00  -1.1312600e+00   1.0000000e+00
   2.9600000e+02   5.4638300e+00  -1.7159400e+00   1.0000000e+00
   2.9700000e+02   1.7649500e+01  -4.3078100e+00  -1.0000000e+00
   2.9800000e+02  -8.5288700e+00   1.0585700e+01   1.0000000e+00
   2.9900000e+02   5.8816300e+00  -9.1544800e+00  -1.0000000e+00
