   0.0000000e+00  -3.0539300e+00  -1.9845600e+00   2.0621600e+01  -3.0000000e+00
   1.0000000e+00  -1.7601600e+01  -8.3188100e+00   3.9811500e+01  -1.0000000e+00
   2.0000000e+00   7.0932300e+00   2.6603000e+00   1.2699500e+01   1.0000000e+00
   3.0000000e+00  -1.9254000e+00   6.6964900e+00   3.8366800e+01   2.0000000e+00
   4.0000000e+00   1.2480400e+01  -1.2056200e+01   2.4765200e+01  -2.0000000e+00
   5.0000000e+00  -1.4410800e+01  -6.7253300e-01   3.8334200e+01   2.0000000e+00
   6.0000000e+00  -2.4941900e+00   1.0250900e+01   3.8275200e+01   2.0000000e+00
   7.0000000e+00   9.4457100e+00  -1.4996900e+01   2.4875600e+01  -2.0000000e+00
   8.0000000e+00  -9.5767300e+00   1.9003000e+00   3.9070100e+01   2.0000000e+00
   9.0000000e+00   1.4161900e+01   4.3105700e+00   1.3364200e+01   1.0000000e+00
   1.0000000e+01  -8.4709200e+00  -5.2616500e+00   3.7663500e+01   2.0000000e+00
   1.1000000e+01  -1.0127900e+01   5.4258200e+00   3.9331000e+01   2.0000000e+00
   1.2000000e+01   1.0133200e+01   5.4550900e+00   1.2744000e+01   1.0000000e+00
   1.3000000e+01   1.3744700e+01   1.3886200e+01   1.4853000e+01  -1.0000000e+00
   1.4000000e+01   2.0871500e+00   3.9692200e-01   1.3524700e+01   1.0000000e+00
   1.5000000e+01  -1.2148300e+01  -9.3932600e+00   3.7475700e+01   2.0000000e+00
   1.6000000e+01  -1.7067100e+00  -1.5437600e+01   5.4456400e+00  -2.0000000e+00
   1.7000000e+01  -5.7738200e+00  -1.6246500e+01   1.0021400e+01  -1.0000000e+00
   1.8000000e+01   1.0533400e+01  -4.0037500e+00   1.2955900e+01   1.0000000e+00
   1.9000000e+01   3.0717000e+00   3.8953100e+00   2.0933900e+01  -3.0000000e+00
   2.0000000e+01   9.5093300e+00  -7.4633100e+00   1.3435100e+01   1.0000000e+00
   2.1000000e+01  -1.6011500e+01  -4.4759000e+00   3.8002200e+01  -2.0000000e+00
   2.2000000e+01  -7.3095200e+00  -7.0006400e+00   3.7686100e+01   2.0000000e+00
   2.3000000e+01  -1.4301000e+01   4.8153800e+00   3.9397100e+01   2.0000000e+00
   2.4000000e+01   4.9549000e+00   1.5785200e+01   3.9763500e+01  -2.0000000e+00
   2.5000000e+01   6.0475700e+00  -8.3078600e+00   1.3612800e+01   1.0000000e+00
   2.6000000e+01  -9.7444200e+00  -3.6526500e+00   3.8397500e+01   2.0000000e+00
   2.7000000e+01   8.1483100e+00   6.0847900e+00   1.2625000e+01   1.0000000e+00
   2.8000000e+01   1.1504900e+01  -8.0507900e+00   1.3898700e+01   1.0000000e+00
   2.9000000e+01   7.2443600e+00   1.0164600e+01   1.2952400e+01   1.0000000e+00
   3.0000000e+01   8.6152600e-01   1.4971600e+01   4.3175300e+01  -3.0000000e+00
   3.1000000e+01  -6.9204300e+00  -1.4309300e+00   3.9080700e+01   2.0000000e+00
   3.2000000e+01   3.5235200e-01   1.8551700e+01   3.7920000e+01  -1.0000000e+00
   3.3000000e+01  -1.4195900e+01  -9.6934900e+00   3.8449900e+01  -2.0000000e+00
   3.4000000e+01   1.5659200e+01  -1.7616000e+00   1.3553500e+01  -2.0000000e+00
   3.5000000e+01   8.5191000e+00  -1.0910300e+01   1.3392800e+01   1.0000000e+00
   3.6000000e+01  -1.7533500e+00   1.2186100e+01   3.8691100e+01   2.0000000e+00
   3.7000000e+01   5.0614600e+00  -4.2829900e+00   1.3941300e+01   1.0000000e+00
   3.8000000e+01  -4.1087900e+00  -1.3845500e+01   2.1069800e+01  -2.0000000e+00
   3.9000000e+01   8.9659600e+00  -1.2961100e+01   1.3152200e+01   1.0000000e+00
   4.0000000e+01  -3.9544200e-01   1.0517800e+01   3.8592800e+01   2.0000000e+00
   4.1000000e+01  -5.7451800e-01  -1.2029800e+01   1.2921300e+01  -3.0000000e+00
   4.2000000e+01   8.5984500e+00   4.0615800e+00   1.2960700e+01   1.0000000e+00
   4.3000000e+01   5.0156900e+00  -1.1764200e+01   1.3737800e+01   1.0000000e+00
   4.4000000e+01  -1.6262900e+01  -9.9380500e+00   2.3341100e+01  -1.0000000e+00
   4.5000000e+01  -9.0080000e+00  -1.6770300e+00   3.8299400e+01   2.0000000e+00
   4.6000000e+01   5.1105700e+00   3.2824600e+00   1.2767000e+01   1.0000000e+00
   4.7000000e+01   6.1554300e+00   6.6958200e+00   1.2766200e+01   1.0000000e+00
   4.8000000e+01  -8.2527600e+00   2.7519100e-01   3.8565100e+01   2.0000000e+00
   4.9000000e+01   9.0459100e+00  -5.4184300e+00   1.3217100e+01   1.0000000e+00
   5.0000000e+01  -4.5560900e+00   9.9461800e+00   3.8894100e+01   2.0000000e+00
   5.1000000e+01   4.1893400e+00   7.3126100e+00   8.4636500e+00  -3.0000000e+00
   5.2000000e+01   1.2727500e+01   1.0331700e+01   1.3400900e+01  -2.0000000e+00
   5.3000000e+01   1.6513100e+01  -5.8092400e+00  -2.3745000e+00  -1.0000000e+00
   5.4000000e+01   3.5929500e+00   1.7329000e+01   4.1298200e+01  -1.0000000e+00
   5.5000000e+01   1.3866300e+00   5.0968900e+00   9.0011600e+00  -3.0000000e+00
   5.6000000e+01  -1.6346800e+01   4.4876300e+00   4.0121100e+01  -2.0000000e+00
   5.7000000e+01   4.2602900e+00  -1.7347400e+01   1.3270400e+01  -1.0000000e+00
   5.8000000e+01   1.5000600e+00  -1.2637300e+01   1.1959600e+01   1.0000000e+00
   5.9000000e+01  -6.6084600e+00   9.6197100e+00   3.9042100e+01   2.0000000e+00
   6.0000000e+01   1.2651200e+01   2.8674400e+00   1.3469200e+01   1.0000000e+00
   6.1000000e+01   1.5515600e+01  -9.2262700e+00   1.2907400e+01  -2.0000000e+00
   6.2000000e+01  -1.2942400e+01   3.1773400e+00   3.9626600e+01   2.0000000e+00
   6.3000000e+01  -3.4897400e+00  -1.7978000e+01  -5.3982300e+00  -1.0000000e+00
   6.4000000e+01   1.1012000e+01  -6.0406800e+00   1.3383200e+01   1.0000000e+00
   6.5000000e+01   1.4402700e+01  -1.2869000e+01   1.0014600e+01  -1.0000000e+00
   6.6000000e+01  -1.4977300e+01   2.8640700e+00   3.9414700e+01   2.0000000e+00
   6.7000000e+01   8.5700600e-01   8.8770200e+00   3.8391000e+01   2.0000000e+00
   6.8000000e+01   1.1116300e+01   1.4473100e+00   1.3433400e+01   1.0000000e+00
   6.9000000e+01  -3.6451900e+00   1.7426200e+01   4.2584000e+01  -1.0000000e+00
   7.0000000e+01  -8.0891300e+00   5.7737100e+00   3.9119300e+01   2.0000000e+00
   7.1000000e+01  -1.3641600e+01   1.2481900e+00   3.9008100e+01   2.0000000e+00
   7.2000000e+01  -1.8979800e+00   1.4851600e+00   1.7046400e+01  -3.0000000e+00
   7.3000000e+01  -3.6836100e-01  -4.5329100e+00   1.3881400e+01   1.0000000e+00
   7.4000000e+01  -5.1010400e+00   1.3494000e+01   3.8861800e+01   2.0000000e+00
   7.5000000e+01  -1.2261600e+01   5.1222700e+00   3.8978500e+01   2.0000000e+00
   7.6000000e+01   1.7186900e+01   7.1505200e+00  -2.6212300e+00  -1.0000000e+00
   7.7000000e+01  -3.2827600e+00   8.3417100e+00   3.8937200e+01   2.0000000e+00
   7.8000000e+01   1.1190300e+01   8.9002800e+00   1.3122600e+01   1.0000000e+00
   7.9000000e+01  -2.9289500e+00  -1.1530400e+01   4.3422100e+01  -3.0000000e+00
   8.0000000e+01  -1.1788200e+01  -3.9201700e+00   3.7470200e+01   2.0000000e+00
   8.1000000e+01  -1.3898900e+01  -4.1743800e+00   3.7857000e+01   2.0000000e+00
   8.2000000e+01  -1.0285600e+01  -1.4758000e+01   3.8508800e+01  -1.0000000e+00
   8.3000000e+01   1.7731300e+01  -2.3467400e+00   1.3533500e+01  -1.0000000e+00
   8.4000000e+01  -3.9721400e+00   6.4015200e+00   3.8889900e+01   2.0000000e+00
   8.5000000e+01   7.4776200e+00  -1.4382600e+01   1.3168900e+01  -2.0000000e+00
   8.6000000e+01   7.7010200e+00   8.0944700e+00   1.2711600e+01   1.0000000e+00
   8.7000000e+01   1.8661500e+01   1.1063400e+00   1.5180200e+01  -1.0000000e+00
   8.8000000e+01   3.4826600e+00   1.1766800e+01   4.8459500e+01  -3.0000000e+00
   8.9000000e+01  -3.4497100e+00   2.8157400e+00   4.2964000e+01  -3.0000000e+00
   9.0000000e+01   1.0944500e-01   6.9558200e+00   3.7518200e+01  -3.0000000e+00
   9.1000000e+01  -8.8308200e+00   3.8304700e+00   3.8928100e+01   2.0000000e+00
   9.2000000e+01   2.9437900e+00   9.2520000e+00   3.9503700e+01  -3.0000000e+00
   9.3000000e+01   1.3198300e+01   8.3342200e+00   1.3633100e+01   1.0000000e+00
   9.4000000e+01   1.4002100e+01  -1.0629400e+01   1.1758900e+01  -2.0000000e+00
   9.5000000e+01   1.4235000e+01   1.1785400e+01  -1.4846700e+00  -1.0000000e+00
   9.6000000e+01  -9.5676100e+00  -1.2770000e+01   3.8330100e+01  -2.0000000e+00
   9.7000000e+01  -1.7696300e+01   6.1739400e+00   3.7979800e+01  -1.0000000e+00
   9.8000000e+01  -7.3548900e+00   7.7120900e+00   3.8938500e+01   2.0000000e+00
   9.9000000e+01   1.0995200e+01  -1.3580400e+01   1.3402900e+01  -2.0000000e+00
   1.0000000e+02   1.2506400e+01  -4.6155400e+00   1.3139600e+01   1.0000000e+00
   1.0100000e+02   1.5656000e+01   5.7335400e+00   1.3278700e+01  -2.0000000e+00
   1.0200000e+02   3.5889800e+00  -5.7322400e+00   1.3368900e+01   1.0000000e+00
   1.0300000e+02   1.0014800e+01  -9.4781300e+00   1.3841500e+01   1.0000000e+00
   1.0400000e+02   4.5756100e+00  -2.2565800e+00   1.3539100e+01   1.0000000e+00
   1.0500000e+02   2.0706800e+00  -7.1281900e+00   1.3195200e+01   1.0000000e+00
   1.0600000e+02   6.9948000e+00  -1.2366200e+01   1.3193600e+01   1.0000000e+00
   1.0700000e+02   3.0195300e+00  -1.1260600e+01   1.3355300e+01   1.0000000e+00
   1.0800000e+02  -8.0348300e+00  -8.9264100e+00   3.8137400e+01   2.0000000e+00
   1.0900000e+02   1.6807100e+01   9.2375400e+00   1.2804700e+01  -1.0000000e+00
   1.1000000e+02   7.5582700e+00  -6.8471400e+00   1.3711300e+01   1.0000000e+00
   1.1100000e+02  -8.7671800e-01  -2.5142600e+00   1.5235700e+01  -3.0000000e+00
   1.1200000e+02  -1.5245400e+01  -2.5796800e+00   3.8423600e+01   2.0000000e+00
   1.1300000e+02   1.7210500e+01  -3.6379000e-01   1.4263900e+01  -2.0000000e+00
   1.1400000e+02   1.0968000e+00  -3.0804700e+00   1.4376400e+01   1.0000000e+00
   1.1500000e+02  -1.0018900e+00   1.4105700e+01   4.2798400e+01  -3.0000000e+00
   1.1600000e+02   1.4699700e+01   9.7697700e+00   1.9045600e+00  -2.0000000e+00
   1.1700000e+02   9.6210900e+00   3.1971700e-02   1.3138000e+01   1.0000000e+00
   1.1800000e+02  -1.5575000e+01  -7.9661800e+00   3.8187700e+01  -2.0000000e+00
   1.1900000e+02   1.8381700e+00  -1.4698600e+01   1.1448200e+01   1.0000000e+00
   1.2000000e+02  -1.0277100e+01  -3.4991100e-02   3.8941900e+01   2.0000000e+00
   1.2100000e+02   4.0918600e+00  -2.3663100e-01   1.3812700e+01   1.0000000e+00
   1.2200000e+02   1.5921200e+01  -1.1461600e+01   9.8881600e+00  -1.0000000e+00
   1.2300000e+02   1.4978600e+01  -7.2086000e+00   1.3574200e+01  -2.0000000e+00
   1.2400000e+02   6.7722400e+00   1.2174400e+01   1.4034100e+01  -3.0000000e+00
   1.2500000e+02  -1.2909100e+01  -1.1373200e+01   3.8485400e+01  -2.0000000e+00
   1.2600000e+02  -1.0543800e+01  -5.5831900e+00   3.6786000e+01   2.0000000e+00
   1.2700000e+02  -3.8119100e+00   1.1879500e+01   3.8751300e+01   2.0000000e+00
   1.2800000e+02  -5.4784900e+00  -3.0189100e+00   4.0780300e+01  -3.0000000e+00
   1.2900000e+02   2.5612200e+00  -9.1569700e+00   1.3386600e+01   1.0000000e+00
   1.3000000e+02   2.9318500e+00   1.5333600e+01   4.0224900e+01  -2.0000000e+00
   1.3100000e+02  -1.0526700e+01   1.4445300e+01   3.9234600e+01  -1.0000000e+00
   1.3200000e+02   3.5372100e+00   1.8660700e+00   1.3431500e+01   1.0000000e+00
   1.3300000e+02   1.2375700e-01   9.9962300e-01   1.4758200e+01  -3.0000000e+00
   1.3400000e+02   1.1718700e+01   1.4411700e+01   1.3944100e+01  -1.0000000e+00
   1.3500000e+02  -1.3648400e+01  -1.3470000e+01   3.9414200e+01  -1.0000000e+00
   1.3600000e+02   1.0490100e+01  -1.1517500e+01   1.3645000e+01   1.0000000e+00
   1.3700000e+02   1.2066300e+01  -2.6096200e+00   1.2700300e+01   1.0000000e+00
   1.3800000e+02  -8.2387300e+00  -1.4506400e+01   2.0580700e+01  -2.0000000e+00
   1.3900000e+02  -5.3077300e+00   8.0074000e+00   3.9037400e+01   2.0000000e+00
   1.4000000e+02  -7.9316200e+00   1.1218000e+01   3.8682200e+01   2.0000000e+00
   1.4100000e+02  -7.5288500e+00  -1.2536900e+01   3.8422100e+01   2.0000000e+00
   1.4200000e+02   6.2227900e+00   1.4158800e+01   1.7751700e+01  -2.0000000e+00
   1.4300000e+02  -6.7749700e+00  -1.0566000e+01   3.7846400e+01   2.0000000e+00
   1.4400000e+02   1.0494900e+00  -1.0619000e+01   1.2327500e+01   1.0000000e+00
   1.4500000e+02  -1.1382400e+01  -7.4870100e+00   3.6678300e+01   2.0000000e+00
   1.4600000e+02   7.0400100e+00  -4.8172600e+00   1.3973000e+01   1.0000000e+00
   1.4700000e+02  -2.8964000e+00  -9.4052200e+00   4.3263200e+01  -3.0000000e+00
   1.4800000e+02   3.0799300e+00  -3.6627100e+00   1.3736900e+01   1.0000000e+00
   1.4900000e+02  -1.3343400e+01   1.2214700e+01   5.2921100e+01  -1.0000000e+00
   1.5000000e+02   1.8144500e+01   3.0896100e+00  -6.2147600e-01  -1.0000000e+00
   1.5100000e+02  -1.0866400e+01   3.5071400e+00   3.9320100e+01   2.0000000e+00
   1.5200000e+02  -1.7879000e+01   5.9666400e-01   5.3322500e+01  -1.0000000e+00
   1.5300000e+02  -6.1792300e+00   5.5316300e-01   3.8350200e+01   2.0000000e+00
   1.5400000e+02  -1.7341600e+01  -2.9108900e+00   3.8431800e+01  -2.0000000e+00
   1.5500000e+02  -1.5725300e+01   9.0985100e-01   3.8607100e+01  -2.0000000e+00
   1.5600000e+02   9.2274000e+00   9.5431700e+00   1.2658600e+01   1.0000000e+00
   1.5700000e+02   1.7034100e+01  -7.8045800e+00   1.3859400e+01  -1.0000000e+00
   1.5800000e+02   1.6168800e+00  -5.1250500e+00   1.3567100e+01   1.0000000e+00
   1.5900000e+02  -6.7824300e+00   4.1549400e+00   3.8899700e+01   2.0000000e+00
   1.6000000e+02  -8.6765100e+00   9.3065500e+00   3.9002600e+01   2.0000000e+00
   1.6100000e+02   1.2018000e+01  -1.0051600e+01   1.3819600e+01   1.0000000e+00
   1.6200000e+02   2.2438200e+00  -1.6766900e+01   2.3990800e+01  -2.0000000e+00
   1.6300000e+02  -2.0839500e+00  -1.3417900e+01   8.2476600e+00  -3.0000000e+00
   1.6400000e+02  -1.1485400e+01   7.0242400e+00   3.8975600e+01   2.0000000e+00
   1.6500000e+02  -8.5084200e+00   1.4808800e+01   5.1181300e+01  -2.0000000e+00
   1.6600000e+02  -1.0100300e+01  -9.2233400e+00   3.7453900e+01   2.0000000e+00
   1.6700000e+02   1.0717600e-01  -6.5378800e+00   1.3603600e+01   1.0000000e+00
   1.6800000e+02   1.6135900e+01  -3.7659200e+00   1.2345800e+01  -2.0000000e+00
   1.6900000e+02  -5.4853300e+00   2.5232800e+00   3.9764100e+01   2.0000000e+00
   1.7000000e+02   6.6349000e+00   4.6708100e+00   1.2828600e+01   1.0000000e+00
   1.7100000e+02  -1.1615600e+01  -1.3078400e+01   2.6748900e+01  -2.0000000e+00
   1.7200000e+02  -3.8270600e+00   7.1273700e-01   5.3415000e+01  -3.0000000e+00
   1.7300000e+02  -6.0433400e+00   6.0722200e+00   3.8800800e+01   2.0000000e+00
   1.7400000e+02  -1.1602700e+01   1.5535400e+00   3.9248600e+01   2.0000000e+00
   1.7500000e+02   8.7646800e+00   1.1559300e+01   1.3042600e+01   1.0000000e+00
   1.7600000e+02  -2.4180900e+00  -3.9569100e+00   1.0406500e+01  -3.0000000e+00
   1.7700000e+02   5.4629500e+00  -1.3778500e+01   1.3651600e+01   1.0000000e+00
   1.7800000e+02  -4.7330100e+00  -1.0325300e+01   3.3242100e+01  -3.0000000e+00
   1.7900000e+02   6.5589500e+00  -2.8128700e+00   1.3747600e+01   1.0000000e+00
   1.8000000e+02   1.3498500e+01  -8.6249300e+00   1.3872900e+01   1.0000000e+00
   1.8100000e+02  -1.7074800e+01   2.5667000e+00   4.0397900e+01  -2.0000000e+00
   1.8200000e+02   1.2121900e+01   4.8585100e+00   1.3576700e+01   1.0000000e+00
   1.8300000e+02  -4.6833400e-01   2.9879700e+00  -1.1322400e+00  -3.0000000e+00
   1.8400000e+02  -1.2029900e+01   1.0625600e+01   3.7803000e+01  -2.0000000e+00
   1.8500000e+02   1.1603400e+01  -5.9165200e-01   1.2944500e+01   1.0000000e+00
   1.8600000e+02  -1.0862300e+01  -1.1144500e+01   3.7758800e+01   2.0000000e+00
   1.8700000e+02  -7.5221200e+00   2.1822400e+00   3.8958500e+01   2.0000000e+00
   1.8800000e+02  -1.2633100e+01  -5.8079700e+00   3.6856600e+01   2.0000000e+00
   1.8900000e+02  -6.7012900e-01   5.0382300e+00   1.7959800e+01  -3.0000000e+00
   1.9000000e+02   1.3670000e+01   6.3124100e+00   1.3637600e+01   1.0000000e+00
   1.9100000e+02   9.7634100e+00   1.5099800e+01   8.4105000e-01  -1.0000000e+00
   1.9200000e+02   4.2067500e+00   1.3708500e+01   5.2061600e+01  -3.0000000e+00
   1.9300000e+02   1.6215300e+00   1.0898100e+01   4.3578000e+01  -3.0000000e+00
   1.9400000e+02   2.1553300e+00   1.3351700e+01   4.3268900e+01  -3.0000000e+00
   1.9500000e+02  -1.6879400e+01  -6.3364000e+00   3.8195500e+01  -2.0000000e+00
   1.9600000e+02   2.5508400e-01  -1.6112500e+01   1.1085600e+01  -2.0000000e+00
   1.9700000e+02   1.0743700e+01   1.0933200e+01   1.2805500e+01   1.0000000e+00
   1.9800000e+02   6.3660300e-01  -1.8186000e+01   1.0578400e+01  -1.0000000e+00
   1.9900000e+02  -1.5639100e+01   6.4328800e+00   5.1068900e+01  -2.0000000e+00
   2.0000000e+02  -1.8968000e+00  -5.9765000e+00   1.4167100e+01  -3.0000000e+00
   2.0100000e+02   1.7650200e+01   5.1032400e+00  -1.6960700e+00  -1.0000000e+00
   2.0200000e+02  -3.7207200e+00  -1.5915500e+01  -5.1209700e+00  -1.0000000e+00
   2.0300000e+02  -5.9849800e+00  -8.6575300e+00   3.8234200e+01  -3.0000000e+00
   2.0400000e+02   4.5413900e+00  -9.7374600e+00   1.3799900e+01   1.0000000e+00
   2.0500000e+02  -6.4164900e+00   1.5104900e+01   3.8844000e+01  -2.0000000e+00
   2.0600000e+02   1.5441000e+00   2.5173700e+00   1.2591700e+01  -3.0000000e+00
   2.0700000e+02   2.8876700e-01   1.2487100e+01   4.3275600e+01  -3.0000000e+00
   2.0800000e+02  -9.9664800e+00   1.0908100e+01   3.8361000e+01   2.0000000e+00
   2.0900000e+02  -1.4925300e+01   8.3605700e+00   5.5375300e+01  -1.0000000e+00
   2.1000000e+02  -6.1572800e+00  -1.4205100e+01   2.1642800e+01  -2.0000000e+00
   2.1100000e+02  -1.5005200e+00  -5.4108800e-01   1.4421200e+01  -3.0000000e+00
   2.1200000e+02  -1.3091300e+01  -2.2827700e+00   3.8316300e+01   2.0000000e+00
   2.1300000e+02   5.9717600e-01  -8.5602200e+00   1.3347600e+01   1.0000000e+00
   2.1400000e+02   2.1363500e+00   7.2594200e+00   4.9432600e+01  -3.0000000e+00
   2.1500000e+02  -9.1239400e-01  -9.9817700e+00   1.1528500e+01  -3.0000000e+00
   2.1600000e+02   8.2322700e+00   1.3623400e+01   2.6046100e+01  -2.0000000e+00
   2.1700000e+02   8.5684700e+00  -3.4104300e+00   1.3254300e+01   1.0000000e+00
   2.1800000e+02  -1.6555000e+01  -9.7237600e-01   3.8502100e+01  -2.0000000e+00
   2.1900000e+02   7.0030700e+00   1.6058600e+01   4.2633000e+01  -1.0000000e+00
   2.2000000e+02  -3.0462800e+00   1.3813000e+01   3.8845600e+01   2.0000000e+00
   2.2100000e+02   6.3782200e+00  -1.7862100e+01   1.3573900e+01  -1.0000000e+00
   2.2200000e+02  -1.2188800e+00   8.6424900e+00   3.7951600e+01   2.0000000e+00
   2.2300000e+02  -7.8631400e+00  -1.6625000e+01  -4.8391700e+00  -1.0000000e+00
   2.2400000e+02  -1.1262600e+01   1.2528600e+01   3.8744700e+01  -2.0000000e+00
   2.2500000e+02  -4.3167900e+00  -4.7349300e+00   3.8495100e+01  -3.0000000e+00
   2.2600000e+02   6.5214300e+00  -1.0323500e+01   1.3398200e+01   1.0000000e+00
   2.2700000e+02   1.1693500e+01   6.8731800e+00   1.3277600e+01   1.0000000e+00
   2.2800000e+02   1.0624500e+01   3.4572500e+00   1.3506400e+01   1.0000000e+00
   2.2900000e+02  -1.2357500e+01  -3.6734800e-01   3.8727700e+01   2.0000000e+00
   2.3000000e+02   8.0877700e+00  -1.3560900e+00   1.3459500e+01   1.0000000e+00
   2.3100000e+02   5.6992900e+00   1.7709200e+01   3.9128600e+01  -1.0000000e+00
   2.3200000e+02   1.5893500e+00   1.6907700e+01   2.7507400e+01  -2.0000000e+00
   2.3300000e+02  -1.2595600e+01   1.4166400e+01   3.8618400e+01  -1.0000000e+00
   2.3400000e+02  -1.0752500e+01   8.9775100e+00   3.8492900e+01   2.0000000e+00
   2.3500000e+02  -5.8863300e+00   1.1546900e+01   3.8928100e+01   2.0000000e+00
   2.3600000e+02   5.5781900e+00   1.2661000e+00   1.3539300e+01   1.0000000e+00
   2.3700000e+02  -5.2716800e+00  -6.6262900e+00   4.2877300e+01  -3.0000000e+00
   2.3800000e+02   1.2993300e+01  -6.6167400e+00   1.3679900e+01   1.0000000e+00
   2.3900000e+02  -2.7024500e+00   4.7691200e+00   5.0202100e+01  -3.0000000e+00
   2.4000000e+02   4.6317800e+00   5.2960600e+00   1.2581600e+01  -3.0000000e+00
   2.4100000e+02   1.6659100e+01   1.6221800e+00   1.3996800e+01  -2.0000000e+00
   2.4200000e+02   1.5163800e+01   7.7435900e+00   1.3274000e+01  -2.0000000e+00
   2.4300000e+02   8.8535000e+00   1.6999500e+01   1.1272900e+01  -1.0000000e+00
   2.4400000e+02  -4.5674100e-01   1.6589200e+01   4.2555900e+01  -2.0000000e+00
   2.4500000e+02   9.1012500e+00   2.0263800e+00   1.3262900e+01   1.0000000e+00
   2.4600000e+02   1.5101400e+01   2.5326800e-01   1.3470800e+01   1.0000000e+00
   2.4700000e+02   1.3585400e+01  -1.1864700e+00   1.3359200e+01   1.0000000e+00
   2.4800000e+02   9.6860500e+00   7.4816500e+00   1.2756800e+01   1.0000000e+00
   2.4900000e+02  -2.3375700e+00   1.5760300e+01   4.2676000e+01  -2.0000000e+00
   2.5000000e+02  -9.1927000e+00   1.2858400e+01   3.9067100e+01  -2.0000000e+00
   2.5100000e+02  -4.3745600e+00   1.5440000e+01   3.9192200e+01  -2.0000000e+00
   2.5200000e+02  -1.7394300e+00   1.8212700e+01   4.4059500e+01  -1.0000000e+00
   2.5300000e+02  -1.3831900e+00  -7.9740900e+00   1.3777300e+01  -3.0000000e+00
   2.5400000e+02  -9.4096600e+00   7.3781200e+00   3.9561100e+01   2.0000000e+00
   2.5500000e+02  -7.7069000e+00  -3.3201200e+00   3.8574500e+01   2.0000000e+00
   2.5600000e+02   4.0464100e+00  -7.7409700e+00   1.3464200e+01   1.0000000e+00
   2.5700000e+02   5.2688400e+00   1.0730300e+01   9.8749700e+00  -3.0000000e+00
   2.5800000e+02  -7.7100900e+00   1.6737300e+01   3.8401200e+01  -1.0000000e+00
   2.5900000e+02   1.4043100e+01  -3.2024600e+00   1.3070700e+01   1.0000000e+00
   2.6000000e+02  -7.1593700e+00   1.3170200e+01   3.8772900e+01   2.0000000e+00
   2.6100000e+02   1.0075300e+01  -1.9696800e+00   1.2710500e+01   1.0000000e+00
   2.6200000e+02   2.5643400e+00  -1.6142200e+00   1.3352400e+01   1.0000000e+00
   2.6300000e+02  -5.4429800e+00  -1.2247200e+01   4.0291000e+01   2.0000000e+00
   2.6400000e+02  -1.4241600e+01   1.0332400e+01   5.3308900e+01  -1.0000000e+00
   2.6500000e+02   1.0265200e+01   1.2960800e+01   1.3243400e+01  -2.0000000e+00
   2.6600000e+02   3.8788100e+00  -1.5310700e+01   1.2941800e+01  -2.0000000e+00
   2.6700000e+02  -1.3537000e+01   6.7614400e+00   3.9154700e+01  -2.0000000e+00
   2.6800000e+02   5.5708500e-01  -1.0132000e+00   1.4361000e+01   1.0000000e+00
   2.6900000e+02   1.6150400e+01   3.6440900e+00   1.3327600e+01  -2.0000000e+00
   2.7000000e+02  -4.8831600e+00  -1.0489500e+00   4.2949200e+01  -3.0000000e+00
   2.7100000e+02  -4.7537200e+00   4.4631400e+00   3.8595500e+01   2.0000000e+00
   2.7200000e+02   7.5462900e+00   6.5373500e-01   1.3277500e+01   1.0000000e+00
   2.7300000e+02  -1.2933900e+00  -1.7478400e+01   1.8886200e+01  -1.0000000e+00
   2.7400000e+02  -6.3781600e+00  -4.8931400e+00   3.6272500e+01   2.0000000e+00
   2.7500000e+02   7.9333100e+00  -1.6403500e+01   2.7918600e+01  -1.0000000e+00
   2.7600000e+02  -3.3708300e+00  -7.4113300e+00   1.2340900e+01  -3.0000000e+00
   2.7700000e+02   6.0842400e+00  -7.7760200e-01   1.4094000e+01   1.0000000e+00
   2.7800000e+02  -1.8591900e+01   3.9463600e+00   4.3122500e+01  -1.0000000e+00
   2.7900000e+02   1.2261200e+01   1.2352000e+01   1.3968300e+01  -2.0000000e+00
   2.8000000e+02   8.0177900e+00  -8.9166600e+00   1.3541700e+01   1.0000000e+00
   2.8100000e+02  -8.8215500e+00  -1.0848100e+01   3.8044800e+01   2.0000000e+00
   2.8200000e+02   5.6877000e+00   8.7180100e+00   1.2728300e+01  -3.0000000e+00
   2.8300000e+02   3.4744000e+00  -1.3256600e+01   1.2887100e+01   1.0000000e+00
   2.8400000e+02  -1.1085200e-01  -1.4058500e+01   1.1509800e+01   1.0000000e+00
   2.8500000e+02   1.4506500e+01  -5.1975700e+00   1.2929200e+01  -2.0000000e+00
   2.8600000e+02   1.1426200e+01  -1.5598800e+01  -1.7423700e+01  -1.0000000e+00
   2.8700000e+02  -1.4701900e+01  -6.0962700e+00   3.7096100e+01   2.0000000e+00
   2.8800000e+02  -1.8696100e+01  -1.3344500e+00   3.9110500e+01  -1.0000000e+00
   2.8900000e+02   5.9690600e+00  -1.5798400e+01   1.3400100e+01  -2.0000000e+00
   2.9000000e+02  -9.3460600e+00  -7.2800000e+00   3.7119300e+01   2.0000000e+00
   2.9100000e+02   1.3119700e+01   8.4423000e-01   1.3185700e+01   1.0000000e+00
   2.9200000e+02   1.4624200e+01   2.2510900e+00   1.2838400e+01   1.0000000e+00
   2.9300000e+02   5.5541200e+00  -6.3129000e+00   1.4130200e+01   1.0000000e+00
   2.9400000e+02  -1.2874800e+01   8.7214700e+00   3.8980500e+01  -2.0000000e+00
   2.9500000e+02  -1.1057100e+01  -1.9865800e+00   3.8563600e+01   2.0000000e+00
   2.9600000e+02  -1.8240400e+01  -4.7729200e+00   3.7621300e+01  -1.0000000e+00
   2.9700000e+02  -1.4938300e+01  -1.1743500e+01   2.3366600e+01  -1.0000000e+00
   2.9800000e+02  -1.3462100e+01  -7.7350400e+00   3.7454100e+01   2.0000000e+00
   2.9900000e+02  -5.6637800e+00   1.7072300e+01   3.9151900e+01  -1.0000000e+00
