   0.0000000e+00   2.7170000e+01  -5.2700000e+00   0.0000000e+00   2.0000000e+00   0.0000000e+00
   1.0000000e+00   1.8890000e+01  -2.3300000e+01   0.0000000e+00   3.0000000e+00   0.0000000e+00
   2.0000000e+00   2.4030000e+01  -3.5300000e+00   0.0000000e+00   2.0000000e+00   0.0000000e+00
   3.0000000e+00  -9.7400000e+00   1.5500000e+00   0.0000000e+00   3.0000000e+00   0.0000000e+00
   4.0000000e+00  -2.6400000e+01  -4.8100000e+00   0.0000000e+00   3.0000000e+00   0.0000000e+00
   5.0000000e+00  -2.9500000e+01   3.6500000e+00   0.0000000e+00   3.0000000e+00   0.0000000e+00
   6.0000000e+00  -2.3600000e+00   3.1900000e+00   0.0000000e+00   3.0000000e+00   0.0000000e+00
   7.0000000e+00   2.3070000e+01  -2.3250000e+01   0.0000000e+00   0.0000000e+00   0.0000000e+00
   8.0000000e+00   1.2470000e+01   2.6480000e+01   0.0000000e+00   3.0000000e+00   0.0000000e+00
   9.0000000e+00  -2.4240000e+01   2.7000000e-01   0.0000000e+00   3.0000000e+00   0.0000000e+00
   1.0000000e+01  -2.4870000e+01  -1.0090000e+01   0.0000000e+00   3.0000000e+00   0.0000000e+00
   1.1000000e+01  -2.0100000e+00  -1.8700000e+01   0.0000000e+00   3.0000000e+00   0.0000000e+00
   1.2000000e+01  -1.6280000e+01  -1.7850000e+01   0.0000000e+00   3.0000000e+00   0.0000000e+00
   1.3000000e+01   7.6800000e+00   1.7230000e+01   0.0000000e+00   3.0000000e+00   0.0000000e+00
   1.4000000e+01   1.6860000e+01  -1.9710000e+01   0.0000000e+00   3.0000000e+00   0.0000000e+00
   1.5000000e+01   2.1960000e+01  -3.5800000e+00   0.0000000e+00   2.0000000e+00   0.0000000e+00
   1.6000000e+01   2.4100000e+00   1.8690000e+01   0.0000000e+00   3.0000000e+00   0.0000000e+00
   1.7000000e+01  -3.9700000e+00   6.4200000e+00   0.0000000e+00   3.0000000e+00   0.0000000e+00
   1.8000000e+01   4.1200000e+00  -7.7700000e+00   0.0000000e+00   3.0000000e+00   0.0000000e+00
   1.9000000e+01   2.7250000e+01  -1.6120000e+01   0.0000000e+00   3.0000000e+00   0.0000000e+00
   2.0000000e+01   1.8930000e+01  -1.9670000e+01   0.0000000e+00   3.0000000e+00   0.0000000e+00
   2.1000000e+01   1.6800000e+01  -8.9300000e+00   0.0000000e+00   3.0000000e+00   0.0000000e+00
   2.2000000e+01   1.0610000e+01   5.2800000e+00   0.0000000e+00   2.0000000e+00   0.0000000e+00
   2.3000000e+01  -2.5500000e+01  -2.2490000e+01   0.0000000e+00   1.0000000e+00   0.0000000e+00
   2.4000000e+01  -2.0090000e+01   1.0400000e+01   0.0000000e+00   3.0000000e+00   0.0000000e+00
   2.5000000e+01   1.9370000e+01   8.4900000e+00   0.0000000e+00   2.0000000e+00   0.0000000e+00
   2.6000000e+01  -5.2700000e+00   1.8040000e+01   0.0000000e+00   2.0000000e+00   0.0000000e+00
   2.7000000e+01  -1.9370000e+01   2.4920000e+01   0.0000000e+00   0.0000000e+00   0.0000000e+00
   2.8000000e+01  -1.4640000e+01   3.0780000e+01   0.0000000e+00   1.0000000e+00   0.0000000e+00
   2.9000000e+01   2.6150000e+01  -1.4290000e+01   0.0000000e+00   3.0000000e+00   0.0000000e+00
   3.0000000e+01   2.0940000e+01  -1.8100000e+00   0.0000000e+00   2.0000000e+00   0.0000000e+00
   3.1000000e+01  -4.9000000e-01   4.0800000e+00   0.0000000e+00   3.0000000e+00   0.0000000e+00
   3.2000000e+01   1.8870000e+01  -1.2520000e+01   0.0000000e+00   3.0000000e+00   0.0000000e+00
   3.3000000e+01  -3.1160000e+01   6.9000000e+00   0.0000000e+00   0.0000000e+00   0.0000000e+00
   3.4000000e+01   3.2280000e+01   8.8400000e+00   0.0000000e+00   1.0000000e+00   0.0000000e+00
   3.5000000e+01  -2.2300000e+01   3.2700000e+00   0.0000000e+00   3.0000000e+00   0.0000000e+00
   3.6000000e+01  -1.3390000e+01   1.7500000e+00   0.0000000e+00   3.0000000e+00   0.0000000e+00
   3.7000000e+01   2.6400000e+00   1.5110000e+01   0.0000000e+00   3.0000000e+00   0.0000000e+00
   3.8000000e+01   1.5780000e+01  -1.0720000e+01   0.0000000e+00   3.0000000e+00   0.0000000e+00
   3.9000000e+01   1.3760000e+01  -1.7890000e+01   0.0000000e+00   3.0000000e+00   0.0000000e+00
   4.0000000e+01   1.9290000e+01   8.4000000e-01   0.0000000e+00   2.0000000e+00   0.0000000e+00
   4.1000000e+01  -5.4000000e-01  -2.6050000e+01   0.0000000e+00   2.0000000e+00   0.0000000e+00
   4.2000000e+01   3.1470000e+01  -8.0700000e+00   0.0000000e+00   1.0000000e+00   0.0000000e+00
   4.3000000e+01   5.4500000e+00   2.0710000e+01   0.0000000e+00   3.0000000e+00   0.0000000e+00
   4.4000000e+01   2.2430000e+01   1.0580000e+01   0.0000000e+00   3.0000000e+00   0.0000000e+00
   4.5000000e+01   1.4880000e+01   1.9380000e+01   0.0000000e+00   3.0000000e+00   0.0000000e+00
   4.6000000e+01   2.0960000e+01  -8.9500000e+00   0.0000000e+00   3.0000000e+00   0.0000000e+00
   4.7000000e+01   2.3330000e+01   1.6030000e+01   0.0000000e+00   3.0000000e+00   0.0000000e+00
   4.8000000e+01  -3.8300000e+00   8.4800000e+00   0.0000000e+00   3.0000000e+00   0.0000000e+00
   4.9000000e+01  -1.7660000e+01  -1.0460000e+01   0.0000000e+00   3.0000000e+00   0.0000000e+00
   5.0000000e+01   2.6230000e+01  -2.1540000e+01   0.0000000e+00   0.0000000e+00   0.0000000e+00
   5.1000000e+01   2.5140000e+01  -2.3330000e+01   0.0000000e+00   1.0000000e+00   0.0000000e+00
   5.2000000e+01  -2.3130000e+01  -1.1190000e+01   0.0000000e+00   3.0000000e+00   0.0000000e+00
   5.3000000e+01  -2.3460000e+01  -1.7420000e+01   0.0000000e+00   3.0000000e+00   0.0000000e+00
   5.4000000e+01   1.7100000e+00   2.9490000e+01   0.0000000e+00   3.0000000e+00   0.0000000e+00
   5.5000000e+01  -8.8100000e+00   2.0170000e+01   0.0000000e+00   3.0000000e+00   0.0000000e+00
   5.6000000e+01  -1.3580000e+01  -2.3800000e+00   0.0000000e+00   3.0000000e+00   0.0000000e+00
   5.7000000e+01   2.6600000e+00  -2.4400000e+00   0.0000000e+00   3.0000000e+00   0.0000000e+00
   5.8000000e+01  -2.6650000e+01  -8.9600000e+00   0.0000000e+00   3.0000000e+00   0.0000000e+00
   5.9000000e+01  -1.3910000e+01   2.5640000e+01   0.0000000e+00   3.0000000e+00   0.0000000e+00
   6.0000000e+01  -1.4230000e+01   1.9410000e+01   0.0000000e+00   3.0000000e+00   0.0000000e+00
   6.1000000e+01   3.3900000e+00  -2.1560000e+01   0.0000000e+00   2.0000000e+00   0.0000000e+00
   6.2000000e+01  -1.3220000e+01  -2.6370000e+01   0.0000000e+00   3.0000000e+00   0.0000000e+00
   6.3000000e+01  -2.2160000e+01   5.3400000e+00   0.0000000e+00   3.0000000e+00   0.0000000e+00
   6.4000000e+01  -8.3000000e+00   2.5150000e+01   0.0000000e+00   2.0000000e+00   0.0000000e+00
   6.5000000e+01  -2.4670000e+01  -5.9600000e+00   0.0000000e+00   3.0000000e+00   0.0000000e+00
   6.6000000e+01   1.0720000e+01   1.9180000e+01   0.0000000e+00   3.0000000e+00   0.0000000e+00
   6.7000000e+01   2.0950000e+01  -5.3800000e+00   0.0000000e+00   3.0000000e+00   0.0000000e+00
   6.8000000e+01   1.3520000e+01  -1.3500000e+00   0.0000000e+00   2.0000000e+00   0.0000000e+00
   6.9000000e+01   2.5220000e+01  -1.9730000e+01   0.0000000e+00   0.0000000e+00   0.0000000e+00
   7.0000000e+01   9.0000000e+00   1.1910000e+01   0.0000000e+00   3.0000000e+00   0.0000000e+00
   7.1000000e+01  -7.8800000e+00  -2.9850000e+01   0.0000000e+00   0.0000000e+00   0.0000000e+00
   7.2000000e+01   2.4080000e+01  -1.4300000e+01   0.0000000e+00   3.0000000e+00   0.0000000e+00
   7.3000000e+01  -2.9840000e+01  -4.6000000e-01   0.0000000e+00   0.0000000e+00   0.0000000e+00
   7.4000000e+01  -1.1580000e+01   6.0000000e-01   0.0000000e+00   3.0000000e+00   0.0000000e+00
   7.5000000e+01  -1.5670000e+01   2.6750000e+01   0.0000000e+00   3.0000000e+00   0.0000000e+00
   7.6000000e+01  -2.2130000e+01  -2.4840000e+01   0.0000000e+00   3.0000000e+00   0.0000000e+00
   7.7000000e+01   1.8970000e+01  -1.2300000e+00   0.0000000e+00   2.0000000e+00   0.0000000e+00
   7.8000000e+01   1.1610000e+01  -1.0720000e+01   0.0000000e+00   3.0000000e+00   0.0000000e+00
   7.9000000e+01  -4.2500000e+00   2.2800000e+00   0.0000000e+00   3.0000000e+00   0.0000000e+00
   8.0000000e+01   2.0980000e+01   2.3180000e+01   0.0000000e+00   3.0000000e+00   0.0000000e+00
   8.1000000e+01   2.1260000e+01   1.5990000e+01   0.0000000e+00   3.0000000e+00   0.0000000e+00
   8.2000000e+01   6.7700000e+00   1.5380000e+01   0.0000000e+00   3.0000000e+00   0.0000000e+00
   8.3000000e+01   3.1500000e+00   2.4170000e+01   0.0000000e+00   3.0000000e+00   0.0000000e+00
   8.4000000e+01   2.2100000e+00   1.1220000e+01   0.0000000e+00   2.0000000e+00   0.0000000e+00
   8.5000000e+01  -7.0500000e+00   1.9110000e+01   0.0000000e+00   3.0000000e+00   0.0000000e+00
   8.6000000e+01  -1.5090000e+01   2.8900000e+00   0.0000000e+00   3.0000000e+00   0.0000000e+00
   8.7000000e+01  -3.2200000e+00  -9.2600000e+00   0.0000000e+00   3.0000000e+00   0.0000000e+00
   8.8000000e+01  -2.5320000e+01  -1.8340000e+01   0.0000000e+00   0.0000000e+00   0.0000000e+00
   8.9000000e+01   5.6900000e+00  -1.3150000e+01   0.0000000e+00   2.0000000e+00   0.0000000e+00
   9.0000000e+01   1.7330000e+01   7.9900000e+00   0.0000000e+00   2.0000000e+00   0.0000000e+00
   9.1000000e+01   1.7230000e+01   1.2310000e+01   0.0000000e+00   3.0000000e+00   0.0000000e+00
   9.2000000e+01   9.1000000e-01  -1.2400000e+00   0.0000000e+00   3.0000000e+00   0.0000000e+00
   9.3000000e+01  -2.6700000e+00   3.2790000e+01   0.0000000e+00   0.0000000e+00   0.0000000e+00
   9.4000000e+01  -2.6510000e+01  -6.8900000e+00   0.0000000e+00   3.0000000e+00   0.0000000e+00
   9.5000000e+01  -3.2900000e+00   2.7320000e+01   0.0000000e+00   3.0000000e+00   0.0000000e+00
   9.6000000e+01  -5.8000000e-01  -2.8130000e+01   0.0000000e+00   0.0000000e+00   0.0000000e+00
   9.7000000e+01  -2.9170000e+01   1.4130000e+01   0.0000000e+00   1.0000000e+00   0.0000000e+00
   9.8000000e+01  -1.2770000e+01   1.2100000e+01   0.0000000e+00   3.0000000e+00   0.0000000e+00
   9.9000000e+01  -9.4100000e+00  -2.2470000e+01   0.0000000e+00   3.0000000e+00   0.0000000e+00
   1.0000000e+02   1.9950000e+01  -2.5140000e+01   0.0000000e+00   0.0000000e+00   0.0000000e+00
   1.0100000e+02   9.5400000e+00  -1.0750000e+01   0.0000000e+00   2.0000000e+00   0.0000000e+00
   1.0200000e+02  -1.4640000e+01   1.1170000e+01   0.0000000e+00   3.0000000e+00   0.0000000e+00
   1.0300000e+02  -2.3790000e+01   8.5300000e+00   0.0000000e+00   3.0000000e+00   0.0000000e+00
   1.0400000e+02  -1.7710000e+01   2.1710000e+01   0.0000000e+00   3.0000000e+00   0.0000000e+00
   1.0500000e+02   1.4760000e+01  -2.3320000e+01   0.0000000e+00   3.0000000e+00   0.0000000e+00
   1.0600000e+02  -1.2700000e+01  -1.8060000e+01   0.0000000e+00   3.0000000e+00   0.0000000e+00
   1.0700000e+02  -4.5300000e+00  -1.8800000e+00   0.0000000e+00   3.0000000e+00   0.0000000e+00
   1.0800000e+02   2.8220000e+01  -1.4280000e+01   0.0000000e+00   0.0000000e+00   0.0000000e+00
   1.0900000e+02  -3.9700000e+00   2.1780000e+01   0.0000000e+00   2.0000000e+00   0.0000000e+00
   1.1000000e+02  -1.9180000e+01  -5.1900000e+00   0.0000000e+00   3.0000000e+00   0.0000000e+00
   1.1100000e+02   8.4400000e+00   2.2500000e+00   0.0000000e+00   3.0000000e+00   0.0000000e+00
   1.1200000e+02   2.9600000e+01   1.2530000e+01   0.0000000e+00   2.0000000e+00   0.0000000e+00
   1.1300000e+02  -9.1200000e+00  -1.8260000e+01   0.0000000e+00   3.0000000e+00   0.0000000e+00
   1.1400000e+02   1.2620000e+01   2.2900000e+01   0.0000000e+00   3.0000000e+00   0.0000000e+00
   1.1500000e+02   5.0300000e+00   4.6700000e+00   0.0000000e+00   3.0000000e+00   0.0000000e+00
   1.1600000e+02   1.0620000e+01  -2.3360000e+01   0.0000000e+00   3.0000000e+00   0.0000000e+00
   1.1700000e+02  -1.0990000e+01  -1.9210000e+01   0.0000000e+00   3.0000000e+00   0.0000000e+00
   1.1800000e+02   2.4070000e+01  -1.0710000e+01   0.0000000e+00   3.0000000e+00   0.0000000e+00
   1.1900000e+02   6.3600000e+00  -3.0630000e+01   0.0000000e+00   3.0000000e+00   0.0000000e+00
   1.2000000e+02   1.3410000e+01   2.8350000e+01   0.0000000e+00   0.0000000e+00   0.0000000e+00
   1.2100000e+02  -1.2410000e+01   2.0350000e+01   0.0000000e+00   3.0000000e+00   0.0000000e+00
   1.2200000e+02  -1.1730000e+01  -1.4600000e+00   0.0000000e+00   3.0000000e+00   0.0000000e+00
   1.2300000e+02  -1.3110000e+01  -2.4300000e+01   0.0000000e+00   3.0000000e+00   0.0000000e+00
   1.2400000e+02   2.5430000e+01   1.6080000e+01   0.0000000e+00   3.0000000e+00   0.0000000e+00
   1.2500000e+02  -5.6000000e-01   3.2930000e+01   0.0000000e+00   0.0000000e+00   0.0000000e+00
   1.2600000e+02   2.4150000e+01   2.5050000e+01   0.0000000e+00   1.0000000e+00   0.0000000e+00
   1.2700000e+02   5.3900000e+00  -2.8800000e+01   0.0000000e+00   3.0000000e+00   0.0000000e+00
   1.2800000e+02   6.3900000e+00  -6.9000000e-01   0.0000000e+00   3.0000000e+00   0.0000000e+00
   1.2900000e+02   2.0990000e+01  -1.9650000e+01   0.0000000e+00   3.0000000e+00   0.0000000e+00
   1.3000000e+02   1.6000000e+01   1.7630000e+01   0.0000000e+00   3.0000000e+00   0.0000000e+00
   1.3100000e+02  -8.9700000e+00   1.6050000e+01   0.0000000e+00   3.0000000e+00   0.0000000e+00
   1.3200000e+02   1.2200000e+00   2.8700000e+00   0.0000000e+00   3.0000000e+00   0.0000000e+00
   1.3300000e+02   3.0910000e+01   7.3000000e+00   0.0000000e+00   0.0000000e+00   0.0000000e+00
   1.3400000e+02   4.3200000e+00  -1.6060000e+01   0.0000000e+00   2.0000000e+00   0.0000000e+00
   1.3500000e+02   1.0550000e+01   2.2800000e+01   0.0000000e+00   3.0000000e+00   0.0000000e+00
   1.3600000e+02  -1.2860000e+01   2.9630000e+01   0.0000000e+00   0.0000000e+00   0.0000000e+00
   1.3700000e+02   4.4100000e+00  -2.6960000e+01   0.0000000e+00   3.0000000e+00   0.0000000e+00
   1.3800000e+02  -1.4300000e+01  -1.4830000e+01   0.0000000e+00   3.0000000e+00   0.0000000e+00
   1.3900000e+02   9.7500000e+00   1.7340000e+01   0.0000000e+00   3.0000000e+00   0.0000000e+00
   1.4000000e+02  -9.8500000e+00  -5.2000000e-01   0.0000000e+00   3.0000000e+00   0.0000000e+00
   1.4100000e+02  -7.3400000e+00   1.0780000e+01   0.0000000e+00   3.0000000e+00   0.0000000e+00
   1.4200000e+02  -2.9610000e+01   1.6100000e+00   0.0000000e+00   3.0000000e+00   0.0000000e+00
   1.4300000e+02  -7.2900000e+00  -1.7330000e+01   0.0000000e+00   3.0000000e+00   0.0000000e+00
   1.4400000e+02   4.8700000e+00   1.1640000e+01   0.0000000e+00   2.0000000e+00   0.0000000e+00
   1.4500000e+02   9.6000000e+00  -1.7890000e+01   0.0000000e+00   3.0000000e+00   0.0000000e+00
   1.4600000e+02   1.3280000e+01   8.5100000e+00   0.0000000e+00   2.0000000e+00   0.0000000e+00
   1.4700000e+02   2.9750000e+01   3.2400000e+00   0.0000000e+00   2.0000000e+00   0.0000000e+00
   1.4800000e+02   3.0260000e+01   5.2500000e+00   0.0000000e+00   0.0000000e+00   0.0000000e+00
   1.4900000e+02   1.0600000e+00   8.3000000e-01   0.0000000e+00   3.0000000e+00   0.0000000e+00
   1.5000000e+02   2.3050000e+01  -1.6080000e+01   0.0000000e+00   3.0000000e+00   0.0000000e+00
   1.5100000e+02   2.1380000e+01   1.2400000e+01   0.0000000e+00   3.0000000e+00   0.0000000e+00
   1.5200000e+02  -5.1900000e+00  -1.2270000e+01   0.0000000e+00   3.0000000e+00   0.0000000e+00
   1.5300000e+02  -4.2100000e+00  -3.0150000e+01   0.0000000e+00   0.0000000e+00   0.0000000e+00
   1.5400000e+02   5.8000000e-01   3.1230000e+01   0.0000000e+00   0.0000000e+00   0.0000000e+00
   1.5500000e+02  -1.6570000e+01   8.1500000e+00   0.0000000e+00   3.0000000e+00   0.0000000e+00
   1.5600000e+02   1.3920000e+01   1.7560000e+01   0.0000000e+00   3.0000000e+00   0.0000000e+00
   1.5700000e+02  -8.6500000e+00  -9.9400000e+00   0.0000000e+00   3.0000000e+00   0.0000000e+00
   1.5800000e+02  -4.6700000e+00  -3.9400000e+00   0.0000000e+00   3.0000000e+00   0.0000000e+00
   1.5900000e+02  -3.3400000e+00  -1.1330000e+01   0.0000000e+00   3.0000000e+00   0.0000000e+00
   1.6000000e+02  -1.9990000e+01  -1.9660000e+01   0.0000000e+00   3.0000000e+00   0.0000000e+00
   1.6100000e+02   4.3800000e+00  -1.9760000e+01   0.0000000e+00   2.0000000e+00   0.0000000e+00
   1.6200000e+02   2.5480000e+01   1.2460000e+01   0.0000000e+00   3.0000000e+00   0.0000000e+00
   1.6300000e+02  -1.0460000e+01   2.3370000e+01   0.0000000e+00   2.0000000e+00   0.0000000e+00
   1.6400000e+02  -1.3970000e+01  -8.6100000e+00   0.0000000e+00   3.0000000e+00   0.0000000e+00
   1.6500000e+02   1.4740000e+01  -1.2530000e+01   0.0000000e+00   3.0000000e+00   0.0000000e+00
   1.6600000e+02   4.2300000e+00  -5.7100000e+00   0.0000000e+00   3.0000000e+00   0.0000000e+00
   1.6700000e+02   2.6080000e+01  -3.4700000e+00   0.0000000e+00   2.0000000e+00   0.0000000e+00
   1.6800000e+02   1.7120000e+01   1.5880000e+01   0.0000000e+00   3.0000000e+00   0.0000000e+00
   1.6900000e+02  -2.1380000e+01  -1.2360000e+01   0.0000000e+00   3.0000000e+00   0.0000000e+00
   1.7000000e+02   2.9300000e+01  -8.8600000e+00   0.0000000e+00   0.0000000e+00   0.0000000e+00
   1.7100000e+02  -2.1040000e+01  -6.1300000e+00   0.0000000e+00   3.0000000e+00   0.0000000e+00
   1.7200000e+02   1.2690000e+01  -2.6950000e+01   0.0000000e+00   0.0000000e+00   0.0000000e+00
   1.7300000e+02  -2.7520000e+01   6.6900000e+00   0.0000000e+00   3.0000000e+00   0.0000000e+00
   1.7400000e+02   3.0000000e+00   1.6800000e+00   0.0000000e+00   3.0000000e+00   0.0000000e+00
   1.7500000e+02  -1.4740000e+01   9.0900000e+00   0.0000000e+00   3.0000000e+00   0.0000000e+00
   1.7600000e+02   1.6400000e+01   5.7700000e+00   0.0000000e+00   2.0000000e+00   0.0000000e+00
   1.7700000e+02   3.2500000e+00  -2.8700000e+01   0.0000000e+00   0.0000000e+00   0.0000000e+00
   1.7800000e+02  -1.8240000e+01   1.1350000e+01   0.0000000e+00   3.0000000e+00   0.0000000e+00
   1.7900000e+02   8.4000000e-01   2.7610000e+01   0.0000000e+00   3.0000000e+00   0.0000000e+00
   1.8000000e+02  -1.6380000e+01   1.2270000e+01   0.0000000e+00   3.0000000e+00   0.0000000e+00
   1.8100000e+02   2.6570000e+01   1.0500000e+01   0.0000000e+00   2.0000000e+00   0.0000000e+00
   1.8200000e+02   9.6100000e+00  -2.1530000e+01   0.0000000e+00   3.0000000e+00   0.0000000e+00
   1.8300000e+02   1.7760000e+01   2.4900000e+01   0.0000000e+00   0.0000000e+00   0.0000000e+00
   1.8400000e+02  -5.9600000e+00  -2.6880000e+01   0.0000000e+00   3.0000000e+00   0.0000000e+00
   1.8500000e+02  -1.6480000e+01   1.0200000e+01   0.0000000e+00   3.0000000e+00   0.0000000e+00
   1.8600000e+02   9.5700000e+00  -2.5160000e+01   0.0000000e+00   3.0000000e+00   0.0000000e+00
   1.8700000e+02  -4.2000000e-01  -2.1940000e+01   0.0000000e+00   2.0000000e+00   0.0000000e+00
   1.8800000e+02   8.8300000e+00   1.5480000e+01   0.0000000e+00   3.0000000e+00   0.0000000e+00
   1.8900000e+02   2.0630000e+01   6.8800000e+00   0.0000000e+00   2.0000000e+00   0.0000000e+00
   1.9000000e+02  -8.5200000e+00  -7.8900000e+00   0.0000000e+00   3.0000000e+00   0.0000000e+00
   1.9100000e+02  -2.9280000e+01   7.7800000e+00   0.0000000e+00   0.0000000e+00   0.0000000e+00
   1.9200000e+02  -2.0780000e+01  -1.9900000e+00   0.0000000e+00   3.0000000e+00   0.0000000e+00
   1.9300000e+02  -1.5870000e+01   2.2640000e+01   0.0000000e+00   3.0000000e+00   0.0000000e+00
   1.9400000e+02   1.3690000e+01  -7.1000000e+00   0.0000000e+00   3.0000000e+00   0.0000000e+00
   1.9500000e+02   4.8700000e+00   2.5700000e+00   0.0000000e+00   3.0000000e+00   0.0000000e+00
   1.9600000e+02   1.2690000e+01  -2.3330000e+01   0.0000000e+00   3.0000000e+00   0.0000000e+00
   1.9700000e+02   5.6200000e+00   1.7110000e+01   0.0000000e+00   3.0000000e+00   0.0000000e+00
   1.9800000e+02   7.9400000e+00  -3.9100000e+00   0.0000000e+00   2.0000000e+00   0.0000000e+00
   1.9900000e+02   1.6830000e+01  -2.3310000e+01   0.0000000e+00   3.0000000e+00   0.0000000e+00
   2.0000000e+02  -1.9000000e+00   2.1990000e+01   0.0000000e+00   2.0000000e+00   0.0000000e+00
   2.0100000e+02   2.1260000e+01   2.3000000e-01   0.0000000e+00   2.0000000e+00   0.0000000e+00
   2.0200000e+02  -5.6700000e+00   3.0830000e+01   0.0000000e+00   0.0000000e+00   0.0000000e+00
   2.0300000e+02  -2.8510000e+01  -9.9000000e+00   0.0000000e+00   0.0000000e+00   0.0000000e+00
   2.0400000e+02  -2.8730000e+01  -1.4010000e+01   0.0000000e+00   1.0000000e+00   0.0000000e+00
   2.0500000e+02   8.4700000e+00   2.2650000e+01   0.0000000e+00   3.0000000e+00   0.0000000e+00
   2.0600000e+02   2.6790000e+01   6.5300000e+00   0.0000000e+00   2.0000000e+00   0.0000000e+00
   2.0700000e+02  -2.0110000e+01  -2.1770000e+01   0.0000000e+00   3.0000000e+00   0.0000000e+00
   2.0800000e+02  -1.9500000e+01   2.2830000e+01   0.0000000e+00   0.0000000e+00   0.0000000e+00
   2.0900000e+02   6.0800000e+00  -4.8000000e+00   0.0000000e+00   3.0000000e+00   0.0000000e+00
   2.1000000e+02   1.0340000e+01   3.1300000e+00   0.0000000e+00   3.0000000e+00   0.0000000e+00
   2.1100000e+02   1.8000000e+00  -2.3030000e+01   0.0000000e+00   2.0000000e+00   0.0000000e+00
   2.1200000e+02   1.2800000e+01   1.9290000e+01   0.0000000e+00   3.0000000e+00   0.0000000e+00
   2.1300000e+02   1.8880000e+01  -5.3800000e+00   0.0000000e+00   3.0000000e+00   0.0000000e+00
   2.1400000e+02  -1.2050000e+01   2.6610000e+01   0.0000000e+00   2.0000000e+00   0.0000000e+00
   2.1500000e+02  -1.0820000e+01   1.5120000e+01   0.0000000e+00   3.0000000e+00   0.0000000e+00
   2.1600000e+02   1.6120000e+01   1.4060000e+01   0.0000000e+00   3.0000000e+00   0.0000000e+00
   2.1700000e+02  -1.0520000e+01  -1.0880000e+01   0.0000000e+00   3.0000000e+00   0.0000000e+00
   2.1800000e+02  -1.9290000e+01  -7.2500000e+00   0.0000000e+00   3.0000000e+00   0.0000000e+00
   2.1900000e+02  -1.1970000e+01  -5.6000000e+00   0.0000000e+00   3.0000000e+00   0.0000000e+00
   2.2000000e+02  -1.9880000e+01  -1.7610000e+01   0.0000000e+00   3.0000000e+00   0.0000000e+00
   2.2100000e+02   2.5670000e+01   2.4000000e+00   0.0000000e+00   2.0000000e+00   0.0000000e+00
   2.2200000e+02   9.2500000e+00   2.8180000e+01   0.0000000e+00   3.0000000e+00   0.0000000e+00
   2.2300000e+02   7.8000000e-01  -3.2900000e+00   0.0000000e+00   3.0000000e+00   0.0000000e+00
   2.2400000e+02   1.8080000e+01   1.7700000e+01   0.0000000e+00   3.0000000e+00   0.0000000e+00
   2.2500000e+02  -1.9800000e+01   1.6630000e+01   0.0000000e+00   3.0000000e+00   0.0000000e+00
   2.2600000e+02  -1.9730000e+01  -1.5550000e+01   0.0000000e+00   3.0000000e+00   0.0000000e+00
   2.2700000e+02   7.5200000e+00   2.0840000e+01   0.0000000e+00   3.0000000e+00   0.0000000e+00
   2.2800000e+02  -1.7310000e+01   2.9990000e+01   0.0000000e+00   1.0000000e+00   0.0000000e+00
   2.2900000e+02  -2.7880000e+01   4.6000000e-01   0.0000000e+00   3.0000000e+00   0.0000000e+00
   2.3000000e+02   1.5170000e+01   1.2230000e+01   0.0000000e+00   3.0000000e+00   0.0000000e+00
   2.3100000e+02   2.8900000e+00   2.7760000e+01   0.0000000e+00   3.0000000e+00   0.0000000e+00
   2.3200000e+02   2.6000000e-01   1.0450000e+01   0.0000000e+00   2.0000000e+00   0.0000000e+00
   2.3300000e+02  -5.4400000e+00  -1.6400000e+01   0.0000000e+00   3.0000000e+00   0.0000000e+00
   2.3400000e+02  -1.3120000e+01   5.8800000e+00   0.0000000e+00   3.0000000e+00   0.0000000e+00
   2.3500000e+02  -1.4160000e+01   2.1470000e+01   0.0000000e+00   3.0000000e+00   0.0000000e+00
   2.3600000e+02  -1.7420000e+01  -6.3400000e+00   0.0000000e+00   3.0000000e+00   0.0000000e+00
   2.3700000e+02   1.6290000e+01   1.0480000e+01   0.0000000e+00   2.0000000e+00   0.0000000e+00
   2.3800000e+02   2.7560000e+01   1.6230000e+01   0.0000000e+00   2.0000000e+00   0.0000000e+00
   2.3900000e+02   7.4500000e+00  -2.8820000e+01   0.0000000e+00   3.0000000e+00   0.0000000e+00
   2.4000000e+02  -5.8100000e+00   5.4900000e+00   0.0000000e+00   3.0000000e+00   0.0000000e+00
   2.4100000e+02  -1.4450000e+01   1.5280000e+01   0.0000000e+00   3.0000000e+00   0.0000000e+00
   2.4200000e+02  -2.5150000e+01   1.7990000e+01   0.0000000e+00   0.0000000e+00   0.0000000e+00
   2.4300000e+02   4.0000000e+00  -9.8500000e+00   0.0000000e+00   3.0000000e+00   0.0000000e+00
   2.4400000e+02   1.7870000e+01  -2.5100000e+01   0.0000000e+00   3.0000000e+00   0.0000000e+00
   2.4500000e+02   7.3300000e+00   2.4440000e+01   0.0000000e+00   3.0000000e+00   0.0000000e+00
   2.4600000e+02  -6.7900000e+00  -9.0400000e+00   0.0000000e+00   3.0000000e+00   0.0000000e+00
   2.4700000e+02   2.2020000e+01  -1.4280000e+01   0.0000000e+00   3.0000000e+00   0.0000000e+00
   2.4800000e+02  -1.1100000e+01   8.8900000e+00   0.0000000e+00   3.0000000e+00   0.0000000e+00
   2.4900000e+02   2.8690000e+01   1.4420000e+01   0.0000000e+00   2.0000000e+00   0.0000000e+00
   2.5000000e+02   1.9980000e+01   2.1380000e+01   0.0000000e+00   3.0000000e+00   0.0000000e+00
   2.5100000e+02   2.8090000e+01  -2.8300000e+00   0.0000000e+00   2.0000000e+00   0.0000000e+00
   2.5200000e+02  -1.7960000e+01   1.7540000e+01   0.0000000e+00   3.0000000e+00   0.0000000e+00
   2.5300000e+02   1.4550000e+01   2.6590000e+01   0.0000000e+00   0.0000000e+00   0.0000000e+00
   2.5400000e+02  -3.0000000e-02  -1.5700000e+01   0.0000000e+00   3.0000000e+00   0.0000000e+00
   2.5500000e+02   1.9920000e+01  -1.0740000e+01   0.0000000e+00   3.0000000e+00   0.0000000e+00
   2.5600000e+02   1.4060000e+01   1.3980000e+01   0.0000000e+00   3.0000000e+00   0.0000000e+00
   2.5700000e+02   1.7890000e+01  -1.7900000e+01   0.0000000e+00   3.0000000e+00   0.0000000e+00
   2.5800000e+02   1.8920000e+01  -2.7000000e+01   0.0000000e+00   0.0000000e+00   0.0000000e+00
   2.5900000e+02  -7.5700000e+00   6.6400000e+00   0.0000000e+00   3.0000000e+00   0.0000000e+00
   2.6000000e+02  -3.1030000e+01   9.0700000e+00   0.0000000e+00   1.0000000e+00   0.0000000e+00
   2.6100000e+02   9.9600000e+00  -1.0200000e+00   0.0000000e+00   3.0000000e+00   0.0000000e+00
   2.6200000e+02  -2.5880000e+01   3.4800000e+00   0.0000000e+00   3.0000000e+00   0.0000000e+00
   2.6300000e+02   6.4000000e-01  -5.3900000e+00   0.0000000e+00   3.0000000e+00   0.0000000e+00
   2.6400000e+02   2.4080000e+01   4.8800000e+00   0.0000000e+00   2.0000000e+00   0.0000000e+00
   2.6500000e+02  -6.3800000e+00  -2.7900000e+00   0.0000000e+00   3.0000000e+00   0.0000000e+00
   2.6600000e+02   3.7800000e+00   1.3400000e+01   0.0000000e+00   2.0000000e+00   0.0000000e+00
   2.6700000e+02   1.6640000e+01   2.6680000e+01   0.0000000e+00   0.0000000e+00   0.0000000e+00
   2.6800000e+02  -5.7200000e+00  -2.0580000e+01   0.0000000e+00   3.0000000e+00   0.0000000e+00
   2.6900000e+02   8.5400000e+00  -1.6100000e+01   0.0000000e+00   3.0000000e+00   0.0000000e+00
   2.7000000e+02  -1.5270000e+01  -2.9350000e+01   0.0000000e+00   1.0000000e+00   0.0000000e+00
   2.7100000e+02   5.2000000e+00   2.4290000e+01   0.0000000e+00   3.0000000e+00   0.0000000e+00
   2.7200000e+02  -8.0000000e-01  -4.0000000e-02   0.0000000e+00   3.0000000e+00   0.0000000e+00
   2.7300000e+02   3.2960000e+01   4.9000000e-01   0.0000000e+00   1.0000000e+00   0.0000000e+00
   2.7400000e+02  -2.6730000e+01  -1.1010000e+01   0.0000000e+00   3.0000000e+00   0.0000000e+00
   2.7500000e+02   2.1000000e+00  -1.0680000e+01   0.0000000e+00   3.0000000e+00   0.0000000e+00
   2.7600000e+02   6.0000000e+00  -6.8700000e+00   0.0000000e+00   3.0000000e+00   0.0000000e+00
   2.7700000e+02  -1.2500000e+00  -6.2600000e+00   0.0000000e+00   3.0000000e+00   0.0000000e+00
   2.7800000e+02  -1.0460000e+01   3.0480000e+01   0.0000000e+00   1.0000000e+00   0.0000000e+00
   2.7900000e+02   4.7700000e+00   3.1570000e+01   0.0000000e+00   1.0000000e+00   0.0000000e+00
   2.8000000e+02   3.5600000e+00   1.6980000e+01   0.0000000e+00   3.0000000e+00   0.0000000e+00
   2.8100000e+02   5.9200000e+00   2.9810000e+01   0.0000000e+00   0.0000000e+00   0.0000000e+00
   2.8200000e+02  -1.6970000e+01   1.9300000e+00   0.0000000e+00   3.0000000e+00   0.0000000e+00
   2.8300000e+02   1.2270000e+01   3.0070000e+01   0.0000000e+00   1.0000000e+00   0.0000000e+00
   2.8400000e+02  -1.6700000e+01   6.0900000e+00   0.0000000e+00   3.0000000e+00   0.0000000e+00
   2.8500000e+02  -2.0920000e+01  -4.0500000e+00   0.0000000e+00   3.0000000e+00   0.0000000e+00
   2.8600000e+02  -1.3700000e+00  -8.3100000e+00   0.0000000e+00   3.0000000e+00   0.0000000e+00
   2.8700000e+02   1.8000000e-01   2.2160000e+01   0.0000000e+00   3.0000000e+00   0.0000000e+00
   2.8800000e+02   2.3420000e+01   8.4400000e+00   0.0000000e+00   2.0000000e+00   0.0000000e+00
   2.8900000e+02   3.0310000e+01  -1.4270000e+01   0.0000000e+00   1.0000000e+00   0.0000000e+00
   2.9000000e+02   8.5400000e+00  -1.9720000e+01   0.0000000e+00   3.0000000e+00   0.0000000e+00
   2.9100000e+02  -1.6090000e+01   1.8480000e+01   0.0000000e+00   3.0000000e+00   0.0000000e+00
   2.9200000e+02   2.1130000e+01   1.9580000e+01   0.0000000e+00   3.0000000e+00   0.0000000e+00
   2.9300000e+02  -3.1640000e+01   5.2000000e-01   0.0000000e+00   0.0000000e+00   0.0000000e+00
   2.9400000e+02   1.7300000e+01   2.8000000e-01   0.0000000e+00   3.0000000e+00   0.0000000e+00
   2.9500000e+02  -1.0240000e+01  -6.7200000e+00   0.0000000e+00   3.0000000e+00   0.0000000e+00
   2.9600000e+02   2.8630000e+01   1.0690000e+01   0.0000000e+00   2.0000000e+00   0.0000000e+00
   2.9700000e+02  -1.2830000e+01  -2.0170000e+01   0.0000000e+00   3.0000000e+00   0.0000000e+00
   2.9800000e+02   1.0110000e+01   3.0060000e+01   0.0000000e+00   0.0000000e+00   0.0000000e+00
   2.9900000e+02   1.5790000e+01  -2.1500000e+01   0.0000000e+00   3.0000000e+00   0.0000000e+00
   3.0000000e+02  -1.4900000e+00   1.4370000e+01   0.0000000e+00   2.0000000e+00   0.0000000e+00
   3.0100000e+02  -1.7180000e+01  -2.1800000e+00   0.0000000e+00   3.0000000e+00   0.0000000e+00
   3.0200000e+02  -5.4100000e+00   1.1800000e+01   0.0000000e+00   2.0000000e+00   0.0000000e+00
   3.0300000e+02  -2.1710000e+01  -1.8540000e+01   0.0000000e+00   3.0000000e+00   0.0000000e+00
   3.0400000e+02  -9.6000000e-01   2.3890000e+01   0.0000000e+00   3.0000000e+00   0.0000000e+00
   3.0500000e+02   7.5900000e+00  -1.0110000e+01   0.0000000e+00   2.0000000e+00   0.0000000e+00
   3.0600000e+02   1.0000000e-01  -1.3650000e+01   0.0000000e+00   3.0000000e+00   0.0000000e+00
   3.0700000e+02   1.5370000e+01  -4.7000000e-01   0.0000000e+00   2.0000000e+00   0.0000000e+00
   3.0800000e+02  -1.5800000e+01  -9.5600000e+00   0.0000000e+00   3.0000000e+00   0.0000000e+00
   3.0900000e+02  -9.1400000e+00   1.1910000e+01   0.0000000e+00   3.0000000e+00   0.0000000e+00
   3.1000000e+02  -2.1350000e+01   2.1930000e+01   0.0000000e+00   0.0000000e+00   0.0000000e+00
   3.1100000e+02   2.8260000e+01  -1.0660000e+01   0.0000000e+00   0.0000000e+00   0.0000000e+00
   3.1200000e+02   9.5600000e+00  -7.0800000e+00   0.0000000e+00   2.0000000e+00   0.0000000e+00
   3.1300000e+02  -1.8450000e+01   7.2400000e+00   0.0000000e+00   3.0000000e+00   0.0000000e+00
   3.1400000e+02   2.7330000e+01   1.9770000e+01   0.0000000e+00   1.0000000e+00   0.0000000e+00
   3.1500000e+02   6.4800000e+00  -2.6980000e+01   0.0000000e+00   3.0000000e+00   0.0000000e+00
   3.1600000e+02  -2.3310000e+01   1.8980000e+01   0.0000000e+00   3.0000000e+00   0.0000000e+00
   3.1700000e+02  -2.5280000e+01   1.5910000e+01   0.0000000e+00   3.0000000e+00   0.0000000e+00
   3.1800000e+02   1.8500000e+00  -1.4790000e+01   0.0000000e+00   2.0000000e+00   0.0000000e+00
   3.1900000e+02  -2.1280000e+01  -1.0280000e+01   0.0000000e+00   3.0000000e+00   0.0000000e+00
   3.2000000e+02  -2.7060000e+01  -1.7200000e+01   0.0000000e+00   0.0000000e+00   0.0000000e+00
   3.2100000e+02   1.3720000e+01  -3.4100000e+00   0.0000000e+00   2.0000000e+00   0.0000000e+00
   3.2200000e+02   2.7210000e+01   9.3000000e-01   0.0000000e+00   2.0000000e+00   0.0000000e+00
   3.2300000e+02  -5.6000000e+00   9.6500000e+00   0.0000000e+00   3.0000000e+00   0.0000000e+00
   3.2400000e+02   2.3080000e+01   2.3250000e+01   0.0000000e+00   0.0000000e+00   0.0000000e+00
   3.2500000e+02  -2.3610000e+01   1.2710000e+01   0.0000000e+00   3.0000000e+00   0.0000000e+00
   3.2600000e+02  -2.3670000e+01  -2.1530000e+01   0.0000000e+00   0.0000000e+00   0.0000000e+00
   3.2700000e+02  -1.7630000e+01   2.3790000e+01   0.0000000e+00   3.0000000e+00   0.0000000e+00
   3.2800000e+02   1.1700000e+01  -2.8760000e+01   0.0000000e+00   0.0000000e+00   0.0000000e+00
   3.2900000e+02  -4.8200000e+00  -6.0300000e+00   0.0000000e+00   3.0000000e+00   0.0000000e+00
   3.3000000e+02  -2.2900000e+01  -7.0500000e+00   0.0000000e+00   3.0000000e+00   0.0000000e+00
   3.3100000e+02   6.3900000e+00   2.2600000e+01   0.0000000e+00   3.0000000e+00   0.0000000e+00
   3.3200000e+02  -1.0870000e+01  -1.7110000e+01   0.0000000e+00   3.0000000e+00   0.0000000e+00
   3.3300000e+02   2.7520000e+01   8.5400000e+00   0.0000000e+00   2.0000000e+00   0.0000000e+00
   3.3400000e+02  -1.7320000e+01  -4.2700000e+00   0.0000000e+00   3.0000000e+00   0.0000000e+00
   3.3500000e+02   1.9920000e+01  -1.4290000e+01   0.0000000e+00   3.0000000e+00   0.0000000e+00
   3.3600000e+02   8.0800000e+00  -1.8600000e+00   0.0000000e+00   3.0000000e+00   0.0000000e+00
   3.3700000e+02   2.9150000e+01  -4.6600000e+00   0.0000000e+00   2.0000000e+00   0.0000000e+00
   3.3800000e+02  -1.6290000e+01   1.4360000e+01   0.0000000e+00   3.0000000e+00   0.0000000e+00
   3.3900000e+02   2.3000000e-01  -1.1580000e+01   0.0000000e+00   3.0000000e+00   0.0000000e+00
   3.4000000e+02  -7.1000000e+00   2.3460000e+01   0.0000000e+00   2.0000000e+00   0.0000000e+00
   3.4100000e+02   1.1820000e+01  -1.7000000e-01   0.0000000e+00   3.0000000e+00   0.0000000e+00
   3.4200000e+02   1.4720000e+01  -5.2600000e+00   0.0000000e+00   3.0000000e+00   0.0000000e+00
   3.4300000e+02  -9.7000000e-01   1.6400000e+01   0.0000000e+00   2.0000000e+00   0.0000000e+00
   3.4400000e+02  -3.4800000e+00  -1.3420000e+01   0.0000000e+00   3.0000000e+00   0.0000000e+00
   3.4500000e+02   5.8500000e+00  -8.9200000e+00   0.0000000e+00   3.0000000e+00   0.0000000e+00
   3.4600000e+02   2.4300000e+01   1.7870000e+01   0.0000000e+00   3.0000000e+00   0.0000000e+00
   3.4700000e+02   2.7170000e+01  -8.8800000e+00   0.0000000e+00   3.0000000e+00   0.0000000e+00
   3.4800000e+02  -1.1040000e+01   1.0960000e+01   0.0000000e+00   3.0000000e+00   0.0000000e+00
   3.4900000e+02  -8.8800000e+00   1.8110000e+01   0.0000000e+00   3.0000000e+00   0.0000000e+00
   3.5000000e+02   1.2680000e+01  -1.9710000e+01   0.0000000e+00   3.0000000e+00   0.0000000e+00
   3.5100000e+02   2.3610000e+01   2.8800000e+00   0.0000000e+00   2.0000000e+00   0.0000000e+00
   3.5200000e+02  -1.7890000e+01  -1.4610000e+01   0.0000000e+00   3.0000000e+00   0.0000000e+00
   3.5300000e+02  -7.8700000e+00  -2.7720000e+01   0.0000000e+00   3.0000000e+00   0.0000000e+00
   3.5400000e+02   7.2300000e+00   7.6500000e+00   0.0000000e+00   2.0000000e+00   0.0000000e+00
   3.5500000e+02  -7.8500000e+00   2.5100000e+00   0.0000000e+00   3.0000000e+00   0.0000000e+00
   3.5600000e+02   1.5680000e+01   1.5600000e+00   0.0000000e+00   3.0000000e+00   0.0000000e+00
   3.5700000e+02   6.5800000e+00   1.3700000e+00   0.0000000e+00   3.0000000e+00   0.0000000e+00
   3.5800000e+02   5.7500000e+00  -1.1030000e+01   0.0000000e+00   3.0000000e+00   0.0000000e+00
   3.5900000e+02  -1.3700000e+01  -4.4800000e+00   0.0000000e+00   3.0000000e+00   0.0000000e+00
   3.6000000e+02   3.2160000e+01  -2.2900000e+00   0.0000000e+00   1.0000000e+00   0.0000000e+00
   3.6100000e+02   2.5460000e+01   8.7500000e+00   0.0000000e+00   2.0000000e+00   0.0000000e+00
   3.6200000e+02  -1.1470000e+01   2.6700000e+00   0.0000000e+00   3.0000000e+00   0.0000000e+00
   3.6300000e+02   3.3600000e+00  -2.5170000e+01   0.0000000e+00   2.0000000e+00   0.0000000e+00
   3.6400000e+02   1.8010000e+01   4.3500000e+00   0.0000000e+00   3.0000000e+00   0.0000000e+00
   3.6500000e+02  -7.9800000e+00   4.4000000e-01   0.0000000e+00   3.0000000e+00   0.0000000e+00
   3.6600000e+02  -1.1100000e+01  -2.1300000e+01   0.0000000e+00   3.0000000e+00   0.0000000e+00
   3.6700000e+02   1.5600000e+00   7.0500000e+00   0.0000000e+00   3.0000000e+00   0.0000000e+00
   3.6800000e+02  -4.1700000e+00   2.5460000e+01   0.0000000e+00   3.0000000e+00   0.0000000e+00
   3.6900000e+02   2.2360000e+01   1.4210000e+01   0.0000000e+00   3.0000000e+00   0.0000000e+00
   3.7000000e+02   1.0610000e+01  -1.9740000e+01   0.0000000e+00   3.0000000e+00   0.0000000e+00
   3.7100000e+02   1.9910000e+01  -7.1800000e+00   0.0000000e+00   3.0000000e+00   0.0000000e+00
   3.7200000e+02  -2.9880000e+01  -2.5500000e+00   0.0000000e+00   0.0000000e+00   0.0000000e+00
   3.7300000e+02  -2.0300000e+01   6.2700000e+00   0.0000000e+00   3.0000000e+00   0.0000000e+00
   3.7400000e+02   2.0980000e+01  -1.2520000e+01   0.0000000e+00   3.0000000e+00   0.0000000e+00
   3.7500000e+02   5.4800000e+00  -1.7860000e+01   0.0000000e+00   3.0000000e+00   0.0000000e+00
   3.7600000e+02  -2.6130000e+01  -6.6000000e-01   0.0000000e+00   3.0000000e+00   0.0000000e+00
   3.7700000e+02   2.1700000e+00  -3.0950000e+01   0.0000000e+00   1.0000000e+00   0.0000000e+00
   3.7800000e+02   1.8210000e+01   1.4110000e+01   0.0000000e+00   3.0000000e+00   0.0000000e+00
   3.7900000e+02   2.2020000e+01  -2.5080000e+01   0.0000000e+00   0.0000000e+00   0.0000000e+00
   3.8000000e+02   1.9300000e+01   1.2340000e+01   0.0000000e+00   3.0000000e+00   0.0000000e+00
   3.8100000e+02  -1.6560000e+01  -2.2000000e+01   0.0000000e+00   3.0000000e+00   0.0000000e+00
   3.8200000e+02   3.8100000e+00   2.9640000e+01   0.0000000e+00   0.0000000e+00   0.0000000e+00
   3.8300000e+02   3.2000000e-01   1.8510000e+01   0.0000000e+00   2.0000000e+00   0.0000000e+00
   3.8400000e+02   1.5670000e+01   2.4810000e+01   0.0000000e+00   3.0000000e+00   0.0000000e+00
   3.8500000e+02  -4.3900000e+00   2.1000000e-01   0.0000000e+00   3.0000000e+00   0.0000000e+00
   3.8600000e+02  -6.6700000e+00  -6.9800000e+00   0.0000000e+00   3.0000000e+00   0.0000000e+00
   3.8700000e+02  -7.7200000e+00   3.1030000e+01   0.0000000e+00   1.0000000e+00   0.0000000e+00
   3.8800000e+02   9.1700000e+00   8.3600000e+00   0.0000000e+00   2.0000000e+00   0.0000000e+00
   3.8900000e+02   4.7100000e+00   5.0000000e-01   0.0000000e+00   3.0000000e+00   0.0000000e+00
   3.9000000e+02   2.4150000e+01   2.1480000e+01   0.0000000e+00   3.0000000e+00   0.0000000e+00
   3.9100000e+02  -2.1820000e+01   1.1560000e+01   0.0000000e+00   3.0000000e+00   0.0000000e+00
   3.9200000e+02   6.4000000e+00  -1.5990000e+01   0.0000000e+00   2.0000000e+00   0.0000000e+00
   3.9300000e+02  -2.7150000e+01   1.4960000e+01   0.0000000e+00   0.0000000e+00   0.0000000e+00
   3.9400000e+02  -7.1400000e+00   1.4950000e+01   0.0000000e+00   3.0000000e+00   0.0000000e+00
   3.9500000e+02  -7.1000000e+00   1.7030000e+01   0.0000000e+00   3.0000000e+00   0.0000000e+00
   3.9600000e+02   1.4100000e+00  -2.0990000e+01   0.0000000e+00   2.0000000e+00   0.0000000e+00
   3.9700000e+02   2.2400000e+00   2.2280000e+01   0.0000000e+00   3.0000000e+00   0.0000000e+00
   3.9800000e+02  -1.4970000e+01   4.9600000e+00   0.0000000e+00   3.0000000e+00   0.0000000e+00
   3.9900000e+02  -6.8000000e-01  -3.0230000e+01   0.0000000e+00   1.0000000e+00   0.0000000e+00
   4.0000000e+02  -8.7800000e+00  -1.2030000e+01   0.0000000e+00   3.0000000e+00   0.0000000e+00
   4.0100000e+02  -1.6400000e+01  -1.9920000e+01   0.0000000e+00   3.0000000e+00   0.0000000e+00
   4.0200000e+02  -1.2350000e+01  -1.1820000e+01   0.0000000e+00   3.0000000e+00   0.0000000e+00
   4.0300000e+02   1.4230000e+01   1.0390000e+01   0.0000000e+00   3.0000000e+00   0.0000000e+00
   4.0400000e+02  -4.6000000e-01  -2.3990000e+01   0.0000000e+00   3.0000000e+00   0.0000000e+00
   4.0500000e+02  -1.6160000e+01  -1.5740000e+01   0.0000000e+00   3.0000000e+00   0.0000000e+00
   4.0600000e+02   1.5790000e+01  -3.5000000e+00   0.0000000e+00   2.0000000e+00   0.0000000e+00
   4.0700000e+02  -4.0800000e+00  -2.3790000e+01   0.0000000e+00   3.0000000e+00   0.0000000e+00
   4.0800000e+02   2.1610000e+01   2.2600000e+00   0.0000000e+00   2.0000000e+00   0.0000000e+00
   4.0900000e+02   6.2300000e+00  -2.7400000e+00   0.0000000e+00   3.0000000e+00   0.0000000e+00
   4.1000000e+02   2.7540000e+01   1.2480000e+01   0.0000000e+00   3.0000000e+00   0.0000000e+00
   4.1100000e+02  -2.1220000e+01   2.4030000e+01   0.0000000e+00   1.0000000e+00   0.0000000e+00
   4.1200000e+02  -4.1400000e+00  -2.5890000e+01   0.0000000e+00   3.0000000e+00   0.0000000e+00
   4.1300000e+02  -2.1660000e+01   1.5710000e+01   0.0000000e+00   3.0000000e+00   0.0000000e+00
   4.1400000e+02  -5.3300000e+00   1.5970000e+01   0.0000000e+00   3.0000000e+00   0.0000000e+00
   4.1500000e+02   3.1780000e+01   3.7500000e+00   0.0000000e+00   0.0000000e+00   0.0000000e+00
   4.1600000e+02   2.5200000e+01   2.3280000e+01   0.0000000e+00   0.0000000e+00   0.0000000e+00
   4.1700000e+02  -1.0350000e+01   2.5420000e+01   0.0000000e+00   2.0000000e+00   0.0000000e+00
   4.1800000e+02  -6.8400000e+00   2.1390000e+01   0.0000000e+00   2.0000000e+00   0.0000000e+00
   4.1900000e+02  -5.3700000e+00   1.3890000e+01   0.0000000e+00   3.0000000e+00   0.0000000e+00
   4.2000000e+02  -7.6700000e+00  -2.3590000e+01   0.0000000e+00   3.0000000e+00   0.0000000e+00
   4.2100000e+02   7.4800000e+00  -2.5180000e+01   0.0000000e+00   3.0000000e+00   0.0000000e+00
   4.2200000e+02  -1.0370000e+01  -8.8200000e+00   0.0000000e+00   3.0000000e+00   0.0000000e+00
   4.2300000e+02   1.1200000e+01   7.9400000e+00   0.0000000e+00   2.0000000e+00   0.0000000e+00
   4.2400000e+02  -8.3800000e+00  -5.8000000e+00   0.0000000e+00   3.0000000e+00   0.0000000e+00
   4.2500000e+02   1.1640000e+01  -2.5150000e+01   0.0000000e+00   3.0000000e+00   0.0000000e+00
   4.2600000e+02   1.5790000e+01  -1.4320000e+01   0.0000000e+00   3.0000000e+00   0.0000000e+00
   4.2700000e+02   2.2500000e+00  -8.6300000e+00   0.0000000e+00   3.0000000e+00   0.0000000e+00
   4.2800000e+02  -1.7770000e+01  -1.2540000e+01   0.0000000e+00   3.0000000e+00   0.0000000e+00
   4.2900000e+02  -1.8260000e+01  -2.0820000e+01   0.0000000e+00   3.0000000e+00   0.0000000e+00
   4.3000000e+02  -9.9800000e+00  -2.5800000e+00   0.0000000e+00   3.0000000e+00   0.0000000e+00
   4.3100000e+02   1.9940000e+01  -1.7880000e+01   0.0000000e+00   3.0000000e+00   0.0000000e+00
   4.3200000e+02   3.7900000e+00   9.8900000e+00   0.0000000e+00   2.0000000e+00   0.0000000e+00
   4.3300000e+02  -2.3910000e+01   6.4800000e+00   0.0000000e+00   3.0000000e+00   0.0000000e+00
   4.3400000e+02  -7.5600000e+00  -2.1520000e+01   0.0000000e+00   3.0000000e+00   0.0000000e+00
   4.3500000e+02  -3.0000000e-01  -1.9830000e+01   0.0000000e+00   3.0000000e+00   0.0000000e+00
   4.3600000e+02  -2.2790000e+01  -4.9900000e+00   0.0000000e+00   3.0000000e+00   0.0000000e+00
   4.3700000e+02  -1.8140000e+01   1.3400000e+01   0.0000000e+00   3.0000000e+00   0.0000000e+00
   4.3800000e+02   2.4750000e+01   6.8200000e+00   0.0000000e+00   2.0000000e+00   0.0000000e+00
   4.3900000e+02  -2.9700000e+00  -5.1100000e+00   0.0000000e+00   3.0000000e+00   0.0000000e+00
   4.4000000e+02   2.0280000e+01   1.4150000e+01   0.0000000e+00   3.0000000e+00   0.0000000e+00
   4.4100000e+02  -1.6000000e-01  -1.7780000e+01   0.0000000e+00   3.0000000e+00   0.0000000e+00
   4.4200000e+02   1.2040000e+01   1.9600000e+00   0.0000000e+00   3.0000000e+00   0.0000000e+00
   4.4300000e+02  -1.5070000e+01  -2.7300000e+01   0.0000000e+00   0.0000000e+00   0.0000000e+00
   4.4400000e+02  -1.9070000e+01  -3.1200000e+00   0.0000000e+00   3.0000000e+00   0.0000000e+00
   4.4500000e+02  -2.3900000e+00  -2.7010000e+01   0.0000000e+00   3.0000000e+00   0.0000000e+00
   4.4600000e+02   5.4900000e+00  -2.1550000e+01   0.0000000e+00   3.0000000e+00   0.0000000e+00
   4.4700000e+02  -1.1580000e+01  -2.9640000e+01   0.0000000e+00   0.0000000e+00   0.0000000e+00
   4.4800000e+02  -1.7050000e+01  -1.2000000e-01   0.0000000e+00   3.0000000e+00   0.0000000e+00
   4.4900000e+02  -1.4030000e+01   2.3580000e+01   0.0000000e+00   3.0000000e+00   0.0000000e+00
   4.5000000e+02   2.8140000e+01   4.9600000e+00   0.0000000e+00   2.0000000e+00   0.0000000e+00
   4.5100000e+02   9.4000000e+00   2.4530000e+01   0.0000000e+00   3.0000000e+00   0.0000000e+00
   4.5200000e+02  -2.8900000e+01  -1.1940000e+01   0.0000000e+00   0.0000000e+00   0.0000000e+00
   4.5300000e+02  -2.0550000e+01   2.1400000e+00   0.0000000e+00   3.0000000e+00   0.0000000e+00
   4.5400000e+02  -2.9390000e+01   5.7200000e+00   0.0000000e+00   3.0000000e+00   0.0000000e+00
   4.5500000e+02  -2.3340000e+01  -1.5360000e+01   0.0000000e+00   3.0000000e+00   0.0000000e+00
   4.5600000e+02  -2.1100000e+00  -2.0790000e+01   0.0000000e+00   3.0000000e+00   0.0000000e+00
   4.5700000e+02   1.0110000e+01   1.0180000e+01   0.0000000e+00   2.0000000e+00   0.0000000e+00
   4.5800000e+02   2.3050000e+01  -1.9630000e+01   0.0000000e+00   3.0000000e+00   0.0000000e+00
   4.5900000e+02  -1.6840000e+01   4.0200000e+00   0.0000000e+00   3.0000000e+00   0.0000000e+00
   4.6000000e+02  -2.2300000e+00  -2.2890000e+01   0.0000000e+00   3.0000000e+00   0.0000000e+00
   4.6100000e+02  -1.2470000e+01  -1.3880000e+01   0.0000000e+00   3.0000000e+00   0.0000000e+00
   4.6200000e+02   2.2230000e+01   1.7810000e+01   0.0000000e+00   3.0000000e+00   0.0000000e+00
   4.6300000e+02   3.1500000e+00   3.7300000e+00   0.0000000e+00   3.0000000e+00   0.0000000e+00
   4.6400000e+02  -1.7520000e+01   2.5850000e+01   0.0000000e+00   3.0000000e+00   0.0000000e+00
   4.6500000e+02  -2.5300000e+00   1.0800000e+00   0.0000000e+00   3.0000000e+00   0.0000000e+00
   4.6600000e+02  -2.3270000e+01  -1.3270000e+01   0.0000000e+00   3.0000000e+00   0.0000000e+00
   4.6700000e+02  -2.0270000e+01  -2.3880000e+01   0.0000000e+00   3.0000000e+00   0.0000000e+00
   4.6800000e+02   1.7840000e+01  -7.1600000e+00   0.0000000e+00   3.0000000e+00   0.0000000e+00
   4.6900000e+02   2.1400000e+01   8.7800000e+00   0.0000000e+00   2.0000000e+00   0.0000000e+00
   4.7000000e+02  -2.2390000e+01   1.2000000e+00   0.0000000e+00   3.0000000e+00   0.0000000e+00
   4.7100000e+02   5.7300000e+00   9.0600000e+00   0.0000000e+00   2.0000000e+00   0.0000000e+00
   4.7200000e+02   2.2040000e+01  -2.1450000e+01   0.0000000e+00   3.0000000e+00   0.0000000e+00
   4.7300000e+02  -7.4100000e+00  -1.9410000e+01   0.0000000e+00   3.0000000e+00   0.0000000e+00
   4.7400000e+02  -1.9510000e+01  -1.1410000e+01   0.0000000e+00   3.0000000e+00   0.0000000e+00
   4.7500000e+02   3.0330000e+01  -1.0630000e+01   0.0000000e+00   1.0000000e+00   0.0000000e+00
   4.7600000e+02  -2.1760000e+01   1.3630000e+01   0.0000000e+00   3.0000000e+00   0.0000000e+00
   4.7700000e+02  -1.1130000e+01   2.8470000e+01   0.0000000e+00   0.0000000e+00   0.0000000e+00
   4.7800000e+02   1.5540000e+01   2.8430000e+01   0.0000000e+00   1.0000000e+00   0.0000000e+00
   4.7900000e+02   3.3700000e+00   2.0560000e+01   0.0000000e+00   3.0000000e+00   0.0000000e+00
   4.8000000e+02   7.7900000e+00   9.9100000e+00   0.0000000e+00   2.0000000e+00   0.0000000e+00
   4.8100000e+02  -9.6200000e+00  -2.6600000e+01   0.0000000e+00   3.0000000e+00   0.0000000e+00
   4.8200000e+02  -7.2600000e+00   1.2870000e+01   0.0000000e+00   3.0000000e+00   0.0000000e+00
   4.8300000e+02  -1.4820000e+01  -2.3140000e+01   0.0000000e+00   3.0000000e+00   0.0000000e+00
   4.8400000e+02   2.6200000e+01  -1.7910000e+01   0.0000000e+00   0.0000000e+00   0.0000000e+00
   4.8500000e+02  -1.3240000e+01   3.8200000e+00   0.0000000e+00   3.0000000e+00   0.0000000e+00
   4.8600000e+02   2.2090000e+01   4.3000000e+00   0.0000000e+00   2.0000000e+00   0.0000000e+00
   4.8700000e+02  -1.9100000e+00   1.1450000e+01   0.0000000e+00   2.0000000e+00   0.0000000e+00
   4.8800000e+02   8.6100000e+00   4.2800000e+00   0.0000000e+00   3.0000000e+00   0.0000000e+00
   4.8900000e+02   1.0560000e+01  -8.9200000e+00   0.0000000e+00   2.0000000e+00   0.0000000e+00
   4.9000000e+02  -1.4550000e+01   1.3220000e+01   0.0000000e+00   3.0000000e+00   0.0000000e+00
   4.9100000e+02  -8.6700000e+00   2.9200000e+01   0.0000000e+00   0.0000000e+00   0.0000000e+00
   4.9200000e+02  -6.0900000e+00  -3.1010000e+01   0.0000000e+00   1.0000000e+00   0.0000000e+00
   4.9300000e+02  -5.2000000e+00   2.0100000e+01   0.0000000e+00   2.0000000e+00   0.0000000e+00
   4.9400000e+02   1.0590000e+01  -1.2530000e+01   0.0000000e+00   2.0000000e+00   0.0000000e+00
   4.9500000e+02   5.3000000e-01   1.4970000e+01   0.0000000e+00   2.0000000e+00   0.0000000e+00
   4.9600000e+02   1.3800000e+00   4.9200000e+00   0.0000000e+00   3.0000000e+00   0.0000000e+00
   4.9700000e+02  -1.3800000e+01   2.7710000e+01   0.0000000e+00   2.0000000e+00   0.0000000e+00
   4.9800000e+02  -1.4840000e+01   7.0200000e+00   0.0000000e+00   3.0000000e+00   0.0000000e+00
   4.9900000e+02  -2.1830000e+01  -2.0600000e+01   0.0000000e+00   3.0000000e+00   0.0000000e+00
   5.0000000e+02  -1.1210000e+01   6.8400000e+00   0.0000000e+00   3.0000000e+00   0.0000000e+00
   5.0100000e+02  -3.4000000e-01   2.9370000e+01   0.0000000e+00   3.0000000e+00   0.0000000e+00
   5.0200000e+02   4.4400000e+00  -2.3340000e+01   0.0000000e+00   2.0000000e+00   0.0000000e+00
   5.0300000e+02   3.8900000e+00  -1.1940000e+01   0.0000000e+00   3.0000000e+00   0.0000000e+00
   5.0400000e+02   6.5100000e+00  -2.3340000e+01   0.0000000e+00   3.0000000e+00   0.0000000e+00
   5.0500000e+02  -2.4790000e+01  -8.0300000e+00   0.0000000e+00   3.0000000e+00   0.0000000e+00
   5.0600000e+02   7.8200000e+00  -1.2160000e+01   0.0000000e+00   2.0000000e+00   0.0000000e+00
   5.0700000e+02  -2.5190000e+01  -1.6280000e+01   0.0000000e+00   3.0000000e+00   0.0000000e+00
   5.0800000e+02   1.9960000e+01  -2.1490000e+01   0.0000000e+00   3.0000000e+00   0.0000000e+00
   5.0900000e+02  -2.5420000e+01  -2.0410000e+01   0.0000000e+00   0.0000000e+00   0.0000000e+00
   5.1000000e+02  -2.4300000e+00  -2.9070000e+01   0.0000000e+00   0.0000000e+00   0.0000000e+00
   5.1100000e+02  -9.4500000e+00   2.7280000e+01   0.0000000e+00   2.0000000e+00   0.0000000e+00
   5.1200000e+02  -2.0420000e+01   4.2000000e+00   0.0000000e+00   3.0000000e+00   0.0000000e+00
   5.1300000e+02   1.1660000e+01  -1.7920000e+01   0.0000000e+00   3.0000000e+00   0.0000000e+00
   5.1400000e+02   1.6820000e+01  -1.2520000e+01   0.0000000e+00   3.0000000e+00   0.0000000e+00
   5.1500000e+02   1.4760000e+01  -1.9720000e+01   0.0000000e+00   3.0000000e+00   0.0000000e+00
   5.1600000e+02  -2.1960000e+01   9.4700000e+00   0.0000000e+00   3.0000000e+00   0.0000000e+00
   5.1700000e+02   3.1130000e+01  -4.5000000e-01   0.0000000e+00   0.0000000e+00   0.0000000e+00
   5.1800000e+02   2.7100000e+00   3.1400000e+01   0.0000000e+00   0.0000000e+00   0.0000000e+00
   5.1900000e+02  -2.5400000e+01   1.3800000e+01   0.0000000e+00   3.0000000e+00   0.0000000e+00
   5.2000000e+02   1.1650000e+01  -1.4310000e+01   0.0000000e+00   3.0000000e+00   0.0000000e+00
   5.2100000e+02  -6.0300000e+00  -2.8930000e+01   0.0000000e+00   0.0000000e+00   0.0000000e+00
   5.2200000e+02   1.6970000e+01  -1.7500000e+00   0.0000000e+00   2.0000000e+00   0.0000000e+00
   5.2300000e+02  -3.1400000e+01   2.6300000e+00   0.0000000e+00   3.0000000e+00   0.0000000e+00
   5.2400000e+02   6.4500000e+00  -1.9690000e+01   0.0000000e+00   3.0000000e+00   0.0000000e+00
   5.2500000e+02  -9.2700000e+00  -2.0360000e+01   0.0000000e+00   3.0000000e+00   0.0000000e+00
   5.2600000e+02   2.6940000e+01  -1.1200000e+00   0.0000000e+00   2.0000000e+00   0.0000000e+00
   5.2700000e+02   2.3040000e+01  -1.2510000e+01   0.0000000e+00   3.0000000e+00   0.0000000e+00
   5.2800000e+02   1.2950000e+01   1.5730000e+01   0.0000000e+00   3.0000000e+00   0.0000000e+00
   5.2900000e+02   3.1240000e+01   1.7600000e+00   0.0000000e+00   0.0000000e+00   0.0000000e+00
   5.3000000e+02  -2.7630000e+01   4.5800000e+00   0.0000000e+00   3.0000000e+00   0.0000000e+00
   5.3100000e+02   1.9870000e+01   2.4940000e+01   0.0000000e+00   0.0000000e+00   0.0000000e+00
   5.3200000e+02  -2.3040000e+01  -9.1300000e+00   0.0000000e+00   3.0000000e+00   0.0000000e+00
   5.3300000e+02  -6.5400000e+00  -4.8900000e+00   0.0000000e+00   3.0000000e+00   0.0000000e+00
   5.3400000e+02  -3.0000000e+00   2.3720000e+01   0.0000000e+00   3.0000000e+00   0.0000000e+00
   5.3500000e+02  -1.2500000e+01   1.8290000e+01   0.0000000e+00   3.0000000e+00   0.0000000e+00
   5.3600000e+02  -3.1500000e+00   1.9900000e+01   0.0000000e+00   2.0000000e+00   0.0000000e+00
   5.3700000e+02   2.2060000e+01   2.1420000e+01   0.0000000e+00   3.0000000e+00   0.0000000e+00
   5.3800000e+02  -2.5000000e+01  -1.2140000e+01   0.0000000e+00   3.0000000e+00   0.0000000e+00
   5.3900000e+02  -5.9600000e+00   3.4300000e+00   0.0000000e+00   3.0000000e+00   0.0000000e+00
   5.4000000e+02   4.6900000e+00   1.5250000e+01   0.0000000e+00   3.0000000e+00   0.0000000e+00
   5.4100000e+02  -2.0600000e+00   7.3200000e+00   0.0000000e+00   3.0000000e+00   0.0000000e+00
   5.4200000e+02   1.2490000e+01  -5.2000000e+00   0.0000000e+00   2.0000000e+00   0.0000000e+00
   5.4300000e+02  -5.0700000e+00  -1.0190000e+01   0.0000000e+00   3.0000000e+00   0.0000000e+00
   5.4400000e+02  -1.5680000e+01  -7.4700000e+00   0.0000000e+00   3.0000000e+00   0.0000000e+00
   5.4500000e+02  -2.8200000e+00  -3.0600000e+00   0.0000000e+00   3.0000000e+00   0.0000000e+00
   5.4600000e+02   3.8100000e+00  -1.4060000e+01   0.0000000e+00   2.0000000e+00   0.0000000e+00
   5.4700000e+02  -2.4050000e+01   4.4300000e+00   0.0000000e+00   3.0000000e+00   0.0000000e+00
   5.4800000e+02  -1.5570000e+01  -5.4000000e+00   0.0000000e+00   3.0000000e+00   0.0000000e+00
   5.4900000e+02  -1.7500000e+00   1.8310000e+01   0.0000000e+00   2.0000000e+00   0.0000000e+00
   5.5000000e+02  -2.6290000e+01  -2.7200000e+00   0.0000000e+00   3.0000000e+00   0.0000000e+00
   5.5100000e+02  -9.6100000e+00   3.6300000e+00   0.0000000e+00   3.0000000e+00   0.0000000e+00
   5.5200000e+02  -3.0270000e+01  -8.7500000e+00   0.0000000e+00   1.0000000e+00   0.0000000e+00
   5.5300000e+02  -1.2200000e+01   2.4490000e+01   0.0000000e+00   3.0000000e+00   0.0000000e+00
   5.5400000e+02   1.2650000e+01  -8.9300000e+00   0.0000000e+00   3.0000000e+00   0.0000000e+00
   5.5500000e+02  -9.4000000e-01  -2.1300000e+00   0.0000000e+00   3.0000000e+00   0.0000000e+00
   5.5600000e+02   5.8300000e+00   1.3520000e+01   0.0000000e+00   3.0000000e+00   0.0000000e+00
   5.5700000e+02   1.3720000e+01  -2.5120000e+01   0.0000000e+00   3.0000000e+00   0.0000000e+00
   5.5800000e+02   1.6000000e+00  -1.8920000e+01   0.0000000e+00   2.0000000e+00   0.0000000e+00
   5.5900000e+02  -5.5700000e+00  -1.8470000e+01   0.0000000e+00   3.0000000e+00   0.0000000e+00
   5.6000000e+02  -1.8900000e+00  -1.6630000e+01   0.0000000e+00   3.0000000e+00   0.0000000e+00
   5.6100000e+02   3.2900000e+00   5.7800000e+00   0.0000000e+00   3.0000000e+00   0.0000000e+00
   5.6200000e+02   7.8400000e+00  -5.9500000e+00   0.0000000e+00   2.0000000e+00   0.0000000e+00
   5.6300000e+02  -3.1230000e+01   4.7600000e+00   0.0000000e+00   3.0000000e+00   0.0000000e+00
   5.6400000e+02   1.8340000e+01   1.0330000e+01   0.0000000e+00   2.0000000e+00   0.0000000e+00
   5.6500000e+02  -3.6000000e+00   3.0920000e+01   0.0000000e+00   0.0000000e+00   0.0000000e+00
   5.6600000e+02  -3.7300000e+00  -1.7540000e+01   0.0000000e+00   3.0000000e+00   0.0000000e+00
   5.6700000e+02  -1.9420000e+01  -9.3400000e+00   0.0000000e+00   3.0000000e+00   0.0000000e+00
   5.6800000e+02   1.9200000e+00  -2.7100000e+01   0.0000000e+00   2.0000000e+00   0.0000000e+00
   5.6900000e+02   1.6790000e+01  -5.3500000e+00   0.0000000e+00   3.0000000e+00   0.0000000e+00
   5.7000000e+02  -2.2050000e+01   7.3900000e+00   0.0000000e+00   3.0000000e+00   0.0000000e+00
   5.7100000e+02   1.6840000e+01  -1.6100000e+01   0.0000000e+00   3.0000000e+00   0.0000000e+00
   5.7200000e+02  -8.2500000e+00  -3.7300000e+00   0.0000000e+00   3.0000000e+00   0.0000000e+00
   5.7300000e+02  -9.0100000e+00   1.3980000e+01   0.0000000e+00   3.0000000e+00   0.0000000e+00
   5.7400000e+02   1.7850000e+01  -3.6000000e+00   0.0000000e+00   2.0000000e+00   0.0000000e+00
   5.7500000e+02  -3.1000000e-01   6.1600000e+00   0.0000000e+00   3.0000000e+00   0.0000000e+00
   5.7600000e+02  -3.0900000e+00  -7.1800000e+00   0.0000000e+00   3.0000000e+00   0.0000000e+00
   5.7700000e+02  -3.7600000e+00   1.0570000e+01   0.0000000e+00   3.0000000e+00   0.0000000e+00
   5.7800000e+02   1.9800000e+00  -1.2730000e+01   0.0000000e+00   3.0000000e+00   0.0000000e+00
   5.7900000e+02  -3.6000000e+00  -1.5480000e+01   0.0000000e+00   3.0000000e+00   0.0000000e+00
   5.8000000e+02   1.1810000e+01   1.7440000e+01   0.0000000e+00   3.0000000e+00   0.0000000e+00
   5.8100000e+02   8.8300000e+00   6.3300000e+00   0.0000000e+00   2.0000000e+00   0.0000000e+00
   5.8200000e+02   1.2290000e+01   4.0400000e+00   0.0000000e+00   3.0000000e+00   0.0000000e+00
   5.8300000e+02   1.8750000e+01   2.6700000e+01   0.0000000e+00   1.0000000e+00   0.0000000e+00
   5.8400000e+02   2.6150000e+01  -1.0680000e+01   0.0000000e+00   3.0000000e+00   0.0000000e+00
   5.8500000e+02   1.3980000e+01   2.7400000e+00   0.0000000e+00   3.0000000e+00   0.0000000e+00
   5.8600000e+02  -1.4340000e+01   1.7340000e+01   0.0000000e+00   3.0000000e+00   0.0000000e+00
   5.8700000e+02  -3.6000000e+00   1.2810000e+01   0.0000000e+00   2.0000000e+00   0.0000000e+00
   5.8800000e+02  -9.2400000e+00   9.8400000e+00   0.0000000e+00   3.0000000e+00   0.0000000e+00
   5.8900000e+02  -1.8930000e+01  -1.0500000e+00   0.0000000e+00   3.0000000e+00   0.0000000e+00
   5.9000000e+02  -1.5540000e+01   2.8850000e+01   0.0000000e+00   0.0000000e+00   0.0000000e+00
   5.9100000e+02   1.4770000e+01  -1.6110000e+01   0.0000000e+00   3.0000000e+00   0.0000000e+00
   5.9200000e+02  -2.3510000e+01   1.4790000e+01   0.0000000e+00   3.0000000e+00   0.0000000e+00
   5.9300000e+02   2.0090000e+01   4.8900000e+00   0.0000000e+00   2.0000000e+00   0.0000000e+00
   5.9400000e+02  -1.1000000e-01   8.3500000e+00   0.0000000e+00   2.0000000e+00   0.0000000e+00
   5.9500000e+02   8.2800000e+00   1.9000000e-01   0.0000000e+00   3.0000000e+00   0.0000000e+00
   5.9600000e+02  -3.9500000e+00  -2.1720000e+01   0.0000000e+00   3.0000000e+00   0.0000000e+00
   5.9700000e+02   1.7200000e+00   1.3220000e+01   0.0000000e+00   2.0000000e+00   0.0000000e+00
   5.9800000e+02   2.3430000e+01   1.2410000e+01   0.0000000e+00   3.0000000e+00   0.0000000e+00
   5.9900000e+02  -1.6200000e+00  -1.2490000e+01   0.0000000e+00   3.0000000e+00   0.0000000e+00
   6.0000000e+02   1.0380000e+01   2.6410000e+01   0.0000000e+00   3.0000000e+00   0.0000000e+00
   6.0100000e+02   1.8910000e+01  -1.6090000e+01   0.0000000e+00   3.0000000e+00   0.0000000e+00
   6.0200000e+02   1.7000000e+01   1.9460000e+01   0.0000000e+00   3.0000000e+00   0.0000000e+00
   6.0300000e+02   1.3710000e+01  -1.4310000e+01   0.0000000e+00   3.0000000e+00   0.0000000e+00
   6.0400000e+02  -8.7500000e+00   2.2230000e+01   0.0000000e+00   2.0000000e+00   0.0000000e+00
   6.0500000e+02   3.1230000e+01  -4.4800000e+00   0.0000000e+00   0.0000000e+00   0.0000000e+00
   6.0600000e+02   7.4600000e+00  -1.4240000e+01   0.0000000e+00   2.0000000e+00   0.0000000e+00
   6.0700000e+02   2.5260000e+01   1.9710000e+01   0.0000000e+00   0.0000000e+00   0.0000000e+00
   6.0800000e+02  -2.2520000e+01  -8.7000000e-01   0.0000000e+00   3.0000000e+00   0.0000000e+00
   6.0900000e+02   1.3720000e+01  -2.1530000e+01   0.0000000e+00   3.0000000e+00   0.0000000e+00
   6.1000000e+02   1.1330000e+01   2.8240000e+01   0.0000000e+00   0.0000000e+00   0.0000000e+00
   6.1100000e+02  -1.4960000e+01  -2.5230000e+01   0.0000000e+00   3.0000000e+00   0.0000000e+00
   6.1200000e+02   2.6100000e+01  -7.0900000e+00   0.0000000e+00   3.0000000e+00   0.0000000e+00
   6.1300000e+02  -1.4690000e+01  -2.1070000e+01   0.0000000e+00   3.0000000e+00   0.0000000e+00
   6.1400000e+02   6.9400000e+00   1.1780000e+01   0.0000000e+00   2.0000000e+00   0.0000000e+00
   6.1500000e+02  -3.0170000e+01  -6.6900000e+00   0.0000000e+00   0.0000000e+00   0.0000000e+00
   6.1600000e+02   4.5100000e+00  -1.5600000e+00   0.0000000e+00   3.0000000e+00   0.0000000e+00
   6.1700000e+02  -1.9750000e+01   1.8700000e+01   0.0000000e+00   3.0000000e+00   0.0000000e+00
   6.1800000e+02  -5.3700000e+00   2.7200000e+01   0.0000000e+00   3.0000000e+00   0.0000000e+00
   6.1900000e+02  -6.9100000e+00  -1.1110000e+01   0.0000000e+00   3.0000000e+00   0.0000000e+00
   6.2000000e+02  -1.2590000e+01  -1.5980000e+01   0.0000000e+00   3.0000000e+00   0.0000000e+00
   6.2100000e+02   2.4420000e+01   1.4240000e+01   0.0000000e+00   3.0000000e+00   0.0000000e+00
   6.2200000e+02  -1.0880000e+01   1.3040000e+01   0.0000000e+00   3.0000000e+00   0.0000000e+00
   6.2300000e+02   1.5000000e+00   3.3130000e+01   0.0000000e+00   1.0000000e+00   0.0000000e+00
   6.2400000e+02   1.5370000e+01   8.6300000e+00   0.0000000e+00   2.0000000e+00   0.0000000e+00
   6.2500000e+02   2.9270000e+01  -1.2480000e+01   0.0000000e+00   0.0000000e+00   0.0000000e+00
   6.2600000e+02   6.7300000e+00   3.4700000e+00   0.0000000e+00   3.0000000e+00   0.0000000e+00
   6.2700000e+02  -1.4190000e+01  -1.2760000e+01   0.0000000e+00   3.0000000e+00   0.0000000e+00
   6.2800000e+02   1.4690000e+01   2.2960000e+01   0.0000000e+00   3.0000000e+00   0.0000000e+00
   6.2900000e+02  -1.7560000e+01  -8.4000000e+00   0.0000000e+00   3.0000000e+00   0.0000000e+00
   6.3000000e+02  -2.1170000e+01  -8.2200000e+00   0.0000000e+00   3.0000000e+00   0.0000000e+00
   6.3100000e+02   2.4040000e+01  -7.1300000e+00   0.0000000e+00   3.0000000e+00   0.0000000e+00
   6.3200000e+02   1.2660000e+01  -1.2500000e+01   0.0000000e+00   3.0000000e+00   0.0000000e+00
   6.3300000e+02   4.5400000e+00   1.8860000e+01   0.0000000e+00   3.0000000e+00   0.0000000e+00
   6.3400000e+02   1.0610000e+01  -1.6090000e+01   0.0000000e+00   3.0000000e+00   0.0000000e+00
   6.3500000e+02  -1.9610000e+01  -1.3470000e+01   0.0000000e+00   3.0000000e+00   0.0000000e+00
   6.3600000e+02   1.3700000e+01  -1.0710000e+01   0.0000000e+00   3.0000000e+00   0.0000000e+00
   6.3700000e+02   7.5400000e+00  -2.1550000e+01   0.0000000e+00   3.0000000e+00   0.0000000e+00
   6.3800000e+02   1.4280000e+01   4.7700000e+00   0.0000000e+00   2.0000000e+00   0.0000000e+00
   6.3900000e+02  -2.3000000e+00  -2.4960000e+01   0.0000000e+00   3.0000000e+00   0.0000000e+00
   6.4000000e+02   2.2940000e+01  -1.2300000e+00   0.0000000e+00   2.0000000e+00   0.0000000e+00
   6.4100000e+02   1.1830000e+01  -2.5300000e+00   0.0000000e+00   2.0000000e+00   0.0000000e+00
   6.4200000e+02   9.6100000e+00   2.0950000e+01   0.0000000e+00   3.0000000e+00   0.0000000e+00
   6.4300000e+02  -1.8700000e+01   3.0600000e+00   0.0000000e+00   3.0000000e+00   0.0000000e+00
   6.4400000e+02  -1.4900000e+00   3.1070000e+01   0.0000000e+00   3.0000000e+00   0.0000000e+00
   6.4500000e+02  -1.5230000e+01   8.2000000e-01   0.0000000e+00   3.0000000e+00   0.0000000e+00
   6.4600000e+02  -2.7380000e+01   8.7400000e+00   0.0000000e+00   3.0000000e+00   0.0000000e+00
   6.4700000e+02   2.1980000e+01  -7.1600000e+00   0.0000000e+00   3.0000000e+00   0.0000000e+00
   6.4800000e+02   2.3230000e+01   8.5000000e-01   0.0000000e+00   2.0000000e+00   0.0000000e+00
   6.4900000e+02  -2.3830000e+01  -2.3680000e+01   0.0000000e+00   0.0000000e+00   0.0000000e+00
   6.5000000e+02  -2.7750000e+01   2.5200000e+00   0.0000000e+00   3.0000000e+00   0.0000000e+00
   6.5100000e+02   1.2100000e+00  -2.9130000e+01   0.0000000e+00   0.0000000e+00   0.0000000e+00
   6.5200000e+02   2.1990000e+01  -1.0730000e+01   0.0000000e+00   3.0000000e+00   0.0000000e+00
   6.5300000e+02  -2.5790000e+01   5.5400000e+00   0.0000000e+00   3.0000000e+00   0.0000000e+00
   6.5400000e+02  -2.2640000e+01  -2.9300000e+00   0.0000000e+00   3.0000000e+00   0.0000000e+00
   6.5500000e+02  -1.0570000e+01   2.1290000e+01   0.0000000e+00   3.0000000e+00   0.0000000e+00
   6.5600000e+02  -2.7280000e+01   1.0810000e+01   0.0000000e+00   3.0000000e+00   0.0000000e+00
   6.5700000e+02  -1.8140000e+01  -1.8760000e+01   0.0000000e+00   3.0000000e+00   0.0000000e+00
   6.5800000e+02   1.7840000e+01  -1.0720000e+01   0.0000000e+00   3.0000000e+00   0.0000000e+00
   6.5900000e+02  -1.6670000e+01  -2.4070000e+01   0.0000000e+00   3.0000000e+00   0.0000000e+00
   6.6000000e+02   1.1660000e+01  -2.1520000e+01   0.0000000e+00   3.0000000e+00   0.0000000e+00
   6.6100000e+02   7.8900000e+00   1.3640000e+01   0.0000000e+00   3.0000000e+00   0.0000000e+00
   6.6200000e+02  -3.5300000e+00   1.4940000e+01   0.0000000e+00   2.0000000e+00   0.0000000e+00
   6.6300000e+02  -1.8050000e+01   1.5470000e+01   0.0000000e+00   3.0000000e+00   0.0000000e+00
   6.6400000e+02  -1.0090000e+01  -4.6600000e+00   0.0000000e+00   3.0000000e+00   0.0000000e+00
   6.6500000e+02   2.2700000e+01   6.4600000e+00   0.0000000e+00   2.0000000e+00   0.0000000e+00
   6.6600000e+02  -2.1490000e+01  -1.4410000e+01   0.0000000e+00   3.0000000e+00   0.0000000e+00
   6.6700000e+02   2.4130000e+01  -1.7890000e+01   0.0000000e+00   3.0000000e+00   0.0000000e+00
   6.6800000e+02   5.4100000e+00  -2.5160000e+01   0.0000000e+00   3.0000000e+00   0.0000000e+00
   6.6900000e+02  -3.4100000e+00   1.7020000e+01   0.0000000e+00   2.0000000e+00   0.0000000e+00
   6.7000000e+02  -2.5100000e+01  -1.4230000e+01   0.0000000e+00   3.0000000e+00   0.0000000e+00
   6.7100000e+02   1.3750000e+01   2.1120000e+01   0.0000000e+00   3.0000000e+00   0.0000000e+00
   6.7200000e+02  -1.4540000e+01  -1.9010000e+01   0.0000000e+00   3.0000000e+00   0.0000000e+00
   6.7300000e+02  -2.8250000e+01  -5.7400000e+00   0.0000000e+00   3.0000000e+00   0.0000000e+00
   6.7400000e+02  -1.8570000e+01   5.1500000e+00   0.0000000e+00   3.0000000e+00   0.0000000e+00
   6.7500000e+02  -4.0600000e+00   4.3700000e+00   0.0000000e+00   3.0000000e+00   0.0000000e+00
   6.7600000e+02  -1.2070000e+01  -7.6800000e+00   0.0000000e+00   3.0000000e+00   0.0000000e+00
   6.7700000e+02  -9.7600000e+00  -3.0720000e+01   0.0000000e+00   1.0000000e+00   0.0000000e+00
   6.7800000e+02  -1.9910000e+01   1.4560000e+01   0.0000000e+00   3.0000000e+00   0.0000000e+00
   6.7900000e+02   1.3690000e+01   7.1000000e-01   0.0000000e+00   3.0000000e+00   0.0000000e+00
   6.8000000e+02   2.0960000e+01  -1.6070000e+01   0.0000000e+00   3.0000000e+00   0.0000000e+00
   6.8100000e+02   3.8000000e-01  -9.5200000e+00   0.0000000e+00   3.0000000e+00   0.0000000e+00
   6.8200000e+02   9.5400000e+00  -1.4300000e+01   0.0000000e+00   2.0000000e+00   0.0000000e+00
   6.8300000e+02  -9.2000000e-01   2.0180000e+01   0.0000000e+00   2.0000000e+00   0.0000000e+00
   6.8400000e+02  -2.3690000e+01   1.0630000e+01   0.0000000e+00   3.0000000e+00   0.0000000e+00
   6.8500000e+02  -2.4160000e+01   2.3500000e+00   0.0000000e+00   3.0000000e+00   0.0000000e+00
   6.8600000e+02   3.5100000e+00   7.8400000e+00   0.0000000e+00   2.0000000e+00   0.0000000e+00
   6.8700000e+02   1.2680000e+01  -1.6130000e+01   0.0000000e+00   3.0000000e+00   0.0000000e+00
   6.8800000e+02   8.3300000e+00   2.6290000e+01   0.0000000e+00   3.0000000e+00   0.0000000e+00
   6.8900000e+02  -2.5520000e+01   9.6800000e+00   0.0000000e+00   3.0000000e+00   0.0000000e+00
   6.9000000e+02   2.5090000e+01  -8.9000000e+00   0.0000000e+00   3.0000000e+00   0.0000000e+00
   6.9100000e+02   3.0130000e+01  -2.6500000e+00   0.0000000e+00   0.0000000e+00   0.0000000e+00
   6.9200000e+02  -1.0760000e+01  -1.5050000e+01   0.0000000e+00   3.0000000e+00   0.0000000e+00
   6.9300000e+02   2.3020000e+01  -8.9400000e+00   0.0000000e+00   3.0000000e+00   0.0000000e+00
   6.9400000e+02   2.8840000e+01   6.8900000e+00   0.0000000e+00   3.0000000e+00   0.0000000e+00
   6.9500000e+02  -1.2240000e+01  -9.7400000e+00   0.0000000e+00   3.0000000e+00   0.0000000e+00
   6.9600000e+02  -2.6020000e+01   1.4200000e+00   0.0000000e+00   3.0000000e+00   0.0000000e+00
   6.9700000e+02   2.3000000e+01  -5.3600000e+00   0.0000000e+00   3.0000000e+00   0.0000000e+00
   6.9800000e+02   1.7850000e+01  -1.4320000e+01   0.0000000e+00   3.0000000e+00   0.0000000e+00
   6.9900000e+02   2.4520000e+01   1.0610000e+01   0.0000000e+00   2.0000000e+00   0.0000000e+00
   7.0000000e+02  -3.8500000e+00  -1.9640000e+01   0.0000000e+00   3.0000000e+00   0.0000000e+00
   7.0100000e+02  -2.6850000e+01  -1.3060000e+01   0.0000000e+00   0.0000000e+00   0.0000000e+00
   7.0200000e+02   1.5770000e+01  -7.1500000e+00   0.0000000e+00   3.0000000e+00   0.0000000e+00
   7.0300000e+02  -2.8150000e+01  -3.6700000e+00   0.0000000e+00   3.0000000e+00   0.0000000e+00
   7.0400000e+02   1.8570000e+01   6.3500000e+00   0.0000000e+00   2.0000000e+00   0.0000000e+00
   7.0500000e+02  -2.1610000e+01  -1.6460000e+01   0.0000000e+00   3.0000000e+00   0.0000000e+00
   7.0600000e+02  -2.8360000e+01  -7.8100000e+00   0.0000000e+00   0.0000000e+00   0.0000000e+00
   7.0700000e+02  -1.9400000e+00   9.3700000e+00   0.0000000e+00   3.0000000e+00   0.0000000e+00
   7.0800000e+02  -1.8010000e+01  -1.6700000e+01   0.0000000e+00   3.0000000e+00   0.0000000e+00
   7.0900000e+02  -2.4540000e+01  -3.9000000e+00   0.0000000e+00   3.0000000e+00   0.0000000e+00
   7.1000000e+02   1.1460000e+01   2.4640000e+01   0.0000000e+00   3.0000000e+00   0.0000000e+00
   7.1100000e+02  -1.3790000e+01  -6.5500000e+00   0.0000000e+00   3.0000000e+00   0.0000000e+00
   7.1200000e+02   1.1630000e+01  -7.1000000e+00   0.0000000e+00   2.0000000e+00   0.0000000e+00
   7.1300000e+02   2.1950000e+01   2.5050000e+01   0.0000000e+00   0.0000000e+00   0.0000000e+00
   7.1400000e+02  -7.4100000e+00   2.7020000e+01   0.0000000e+00   2.0000000e+00   0.0000000e+00
   7.1500000e+02   1.3100000e+00   2.0430000e+01   0.0000000e+00   3.0000000e+00   0.0000000e+00
   7.1600000e+02   5.1000000e-01  -7.4500000e+00   0.0000000e+00   3.0000000e+00   0.0000000e+00
   7.1700000e+02  -9.4700000e+00   5.6900000e+00   0.0000000e+00   3.0000000e+00   0.0000000e+00
   7.1800000e+02   2.6580000e+01   1.4340000e+01   0.0000000e+00   3.0000000e+00   0.0000000e+00
   7.1900000e+02  -4.2000000e+00  -2.7990000e+01   0.0000000e+00   3.0000000e+00   0.0000000e+00
   7.2000000e+02   1.0140000e+01   1.0500000e+00   0.0000000e+00   3.0000000e+00   0.0000000e+00
   7.2100000e+02  -1.6210000e+01   1.6410000e+01   0.0000000e+00   3.0000000e+00   0.0000000e+00
   7.2200000e+02   8.4900000e+00  -3.0640000e+01   0.0000000e+00   0.0000000e+00   0.0000000e+00
   7.2300000e+02  -1.2320000e+01   2.2420000e+01   0.0000000e+00   3.0000000e+00   0.0000000e+00
   7.2400000e+02  -8.8900000e+00  -1.4110000e+01   0.0000000e+00   3.0000000e+00   0.0000000e+00
   7.2500000e+02  -1.4450000e+01  -1.6880000e+01   0.0000000e+00   3.0000000e+00   0.0000000e+00
   7.2600000e+02  -1.2980000e+01   7.9400000e+00   0.0000000e+00   3.0000000e+00   0.0000000e+00
   7.2700000e+02  -7.7200000e+00   4.5600000e+00   0.0000000e+00   3.0000000e+00   0.0000000e+00
   7.2800000e+02   1.8600000e+00   9.1200000e+00   0.0000000e+00   3.0000000e+00   0.0000000e+00
   7.2900000e+02   1.6800000e+00  -1.6840000e+01   0.0000000e+00   2.0000000e+00   0.0000000e+00
   7.3000000e+02  -1.6800000e+01  -2.6150000e+01   0.0000000e+00   0.0000000e+00   0.0000000e+00
   7.3100000e+02   2.8240000e+01  -7.0500000e+00   0.0000000e+00   2.0000000e+00   0.0000000e+00
   7.3200000e+02  -2.0200000e+01   8.3200000e+00   0.0000000e+00   3.0000000e+00   0.0000000e+00
   7.3300000e+02   2.5110000e+01  -1.2490000e+01   0.0000000e+00   3.0000000e+00   0.0000000e+00
   7.3400000e+02   1.0630000e+01  -2.6940000e+01   0.0000000e+00   3.0000000e+00   0.0000000e+00
   7.3500000e+02  -1.0620000e+01  -1.2970000e+01   0.0000000e+00   3.0000000e+00   0.0000000e+00
   7.3600000e+02   2.5080000e+01  -5.3000000e+00   0.0000000e+00   3.0000000e+00   0.0000000e+00
   7.3700000e+02   2.7690000e+01   2.9400000e+00   0.0000000e+00   2.0000000e+00   0.0000000e+00
   7.3800000e+02  -1.7890000e+01   1.9610000e+01   0.0000000e+00   3.0000000e+00   0.0000000e+00
   7.3900000e+02  -7.1800000e+00  -1.5250000e+01   0.0000000e+00   3.0000000e+00   0.0000000e+00
   7.4000000e+02  -1.1240000e+01  -2.3420000e+01   0.0000000e+00   3.0000000e+00   0.0000000e+00
   7.4100000e+02  -1.5410000e+01  -3.3200000e+00   0.0000000e+00   3.0000000e+00   0.0000000e+00
   7.4200000e+02   7.0400000e+00   2.8030000e+01   0.0000000e+00   3.0000000e+00   0.0000000e+00
   7.4300000e+02   1.6040000e+01   3.7100000e+00   0.0000000e+00   2.0000000e+00   0.0000000e+00
   7.4400000e+02   1.3930000e+01  -2.8860000e+01   0.0000000e+00   1.0000000e+00   0.0000000e+00
   7.4500000e+02  -5.7900000e+00  -2.2650000e+01   0.0000000e+00   3.0000000e+00   0.0000000e+00
   7.4600000e+02  -1.2560000e+01   1.6230000e+01   0.0000000e+00   3.0000000e+00   0.0000000e+00
   7.4700000e+02  -2.1300000e+00   2.5590000e+01   0.0000000e+00   3.0000000e+00   0.0000000e+00
   7.4800000e+02   1.9600000e+01   2.8600000e+00   0.0000000e+00   2.0000000e+00   0.0000000e+00
   7.4900000e+02   7.7200000e+00  -8.0300000e+00   0.0000000e+00   2.0000000e+00   0.0000000e+00
   7.5000000e+02  -2.6700000e+00  -9.8000000e-01   0.0000000e+00   3.0000000e+00   0.0000000e+00
   7.5100000e+02  -4.5200000e+00   2.9070000e+01   0.0000000e+00   3.0000000e+00   0.0000000e+00
   7.5200000e+02  -6.6000000e+00   2.8950000e+01   0.0000000e+00   0.0000000e+00   0.0000000e+00
   7.5300000e+02  -1.4060000e+01  -1.0680000e+01   0.0000000e+00   3.0000000e+00   0.0000000e+00
   7.5400000e+02   1.3000000e+00  -2.5100000e+01   0.0000000e+00   2.0000000e+00   0.0000000e+00
   7.5500000e+02  -1.1380000e+01   4.7400000e+00   0.0000000e+00   3.0000000e+00   0.0000000e+00
   7.5600000e+02  -1.0650000e+01   1.9240000e+01   0.0000000e+00   3.0000000e+00   0.0000000e+00
   7.5700000e+02   1.1990000e+01   1.3880000e+01   0.0000000e+00   3.0000000e+00   0.0000000e+00
   7.5800000e+02   1.7900000e+01  -2.1490000e+01   0.0000000e+00   3.0000000e+00   0.0000000e+00
   7.5900000e+02  -5.0500000e+00   2.3560000e+01   0.0000000e+00   2.0000000e+00   0.0000000e+00
   7.6000000e+02   2.6260000e+01   2.1530000e+01   0.0000000e+00   0.0000000e+00   0.0000000e+00
   7.6100000e+02   1.4800000e+00   1.6820000e+01   0.0000000e+00   3.0000000e+00   0.0000000e+00
   7.6200000e+02   4.3100000e+00   2.2420000e+01   0.0000000e+00   3.0000000e+00   0.0000000e+00
   7.6300000e+02  -1.2710000e+01   1.4160000e+01   0.0000000e+00   3.0000000e+00   0.0000000e+00
   7.6400000e+02  -5.9000000e+00  -2.4800000e+01   0.0000000e+00   3.0000000e+00   0.0000000e+00
   7.6500000e+02   8.5700000e+00  -2.3360000e+01   0.0000000e+00   3.0000000e+00   0.0000000e+00
   7.6600000e+02   2.9010000e+01  -8.9000000e-01   0.0000000e+00   2.0000000e+00   0.0000000e+00
   7.6700000e+02   1.3130000e+01   1.2130000e+01   0.0000000e+00   3.0000000e+00   0.0000000e+00
   7.6800000e+02  -1.6030000e+01  -1.3690000e+01   0.0000000e+00   3.0000000e+00   0.0000000e+00
   7.6900000e+02   1.5860000e+01   2.1200000e+01   0.0000000e+00   3.0000000e+00   0.0000000e+00
   7.7000000e+02  -6.2200000e+00   2.5320000e+01   0.0000000e+00   3.0000000e+00   0.0000000e+00
   7.7100000e+02  -2.5420000e+01   1.1740000e+01   0.0000000e+00   3.0000000e+00   0.0000000e+00
   7.7200000e+02   8.5700000e+00  -2.7000000e+01   0.0000000e+00   3.0000000e+00   0.0000000e+00
   7.7300000e+02   8.6500000e+00   1.9100000e+01   0.0000000e+00   3.0000000e+00   0.0000000e+00
   7.7400000e+02   2.2000000e+01  -1.7850000e+01   0.0000000e+00   3.0000000e+00   0.0000000e+00
   7.7500000e+02  -2.4400000e+00   2.9230000e+01   0.0000000e+00   3.0000000e+00   0.0000000e+00
   7.7600000e+02   1.5790000e+01  -2.5110000e+01   0.0000000e+00   3.0000000e+00   0.0000000e+00
   7.7700000e+02  -1.3470000e+01  -3.1000000e-01   0.0000000e+00   3.0000000e+00   0.0000000e+00
   7.7800000e+02  -1.3550000e+01  -3.0560000e+01   0.0000000e+00   1.0000000e+00   0.0000000e+00
   7.7900000e+02   6.1400000e+00   2.6170000e+01   0.0000000e+00   3.0000000e+00   0.0000000e+00
   7.8000000e+02   9.6100000e+00  -2.8770000e+01   0.0000000e+00   0.0000000e+00   0.0000000e+00
   7.8100000e+02  -1.1360000e+01  -2.5490000e+01   0.0000000e+00   3.0000000e+00   0.0000000e+00
   7.8200000e+02   1.9180000e+01   1.5930000e+01   0.0000000e+00   3.0000000e+00   0.0000000e+00
   7.8300000e+02  -6.1300000e+00   1.3700000e+00   0.0000000e+00   3.0000000e+00   0.0000000e+00
   7.8400000e+02   1.1070000e+01   1.2000000e+01   0.0000000e+00   3.0000000e+00   0.0000000e+00
   7.8500000e+02   3.2320000e+01   5.7600000e+00   0.0000000e+00   1.0000000e+00   0.0000000e+00
   7.8600000e+02  -3.1790000e+01  -1.5800000e+00   0.0000000e+00   1.0000000e+00   0.0000000e+00
   7.8700000e+02  -2.1900000e+00   5.2600000e+00   0.0000000e+00   3.0000000e+00   0.0000000e+00
   7.8800000e+02  -5.3200000e+00  -1.4350000e+01   0.0000000e+00   3.0000000e+00   0.0000000e+00
   7.8900000e+02   1.2460000e+01   6.1900000e+00   0.0000000e+00   2.0000000e+00   0.0000000e+00
   7.9000000e+02  -1.7380000e+01   2.7920000e+01   0.0000000e+00   0.0000000e+00   0.0000000e+00
   7.9100000e+02   1.5830000e+01  -1.7900000e+01   0.0000000e+00   3.0000000e+00   0.0000000e+00
   7.9200000e+02  -2.1960000e+01  -2.2680000e+01   0.0000000e+00   3.0000000e+00   0.0000000e+00
   7.9300000e+02   2.0970000e+01  -2.3290000e+01   0.0000000e+00   3.0000000e+00   0.0000000e+00
   7.9400000e+02   2.7210000e+01  -1.2470000e+01   0.0000000e+00   3.0000000e+00   0.0000000e+00
   7.9500000e+02   2.0170000e+01   1.7740000e+01   0.0000000e+00   3.0000000e+00   0.0000000e+00
   7.9600000e+02   4.0600000e+00   2.6030000e+01   0.0000000e+00   3.0000000e+00   0.0000000e+00
   7.9700000e+02  -1.2890000e+01   1.0010000e+01   0.0000000e+00   3.0000000e+00   0.0000000e+00
   7.9800000e+02   7.5400000e+00  -1.7920000e+01   0.0000000e+00   3.0000000e+00   0.0000000e+00
   7.9900000e+02   8.0000000e+00   2.9850000e+01   0.0000000e+00   3.0000000e+00   0.0000000e+00
   8.0000000e+02  -2.7280000e+01   1.2890000e+01   0.0000000e+00   0.0000000e+00   0.0000000e+00
   8.0100000e+02   1.0330000e+01  -5.1700000e+00   0.0000000e+00   2.0000000e+00   0.0000000e+00
   8.0200000e+02   1.9070000e+01   1.9510000e+01   0.0000000e+00   3.0000000e+00   0.0000000e+00
   8.0300000e+02   2.4970000e+01  -1.7000000e+00   0.0000000e+00   2.0000000e+00   0.0000000e+00
   8.0400000e+02   1.4730000e+01  -8.9200000e+00   0.0000000e+00   3.0000000e+00   0.0000000e+00
   8.0500000e+02  -2.1600000e+01   1.7780000e+01   0.0000000e+00   3.0000000e+00   0.0000000e+00
   8.0600000e+02   2.6360000e+01   1.7900000e+01   0.0000000e+00   0.0000000e+00   0.0000000e+00
   8.0700000e+02   1.0730000e+01  -3.0590000e+01   0.0000000e+00   1.0000000e+00   0.0000000e+00
   8.0800000e+02  -2.9130000e+01   9.8500000e+00   0.0000000e+00   0.0000000e+00   0.0000000e+00
   8.0900000e+02   1.6830000e+01  -2.6890000e+01   0.0000000e+00   3.0000000e+00   0.0000000e+00
   8.1000000e+02  -2.3590000e+01  -1.9480000e+01   0.0000000e+00   3.0000000e+00   0.0000000e+00
   8.1100000e+02  -1.8820000e+01   1.0000000e+00   0.0000000e+00   3.0000000e+00   0.0000000e+00
   8.1200000e+02  -1.8390000e+01  -2.2930000e+01   0.0000000e+00   3.0000000e+00   0.0000000e+00
   8.1300000e+02  -1.7400000e+00  -1.4570000e+01   0.0000000e+00   3.0000000e+00   0.0000000e+00
   8.1400000e+02  -2.8000000e-01   1.2700000e+01   0.0000000e+00   2.0000000e+00   0.0000000e+00
   8.1500000e+02  -9.7000000e+00  -2.8660000e+01   0.0000000e+00   0.0000000e+00   0.0000000e+00
   8.1600000e+02  -1.0800000e+00  -4.2000000e+00   0.0000000e+00   3.0000000e+00   0.0000000e+00
   8.1700000e+02  -7.0000000e-02   2.5750000e+01   0.0000000e+00   3.0000000e+00   0.0000000e+00
   8.1800000e+02  -2.5080000e+01   2.0120000e+01   0.0000000e+00   0.0000000e+00   0.0000000e+00
   8.1900000e+02   2.7470000e+01  -1.9680000e+01   0.0000000e+00   1.0000000e+00   0.0000000e+00
   8.2000000e+02  -2.1450000e+01   1.9870000e+01   0.0000000e+00   3.0000000e+00   0.0000000e+00
   8.2100000e+02   6.5900000e+00   1.8980000e+01   0.0000000e+00   3.0000000e+00   0.0000000e+00
   8.2200000e+02   3.0740000e+01   1.0560000e+01   0.0000000e+00   0.0000000e+00   0.0000000e+00
   8.2300000e+02  -2.5660000e+01   7.6100000e+00   0.0000000e+00   3.0000000e+00   0.0000000e+00
   8.2400000e+02   1.1100000e+00   2.4010000e+01   0.0000000e+00   3.0000000e+00   0.0000000e+00
   8.2500000e+02   1.7600000e+01   2.3300000e+00   0.0000000e+00   3.0000000e+00   0.0000000e+00
   8.2600000e+02   2.3600000e+00  -6.5500000e+00   0.0000000e+00   3.0000000e+00   0.0000000e+00
   8.2700000e+02  -3.0060000e+01  -4.6200000e+00   0.0000000e+00   3.0000000e+00   0.0000000e+00
   8.2800000e+02   9.9400000e+00   1.3760000e+01   0.0000000e+00   3.0000000e+00   0.0000000e+00
   8.2900000e+02   2.9570000e+01   8.8700000e+00   0.0000000e+00   2.0000000e+00   0.0000000e+00
   8.3000000e+02   1.2170000e+01   1.0240000e+01   0.0000000e+00   3.0000000e+00   0.0000000e+00
   8.3100000e+02  -1.5000000e+00  -1.0380000e+01   0.0000000e+00   3.0000000e+00   0.0000000e+00
   8.3200000e+02  -2.3430000e+01   1.6840000e+01   0.0000000e+00   3.0000000e+00   0.0000000e+00
   8.3300000e+02   1.7910000e+01   2.1300000e+01   0.0000000e+00   3.0000000e+00   0.0000000e+00
   8.3400000e+02   4.9500000e+00   2.7920000e+01   0.0000000e+00   3.0000000e+00   0.0000000e+00
   8.3500000e+02  -1.5300000e+01  -1.2500000e+00   0.0000000e+00   3.0000000e+00   0.0000000e+00
   8.3600000e+02   1.4440000e+01   6.8100000e+00   0.0000000e+00   2.0000000e+00   0.0000000e+00
   8.3700000e+02   4.2100000e+00  -3.0600000e+01   0.0000000e+00   0.0000000e+00   0.0000000e+00
   8.3800000e+02   2.7900000e+00  -3.8000000e-01   0.0000000e+00   3.0000000e+00   0.0000000e+00
   8.3900000e+02  -2.6960000e+01   1.9170000e+01   0.0000000e+00   1.0000000e+00   0.0000000e+00
   8.4000000e+02   2.9270000e+01   1.1800000e+00   0.0000000e+00   2.0000000e+00   0.0000000e+00
   8.4100000e+02  -2.3270000e+01   2.1150000e+01   0.0000000e+00   3.0000000e+00   0.0000000e+00
   8.4200000e+02  -1.9590000e+01   2.0770000e+01   0.0000000e+00   3.0000000e+00   0.0000000e+00
   8.4300000e+02  -1.5910000e+01  -1.1610000e+01   0.0000000e+00   3.0000000e+00   0.0000000e+00
   8.4400000e+02  -1.8530000e+01  -2.4990000e+01   0.0000000e+00   0.0000000e+00   0.0000000e+00
   8.4500000e+02   2.4800000e+00  -4.4900000e+00   0.0000000e+00   3.0000000e+00   0.0000000e+00
   8.4600000e+02  -6.2400000e+00  -7.3000000e-01   0.0000000e+00   3.0000000e+00   0.0000000e+00
   8.4700000e+02  -2.8050000e+01  -1.6000000e+00   0.0000000e+00   3.0000000e+00   0.0000000e+00
   8.4800000e+02  -1.2960000e+01  -2.2240000e+01   0.0000000e+00   3.0000000e+00   0.0000000e+00
   8.4900000e+02  -2.0660000e+01   8.0000000e-02   0.0000000e+00   3.0000000e+00   0.0000000e+00
   8.5000000e+02  -6.6000000e-01   2.0100000e+00   0.0000000e+00   3.0000000e+00   0.0000000e+00
   8.5100000e+02   9.8300000e+00  -3.0900000e+00   0.0000000e+00   2.0000000e+00   0.0000000e+00
   8.5200000e+02  -1.9980000e+01   1.2490000e+01   0.0000000e+00   3.0000000e+00   0.0000000e+00
   8.5300000e+02   2.4100000e+01  -2.1450000e+01   0.0000000e+00   0.0000000e+00   0.0000000e+00
   8.5400000e+02  -2.0400000e+01  -2.5950000e+01   0.0000000e+00   0.0000000e+00   0.0000000e+00
   8.5500000e+02   1.0880000e+01   1.5610000e+01   0.0000000e+00   3.0000000e+00   0.0000000e+00
   8.5600000e+02  -7.0500000e+00  -1.3180000e+01   0.0000000e+00   3.0000000e+00   0.0000000e+00
   8.5700000e+02  -1.1470000e+01  -2.7550000e+01   0.0000000e+00   3.0000000e+00   0.0000000e+00
   8.5800000e+02  -7.4900000e+00   8.7200000e+00   0.0000000e+00   3.0000000e+00   0.0000000e+00
   8.5900000e+02  -2.6980000e+01  -1.5120000e+01   0.0000000e+00   0.0000000e+00   0.0000000e+00
   8.6000000e+02   5.2800000e+00   6.7700000e+00   0.0000000e+00   2.0000000e+00   0.0000000e+00
   8.6100000e+02  -4.7400000e+00   3.2670000e+01   0.0000000e+00   1.0000000e+00   0.0000000e+00
   8.6200000e+02  -2.4410000e+01  -1.8400000e+00   0.0000000e+00   3.0000000e+00   0.0000000e+00
   8.6300000e+02  -2.7150000e+01  -1.9270000e+01   0.0000000e+00   1.0000000e+00   0.0000000e+00
   8.6400000e+02  -1.8330000e+01   9.3000000e+00   0.0000000e+00   3.0000000e+00   0.0000000e+00
   8.6500000e+02   2.0370000e+01   1.0580000e+01   0.0000000e+00   2.0000000e+00   0.0000000e+00
   8.6600000e+02  -1.2200000e+00   2.7470000e+01   0.0000000e+00   3.0000000e+00   0.0000000e+00
   8.6700000e+02   3.4300000e+00  -1.7930000e+01   0.0000000e+00   2.0000000e+00   0.0000000e+00
   8.6800000e+02  -4.9400000e+00  -8.1000000e+00   0.0000000e+00   3.0000000e+00   0.0000000e+00
   8.6900000e+02   1.4760000e+01  -2.6930000e+01   0.0000000e+00   0.0000000e+00   0.0000000e+00
   8.7000000e+02  -1.3370000e+01  -2.8460000e+01   0.0000000e+00   0.0000000e+00   0.0000000e+00
   8.7100000e+02   2.6130000e+01   4.4800000e+00   0.0000000e+00   2.0000000e+00   0.0000000e+00
   8.7200000e+02   2.1050000e+01  -2.6910000e+01   0.0000000e+00   1.0000000e+00   0.0000000e+00
   8.7300000e+02  -2.9180000e+01   1.1960000e+01   0.0000000e+00   0.0000000e+00   0.0000000e+00
   8.7400000e+02   1.9900000e+01  -3.5900000e+00   0.0000000e+00   2.0000000e+00   0.0000000e+00
   8.7500000e+02   4.3700000e+00  -3.6400000e+00   0.0000000e+00   3.0000000e+00   0.0000000e+00
   8.7600000e+02   1.8890000e+01  -8.9500000e+00   0.0000000e+00   3.0000000e+00   0.0000000e+00
   8.7700000e+02   1.8870000e+01   2.3130000e+01   0.0000000e+00   3.0000000e+00   0.0000000e+00
   8.7800000e+02  -1.6000000e+01   2.0550000e+01   0.0000000e+00   3.0000000e+00   0.0000000e+00
   8.7900000e+02   2.3200000e+01   1.9620000e+01   0.0000000e+00   3.0000000e+00   0.0000000e+00
   8.8000000e+02  -1.8670000e+01  -2.7060000e+01   0.0000000e+00   1.0000000e+00   0.0000000e+00
   8.8100000e+02   2.5220000e+01   3.4000000e-01   0.0000000e+00   2.0000000e+00   0.0000000e+00
   8.8200000e+02  -7.7700000e+00  -2.5650000e+01   0.0000000e+00   3.0000000e+00   0.0000000e+00
   8.8300000e+02   3.0250000e+01  -6.4000000e+00   0.0000000e+00   0.0000000e+00   0.0000000e+00
   8.8400000e+02  -1.0710000e+01   1.7170000e+01   0.0000000e+00   3.0000000e+00   0.0000000e+00
   8.8500000e+02   1.3600000e+01   2.4710000e+01   0.0000000e+00   3.0000000e+00   0.0000000e+00
   8.8600000e+02   2.5160000e+01  -1.6110000e+01   0.0000000e+00   3.0000000e+00   0.0000000e+00
   8.8700000e+02   1.5010000e+01   1.5800000e+01   0.0000000e+00   3.0000000e+00   0.0000000e+00
   8.8800000e+02  -1.5780000e+01   2.4710000e+01   0.0000000e+00   3.0000000e+00   0.0000000e+00
   8.8900000e+02  -1.1850000e+01  -3.5300000e+00   0.0000000e+00   3.0000000e+00   0.0000000e+00
   8.9000000e+02   1.9900000e+00   2.5860000e+01   0.0000000e+00   3.0000000e+00   0.0000000e+00
   8.9100000e+02  -9.3600000e+00   7.7600000e+00   0.0000000e+00   3.0000000e+00   0.0000000e+00
   8.9200000e+02   1.1670000e+01   2.1020000e+01   0.0000000e+00   3.0000000e+00   0.0000000e+00
   8.9300000e+02  -5.6800000e+00   7.5500000e+00   0.0000000e+00   3.0000000e+00   0.0000000e+00
   8.9400000e+02   6.9300000e+00   5.5100000e+00   0.0000000e+00   3.0000000e+00   0.0000000e+00
   8.9500000e+02  -9.0200000e+00  -1.6190000e+01   0.0000000e+00   3.0000000e+00   0.0000000e+00
   8.9600000e+02  -2.7030000e+01   1.7040000e+01   0.0000000e+00   0.0000000e+00   0.0000000e+00
   8.9700000e+02  -8.1100000e+00  -1.6200000e+00   0.0000000e+00   3.0000000e+00   0.0000000e+00
   8.9800000e+02  -9.5100000e+00  -2.4540000e+01   0.0000000e+00   3.0000000e+00   0.0000000e+00
   8.9900000e+02   1.6780000e+01   2.3080000e+01   0.0000000e+00   3.0000000e+00   0.0000000e+00
