   0.0000000e+00   7.7800000e+00   1.0000000e+00   0.0000000e+00   3.0000000e+00   0.0000000e+00
   1.0000000e+00   5.8300000e+00   1.3940000e+01   0.0000000e+00   3.0000000e+00   0.0000000e+00
   2.0000000e+00  -2.2950000e+01  -4.0900000e+00   0.0000000e+00   2.0000000e+00   0.0000000e+00
   3.0000000e+00   1.3310000e+01   2.0700000e+00   0.0000000e+00   3.0000000e+00   0.0000000e+00
   4.0000000e+00   7.5800000e+00  -1.1130000e+01   0.0000000e+00   3.0000000e+00   0.0000000e+00
   5.0000000e+00   4.4700000e+00  -1.7910000e+01   0.0000000e+00   3.0000000e+00   0.0000000e+00
   6.0000000e+00   3.1330000e+01  -7.4100000e+00   0.0000000e+00   1.0000000e+00   0.0000000e+00
   7.0000000e+00   1.4870000e+01   1.6700000e+01   0.0000000e+00   2.0000000e+00   0.0000000e+00
   8.0000000e+00  -2.8300000e+00   2.1590000e+01   0.0000000e+00   3.0000000e+00   0.0000000e+00
   9.0000000e+00   2.6850000e+01   3.0000000e-02   0.0000000e+00   3.0000000e+00   0.0000000e+00
   1.0000000e+01   2.9470000e+01   7.9700000e+00   0.0000000e+00   0.0000000e+00   0.0000000e+00
   1.1000000e+01  -2.1970000e+01  -5.9100000e+00   0.0000000e+00   3.0000000e+00   0.0000000e+00
   1.2000000e+01  -2.6360000e+01  -1.2930000e+01   0.0000000e+00   3.0000000e+00   0.0000000e+00
   1.3000000e+01  -9.7800000e+00   2.8270000e+01   0.0000000e+00   0.0000000e+00   0.0000000e+00
   1.4000000e+01  -2.3490000e+01   2.9000000e+00   0.0000000e+00   3.0000000e+00   0.0000000e+00
   1.5000000e+01  -1.3190000e+01  -2.2310000e+01   0.0000000e+00   3.0000000e+00   0.0000000e+00
   1.6000000e+01  -1.5650000e+01  -6.0300000e+00   0.0000000e+00   3.0000000e+00   0.0000000e+00
   1.7000000e+01   1.2440000e+01  -1.3750000e+01   0.0000000e+00   3.0000000e+00   0.0000000e+00
   1.8000000e+01   2.1430000e+01  -1.6970000e+01   0.0000000e+00   3.0000000e+00   0.0000000e+00
   1.9000000e+01  -2.3280000e+01  -1.4810000e+01   0.0000000e+00   3.0000000e+00   0.0000000e+00
   2.0000000e+01  -7.3000000e-01  -2.6210000e+01   0.0000000e+00   3.0000000e+00   0.0000000e+00
   2.1000000e+01  -1.4030000e+01  -1.6880000e+01   0.0000000e+00   3.0000000e+00   0.0000000e+00
   2.2000000e+01  -2.6180000e+01   2.1700000e+01   0.0000000e+00   0.0000000e+00   0.0000000e+00
   2.3000000e+01  -1.0990000e+01  -1.8770000e+01   0.0000000e+00   3.0000000e+00   0.0000000e+00
   2.4000000e+01  -1.1600000e+01   2.5070000e+01   0.0000000e+00   3.0000000e+00   0.0000000e+00
   2.5000000e+01   1.8060000e+01  -1.8260000e+01   0.0000000e+00   3.0000000e+00   0.0000000e+00
   2.6000000e+01   2.2520000e+01  -9.8400000e+00   0.0000000e+00   3.0000000e+00   0.0000000e+00
   2.7000000e+01  -5.4300000e+00   3.9800000e+00   0.0000000e+00   3.0000000e+00   0.0000000e+00
   2.8000000e+01  -7.1500000e+00   5.1300000e+00   0.0000000e+00   3.0000000e+00   0.0000000e+00
   2.9000000e+01  -1.0820000e+01   3.1900000e+00   0.0000000e+00   3.0000000e+00   0.0000000e+00
   3.0000000e+01  -2.0970000e+01   1.6210000e+01   0.0000000e+00   3.0000000e+00   0.0000000e+00
   3.1000000e+01   2.2950000e+01  -2.0880000e+01   0.0000000e+00   0.0000000e+00   0.0000000e+00
   3.2000000e+01   1.6810000e+01   1.9700000e+01   0.0000000e+00   2.0000000e+00   0.0000000e+00
   3.3000000e+01  -1.2390000e+01   8.4600000e+00   0.0000000e+00   3.0000000e+00   0.0000000e+00
   3.4000000e+01  -1.9480000e+01  -2.5710000e+01   0.0000000e+00   0.0000000e+00   0.0000000e+00
   3.5000000e+01  -1.3810000e+01   1.5860000e+01   0.0000000e+00   3.0000000e+00   0.0000000e+00
   3.6000000e+01  -2.2480000e+01  -2.0210000e+01   0.0000000e+00   3.0000000e+00   0.0000000e+00
   3.7000000e+01   2.3630000e+01  -2.6900000e+00   0.0000000e+00   0.0000000e+00   0.0000000e+00
   3.8000000e+01  -2.1740000e+01   1.7700000e+00   0.0000000e+00   3.0000000e+00   0.0000000e+00
   3.9000000e+01  -8.1000000e+00   2.2920000e+01   0.0000000e+00   3.0000000e+00   0.0000000e+00
   4.0000000e+01   2.2180000e+01  -1.8910000e+01   0.0000000e+00   3.0000000e+00   0.0000000e+00
   4.1000000e+01   8.7000000e+00  -2.4060000e+01   0.0000000e+00   3.0000000e+00   0.0000000e+00
   4.2000000e+01   6.3000000e+00  -1.2750000e+01   0.0000000e+00   2.0000000e+00   0.0000000e+00
   4.3000000e+01   1.0390000e+01  -1.3410000e+01   0.0000000e+00   3.0000000e+00   0.0000000e+00
   4.4000000e+01  -2.4730000e+01  -3.0300000e+00   0.0000000e+00   2.0000000e+00   0.0000000e+00
   4.5000000e+01   6.1700000e+00   2.2210000e+01   0.0000000e+00   3.0000000e+00   0.0000000e+00
   4.6000000e+01  -2.9390000e+01   3.0000000e-02   0.0000000e+00   0.0000000e+00   0.0000000e+00
   4.7000000e+01   6.3400000e+00   2.6400000e+01   0.0000000e+00   3.0000000e+00   0.0000000e+00
   4.8000000e+01  -1.5160000e+01   2.5240000e+01   0.0000000e+00   3.0000000e+00   0.0000000e+00
   4.9000000e+01   9.3800000e+00   1.1690000e+01   0.0000000e+00   3.0000000e+00   0.0000000e+00
   5.0000000e+01  -1.6500000e+00  -1.7290000e+01   0.0000000e+00   3.0000000e+00   0.0000000e+00
   5.1000000e+01  -5.6300000e+00  -1.3490000e+01   0.0000000e+00   3.0000000e+00   0.0000000e+00
   5.2000000e+01   1.4120000e+01  -3.1100000e+00   0.0000000e+00   2.0000000e+00   0.0000000e+00
   5.3000000e+01  -8.0300000e+00  -2.4290000e+01   0.0000000e+00   3.0000000e+00   0.0000000e+00
   5.4000000e+01   2.2300000e+00   1.4070000e+01   0.0000000e+00   3.0000000e+00   0.0000000e+00
   5.5000000e+01   3.0790000e+01   1.1910000e+01   0.0000000e+00   1.0000000e+00   0.0000000e+00
   5.6000000e+01   2.4030000e+01   8.6000000e+00   0.0000000e+00   3.0000000e+00   0.0000000e+00
   5.7000000e+01   1.8410000e+01   1.4620000e+01   0.0000000e+00   2.0000000e+00   0.0000000e+00
   5.8000000e+01  -1.1700000e+00   1.8390000e+01   0.0000000e+00   3.0000000e+00   0.0000000e+00
   5.9000000e+01   2.9250000e+01  -7.2500000e+00   0.0000000e+00   0.0000000e+00   0.0000000e+00
   6.0000000e+01  -4.0800000e+00  -4.4200000e+00   0.0000000e+00   3.0000000e+00   0.0000000e+00
   6.1000000e+01  -1.3060000e+01  -1.8710000e+01   0.0000000e+00   3.0000000e+00   0.0000000e+00
   6.2000000e+01   3.3000000e+00  -2.5550000e+01   0.0000000e+00   2.0000000e+00   0.0000000e+00
   6.3000000e+01   2.4110000e+01   3.1200000e+00   0.0000000e+00   3.0000000e+00   0.0000000e+00
   6.4000000e+01  -2.8520000e+01   1.0350000e+01   0.0000000e+00   3.0000000e+00   0.0000000e+00
   6.5000000e+01   1.7490000e+01  -2.1800000e+01   0.0000000e+00   3.0000000e+00   0.0000000e+00
   6.6000000e+01  -2.8600000e+00  -2.6240000e+01   0.0000000e+00   3.0000000e+00   0.0000000e+00
   6.7000000e+01   2.2290000e+01  -4.3600000e+00   0.0000000e+00   3.0000000e+00   0.0000000e+00
   6.8000000e+01   9.7600000e+00   2.2100000e+01   0.0000000e+00   3.0000000e+00   0.0000000e+00
   6.9000000e+01  -1.0760000e+01   5.2400000e+00   0.0000000e+00   3.0000000e+00   0.0000000e+00
   7.0000000e+01   1.6730000e+01  -1.9870000e+01   0.0000000e+00   3.0000000e+00   0.0000000e+00
   7.1000000e+01  -2.6800000e+01  -2.9600000e+00   0.0000000e+00   2.0000000e+00   0.0000000e+00
   7.2000000e+01   8.1000000e-01   2.3510000e+01   0.0000000e+00   3.0000000e+00   0.0000000e+00
   7.3000000e+01  -2.0770000e+01   2.0330000e+01   0.0000000e+00   3.0000000e+00   0.0000000e+00
   7.4000000e+01   1.4880000e+01  -5.0600000e+00   0.0000000e+00   3.0000000e+00   0.0000000e+00
   7.5000000e+01  -1.6400000e+00   8.0100000e+00   0.0000000e+00   3.0000000e+00   0.0000000e+00
   7.6000000e+01  -1.5340000e+01   2.1110000e+01   0.0000000e+00   3.0000000e+00   0.0000000e+00
   7.7000000e+01  -1.1980000e+01  -1.6960000e+01   0.0000000e+00   3.0000000e+00   0.0000000e+00
   7.8000000e+01   1.6510000e+01   9.4100000e+00   0.0000000e+00   2.0000000e+00   0.0000000e+00
   7.9000000e+01   6.4600000e+00   3.0630000e+01   0.0000000e+00   0.0000000e+00   0.0000000e+00
   8.0000000e+01  -2.4930000e+01   1.0190000e+01   0.0000000e+00   3.0000000e+00   0.0000000e+00
   8.1000000e+01  -2.5500000e+01  -2.3000000e-01   0.0000000e+00   2.0000000e+00   0.0000000e+00
   8.2000000e+01  -2.4170000e+01  -9.4100000e+00   0.0000000e+00   3.0000000e+00   0.0000000e+00
   8.3000000e+01  -6.7900000e+00   1.3410000e+01   0.0000000e+00   3.0000000e+00   0.0000000e+00
   8.4000000e+01   9.8800000e+00   2.6320000e+01   0.0000000e+00   3.0000000e+00   0.0000000e+00
   8.5000000e+01  -3.9200000e+00  -2.4420000e+01   0.0000000e+00   3.0000000e+00   0.0000000e+00
   8.6000000e+01  -4.2300000e+00   3.1190000e+01   0.0000000e+00   1.0000000e+00   0.0000000e+00
   8.7000000e+01  -6.9800000e+00   9.2700000e+00   0.0000000e+00   3.0000000e+00   0.0000000e+00
   8.8000000e+01  -2.4170000e+01   2.4690000e+01   0.0000000e+00   1.0000000e+00   0.0000000e+00
   8.9000000e+01  -6.9000000e+00   1.1350000e+01   0.0000000e+00   3.0000000e+00   0.0000000e+00
   9.0000000e+01  -2.9010000e+01  -6.4400000e+00   0.0000000e+00   3.0000000e+00   0.0000000e+00
   9.1000000e+01   2.5120000e+01  -6.6500000e+00   0.0000000e+00   3.0000000e+00   0.0000000e+00
   9.2000000e+01  -1.4560000e+01  -7.2000000e-01   0.0000000e+00   2.0000000e+00   0.0000000e+00
   9.3000000e+01   1.8960000e+01   1.6610000e+01   0.0000000e+00   2.0000000e+00   0.0000000e+00
   9.4000000e+01   3.8700000e+00   1.0870000e+01   0.0000000e+00   3.0000000e+00   0.0000000e+00
   9.5000000e+01  -4.9300000e+00   1.4370000e+01   0.0000000e+00   3.0000000e+00   0.0000000e+00
   9.6000000e+01   1.6650000e+01   3.4100000e+00   0.0000000e+00   2.0000000e+00   0.0000000e+00
   9.7000000e+01   2.1010000e+01   1.7120000e+01   0.0000000e+00   3.0000000e+00   0.0000000e+00
   9.8000000e+01   2.5890000e+01  -8.5500000e+00   0.0000000e+00   3.0000000e+00   0.0000000e+00
   9.9000000e+01  -1.4220000e+01  -2.4100000e+01   0.0000000e+00   3.0000000e+00   0.0000000e+00
   1.0000000e+02  -2.0370000e+01  -2.0270000e+01   0.0000000e+00   3.0000000e+00   0.0000000e+00
   1.0100000e+02   3.1580000e+01   8.3600000e+00   0.0000000e+00   1.0000000e+00   0.0000000e+00
   1.0200000e+02  -2.4050000e+01  -5.8400000e+00   0.0000000e+00   2.0000000e+00   0.0000000e+00
   1.0300000e+02   2.8190000e+01   3.9700000e+00   0.0000000e+00   3.0000000e+00   0.0000000e+00
   1.0400000e+02   2.6420000e+01  -5.0500000e+00   0.0000000e+00   3.0000000e+00   0.0000000e+00
   1.0500000e+02   2.2730000e+01  -1.5330000e+01   0.0000000e+00   3.0000000e+00   0.0000000e+00
   1.0600000e+02   1.1720000e+01  -1.1810000e+01   0.0000000e+00   3.0000000e+00   0.0000000e+00
   1.0700000e+02   2.9700000e+00  -1.0340000e+01   0.0000000e+00   2.0000000e+00   0.0000000e+00
   1.0800000e+02  -1.6290000e+01   2.4800000e+00   0.0000000e+00   3.0000000e+00   0.0000000e+00
   1.0900000e+02   7.6000000e-01   2.1450000e+01   0.0000000e+00   3.0000000e+00   0.0000000e+00
   1.1000000e+02   2.3370000e+01   6.6000000e+00   0.0000000e+00   3.0000000e+00   0.0000000e+00
   1.1100000e+02  -2.4900000e+00   1.1800000e+00   0.0000000e+00   2.0000000e+00   0.0000000e+00
   1.1200000e+02  -2.1310000e+01  -1.8440000e+01   0.0000000e+00   3.0000000e+00   0.0000000e+00
   1.1300000e+02   2.3070000e+01   2.3560000e+01   0.0000000e+00   0.0000000e+00   0.0000000e+00
   1.1400000e+02   2.4860000e+01  -5.6000000e-01   0.0000000e+00   0.0000000e+00   0.0000000e+00
   1.1500000e+02   3.1750000e+01  -2.7300000e+00   0.0000000e+00   0.0000000e+00   0.0000000e+00
   1.1600000e+02   7.1900000e+00  -7.2700000e+00   0.0000000e+00   2.0000000e+00   0.0000000e+00
   1.1700000e+02   3.0220000e+01   4.4300000e+00   0.0000000e+00   0.0000000e+00   0.0000000e+00
   1.1800000e+02  -1.2450000e+01  -4.0500000e+00   0.0000000e+00   2.0000000e+00   0.0000000e+00
   1.1900000e+02   8.5600000e+00  -1.8590000e+01   0.0000000e+00   3.0000000e+00   0.0000000e+00
   1.2000000e+02   2.1240000e+01   1.1660000e+01   0.0000000e+00   2.0000000e+00   0.0000000e+00
   1.2100000e+02   2.8570000e+01   1.7170000e+01   0.0000000e+00   1.0000000e+00   0.0000000e+00
   1.2200000e+02   3.9000000e+00  -2.9450000e+01   0.0000000e+00   2.0000000e+00   0.0000000e+00
   1.2300000e+02   2.7440000e+01  -1.2400000e+01   0.0000000e+00   0.0000000e+00   0.0000000e+00
   1.2400000e+02   1.8590000e+01  -1.4720000e+01   0.0000000e+00   3.0000000e+00   0.0000000e+00
   1.2500000e+02  -6.1600000e+00   2.8060000e+01   0.0000000e+00   3.0000000e+00   0.0000000e+00
   1.2600000e+02   1.2830000e+01  -2.4710000e+01   0.0000000e+00   3.0000000e+00   0.0000000e+00
   1.2700000e+02  -1.5640000e+01   1.4910000e+01   0.0000000e+00   3.0000000e+00   0.0000000e+00
   1.2800000e+02  -3.2280000e+01  -8.0800000e+00   0.0000000e+00   1.0000000e+00   0.0000000e+00
   1.2900000e+02  -2.6890000e+01   7.1800000e+00   0.0000000e+00   3.0000000e+00   0.0000000e+00
   1.3000000e+02   1.7200000e+00  -1.2040000e+01   0.0000000e+00   3.0000000e+00   0.0000000e+00
   1.3100000e+02  -7.0700000e+00   7.2000000e+00   0.0000000e+00   3.0000000e+00   0.0000000e+00
   1.3200000e+02   1.5600000e+01   6.5800000e+00   0.0000000e+00   2.0000000e+00   0.0000000e+00
   1.3300000e+02   2.1790000e+01  -7.9000000e+00   0.0000000e+00   3.0000000e+00   0.0000000e+00
   1.3400000e+02  -8.0300000e+00   2.4990000e+01   0.0000000e+00   3.0000000e+00   0.0000000e+00
   1.3500000e+02   1.2830000e+01  -1.4500000e+00   0.0000000e+00   2.0000000e+00   0.0000000e+00
   1.3600000e+02   6.2300000e+00  -2.8320000e+01   0.0000000e+00   2.0000000e+00   0.0000000e+00
   1.3700000e+02  -7.9000000e+00   2.9180000e+01   0.0000000e+00   0.0000000e+00   0.0000000e+00
   1.3800000e+02   2.3730000e+01  -2.2880000e+01   0.0000000e+00   0.0000000e+00   0.0000000e+00
   1.3900000e+02   8.2600000e+00   3.1660000e+01   0.0000000e+00   1.0000000e+00   0.0000000e+00
   1.4000000e+02   1.1700000e+00  -1.9980000e+01   0.0000000e+00   1.0000000e+00   0.0000000e+00
   1.4100000e+02  -4.3000000e+00  -8.0700000e+00   0.0000000e+00   3.0000000e+00   0.0000000e+00
   1.4200000e+02   1.3760000e+01  -1.2130000e+01   0.0000000e+00   3.0000000e+00   0.0000000e+00
   1.4300000e+02  -1.2610000e+01   4.3300000e+00   0.0000000e+00   3.0000000e+00   0.0000000e+00
   1.4400000e+02  -3.0930000e+01  -2.7900000e+00   0.0000000e+00   0.0000000e+00   0.0000000e+00
   1.4500000e+02   5.9400000e+00   5.7200000e+00   0.0000000e+00   2.0000000e+00   0.0000000e+00
   1.4600000e+02   2.8700000e+01   1.1500000e+01   0.0000000e+00   0.0000000e+00   0.0000000e+00
   1.4700000e+02  -1.9670000e+01   6.8300000e+00   0.0000000e+00   3.0000000e+00   0.0000000e+00
   1.4800000e+02  -1.1490000e+01   2.9410000e+01   0.0000000e+00   0.0000000e+00   0.0000000e+00
   1.4900000e+02  -1.0980000e+01  -1.1800000e+00   0.0000000e+00   2.0000000e+00   0.0000000e+00
   1.5000000e+02  -2.5500000e+01  -1.8340000e+01   0.0000000e+00   3.0000000e+00   0.0000000e+00
   1.5100000e+02   1.1490000e+01   2.0940000e+01   0.0000000e+00   3.0000000e+00   0.0000000e+00
   1.5200000e+02  -8.6200000e+00  -1.1480000e+01   0.0000000e+00   3.0000000e+00   0.0000000e+00
   1.5300000e+02  -2.2300000e+01  -1.6630000e+01   0.0000000e+00   3.0000000e+00   0.0000000e+00
   1.5400000e+02  -1.4990000e+01  -1.5060000e+01   0.0000000e+00   3.0000000e+00   0.0000000e+00
   1.5500000e+02   7.4000000e-01  -1.0230000e+01   0.0000000e+00   3.0000000e+00   0.0000000e+00
   1.5600000e+02   2.5670000e+01   2.0210000e+01   0.0000000e+00   0.0000000e+00   0.0000000e+00
   1.5700000e+02  -2.4900000e+00   2.9990000e+01   0.0000000e+00   0.0000000e+00   0.0000000e+00
   1.5800000e+02   1.2270000e+01  -2.8290000e+01   0.0000000e+00   0.0000000e+00   0.0000000e+00
   1.5900000e+02   1.7300000e+01  -1.6330000e+01   0.0000000e+00   3.0000000e+00   0.0000000e+00
   1.6000000e+02   1.7200000e+01   1.7680000e+01   0.0000000e+00   2.0000000e+00   0.0000000e+00
   1.6100000e+02   1.7490000e+01  -1.7700000e+00   0.0000000e+00   3.0000000e+00   0.0000000e+00
   1.6200000e+02   8.3500000e+00  -1.3080000e+01   0.0000000e+00   3.0000000e+00   0.0000000e+00
   1.6300000e+02  -2.1540000e+01   5.8900000e+00   0.0000000e+00   3.0000000e+00   0.0000000e+00
   1.6400000e+02  -1.1980000e+01   1.6820000e+01   0.0000000e+00   3.0000000e+00   0.0000000e+00
   1.6500000e+02  -1.3430000e+01   2.4120000e+01   0.0000000e+00   3.0000000e+00   0.0000000e+00
   1.6600000e+02   5.7500000e+00   1.3600000e+00   0.0000000e+00   2.0000000e+00   0.0000000e+00
   1.6700000e+02  -3.8500000e+00  -2.0780000e+01   0.0000000e+00   3.0000000e+00   0.0000000e+00
   1.6800000e+02   2.3100000e+00   1.6160000e+01   0.0000000e+00   3.0000000e+00   0.0000000e+00
   1.6900000e+02   1.9050000e+01   2.4700000e+01   0.0000000e+00   0.0000000e+00   0.0000000e+00
   1.7000000e+02   2.5100000e+01  -2.1250000e+01   0.0000000e+00   1.0000000e+00   0.0000000e+00
   1.7100000e+02   2.5270000e+01   1.2550000e+01   0.0000000e+00   3.0000000e+00   0.0000000e+00
   1.7200000e+02  -1.8160000e+01  -1.6760000e+01   0.0000000e+00   3.0000000e+00   0.0000000e+00
   1.7300000e+02  -1.5400000e+00   1.0080000e+01   0.0000000e+00   3.0000000e+00   0.0000000e+00
   1.7400000e+02   2.4900000e+00   2.0350000e+01   0.0000000e+00   3.0000000e+00   0.0000000e+00
   1.7500000e+02  -1.0800000e+00   2.0450000e+01   0.0000000e+00   3.0000000e+00   0.0000000e+00
   1.7600000e+02   1.7860000e+01  -1.2750000e+01   0.0000000e+00   3.0000000e+00   0.0000000e+00
   1.7700000e+02   1.8700000e+01   1.1390000e+01   0.0000000e+00   2.0000000e+00   0.0000000e+00
   1.7800000e+02  -7.5100000e+00  -9.7100000e+00   0.0000000e+00   3.0000000e+00   0.0000000e+00
   1.7900000e+02  -7.0300000e+00  -2.9810000e+01   0.0000000e+00   3.0000000e+00   0.0000000e+00
   1.8000000e+02   2.7000000e+01   1.8640000e+01   0.0000000e+00   0.0000000e+00   0.0000000e+00
   1.8100000e+02   9.5600000e+00   1.7910000e+01   0.0000000e+00   3.0000000e+00   0.0000000e+00
   1.8200000e+02  -1.7890000e+01  -9.5800000e+00   0.0000000e+00   3.0000000e+00   0.0000000e+00
   1.8300000e+02   2.7200000e+00  -1.3990000e+01   0.0000000e+00   3.0000000e+00   0.0000000e+00
   1.8400000e+02  -1.1510000e+01  -5.9900000e+00   0.0000000e+00   3.0000000e+00   0.0000000e+00
   1.8500000e+02  -6.4800000e+00   1.9640000e+01   0.0000000e+00   3.0000000e+00   0.0000000e+00
   1.8600000e+02  -1.8510000e+01  -2.7540000e+01   0.0000000e+00   1.0000000e+00   0.0000000e+00
   1.8700000e+02   1.6630000e+01   1.3570000e+01   0.0000000e+00   2.0000000e+00   0.0000000e+00
   1.8800000e+02  -8.0800000e+00  -2.7920000e+01   0.0000000e+00   3.0000000e+00   0.0000000e+00
   1.8900000e+02   5.3700000e+00  -2.5380000e+01   0.0000000e+00   2.0000000e+00   0.0000000e+00
   1.9000000e+02  -4.7300000e+00   1.8540000e+01   0.0000000e+00   3.0000000e+00   0.0000000e+00
   1.9100000e+02  -9.9500000e+00   2.1890000e+01   0.0000000e+00   2.0000000e+00   0.0000000e+00
   1.9200000e+02  -2.4320000e+01   2.2610000e+01   0.0000000e+00   0.0000000e+00   0.0000000e+00
   1.9300000e+02   5.9800000e+00   1.8090000e+01   0.0000000e+00   3.0000000e+00   0.0000000e+00
   1.9400000e+02  -2.9570000e+01  -1.4690000e+01   0.0000000e+00   1.0000000e+00   0.0000000e+00
   1.9500000e+02  -6.2700000e+00   2.3900000e+01   0.0000000e+00   2.0000000e+00   0.0000000e+00
   1.9600000e+02   1.7160000e+01   2.5940000e+01   0.0000000e+00   0.0000000e+00   0.0000000e+00
   1.9700000e+02  -7.5000000e-01   2.8870000e+01   0.0000000e+00   3.0000000e+00   0.0000000e+00
   1.9800000e+02  -2.0610000e+01   2.4500000e+01   0.0000000e+00   3.0000000e+00   0.0000000e+00
   1.9900000e+02  -2.8140000e+01   1.6550000e+01   0.0000000e+00   0.0000000e+00   0.0000000e+00
   2.0000000e+02  -2.4550000e+01   1.6370000e+01   0.0000000e+00   3.0000000e+00   0.0000000e+00
   2.0100000e+02   2.0130000e+01  -1.8610000e+01   0.0000000e+00   3.0000000e+00   0.0000000e+00
   2.0200000e+02  -9.8600000e+00   2.4000000e+01   0.0000000e+00   3.0000000e+00   0.0000000e+00
   2.0300000e+02  -1.5850000e+01   1.0750000e+01   0.0000000e+00   3.0000000e+00   0.0000000e+00
   2.0400000e+02   1.1740000e+01   2.7220000e+01   0.0000000e+00   3.0000000e+00   0.0000000e+00
   2.0500000e+02   3.9800000e+00   1.2950000e+01   0.0000000e+00   3.0000000e+00   0.0000000e+00
   2.0600000e+02  -1.3620000e+01   1.9990000e+01   0.0000000e+00   3.0000000e+00   0.0000000e+00
   2.0700000e+02   1.0750000e+01  -1.2200000e+00   0.0000000e+00   3.0000000e+00   0.0000000e+00
   2.0800000e+02   2.5410000e+01   7.0500000e+00   0.0000000e+00   3.0000000e+00   0.0000000e+00
   2.0900000e+02   6.3800000e+00   2.8480000e+01   0.0000000e+00   3.0000000e+00   0.0000000e+00
   2.1000000e+02  -1.8400000e+01  -2.3930000e+01   0.0000000e+00   3.0000000e+00   0.0000000e+00
   2.1100000e+02  -1.5970000e+01  -1.3240000e+01   0.0000000e+00   3.0000000e+00   0.0000000e+00
   2.1200000e+02   1.1560000e+01   2.3080000e+01   0.0000000e+00   3.0000000e+00   0.0000000e+00
   2.1300000e+02   2.5360000e+01  -1.2100000e+01   0.0000000e+00   3.0000000e+00   0.0000000e+00
   2.1400000e+02  -6.2100000e+00   2.5960000e+01   0.0000000e+00   2.0000000e+00   0.0000000e+00
   2.1500000e+02  -1.9770000e+01   4.7600000e+00   0.0000000e+00   3.0000000e+00   0.0000000e+00
   2.1600000e+02  -1.5470000e+01  -2.9430000e+01   0.0000000e+00   1.0000000e+00   0.0000000e+00
   2.1700000e+02   4.0700000e+00   1.5040000e+01   0.0000000e+00   3.0000000e+00   0.0000000e+00
   2.1800000e+02   4.8400000e+00  -1.4210000e+01   0.0000000e+00   2.0000000e+00   0.0000000e+00
   2.1900000e+02  -2.4690000e+01   1.4300000e+01   0.0000000e+00   3.0000000e+00   0.0000000e+00
   2.2000000e+02  -2.5800000e+00  -1.5430000e+01   0.0000000e+00   3.0000000e+00   0.0000000e+00
   2.2100000e+02  -5.7700000e+00  -1.7100000e+01   0.0000000e+00   3.0000000e+00   0.0000000e+00
   2.2200000e+02   2.1110000e+01   2.5170000e+01   0.0000000e+00   1.0000000e+00   0.0000000e+00
   2.2300000e+02   3.8000000e-01   1.3100000e+01   0.0000000e+00   3.0000000e+00   0.0000000e+00
   2.2400000e+02  -2.8600000e+00  -2.2640000e+01   0.0000000e+00   3.0000000e+00   0.0000000e+00
   2.2500000e+02  -2.1850000e+01  -2.9000000e-01   0.0000000e+00   2.0000000e+00   0.0000000e+00
   2.2600000e+02   2.7530000e+01   2.0200000e+00   0.0000000e+00   3.0000000e+00   0.0000000e+00
   2.2700000e+02  -1.2090000e+01   1.4720000e+01   0.0000000e+00   3.0000000e+00   0.0000000e+00
   2.2800000e+02   1.1210000e+01   1.2660000e+01   0.0000000e+00   3.0000000e+00   0.0000000e+00
   2.2900000e+02  -2.5250000e+01   3.9900000e+00   0.0000000e+00   3.0000000e+00   0.0000000e+00
   2.3000000e+02  -1.6100000e+01  -1.6830000e+01   0.0000000e+00   3.0000000e+00   0.0000000e+00
   2.3100000e+02  -3.0600000e+01   5.2900000e+00   0.0000000e+00   3.0000000e+00   0.0000000e+00
   2.3200000e+02  -9.7700000e+00   2.6060000e+01   0.0000000e+00   3.0000000e+00   0.0000000e+00
   2.3300000e+02  -2.4810000e+01   1.2250000e+01   0.0000000e+00   3.0000000e+00   0.0000000e+00
   2.3400000e+02  -8.2800000e+00  -4.2200000e+00   0.0000000e+00   3.0000000e+00   0.0000000e+00
   2.3500000e+02  -9.4400000e+00   3.0580000e+01   0.0000000e+00   1.0000000e+00   0.0000000e+00
   2.3600000e+02  -1.2080000e+01  -2.0520000e+01   0.0000000e+00   3.0000000e+00   0.0000000e+00
   2.3700000e+02  -2.0460000e+01  -2.3880000e+01   0.0000000e+00   0.0000000e+00   0.0000000e+00
   2.3800000e+02   1.4120000e+01  -2.3090000e+01   0.0000000e+00   3.0000000e+00   0.0000000e+00
   2.3900000e+02  -1.9000000e+01  -1.1340000e+01   0.0000000e+00   3.0000000e+00   0.0000000e+00
   2.4000000e+02   2.4580000e+01  -1.0180000e+01   0.0000000e+00   3.0000000e+00   0.0000000e+00
   2.4100000e+02  -1.9360000e+01   1.3010000e+01   0.0000000e+00   3.0000000e+00   0.0000000e+00
   2.4200000e+02  -8.9100000e+00   6.2200000e+00   0.0000000e+00   3.0000000e+00   0.0000000e+00
   2.4300000e+02   2.2430000e+01   1.5620000e+01   0.0000000e+00   3.0000000e+00   0.0000000e+00
   2.4400000e+02  -3.0560000e+01   7.3500000e+00   0.0000000e+00   3.0000000e+00   0.0000000e+00
   2.4500000e+02  -6.0300000e+00   3.0140000e+01   0.0000000e+00   0.0000000e+00   0.0000000e+00
   2.4600000e+02  -1.0450000e+01   1.1500000e+01   0.0000000e+00   3.0000000e+00   0.0000000e+00
   2.4700000e+02  -2.6680000e+01   1.1310000e+01   0.0000000e+00   3.0000000e+00   0.0000000e+00
   2.4800000e+02   2.8930000e+01   4.8000000e-01   0.0000000e+00   3.0000000e+00   0.0000000e+00
   2.4900000e+02  -2.1330000e+01   9.9900000e+00   0.0000000e+00   3.0000000e+00   0.0000000e+00
   2.5000000e+02  -1.7210000e+01  -1.8590000e+01   0.0000000e+00   3.0000000e+00   0.0000000e+00
   2.5100000e+02  -1.7300000e+00   5.9300000e+00   0.0000000e+00   3.0000000e+00   0.0000000e+00
   2.5200000e+02  -2.8750000e+01   6.2200000e+00   0.0000000e+00   3.0000000e+00   0.0000000e+00
   2.5300000e+02   3.8700000e+00   2.2600000e+00   0.0000000e+00   2.0000000e+00   0.0000000e+00
   2.5400000e+02  -1.8060000e+01   3.6200000e+00   0.0000000e+00   3.0000000e+00   0.0000000e+00
   2.5500000e+02  -1.0570000e+01   9.4200000e+00   0.0000000e+00   3.0000000e+00   0.0000000e+00
   2.5600000e+02   2.5000000e+00  -2.3650000e+01   0.0000000e+00   2.0000000e+00   0.0000000e+00
   2.5700000e+02  -4.8200000e+00   1.6450000e+01   0.0000000e+00   3.0000000e+00   0.0000000e+00
   2.5800000e+02  -1.8800000e+00   3.8700000e+00   0.0000000e+00   2.0000000e+00   0.0000000e+00
   2.5900000e+02   2.6040000e+01   9.0600000e+00   0.0000000e+00   3.0000000e+00   0.0000000e+00
   2.6000000e+02  -1.2660000e+01   2.2100000e+00   0.0000000e+00   3.0000000e+00   0.0000000e+00
   2.6100000e+02   8.0000000e-02  -4.7700000e+00   0.0000000e+00   3.0000000e+00   0.0000000e+00
   2.6200000e+02  -2.7490000e+01  -1.4720000e+01   0.0000000e+00   0.0000000e+00   0.0000000e+00
   2.6300000e+02   2.0420000e+01   1.5120000e+01   0.0000000e+00   3.0000000e+00   0.0000000e+00
   2.6400000e+02  -1.1870000e+01   1.8890000e+01   0.0000000e+00   2.0000000e+00   0.0000000e+00
   2.6500000e+02  -2.2190000e+01  -1.3040000e+01   0.0000000e+00   3.0000000e+00   0.0000000e+00
   2.6600000e+02  -2.7180000e+01   9.8000000e-01   0.0000000e+00   2.0000000e+00   0.0000000e+00
   2.6700000e+02  -2.1120000e+01  -1.1290000e+01   0.0000000e+00   3.0000000e+00   0.0000000e+00
   2.6800000e+02   1.5630000e+01  -6.9900000e+00   0.0000000e+00   3.0000000e+00   0.0000000e+00
   2.6900000e+02   1.2270000e+01  -8.2700000e+00   0.0000000e+00   3.0000000e+00   0.0000000e+00
   2.7000000e+02   2.1200000e+00   1.2000000e+01   0.0000000e+00   3.0000000e+00   0.0000000e+00
   2.7100000e+02  -1.7830000e+01   7.7400000e+00   0.0000000e+00   3.0000000e+00   0.0000000e+00
   2.7200000e+02  -1.5570000e+01   1.6970000e+01   0.0000000e+00   3.0000000e+00   0.0000000e+00
   2.7300000e+02  -5.2000000e-01  -1.5550000e+01   0.0000000e+00   3.0000000e+00   0.0000000e+00
   2.7400000e+02   9.8500000e+00  -2.9950000e+01   0.0000000e+00   1.0000000e+00   0.0000000e+00
   2.7500000e+02   1.1580000e+01  -3.1100000e+00   0.0000000e+00   2.0000000e+00   0.0000000e+00
   2.7600000e+02  -1.6190000e+01   4.5400000e+00   0.0000000e+00   3.0000000e+00   0.0000000e+00
   2.7700000e+02   1.0210000e+01  -2.7910000e+01   0.0000000e+00   0.0000000e+00   0.0000000e+00
   2.7800000e+02   1.8500000e+00   5.7600000e+00   0.0000000e+00   2.0000000e+00   0.0000000e+00
   2.7900000e+02  -2.8960000e+01   2.0800000e+00   0.0000000e+00   2.0000000e+00   0.0000000e+00
   2.8000000e+02  -8.9300000e+00  -1.8830000e+01   0.0000000e+00   3.0000000e+00   0.0000000e+00
   2.8100000e+02  -2.2240000e+01   2.7720000e+01   0.0000000e+00   1.0000000e+00   0.0000000e+00
   2.8200000e+02   2.2350000e+01  -2.4460000e+01   0.0000000e+00   1.0000000e+00   0.0000000e+00
   2.8300000e+02   1.8790000e+01  -2.0200000e+01   0.0000000e+00   3.0000000e+00   0.0000000e+00
   2.8400000e+02   2.5530000e+01  -1.7640000e+01   0.0000000e+00   3.0000000e+00   0.0000000e+00
   2.8500000e+02   4.3000000e-01  -1.2100000e+00   0.0000000e+00   3.0000000e+00   0.0000000e+00
   2.8600000e+02   5.2100000e+00  -1.9880000e+01   0.0000000e+00   3.0000000e+00   0.0000000e+00
   2.8700000e+02  -2.5140000e+01   6.0500000e+00   0.0000000e+00   3.0000000e+00   0.0000000e+00
   2.8800000e+02   2.1850000e+01   1.3640000e+01   0.0000000e+00   3.0000000e+00   0.0000000e+00
   2.8900000e+02   1.5810000e+01  -1.2430000e+01   0.0000000e+00   3.0000000e+00   0.0000000e+00
   2.9000000e+02  -2.1460000e+01  -2.2030000e+01   0.0000000e+00   3.0000000e+00   0.0000000e+00
   2.9100000e+02   1.1000000e-01   6.8900000e+00   0.0000000e+00   3.0000000e+00   0.0000000e+00
   2.9200000e+02  -1.4700000e+01  -7.8800000e+00   0.0000000e+00   3.0000000e+00   0.0000000e+00
   2.9300000e+02  -1.7790000e+01  -6.0100000e+00   0.0000000e+00   3.0000000e+00   0.0000000e+00
   2.9400000e+02   2.9610000e+01   2.4600000e+00   0.0000000e+00   3.0000000e+00   0.0000000e+00
   2.9500000e+02  -1.3890000e+01  -1.3320000e+01   0.0000000e+00   3.0000000e+00   0.0000000e+00
   2.9600000e+02  -1.7500000e+00  -2.8010000e+01   0.0000000e+00   3.0000000e+00   0.0000000e+00
   2.9700000e+02   1.2000000e+00  -2.2060000e+01   0.0000000e+00   0.0000000e+00   0.0000000e+00
   2.9800000e+02  -1.0140000e+01  -2.7880000e+01   0.0000000e+00   3.0000000e+00   0.0000000e+00
   2.9900000e+02  -2.0010000e+01   6.4000000e-01   0.0000000e+00   2.0000000e+00   0.0000000e+00
   3.0000000e+02  -9.5800000e+00  -9.6400000e+00   0.0000000e+00   3.0000000e+00   0.0000000e+00
   3.0100000e+02   3.0160000e+01  -9.1200000e+00   0.0000000e+00   0.0000000e+00   0.0000000e+00
   3.0200000e+02   4.6700000e+00  -1.6300000e+00   0.0000000e+00   2.0000000e+00   0.0000000e+00
   3.0300000e+02  -2.6500000e+01  -1.6530000e+01   0.0000000e+00   3.0000000e+00   0.0000000e+00
   3.0400000e+02   2.7940000e+01   1.5030000e+01   0.0000000e+00   0.0000000e+00   0.0000000e+00
   3.0500000e+02   1.1140000e+01   1.0560000e+01   0.0000000e+00   3.0000000e+00   0.0000000e+00
   3.0600000e+02   1.5420000e+01  -2.1470000e+01   0.0000000e+00   3.0000000e+00   0.0000000e+00
   3.0700000e+02   5.3800000e+00  -1.0900000e+01   0.0000000e+00   2.0000000e+00   0.0000000e+00
   3.0800000e+02   1.3040000e+01  -1.0200000e+01   0.0000000e+00   3.0000000e+00   0.0000000e+00
   3.0900000e+02   1.3450000e+01   2.4030000e+01   0.0000000e+00   3.0000000e+00   0.0000000e+00
   3.1000000e+02   9.0700000e+00  -1.5010000e+01   0.0000000e+00   3.0000000e+00   0.0000000e+00
   3.1100000e+02  -1.6420000e+01  -2.7610000e+01   0.0000000e+00   0.0000000e+00   0.0000000e+00
   3.1200000e+02  -1.0690000e+01  -1.1570000e+01   0.0000000e+00   3.0000000e+00   0.0000000e+00
   3.1300000e+02   1.4710000e+01   8.4300000e+00   0.0000000e+00   2.0000000e+00   0.0000000e+00
   3.1400000e+02  -2.2100000e+01  -9.4700000e+00   0.0000000e+00   3.0000000e+00   0.0000000e+00
   3.1500000e+02   9.4800000e+00   1.5860000e+01   0.0000000e+00   3.0000000e+00   0.0000000e+00
   3.1600000e+02   2.3240000e+01   1.2110000e+01   0.0000000e+00   3.0000000e+00   0.0000000e+00
   3.1700000e+02   4.6400000e+00   2.9620000e+01   0.0000000e+00   0.0000000e+00   0.0000000e+00
   3.1800000e+02   2.1500000e+01   1.9130000e+01   0.0000000e+00   2.0000000e+00   0.0000000e+00
   3.1900000e+02  -1.5140000e+01  -1.8660000e+01   0.0000000e+00   3.0000000e+00   0.0000000e+00
   3.2000000e+02   2.6780000e+01   5.5100000e+00   0.0000000e+00   3.0000000e+00   0.0000000e+00
   3.2100000e+02   9.0000000e+00  -6.3200000e+00   0.0000000e+00   2.0000000e+00   0.0000000e+00
   3.2200000e+02  -5.0000000e-01   6.4000000e-01   0.0000000e+00   2.0000000e+00   0.0000000e+00
   3.2300000e+02  -1.9240000e+01   1.5070000e+01   0.0000000e+00   3.0000000e+00   0.0000000e+00
   3.2400000e+02  -4.2900000e+00   2.9010000e+01   0.0000000e+00   0.0000000e+00   0.0000000e+00
   3.2500000e+02  -4.9500000e+00  -2.9870000e+01   0.0000000e+00   0.0000000e+00   0.0000000e+00
   3.2600000e+02   1.6200000e+01  -2.3430000e+01   0.0000000e+00   3.0000000e+00   0.0000000e+00
   3.2700000e+02  -1.2680000e+01   1.2000000e-01   0.0000000e+00   2.0000000e+00   0.0000000e+00
   3.2800000e+02   1.6570000e+01  -2.8860000e+01   0.0000000e+00   1.0000000e+00   0.0000000e+00
   3.2900000e+02  -1.8830000e+01   2.3350000e+01   0.0000000e+00   3.0000000e+00   0.0000000e+00
   3.3000000e+02   1.2920000e+01   9.5400000e+00   0.0000000e+00   3.0000000e+00   0.0000000e+00
   3.3100000e+02  -4.8100000e+00  -1.8920000e+01   0.0000000e+00   3.0000000e+00   0.0000000e+00
   3.3200000e+02   2.8790000e+01   5.9600000e+00   0.0000000e+00   3.0000000e+00   0.0000000e+00
   3.3300000e+02   1.1530000e+01  -6.3500000e+00   0.0000000e+00   2.0000000e+00   0.0000000e+00
   3.3400000e+02  -1.2920000e+01  -1.5120000e+01   0.0000000e+00   3.0000000e+00   0.0000000e+00
   3.3500000e+02  -2.0130000e+01  -1.3090000e+01   0.0000000e+00   3.0000000e+00   0.0000000e+00
   3.3600000e+02   4.5500000e+00  -3.2110000e+01   0.0000000e+00   1.0000000e+00   0.0000000e+00
   3.3700000e+02   1.9170000e+01  -1.1150000e+01   0.0000000e+00   3.0000000e+00   0.0000000e+00
   3.3800000e+02   1.3610000e+01   2.8140000e+01   0.0000000e+00   0.0000000e+00   0.0000000e+00
   3.3900000e+02  -5.1500000e+00   1.0230000e+01   0.0000000e+00   3.0000000e+00   0.0000000e+00
   3.4000000e+02  -2.2710000e+01   1.7330000e+01   0.0000000e+00   3.0000000e+00   0.0000000e+00
   3.4100000e+02  -1.9120000e+01  -1.4930000e+01   0.0000000e+00   3.0000000e+00   0.0000000e+00
   3.4200000e+02  -1.0390000e+01  -4.1300000e+00   0.0000000e+00   2.0000000e+00   0.0000000e+00
   3.4300000e+02   1.2850000e+01   7.4800000e+00   0.0000000e+00   2.0000000e+00   0.0000000e+00
   3.4400000e+02  -2.8400000e+01   1.2420000e+01   0.0000000e+00   3.0000000e+00   0.0000000e+00
   3.4500000e+02   1.8770000e+01  -9.0000000e-02   0.0000000e+00   0.0000000e+00   0.0000000e+00
   3.4600000e+02   9.8200000e+00   6.8400000e+00   0.0000000e+00   2.0000000e+00   0.0000000e+00
   3.4700000e+02   9.7000000e-01   2.7710000e+01   0.0000000e+00   3.0000000e+00   0.0000000e+00
   3.4800000e+02   1.9300000e+00  -8.5400000e+00   0.0000000e+00   2.0000000e+00   0.0000000e+00
   3.4900000e+02   3.0800000e+00  -6.8100000e+00   0.0000000e+00   2.0000000e+00   0.0000000e+00
   3.5000000e+02  -1.2240000e+01  -2.7760000e+01   0.0000000e+00   3.0000000e+00   0.0000000e+00
   3.5100000e+02   1.1700000e+00   3.1930000e+01   0.0000000e+00   1.0000000e+00   0.0000000e+00
   3.5200000e+02   2.6670000e+01   1.1020000e+01   0.0000000e+00   3.0000000e+00   0.0000000e+00
   3.5300000e+02  -2.0950000e+01  -7.7000000e+00   0.0000000e+00   3.0000000e+00   0.0000000e+00
   3.5400000e+02   8.1600000e+00  -2.7620000e+01   0.0000000e+00   2.0000000e+00   0.0000000e+00
   3.5500000e+02  -1.4120000e+01   9.6000000e+00   0.0000000e+00   3.0000000e+00   0.0000000e+00
   3.5600000e+02   9.8500000e+00  -1.6940000e+01   0.0000000e+00   3.0000000e+00   0.0000000e+00
   3.5700000e+02  -2.9100000e+00  -2.7200000e+00   0.0000000e+00   3.0000000e+00   0.0000000e+00
   3.5800000e+02  -8.4800000e+00  -7.8600000e+00   0.0000000e+00   3.0000000e+00   0.0000000e+00
   3.5900000e+02   3.0540000e+01  -5.4600000e+00   0.0000000e+00   0.0000000e+00   0.0000000e+00
   3.6000000e+02   1.1840000e+01   2.9290000e+01   0.0000000e+00   0.0000000e+00   0.0000000e+00
   3.6100000e+02   2.3880000e+01   1.4100000e+01   0.0000000e+00   3.0000000e+00   0.0000000e+00
   3.6200000e+02   1.1650000e+01   2.5140000e+01   0.0000000e+00   3.0000000e+00   0.0000000e+00
   3.6300000e+02   4.4700000e+00   2.5460000e+01   0.0000000e+00   3.0000000e+00   0.0000000e+00
   3.6400000e+02  -1.2980000e+01  -2.0500000e+00   0.0000000e+00   2.0000000e+00   0.0000000e+00
   3.6500000e+02  -5.2100000e+00   8.1700000e+00   0.0000000e+00   3.0000000e+00   0.0000000e+00
   3.6600000e+02   2.8770000e+01  -1.0770000e+01   0.0000000e+00   0.0000000e+00   0.0000000e+00
   3.6700000e+02  -1.2190000e+01   1.2640000e+01   0.0000000e+00   3.0000000e+00   0.0000000e+00
   3.6800000e+02  -3.0010000e+01   1.5630000e+01   0.0000000e+00   1.0000000e+00   0.0000000e+00
   3.6900000e+02   2.1320000e+01   6.2000000e+00   0.0000000e+00   3.0000000e+00   0.0000000e+00
   3.7000000e+02  -2.4400000e+01   2.0540000e+01   0.0000000e+00   3.0000000e+00   0.0000000e+00
   3.7100000e+02  -3.0220000e+01   1.3570000e+01   0.0000000e+00   0.0000000e+00   0.0000000e+00
   3.7200000e+02   7.7500000e+00   6.6900000e+00   0.0000000e+00   2.0000000e+00   0.0000000e+00
   3.7300000e+02  -1.0250000e+01   1.5670000e+01   0.0000000e+00   3.0000000e+00   0.0000000e+00
   3.7400000e+02  -1.9260000e+01  -1.8510000e+01   0.0000000e+00   3.0000000e+00   0.0000000e+00
   3.7500000e+02   1.8210000e+01  -3.7100000e+00   0.0000000e+00   3.0000000e+00   0.0000000e+00
   3.7600000e+02  -5.0400000e+00  -2.5400000e+00   0.0000000e+00   2.0000000e+00   0.0000000e+00
   3.7700000e+02   5.6400000e+00   9.8100000e+00   0.0000000e+00   3.0000000e+00   0.0000000e+00
   3.7800000e+02  -1.4140000e+01  -2.0480000e+01   0.0000000e+00   3.0000000e+00   0.0000000e+00
   3.7900000e+02   2.3280000e+01  -1.1780000e+01   0.0000000e+00   3.0000000e+00   0.0000000e+00
   3.8000000e+02   6.6000000e-01   1.9360000e+01   0.0000000e+00   3.0000000e+00   0.0000000e+00
   3.8100000e+02   1.7280000e+01   5.3900000e+00   0.0000000e+00   2.0000000e+00   0.0000000e+00
   3.8200000e+02  -2.8300000e+01   1.4490000e+01   0.0000000e+00   0.0000000e+00   0.0000000e+00
   3.8300000e+02   2.1010000e+01  -5.9800000e+00   0.0000000e+00   3.0000000e+00   0.0000000e+00
   3.8400000e+02   1.2090000e+01  -2.2760000e+01   0.0000000e+00   3.0000000e+00   0.0000000e+00
   3.8500000e+02  -3.1660000e+01   1.3600000e+00   0.0000000e+00   1.0000000e+00   0.0000000e+00
   3.8600000e+02  -1.9790000e+01  -2.3400000e+00   0.0000000e+00   2.0000000e+00   0.0000000e+00
   3.8700000e+02  -3.0750000e+01   3.2200000e+00   0.0000000e+00   0.0000000e+00   0.0000000e+00
   3.8800000e+02   2.3020000e+01   1.7640000e+01   0.0000000e+00   3.0000000e+00   0.0000000e+00
   3.8900000e+02  -7.3800000e+00  -6.0700000e+00   0.0000000e+00   3.0000000e+00   0.0000000e+00
   3.9000000e+02   2.4450000e+01   1.6110000e+01   0.0000000e+00   3.0000000e+00   0.0000000e+00
   3.9100000e+02  -2.6280000e+01  -9.3500000e+00   0.0000000e+00   2.0000000e+00   0.0000000e+00
   3.9200000e+02   2.3050000e+01  -6.2700000e+00   0.0000000e+00   3.0000000e+00   0.0000000e+00
   3.9300000e+02  -2.7900000e+00   2.3680000e+01   0.0000000e+00   2.0000000e+00   0.0000000e+00
   3.9400000e+02  -2.1230000e+01   1.2070000e+01   0.0000000e+00   3.0000000e+00   0.0000000e+00
   3.9500000e+02  -8.9800000e+00   4.1400000e+00   0.0000000e+00   3.0000000e+00   0.0000000e+00
   3.9600000e+02   6.0000000e-01  -1.3810000e+01   0.0000000e+00   3.0000000e+00   0.0000000e+00
   3.9700000e+02  -1.3520000e+01   2.2070000e+01   0.0000000e+00   3.0000000e+00   0.0000000e+00
   3.9800000e+02   2.0680000e+01   2.1050000e+01   0.0000000e+00   2.0000000e+00   0.0000000e+00
   3.9900000e+02  -7.6900000e+00  -1.3440000e+01   0.0000000e+00   3.0000000e+00   0.0000000e+00
   4.0000000e+02  -4.6500000e+00   2.0610000e+01   0.0000000e+00   3.0000000e+00   0.0000000e+00
   4.0100000e+02   2.7690000e+01  -3.4200000e+00   0.0000000e+00   0.0000000e+00   0.0000000e+00
   4.0200000e+02  -2.4310000e+01  -1.3010000e+01   0.0000000e+00   3.0000000e+00   0.0000000e+00
   4.0300000e+02  -1.5450000e+01   1.9030000e+01   0.0000000e+00   3.0000000e+00   0.0000000e+00
   4.0400000e+02  -1.3340000e+01   2.6210000e+01   0.0000000e+00   3.0000000e+00   0.0000000e+00
   4.0500000e+02  -2.6900000e+00   2.5740000e+01   0.0000000e+00   2.0000000e+00   0.0000000e+00
   4.0600000e+02   2.0020000e+01   2.1900000e+00   0.0000000e+00   0.0000000e+00   0.0000000e+00
   4.0700000e+02  -1.5760000e+01   1.2850000e+01   0.0000000e+00   3.0000000e+00   0.0000000e+00
   4.0800000e+02  -2.0680000e+01   2.2430000e+01   0.0000000e+00   3.0000000e+00   0.0000000e+00
   4.0900000e+02  -6.5500000e+00  -1.1560000e+01   0.0000000e+00   3.0000000e+00   0.0000000e+00
   4.1000000e+02  -1.4350000e+01   5.4600000e+00   0.0000000e+00   3.0000000e+00   0.0000000e+00
   4.1100000e+02   2.0300000e+00   9.9200000e+00   0.0000000e+00   3.0000000e+00   0.0000000e+00
   4.1200000e+02   1.8450000e+01  -9.2000000e+00   0.0000000e+00   3.0000000e+00   0.0000000e+00
   4.1300000e+02  -1.5350000e+01  -2.5810000e+01   0.0000000e+00   3.0000000e+00   0.0000000e+00
   4.1400000e+02   4.1500000e+00   1.7120000e+01   0.0000000e+00   3.0000000e+00   0.0000000e+00
   4.1500000e+02   2.3830000e+01  -8.2500000e+00   0.0000000e+00   3.0000000e+00   0.0000000e+00
   4.1600000e+02  -2.5630000e+01  -2.1950000e+01   0.0000000e+00   1.0000000e+00   0.0000000e+00
   4.1700000e+02  -1.6800000e+01  -7.8400000e+00   0.0000000e+00   3.0000000e+00   0.0000000e+00
   4.1800000e+02  -1.3100000e+00  -1.0100000e+01   0.0000000e+00   3.0000000e+00   0.0000000e+00
   4.1900000e+02  -3.8700000e+00  -3.1660000e+01   0.0000000e+00   1.0000000e+00   0.0000000e+00
   4.2000000e+02  -1.6220000e+01  -2.0400000e+01   0.0000000e+00   3.0000000e+00   0.0000000e+00
   4.2100000e+02  -1.8200000e+00  -2.4460000e+01   0.0000000e+00   3.0000000e+00   0.0000000e+00
   4.2200000e+02   2.2720000e+01   4.6500000e+00   0.0000000e+00   3.0000000e+00   0.0000000e+00
   4.2300000e+02   5.8500000e+00  -3.0340000e+01   0.0000000e+00   0.0000000e+00   0.0000000e+00
   4.2400000e+02  -1.2150000e+01  -2.4160000e+01   0.0000000e+00   3.0000000e+00   0.0000000e+00
   4.2500000e+02   1.4990000e+01   1.8750000e+01   0.0000000e+00   2.0000000e+00   0.0000000e+00
   4.2600000e+02  -2.5430000e+01  -1.4760000e+01   0.0000000e+00   3.0000000e+00   0.0000000e+00
   4.2700000e+02  -2.0230000e+01  -1.6680000e+01   0.0000000e+00   3.0000000e+00   0.0000000e+00
   4.2800000e+02  -1.5810000e+01  -9.6500000e+00   0.0000000e+00   3.0000000e+00   0.0000000e+00
   4.2900000e+02   3.0840000e+01   6.3900000e+00   0.0000000e+00   0.0000000e+00   0.0000000e+00
   4.3000000e+02  -2.5600000e+00   2.7880000e+01   0.0000000e+00   3.0000000e+00   0.0000000e+00
   4.3100000e+02  -6.4000000e+00  -7.9500000e+00   0.0000000e+00   3.0000000e+00   0.0000000e+00
   4.3200000e+02  -1.0540000e+01  -7.8100000e+00   0.0000000e+00   3.0000000e+00   0.0000000e+00
   4.3300000e+02   1.7990000e+01   1.8200000e+00   0.0000000e+00   2.0000000e+00   0.0000000e+00
   4.3400000e+02  -1.4510000e+01  -4.2700000e+00   0.0000000e+00   2.0000000e+00   0.0000000e+00
   4.3500000e+02  -1.7200000e+00  -3.1600000e+01   0.0000000e+00   0.0000000e+00   0.0000000e+00
   4.3600000e+02  -2.7890000e+01  -4.6900000e+00   0.0000000e+00   3.0000000e+00   0.0000000e+00
   4.3700000e+02   1.5410000e+01   1.7700000e+00   0.0000000e+00   2.0000000e+00   0.0000000e+00
   4.3800000e+02  -4.4000000e+00   2.6940000e+01   0.0000000e+00   2.0000000e+00   0.0000000e+00
   4.3900000e+02   8.1400000e+00   2.7410000e+01   0.0000000e+00   3.0000000e+00   0.0000000e+00
   4.4000000e+02  -2.2960000e+01   1.3200000e+01   0.0000000e+00   3.0000000e+00   0.0000000e+00
   4.4100000e+02   4.5500000e+00   2.7510000e+01   0.0000000e+00   3.0000000e+00   0.0000000e+00
   4.4200000e+02   1.6930000e+01  -5.3400000e+00   0.0000000e+00   3.0000000e+00   0.0000000e+00
   4.4300000e+02   8.6400000e+00  -8.9000000e-01   0.0000000e+00   3.0000000e+00   0.0000000e+00
   4.4400000e+02  -3.0460000e+01   9.4000000e+00   0.0000000e+00   3.0000000e+00   0.0000000e+00
   4.4500000e+02  -3.2000000e+00   1.3250000e+01   0.0000000e+00   3.0000000e+00   0.0000000e+00
   4.4600000e+02   4.2400000e+00   1.9210000e+01   0.0000000e+00   3.0000000e+00   0.0000000e+00
   4.4700000e+02   1.1180000e+01   2.3600000e+00   0.0000000e+00   3.0000000e+00   0.0000000e+00
   4.4800000e+02   6.6400000e+00  -2.3760000e+01   0.0000000e+00   3.0000000e+00   0.0000000e+00
   4.4900000e+02  -4.9700000e+00  -2.6210000e+01   0.0000000e+00   3.0000000e+00   0.0000000e+00
   4.5000000e+02   5.5700000e+00   7.7400000e+00   0.0000000e+00   2.0000000e+00   0.0000000e+00
   4.5100000e+02   2.6830000e+01  -1.6010000e+01   0.0000000e+00   3.0000000e+00   0.0000000e+00
   4.5200000e+02  -2.3060000e+01  -7.6600000e+00   0.0000000e+00   3.0000000e+00   0.0000000e+00
   4.5300000e+02  -8.3000000e-01  -2.8700000e+00   0.0000000e+00   3.0000000e+00   0.0000000e+00
   4.5400000e+02   8.8000000e-01   2.5610000e+01   0.0000000e+00   3.0000000e+00   0.0000000e+00
   4.5500000e+02   2.8300000e+01  -1.4700000e+00   0.0000000e+00   3.0000000e+00   0.0000000e+00
   4.5600000e+02   8.7600000e+00  -9.4300000e+00   0.0000000e+00   2.0000000e+00   0.0000000e+00
   4.5700000e+02   1.8680000e+01   2.0580000e+01   0.0000000e+00   2.0000000e+00   0.0000000e+00
   4.5800000e+02   9.3000000e+00  -2.0520000e+01   0.0000000e+00   3.0000000e+00   0.0000000e+00
   4.5900000e+02  -1.2290000e+01   1.0550000e+01   0.0000000e+00   3.0000000e+00   0.0000000e+00
   4.6000000e+02   1.9100000e+01  -2.5790000e+01   0.0000000e+00   1.0000000e+00   0.0000000e+00
   4.6100000e+02   2.8090000e+01   9.5300000e+00   0.0000000e+00   3.0000000e+00   0.0000000e+00
   4.6200000e+02   3.2570000e+01  -4.6800000e+00   0.0000000e+00   1.0000000e+00   0.0000000e+00
   4.6300000e+02   1.0600000e+01  -1.8900000e+01   0.0000000e+00   3.0000000e+00   0.0000000e+00
   4.6400000e+02  -2.4600000e+01  -2.3750000e+01   0.0000000e+00   1.0000000e+00   0.0000000e+00
   4.6500000e+02   8.0200000e+00   2.3210000e+01   0.0000000e+00   3.0000000e+00   0.0000000e+00
   4.6600000e+02   2.9760000e+01  -3.5000000e+00   0.0000000e+00   3.0000000e+00   0.0000000e+00
   4.6700000e+02  -2.5040000e+01   8.1400000e+00   0.0000000e+00   3.0000000e+00   0.0000000e+00
   4.6800000e+02   2.4400000e+00  -1.7630000e+01   0.0000000e+00   3.0000000e+00   0.0000000e+00
   4.6900000e+02   5.9000000e+00   1.6030000e+01   0.0000000e+00   3.0000000e+00   0.0000000e+00
   4.7000000e+02   2.5010000e+01   1.8190000e+01   0.0000000e+00   3.0000000e+00   0.0000000e+00
   4.7100000e+02  -6.0200000e+00  -2.8020000e+01   0.0000000e+00   3.0000000e+00   0.0000000e+00
   4.7200000e+02   7.8000000e+00  -1.6660000e+01   0.0000000e+00   3.0000000e+00   0.0000000e+00
   4.7300000e+02   1.5080000e+01  -1.0500000e+01   0.0000000e+00   3.0000000e+00   0.0000000e+00
   4.7400000e+02  -1.7670000e+01  -2.4600000e+00   0.0000000e+00   2.0000000e+00   0.0000000e+00
   4.7500000e+02   1.4580000e+01   3.7100000e+00   0.0000000e+00   2.0000000e+00   0.0000000e+00
   4.7600000e+02   1.8960000e+01  -5.6500000e+00   0.0000000e+00   3.0000000e+00   0.0000000e+00
   4.7700000e+02  -1.3590000e+01  -6.1100000e+00   0.0000000e+00   2.0000000e+00   0.0000000e+00
   4.7800000e+02  -2.4400000e+00  -1.1830000e+01   0.0000000e+00   3.0000000e+00   0.0000000e+00
   4.7900000e+02   2.4380000e+01  -4.6900000e+00   0.0000000e+00   3.0000000e+00   0.0000000e+00
   4.8000000e+02   1.1540000e+01  -2.6330000e+01   0.0000000e+00   3.0000000e+00   0.0000000e+00
   4.8100000e+02  -1.3270000e+01   2.8280000e+01   0.0000000e+00   0.0000000e+00   0.0000000e+00
   4.8200000e+02  -2.1600000e+01  -2.5650000e+01   0.0000000e+00   1.0000000e+00   0.0000000e+00
   4.8300000e+02   2.8490000e+01  -5.3400000e+00   0.0000000e+00   3.0000000e+00   0.0000000e+00
   4.8400000e+02   2.4250000e+01  -1.9260000e+01   0.0000000e+00   0.0000000e+00   0.0000000e+00
   4.8500000e+02  -3.3800000e+00  -9.9700000e+00   0.0000000e+00   3.0000000e+00   0.0000000e+00
   4.8600000e+02   1.5500000e+00  -1.5690000e+01   0.0000000e+00   3.0000000e+00   0.0000000e+00
   4.8700000e+02  -9.4500000e+00  -6.0200000e+00   0.0000000e+00   3.0000000e+00   0.0000000e+00
   4.8800000e+02  -6.9700000e+00  -2.2500000e+01   0.0000000e+00   3.0000000e+00   0.0000000e+00
   4.8900000e+02   1.5220000e+01   2.2880000e+01   0.0000000e+00   3.0000000e+00   0.0000000e+00
   4.9000000e+02  -1.8200000e+00  -9.5000000e-01   0.0000000e+00   2.0000000e+00   0.0000000e+00
   4.9100000e+02   1.4380000e+01  -2.8630000e+01   0.0000000e+00   0.0000000e+00   0.0000000e+00
   4.9200000e+02   1.1630000e+01   5.8300000e+00   0.0000000e+00   2.0000000e+00   0.0000000e+00
   4.9300000e+02   2.6650000e+01  -1.0470000e+01   0.0000000e+00   3.0000000e+00   0.0000000e+00
   4.9400000e+02   1.5060000e+01   2.0820000e+01   0.0000000e+00   3.0000000e+00   0.0000000e+00
   4.9500000e+02   7.3600000e+00  -2.5200000e+00   0.0000000e+00   2.0000000e+00   0.0000000e+00
   4.9600000e+02  -2.2530000e+01  -2.3780000e+01   0.0000000e+00   0.0000000e+00   0.0000000e+00
   4.9700000e+02  -2.7340000e+01  -1.1120000e+01   0.0000000e+00   2.0000000e+00   0.0000000e+00
   4.9800000e+02  -1.0660000e+01   7.3100000e+00   0.0000000e+00   3.0000000e+00   0.0000000e+00
   4.9900000e+02   5.5600000e+00  -3.4900000e+00   0.0000000e+00   2.0000000e+00   0.0000000e+00
   5.0000000e+02  -9.0500000e+00  -2.2440000e+01   0.0000000e+00   3.0000000e+00   0.0000000e+00
   5.0100000e+02   2.4020000e+01  -1.3700000e+01   0.0000000e+00   3.0000000e+00   0.0000000e+00
   5.0200000e+02  -5.4400000e+00   1.8100000e+00   0.0000000e+00   2.0000000e+00   0.0000000e+00
   5.0300000e+02  -2.3390000e+01   4.9500000e+00   0.0000000e+00   3.0000000e+00   0.0000000e+00
   5.0400000e+02  -4.6600000e+00  -1.5330000e+01   0.0000000e+00   3.0000000e+00   0.0000000e+00
   5.0500000e+02  -1.3600000e+00   1.4220000e+01   0.0000000e+00   3.0000000e+00   0.0000000e+00
   5.0600000e+02  -2.3080000e+01   1.1140000e+01   0.0000000e+00   3.0000000e+00   0.0000000e+00
   5.0700000e+02   1.1310000e+01   1.6820000e+01   0.0000000e+00   3.0000000e+00   0.0000000e+00
   5.0800000e+02  -1.6940000e+01  -1.1410000e+01   0.0000000e+00   3.0000000e+00   0.0000000e+00
   5.0900000e+02  -1.1800000e+01  -1.3330000e+01   0.0000000e+00   3.0000000e+00   0.0000000e+00
   5.1000000e+02  -1.0020000e+01  -2.0610000e+01   0.0000000e+00   3.0000000e+00   0.0000000e+00
   5.1100000e+02  -2.4470000e+01   1.8460000e+01   0.0000000e+00   3.0000000e+00   0.0000000e+00
   5.1200000e+02  -1.6070000e+01   6.6000000e+00   0.0000000e+00   3.0000000e+00   0.0000000e+00
   5.1300000e+02  -4.5100000e+00  -1.1700000e+01   0.0000000e+00   3.0000000e+00   0.0000000e+00
   5.1400000e+02   5.8800000e+00  -2.1820000e+01   0.0000000e+00   2.0000000e+00   0.0000000e+00
   5.1500000e+02   1.3760000e+01   5.6300000e+00   0.0000000e+00   2.0000000e+00   0.0000000e+00
   5.1600000e+02   2.5900000e+00  -3.1490000e+01   0.0000000e+00   0.0000000e+00   0.0000000e+00
   5.1700000e+02  -2.6970000e+01   5.1100000e+00   0.0000000e+00   3.0000000e+00   0.0000000e+00
   5.1800000e+02  -1.7900000e+00  -2.0860000e+01   0.0000000e+00   2.0000000e+00   0.0000000e+00
   5.1900000e+02   1.5350000e+01   2.4940000e+01   0.0000000e+00   3.0000000e+00   0.0000000e+00
   5.2000000e+02   8.1900000e+00   2.9520000e+01   0.0000000e+00   0.0000000e+00   0.0000000e+00
   5.2100000e+02  -3.5700000e+00  -1.3550000e+01   0.0000000e+00   3.0000000e+00   0.0000000e+00
   5.2200000e+02  -2.5340000e+01   1.9300000e+00   0.0000000e+00   3.0000000e+00   0.0000000e+00
   5.2300000e+02   7.9800000e+00  -2.2110000e+01   0.0000000e+00   3.0000000e+00   0.0000000e+00
   5.2400000e+02   2.9000000e+00   3.0790000e+01   0.0000000e+00   0.0000000e+00   0.0000000e+00
   5.2500000e+02   2.2800000e+01  -7.9000000e-01   0.0000000e+00   0.0000000e+00   0.0000000e+00
   5.2600000e+02   1.3200000e+01  -1.5680000e+01   0.0000000e+00   3.0000000e+00   0.0000000e+00
   5.2700000e+02   3.0110000e+01   9.9500000e+00   0.0000000e+00   0.0000000e+00   0.0000000e+00
   5.2800000e+02  -7.2000000e-01  -2.9800000e+01   0.0000000e+00   3.0000000e+00   0.0000000e+00
   5.2900000e+02  -1.1220000e+01  -2.9770000e+01   0.0000000e+00   3.0000000e+00   0.0000000e+00
   5.3000000e+02  -7.0300000e+00  -2.6120000e+01   0.0000000e+00   3.0000000e+00   0.0000000e+00
   5.3100000e+02  -1.6700000e+01  -4.2700000e+00   0.0000000e+00   3.0000000e+00   0.0000000e+00
   5.3200000e+02   9.4500000e+00  -2.8100000e+00   0.0000000e+00   3.0000000e+00   0.0000000e+00
   5.3300000e+02   3.8000000e+00   8.8000000e+00   0.0000000e+00   3.0000000e+00   0.0000000e+00
   5.3400000e+02  -3.0230000e+01  -1.1830000e+01   0.0000000e+00   1.0000000e+00   0.0000000e+00
   5.3500000e+02  -2.9130000e+01  -1.0070000e+01   0.0000000e+00   0.0000000e+00   0.0000000e+00
   5.3600000e+02  -2.1440000e+01   7.9300000e+00   0.0000000e+00   3.0000000e+00   0.0000000e+00
   5.3700000e+02   1.0230000e+01  -7.9700000e+00   0.0000000e+00   2.0000000e+00   0.0000000e+00
   5.3800000e+02   6.0800000e+00   2.0150000e+01   0.0000000e+00   3.0000000e+00   0.0000000e+00
   5.3900000e+02   2.3480000e+01  -1.7320000e+01   0.0000000e+00   3.0000000e+00   0.0000000e+00
   5.4000000e+02   5.7200000e+00  -1.6260000e+01   0.0000000e+00   3.0000000e+00   0.0000000e+00
   5.4100000e+02   1.6980000e+01   2.1760000e+01   0.0000000e+00   3.0000000e+00   0.0000000e+00
   5.4200000e+02   2.1940000e+01  -1.3400000e+01   0.0000000e+00   3.0000000e+00   0.0000000e+00
   5.4300000e+02  -2.3440000e+01  -1.8390000e+01   0.0000000e+00   3.0000000e+00   0.0000000e+00
   5.4400000e+02  -1.3310000e+01  -2.9510000e+01   0.0000000e+00   0.0000000e+00   0.0000000e+00
   5.4500000e+02   1.3320000e+01   2.1940000e+01   0.0000000e+00   3.0000000e+00   0.0000000e+00
   5.4600000e+02   2.2640000e+01   1.0130000e+01   0.0000000e+00   3.0000000e+00   0.0000000e+00
   5.4700000e+02  -2.9000000e+00   1.9500000e+01   0.0000000e+00   3.0000000e+00   0.0000000e+00
   5.4800000e+02  -9.0100000e+00  -2.7000000e-01   0.0000000e+00   2.0000000e+00   0.0000000e+00
   5.4900000e+02  -2.1860000e+01  -2.3500000e+00   0.0000000e+00   2.0000000e+00   0.0000000e+00
   5.5000000e+02  -1.2770000e+01  -1.1510000e+01   0.0000000e+00   3.0000000e+00   0.0000000e+00
   5.5100000e+02  -1.3740000e+01  -9.7000000e+00   0.0000000e+00   3.0000000e+00   0.0000000e+00
   5.5200000e+02   2.6200000e+00   2.4490000e+01   0.0000000e+00   3.0000000e+00   0.0000000e+00
   5.5300000e+02   7.0900000e+00   2.9400000e+00   0.0000000e+00   2.0000000e+00   0.0000000e+00
   5.5400000e+02  -6.8800000e+00  -1.8890000e+01   0.0000000e+00   3.0000000e+00   0.0000000e+00
   5.5500000e+02  -1.2630000e+01  -7.9300000e+00   0.0000000e+00   3.0000000e+00   0.0000000e+00
   5.5600000e+02   2.5510000e+01   1.6000000e+00   0.0000000e+00   3.0000000e+00   0.0000000e+00
   5.5700000e+02  -1.9420000e+01   1.0940000e+01   0.0000000e+00   3.0000000e+00   0.0000000e+00
   5.5800000e+02  -3.6200000e+00   4.9700000e+00   0.0000000e+00   3.0000000e+00   0.0000000e+00
   5.5900000e+02  -1.1180000e+01  -2.6000000e+01   0.0000000e+00   3.0000000e+00   0.0000000e+00
   5.6000000e+02   8.1800000e+00  -4.4200000e+00   0.0000000e+00   2.0000000e+00   0.0000000e+00
   5.6100000e+02   2.4780000e+01  -1.5710000e+01   0.0000000e+00   3.0000000e+00   0.0000000e+00
   5.6200000e+02  -7.3200000e+00   9.3000000e-01   0.0000000e+00   2.0000000e+00   0.0000000e+00
   5.6300000e+02  -2.7120000e+01   3.0400000e+00   0.0000000e+00   3.0000000e+00   0.0000000e+00
   5.6400000e+02   3.1650000e+01   2.8300000e+00   0.0000000e+00   0.0000000e+00   0.0000000e+00
   5.6500000e+02  -6.9000000e-01  -1.9120000e+01   0.0000000e+00   0.0000000e+00   0.0000000e+00
   5.6600000e+02  -1.3720000e+01   1.7920000e+01   0.0000000e+00   3.0000000e+00   0.0000000e+00
   5.6700000e+02  -1.7090000e+01   2.2220000e+01   0.0000000e+00   3.0000000e+00   0.0000000e+00
   5.6800000e+02   1.9340000e+01  -1.6650000e+01   0.0000000e+00   3.0000000e+00   0.0000000e+00
   5.6900000e+02  -1.9900000e+01   2.7000000e+00   0.0000000e+00   3.0000000e+00   0.0000000e+00
   5.7000000e+02   3.2350000e+01  -7.5000000e-01   0.0000000e+00   0.0000000e+00   0.0000000e+00
   5.7100000e+02   7.2500000e+00  -2.0190000e+01   0.0000000e+00   3.0000000e+00   0.0000000e+00
   5.7200000e+02   2.1560000e+01  -2.4400000e+00   0.0000000e+00   3.0000000e+00   0.0000000e+00
   5.7300000e+02   2.7420000e+01   7.5100000e+00   0.0000000e+00   3.0000000e+00   0.0000000e+00
   5.7400000e+02  -1.7920000e+01   5.6900000e+00   0.0000000e+00   3.0000000e+00   0.0000000e+00
   5.7500000e+02   3.0350000e+01  -1.1900000e+00   0.0000000e+00   3.0000000e+00   0.0000000e+00
   5.7600000e+02  -2.2430000e+01   2.3520000e+01   0.0000000e+00   0.0000000e+00   0.0000000e+00
   5.7700000e+02   7.5100000e+00   1.0780000e+01   0.0000000e+00   3.0000000e+00   0.0000000e+00
   5.7800000e+02   1.4330000e+01  -8.6000000e+00   0.0000000e+00   3.0000000e+00   0.0000000e+00
   5.7900000e+02   7.5800000e+00   1.2840000e+01   0.0000000e+00   3.0000000e+00   0.0000000e+00
   5.8000000e+02   3.6600000e+00  -1.5970000e+01   0.0000000e+00   3.0000000e+00   0.0000000e+00
   5.8100000e+02   1.5430000e+01  -1.4800000e+00   0.0000000e+00   2.0000000e+00   0.0000000e+00
   5.8200000e+02  -1.8880000e+01  -7.7600000e+00   0.0000000e+00   3.0000000e+00   0.0000000e+00
   5.8300000e+02   2.0490000e+01  -9.5300000e+00   0.0000000e+00   3.0000000e+00   0.0000000e+00
   5.8400000e+02   2.4740000e+01   2.2140000e+01   0.0000000e+00   1.0000000e+00   0.0000000e+00
   5.8500000e+02  -8.2300000e+00   2.0730000e+01   0.0000000e+00   2.0000000e+00   0.0000000e+00
   5.8600000e+02  -2.8500000e+00  -2.9830000e+01   0.0000000e+00   0.0000000e+00   0.0000000e+00
   5.8700000e+02  -1.8300000e+01  -5.1000000e-01   0.0000000e+00   2.0000000e+00   0.0000000e+00
   5.8800000e+02   1.1330000e+01  -2.0850000e+01   0.0000000e+00   3.0000000e+00   0.0000000e+00
   5.8900000e+02  -2.2350000e+01   2.5660000e+01   0.0000000e+00   0.0000000e+00   0.0000000e+00
   5.9000000e+02   2.5830000e+01  -2.4100000e+00   0.0000000e+00   1.0000000e+00   0.0000000e+00
   5.9100000e+02   1.2970000e+01   1.1590000e+01   0.0000000e+00   3.0000000e+00   0.0000000e+00
   5.9200000e+02  -3.4900000e+00   7.0300000e+00   0.0000000e+00   3.0000000e+00   0.0000000e+00
   5.9300000e+02   1.3030000e+01   1.3650000e+01   0.0000000e+00   3.0000000e+00   0.0000000e+00
   5.9400000e+02   1.1050000e+01   8.5100000e+00   0.0000000e+00   2.0000000e+00   0.0000000e+00
   5.9500000e+02   1.0980000e+01  -9.9000000e+00   0.0000000e+00   3.0000000e+00   0.0000000e+00
   5.9600000e+02  -2.7570000e+01  -1.0300000e+00   0.0000000e+00   2.0000000e+00   0.0000000e+00
   5.9700000e+02   1.5240000e+01  -1.5970000e+01   0.0000000e+00   3.0000000e+00   0.0000000e+00
   5.9800000e+02  -1.3390000e+01   3.0380000e+01   0.0000000e+00   1.0000000e+00   0.0000000e+00
   5.9900000e+02  -7.8000000e-01  -2.2650000e+01   0.0000000e+00   2.0000000e+00   0.0000000e+00
   6.0000000e+02   1.3580000e+01  -6.6900000e+00   0.0000000e+00   3.0000000e+00   0.0000000e+00
   6.0100000e+02   1.3240000e+01   1.9850000e+01   0.0000000e+00   3.0000000e+00   0.0000000e+00
   6.0200000e+02  -3.0160000e+01  -8.1500000e+00   0.0000000e+00   0.0000000e+00   0.0000000e+00
   6.0300000e+02   6.2700000e+00   2.4310000e+01   0.0000000e+00   3.0000000e+00   0.0000000e+00
   6.0400000e+02   2.6140000e+01   3.5600000e+00   0.0000000e+00   3.0000000e+00   0.0000000e+00
   6.0500000e+02  -1.6480000e+01   2.9030000e+01   0.0000000e+00   1.0000000e+00   0.0000000e+00
   6.0600000e+02  -2.8070000e+01   1.8650000e+01   0.0000000e+00   0.0000000e+00   0.0000000e+00
   6.0700000e+02   2.4100000e+00   1.8280000e+01   0.0000000e+00   3.0000000e+00   0.0000000e+00
   6.0800000e+02  -1.4830000e+01  -1.1480000e+01   0.0000000e+00   3.0000000e+00   0.0000000e+00
   6.0900000e+02  -6.4200000e+00   2.1710000e+01   0.0000000e+00   3.0000000e+00   0.0000000e+00
   6.1000000e+02  -7.2500000e+00   3.0000000e+00   0.0000000e+00   3.0000000e+00   0.0000000e+00
   6.1100000e+02   1.1890000e+01  -1.7290000e+01   0.0000000e+00   3.0000000e+00   0.0000000e+00
   6.1200000e+02  -1.0760000e+01   8.8000000e-01   0.0000000e+00   2.0000000e+00   0.0000000e+00
   6.1300000e+02   3.7300000e+00   6.7000000e+00   0.0000000e+00   2.0000000e+00   0.0000000e+00
   6.1400000e+02   4.4200000e+00   2.3360000e+01   0.0000000e+00   3.0000000e+00   0.0000000e+00
   6.1500000e+02   2.0930000e+01   2.5000000e-01   0.0000000e+00   1.0000000e+00   0.0000000e+00
   6.1600000e+02   2.3490000e+01   1.1600000e+00   0.0000000e+00   3.0000000e+00   0.0000000e+00
   6.1700000e+02  -9.9000000e+00  -1.6980000e+01   0.0000000e+00   3.0000000e+00   0.0000000e+00
   6.1800000e+02   3.1900000e+00  -1.9560000e+01   0.0000000e+00   0.0000000e+00   0.0000000e+00
   6.1900000e+02  -6.6000000e-01   3.0940000e+01   0.0000000e+00   0.0000000e+00   0.0000000e+00
   6.2000000e+02  -2.2610000e+01   1.9400000e+01   0.0000000e+00   3.0000000e+00   0.0000000e+00
   6.2100000e+02  -2.3690000e+01  -1.2600000e+00   0.0000000e+00   2.0000000e+00   0.0000000e+00
   6.2200000e+02  -3.8000000e-01  -1.1950000e+01   0.0000000e+00   3.0000000e+00   0.0000000e+00
   6.2300000e+02  -1.7180000e+01   2.0150000e+01   0.0000000e+00   3.0000000e+00   0.0000000e+00
   6.2400000e+02  -2.3540000e+01  -2.1970000e+01   0.0000000e+00   0.0000000e+00   0.0000000e+00
   6.2500000e+02  -5.9700000e+00  -2.4350000e+01   0.0000000e+00   3.0000000e+00   0.0000000e+00
   6.2600000e+02  -1.0090000e+01  -2.4220000e+01   0.0000000e+00   3.0000000e+00   0.0000000e+00
   6.2700000e+02  -3.2170000e+01  -4.4600000e+00   0.0000000e+00   1.0000000e+00   0.0000000e+00
   6.2800000e+02  -2.6780000e+01   9.2500000e+00   0.0000000e+00   3.0000000e+00   0.0000000e+00
   6.2900000e+02  -1.4700000e+00   1.2130000e+01   0.0000000e+00   3.0000000e+00   0.0000000e+00
   6.3000000e+02  -1.1770000e+01   2.0940000e+01   0.0000000e+00   2.0000000e+00   0.0000000e+00
   6.3100000e+02   2.2690000e+01   2.1530000e+01   0.0000000e+00   0.0000000e+00   0.0000000e+00
   6.3200000e+02   5.0000000e-02   4.7500000e+00   0.0000000e+00   2.0000000e+00   0.0000000e+00
   6.3300000e+02  -1.4560000e+01   1.3400000e+00   0.0000000e+00   3.0000000e+00   0.0000000e+00
   6.3400000e+02   1.4730000e+01   1.0490000e+01   0.0000000e+00   3.0000000e+00   0.0000000e+00
   6.3500000e+02  -3.2100000e+00  -6.3200000e+00   0.0000000e+00   3.0000000e+00   0.0000000e+00
   6.3600000e+02  -2.6540000e+01   1.3370000e+01   0.0000000e+00   3.0000000e+00   0.0000000e+00
   6.3700000e+02  -8.7300000e+00   1.0360000e+01   0.0000000e+00   3.0000000e+00   0.0000000e+00
   6.3800000e+02   1.5970000e+01  -1.7930000e+01   0.0000000e+00   3.0000000e+00   0.0000000e+00
   6.3900000e+02  -2.4400000e+01  -1.6550000e+01   0.0000000e+00   3.0000000e+00   0.0000000e+00
   6.4000000e+02  -1.7050000e+01  -1.5000000e+01   0.0000000e+00   3.0000000e+00   0.0000000e+00
   6.4100000e+02  -1.5130000e+01   2.7370000e+01   0.0000000e+00   0.0000000e+00   0.0000000e+00
   6.4200000e+02   2.4900000e+00  -1.4300000e+00   0.0000000e+00   3.0000000e+00   0.0000000e+00
   6.4300000e+02  -1.2500000e+00   1.6290000e+01   0.0000000e+00   3.0000000e+00   0.0000000e+00
   6.4400000e+02   2.5900000e+01   1.4540000e+01   0.0000000e+00   3.0000000e+00   0.0000000e+00
   6.4500000e+02   1.0310000e+01   4.2500000e+00   0.0000000e+00   2.0000000e+00   0.0000000e+00
   6.4600000e+02  -3.1260000e+01  -1.0020000e+01   0.0000000e+00   0.0000000e+00   0.0000000e+00
   6.4700000e+02   1.8850000e+01   2.2640000e+01   0.0000000e+00   2.0000000e+00   0.0000000e+00
   6.4800000e+02   9.4700000e+00  -2.5970000e+01   0.0000000e+00   3.0000000e+00   0.0000000e+00
   6.4900000e+02   1.9900000e+01   7.7200000e+00   0.0000000e+00   3.0000000e+00   0.0000000e+00
   6.5000000e+02  -2.5260000e+01  -1.1160000e+01   0.0000000e+00   3.0000000e+00   0.0000000e+00
   6.5100000e+02   2.9000000e-01   1.1040000e+01   0.0000000e+00   3.0000000e+00   0.0000000e+00
   6.5200000e+02   9.8200000e+00   2.4200000e+01   0.0000000e+00   3.0000000e+00   0.0000000e+00
   6.5300000e+02   1.7210000e+01   2.7990000e+01   0.0000000e+00   1.0000000e+00   0.0000000e+00
   6.5400000e+02   1.4510000e+01  -1.4050000e+01   0.0000000e+00   3.0000000e+00   0.0000000e+00
   6.5500000e+02  -7.9700000e+00   2.7080000e+01   0.0000000e+00   3.0000000e+00   0.0000000e+00
   6.5600000e+02   4.3400000e+00   2.1270000e+01   0.0000000e+00   3.0000000e+00   0.0000000e+00
   6.5700000e+02   4.8000000e-01  -3.1550000e+01   0.0000000e+00   2.0000000e+00   0.0000000e+00
   6.5800000e+02   4.4400000e+00  -2.7290000e+01   0.0000000e+00   2.0000000e+00   0.0000000e+00
   6.5900000e+02   9.9500000e+00   2.8380000e+01   0.0000000e+00   3.0000000e+00   0.0000000e+00
   6.6000000e+02   1.6620000e+01   1.1500000e+01   0.0000000e+00   2.0000000e+00   0.0000000e+00
   6.6100000e+02  -3.6900000e+00   2.8700000e+00   0.0000000e+00   2.0000000e+00   0.0000000e+00
   6.6200000e+02   1.1240000e+01   1.4730000e+01   0.0000000e+00   3.0000000e+00   0.0000000e+00
   6.6300000e+02   1.4700000e+01  -1.9540000e+01   0.0000000e+00   3.0000000e+00   0.0000000e+00
   6.6400000e+02  -1.9980000e+01  -9.5300000e+00   0.0000000e+00   3.0000000e+00   0.0000000e+00
   6.6500000e+02  -6.5600000e+00   1.7580000e+01   0.0000000e+00   3.0000000e+00   0.0000000e+00
   6.6600000e+02  -8.6000000e-01   2.6720000e+01   0.0000000e+00   3.0000000e+00   0.0000000e+00
   6.6700000e+02  -2.1640000e+01   3.8300000e+00   0.0000000e+00   3.0000000e+00   0.0000000e+00
   6.6800000e+02  -1.7570000e+01   1.1880000e+01   0.0000000e+00   3.0000000e+00   0.0000000e+00
   6.6900000e+02   1.9740000e+01  -7.6000000e+00   0.0000000e+00   3.0000000e+00   0.0000000e+00
   6.7000000e+02  -7.1700000e+00  -2.4700000e+00   0.0000000e+00   2.0000000e+00   0.0000000e+00
   6.7100000e+02  -9.7500000e+00  -1.3390000e+01   0.0000000e+00   3.0000000e+00   0.0000000e+00
   6.7200000e+02   5.8000000e-01   1.7290000e+01   0.0000000e+00   3.0000000e+00   0.0000000e+00
   6.7300000e+02   2.6470000e+01   1.6550000e+01   0.0000000e+00   0.0000000e+00   0.0000000e+00
   6.7400000e+02   1.2520000e+01   3.9800000e+00   0.0000000e+00   3.0000000e+00   0.0000000e+00
   6.7500000e+02  -3.3200000e+00   1.1190000e+01   0.0000000e+00   3.0000000e+00   0.0000000e+00
   6.7600000e+02   2.8150000e+01  -1.4430000e+01   0.0000000e+00   0.0000000e+00   0.0000000e+00
   6.7700000e+02  -2.2810000e+01   1.5260000e+01   0.0000000e+00   3.0000000e+00   0.0000000e+00
   6.7800000e+02   4.5600000e+00  -9.0200000e+00   0.0000000e+00   2.0000000e+00   0.0000000e+00
   6.7900000e+02  -1.9860000e+01  -5.9500000e+00   0.0000000e+00   3.0000000e+00   0.0000000e+00
   6.8000000e+02   1.8600000e+00   2.6900000e+00   0.0000000e+00   2.0000000e+00   0.0000000e+00
   6.8100000e+02  -1.3920000e+01   1.3770000e+01   0.0000000e+00   3.0000000e+00   0.0000000e+00
   6.8200000e+02  -1.1660000e+01  -9.7400000e+00   0.0000000e+00   3.0000000e+00   0.0000000e+00
   6.8300000e+02  -2.5830000e+01  -4.8000000e+00   0.0000000e+00   2.0000000e+00   0.0000000e+00
   6.8400000e+02   1.4820000e+01   1.2570000e+01   0.0000000e+00   3.0000000e+00   0.0000000e+00
   6.8500000e+02  -1.1520000e+01   2.7190000e+01   0.0000000e+00   3.0000000e+00   0.0000000e+00
   6.8600000e+02   1.9600000e+00   7.8500000e+00   0.0000000e+00   3.0000000e+00   0.0000000e+00
   6.8700000e+02  -1.0860000e+01  -1.5160000e+01   0.0000000e+00   3.0000000e+00   0.0000000e+00
   6.8800000e+02   8.0600000e+00   2.5280000e+01   0.0000000e+00   3.0000000e+00   0.0000000e+00
   6.8900000e+02   7.0300000e+00  -1.4680000e+01   0.0000000e+00   3.0000000e+00   0.0000000e+00
   6.9000000e+02   2.1900000e+00  -4.9400000e+00   0.0000000e+00   3.0000000e+00   0.0000000e+00
   6.9100000e+02   2.5800000e+00   2.2410000e+01   0.0000000e+00   3.0000000e+00   0.0000000e+00
   6.9200000e+02  -8.6200000e+00   1.2470000e+01   0.0000000e+00   3.0000000e+00   0.0000000e+00
   6.9300000e+02   1.7130000e+01   2.3820000e+01   0.0000000e+00   3.0000000e+00   0.0000000e+00
   6.9400000e+02  -4.9100000e+00  -2.2550000e+01   0.0000000e+00   3.0000000e+00   0.0000000e+00
   6.9500000e+02  -1.5250000e+01  -2.2230000e+01   0.0000000e+00   3.0000000e+00   0.0000000e+00
   6.9600000e+02   2.4700000e+00  -2.7920000e+01   0.0000000e+00   2.0000000e+00   0.0000000e+00
   6.9700000e+02   5.2300000e+00   3.7900000e+00   0.0000000e+00   2.0000000e+00   0.0000000e+00
   6.9800000e+02   1.3950000e+01  -1.7600000e+01   0.0000000e+00   3.0000000e+00   0.0000000e+00
   6.9900000e+02   1.7020000e+01  -2.5420000e+01   0.0000000e+00   0.0000000e+00   0.0000000e+00
   7.0000000e+02  -7.9700000e+00  -2.0690000e+01   0.0000000e+00   3.0000000e+00   0.0000000e+00
   7.0100000e+02   1.9550000e+01  -2.2140000e+01   0.0000000e+00   3.0000000e+00   0.0000000e+00
   7.0200000e+02  -1.7710000e+01   9.8200000e+00   0.0000000e+00   3.0000000e+00   0.0000000e+00
   7.0300000e+02  -1.3250000e+01  -2.5930000e+01   0.0000000e+00   3.0000000e+00   0.0000000e+00
   7.0400000e+02  -1.8940000e+01   2.1290000e+01   0.0000000e+00   3.0000000e+00   0.0000000e+00
   7.0500000e+02   1.6720000e+01   1.7000000e-01   0.0000000e+00   2.0000000e+00   0.0000000e+00
   7.0600000e+02   9.9500000e+00   6.8000000e-01   0.0000000e+00   3.0000000e+00   0.0000000e+00
   7.0700000e+02  -1.5970000e+01   8.6600000e+00   0.0000000e+00   3.0000000e+00   0.0000000e+00
   7.0800000e+02   9.4300000e+00   1.3760000e+01   0.0000000e+00   3.0000000e+00   0.0000000e+00
   7.0900000e+02  -2.6280000e+01   1.7500000e+01   0.0000000e+00   3.0000000e+00   0.0000000e+00
   7.1000000e+02   7.6500000e+00   1.4910000e+01   0.0000000e+00   3.0000000e+00   0.0000000e+00
   7.1100000e+02   1.7690000e+01  -7.2700000e+00   0.0000000e+00   3.0000000e+00   0.0000000e+00
   7.1200000e+02   1.5650000e+01  -2.7000000e+01   0.0000000e+00   0.0000000e+00   0.0000000e+00
   7.1300000e+02   3.3900000e+00  -3.2800000e+00   0.0000000e+00   3.0000000e+00   0.0000000e+00
   7.1400000e+02   2.2060000e+01   2.6700000e+00   0.0000000e+00   3.0000000e+00   0.0000000e+00
   7.1500000e+02   7.8100000e+00  -2.9650000e+01   0.0000000e+00   0.0000000e+00   0.0000000e+00
   7.1600000e+02  -5.2900000e+00  -6.1600000e+00   0.0000000e+00   3.0000000e+00   0.0000000e+00
   7.1700000e+02   1.4120000e+01   1.5000000e-01   0.0000000e+00   2.0000000e+00   0.0000000e+00
   7.1800000e+02  -3.0900000e+00   1.5350000e+01   0.0000000e+00   3.0000000e+00   0.0000000e+00
   7.1900000e+02   1.2010000e+01   4.5000000e-01   0.0000000e+00   3.0000000e+00   0.0000000e+00
   7.2000000e+02  -9.0800000e+00   2.0700000e+00   0.0000000e+00   2.0000000e+00   0.0000000e+00
   7.2100000e+02   3.7500000e+00   2.1000000e-01   0.0000000e+00   2.0000000e+00   0.0000000e+00
   7.2200000e+02   2.7190000e+01  -6.9600000e+00   0.0000000e+00   3.0000000e+00   0.0000000e+00
   7.2300000e+02   2.0680000e+01  -1.5040000e+01   0.0000000e+00   3.0000000e+00   0.0000000e+00
   7.2400000e+02   4.2000000e-01  -2.4330000e+01   0.0000000e+00   2.0000000e+00   0.0000000e+00
   7.2500000e+02  -2.0870000e+01  -4.1500000e+00   0.0000000e+00   3.0000000e+00   0.0000000e+00
   7.2600000e+02   1.9310000e+01   5.7500000e+00   0.0000000e+00   3.0000000e+00   0.0000000e+00
   7.2700000e+02  -8.7900000e+00  -1.5220000e+01   0.0000000e+00   3.0000000e+00   0.0000000e+00
   7.2800000e+02  -2.3190000e+01  -1.1220000e+01   0.0000000e+00   3.0000000e+00   0.0000000e+00
   7.2900000e+02  -1.8030000e+01  -1.3190000e+01   0.0000000e+00   3.0000000e+00   0.0000000e+00
   7.3000000e+02   1.4700000e+00  -2.9730000e+01   0.0000000e+00   2.0000000e+00   0.0000000e+00
   7.3100000e+02   1.7650000e+01   7.4500000e+00   0.0000000e+00   2.0000000e+00   0.0000000e+00
   7.3200000e+02  -9.1400000e+00  -2.9690000e+01   0.0000000e+00   3.0000000e+00   0.0000000e+00
   7.3300000e+02   1.3050000e+01   1.5720000e+01   0.0000000e+00   3.0000000e+00   0.0000000e+00
   7.3400000e+02  -3.0260000e+01   1.1470000e+01   0.0000000e+00   3.0000000e+00   0.0000000e+00
   7.3500000e+02   2.0590000e+01   9.6900000e+00   0.0000000e+00   2.0000000e+00   0.0000000e+00
   7.3600000e+02  -2.4590000e+01  -2.0180000e+01   0.0000000e+00   0.0000000e+00   0.0000000e+00
   7.3700000e+02  -2.0000000e-01   2.6800000e+00   0.0000000e+00   2.0000000e+00   0.0000000e+00
   7.3800000e+02  -2.2300000e+00  -8.2300000e+00   0.0000000e+00   3.0000000e+00   0.0000000e+00
   7.3900000e+02  -1.6330000e+01  -2.3980000e+01   0.0000000e+00   3.0000000e+00   0.0000000e+00
   7.4000000e+02   3.4000000e-01  -2.7990000e+01   0.0000000e+00   3.0000000e+00   0.0000000e+00
   7.4100000e+02   7.3900000e+00   8.7200000e+00   0.0000000e+00   2.0000000e+00   0.0000000e+00
   7.4200000e+02   1.8260000e+01  -2.3760000e+01   0.0000000e+00   0.0000000e+00   0.0000000e+00
   7.4300000e+02  -1.8770000e+01  -4.1900000e+00   0.0000000e+00   3.0000000e+00   0.0000000e+00
   7.4400000e+02   7.9100000e+00   2.1130000e+01   0.0000000e+00   3.0000000e+00   0.0000000e+00
   7.4500000e+02  -1.7420000e+01  -2.5760000e+01   0.0000000e+00   0.0000000e+00   0.0000000e+00
   7.4600000e+02  -1.0350000e+01   1.3600000e+01   0.0000000e+00   3.0000000e+00   0.0000000e+00
   7.4700000e+02   1.2500000e+00  -3.0900000e+00   0.0000000e+00   3.0000000e+00   0.0000000e+00
   7.4800000e+02  -3.3700000e+00   9.1200000e+00   0.0000000e+00   3.0000000e+00   0.0000000e+00
   7.4900000e+02  -1.6900000e+01   2.6350000e+01   0.0000000e+00   3.0000000e+00   0.0000000e+00
   7.5000000e+02   9.2800000e+00   9.5900000e+00   0.0000000e+00   2.0000000e+00   0.0000000e+00
   7.5100000e+02   6.3500000e+00  -5.3800000e+00   0.0000000e+00   2.0000000e+00   0.0000000e+00
   7.5200000e+02  -1.0000000e+00   2.2540000e+01   0.0000000e+00   3.0000000e+00   0.0000000e+00
   7.5300000e+02   7.7200000e+00   1.6980000e+01   0.0000000e+00   3.0000000e+00   0.0000000e+00
   7.5400000e+02  -1.9570000e+01   8.9000000e+00   0.0000000e+00   3.0000000e+00   0.0000000e+00
   7.5500000e+02   9.6600000e+00  -1.1480000e+01   0.0000000e+00   3.0000000e+00   0.0000000e+00
   7.5600000e+02   1.9530000e+01  -2.0700000e+00   0.0000000e+00   3.0000000e+00   0.0000000e+00
   7.5700000e+02   2.9330000e+01   1.3500000e+01   0.0000000e+00   0.0000000e+00   0.0000000e+00
   7.5800000e+02  -3.7100000e+00  -1.7180000e+01   0.0000000e+00   3.0000000e+00   0.0000000e+00
   7.5900000e+02  -1.4220000e+01   7.5300000e+00   0.0000000e+00   3.0000000e+00   0.0000000e+00
   7.6000000e+02  -1.7000000e+01   2.4280000e+01   0.0000000e+00   3.0000000e+00   0.0000000e+00
   7.6100000e+02   1.4960000e+01  -2.5060000e+01   0.0000000e+00   3.0000000e+00   0.0000000e+00
   7.6200000e+02   1.6570000e+01  -1.4350000e+01   0.0000000e+00   3.0000000e+00   0.0000000e+00
   7.6300000e+02  -1.4440000e+01   3.4000000e+00   0.0000000e+00   3.0000000e+00   0.0000000e+00
   7.6400000e+02  -5.4500000e+00  -9.8200000e+00   0.0000000e+00   3.0000000e+00   0.0000000e+00
   7.6500000e+02   4.5600000e+00  -2.3470000e+01   0.0000000e+00   2.0000000e+00   0.0000000e+00
   7.6600000e+02   1.9380000e+01   1.8640000e+01   0.0000000e+00   2.0000000e+00   0.0000000e+00
   7.6700000e+02   1.3140000e+01   1.7800000e+01   0.0000000e+00   3.0000000e+00   0.0000000e+00
   7.6800000e+02   1.0090000e+01   3.0490000e+01   0.0000000e+00   0.0000000e+00   0.0000000e+00
   7.6900000e+02   1.6390000e+01  -8.9000000e+00   0.0000000e+00   3.0000000e+00   0.0000000e+00
   7.7000000e+02  -1.1100000e+00  -6.4800000e+00   0.0000000e+00   3.0000000e+00   0.0000000e+00
   7.7100000e+02   1.1130000e+01  -1.5330000e+01   0.0000000e+00   3.0000000e+00   0.0000000e+00
   7.7200000e+02  -1.3000000e-01  -8.3800000e+00   0.0000000e+00   3.0000000e+00   0.0000000e+00
   7.7300000e+02  -2.2500000e+01   2.1450000e+01   0.0000000e+00   3.0000000e+00   0.0000000e+00
   7.7400000e+02   3.0970000e+01   8.6000000e-01   0.0000000e+00   0.0000000e+00   0.0000000e+00
   7.7500000e+02  -1.1670000e+01   2.3020000e+01   0.0000000e+00   3.0000000e+00   0.0000000e+00
   7.7600000e+02   9.6400000e+00   2.0000000e+01   0.0000000e+00   3.0000000e+00   0.0000000e+00
   7.7700000e+02  -1.9030000e+01   1.9220000e+01   0.0000000e+00   3.0000000e+00   0.0000000e+00
   7.7800000e+02   2.6070000e+01  -1.4030000e+01   0.0000000e+00   3.0000000e+00   0.0000000e+00
   7.7900000e+02   1.9800000e+01   1.3120000e+01   0.0000000e+00   2.0000000e+00   0.0000000e+00
   7.8000000e+02  -1.4010000e+01   1.1700000e+01   0.0000000e+00   3.0000000e+00   0.0000000e+00
   7.8100000e+02  -2.1190000e+01  -1.4870000e+01   0.0000000e+00   3.0000000e+00   0.0000000e+00
   7.8200000e+02   8.2600000e+00   4.6400000e+00   0.0000000e+00   2.0000000e+00   0.0000000e+00
   7.8300000e+02  -8.3900000e+00   1.6610000e+01   0.0000000e+00   3.0000000e+00   0.0000000e+00
   7.8400000e+02  -5.0500000e+00   1.2300000e+01   0.0000000e+00   3.0000000e+00   0.0000000e+00
   7.8500000e+02   1.0900000e+00   2.9800000e+01   0.0000000e+00   0.0000000e+00   0.0000000e+00
   7.8600000e+02  -2.3200000e+01   9.0700000e+00   0.0000000e+00   3.0000000e+00   0.0000000e+00
   7.8700000e+02  -6.6600000e+00   1.5500000e+01   0.0000000e+00   3.0000000e+00   0.0000000e+00
   7.8800000e+02   1.6300000e+00   5.1000000e-01   0.0000000e+00   2.0000000e+00   0.0000000e+00
   7.8900000e+02  -2.8030000e+01   2.0720000e+01   0.0000000e+00   1.0000000e+00   0.0000000e+00
   7.9000000e+02  -1.7500000e+01   1.3950000e+01   0.0000000e+00   3.0000000e+00   0.0000000e+00
   7.9100000e+02  -1.4340000e+01  -2.7680000e+01   0.0000000e+00   0.0000000e+00   0.0000000e+00
   7.9200000e+02  -9.4000000e-01   2.4630000e+01   0.0000000e+00   3.0000000e+00   0.0000000e+00
   7.9300000e+02   5.7400000e+00   1.1870000e+01   0.0000000e+00   3.0000000e+00   0.0000000e+00
   7.9400000e+02  -8.4900000e+00   1.4540000e+01   0.0000000e+00   3.0000000e+00   0.0000000e+00
   7.9500000e+02  -2.1090000e+01   1.4130000e+01   0.0000000e+00   3.0000000e+00   0.0000000e+00
   7.9600000e+02   2.0320000e+01  -2.4140000e+01   0.0000000e+00   0.0000000e+00   0.0000000e+00
   7.9700000e+02  -5.9100000e+00  -2.0740000e+01   0.0000000e+00   3.0000000e+00   0.0000000e+00
   7.9800000e+02   1.0770000e+01  -2.4360000e+01   0.0000000e+00   3.0000000e+00   0.0000000e+00
   7.9900000e+02   2.0240000e+01  -4.0400000e+00   0.0000000e+00   3.0000000e+00   0.0000000e+00
   8.0000000e+02   1.6650000e+01   1.5680000e+01   0.0000000e+00   2.0000000e+00   0.0000000e+00
   8.0100000e+02  -2.8880000e+01  -2.7200000e+00   0.0000000e+00   2.0000000e+00   0.0000000e+00
   8.0200000e+02   1.0020000e+01  -2.2440000e+01   0.0000000e+00   3.0000000e+00   0.0000000e+00
   8.0300000e+02  -2.0430000e+01   2.6600000e+01   0.0000000e+00   0.0000000e+00   0.0000000e+00
   8.0400000e+02  -2.7600000e+00  -1.9030000e+01   0.0000000e+00   3.0000000e+00   0.0000000e+00
   8.0500000e+02  -2.6420000e+01   1.5430000e+01   0.0000000e+00   3.0000000e+00   0.0000000e+00
   8.0600000e+02   1.4850000e+01   1.4630000e+01   0.0000000e+00   3.0000000e+00   0.0000000e+00
   8.0700000e+02   1.6150000e+01  -3.4300000e+00   0.0000000e+00   3.0000000e+00   0.0000000e+00
   8.0800000e+02  -1.7400000e+01   1.6000000e+01   0.0000000e+00   3.0000000e+00   0.0000000e+00
   8.0900000e+02   1.7120000e+01  -1.0830000e+01   0.0000000e+00   3.0000000e+00   0.0000000e+00
   8.1000000e+02  -6.0600000e+00  -7.2000000e-01   0.0000000e+00   2.0000000e+00   0.0000000e+00
   8.1100000e+02  -1.1140000e+01  -2.2370000e+01   0.0000000e+00   3.0000000e+00   0.0000000e+00
   8.1200000e+02   1.0100000e+00  -6.6300000e+00   0.0000000e+00   3.0000000e+00   0.0000000e+00
   8.1300000e+02  -3.1340000e+01  -7.6000000e-01   0.0000000e+00   1.0000000e+00   0.0000000e+00
   8.1400000e+02   4.7200000e+00   3.1770000e+01   0.0000000e+00   1.0000000e+00   0.0000000e+00
   8.1500000e+02  -1.7290000e+01   1.8100000e+01   0.0000000e+00   3.0000000e+00   0.0000000e+00
   8.1600000e+02   1.3500000e+01   2.6090000e+01   0.0000000e+00   3.0000000e+00   0.0000000e+00
   8.1700000e+02   2.9510000e+01  -1.2780000e+01   0.0000000e+00   1.0000000e+00   0.0000000e+00
   8.1800000e+02  -2.8860000e+01   4.1600000e+00   0.0000000e+00   3.0000000e+00   0.0000000e+00
   8.1900000e+02   1.3500000e+00  -2.6200000e+01   0.0000000e+00   2.0000000e+00   0.0000000e+00
   8.2000000e+02   4.0000000e-01  -1.7390000e+01   0.0000000e+00   3.0000000e+00   0.0000000e+00
   8.2100000e+02   1.2820000e+01  -4.7500000e+00   0.0000000e+00   2.0000000e+00   0.0000000e+00
   8.2200000e+02  -2.3270000e+01   7.0000000e+00   0.0000000e+00   3.0000000e+00   0.0000000e+00
   8.2300000e+02  -1.9380000e+01  -2.2090000e+01   0.0000000e+00   3.0000000e+00   0.0000000e+00
   8.2400000e+02   1.2640000e+01  -1.9210000e+01   0.0000000e+00   3.0000000e+00   0.0000000e+00
   8.2500000e+02  -1.6380000e+01   3.3000000e-01   0.0000000e+00   2.0000000e+00   0.0000000e+00
   8.2600000e+02   2.3530000e+01   1.9650000e+01   0.0000000e+00   2.0000000e+00   0.0000000e+00
   8.2700000e+02   1.3600000e+01  -2.6630000e+01   0.0000000e+00   3.0000000e+00   0.0000000e+00
   8.2800000e+02   4.9000000e-01   1.5180000e+01   0.0000000e+00   3.0000000e+00   0.0000000e+00
   8.2900000e+02   2.8300000e+00   2.8650000e+01   0.0000000e+00   3.0000000e+00   0.0000000e+00
   8.3000000e+02   3.8300000e+00  -1.2250000e+01   0.0000000e+00   2.0000000e+00   0.0000000e+00
   8.3100000e+02   2.7980000e+01  -8.8700000e+00   0.0000000e+00   3.0000000e+00   0.0000000e+00
   8.3200000e+02  -3.9800000e+00  -3.7000000e-01   0.0000000e+00   2.0000000e+00   0.0000000e+00
   8.3300000e+02   2.7100000e+00   2.6560000e+01   0.0000000e+00   3.0000000e+00   0.0000000e+00
   8.3400000e+02   2.4760000e+01   5.0800000e+00   0.0000000e+00   3.0000000e+00   0.0000000e+00
   8.3500000e+02   1.8560000e+01   9.2900000e+00   0.0000000e+00   2.0000000e+00   0.0000000e+00
   8.3600000e+02  -2.0100000e+00  -4.6200000e+00   0.0000000e+00   3.0000000e+00   0.0000000e+00
   8.3700000e+02  -2.8090000e+01  -8.3000000e+00   0.0000000e+00   2.0000000e+00   0.0000000e+00
   8.3800000e+02  -6.7200000e+00  -1.5270000e+01   0.0000000e+00   3.0000000e+00   0.0000000e+00
   8.3900000e+02  -1.0130000e+01   1.7740000e+01   0.0000000e+00   2.0000000e+00   0.0000000e+00
   8.4000000e+02   7.8200000e+00   1.9040000e+01   0.0000000e+00   3.0000000e+00   0.0000000e+00
   8.4100000e+02   3.3900000e+00  -2.1720000e+01   0.0000000e+00   2.0000000e+00   0.0000000e+00
   8.4200000e+02  -1.2510000e+01   6.4000000e+00   0.0000000e+00   3.0000000e+00   0.0000000e+00
   8.4300000e+02  -1.8120000e+01   1.5400000e+00   0.0000000e+00   3.0000000e+00   0.0000000e+00
   8.4400000e+02  -6.1800000e+00  -4.2900000e+00   0.0000000e+00   3.0000000e+00   0.0000000e+00
   8.4500000e+02  -2.0860000e+01   1.8270000e+01   0.0000000e+00   3.0000000e+00   0.0000000e+00
   8.4600000e+02  -2.3610000e+01   8.3000000e-01   0.0000000e+00   3.0000000e+00   0.0000000e+00
   8.4700000e+02  -1.5260000e+01   2.3170000e+01   0.0000000e+00   3.0000000e+00   0.0000000e+00
   8.4800000e+02   1.5370000e+01   2.7010000e+01   0.0000000e+00   0.0000000e+00   0.0000000e+00
   8.4900000e+02  -3.1150000e+01  -6.3400000e+00   0.0000000e+00   0.0000000e+00   0.0000000e+00
   8.5000000e+02   7.4200000e+00  -2.5690000e+01   0.0000000e+00   2.0000000e+00   0.0000000e+00
   8.5100000e+02  -5.3400000e+00   6.0900000e+00   0.0000000e+00   3.0000000e+00   0.0000000e+00
   8.5200000e+02   2.1990000e+01   8.1700000e+00   0.0000000e+00   3.0000000e+00   0.0000000e+00
   8.5300000e+02  -1.9140000e+01   1.7130000e+01   0.0000000e+00   3.0000000e+00   0.0000000e+00
   8.5400000e+02  -2.9900000e+00   1.7420000e+01   0.0000000e+00   3.0000000e+00   0.0000000e+00
   8.5500000e+02   1.1400000e+01   1.8900000e+01   0.0000000e+00   3.0000000e+00   0.0000000e+00
   8.5600000e+02  -1.8730000e+01   2.5420000e+01   0.0000000e+00   3.0000000e+00   0.0000000e+00
   8.5700000e+02   1.9000000e-01   8.9700000e+00   0.0000000e+00   3.0000000e+00   0.0000000e+00
   8.5800000e+02  -9.2800000e+00  -2.4000000e+00   0.0000000e+00   2.0000000e+00   0.0000000e+00
   8.5900000e+02  -7.8400000e+00  -1.7050000e+01   0.0000000e+00   3.0000000e+00   0.0000000e+00
   8.6000000e+02  -1.8610000e+01   2.7560000e+01   0.0000000e+00   0.0000000e+00   0.0000000e+00
   8.6100000e+02   1.3370000e+01  -2.1150000e+01   0.0000000e+00   3.0000000e+00   0.0000000e+00
   8.6200000e+02   2.7280000e+01   1.3020000e+01   0.0000000e+00   3.0000000e+00   0.0000000e+00
   8.6300000e+02   3.3010000e+01   1.2600000e+00   0.0000000e+00   1.0000000e+00   0.0000000e+00
   8.6400000e+02   1.8690000e+01   3.7700000e+00   0.0000000e+00   3.0000000e+00   0.0000000e+00
   8.6500000e+02  -1.5610000e+01  -2.5200000e+00   0.0000000e+00   2.0000000e+00   0.0000000e+00
   8.6600000e+02  -2.6230000e+01   1.9590000e+01   0.0000000e+00   0.0000000e+00   0.0000000e+00
   8.6700000e+02  -8.3000000e+00   1.8690000e+01   0.0000000e+00   2.0000000e+00   0.0000000e+00
   8.6800000e+02  -4.6000000e+00   2.2680000e+01   0.0000000e+00   2.0000000e+00   0.0000000e+00
   8.6900000e+02   2.0700000e+01   4.2200000e+00   0.0000000e+00   3.0000000e+00   0.0000000e+00
   8.7000000e+02  -2.6960000e+01  -6.5500000e+00   0.0000000e+00   2.0000000e+00   0.0000000e+00
   8.7100000e+02   1.9890000e+01  -1.3120000e+01   0.0000000e+00   3.0000000e+00   0.0000000e+00
   8.7200000e+02  -1.4900000e+00  -1.3680000e+01   0.0000000e+00   3.0000000e+00   0.0000000e+00
   8.7300000e+02  -3.9400000e+00  -2.8060000e+01   0.0000000e+00   3.0000000e+00   0.0000000e+00
   8.7400000e+02   2.4650000e+01   1.0580000e+01   0.0000000e+00   3.0000000e+00   0.0000000e+00
   8.7500000e+02   9.1200000e+00   2.5700000e+00   0.0000000e+00   3.0000000e+00   0.0000000e+00
   8.7600000e+02   6.6500000e+00  -9.2700000e+00   0.0000000e+00   2.0000000e+00   0.0000000e+00
   8.7700000e+02   5.1400000e+00  -7.0500000e+00   0.0000000e+00   2.0000000e+00   0.0000000e+00
   8.7800000e+02  -9.1100000e+00  -2.6060000e+01   0.0000000e+00   3.0000000e+00   0.0000000e+00
   8.7900000e+02   1.1880000e+01  -3.0310000e+01   0.0000000e+00   1.0000000e+00   0.0000000e+00
   8.8000000e+02   3.2200000e+00   4.2400000e+00   0.0000000e+00   2.0000000e+00   0.0000000e+00
   8.8100000e+02   1.5440000e+01   2.9080000e+01   0.0000000e+00   0.0000000e+00   0.0000000e+00
   8.8200000e+02   2.1610000e+01  -2.2490000e+01   0.0000000e+00   0.0000000e+00   0.0000000e+00
   8.8300000e+02  -2.5180000e+01  -7.6100000e+00   0.0000000e+00   2.0000000e+00   0.0000000e+00
   8.8400000e+02   1.0270000e+01  -4.7000000e+00   0.0000000e+00   2.0000000e+00   0.0000000e+00
   8.8500000e+02  -1.8290000e+01  -2.0340000e+01   0.0000000e+00   3.0000000e+00   0.0000000e+00
   8.8600000e+02  -2.8460000e+01  -1.2880000e+01   0.0000000e+00   0.0000000e+00   0.0000000e+00
   8.8700000e+02   2.1060000e+01   2.3100000e+01   0.0000000e+00   0.0000000e+00   0.0000000e+00
   8.8800000e+02   6.5100000e+00  -6.4000000e-01   0.0000000e+00   2.0000000e+00   0.0000000e+00
   8.8900000e+02  -8.8200000e+00   8.3000000e+00   0.0000000e+00   3.0000000e+00   0.0000000e+00
   8.9000000e+02   1.3680000e+01   3.0220000e+01   0.0000000e+00   1.0000000e+00   0.0000000e+00
   8.9100000e+02   2.0870000e+01  -2.0530000e+01   0.0000000e+00   3.0000000e+00   0.0000000e+00
   8.9200000e+02  -1.7320000e+01  -2.2180000e+01   0.0000000e+00   3.0000000e+00   0.0000000e+00
   8.9300000e+02   7.4400000e+00  -3.1700000e+01   0.0000000e+00   1.0000000e+00   0.0000000e+00
   8.9400000e+02   6.5200000e+00  -1.8260000e+01   0.0000000e+00   3.0000000e+00   0.0000000e+00
   8.9500000e+02   3.2260000e+01   4.8600000e+00   0.0000000e+00   1.0000000e+00   0.0000000e+00
   8.9600000e+02  -2.9960000e+01  -4.5900000e+00   0.0000000e+00   0.0000000e+00   0.0000000e+00
   8.9700000e+02   4.3000000e+00  -5.1400000e+00   0.0000000e+00   3.0000000e+00   0.0000000e+00
   8.9800000e+02  -2.8680000e+01   8.2700000e+00   0.0000000e+00   3.0000000e+00   0.0000000e+00
   8.9900000e+02   2.1210000e+01  -1.1460000e+01   0.0000000e+00   3.0000000e+00   0.0000000e+00
